0 2.62 0.89 0.00
1 1.77 0.30 0.00
2 2.67 0.30 0.00
3 2.22 2.36 0.00
4 2.34 0.30 0.00
5 6.85 3.53 0.00
6 4.82 2.98 0.00
7 2.31 0.30 0.00
8 1.22 0.30 0.00
9 4.95 1.02 0.00
10 2.22 2.80 0.00
11 2.33 2.25 0.00
12 3.42 6.92 0.00
13 89168.02 175.38 0.00
14 5.25 4.00 0.00
15 27.28 7.22 0.00
16 29.67 5.25 0.00
17 1.63 0.30 0.00
18 3.47 121.72 0.00
19 3.77 18.69 0.00
20 1.08 0.30 0.00
21 1.59 2.48 0.00
22 5.55 115.03 0.00
23 2.18 0.43 0.00
24 1.69 0.95 0.00
25 3.94 135.32 0.00
26 5.11 204.67 0.00
27 2.67 9.50 0.00
28 165.55 12.15 0.00
29 297.82 127.48 0.00
30 2.89 0.44 0.00
31 3.13 2.03 0.00
32 1.17 4.30 0.00
33 2.67 2.01 0.00
34 1.68 0.30 0.00
35 1.18 0.44 0.00
36 1.84 2.09 0.00
37 1.70 0.30 0.00
38 0.87 0.44 0.00
39 2.58 0.57 0.00
40 0.77 0.30 0.00
41 1.26 2.10 0.00
42 1.51 4.30 0.00
43 0.88 0.44 0.00
44 1.05 0.30 0.00
45 1.45 0.30 0.00
46 1.48 2.09 0.00
47 1.75 0.30 0.00
48 1.00 2.01 0.00
49 0.60 0.30 0.00
50 1.74 0.30 0.00
51 1.22 2.03 0.00
52 1.06 4.30 0.00
53 1.70 0.00 0.00
54 2.30 0.30 0.00
55 15.61 224.22 0.00
56 8.34 426.01 0.00
57 331.60 2260.87 0.00
58 7.74 3233.55 0.00
59 28.29 17347.23 0.00
60 39.60 32778.46 0.00
61 28.16 28345.46 0.00
62 77.09 34349.77 0.00
63 206.31 14560.83 0.00
64 2.34 66.80 0.00
65 143.72 12.05 0.00
66 1.80 2.22 0.00
67 110.76 11.94 0.00
68 77.30 11.28 0.00
69 0.74 0.50 0.00
70 393.27 22.38 0.00
71 11.43 11.52 0.00
72 111.22 15.49 0.00
73 313.80 18.91 0.00
74 131.75 13.20 0.00
75 150.65 25.18 0.00
76 1.80 2.35 0.00
77 1.87 0.30 0.00
78 1.01 1.87 0.00
79 2.23 0.82 0.00
80 1.61 0.30 0.00
81 1.40 2.09 0.00
82 2.43 5.06 0.00
83 0.55 0.00 0.00
84 1.36 0.30 0.00
85 2.08 0.95 0.00
86 3.23 98.82 0.00
87 146.52 32.90 0.00
88 1.21 0.96 0.00
89 0.93 0.30 0.00
90 1.63 0.30 0.00
91 2.90 2.41 0.00
92 3.42 155.25 0.00
93 2.95 0.14 0.00
94 0.81 2.24 0.00
95 150.29 2.75 0.00
96 3.00 2.09 0.00
97 108.59 104.08 0.00
98 22.75 119.92 0.00
99 3.12 0.30 0.00
100 0.55 0.30 0.00
101 22.49 103.73 0.00
102 1.51 17.27 0.00
103 0.88 0.82 0.00
104 1.04 0.30 0.00
105 3.53 242.64 0.00
106 1.22 2.54 0.00
107 1.33 0.30 0.00
108 1.12 1.87 0.00
109 2.78 133.84 0.00
110 1.99 0.30 0.00
111 0.83 2.03 0.00
112 1.27 4.75 0.00
113 1.56 0.30 0.00
114 1.25 0.30 0.00
115 1.25 0.82 0.00
116 2.06 2.09 0.00
117 0.77 0.30 0.00
118 0.77 0.82 0.00
119 1.59 0.30 0.00
120 0.88 0.00 0.00
121 1.40 2.30 0.00
122 1.53 0.00 0.00
123 1.53 5.81 0.00
124 0.92 0.82 0.00
125 1.33 0.30 0.00
126 1.29 2.16 0.00
127 370.05 4.17 0.00
128 22.74 83.14 0.00
129 0.71 0.00 0.00
130 1.44 0.82 0.00
131 1.05 1.96 0.00
132 2.30 4.50 0.00
133 1.60 0.86 0.00
134 0.60 0.00 0.00
135 145.86 2.73 0.00
136 1.83 1.71 0.00
137 0.55 0.89 0.00
138 3.22 2.00 0.00
139 1.93 0.82 0.00
140 1.07 0.37 0.00
141 116.90 3.60 0.00
142 1.66 0.34 0.00
143 1.29 4.54 0.00
144 3.62 86.94 0.00
145 2.22 15.02 0.00
146 1.62 2.09 0.00
147 2.26 0.30 0.00
148 11.45 9.00 0.00
149 1.25 0.82 0.00
150 1.78 0.30 0.00
151 2.76 2.60 0.00
152 0.95 4.54 0.00
153 1.80 0.06 0.00
154 11.72 10.72 0.00
155 0.66 0.30 0.00
156 2.22 1.96 0.00
157 1.10 0.89 0.00
158 1.00 0.30 0.00
159 2.96 0.30 0.00
160 0.99 0.82 0.00
161 1.74 2.19 0.00
162 3.86 129.00 0.00
163 1.10 0.82 0.00
164 1.89 0.63 0.00
165 1.22 0.00 0.00
166 1.44 2.36 0.00
167 1.77 0.30 0.00
168 66.42 2.52 0.00
169 25.79 9.62 0.00
170 1.55 0.30 0.00
171 2.57 2.22 0.00
172 1.39 5.06 0.00
173 11.91 8.70 0.00
174 2.53 0.30 0.00
175 198.42 3.40 0.00
176 1.56 1.68 0.00
177 1.81 0.33 0.00
178 0.88 0.82 0.00
179 1.38 0.30 0.00
180 1.04 0.37 0.00
181 1.16 2.15 0.00
182 1.52 4.24 0.00
183 0.86 1.70 0.00
184 1.04 0.51 0.00
185 2.11 0.00 0.00
186 2.19 1.73 0.00
187 1.21 0.57 0.00
188 1.11 0.30 0.00
189 1.88 0.30 0.00
190 1.16 0.82 0.00
191 193.20 188.96 0.00
192 2.13 17.33 0.00
193 0.88 0.00 0.00
194 1.26 0.00 0.00
195 1.78 0.00 0.00
196 1.44 1.72 0.00
197 21.86 18.40 0.00
198 1.91 1.87 0.00
199 0.70 0.30 0.00
200 2.31 0.82 0.00
201 1.97 1.88 0.00
202 1.25 4.24 0.00
203 0.55 0.51 0.00
204 1.70 0.00 0.00
205 1.19 0.30 0.00
206 2.69 2.48 0.00
207 2.20 0.43 0.00
208 1.27 0.30 0.00
209 171.50 3.41 0.00
210 1.57 0.63 0.00
211 1.90 2.03 0.00
212 12.27 13.45 0.00
213 2.05 0.06 0.00
214 66.45 2.32 0.00
215 1.96 0.82 0.00
216 2.60 2.03 0.00
217 0.55 0.00 0.00
218 1.71 0.51 0.00
219 1.30 0.30 0.00
220 2.03 97.72 0.00
221 1.89 2.54 0.00
222 0.80 4.37 0.00
223 0.97 0.00 0.00
224 1.80 0.82 0.00
225 1.22 0.30 0.00
226 2.35 1.67 0.00
227 149.35 3.26 0.00
228 11.69 10.57 0.00
229 1.59 0.30 0.00
230 0.88 0.82 0.00
231 11.19 10.36 0.00
232 2.12 4.58 0.00
233 1.31 0.82 0.00
234 1.89 84.99 0.00
235 1.92 13.03 0.00
236 4.17 101.46 0.00
237 1.53 0.00 0.00
238 2.42 0.00 0.00
239 1.23 24.62 0.00
240 1.65 0.00 0.00
241 2.51 1.98 0.00
242 1.17 5.03 0.00
243 1.81 1.87 0.00
244 2.93 0.30 0.00
245 1.17 0.82 0.00
246 1.55 2.03 0.00
247 11.90 8.70 0.00
248 2.81 0.82 0.00
249 1.70 0.30 0.00
250 1.55 0.30 0.00
251 3.12 2.73 0.00
252 1.93 4.24 0.00
253 1.66 0.30 0.00
254 2.73 0.82 0.00
255 4.64 230.36 0.00
256 2.16 1.96 0.00
257 0.94 0.95 0.00
258 1.34 1.87 0.00
259 1.49 0.30 0.00
260 0.82 0.55 0.00
261 12.60 10.36 0.00
262 2.06 4.54 0.00
263 234.64 2.07 0.00
264 1.47 0.43 0.00
265 1.66 0.30 0.00
266 3.05 106.21 0.00
267 2.51 0.00 0.00
268 153.37 2.25 0.00
269 11.68 9.22 0.00
270 1.55 0.30 0.00
271 1.68 1.69 0.00
272 1.02 5.08 0.00
273 1.90 1.87 0.00
274 1.15 0.30 0.00
275 0.99 0.82 0.00
276 12.08 10.36 0.00
277 11.35 8.70 0.00
278 0.66 0.82 0.00
279 2.42 0.00 0.00
280 0.34 0.00 0.00
281 1.33 2.54 0.00
282 1.51 4.54 0.00
283 0.88 0.30 0.00
284 1.14 0.82 0.00
285 1.44 0.30 0.00
286 1.05 1.96 0.00
287 2.54 0.95 0.00
288 0.80 0.14 0.00
289 1.04 1.73 0.00
290 2.48 0.82 0.00
291 1.05 1.96 0.00
292 0.95 4.54 0.00
293 2.70 0.82 0.00
294 1.04 0.30 0.00
295 1.13 0.30 0.00
296 2.62 2.60 0.00
297 1.00 0.30 0.00
298 0.68 0.50 0.00
299 103.73 1.63 0.00
300 0.98 0.30 0.00
301 1.10 1.90 0.00
302 2.51 4.75 0.00
303 11.58 10.71 0.00
304 1.05 0.30 0.00
305 1.54 0.82 0.00
306 0.83 1.56 0.00
307 13.21 119.03 0.00
308 1.32 0.82 0.00
309 1.15 0.30 0.00
310 1.66 0.30 0.00
311 2.64 2.62 0.00
312 294.46 5.96 0.00
313 2.10 0.30 0.00
314 1.57 0.81 0.00
315 258.30 1.56 0.00
316 2.89 2.03 0.00
317 1.49 0.95 0.00
318 1.23 0.14 0.00
319 1.81 0.00 0.00
320 1.43 2.24 0.00
321 1.55 2.03 0.00
322 2.02 4.24 0.00
323 1.72 0.51 0.00
324 0.93 0.30 0.00
325 1.33 0.00 0.00
326 2.46 2.41 0.00
327 2.37 0.30 0.00
328 0.67 0.30 0.00
329 2.19 0.82 0.00
330 11.89 9.00 0.00
331 1.70 2.03 0.00
332 2.51 4.75 0.00
333 5.65 7.11 0.00
334 7.20 3.47 0.00
335 0.77 0.82 0.00
336 104.96 103.00 0.00
337 0.88 0.00 0.00
338 1.10 0.81 0.00
339 2.52 0.30 0.00
340 1.22 0.00 0.00
341 2.41 2.62 0.00
342 138.26 6.43 0.00
343 0.77 0.30 0.00
344 1.99 0.95 0.00
345 1.11 0.00 0.00
346 1.60 1.91 0.00
347 1.54 0.87 0.00
348 1.13 0.45 0.00
349 1.04 1.73 0.00
350 1.54 0.82 0.00
351 1.30 2.02 0.00
352 1.18 4.61 0.00
353 1.76 0.82 0.00
354 1.71 0.30 0.00
355 1.69 0.30 0.00
356 2.12 2.24 0.00
357 0.77 0.30 0.00
358 6.92 106.10 0.00
359 3.52 105.22 0.00
360 7.74 100.89 0.00
361 0.83 1.86 0.00
362 2.02 5.16 0.00
363 1.24 1.87 0.00
364 2.53 0.30 0.00
365 1.48 0.55 0.00
366 11.77 10.19 0.00
367 4.43 120.80 0.00
368 1.21 0.82 0.00
369 152.26 2.32 0.00
370 3.27 0.29 0.00
371 1.49 2.48 0.00
372 0.89 0.30 0.00
373 1.89 0.30 0.00
374 1.83 4.82 0.00
375 0.89 0.00 0.00
376 2.14 1.89 0.00
377 1.88 0.82 0.00
378 2.78 97.94 0.00
379 1.59 27.24 0.00
380 0.88 0.82 0.00
381 1.43 1.54 0.00
382 1.44 0.00 0.00
383 11.58 13.81 0.00
384 1.81 0.00 0.00
385 2.21 0.30 0.00
386 1.61 2.60 0.00
387 12.39 8.70 0.00
388 1.10 0.30 0.00
389 1.59 0.82 0.00
390 155.99 3.50 0.00
391 12.66 10.62 0.00
392 0.95 0.82 0.00
393 1.68 1.87 0.00
394 1.11 0.30 0.00
395 1.37 0.86 0.00
396 2.33 1.67 0.00
397 0.77 0.00 0.00
398 4.03 132.56 0.00
399 12.77 18.60 0.00
400 0.77 0.30 0.00
401 2.28 2.30 0.00
402 2.41 4.54 0.00
403 2.25 0.30 0.00
404 2.47 0.82 0.00
405 1.56 0.00 0.00
406 2.73 2.02 0.00
407 2.09 0.89 0.00
408 1.82 0.77 0.00
409 144.72 3.55 0.00
410 1.52 0.81 0.00
411 2.39 2.22 0.00
412 0.66 0.00 0.00
413 1.86 0.00 0.00
414 12.45 13.75 0.00
415 1.59 0.30 0.00
416 2.35 2.67 0.00
417 1.08 0.30 0.00
418 0.45 0.00 0.00
419 1.59 0.51 0.00
420 0.55 0.00 0.00
421 0.90 1.69 0.00
422 1.80 4.78 0.00
423 134.95 3.59 0.00
424 1.32 0.12 0.00
425 2.18 0.82 0.00
426 2.33 1.97 0.00
427 3.12 0.36 0.00
428 1.77 0.82 0.00
429 1.94 0.30 0.00
430 146.74 185.67 0.00
431 2.06 13.72 0.00
432 12.67 13.24 0.00
433 105.57 2.16 0.00
434 12.16 9.21 0.00
435 1.55 0.30 0.00
436 2.50 1.96 0.00
437 4.05 160.78 0.00
438 2.09 0.14 0.00
439 2.04 1.73 0.00
440 0.66 0.82 0.00
441 2.42 2.00 0.00
442 4.18 4.57 0.00
443 1.73 0.82 0.00
444 2.07 0.43 0.00
445 3.81 0.30 0.00
446 130.29 3.77 0.00
447 2.66 0.89 0.00
448 2.03 0.30 0.00
449 1.71 0.51 0.00
450 2.34 0.30 0.00
451 2.02 1.90 0.00
452 1.71 5.16 0.00
453 1.77 0.14 0.00
454 1.44 0.00 0.00
455 0.99 1.94 0.00
456 2.61 1.82 0.00
457 2.01 0.00 0.00
458 2.42 0.85 0.00
459 23.11 17.40 0.00
460 1.22 0.30 0.00
461 1.80 2.48 0.00
462 2.43 4.54 0.00
463 2.74 88.65 0.00
464 2.71 137.15 0.00
465 11.58 8.70 0.00
466 1.54 1.78 0.00
467 1.44 0.93 0.00
468 0.44 0.30 0.00
469 0.93 0.30 0.00
470 1.44 0.82 0.00
471 1.53 3.66 0.00
472 1.47 4.54 0.00
473 1.96 0.82 0.00
474 1.24 0.00 0.00
475 11.72 8.70 0.00
476 2.00 2.54 0.00
477 1.08 0.30 0.00
478 0.88 0.30 0.00
479 1.70 0.82 0.00
480 149.66 2.73 0.00
481 2.38 1.71 0.00
482 2.12 5.11 0.00
483 1.34 1.87 0.00
484 2.33 0.63 0.00
485 156.98 89.50 0.00
486 1.16 18.77 0.00
487 3.45 0.00 0.00
488 2.00 0.57 0.00
489 2.35 0.30 0.00
490 2.61 0.34 0.00
491 1.72 2.60 0.00
492 1.69 4.24 0.00
493 2.20 0.00 0.00
494 1.89 0.51 0.00
495 0.55 0.30 0.00
496 12.48 10.50 0.00
497 11.33 9.45 0.00
498 1.57 2.00 0.00
499 1.81 0.30 0.00
500 1.66 0.95 0.00
501 131.74 2.72 0.00
502 145.04 7.01 0.00
503 1.21 0.50 0.00
504 1.15 0.00 0.00
505 1.88 0.00 0.00
506 1.66 1.93 0.00
507 2.87 0.25 0.00
508 1.32 0.00 0.00
509 1.34 0.51 0.00
510 1.21 0.00 0.00
511 1.88 1.69 0.00
512 2.04 4.85 0.00
513 1.96 1.70 0.00
514 1.26 0.00 0.00
515 133.62 2.90 0.00
516 1.85 1.71 0.00
517 1.60 0.21 0.00
518 1.38 0.58 0.00
519 3.45 0.00 0.00
520 265.02 2.11 0.00
521 1.66 2.36 0.00
522 13.59 112.54 0.00
523 4.81 125.50 0.00
524 1.25 9.06 0.00
525 11.48 8.40 0.00
526 2.33 1.76 0.00
527 1.77 0.54 0.00
528 1.01 0.06 0.00
529 0.93 0.00 0.00
530 11.69 10.42 0.00
531 1.33 1.69 0.00
532 1.18 4.27 0.00
533 1.55 0.51 0.00
534 11.07 8.40 0.00
535 1.36 0.00 0.00
536 2.42 2.38 0.00
537 0.88 0.00 0.00
538 0.88 0.00 0.00
539 1.59 0.57 0.00
540 0.34 0.00 0.00
541 1.12 1.67 0.00
542 1.62 4.81 0.00
543 0.68 0.06 0.00
544 1.10 1.63 0.00
545 1.44 0.51 0.00
546 1.23 1.62 0.00
547 1.00 0.00 0.00
548 0.99 0.62 0.00
549 1.46 0.00 0.00
550 199.40 196.46 0.00
551 1.72 2.26 0.00
552 0.80 4.27 0.00
553 1.87 0.14 0.00
554 1.39 0.14 0.00
555 0.45 0.00 0.00
556 1.78 2.20 0.00
557 0.99 0.00 0.00
558 2.65 2.18 0.00
559 3.05 101.69 0.00
560 0.77 0.00 0.00
561 2.09 1.63 0.00
562 1.84 4.78 0.00
563 2.69 98.96 0.00
564 2.13 11.38 0.00
565 2.10 0.49 0.00
566 12.88 10.61 0.00
567 1.61 0.20 0.00
568 2.21 0.64 0.00
569 119.99 1.72 0.00
570 1.22 0.00 0.00
571 2.88 2.26 0.00
572 2.58 4.27 0.00
573 1.35 0.06 0.00
574 2.36 2.15 0.00
575 244.93 131.21 0.00
576 1.68 1.91 0.00
577 1.22 0.51 0.00
578 2.22 0.00 0.00
579 1.63 0.00 0.00
580 1.44 0.51 0.00
581 1.96 1.76 0.00
582 1.24 4.27 0.00
583 1.43 0.51 0.00
584 32.45 25.50 0.00
585 1.34 0.00 0.00
586 4.27 101.46 0.00
587 0.66 0.00 0.00
588 0.90 0.12 0.00
589 1.92 2.02 0.00
590 0.55 0.00 0.00
591 1.51 1.73 0.00
592 1.73 4.81 0.00
593 0.77 0.00 0.00
594 1.31 0.13 0.00
595 2.04 0.51 0.00
596 1.23 1.67 0.00
597 2.04 0.00 0.00
598 1.66 0.57 0.00
599 0.93 0.00 0.00
600 1.93 0.00 0.00
601 2.27 2.07 0.00
602 1.85 4.34 0.00
603 1.50 0.06 0.00
604 2.48 2.00 0.00
605 0.66 0.00 0.00
606 12.41 10.42 0.00
607 1.55 0.79 0.00
608 2.86 129.92 0.00
609 1.49 0.00 0.00
610 1.32 31.69 0.00
611 1.62 1.73 0.00
612 2.32 0.00 0.00
613 1.74 4.81 0.00
614 1.37 0.00 0.00
615 1.89 0.00 0.00
616 1.34 2.43 0.00
617 0.99 0.00 0.00
618 2.44 0.00 0.00
619 2.27 0.66 0.00
620 0.77 0.00 0.00
621 146.01 6.28 0.00
622 3.46 121.33 0.00
623 1.62 0.13 0.00
624 1.95 0.20 0.00
625 157.25 2.57 0.00
626 1.94 1.54 0.00
627 2.03 0.00 0.00
628 1.22 0.62 0.00
629 2.04 0.00 0.00
630 1.54 0.00 0.00
631 2.25 2.17 0.00
632 1.89 4.31 0.00
633 1.88 0.14 0.00
634 1.48 1.94 0.00
635 1.73 0.00 0.00
636 2.54 1.24 0.00
637 11.56 9.44 0.00
638 12.44 8.40 0.00
639 2.87 0.00 0.00
640 0.99 0.51 0.00
641 143.50 10.97 0.00
642 2.70 4.34 0.00
643 1.11 0.00 0.00
644 0.70 0.51 0.00
645 1.88 0.00 0.00
646 0.87 1.60 0.00
647 3.15 0.51 0.00
648 0.79 0.14 0.00
649 0.93 0.00 0.00
650 2.18 1.94 0.00
651 35.57 5150.46 0.00
652 39.88 11504.31 0.00
653 31.24 12617.45 0.00
654 30.32 14645.56 0.00
655 37.20 18019.37 0.00
656 24.53 11262.04 0.00
657 19.34 8148.81 0.00
658 22.26 11936.16 0.00
659 24.86 15286.47 0.00
660 24.35 19831.73 0.00
661 287.70 15040.46 0.00
662 17.08 12079.45 0.00
663 36.42 39423.87 0.00
664 31.61 37263.68 0.00
665 16.57 15262.89 0.00
666 14.39 17832.59 0.00
667 2.42 0.42 0.00
668 0.83 1.07 0.00
669 0.86 5.50 0.00
670 15.71 4.66 0.00
671 42.58 5601.93 0.00
672 58.55 4226.06 0.00
673 45.99 7181.93 0.00
674 18.21 6575.65 0.00
675 3023.21 4493.14 0.00
676 6722.19 6587.33 0.00
677 10740.29 7046.47 0.00
678 6134.85 8756.36 0.00
679 4788.58 4003.86 0.00
680 4952.66 5688.10 0.00
681 6617.85 8772.08 0.00
682 13086.99 17272.36 0.00
683 9061.87 11202.97 0.00
684 11671.96 11433.85 0.00
685 9193.18 9684.33 0.00
686 11397.60 9321.85 0.00
687 12321.49 9323.74 0.00
688 11843.78 9397.29 0.00
689 12202.19 4463.37 0.00
690 8250.25 6409.81 0.00
691 6224.68 3710.07 0.00
692 4291.60 3960.79 0.00
693 4513.31 3384.08 0.00
694 5206.27 5837.86 0.00
695 6230.06 6276.84 0.00
696 389.49 6746.39 0.00
697 39.83 6603.22 0.00
698 10006.24 9589.43 0.00
699 13086.70 5523.70 0.00
700 3989.65 3.35 0.00
701 1364.81 4.39 0.00
702 325.67 2.17 0.00
703 0.49 0.48 0.00
704 1670.06 419.12 0.00
705 1608.08 2824.48 0.00
706 7.15 2567.94 0.00
707 3.99 1039.04 0.00
708 1.37 74.81 0.00
709 3.30 586.26 0.00
710 2.01 1.06 0.00
711 1.57 2.23 0.00
712 0.84 3.64 0.00
713 391.92 7.98 0.00
714 2324.82 2697.42 0.00
715 4542.66 3294.63 0.00
716 5238.87 2800.71 0.00
717 4404.44 3856.43 0.00
718 785.54 3124.71 0.00
719 1390.28 2434.60 0.00
720 3039.19 1569.72 0.00
721 3645.38 701.39 0.00
722 2537.22 130.29 0.00
723 1052.04 131.14 0.00
724 1.87 128.39 0.00
725 2.13 7.59 0.00
726 2.00 2.10 0.00
727 2.10 0.08 0.00
728 1.61 1.13 0.00
729 1.87 0.46 0.00
730 2.17 0.06 0.00
731 1.43 0.93 0.00
732 1.67 2.07 0.00
733 1.55 0.48 0.00
734 1.36 0.93 0.00
735 1.23 0.42 0.00
736 1.33 0.42 0.00
737 1.94 2.66 0.00
738 1695.33 5.73 0.00
739 2153.79 2.22 0.00
740 493.05 1.38 0.00
741 2.20 0.54 0.00
742 2.52 2.34 0.00
743 1.83 0.99 0.00
744 1.36 0.42 0.00
745 1.33 0.42 0.00
746 2623.92 651.52 0.00
747 3222.67 1722.63 0.00
748 16158.73 14197.99 0.00
749 6618.12 12372.30 0.00
750 3712.87 4754.57 0.00
751 5.24 1566.38 0.00
752 5.13 1406.24 0.00
753 3.95 1387.37 0.00
754 1.57 2.96 0.00
755 835.03 1288.77 0.00
756 3211.58 2731.97 0.00
757 2982.93 3186.79 0.00
758 3510.97 2556.57 0.00
759 2922.97 2984.84 0.00
760 3079.53 3118.50 0.00
761 2002.93 1000.73 0.00
762 3517.34 5.81 0.00
763 2951.52 2.87 0.00
764 1.91 0.92 0.00
765 1.43 0.17 0.00
766 3243.54 2492.20 0.00
767 2633.22 4891.53 0.00
768 6938.42 6861.81 0.00
769 4522.64 5180.65 0.00
770 4078.89 5342.22 0.00
771 6499.43 5772.50 0.00
772 13389.55 12083.70 0.00
773 14957.03 6627.04 0.00
774 3231.08 4201.61 0.00
775 3.75 1651.94 0.00
776 1.46 1.06 0.00
777 257.72 1.90 0.00
778 2468.18 50.53 0.00
779 4074.04 3240.55 0.00
780 3646.11 4012.74 0.00
781 2787.11 123.90 0.00
782 969.74 118.51 0.00
783 1.80 2.05 0.00
784 1.54 2.07 0.00
785 1.65 0.93 0.00
786 4441.30 4107.95 0.00
787 3438.64 1817.55 0.00
788 1333.31 2483.93 0.00
789 2.35 913.42 0.00
790 2.59 0.42 0.00
791 1.09 0.92 0.00
792 2127.02 436.65 0.00
793 4498.01 3.57 0.00
794 1737.11 4.19 0.00
795 2517.97 4.22 0.00
796 2382.04 3.45 0.00
797 371.42 2.73 0.00
798 554.27 3.72 0.00
799 966.12 3.68 0.00
800 302.92 1.51 0.00
801 2.23 0.48 0.00
802 613.37 1.45 0.00
803 1139.93 2.41 0.00
804 2.40 2.26 0.00
805 1.72 0.48 0.00
806 1.31 0.93 0.00
807 2.28 0.19 0.00
808 1.77 0.42 0.00
809 1.72 2.78 0.00
810 8084.25 5519.88 0.00
811 12210.81 15894.42 0.00
812 5667.15 5325.53 0.00
813 2122.34 1619.38 0.00
814 4.31 774.33 0.00
815 1289.74 3.12 0.00
816 1997.74 2.09 0.00
817 1061.08 1.32 0.00
818 1.55 0.99 0.00
819 847.57 185.89 0.00
820 1315.46 4233.86 0.00
821 2070.65 7181.08 0.00
822 791.92 3181.74 0.00
823 1643.93 7.88 0.00
824 1808.71 4.26 0.00
825 3.87 0.67 0.00
826 1.38 0.48 0.00
827 1.44 0.93 0.00
828 845.48 819.87 0.00
829 1851.16 1714.10 0.00
830 2786.35 3.19 0.00
831 2497.72 3.38 0.00
832 2224.79 1.90 0.00
833 6281.34 6429.07 0.00
834 2226.16 8444.88 0.00
835 9.96 2907.56 0.00
836 8.44 5101.02 0.00
837 2.12 509.51 0.00
838 1.03 0.48 0.00
839 1237.82 755.10 0.00
840 2485.33 3.19 0.00
841 3981.36 135.44 0.00
842 5044.73 4255.62 0.00
843 3397.07 4978.43 0.00
844 2500.83 6742.40 0.00
845 5269.67 10477.32 0.00
846 3581.27 6322.68 0.00
847 1298.13 1.19 0.00
848 0.77 0.93 0.00
849 2.65 2.27 0.00
850 1.88 0.47 0.00
851 1.21 0.93 0.00
852 1.25 0.48 0.00
853 5478.14 4853.62 0.00
854 9671.62 10661.50 0.00
855 4539.37 2311.35 0.00
856 4730.24 3.57 0.00
857 5273.88 3860.74 0.00
858 8289.10 4762.82 0.00
859 5280.64 6324.58 0.00
860 2540.00 4986.00 0.00
861 4839.35 4095.32 0.00
862 5499.48 5053.79 0.00
863 7586.66 4608.02 0.00
864 4840.35 4.78 0.00
865 8086.90 11418.33 0.00
866 3716.75 14468.43 0.00
867 4.05 1578.14 0.00
868 3233.65 3066.38 0.00
869 14212.68 5442.93 0.00
870 7948.15 2796.18 0.00
871 5910.84 2469.73 0.00
872 6110.50 2513.12 0.00
873 2589.44 4819.60 0.00
874 4456.72 6842.36 0.00
875 6044.23 5640.47 0.00
876 5650.42 5240.35 0.00
877 2798.35 1250.68 0.00
878 377.08 1712.21 0.00
879 3.49 880.98 0.00
880 7.91 3215.29 0.00
881 12.57 9147.08 0.00
882 2.26 8.90 0.00
883 0.93 0.48 0.00
884 3.17 2.59 0.00
885 1266.61 4.78 0.00
886 5951.66 12.92 0.00
887 2974.29 7.89 0.00
888 2837.72 6.04 0.00
889 2469.99 6.71 0.00
890 6823.55 11.63 0.00
891 7446.17 1623.06 0.00
892 5898.71 7882.19 0.00
893 9428.52 13.47 0.00
894 224.16 3.10 0.00
895 2.12 1.54 0.00
896 1950.55 5.57 0.00
897 2870.62 1403.21 0.00
898 1958.33 2320.56 0.00
899 1981.42 1743.49 0.00
900 2666.28 1386.43 0.00
901 1157.25 1945.17 0.00
902 2274.81 231.95 0.00
903 3279.65 5.81 0.00
904 2255.80 3.49 0.00
905 1.57 0.64 0.00
906 2009.84 4.73 0.00
907 2842.82 6.09 0.00
908 1359.28 4.02 0.00
909 2377.91 5.75 0.00
910 1046.61 2353.15 0.00
911 2.31 2791.95 0.00
912 1.16 100.46 0.00
913 4.79 862.90 0.00
914 4.65 1707.53 0.00
915 5.32 2854.20 0.00
916 2.71 51.07 0.00
917 1.34 0.42 0.00
918 8.83 4500.45 0.00
919 12.32 9571.81 0.00
920 2.68 3436.92 0.00
921 2.02 365.38 0.00
922 1.80 4.71 0.00
923 2.98 836.44 0.00
924 4.07 1599.52 0.00
925 2.65 960.70 0.00
926 19.35 7582.75 0.00
927 5.60 2785.67 0.00
928 1.76 0.48 0.00
929 7.16 2150.46 0.00
930 6.29 2177.98 0.00
931 6.79 3328.80 0.00
932 4.98 2307.91 0.00
933 1.32 0.14 0.00
934 1.69 3.79 0.00
935 0.51 0.57 0.00
936 1.63 0.42 0.00
937 1.84 0.42 0.00
938 5.72 2570.56 0.00
939 12.30 7531.31 0.00
940 8.13 5260.49 0.00
941 3.82 2648.65 0.00
942 3.84 1625.40 0.00
943 2.31 1609.93 0.00
944 1.68 40.18 0.00
945 2.81 0.52 0.00
946 1.50 0.42 0.00
947 5.09 673.38 0.00
948 3.49 2081.77 0.00
949 3.90 2212.13 0.00
950 2.46 814.70 0.00
951 15.51 6019.28 0.00
952 13.18 4490.59 0.00
953 11.55 5129.14 0.00
954 10.76 4702.91 0.00
955 2.67 667.25 0.00
956 0.66 0.00 0.00
957 1.75 0.42 0.00
958 1.51 0.42 0.00
959 1.60 2.02 0.00
960 0.88 0.47 0.00
961 1.32 0.41 0.00
962 1.06 4.65 0.00
963 0.97 2.12 0.00
964 2.22 2.26 0.00
965 0.44 0.42 0.00
966 9.26 1550.53 0.00
967 4.04 1751.18 0.00
968 2.10 2086.33 0.00
969 3.32 1095.60 0.00
970 0.78 1.29 0.00
971 4.79 2063.38 0.00
972 7.97 2332.70 0.00
973 8.15 4878.81 0.00
974 6.65 2043.19 0.00
975 5.52 2174.07 0.00
976 7.04 1275.59 0.00
977 3.06 757.05 0.00
978 3.07 797.44 0.00
979 2.87 797.59 0.00
980 2.50 821.91 0.00
981 1.87 76.31 0.00
982 1.08 4.78 0.00
983 3.86 1028.51 0.00
984 6.01 1656.14 0.00
985 3.12 1341.92 0.00
986 3.71 1676.43 0.00
987 8.90 3871.67 0.00
988 10.06 3329.39 0.00
989 18.38 8270.66 0.00
990 13.36 8644.34 0.00
991 3.44 1087.93 0.00
992 2.30 4.65 0.00
993 0.91 2.50 0.00
994 1.29 2.33 0.00
995 5.60 1194.25 0.00
996 5.07 1553.79 0.00
997 8.37 3739.34 0.00
998 7.32 1992.84 0.00
999 6.55 1415.71 0.00
1000 1.33 0.45 0.00
1001 1.66 0.93 0.00
1002 1.62 4.65 0.00
1003 0.66 0.42 0.00
1004 2.98 2.68 0.00
1005 1.33 0.45 0.00
1006 1.22 0.42 0.00
1007 1.32 0.93 0.00
1008 1.34 1.98 0.00
1009 2.27 1.65 0.00
1010 0.88 1.00 0.00
1011 1.86 1.68 0.00
1012 2.39 4.65 0.00
1013 6.23 1347.56 0.00
1014 2.74 191.58 0.00
1015 7.25 1388.65 0.00
1016 2.48 1632.37 0.00
1017 1.03 533.65 0.00
1018 2.03 346.98 0.00
1019 1.82 429.29 0.00
1020 0.50 0.54 0.00
1021 1.75 1.45 0.00
1022 1.50 5.16 0.00
1023 8.11 2610.98 0.00
1024 5.44 1596.97 0.00
1025 15.95 5957.85 0.00
1026 13.75 7409.81 0.00
1027 6.21 2898.63 0.00
1028 8.48 2204.97 0.00
1029 7.85 1586.18 0.00
1030 8.60 1973.00 0.00
1031 14.06 6004.85 0.00
1032 14.12 6429.60 0.00
1033 9.94 5215.77 0.00
1034 4.67 1305.12 0.00
1035 7.18 1409.25 0.00
1036 2.75 1165.98 0.00
1037 10.63 3109.92 0.00
1038 10.28 4526.59 0.00
1039 7.35 2708.18 0.00
1040 2.96 935.42 0.00
1041 5.63 1017.10 0.00
1042 4.79 537.62 0.00
1043 11.58 3435.88 0.00
1044 11.26 4761.72 0.00
1045 9.86 2781.50 0.00
1046 7.00 1880.58 0.00
1047 5.37 1647.33 0.00
1048 5.37 1473.42 0.00
1049 3.32 172.40 0.00
1050 1.21 0.96 0.00
1051 2.07 1.39 0.00
1052 2.04 0.42 0.00
1053 1.17 3.05 0.00
1054 2.11 6.37 0.00
1055 2.13 0.97 0.00
1056 1.31 1.48 0.00
1057 0.76 0.42 0.00
1058 0.98 0.42 0.00
1059 2.79 0.92 0.00
1060 1.67 0.42 0.00
1061 2.67 3.30 0.00
1062 19.59 2035.86 0.00
1063 9.25 2271.92 0.00
1064 6.34 1756.26 0.00
1065 7.36 1321.29 0.00
1066 13.38 3717.19 0.00
1067 12.52 3464.73 0.00
1068 2866.88 2023.50 0.00
1069 2831.59 2259.91 0.00
1070 4545.36 3330.97 0.00
1071 7423.55 2987.95 0.00
1072 4586.93 1399.43 0.00
1073 2073.02 3.57 0.00
1074 1131.34 2.35 0.00
1075 1.78 0.67 0.00
1076 506.18 3696.34 0.00
1077 4307.63 8519.84 0.00
1078 5284.51 5572.21 0.00
1079 5013.68 3473.26 0.00
1080 4124.35 3965.72 0.00
1081 4488.96 1765.01 0.00
1082 2819.04 13.60 0.00
1083 3168.84 12.04 0.00
1084 2293.22 8.34 0.00
1085 4405.92 13.48 0.00
1086 3751.48 9.05 0.00
1087 4032.75 12.19 0.00
1088 3637.42 8.09 0.00
1089 1777.49 6.92 0.00
1090 2045.46 3.57 0.00
1091 2047.98 4.54 0.00
1092 3.98 3.27 0.00
1093 2.18 0.45 0.00
1094 2.35 0.42 0.00
1095 1.37 1.06 0.00
1096 8802.22 6717.67 0.00
1097 7044.17 5620.61 0.00
1098 1970.88 2812.88 0.00
1099 3345.64 3591.78 0.00
1100 2885.55 2763.12 0.00
1101 104.37 1433.32 0.00
1102 7.76 2859.16 0.00
1103 1.49 5.16 0.00
1104 522.35 571.19 0.00
1105 361.33 4.46 0.00
1106 3806.25 413.92 0.00
1107 2975.86 20.05 0.00
1108 1.66 1.66 0.00
1109 1.48 0.67 0.00
1110 2.80 2.88 0.00
1111 1.80 0.45 0.00
1112 335.28 1.48 0.00
1113 714.51 3.24 0.00
1114 1458.94 2.64 0.00
1115 815.10 2.97 0.00
1116 1.33 0.93 0.00
1117 3.13 1.32 0.00
1118 0.88 0.42 0.00
1119 2.40 0.93 0.00
1120 50.87 2.33 0.00
1121 397.59 0.58 0.00
1122 2.19 0.93 0.00
1123 0.76 0.42 0.00
1124 3709.90 20.44 0.00
1125 5264.47 8.90 0.00
1126 6243.40 10.47 0.00
1127 16266.97 10734.64 0.00
1128 9057.94 2962.83 0.00
1129 12234.68 5241.58 0.00
1130 12764.83 13180.31 0.00
1131 16778.47 14619.81 0.00
1132 8733.73 3653.03 0.00
1133 7435.45 5339.18 0.00
1134 4655.70 4890.26 0.00
1135 4733.26 4885.50 0.00
1136 5666.68 8656.25 0.00
1137 14325.87 19841.80 0.00
1138 13212.11 11948.73 0.00
1139 13639.71 13978.77 0.00
1140 11247.15 13978.98 0.00
1141 8760.32 17720.65 0.00
1142 10991.10 12424.32 0.00
1143 4495.77 13025.87 0.00
1144 15156.78 3318.48 0.00
1145 8030.79 11.68 0.00
1146 2952.14 3.91 0.00
1147 1.68 0.54 0.00
1148 1.30 0.67 0.00
1149 3141.31 2294.69 0.00
1150 7558.89 1787.26 0.00
1151 7483.37 2544.15 0.00
1152 7229.59 2459.24 0.00
1153 8082.59 3420.36 0.00
1154 4874.13 1120.88 0.00
1155 3994.21 5.63 0.00
1156 2994.67 4.91 0.00
1157 1225.93 740.15 0.00
1158 14960.62 10674.80 0.00
1159 6709.23 7977.97 0.00
1160 1291.75 3374.81 0.00
1161 1495.22 2.61 0.00
1162 1594.97 3.87 0.00
1163 1322.48 453.12 0.00
1164 17206.99 8691.63 0.00
1165 14472.22 10744.12 0.00
1166 9212.64 12022.52 0.00
1167 2133.50 639.24 0.00
1168 0.89 0.42 0.00
1169 1.20 0.48 0.00
1170 235.20 754.83 0.00
1171 4514.86 4.09 0.00
1172 3459.33 5.52 0.00
1173 3544.24 3907.19 0.00
1174 3919.91 5146.27 0.00
1175 3040.97 2598.83 0.00
1176 4177.73 197.35 0.00
1177 2370.95 1133.15 0.00
1178 4148.54 3.38 0.00
1179 959.28 1.64 0.00
1180 1.27 0.56 0.00
1181 2762.58 782.98 0.00
1182 5224.80 5836.18 0.00
1183 3.89 3420.93 0.00
1184 3.30 1461.92 0.00
1185 2050.69 869.03 0.00
1186 5526.59 780.87 0.00
1187 1848.77 5.96 0.00
1188 1.84 1.06 0.00
1189 1371.34 2158.08 0.00
1190 14361.88 2845.41 0.00
1191 15849.59 2999.30 0.00
1192 14419.57 1165.45 0.00
1193 6246.93 975.31 0.00
1194 6749.54 2981.05 0.00
1195 3409.82 2864.56 0.00
1196 5368.70 3929.53 0.00
1197 3564.85 3431.78 0.00
1198 6610.57 3081.62 0.00
1199 7133.09 4053.19 0.00
1200 8005.61 3907.62 0.00
1201 5061.88 3836.44 0.00
1202 7370.51 3420.58 0.00
1203 223.61 2.84 0.00
1204 1.37 0.48 0.00
1205 2.28 0.48 0.00
1206 2382.20 867.12 0.00
1207 7673.22 6.28 0.00
1208 3776.62 1274.05 0.00
1209 7433.27 7687.88 0.00
1210 3970.90 8120.23 0.00
1211 3296.25 5962.55 0.00
1212 3423.32 5589.21 0.00
1213 1248.34 3229.79 0.00
1214 2265.96 3376.10 0.00
1215 6952.36 4013.26 0.00
1216 18060.40 16282.57 0.00
1217 13867.02 7717.92 0.00
1218 7679.47 16.64 0.00
1219 2836.64 6.89 0.00
1220 6929.52 15.24 0.00
1221 6591.28 15.71 0.00
1222 10491.61 2076.67 0.00
1223 3.51 1091.55 0.00
1224 2.07 23.32 0.00
1225 1630.51 2.48 0.00
1226 912.65 484.33 0.00
1227 8695.33 7455.48 0.00
1228 2031.91 3133.58 0.00
1229 3279.81 2415.97 0.00
1230 6.12 2613.04 0.00
1231 2.15 0.42 0.00
1232 6418.27 18.28 0.00
1233 1191.23 3.48 0.00
1234 1.83 3.11 0.00
1235 1.67 0.42 0.00
1236 1.86 1.48 0.00
1237 1505.71 4.68 0.00
1238 1557.75 3.45 0.00
1239 1177.89 4.94 0.00
1240 1.32 0.42 0.00
1241 1.21 0.42 0.00
1242 2.58 6.02 0.00
1243 1.00 0.42 0.00
1244 518.74 3.75 0.00
1245 1419.33 3.19 0.00
1246 1436.29 2.35 0.00
1247 2.01 1.53 0.00
1248 1.49 2.91 0.00
1249 293.06 3.55 0.00
1250 3676.11 8.27 0.00
1251 1765.54 5.65 0.00
1252 3334.53 13.62 0.00
1253 1660.92 4765.94 0.00
1254 7.19 3557.94 0.00
1255 7.29 1585.32 0.00
1256 2.07 1.15 0.00
1257 2241.02 22.28 0.00
1258 7217.93 18.40 0.00
1259 4385.68 9.80 0.00
1260 2891.38 8.73 0.00
1261 4668.79 12.91 0.00
1262 7703.79 20.94 0.00
1263 8095.88 2658.68 0.00
1264 5737.01 1883.49 0.00
1265 612.34 7.54 0.00
1266 2983.56 8.49 0.00
1267 4317.56 922.50 0.00
1268 8978.17 2771.30 0.00
1269 9434.93 1952.23 0.00
1270 2636.34 5.31 0.00
1271 2580.40 5.31 0.00
1272 2666.12 8.20 0.00
1273 4941.43 7.74 0.00
1274 5317.39 6.86 0.00
1275 1666.67 2.00 0.00
1276 2.17 0.42 0.00
1277 1.01 0.48 0.00
1278 1.29 3.70 0.00
1279 1.79 0.48 0.00
1280 1.67 0.42 0.00
1281 2.48 1.86 0.00
1282 5902.25 19.19 0.00
1283 3648.90 6.62 0.00
1284 2058.71 4.79 0.00
1285 1010.68 2.09 0.00
1286 1011.46 2.09 0.00
1287 390.03 1.33 0.00
1288 1.95 0.80 0.00
1289 3676.29 623.85 0.00
1290 7467.92 9379.37 0.00
1291 6712.52 8799.70 0.00
1292 3466.08 3094.88 0.00
1293 5011.88 1441.91 0.00
1294 4816.31 948.29 0.00
1295 9770.78 4163.24 0.00
1296 11401.13 3095.79 0.00
1297 11457.57 4362.63 0.00
1298 5828.36 2991.42 0.00
1299 4315.16 5037.90 0.00
1300 4031.19 4279.12 0.00
1301 2086.15 2166.78 0.00
1302 4142.58 1817.03 0.00
1303 4207.17 3226.92 0.00
1304 8285.22 3453.55 0.00
1305 6131.02 417.93 0.00
1306 3566.31 3.92 0.00
1307 1106.87 2.04 0.00
1308 869.82 3.13 0.00
1309 3285.24 449.65 0.00
1310 821.75 2136.08 0.00
1311 6868.05 8717.14 0.00
1312 4190.88 8649.41 0.00
1313 2285.36 1871.63 0.00
1314 1362.13 612.48 0.00
1315 2874.89 7.05 0.00
1316 2162.72 3.51 0.00
1317 623.82 1.58 0.00
1318 6549.28 6222.30 0.00
1319 6492.15 9985.69 0.00
1320 1213.32 4428.28 0.00
1321 530.62 4152.73 0.00
1322 333.35 6.10 0.00
1323 320.18 4.32 0.00
1324 347.07 1.96 0.00
1325 445.35 2.03 0.00
1326 1126.23 2165.49 0.00
1327 2576.89 3706.57 0.00
1328 5265.66 4403.97 0.00
1329 5192.89 4234.93 0.00
1330 4992.12 2636.04 0.00
1331 3892.48 3004.27 0.00
1332 4704.96 1230.11 0.00
1333 6028.53 4736.47 0.00
1334 6223.29 4516.96 0.00
1335 7257.08 4640.62 0.00
1336 3500.37 2685.29 0.00
1337 2842.41 4663.46 0.00
1338 5283.96 9929.04 0.00
1339 5124.16 3913.36 0.00
1340 3665.12 3.77 0.00
1341 2734.60 2.45 0.00
1342 816.10 1.51 0.00
1343 2.85 2.27 0.00
1344 2.00 0.54 0.00
1345 1.38 0.61 0.00
1346 2.07 0.48 0.00
1347 4383.78 4834.32 0.00
1348 6455.83 7192.97 0.00
1349 3394.88 6757.33 0.00
1350 3104.02 4578.27 0.00
1351 3194.59 4593.83 0.00
1352 4819.75 3967.94 0.00
1353 9904.98 10804.34 0.00
1354 4521.62 13584.61 0.00
1355 2691.17 5615.10 0.00
1356 1005.48 3173.34 0.00
1357 2933.47 4372.92 0.00
1358 5032.82 3677.12 0.00
1359 2579.32 3467.93 0.00
1360 743.03 8794.81 0.00
1361 22.47 13119.35 0.00
1362 19.61 14387.13 0.00
1363 28.01 16642.96 0.00
1364 17.19 11072.27 0.00
1365 4.21 3834.50 0.00
1366 2.38 2449.15 0.00
1367 1.80 2.11 0.00
1368 7340.33 6922.19 0.00
1369 1498.15 8765.15 0.00
1370 13.84 6025.35 0.00
1371 10.14 5813.83 0.00
1372 7.41 4705.63 0.00
1373 3.00 2558.53 0.00
1374 3.20 0.61 0.00
1375 8.56 2748.81 0.00
1376 23.02 12671.12 0.00
1377 16.09 9555.80 0.00
1378 10.42 7277.76 0.00
1379 8.02 5534.26 0.00
1380 3.63 2680.70 0.00
1381 2.62 15.51 0.00
1382 4.44 1664.77 0.00
1383 11.64 5496.77 0.00
1384 13.92 7276.41 0.00
1385 8.11 4440.19 0.00
1386 11.73 6962.95 0.00
1387 12.63 8424.06 0.00
1388 1.59 62.12 0.00
1389 1.66 0.48 0.00
1390 12.32 4519.55 0.00
1391 13.63 8189.82 0.00
1392 4.60 3891.98 0.00
1393 1.23 86.77 0.00
1394 0.77 0.48 0.00
1395 1.44 0.42 0.00
1396 5.80 1822.14 0.00
1397 3.84 1838.53 0.00
1398 7.57 2351.69 0.00
1399 6.32 3390.23 0.00
1400 7.08 3426.02 0.00
1401 11.16 4595.55 0.00
1402 9.16 3017.01 0.00
1403 11.60 6591.89 0.00
1404 9.42 5946.54 0.00
1405 1.80 2535.14 0.00
1406 1.63 4.19 0.00
1407 4.10 747.84 0.00
1408 8.72 6053.09 0.00
1409 9.85 4922.92 0.00
1410 6.21 1951.56 0.00
1411 4.79 2487.96 0.00
1412 10.22 5486.78 0.00
1413 30.17 10299.63 0.00
1414 30.40 12617.62 0.00
1415 12.20 7144.41 0.00
1416 7.05 4246.11 0.00
1417 2.20 0.92 0.00
1418 4.62 2037.18 0.00
1419 6.73 3777.40 0.00
1420 4.07 2674.03 0.00
1421 7.13 2923.38 0.00
1422 5.74 3643.86 0.00
1423 4.58 2224.07 0.00
1424 12.13 4181.48 0.00
1425 3.46 2481.41 0.00
1426 45.37 15147.04 0.00
1427 34.61 11759.03 0.00
1428 40.17 10754.07 0.00
1429 27.22 7443.19 0.00
1430 0.83 0.48 0.00
1431 1.99 610.31 0.00
1432 2.06 49.53 0.00
1433 0.98 1.91 0.00
1434 53.09 17471.83 0.00
1435 78.37 29368.27 0.00
1436 34.47 14038.88 0.00
1437 48.24 16161.80 0.00
1438 26.21 6101.31 0.00
1439 1.55 0.48 0.00
1440 3.11 772.23 0.00
1441 1.55 0.42 0.00
1442 1.11 2.03 0.00
1443 94.62 35160.68 0.00
1444 32.55 13521.48 0.00
1445 8.42 2678.86 0.00
1446 5.77 1230.78 0.00
1447 6.51 2926.06 0.00
1448 55.78 23847.10 0.00
1449 13.20 3673.40 0.00
1450 1.02 0.54 0.00
1451 0.62 0.48 0.00
1452 4.25 485.62 0.00
1453 1.44 13.59 0.00
1454 6.19 1722.10 0.00
1455 38.04 14814.28 0.00
1456 81.44 37048.61 0.00
1457 34.97 15977.81 0.00
1458 1.63 3.58 0.00
1459 1.04 0.47 0.00
1460 0.55 0.42 0.00
1461 1.66 0.42 0.00
1462 20.95 8115.95 0.00
1463 19.61 8001.46 0.00
1464 7.73 600.68 0.00
1465 24.47 10508.84 0.00
1466 94.45 37325.58 0.00
1467 1.83 1.32 0.00
1468 2.95 226.12 0.00
1469 1.90 0.51 0.00
1470 1.25 0.42 0.00
1471 29.42 12229.46 0.00
1472 48.91 17982.46 0.00
1473 64.31 22609.00 0.00
1474 51.20 18744.31 0.00
1475 31.72 10597.27 0.00
1476 1.24 21.60 0.00
1477 1.11 0.42 0.00
1478 2.11 2.14 0.00
1479 4.07 1219.65 0.00
1480 25.87 9744.92 0.00
1481 23.00 8326.01 0.00
1482 7.79 2130.44 0.00
1483 100.08 38536.64 0.00
1484 33.83 9803.63 0.00
1485 1.19 0.54 0.00
1486 2.42 0.48 0.00
1487 1.67 0.49 0.00
1488 4.76 3.97 0.00
1489 46.14 14596.08 0.00
1490 139.64 56127.78 0.00
1491 45.50 13577.46 0.00
1492 10.57 1070.14 0.00
1493 1.60 2.54 0.00
1494 3.21 0.55 0.00
1495 2.43 0.49 0.00
1496 49.64 17785.72 0.00
1497 24.99 9764.62 0.00
1498 164.72 61787.38 0.00
1499 0.96 396.41 0.00
1500 1.73 0.54 0.00
1501 2.57 1.33 0.00
1502 4.05 417.28 0.00
1503 25.17 5700.01 0.00
1504 68.07 21721.86 0.00
1505 70.73 24738.79 0.00
1506 65.19 19374.71 0.00
1507 49.13 16762.63 0.00
1508 28.42 7882.19 0.00
1509 1.38 0.45 0.00
1510 1.36 0.54 0.00
1511 0.55 0.42 0.00
1512 50.60 18294.65 0.00
1513 163.79 59593.73 0.00
1514 1.15 0.45 0.00
1515 1.42 0.41 0.00
1516 0.97 0.42 0.00
1517 0.91 1.98 0.00
1518 16.16 4215.44 0.00
1519 70.05 28320.96 0.00
1520 61.72 23492.60 0.00
1521 64.06 22615.71 0.00
1522 4.02 1106.83 0.00
1523 2.09 42.64 0.00
1524 1.83 0.00 0.00
1525 1.30 0.42 0.00
1526 47.08 15183.43 0.00
1527 44.15 15828.89 0.00
1528 116.15 46748.07 0.00
1529 37.88 13503.92 0.00
1530 2.76 0.54 0.00
1531 1.35 256.47 0.00
1532 2.37 0.69 0.00
1533 107.79 38975.98 0.00
1534 69.26 27757.91 0.00
1535 1.28 58.27 0.00
1536 2.97 609.00 0.00
1537 15.58 5763.17 0.00
1538 28.33 8734.66 0.00
1539 47.20 15229.85 0.00
1540 30.62 11246.71 0.00
1541 91.35 30827.67 0.00
1542 21.65 7011.55 0.00
1543 1.51 1.73 0.00
1544 1.93 0.47 0.00
1545 2.92 556.28 0.00
1546 4.49 1.58 0.00
1547 34.69 12145.64 0.00
1548 86.53 30218.64 0.00
1549 1256.86 16816.99 0.00
1550 2114.60 8233.09 0.00
1551 3210.03 5722.50 0.00
1552 4843.64 1153.51 0.00
1553 4945.11 6.84 0.00
1554 1516.06 2.67 0.00
1555 1043.02 2.22 0.00
1556 5550.02 9776.97 0.00
1557 696.39 2394.09 0.00
1558 2008.42 2084.54 0.00
1559 6801.56 963.75 0.00
1560 2760.85 2030.51 0.00
1561 4941.84 1608.62 0.00
1562 2961.19 2284.76 0.00
1563 4123.76 4451.51 0.00
1564 9312.54 7755.62 0.00
1565 5091.69 6361.46 0.00
1566 1825.59 3770.12 0.00
1567 755.00 5594.49 0.00
1568 1992.97 3060.05 0.00
1569 3978.84 984.76 0.00
1570 2885.46 3591.90 0.00
1571 1994.27 2440.32 0.00
1572 2531.69 1080.00 0.00
1573 1447.34 4355.38 0.00
1574 2357.63 8137.99 0.00
1575 1405.92 3422.02 0.00
1576 1645.83 616.06 0.00
1577 614.05 5.75 0.00
1578 823.31 3.69 0.00
1579 681.76 1.95 0.00
1580 260.34 1.01 0.00
1581 449.65 1.51 0.00
1582 2.03 0.54 0.00
1583 1.33 0.48 0.00
1584 263.27 1011.70 0.00
1585 1418.10 4047.34 0.00
1586 3331.16 3700.81 0.00
1587 4276.99 4634.72 0.00
1588 8253.63 7807.27 0.00
1589 11033.67 11382.49 0.00
1590 11084.03 16029.04 0.00
1591 13069.59 14298.83 0.00
1592 6760.12 10120.63 0.00
1593 5877.17 9806.59 0.00
1594 3001.74 4456.31 0.00
1595 2454.67 4305.24 0.00
1596 1558.28 3319.60 0.00
1597 3358.10 2799.56 0.00
1598 4194.99 5403.30 0.00
1599 3845.84 2428.33 0.00
1600 1867.33 415.60 0.00
1601 157.12 1.58 0.00
1602 3746.23 4.61 0.00
1603 6475.65 1323.02 0.00
1604 10112.78 17534.03 0.00
1605 5605.96 14098.70 0.00
1606 9248.35 12395.33 0.00
1607 2908.98 4542.03 0.00
1608 4584.97 6689.40 0.00
1609 3937.30 6493.67 0.00
1610 4418.04 3642.98 0.00
1611 4177.21 3361.32 0.00
1612 2743.98 1127.62 0.00
1613 3164.19 1716.03 0.00
1614 2911.67 4.71 0.00
1615 432.40 1.25 0.00
1616 2.89 0.69 0.00
1617 3.30 1.71 0.00
1618 3382.71 10.52 0.00
1619 5463.57 4384.83 0.00
1620 6813.84 3350.19 0.00
1621 4196.96 5038.80 0.00
1622 3052.44 4843.08 0.00
1623 788.61 524.53 0.00
1624 1206.36 4.66 0.00
1625 1224.87 2.03 0.00
1626 29.16 0.74 0.00
1627 1.53 0.61 0.00
1628 4569.89 12750.93 0.00
1629 21.95 14504.39 0.00
1630 6.96 2786.86 0.00
1631 1.11 0.48 0.00
1632 1.48 0.54 0.00
1633 1.99 0.54 0.00
1634 706.76 3391.68 0.00
1635 3509.97 6521.30 0.00
1636 2919.96 1615.41 0.00
1637 4204.88 6.17 0.00
1638 4608.43 994.93 0.00
1639 5555.16 3458.15 0.00
1640 4752.44 5011.36 0.00
1641 5802.90 5384.63 0.00
1642 5420.86 1817.58 0.00
1643 10640.38 1984.84 0.00
1644 3353.02 402.50 0.00
1645 1288.61 3.45 0.00
1646 1569.52 4.73 0.00
1647 2874.04 3550.34 0.00
1648 1307.69 2287.86 0.00
1649 1571.05 3308.38 0.00
1650 4.12 2600.70 0.00
1651 1.67 534.03 0.00
1652 1.38 4.74 0.00
1653 1.95 1.91 0.00
1654 1.80 2.33 0.00
1655 3626.46 6378.68 0.00
1656 285.63 15414.57 0.00
1657 10.18 6129.44 0.00
1658 7.81 3748.11 0.00
1659 7.06 4035.96 0.00
1660 21.84 9992.02 0.00
1661 31.51 13033.40 0.00
1662 2.52 62.57 0.00
1663 0.88 0.42 0.00
1664 1.71 1.66 0.00
1665 1.44 0.47 0.00
1666 1.22 0.42 0.00
1667 1.57 0.48 0.00
1668 1.05 2.05 0.00
1669 1.27 2.08 0.00
1670 9.49 2886.25 0.00
1671 7.04 3336.12 0.00
1672 3.80 955.65 0.00
1673 2.94 2366.84 0.00
1674 3.46 274.21 0.00
1675 0.44 0.42 0.00
1676 1.44 0.42 0.00
1677 0.48 0.48 0.00
1678 0.95 0.39 0.00
1679 1.47 2.00 0.00
1680 0.56 0.42 0.00
1681 8.44 2481.54 0.00
1682 10.97 4445.07 0.00
1683 5.62 3337.52 0.00
1684 5.50 3278.24 0.00
1685 9.78 3675.22 0.00
1686 3.38 1108.17 0.00
1687 10.74 4812.87 0.00
1688 11.65 6129.78 0.00
1689 18.83 9797.53 0.00
1690 1.07 53.23 0.00
1691 4.26 801.28 0.00
1692 7.18 3622.35 0.00
1693 3.05 2693.07 0.00
1694 2.71 724.39 0.00
1695 1.35 0.54 0.00
1696 1.33 0.42 0.00
1697 1.30 2.05 0.00
1698 7129.43 5502.60 0.00
1699 7069.78 8875.83 0.00
1700 9758.16 8781.35 0.00
1701 532.76 15556.84 0.00
1702 1061.70 7432.34 0.00
1703 8.46 5395.38 0.00
1704 10.29 4032.85 0.00
1705 15.46 5650.71 0.00
1706 6.25 3006.12 0.00
1707 11.11 4984.94 0.00
1708 25.07 12544.62 0.00
1709 18.00 9805.98 0.00
1710 23.90 11209.54 0.00
1711 26.21 16589.28 0.00
1712 14.72 7740.70 0.00
1713 1.89 0.42 0.00
1714 3.66 2.20 0.00
1715 1.55 0.42 0.00
1716 1.17 0.54 0.00
1717 18.92 10696.11 0.00
1718 16.93 4615.44 0.00
1719 11.51 4689.91 0.00
1720 10.37 3888.19 0.00
1721 10.07 3747.40 0.00
1722 4.73 1204.32 0.00
1723 2.59 19.46 0.00
1724 2.79 2.13 0.00
1725 7.25 2126.88 0.00
1726 16.80 9547.45 0.00
1727 7.61 5148.66 0.00
1728 6.93 4001.24 0.00
1729 4.11 1890.66 0.00
1730 3.38 1737.34 0.00
1731 2.19 4.04 0.00
1732 2.69 5.30 0.00
1733 0.88 0.42 0.00
1734 2.32 2.20 0.00
1735 5.64 1207.56 0.00
1736 7.83 2636.50 0.00
1737 8.39 5199.46 0.00
1738 7.30 1964.75 0.00
1739 5.82 2274.83 0.00
1740 3.63 836.50 0.00
1741 7.37 2507.10 0.00
1742 8.46 4330.96 0.00
1743 13.77 8148.19 0.00
1744 3.11 85.06 0.00
1745 1.56 2.07 0.00
1746 1.63 1.46 0.00
1747 1.61 7.02 0.00
1748 0.88 0.42 0.00
1749 1.69 0.68 0.00
1750 1.28 2.66 0.00
1751 0.89 0.47 0.00
1752 1.95 2.03 0.00
1753 1.21 0.87 0.00
1754 1.23 0.48 0.00
1755 1.91 2.02 0.00
1756 0.77 0.98 0.00
1757 0.78 0.48 0.00
1758 1.45 1.92 0.00
1759 2.55 1.06 0.00
1760 1.30 2.02 0.00
1761 1.11 0.47 0.00
1762 3.20 2.55 0.00
1763 0.66 0.42 0.00
1764 1.70 0.42 0.00
1765 2.37 2.62 0.00
1766 1.55 0.45 0.00
1767 2.66 0.42 0.00
1768 1.96 0.93 0.00
1769 2.49 0.42 0.00
1770 3.75 2.17 0.00
1771 1.54 0.96 0.00
1772 2.19 2.10 0.00
1773 1.77 1.92 0.00
1774 1.54 0.93 0.00
1775 2.01 2.08 0.00
1776 1.10 0.47 0.00
1777 0.77 0.93 0.00
1778 2.36 0.42 0.00
1779 2.00 0.97 0.00
1780 1.26 2.58 0.00
1781 2.10 0.64 0.00
1782 6.84 3072.72 0.00
1783 8.00 5192.01 0.00
1784 2.56 1910.89 0.00
1785 1.09 2.01 0.00
1786 1.54 0.93 0.00
1787 4.80 1563.05 0.00
1788 5.08 2318.97 0.00
1789 9.50 6207.81 0.00
1790 1.16 2.07 0.00
1791 0.96 0.42 0.00
1792 2.32 2.13 0.00
1793 0.55 0.42 0.00
1794 1.30 0.42 0.00
1795 1.71 2.55 0.00
1796 0.66 0.45 0.00
1797 1.43 0.42 0.00
1798 2.89 0.93 0.00
1799 1.16 0.42 0.00
1800 1.00 2.07 0.00
1801 2.93 1.00 0.00
1802 1.15 2.10 0.00
1803 0.55 1.92 0.00
1804 2.63 0.93 0.00
1805 1.11 2.13 0.00
1806 1.33 0.42 0.00
1807 0.77 0.93 0.00
1808 0.44 0.42 0.00
1809 1.89 0.97 0.00
1810 2.44 2.91 0.00
1811 0.34 0.00 0.00
1812 1.95 3.76 0.00
1813 0.88 0.93 0.00
1814 0.71 0.42 0.00
1815 1.84 2.20 0.00
1816 0.77 0.93 0.00
1817 0.57 0.14 0.00
1818 1.22 1.84 0.00
1819 0.88 1.06 0.00
1820 0.89 2.08 0.00
1821 1.33 0.47 0.00
1822 1.17 2.55 0.00
1823 0.55 0.42 0.00
1824 1.70 0.42 0.00
1825 1.17 2.66 0.00
1826 1.11 0.47 0.00
1827 1.36 0.42 0.00
1828 0.77 0.93 0.00
1829 1.38 0.42 0.00
1830 1.66 1.94 0.00
1831 1.11 1.00 0.00
1832 1.42 1.76 0.00
1833 0.77 1.84 0.00
1834 0.71 0.93 0.00
1835 1.84 2.17 0.00
1836 1.70 0.45 0.00
1837 0.77 0.93 0.00
1838 1.70 0.42 0.00
1839 2.16 0.97 0.00
1840 1.24 2.75 0.00
1841 1.44 0.45 0.00
1842 3.58 3.66 0.00
1843 0.66 1.09 0.00
1844 1.38 0.42 0.00
1845 1.33 2.07 0.00
1846 1.66 1.00 0.00
1847 1.13 0.48 0.00
1848 0.65 1.90 0.00
1849 1.78 1.06 0.00
1850 1.40 2.15 0.00
1851 0.89 0.47 0.00
1852 2.51 2.55 0.00
1853 1.34 0.42 0.00
1854 1.64 0.42 0.00
1855 1.88 0.86 0.00
1856 0.73 2.32 0.00
1857 0.66 0.42 0.00
1858 2.93 0.93 0.00
1859 0.33 0.42 0.00
1860 0.44 0.42 0.00
1861 1.88 2.52 0.00
1862 1.76 3.60 0.00
1863 0.60 0.42 0.00
1864 1.22 0.93 0.00
1865 0.66 0.42 0.00
1866 2.46 2.13 0.00
1867 0.55 0.93 0.00
1868 0.93 0.42 0.00
1869 1.63 0.97 0.00
1870 0.66 0.93 0.00
1871 0.83 2.07 0.00
1872 1.40 2.03 0.00
1873 1.03 0.93 0.00
1874 0.65 0.42 0.00
1875 2.59 0.42 0.00
1876 1.04 2.58 0.00
1877 1.14 1.98 0.00
1878 2.63 0.42 0.00
1879 0.73 1.06 0.00
1880 0.55 0.42 0.00
1881 2.69 2.00 0.00
1882 1.96 2.55 0.00
1883 1.04 0.42 0.00
1884 1.10 0.42 0.00
1885 1.21 0.93 0.00
1886 1.72 1.60 0.00
1887 1.47 0.47 0.00
1888 1.47 0.93 0.00
1889 1.77 0.42 0.00
1890 1.58 0.42 0.00
1891 2.54 2.59 0.00
1892 2.53 2.15 0.00
1893 1.92 1.92 0.00
1894 0.88 0.93 0.00
1895 1.45 0.42 0.00
1896 0.85 1.76 0.00
1897 0.54 1.03 0.00
1898 2.11 0.42 0.00
1899 1.48 0.97 0.00
1900 0.54 0.93 0.00
1901 1.94 2.00 0.00
1902 1.27 2.08 0.00
1903 1.14 0.93 0.00
1904 1.67 0.42 0.00
1905 0.77 0.42 0.00
1906 2.33 2.62 0.00
1907 1.35 0.51 0.00
1908 1.03 1.90 0.00
1909 1.84 1.06 0.00
1910 1.44 0.42 0.00
1911 1.27 1.97 0.00
1912 2.04 2.65 0.00
1913 1.67 0.42 0.00
1914 3.30 0.42 0.00
1915 2.05 0.93 0.00
1916 1.52 2.10 0.00
1917 2.04 0.45 0.00
1918 2.24 0.93 0.00
1919 1.07 0.42 0.00
1920 2.37 0.42 0.00
1921 2.11 2.55 0.00
1922 1.49 3.70 0.00
1923 1.49 0.42 0.00
1924 1.44 0.93 0.00
1925 0.55 0.00 0.00
1926 2.27 2.04 0.00
1927 1.51 0.96 0.00
1928 0.70 0.42 0.00
1929 1.96 0.97 0.00
1930 1.29 0.93 0.00
1931 1.26 1.97 0.00
1932 2.19 2.13 0.00
1933 1.37 0.93 0.00
1934 1.10 0.42 0.00
1935 1.99 0.42 0.00
1936 1.44 2.59 0.00
1937 1.12 0.54 0.00
1938 1.38 1.92 0.00
1939 1.17 1.06 0.00
1940 0.66 0.42 0.00
1941 1.89 2.10 0.00
1942 1.06 2.58 0.00
1943 1.01 0.42 0.00
1944 1.56 0.42 0.00
1945 1.30 0.93 0.00
1946 2.17 2.10 0.00
1947 2.15 0.45 0.00
1948 1.12 0.93 0.00
1949 1.77 0.42 0.00
1950 1.36 0.42 0.00
1951 1.78 2.55 0.00
1952 3.32 2.20 0.00
1953 0.93 1.92 0.00
1954 0.99 0.93 0.00
1955 3.27 0.42 0.00
1956 16.38 8898.41 0.00
1957 3.86 875.68 0.00
1958 23.50 5407.79 0.00
1959 26.31 10126.22 0.00
1960 25.96 9681.46 0.00
1961 1.66 1.29 0.00
1962 1.80 3.82 0.00
1963 1.38 0.93 0.00
1964 1.66 0.42 0.00
1965 0.65 0.42 0.00
1966 1.89 0.93 0.00
1967 1.29 2.13 0.00
1968 0.70 1.92 0.00
1969 1.51 1.06 0.00
1970 1.00 0.42 0.00
1971 0.43 0.42 0.00
1972 2.41 4.27 0.00
1973 0.93 0.42 0.00
1974 1.02 0.42 0.00
1975 2.08 0.93 0.00
1976 0.75 0.42 0.00
1977 1.52 2.33 0.00
1978 1.82 0.93 0.00
1979 0.85 0.42 0.00
1980 0.66 0.42 0.00
1981 2.42 0.93 0.00
1982 1.51 5.19 0.00
1983 0.82 0.42 0.00
1984 1.22 0.93 0.00
1985 0.66 0.42 0.00
1986 7.05 0.81 0.00
1987 2.10 2.79 0.00
1988 1.00 0.48 0.00
1989 1.99 3.86 0.00
1990 1.13 1.19 0.00
1991 2.04 0.42 0.00
1992 0.55 0.42 0.00
1993 1.47 0.93 0.00
1994 2.56 0.58 0.00
1995 1.22 0.42 0.00
1996 1.43 0.93 0.00
1997 2.05 1.98 0.00
1998 0.82 0.42 0.00
1999 1.33 0.93 0.00
2000 0.88 0.42 0.00
2001 0.77 0.42 0.00
2002 1.33 0.93 0.00
2003 0.82 0.42 0.00
2004 1.11 0.42 0.00
2005 1.77 0.93 0.00
2006 0.43 0.42 0.00
2007 2.49 0.42 0.00
2008 1.23 0.93 0.00
2009 0.99 0.42 0.00
2010 2.48 0.42 0.00
2011 1.21 0.93 0.00
2012 1.08 1.98 0.00
2013 1.82 0.42 0.00
2014 0.77 0.93 0.00
2015 0.54 0.42 0.00
2016 1.67 0.42 0.00
2017 0.88 0.93 0.00
2018 1.64 0.42 0.00
2019 1.78 0.42 0.00
2020 1.11 0.93 0.00
2021 1.00 0.42 0.00
2022 1.42 0.41 0.00
2023 1.15 0.93 0.00
2024 0.89 0.42 0.00
2025 1.22 0.42 0.00
2026 0.99 0.93 0.00
2027 1.80 1.98 0.00
2028 0.93 0.42 0.00
2029 0.77 0.93 0.00
2030 2.85 0.49 0.00
2031 0.62 0.13 0.00
2032 0.77 0.87 0.00
2033 2.64 0.42 0.00
2034 1.36 0.42 0.00
2035 1.33 0.93 0.00
2036 2.59 0.42 0.00
2037 0.65 0.42 0.00
2038 1.04 0.93 0.00
2039 1.22 0.42 0.00
2040 0.77 0.42 0.00
2041 1.21 0.93 0.00
2042 2.66 0.56 0.00
2043 0.81 1.84 0.00
2044 0.88 0.93 0.00
2045 1.66 0.42 0.00
2046 1.10 0.42 0.00
2047 1.67 0.93 0.00
2048 0.60 0.42 0.00
2049 1.44 0.42 0.00
2050 1.81 1.07 0.00
2051 4.85 3.57 0.00
2052 0.88 0.42 0.00
2053 1.71 0.93 0.00
2054 6.20 486.52 0.00
2055 0.88 0.42 0.00
2056 8.10 181.84 0.00
2057 0.79 0.48 0.00
2058 16.10 1208.18 0.00
2059 1.85 0.93 0.00
