0 2.28 0.89 0.00
1 1.44 0.30 0.00
2 2.67 0.30 0.00
3 1.84 0.96 0.00
4 2.34 1.73 0.00
5 6.85 3.53 0.00
6 5.01 3.31 0.00
7 1.97 0.30 0.00
8 1.22 0.30 0.00
9 4.89 0.95 0.00
10 2.22 2.88 0.00
11 4.02 5.62 0.00
12 33914.26 63.79 0.00
13 54420.37 70.49 0.00
14 28.57 6.28 0.00
15 28.32 5.98 0.00
16 3.87 2.35 0.00
17 1.63 0.30 0.00
18 150.08 13.82 0.00
19 3.91 0.63 0.00
20 139.26 11.00 0.00
21 1.79 2.74 0.00
22 139.66 20.93 0.00
23 136.68 11.75 0.00
24 258.30 296.17 0.00
25 260.55 30.93 0.00
26 1.37 2.23 0.00
27 2.43 0.51 0.00
28 1.62 4.58 0.00
29 244.09 413.51 0.00
30 3.48 21.95 0.00
31 78.59 12.43 0.00
32 205.85 12.63 0.00
33 5.12 154.20 0.00
34 3.68 112.38 0.00
35 77.41 18.22 0.00
36 2.47 3.08 0.00
37 4.36 163.67 0.00
38 215.53 25.20 0.00
39 4.36 120.54 0.00
40 209.79 112.43 0.00
41 1.20 2.35 0.00
42 1.33 0.82 0.00
43 207.57 12.18 0.00
44 145.54 224.77 0.00
45 94.48 2.92 0.00
46 1.48 8.02 0.00
47 1.75 0.30 0.00
48 11.45 10.07 0.00
49 100.33 8.00 0.00
50 4.29 149.21 0.00
51 1.39 19.77 0.00
52 117.54 8.03 0.00
53 1.97 0.30 0.00
54 2.40 0.82 0.00
55 2.03 0.37 0.00
56 112.47 9.59 0.00
57 2093.07 18.87 0.00
58 3265.17 10.67 0.00
59 17573.92 26.92 0.00
60 33103.81 38.78 0.00
61 28695.18 27.36 0.00
62 34607.34 63.20 0.00
63 14816.33 20.39 0.00
64 0.82 6.09 0.00
65 1.56 0.30 0.00
66 1.90 3.00 0.00
67 4.24 101.15 0.00
68 2.30 103.69 0.00
69 0.71 0.82 0.00
70 1.11 0.30 0.00
71 2.84 91.42 0.00
72 0.87 13.61 0.00
73 1.22 0.30 0.00
74 1.23 0.30 0.00
75 17.47 13.88 0.00
76 23.32 6.22 0.00
77 1.87 0.30 0.00
78 1.34 6.62 0.00
79 2.12 0.30 0.00
80 1.61 0.30 0.00
81 1.50 2.74 0.00
82 1.86 0.00 0.00
83 0.66 0.30 0.00
84 1.47 0.82 0.00
85 221.69 3.08 0.00
86 1816.40 10.59 0.00
87 1421.66 3.33 0.00
88 21.78 17.09 0.00
89 1.22 4.54 0.00
90 12.06 9.35 0.00
91 13.18 10.56 0.00
92 0.55 0.30 0.00
93 3.04 0.82 0.00
94 3.29 178.62 0.00
95 0.99 31.41 0.00
96 5.83 182.24 0.00
97 0.88 34.24 0.00
98 0.96 4.24 0.00
99 3.22 0.82 0.00
100 0.55 0.30 0.00
101 1.20 2.42 0.00
102 1.33 0.82 0.00
103 0.77 0.30 0.00
104 1.03 0.30 0.00
105 244.70 3.01 0.00
106 1.07 1.90 0.00
107 11.79 9.07 0.00
108 1.39 5.06 0.00
109 144.70 10.59 0.00
110 1.99 0.30 0.00
111 0.96 2.44 0.00
112 0.94 0.14 0.00
113 1.46 0.00 0.00
114 1.36 2.25 0.00
115 1.04 0.00 0.00
116 2.06 2.23 0.00
117 0.88 0.82 0.00
118 0.95 4.54 0.00
119 257.58 2.70 0.00
120 0.99 0.51 0.00
121 1.35 1.93 0.00
122 1.64 0.36 0.00
123 1.22 0.51 0.00
124 0.76 0.06 0.00
125 1.22 0.00 0.00
126 11.88 11.24 0.00
127 11.77 10.27 0.00
128 1.06 4.54 0.00
129 0.92 0.82 0.00
130 1.33 0.30 0.00
131 1.01 1.83 0.00
132 2.14 0.85 0.00
133 6.68 416.13 0.00
134 0.71 0.30 0.00
135 1.70 0.51 0.00
136 3.92 194.11 0.00
137 0.51 1.81 0.00
138 3.49 6.62 0.00
139 1.82 0.30 0.00
140 1.02 0.30 0.00
141 1.86 2.87 0.00
142 1.66 0.30 0.00
143 1.00 0.30 0.00
144 4.01 111.16 0.00
145 2.25 16.18 0.00
146 1.69 2.29 0.00
147 2.36 0.82 0.00
148 1.18 4.24 0.00
149 1.09 0.06 0.00
150 145.34 3.56 0.00
151 197.43 13.59 0.00
152 0.66 0.30 0.00
153 1.95 2.39 0.00
154 1.36 0.30 0.00
155 0.55 0.00 0.00
156 2.71 2.88 0.00
157 0.99 0.30 0.00
158 1.19 4.24 0.00
159 2.96 0.51 0.00
160 2.48 97.73 0.00
161 1.74 9.49 0.00
162 1.90 1.02 0.00
163 227.98 100.36 0.00
164 12.15 9.00 0.00
165 11.69 9.22 0.00
166 1.12 1.84 0.00
167 1.77 0.30 0.00
168 1.56 6.62 0.00
169 1.85 0.30 0.00
170 1.55 0.30 0.00
171 2.57 2.57 0.00
172 0.88 0.00 0.00
173 1.66 0.30 0.00
174 2.63 0.82 0.00
175 4.23 151.84 0.00
176 1.67 45.93 0.00
177 1.91 0.82 0.00
178 11.52 13.24 0.00
179 1.38 0.30 0.00
180 1.15 0.88 0.00
181 1.42 2.33 0.00
182 1.33 0.30 0.00
183 0.83 0.66 0.00
184 1.17 1.93 0.00
185 5.45 259.03 0.00
186 3.20 48.17 0.00
187 1.21 0.30 0.00
188 66.83 5.57 0.00
189 1.98 0.82 0.00
190 310.48 2.82 0.00
191 14.27 274.24 0.00
192 1.88 0.82 0.00
193 118.00 10.30 0.00
194 1.26 0.00 0.00
195 1.72 0.51 0.00
196 11.58 10.50 0.00
197 0.77 0.00 0.00
198 1.50 0.00 0.00
199 1.16 5.20 0.00
200 2.21 1.73 0.00
201 2.22 2.68 0.00
202 0.83 0.30 0.00
203 0.45 0.00 0.00
204 1.92 0.82 0.00
205 1.19 0.30 0.00
206 2.71 2.29 0.00
207 2.14 0.51 0.00
208 1.27 0.30 0.00
209 5.27 158.78 0.00
210 1.37 0.82 0.00
211 1.92 1.93 0.00
212 1.42 0.00 0.00
213 2.20 1.01 0.00
214 0.93 1.73 0.00
215 1.85 0.30 0.00
216 2.77 2.74 0.00
217 0.80 0.63 0.00
218 254.91 6.64 0.00
219 1.40 0.82 0.00
220 0.97 0.00 0.00
221 12.43 11.05 0.00
222 0.66 0.82 0.00
223 0.97 0.00 0.00
224 1.59 0.00 0.00
225 1.32 0.82 0.00
226 2.35 2.16 0.00
227 0.55 0.00 0.00
228 1.57 6.69 0.00
229 1.59 0.30 0.00
230 0.66 0.00 0.00
231 1.37 3.00 0.00
232 1.78 0.30 0.00
233 1.10 0.00 0.00
234 1.04 0.82 0.00
235 1.92 0.30 0.00
236 135.25 13.04 0.00
237 2.49 1.27 0.00
238 231.26 6.50 0.00
239 1.23 0.30 0.00
240 1.86 0.82 0.00
241 2.68 2.40 0.00
242 0.66 0.00 0.00
243 5.12 189.68 0.00
244 13.08 8.40 0.00
245 1.06 0.30 0.00
246 4.02 307.49 0.00
247 1.55 28.43 0.00
248 2.65 0.06 0.00
249 1.81 0.79 0.00
250 1.84 4.54 0.00
251 3.01 2.36 0.00
252 1.74 0.51 0.00
253 1.55 0.00 0.00
254 2.69 0.43 0.00
255 0.78 0.51 0.00
256 2.36 2.29 0.00
257 0.77 0.30 0.00
258 11.70 15.32 0.00
259 1.49 0.30 0.00
260 0.77 0.30 0.00
261 2.23 2.48 0.00
262 1.77 0.30 0.00
263 1.22 0.30 0.00
264 3.10 105.52 0.00
265 132.82 7.94 0.00
266 1.96 2.59 0.00
267 2.51 0.00 0.00
268 4.93 155.31 0.00
269 125.92 1.94 0.00
270 1.55 0.50 0.00
271 1.81 1.96 0.00
272 0.55 0.33 0.00
273 1.83 0.66 0.00
274 1.04 0.00 0.00
275 0.88 1.73 0.00
276 3.86 86.28 0.00
277 23.93 238.16 0.00
278 226.02 15.31 0.00
279 2.63 0.82 0.00
280 0.44 0.30 0.00
281 1.42 2.36 0.00
282 1.33 0.82 0.00
283 1.33 1.11 0.00
284 198.46 215.54 0.00
285 1.44 0.51 0.00
286 1.20 2.00 0.00
287 2.37 0.36 0.00
288 1.08 6.69 0.00
289 1.26 0.37 0.00
290 2.37 0.30 0.00
291 1.18 2.33 0.00
292 0.66 0.41 0.00
293 2.59 0.30 0.00
294 1.14 0.82 0.00
295 1.13 0.30 0.00
296 2.65 2.33 0.00
297 1.11 0.85 0.00
298 0.84 4.54 0.00
299 1.82 0.30 0.00
300 136.68 11.24 0.00
301 1.26 2.36 0.00
302 8.39 0.65 0.00
303 0.84 2.39 0.00
304 0.91 0.20 0.00
305 2.11 0.56 0.00
306 1.17 2.74 0.00
307 163.47 1.82 0.00
308 1.34 4.54 0.00
309 1.15 0.51 0.00
310 143.46 10.90 0.00
311 3.85 94.37 0.00
312 0.88 9.30 0.00
313 2.10 0.30 0.00
314 11.62 8.40 0.00
315 0.88 0.82 0.00
316 2.92 2.36 0.00
317 1.21 0.00 0.00
318 1.67 6.62 0.00
319 1.92 0.30 0.00
320 1.78 0.58 0.00
321 3.39 209.66 0.00
322 2.12 60.98 0.00
323 3.35 144.30 0.00
324 1.10 0.95 0.00
325 11.89 9.00 0.00
326 2.61 2.29 0.00
327 2.47 0.82 0.00
328 0.96 4.54 0.00
329 2.08 0.30 0.00
330 1.54 0.82 0.00
331 2.03 2.68 0.00
332 1.88 0.00 0.00
333 1.72 2.39 0.00
334 0.93 0.30 0.00
335 1.40 0.56 0.00
336 295.79 5.13 0.00
337 0.99 0.30 0.00
338 0.99 0.30 0.00
339 2.92 5.06 0.00
340 1.22 0.00 0.00
341 1.69 1.96 0.00
342 2.88 0.85 0.00
343 11.29 9.06 0.00
344 1.82 0.30 0.00
345 11.58 9.22 0.00
346 1.86 2.30 0.00
347 1.33 0.00 0.00
348 1.06 1.93 0.00
349 11.69 13.46 0.00
350 1.44 0.30 0.00
351 1.30 2.81 0.00
352 0.61 0.00 0.00
353 1.55 0.00 0.00
354 1.54 0.51 0.00
355 1.58 0.00 0.00
356 2.25 2.24 0.00
357 1.33 1.15 0.00
358 1.34 5.07 0.00
359 2.53 43.11 0.00
360 131.71 24.80 0.00
361 1.09 2.35 0.00
362 1.61 0.34 0.00
363 11.74 11.08 0.00
364 2.36 0.30 0.00
365 1.49 0.34 0.00
366 1.58 2.51 0.00
367 2.46 0.35 0.00
368 1.39 4.54 0.00
369 3.56 150.81 0.00
370 3.27 0.30 0.00
371 1.34 1.79 0.00
372 1.00 0.89 0.00
373 2.09 0.76 0.00
374 120.99 1.91 0.00
375 1.11 0.82 0.00
376 2.14 1.93 0.00
377 1.67 0.00 0.00
378 124.96 8.21 0.00
379 1.49 0.00 0.00
380 1.22 0.62 0.00
381 3.97 133.87 0.00
382 1.38 0.37 0.00
383 0.80 0.44 0.00
384 2.02 1.01 0.00
385 267.30 11.00 0.00
386 1.63 2.42 0.00
387 2.70 1.13 0.00
388 3.46 105.28 0.00
389 158.77 1.98 0.00
390 1.44 0.82 0.00
391 12.59 10.69 0.00
392 0.84 0.30 0.00
393 1.72 2.39 0.00
394 1.11 0.30 0.00
395 1.21 0.30 0.00
396 2.67 2.80 0.00
397 0.88 0.30 0.00
398 12.05 12.64 0.00
399 2.62 0.82 0.00
400 0.77 0.30 0.00
401 2.41 2.33 0.00
402 2.67 1.13 0.00
403 2.25 0.83 0.00
404 3.72 99.43 0.00
405 14.79 218.80 0.00
406 2.60 61.55 0.00
407 1.99 0.30 0.00
408 2.17 4.68 0.00
409 4.65 110.00 0.00
410 1.48 33.05 0.00
411 2.39 2.30 0.00
412 1.69 1.33 0.00
413 161.94 10.01 0.00
414 1.42 0.30 0.00
415 1.70 0.82 0.00
416 1.99 1.81 0.00
417 1.08 0.53 0.00
418 0.95 5.06 0.00
419 1.59 0.30 0.00
420 0.55 0.00 0.00
421 2.14 68.34 0.00
422 1.40 0.00 0.00
423 3.42 261.50 0.00
424 103.85 1.96 0.00
425 2.07 0.50 0.00
426 2.46 2.26 0.00
427 2.78 0.33 0.00
428 1.73 5.06 0.00
429 1.94 0.30 0.00
430 2.35 0.00 0.00
431 2.08 2.34 0.00
432 2.08 0.17 0.00
433 6.68 189.31 0.00
434 12.03 43.45 0.00
435 1.44 0.00 0.00
436 2.69 2.26 0.00
437 162.95 3.45 0.00
438 2.36 4.54 0.00
439 2.11 0.45 0.00
440 0.66 2.25 0.00
441 2.62 2.30 0.00
442 3.38 0.00 0.00
443 1.73 0.87 0.00
444 12.26 8.70 0.00
445 3.81 0.30 0.00
446 2.81 2.75 0.00
447 11.47 139.00 0.00
448 5.60 4.76 0.00
449 254.77 3.06 0.00
450 2.51 0.36 0.00
451 2.16 2.29 0.00
452 1.52 0.82 0.00
453 1.81 1.87 0.00
454 1.54 0.30 0.00
455 0.99 0.51 0.00
456 2.88 2.26 0.00
457 2.09 0.33 0.00
458 2.14 0.95 0.00
459 2.70 4.54 0.00
460 1.00 0.00 0.00
461 2.07 2.51 0.00
462 1.97 0.00 0.00
463 1.19 0.63 0.00
464 5.43 321.57 0.00
465 1.33 0.30 0.00
466 12.21 10.75 0.00
467 1.57 1.02 0.00
468 193.99 8.15 0.00
469 67.16 2.30 0.00
470 3.64 142.04 0.00
471 11.66 17.70 0.00
472 1.11 0.30 0.00
473 1.96 0.82 0.00
474 1.34 0.30 0.00
475 1.36 0.00 0.00
476 12.15 10.77 0.00
477 1.08 0.30 0.00
478 0.88 0.30 0.00
479 1.89 4.75 0.00
480 1.31 0.30 0.00
481 2.35 2.03 0.00
482 1.76 0.82 0.00
483 11.53 10.27 0.00
484 2.20 0.30 0.00
485 2.53 0.82 0.00
486 1.46 2.42 0.00
487 3.39 0.00 0.00
488 2.29 5.06 0.00
489 2.46 0.30 0.00
490 2.22 0.30 0.00
491 1.79 2.80 0.00
492 1.33 0.00 0.00
493 2.26 0.13 0.00
494 1.89 0.51 0.00
495 0.58 0.20 0.00
496 2.11 1.91 0.00
497 1.10 0.58 0.00
498 1.69 5.81 0.00
499 1.71 0.00 0.00
500 66.83 1.66 0.00
501 2.03 2.23 0.00
502 1.56 0.00 0.00
503 1.31 0.82 0.00
504 1.25 0.30 0.00
505 1.99 0.30 0.00
506 2.16 2.94 0.00
507 195.38 2.70 0.00
508 1.72 4.54 0.00
509 200.10 12.10 0.00
510 1.32 0.34 0.00
511 2.01 2.00 0.00
512 1.96 0.87 0.00
513 1.88 0.30 0.00
514 1.42 0.34 0.00
515 1.93 2.39 0.00
516 2.08 2.36 0.00
517 1.51 0.30 0.00
518 1.84 5.06 0.00
519 3.62 0.43 0.00
520 11.70 9.32 0.00
521 100.17 13.14 0.00
522 3.35 112.98 0.00
523 2.36 0.30 0.00
524 11.51 8.92 0.00
525 1.33 0.30 0.00
526 2.44 2.20 0.00
527 1.87 0.85 0.00
528 1.18 4.24 0.00
529 1.10 0.45 0.00
530 1.54 2.25 0.00
531 1.50 2.16 0.00
532 0.99 0.37 0.00
533 1.55 0.51 0.00
534 1.21 0.27 0.00
535 1.46 0.30 0.00
536 2.47 3.48 0.00
537 1.10 0.30 0.00
538 1.60 4.68 0.00
539 1.59 0.51 0.00
540 2.27 130.69 0.00
541 2.08 67.44 0.00
542 1.44 0.87 0.00
543 0.73 0.37 0.00
544 1.15 1.81 0.00
545 1.44 0.82 0.00
546 1.60 2.49 0.00
547 1.22 0.43 0.00
548 1.39 5.06 0.00
549 128.09 1.73 0.00
550 198.30 2.73 0.00
551 1.96 2.87 0.00
552 0.55 0.30 0.00
553 22.05 16.93 0.00
554 1.47 0.82 0.00
555 0.55 0.30 0.00
556 2.08 2.30 0.00
557 1.21 0.87 0.00
558 2.76 4.54 0.00
559 1.99 1.87 0.00
560 235.34 3.22 0.00
561 6.19 180.13 0.00
562 1.61 14.59 0.00
563 122.38 10.78 0.00
564 2.08 0.00 0.00
565 2.00 0.00 0.00
566 2.57 2.76 0.00
567 1.47 0.00 0.00
568 2.50 4.57 0.00
569 1.92 0.51 0.00
570 1.33 0.30 0.00
571 2.94 2.24 0.00
572 2.33 0.57 0.00
573 3.06 127.86 0.00
574 1.92 4.83 0.00
575 1.54 0.82 0.00
576 1.72 2.16 0.00
577 11.81 9.39 0.00
578 2.86 5.26 0.00
579 104.16 1.89 0.00
580 1.44 0.34 0.00
581 1.74 1.03 0.00
582 199.96 3.71 0.00
583 1.32 0.00 0.00
584 1.70 0.82 0.00
585 1.22 0.00 0.00
586 2.51 2.23 0.00
587 0.83 0.64 0.00
588 0.77 0.00 0.00
589 2.22 4.54 0.00
590 0.73 0.58 0.00
591 1.61 3.73 0.00
592 1.33 0.00 0.00
593 11.58 9.84 0.00
594 103.52 1.57 0.00
595 14.18 95.05 0.00
596 1.50 16.89 0.00
597 2.04 0.00 0.00
598 1.95 4.60 0.00
599 1.04 0.51 0.00
600 1.93 0.00 0.00
601 2.42 2.00 0.00
602 1.55 0.57 0.00
603 1.66 0.45 0.00
604 2.40 0.00 0.00
605 0.83 2.07 0.00
606 2.35 1.93 0.00
607 1.91 0.81 0.00
608 163.19 11.21 0.00
609 1.59 0.30 0.00
610 4184.18 11.53 0.00
611 8794.91 14.22 0.00
612 5803.44 8.75 0.00
613 8912.60 12.61 0.00
614 8222.55 24.53 0.00
615 3.12 78.27 0.00
616 7298.06 18.01 0.00
617 12101.26 16.80 0.00
618 2.84 4.54 0.00
619 3195.90 7.42 0.00
620 0.99 0.82 0.00
621 4167.64 8.00 0.00
622 6255.23 10.55 0.00
623 13499.58 24.43 0.00
624 15709.95 19.12 0.00
625 4874.32 10.10 0.00
626 9980.36 18.34 0.00
627 18400.26 31.62 0.00
628 22141.28 33.48 0.00
629 11790.73 23.41 0.00
630 19895.40 56.70 0.00
631 10315.04 21.19 0.00
632 1958.66 3.01 0.00
633 1958.06 6.94 0.00
634 1.55 1.87 0.00
635 1.94 0.82 0.00
636 5409.06 130.85 0.00
637 7228.00 13.32 0.00
638 1108.34 6.93 0.00
639 8331.56 16.80 0.00
640 5658.61 11.58 0.00
641 7294.46 14.79 0.00
642 34012.84 44.62 0.00
643 36725.21 43.69 0.00
644 32934.28 35.56 0.00
645 31128.75 33.45 0.00
646 44882.42 51.03 0.00
647 25175.15 22.47 0.00
648 24974.24 33.84 0.00
649 15579.35 15.71 0.00
650 519.67 4.50 0.00
651 2.03 2.39 0.00
652 5215.59 25.87 0.00
653 2.11 5.85 0.00
654 2408.51 10.04 0.00
655 1699.57 7.33 0.00
656 8678.90 24.20 0.00
657 13418.13 41.54 0.00
658 6249.53 14.54 0.00
659 5145.76 195.38 0.00
660 3190.34 6.88 0.00
661 8334.54 177.06 0.00
662 277.95 8.29 0.00
663 1.14 1.87 0.00
664 1.40 0.34 0.00
665 2.36 0.82 0.00
666 1.55 2.35 0.00
667 2.49 0.37 0.00
668 15.47 10.72 0.00
669 27.45 6.48 0.00
670 13.29 16.12 0.00
671 6580.43 2329.90 0.00
672 12097.54 2618.53 0.00
673 15003.78 1988.13 0.00
674 8466.87 3407.14 0.00
675 6072.85 4744.80 0.00
676 5829.68 5051.72 0.00
677 5263.03 4992.00 0.00
678 5647.96 7739.15 0.00
679 7952.13 5507.39 0.00
680 9839.42 4053.31 0.00
681 10044.21 8298.57 0.00
682 8952.36 13740.04 0.00
683 7235.08 17311.94 0.00
684 6865.09 9836.78 0.00
685 6102.79 6300.35 0.00
686 4728.80 6675.03 0.00
687 4147.18 11352.09 0.00
688 5917.54 11307.11 0.00
689 2357.44 7087.03 0.00
690 2931.29 4942.79 0.00
691 3654.44 1999.05 0.00
692 5681.11 1661.93 0.00
693 7466.84 3047.21 0.00
694 12933.03 6132.62 0.00
695 14023.14 5146.22 0.00
696 11561.55 3484.44 0.00
697 7696.85 6.70 0.00
698 15261.27 5801.33 0.00
699 12927.01 10867.29 0.00
700 3084.53 1060.78 0.00
701 1.52 0.64 0.00
702 261.59 1.96 0.00
703 1355.86 4.66 0.00
704 1514.78 2.12 0.00
705 615.20 1.59 0.00
706 332.54 5.90 0.00
707 0.61 0.12 0.00
708 1.44 0.43 0.00
709 2.74 2.42 0.00
710 2.25 0.51 0.00
711 1.19 0.50 0.00
712 0.55 0.30 0.00
713 2.52 0.82 0.00
714 1.08 2.15 0.00
715 0.79 0.50 0.00
716 1.97 0.82 0.00
717 1.50 0.45 0.00
718 1.55 1.79 0.00
719 2.85 2.84 0.00
720 1.10 0.33 0.00
721 2.66 0.30 0.00
722 1.40 0.82 0.00
723 1.47 0.37 0.00
724 2.73 2.26 0.00
725 1.54 0.82 0.00
726 1.40 0.43 0.00
727 1.55 0.30 0.00
728 0.71 0.82 0.00
729 2.18 2.35 0.00
730 1.39 0.00 0.00
731 1.21 0.82 0.00
732 905.61 3.68 0.00
733 2295.95 2.04 0.00
734 1150.99 3.70 0.00
735 1.39 0.37 0.00
736 2.06 0.50 0.00
737 1.54 0.82 0.00
738 1.49 0.37 0.00
739 1.95 2.15 0.00
740 2.17 1.08 0.00
741 2.72 0.75 0.00
742 1.92 0.43 0.00
743 1.36 0.88 0.00
744 3.15 2.51 0.00
745 1.48 0.33 0.00
746 2.25 0.82 0.00
747 2.59 0.45 0.00
748 1.26 1.73 0.00
749 3.79 2.97 0.00
750 1.28 0.43 0.00
751 1.00 0.30 0.00
752 2.14 0.82 0.00
753 2.29 0.30 0.00
754 1.92 2.35 0.00
755 0.88 0.82 0.00
756 1.65 0.30 0.00
757 1.13 0.43 0.00
758 1.36 0.82 0.00
759 2.38 2.22 0.00
760 1.22 0.30 0.00
761 2.48 0.64 0.00
762 1.70 0.66 0.00
763 1.85 1.73 0.00
764 3.03 2.96 0.00
765 1.61 0.40 0.00
766 2.25 0.60 0.00
767 2.21 0.82 0.00
768 1.15 0.30 0.00
769 2.06 1.86 0.00
770 1.66 0.92 0.00
771 0.55 0.30 0.00
772 0.94 0.30 0.00
773 1.43 0.82 0.00
774 1.09 2.32 0.00
775 0.73 0.33 0.00
776 1.54 0.82 0.00
777 1.38 1.87 0.00
778 1.16 0.30 0.00
779 2.17 2.67 0.00
780 1.10 0.30 0.00
781 1.88 0.00 0.00
782 1.43 0.82 0.00
783 1.25 0.30 0.00
784 1.75 2.32 0.00
785 2.26 0.85 0.00
786 3093.68 2777.11 0.00
787 6125.98 14485.27 0.00
788 8396.27 9381.36 0.00
789 10230.57 11930.71 0.00
790 6345.76 12892.23 0.00
791 5671.91 5312.66 0.00
792 6075.25 5096.51 0.00
793 2915.53 8460.40 0.00
794 1748.68 4791.52 0.00
795 3140.28 5160.22 0.00
796 3968.65 1390.08 0.00
797 4946.80 4.12 0.00
798 1075.59 1.21 0.00
799 2540.85 1974.36 0.00
800 4246.77 7775.57 0.00
801 5974.31 7232.05 0.00
802 5044.78 5184.62 0.00
803 4760.54 5934.31 0.00
804 9487.38 14330.79 0.00
805 7812.97 55.15 0.00
806 1366.71 2.43 0.00
807 1293.68 3.29 0.00
808 2.05 0.43 0.00
809 1861.39 1113.02 0.00
810 2003.42 1.85 0.00
811 326.60 0.88 0.00
812 1.67 0.88 0.00
813 3.17 0.56 0.00
814 2.18 2.45 0.00
815 1.51 0.98 0.00
816 1.33 0.37 0.00
817 1.10 0.30 0.00
818 1.54 0.88 0.00
819 2.64 2.22 0.00
820 1.21 0.37 0.00
821 1.67 0.95 0.00
822 1.46 1.94 0.00
823 3503.07 2251.94 0.00
824 3763.95 6997.44 0.00
825 6254.52 15074.81 0.00
826 7261.99 2470.55 0.00
827 3485.07 8.19 0.00
828 3369.85 3.33 0.00
829 1166.31 2.04 0.00
830 1168.75 4.54 0.00
831 23.01 0.63 0.00
832 1.55 0.43 0.00
833 3493.97 2559.24 0.00
834 7662.92 14493.65 0.00
835 11982.48 15571.58 0.00
836 9745.69 11513.75 0.00
837 2535.65 5674.52 0.00
838 5673.67 3626.34 0.00
839 5525.02 169.67 0.00
840 4053.96 9.06 0.00
841 1823.68 2.59 0.00
842 906.07 1.98 0.00
843 2.01 0.63 0.00
844 2.31 0.43 0.00
845 1.31 0.82 0.00
846 1.64 2.41 0.00
847 224.41 0.75 0.00
848 5957.81 1716.81 0.00
849 6437.96 11225.54 0.00
850 2808.45 9415.46 0.00
851 3468.28 6576.68 0.00
852 5447.54 7009.40 0.00
853 6005.24 3066.37 0.00
854 6974.50 6100.73 0.00
855 6307.98 4615.07 0.00
856 5169.26 5236.37 0.00
857 7084.75 6308.55 0.00
858 4763.51 3690.77 0.00
859 3592.78 5.07 0.00
860 2755.37 3.40 0.00
861 1400.14 1.66 0.00
862 4.52 2.58 0.00
863 1237.06 3.36 0.00
864 377.13 0.82 0.00
865 3.22 0.06 0.00
866 1.31 0.51 0.00
867 2.11 3.37 0.00
868 5022.68 9336.31 0.00
869 9947.50 20784.33 0.00
870 9452.56 20487.12 0.00
871 1943.62 9382.83 0.00
872 1667.90 4064.17 0.00
873 1567.02 3.96 0.00
874 4.30 1443.91 0.00
875 1.47 23.89 0.00
876 1.44 0.30 0.00
877 1.74 0.30 0.00
878 2.57 2.83 0.00
879 2.78 0.33 0.00
880 41.11 19924.31 0.00
881 19.96 10918.73 0.00
882 19.15 9987.22 0.00
883 17.04 7989.82 0.00
884 20.81 12388.37 0.00
885 10777.10 23372.02 0.00
886 16086.21 14301.54 0.00
887 3857.66 15890.01 0.00
888 7.54 4902.42 0.00
889 1.90 2.35 0.00
890 5.54 1907.27 0.00
891 5126.89 5016.90 0.00
892 6958.08 5524.43 0.00
893 3619.46 3789.46 0.00
894 3616.85 6392.88 0.00
895 2669.45 4747.35 0.00
896 1979.87 2925.52 0.00
897 3247.90 8451.67 0.00
898 4437.43 10343.94 0.00
899 1143.24 2947.75 0.00
900 7.17 2774.34 0.00
901 12.86 5017.30 0.00
902 11.88 4018.10 0.00
903 14.45 5693.75 0.00
904 15.87 6707.11 0.00
905 3.33 2341.56 0.00
906 0.94 446.01 0.00
907 1.70 0.30 0.00
908 2.08 0.30 0.00
909 2.13 2.20 0.00
910 1.12 0.30 0.00
911 2.65 0.30 0.00
912 0.75 2.14 0.00
913 1.57 4.47 0.00
914 2.27 2.42 0.00
915 1.82 0.30 0.00
916 0.97 0.56 0.00
917 1.33 0.30 0.00
918 0.81 0.30 0.00
919 1.18 2.15 0.00
920 9.75 3417.22 0.00
921 9.14 5357.51 0.00
922 2.84 1576.66 0.00
923 5.08 1133.14 0.00
924 4.99 2154.88 0.00
925 7.08 2721.58 0.00
926 1.05 126.90 0.00
927 0.51 1.87 0.00
928 1.90 0.30 0.00
929 1.02 2.29 0.00
930 0.66 0.30 0.00
931 3.00 0.64 0.00
932 0.55 0.00 0.00
933 2.45 4.47 0.00
934 2.30 2.84 0.00
935 0.93 0.42 0.00
936 4.81 1525.15 0.00
937 3.69 1781.96 0.00
938 1.85 1529.99 0.00
939 2.19 2.80 0.00
940 3.51 462.99 0.00
941 7.09 2751.67 0.00
942 4.88 1747.07 0.00
943 3.01 5.70 0.00
944 1.69 2.26 0.00
945 14.97 3171.74 0.00
946 10.42 4405.32 0.00
947 11.34 4132.24 0.00
948 8.62 4055.44 0.00
949 9.78 4858.42 0.00
950 11.22 3898.37 0.00
951 10.04 3128.07 0.00
952 13.06 4055.69 0.00
953 10.19 3727.60 0.00
954 6.33 1560.48 0.00
955 5.72 2099.21 0.00
956 4.79 1672.67 0.00
957 2.58 2038.71 0.00
958 2.01 824.88 0.00
959 16.33 6789.10 0.00
960 12.99 7795.18 0.00
961 10.35 3660.33 0.00
962 8.17 4484.69 0.00
963 7.20 3771.39 0.00
964 7.65 3067.16 0.00
965 9.58 4517.63 0.00
966 8.39 2463.16 0.00
967 8.08 3038.29 0.00
968 6.50 3313.39 0.00
969 6.66 2298.69 0.00
970 4.87 2057.92 0.00
971 3.01 1617.50 0.00
972 2.12 1595.29 0.00
973 2.02 4.61 0.00
974 1.42 2.32 0.00
975 0.88 0.33 0.00
976 1.69 0.92 0.00
977 8.48 1805.14 0.00
978 6.85 2237.42 0.00
979 14.10 3654.92 0.00
980 5.99 2344.73 0.00
981 7.38 1486.24 0.00
982 11.12 3032.81 0.00
983 20.92 8598.08 0.00
984 16.44 6741.07 0.00
985 8.18 2409.89 0.00
986 5.76 1601.03 0.00
987 5.30 2267.11 0.00
988 4.13 1636.62 0.00
989 6.88 1576.54 0.00
990 5.59 1114.10 0.00
991 7.42 3545.36 0.00
992 6.17 1742.53 0.00
993 5.30 573.84 0.00
994 1.11 11.84 0.00
995 1.11 0.30 0.00
996 1.88 0.30 0.00
997 0.83 0.91 0.00
998 2.27 1.76 0.00
999 1.89 0.37 0.00
1000 0.77 0.82 0.00
1001 1.89 0.30 0.00
1002 1.16 0.45 0.00
1003 1.81 7.49 0.00
1004 1.33 0.37 0.00
1005 2.07 0.56 0.00
1006 2.02 1.66 0.00
1007 8.04 1530.41 0.00
1008 3.46 1482.01 0.00
1009 6.14 1588.57 0.00
1010 3.37 616.84 0.00
1011 5.81 973.94 0.00
1012 2.59 731.91 0.00
1013 2.90 583.54 0.00
1014 1.04 333.72 0.00
1015 3.44 443.48 0.00
1016 2.41 2.35 0.00
1017 5.87 1031.03 0.00
1018 4.23 2022.21 0.00
1019 7.32 2036.46 0.00
1020 26.61 8848.40 0.00
1021 18.01 6124.83 0.00
1022 8.90 2075.12 0.00
1023 7.22 2423.00 0.00
1024 11.33 2857.85 0.00
1025 8.92 2974.58 0.00
1026 13.98 7567.43 0.00
1027 10.71 5508.44 0.00
1028 2.61 793.25 0.00
1029 5.49 1350.70 0.00
1030 4.60 795.90 0.00
1031 9.33 1542.77 0.00
1032 20.32 6030.39 0.00
1033 6.49 1693.46 0.00
1034 4.78 1810.51 0.00
1035 5.25 2689.18 0.00
1036 6.28 2259.47 0.00
1037 9.50 2522.42 0.00
1038 9.51 2620.09 0.00
1039 7.60 1653.40 0.00
1040 11.34 1707.60 0.00
1041 13.04 3785.59 0.00
1042 13.04 4294.50 0.00
1043 12.14 2430.54 0.00
1044 16.61 5523.28 0.00
1045 13.02 2567.62 0.00
1046 13.81 3181.57 0.00
1047 4.96 1487.81 0.00
1048 5.33 1640.13 0.00
1049 4.22 2054.16 0.00
1050 4.17 2135.87 0.00
1051 1.68 27.18 0.00
1052 0.68 0.43 0.00
1053 3.00 4.47 0.00
1054 2.31 0.95 0.00
1055 1.58 2.35 0.00
1056 9.23 1945.67 0.00
1057 7.93 3080.10 0.00
1058 4.26 1038.33 0.00
1059 5.03 657.70 0.00
1060 11.64 2597.57 0.00
1061 4.41 413.26 0.00
1062 4.77 770.98 0.00
1063 5.28 829.06 0.00
1064 10.64 5504.64 0.00
1065 5.93 4250.78 0.00
1066 9.24 2988.28 0.00
1067 1.23 0.46 0.00
1068 1.18 0.63 0.00
1069 2.15 3.37 0.00
1070 386.95 2.22 0.00
1071 5255.59 1090.15 0.00
1072 11904.65 115.00 0.00
1073 9226.79 851.30 0.00
1074 5327.22 644.65 0.00
1075 7518.82 1458.29 0.00
1076 2840.05 515.91 0.00
1077 1633.48 869.17 0.00
1078 1219.00 944.45 0.00
1079 177.44 1349.21 0.00
1080 5.79 1064.10 0.00
1081 2.26 96.50 0.00
1082 4.58 880.55 0.00
1083 3.94 822.63 0.00
1084 2.31 112.47 0.00
1085 3.89 1413.02 0.00
1086 708.74 2861.16 0.00
1087 9935.00 2879.64 0.00
1088 12863.72 5573.90 0.00
1089 7502.94 1586.07 0.00
1090 11062.00 3112.66 0.00
1091 6554.37 4132.15 0.00
1092 1580.66 1729.99 0.00
1093 2067.23 3386.80 0.00
1094 1638.26 2593.25 0.00
1095 1562.38 361.24 0.00
1096 2867.24 7.65 0.00
1097 103.69 0.32 0.00
1098 656.80 2.71 0.00
1099 1545.97 4.12 0.00
1100 4277.81 4.94 0.00
1101 2473.22 4.02 0.00
1102 1.33 0.30 0.00
1103 1.78 3.63 0.00
1104 2.09 0.82 0.00
1105 1.69 0.00 0.00
1106 114.14 3.52 0.00
1107 1.85 2.15 0.00
1108 1.15 0.00 0.00
1109 0.88 0.30 0.00
1110 1.40 1.65 0.00
1111 4.24 7.51 0.00
1112 4548.64 10.93 0.00
1113 2681.74 2.43 0.00
1114 916.56 1.33 0.00
1115 2.47 0.63 0.00
1116 3.21 2.93 0.00
1117 0.83 0.37 0.00
1118 1.26 0.56 0.00
1119 1.52 0.82 0.00
1120 463.27 2.04 0.00
1121 1249.40 4.28 0.00
1122 1701.85 3.56 0.00
1123 718.00 1.98 0.00
1124 2.08 0.19 0.00
1125 1.88 1.14 0.00
1126 1.43 2.41 0.00
1127 2.53 0.43 0.00
1128 1.22 0.50 0.00
1129 1.52 0.88 0.00
1130 2.04 0.50 0.00
1131 1.99 2.93 0.00
1132 1.36 0.56 0.00
1133 3.77 0.50 0.00
1134 0.55 0.88 0.00
1135 1.62 0.56 0.00
1136 4.61 2.54 0.00
1137 1.16 2.39 0.00
1138 0.88 0.37 0.00
1139 2.59 0.30 0.00
1140 11611.72 7165.62 0.00
1141 13679.67 10022.78 0.00
1142 11658.07 3127.72 0.00
1143 5715.25 2927.22 0.00
1144 5967.67 5124.99 0.00
1145 6866.09 5478.56 0.00
1146 6829.59 6548.41 0.00
1147 7423.85 5432.86 0.00
1148 7207.14 4412.33 0.00
1149 8466.80 7098.89 0.00
1150 7187.38 8740.28 0.00
1151 16119.86 16126.26 0.00
1152 21094.60 18677.54 0.00
1153 15285.09 10222.59 0.00
1154 1585.28 3207.92 0.00
1155 4.44 3289.89 0.00
1156 3.77 1605.16 0.00
1157 2813.63 3352.71 0.00
1158 17906.99 12346.53 0.00
1159 16233.97 10633.23 0.00
1160 10670.32 12503.67 0.00
1161 3938.11 4298.09 0.00
1162 1038.13 1.92 0.00
1163 1083.38 1.98 0.00
1164 1403.09 1417.33 0.00
1165 4889.99 5.60 0.00
1166 4612.33 778.88 0.00
1167 2458.35 6895.94 0.00
1168 3245.09 6930.47 0.00
1169 2731.73 3448.23 0.00
1170 2287.67 2224.83 0.00
1171 3610.27 1456.63 0.00
1172 1853.47 22.85 0.00
1173 907.89 2.37 0.00
1174 746.38 672.44 0.00
1175 7327.41 7034.37 0.00
1176 5607.82 10535.11 0.00
1177 1719.61 351.85 0.00
1178 1769.69 1.72 0.00
1179 4090.03 1036.39 0.00
1180 15360.11 13321.58 0.00
1181 17050.56 19861.24 0.00
1182 10922.30 15289.19 0.00
1183 2921.38 2370.51 0.00
1184 3987.05 6.19 0.00
1185 3589.89 4.69 0.00
1186 1354.43 4.15 0.00
1187 4976.55 4461.03 0.00
1188 7015.68 14310.93 0.00
1189 3086.26 3510.16 0.00
1190 7099.90 4530.30 0.00
1191 4223.69 3361.32 0.00
1192 6606.95 5474.29 0.00
1193 7744.79 6818.08 0.00
1194 7215.26 3546.61 0.00
1195 5800.72 1417.16 0.00
1196 5252.43 3.59 0.00
1197 786.57 5.20 0.00
1198 1.21 0.30 0.00
1199 1.74 0.43 0.00
1200 8440.60 7630.29 0.00
1201 16992.63 12277.17 0.00
1202 13191.87 10982.38 0.00
1203 4709.48 10116.44 0.00
1204 5715.39 6738.06 0.00
1205 3865.42 4796.94 0.00
1206 2790.56 5.78 0.00
1207 2286.78 4.62 0.00
1208 1789.62 647.26 0.00
1209 5545.55 5698.53 0.00
1210 17460.88 18027.26 0.00
1211 11734.96 12004.51 0.00
1212 1148.65 12463.43 0.00
1213 154.95 4004.44 0.00
1214 4316.84 5435.17 0.00
1215 7473.36 3258.14 0.00
1216 5635.46 7161.56 0.00
1217 2924.77 3.72 0.00
1218 943.89 4.81 0.00
1219 11071.52 7739.18 0.00
1220 14997.27 7002.69 0.00
1221 14212.80 4049.44 0.00
1222 5540.58 2166.31 0.00
1223 3417.14 3567.37 0.00
1224 2719.70 6.23 0.00
1225 1355.85 3.33 0.00
1226 7547.12 18.11 0.00
1227 995.78 4.87 0.00
1228 1.63 2.63 0.00
1229 1.38 0.30 0.00
1230 1.98 1.37 0.00
1231 1343.78 3.53 0.00
1232 2012.36 8.22 0.00
1233 2021.23 7.52 0.00
1234 1.32 0.30 0.00
1235 0.99 1.54 0.00
1236 3.05 2.12 0.00
1237 1.56 1.28 0.00
1238 517.43 2.04 0.00
1239 1681.01 5.18 0.00
1240 1664.84 4.85 0.00
1241 1.43 0.30 0.00
1242 1.75 6.53 0.00
1243 0.82 0.30 0.00
1244 2325.77 6.17 0.00
1245 2846.36 9.13 0.00
1246 1.24 2.34 0.00
1247 10210.92 32.48 0.00
1248 7964.15 13.01 0.00
1249 1719.35 4.13 0.00
1250 2.41 2.15 0.00
1251 1812.42 6.60 0.00
1252 2967.55 10.70 0.00
1253 2074.32 3.72 0.00
1254 916.27 2.62 0.00
1255 1673.55 4.18 0.00
1256 2339.81 8.29 0.00
1257 1809.54 5.93 0.00
1258 1.92 1.28 0.00
1259 1.64 0.30 0.00
1260 3.98 235.58 0.00
1261 1171.60 494.83 0.00
1262 2336.49 2660.70 0.00
1263 2846.04 3406.40 0.00
1264 4.49 1182.43 0.00
1265 4.01 1450.87 0.00
1266 6.90 740.37 0.00
1267 11045.87 25.39 0.00
1268 10651.72 22.26 0.00
1269 1960.32 5.92 0.00
1270 657.59 3.14 0.00
1271 1047.27 3.35 0.00
1272 1.12 6.50 0.00
1273 2.55 2.32 0.00
1274 3372.54 7.17 0.00
1275 8088.81 15.40 0.00
1276 3489.66 1105.26 0.00
1277 4426.32 1114.72 0.00
1278 3900.27 837.77 0.00
1279 9861.65 1073.62 0.00
1280 8807.72 1027.50 0.00
1281 4649.00 638.71 0.00
1282 6337.30 1076.09 0.00
1283 1634.62 1609.43 0.00
1284 10557.64 4270.75 0.00
1285 14240.69 7398.05 0.00
1286 6906.58 3857.21 0.00
1287 6242.06 3619.85 0.00
1288 2485.23 1452.44 0.00
1289 3121.10 4039.10 0.00
1290 3729.60 4951.91 0.00
1291 1697.51 2.50 0.00
1292 1861.73 1.92 0.00
1293 2.60 0.82 0.00
1294 2.93 0.43 0.00
1295 12.72 3815.85 0.00
1296 22.88 8558.27 0.00
1297 7.31 1118.04 0.00
1298 19.57 5365.55 0.00
1299 725.42 5911.76 0.00
1300 6898.95 4063.25 0.00
1301 4577.53 3273.28 0.00
1302 1672.68 1667.67 0.00
1303 4140.22 2046.19 0.00
1304 3273.38 1025.95 0.00
1305 13201.09 8837.08 0.00
1306 13206.35 8213.31 0.00
1307 3951.68 5880.97 0.00
1308 2619.56 3517.85 0.00
1309 2604.35 5036.84 0.00
1310 7324.09 6608.88 0.00
1311 15421.96 7461.28 0.00
1312 9179.67 11814.12 0.00
1313 15520.34 3323.98 0.00
1314 3485.54 3281.15 0.00
1315 4061.55 3907.23 0.00
1316 5277.33 1870.72 0.00
1317 2749.53 1756.66 0.00
1318 2732.64 806.04 0.00
1319 3201.78 211.36 0.00
1320 4519.09 6.90 0.00
1321 2620.24 3.83 0.00
1322 2507.88 5.79 0.00
1323 5972.63 482.88 0.00
1324 3680.92 1665.99 0.00
1325 3371.56 2886.19 0.00
1326 4904.56 2310.89 0.00
1327 6821.08 3865.35 0.00
1328 4631.12 4129.27 0.00
1329 1714.51 3009.81 0.00
1330 7217.26 3802.95 0.00
1331 3896.25 6999.80 0.00
1332 5711.63 3671.90 0.00
1333 2538.91 1248.20 0.00
1334 2948.83 1832.23 0.00
1335 2871.24 1207.36 0.00
1336 7595.12 4328.90 0.00
1337 6001.11 5110.81 0.00
1338 12.55 6790.45 0.00
1339 3707.11 9950.11 0.00
1340 1990.36 346.34 0.00
1341 1880.30 1.79 0.00
1342 64.83 1.14 0.00
1343 1.73 0.37 0.00
1344 4024.96 3801.40 0.00
1345 13868.73 9947.44 0.00
1346 9768.80 7819.26 0.00
1347 936.37 1775.54 0.00
1348 2642.23 4370.16 0.00
1349 3402.45 5062.55 0.00
1350 3782.71 4028.09 0.00
1351 5177.09 5608.38 0.00
1352 11175.22 7226.30 0.00
1353 13435.22 6232.47 0.00
1354 17145.89 6367.15 0.00
1355 18808.48 6157.84 0.00
1356 4264.65 3.02 0.00
1357 1440.60 1.91 0.00
1358 594.98 0.88 0.00
1359 628.63 750.31 0.00
1360 13173.27 5923.97 0.00
1361 5522.72 4153.78 0.00
1362 7673.15 3988.58 0.00
1363 3783.94 4686.13 0.00
1364 7183.81 2225.14 0.00
1365 3239.48 1229.82 0.00
1366 3.20 0.95 0.00
1367 8279.14 8078.04 0.00
1368 9967.72 4835.35 0.00
1369 5157.20 3638.85 0.00
1370 4104.93 7.07 0.00
1371 1728.07 1.79 0.00
1372 660.53 1.66 0.00
1373 1.50 0.37 0.00
1374 1592.94 4.42 0.00
1375 11837.90 3632.91 0.00
1376 3732.99 2998.94 0.00
1377 2859.70 1545.73 0.00
1378 1870.02 2.43 0.00
1379 848.66 1.21 0.00
1380 1.53 1.98 0.00
1381 1109.33 10.59 0.00
1382 20954.82 7891.23 0.00
1383 7517.24 4123.64 0.00
1384 869.19 2.87 0.00
1385 1140.34 3.90 0.00
1386 1588.72 956.16 0.00
1387 3675.96 1055.68 0.00
1388 3835.19 8472.73 0.00
1389 994.61 5768.44 0.00
1390 11.46 5881.62 0.00
1391 2741.95 4901.59 0.00
1392 4065.19 6535.93 0.00
1393 8976.14 11868.69 0.00
1394 4523.23 14916.89 0.00
1395 17.98 12595.93 0.00
1396 2.90 1238.08 0.00
1397 0.90 0.43 0.00
1398 2.13 0.82 0.00
1399 2620.30 7178.03 0.00
1400 27.93 16314.75 0.00
1401 11.27 7834.49 0.00
1402 17.37 6766.46 0.00
1403 12.81 5785.43 0.00
1404 1663.93 10659.58 0.00
1405 14915.72 9698.56 0.00
1406 12310.84 8452.23 0.00
1407 13.75 6543.64 0.00
1408 12.32 6915.39 0.00
1409 3.92 2100.32 0.00
1410 8.76 3595.58 0.00
1411 12.18 4132.28 0.00
1412 5.00 1674.85 0.00
1413 10.33 3173.26 0.00
1414 7.37 2380.28 0.00
1415 10.00 3300.29 0.00
1416 7.89 2603.58 0.00
1417 2.95 1882.02 0.00
1418 2.83 932.09 0.00
1419 1.63 6.68 0.00
1420 2.05 0.50 0.00
1421 2.66 3.75 0.00
1422 1.71 2.50 0.00
1423 2.00 1.28 0.00
1424 1.78 1.30 0.00
1425 1.53 1.44 0.00
1426 7.38 3552.50 0.00
1427 5.26 1983.91 0.00
1428 2.45 2696.68 0.00
1429 1.37 109.55 0.00
1430 2.11 0.37 0.00
1431 2.43 723.34 0.00
1432 1.92 71.87 0.00
1433 1.97 0.72 0.00
1434 1.68 3.38 0.00
1435 0.99 0.06 0.00
1436 4.33 1800.08 0.00
1437 3.77 1479.83 0.00
1438 6.76 1402.06 0.00
1439 221.82 1391.62 0.00
1440 3289.71 1414.68 0.00
1441 1.92 82.60 0.00
1442 1.07 2.15 0.00
1443 2.10 0.44 0.00
1444 1.72 0.30 0.00
1445 0.82 0.30 0.00
1446 2.26 0.30 0.00
1447 2.38 2.38 0.00
1448 0.77 0.33 0.00
1449 0.80 6.11 0.00
1450 1.66 0.43 0.00
1451 0.96 0.86 0.00
1452 1.50 2.19 0.00
1453 1.66 0.33 0.00
1454 0.83 0.37 0.00
1455 145.97 671.59 0.00
1456 121.04 5729.79 0.00
1457 3989.02 3439.59 0.00
1458 7174.58 17.90 0.00
1459 225.51 6.12 0.00
1460 4.54 700.22 0.00
1461 11.86 6192.49 0.00
1462 2523.05 3030.71 0.00
1463 12880.61 2066.78 0.00
1464 8496.28 1424.91 0.00
1465 13015.74 1113.45 0.00
1466 8454.98 779.28 0.00
1467 1550.88 1202.62 0.00
1468 4254.25 890.47 0.00
1469 2588.96 963.76 0.00
1470 2184.37 1173.54 0.00
1471 1588.11 3347.39 0.00
1472 2490.03 1874.41 0.00
1473 1929.50 2864.05 0.00
1474 14519.90 3266.83 0.00
1475 18850.49 6200.71 0.00
1476 4145.45 4597.69 0.00
1477 4.79 2146.76 0.00
1478 4487.35 869.37 0.00
1479 9590.81 1312.31 0.00
1480 5639.11 6960.18 0.00
1481 28502.00 1621.04 0.00
1482 13023.40 37.89 0.00
1483 6708.34 33.31 0.00
1484 5216.78 22.24 0.00
1485 8988.02 24.26 0.00
1486 14102.45 3176.87 0.00
1487 21161.57 3928.62 0.00
1488 14143.07 2463.60 0.00
1489 5029.11 7.49 0.00
1490 2865.07 4.72 0.00
1491 0.52 0.38 0.00
1492 5226.97 13.07 0.00
1493 8030.91 1042.95 0.00
1494 7031.41 3762.02 0.00
1495 12274.02 3018.70 0.00
1496 7790.67 2071.18 0.00
1497 5418.24 1795.06 0.00
1498 7520.68 2582.02 0.00
1499 7430.33 2593.30 0.00
1500 9726.44 5709.40 0.00
1501 6838.17 6192.81 0.00
1502 7818.75 2704.51 0.00
1503 9019.58 3233.11 0.00
1504 13481.64 2636.18 0.00
1505 24991.74 6752.30 0.00
1506 21767.52 7584.54 0.00
1507 15225.09 3877.12 0.00
1508 4998.43 2.95 0.00
1509 1.95 2.19 0.00
1510 2020.22 3.14 0.00
1511 3724.30 10.85 0.00
1512 8937.51 1482.27 0.00
1513 16938.47 1372.25 0.00
1514 13719.24 9134.03 0.00
1515 3256.99 3174.76 0.00
1516 5749.80 3257.54 0.00
1517 6547.17 1308.92 0.00
1518 11556.01 440.61 0.00
1519 25798.23 64.42 0.00
1520 18890.17 49.17 0.00
1521 968.88 4.52 0.00
1522 195.09 2.62 0.00
1523 333.04 2.04 0.00
1524 3570.26 12.78 0.00
1525 34976.33 91.55 0.00
1526 3941.42 1799.27 0.00
1527 3832.96 3715.67 0.00
1528 4618.47 3466.96 0.00
1529 8804.55 1861.36 0.00
1530 2576.87 1164.56 0.00
1531 8783.70 413.07 0.00
1532 5782.40 16.67 0.00
1533 17749.96 53.65 0.00
1534 1.12 0.95 0.00
1535 1.44 0.37 0.00
1536 1.33 0.30 0.00
1537 2176.03 265.76 0.00
1538 6345.92 2783.86 0.00
1539 15189.56 4528.96 0.00
1540 5632.96 430.02 0.00
1541 1994.15 1.48 0.00
1542 2.74 0.63 0.00
1543 3206.81 486.13 0.00
1544 8050.65 2634.41 0.00
1545 12188.68 1150.04 0.00
1546 5403.60 2673.34 0.00
1547 3336.33 823.15 0.00
1548 2509.04 5.38 0.00
1549 1332.03 2.56 0.00
1550 1862.10 2.75 0.00
1551 850.11 1.53 0.00
1552 4801.68 3990.10 0.00
1553 2824.98 2124.74 0.00
1554 3896.01 1333.22 0.00
1555 7080.15 3287.16 0.00
1556 12133.79 4664.40 0.00
1557 4404.58 1433.58 0.00
1558 4137.72 13.79 0.00
1559 3268.69 10.07 0.00
1560 1483.81 4.23 0.00
1561 5829.31 1446.58 0.00
1562 5395.18 3254.24 0.00
1563 3682.64 1507.88 0.00
1564 4647.40 1524.53 0.00
1565 11047.55 6019.97 0.00
1566 7158.53 1728.56 0.00
1567 710.67 3562.32 0.00
1568 519.65 941.99 0.00
1569 723.77 1129.99 0.00
1570 894.07 884.50 0.00
1571 264.38 1759.27 0.00
1572 896.05 618.40 0.00
1573 4427.26 2668.02 0.00
1574 5004.05 4522.12 0.00
1575 2167.05 1801.25 0.00
1576 1864.54 429.88 0.00
1577 1074.29 2.04 0.00
1578 1151.77 4.48 0.00
1579 5787.09 6031.99 0.00
1580 7895.28 10519.75 0.00
1581 7268.73 12455.52 0.00
1582 5924.55 8227.63 0.00
1583 4777.34 4457.40 0.00
1584 3337.96 6.28 0.00
1585 1594.42 2.26 0.00
1586 133.49 1.22 0.00
1587 890.35 3.41 0.00
1588 941.09 4.09 0.00
1589 4227.80 1197.04 0.00
1590 1649.76 2542.37 0.00
1591 6.55 3685.61 0.00
1592 5.86 2320.69 0.00
1593 5168.95 3917.40 0.00
1594 9487.88 4264.12 0.00
1595 11429.97 7784.75 0.00
1596 14276.17 8472.58 0.00
1597 9723.34 8487.83 0.00
1598 7276.88 4909.50 0.00
1599 3424.64 2554.86 0.00
1600 3634.61 2989.50 0.00
1601 3023.79 3699.78 0.00
1602 3520.04 3618.05 0.00
1603 1937.74 4121.46 0.00
1604 1339.92 2882.38 0.00
1605 4916.73 5326.41 0.00
1606 1131.31 3532.43 0.00
1607 5.74 3661.10 0.00
1608 7.69 3677.85 0.00
1609 7.32 2855.95 0.00
1610 831.51 2508.16 0.00
1611 522.89 2579.89 0.00
1612 1089.93 2167.89 0.00
1613 1657.45 937.30 0.00
1614 8.38 1874.15 0.00
1615 6.88 1950.60 0.00
1616 6.30 2779.96 0.00
1617 4.34 2274.56 0.00
1618 5.42 2231.19 0.00
1619 13.64 4967.68 0.00
1620 22.26 10548.64 0.00
1621 16.02 9874.99 0.00
1622 9.30 6416.88 0.00
1623 6.58 4315.39 0.00
1624 5.35 2013.49 0.00
1625 4.79 1729.11 0.00
1626 4.89 422.11 0.00
1627 3.43 1.57 0.00
1628 18.29 3569.53 0.00
1629 13.78 4097.30 0.00
1630 19.09 3690.24 0.00
1631 6.32 2698.10 0.00
1632 7.87 2966.90 0.00
1633 7.38 2741.52 0.00
1634 13.88 7123.76 0.00
1635 10.32 6469.58 0.00
1636 4.76 1535.05 0.00
1637 7.17 1513.28 0.00
1638 10.30 3921.80 0.00
1639 4.63 2285.52 0.00
1640 7.91 2928.99 0.00
1641 5.57 1385.82 0.00
1642 4.75 1212.67 0.00
1643 2.91 1372.38 0.00
1644 3.13 292.72 0.00
1645 5.63 9.98 0.00
1646 7.37 2126.21 0.00
1647 6767.49 4845.21 0.00
1648 5373.20 5922.52 0.00
1649 3376.32 1681.75 0.00
1650 3992.83 1199.29 0.00
1651 6439.05 11.45 0.00
1652 19332.16 6954.45 0.00
1653 5436.32 5012.16 0.00
1654 4.84 2445.63 0.00
1655 4.76 2959.42 0.00
1656 5.12 1641.24 0.00
1657 3.28 1946.33 0.00
1658 2.53 1463.77 0.00
1659 1.37 7.12 0.00
1660 0.99 0.37 0.00
1661 19.84 7117.57 0.00
1662 12.11 5201.13 0.00
1663 525.70 2555.67 0.00
1664 2188.25 1754.79 0.00
1665 3354.64 2417.10 0.00
1666 2964.51 7.53 0.00
1667 2064.39 6.46 0.00
1668 4081.64 7.49 0.00
1669 865.08 4.49 0.00
1670 3958.69 6.81 0.00
1671 1989.97 4.59 0.00
1672 3251.42 2504.62 0.00
1673 6232.41 2400.69 0.00
1674 5492.21 7.94 0.00
1675 1706.21 2.17 0.00
1676 3775.11 254.58 0.00
1677 2692.83 660.17 0.00
1678 5458.98 1034.99 0.00
1679 15596.97 1044.20 0.00
1680 13684.04 1037.44 0.00
1681 5937.01 138.69 0.00
1682 11.53 3274.45 0.00
1683 1246.04 2707.26 0.00
1684 1037.31 627.68 0.00
1685 1.23 0.28 0.00
1686 0.93 0.82 0.00
1687 2.29 2.15 0.00
1688 0.89 0.37 0.00
1689 9.38 2354.69 0.00
1690 9163.19 5475.52 0.00
1691 18486.31 8822.82 0.00
1692 22283.10 8581.61 0.00
1693 13811.95 3361.26 0.00
1694 6873.75 2463.08 0.00
1695 7719.15 2158.25 0.00
1696 6930.29 891.16 0.00
1697 8415.89 1251.85 0.00
1698 14597.60 3188.80 0.00
1699 16907.79 5638.46 0.00
1700 14812.90 3701.43 0.00
1701 14150.71 10164.48 0.00
1702 18619.46 4700.12 0.00
1703 15582.28 29.35 0.00
1704 10976.66 19.38 0.00
1705 5200.26 3.53 0.00
1706 916.84 1.33 0.00
1707 1.23 0.95 0.00
1708 14651.68 7128.28 0.00
1709 3509.09 2681.11 0.00
1710 11348.82 2546.25 0.00
1711 7487.05 1354.87 0.00
1712 5837.48 1114.97 0.00
1713 3697.99 2954.86 0.00
1714 4235.93 2139.98 0.00
1715 3034.10 4.94 0.00
1716 1381.26 3.98 0.00
1717 1.84 0.37 0.00
1718 2591.69 1353.35 0.00
1719 3744.56 1975.18 0.00
1720 472.69 3111.11 0.00
1721 2.10 924.52 0.00
1722 2.49 0.95 0.00
1723 1.97 2.35 0.00
1724 1.92 0.37 0.00
1725 7.40 2525.97 0.00
1726 7.77 3358.64 0.00
1727 4827.36 6206.53 0.00
1728 3839.38 8654.77 0.00
1729 6.60 2536.68 0.00
1730 6.83 3264.57 0.00
1731 3.71 2596.05 0.00
1732 5.95 2193.60 0.00
1733 5.93 2759.34 0.00
1734 3.81 73.22 0.00
1735 2563.51 11386.07 0.00
1736 3735.76 4669.93 0.00
1737 2.36 531.37 0.00
1738 11.31 6015.83 0.00
1739 1.35 3.38 0.00
1740 1.70 0.82 0.00
1741 0.55 0.30 0.00
1742 0.73 0.37 0.00
1743 2.57 2.80 0.00
1744 1.35 14.58 0.00
1745 12649.98 6608.22 0.00
1746 6350.33 5226.28 0.00
1747 1.69 1910.97 0.00
1748 0.98 2.03 0.00
1749 1.79 5.40 0.00
1750 2.49 0.30 0.00
1751 0.44 0.30 0.00
1752 899.72 3.27 0.00
1753 2331.82 3.51 0.00
1754 1.21 0.30 0.00
1755 1.81 0.82 0.00
1756 1.92 0.30 0.00
1757 1896.48 1.59 0.00
1758 2130.07 759.05 0.00
1759 6370.12 7231.46 0.00
1760 14847.27 2000.05 0.00
1761 2.08 0.82 0.00
1762 2.36 0.30 0.00
1763 2.24 2.23 0.00
1764 1.61 0.94 0.00
1765 1.57 1.81 0.00
1766 1.86 0.30 0.00
1767 1.10 0.82 0.00
1768 0.96 1.68 0.00
1769 2.06 3.54 0.00
1770 2.40 0.82 0.00
1771 0.66 0.30 0.00
1772 0.88 0.30 0.00
1773 2.71 2.83 0.00
1774 10.20 4214.02 0.00
1775 1.55 747.90 0.00
1776 1.54 120.89 0.00
1777 0.66 0.30 0.00
1778 1.96 0.30 0.00
1779 2.78 4.39 0.00
1780 1.04 0.36 0.00
1781 4.70 787.72 0.00
1782 9.37 3715.95 0.00
1783 5.50 1881.82 0.00
1784 3.09 574.92 0.00
1785 1.33 46.73 0.00
1786 1.14 0.37 0.00
1787 1.22 0.30 0.00
1788 1.65 0.82 0.00
1789 2.12 0.30 0.00
1790 2.34 2.19 0.00
1791 7.28 2289.41 0.00
1792 6.57 891.33 0.00
1793 1.78 260.17 0.00
1794 0.72 2.39 0.00
1795 2.44 2.28 0.00
1796 1.33 0.30 0.00
1797 0.77 0.82 0.00
1798 1.33 0.30 0.00
1799 0.80 4.30 0.00
1800 7.37 2936.79 0.00
1801 5.50 479.28 0.00
1802 0.44 0.30 0.00
1803 0.77 0.82 0.00
1804 1.44 0.30 0.00
1805 0.92 2.03 0.00
1806 0.88 0.82 0.00
1807 1.33 0.30 0.00
1808 0.51 0.39 0.00
1809 7.15 2365.99 0.00
1810 5.25 1556.25 0.00
1811 0.43 0.30 0.00
1812 0.77 0.82 0.00
1813 1.44 0.30 0.00
1814 0.55 0.30 0.00
1815 1.68 2.86 0.00
1816 1.22 0.00 0.00
1817 0.51 0.37 0.00
1818 18.54 3383.44 0.00
1819 2.59 538.97 0.00
1820 0.66 0.37 0.00
1821 2.08 2.67 0.00
1822 1.64 0.37 0.00
1823 0.45 0.00 0.00
1824 1.61 2.36 0.00
1825 0.60 0.30 0.00
1826 1.31 2.35 0.00
1827 1.33 0.82 0.00
1828 1.70 0.30 0.00
1829 0.55 0.30 0.00
1830 2.07 0.82 0.00
1831 2.22 2.22 0.00
1832 0.77 0.30 0.00
1833 1.22 0.82 0.00
1834 9.53 1969.90 0.00
1835 0.87 0.37 0.00
1836 2.33 3.35 0.00
1837 0.89 0.30 0.00
1838 1.45 0.30 0.00
1839 1.05 2.39 0.00
1840 0.83 0.00 0.00
1841 2.06 2.17 0.00
1842 0.88 0.87 0.00
1843 1.34 0.30 0.00
1844 2.50 4.47 0.00
1845 1.15 0.82 0.00
1846 2.10 2.19 0.00
1847 1.22 0.33 0.00
1848 0.66 0.82 0.00
1849 0.89 0.30 0.00
1850 2.37 0.30 0.00
1851 1.36 6.64 0.00
1852 0.67 0.30 0.00
1853 1.57 0.30 0.00
1854 1.05 2.39 0.00
1855 0.71 0.30 0.00
1856 1.80 2.23 0.00
1857 1.21 0.87 0.00
1858 1.34 0.30 0.00
1859 0.77 0.30 0.00
1860 1.62 5.61 0.00
1861 1.45 2.09 0.00
1862 0.66 0.37 0.00
1863 0.55 0.82 0.00
1864 1.44 0.30 0.00
1865 0.82 0.30 0.00
1866 1.46 2.73 0.00
1867 2.37 0.37 0.00
1868 1.42 0.81 0.00
1869 0.92 2.91 0.00
1870 2.55 0.31 0.00
1871 1.09 2.32 0.00
1872 0.88 0.85 0.00
1873 2.82 0.30 0.00
1874 1.22 0.30 0.00
1875 0.92 0.82 0.00
1876 1.97 2.32 0.00
1877 1.63 4.88 0.00
1878 2.24 0.82 0.00
1879 1.10 0.30 0.00
1880 1.36 0.30 0.00
1881 2.34 2.73 0.00
1882 2.57 0.37 0.00
1883 1.21 0.30 0.00
1884 2.38 2.39 0.00
1885 1.67 4.21 0.00
1886 0.96 2.17 0.00
1887 1.88 0.87 0.00
1888 0.55 0.30 0.00
1889 0.44 0.30 0.00
1890 2.29 0.82 0.00
1891 1.64 2.33 0.00
1892 0.66 0.32 0.00
1893 2.12 4.85 0.00
1894 1.49 1.57 0.00
1895 0.98 0.30 0.00
1896 2.18 3.39 0.00
1897 0.83 0.33 0.00
1898 1.55 0.30 0.00
1899 1.17 2.39 0.00
1900 1.48 0.30 0.00
1901 2.67 6.39 0.00
1902 1.21 0.82 0.00
1903 0.66 0.30 0.00
1904 2.07 0.30 0.00
1905 2.94 0.82 0.00
1906 2.21 2.22 0.00
1907 1.94 0.30 0.00
1908 2.55 0.82 0.00
1909 1.05 0.30 0.00
1910 1.68 0.30 0.00
1911 4.12 7.39 0.00
1912 0.55 0.30 0.00
1913 1.44 0.00 0.00
1914 1.36 0.96 0.00
1915 1.48 1.73 0.00
1916 1.95 2.19 0.00
1917 1.10 0.85 0.00
1918 1.66 0.30 0.00
1919 1.19 0.30 0.00
1920 1.44 4.73 0.00
1921 2.19 2.32 0.00
1922 1.08 0.33 0.00
1923 0.99 0.82 0.00
1924 2.00 0.30 0.00
1925 1.21 0.30 0.00
1926 1.58 2.58 0.00
1927 1.67 0.33 0.00
1928 1.05 0.43 0.00
1929 1.70 4.21 0.00
1930 1.49 0.30 0.00
1931 1.62 2.17 0.00
1932 0.99 0.87 0.00
1933 1.11 0.30 0.00
1934 0.55 0.30 0.00
1935 1.12 0.82 0.00
1936 2.49 2.15 0.00
1937 1.82 5.56 0.00
1938 2.50 6.18 0.00
1939 2.45 4.76 0.00
1940 0.93 0.30 0.00
1941 2.43 3.56 0.00
1942 1.58 0.36 0.00
1943 1.52 0.30 0.00
1944 2.65 2.39 0.00
1945 1.27 1.28 0.00
1946 1.63 2.29 0.00
1947 13065.63 23.54 0.00
1948 19886.36 34.19 0.00
1949 9524.53 20.23 0.00
1950 28359.70 67.27 0.00
1951 30889.25 78.88 0.00
1952 25927.78 55.24 0.00
1953 15577.93 27.33 0.00
1954 4090.49 6.56 0.00
1955 1.48 0.30 0.00
1956 2.11 1.79 0.00
1957 1.24 2.22 0.00
1958 1.33 0.30 0.00
1959 1.33 6.67 0.00
1960 1.38 1.28 0.00
1961 1.33 0.30 0.00
1962 1.63 3.42 0.00
1963 1.27 6.95 0.00
1964 1.44 0.30 0.00
1965 0.92 0.82 0.00
1966 1.13 0.30 0.00
1967 2.69 2.22 0.00
1968 1.41 1.55 0.00
1969 0.95 3.85 0.00
1970 2.42 1.28 0.00
1971 1.08 1.37 0.00
1972 1.87 3.26 0.00
1973 1.77 0.30 0.00
1974 1.50 3.91 0.00
1975 0.71 0.30 0.00
1976 1.88 1.83 0.00
1977 7.32 9.71 0.00
1978 2.01 0.43 0.00
1979 0.77 0.30 0.00
1980 1.12 1.01 0.00
1981 1.99 1.21 0.00
1982 1.45 3.63 0.00
1983 2.09 0.88 0.00
1984 1.44 0.30 0.00
1985 0.97 0.34 0.00
1986 2.36 0.90 0.00
1987 1.89 0.30 0.00
1988 0.65 0.30 0.00
1989 1.98 2.39 0.00
1990 1.38 0.30 0.00
1991 0.66 0.30 0.00
1992 1.10 0.82 0.00
1993 1.22 0.30 0.00
1994 0.77 0.30 0.00
1995 1.26 0.82 0.00
1996 1.56 0.30 0.00
1997 0.77 0.30 0.00
1998 2.14 0.82 0.00
1999 1.31 0.30 0.00
2000 0.77 0.00 0.00
2001 1.71 0.82 0.00
2002 1.70 0.30 0.00
2003 0.94 0.30 0.00
2004 1.61 2.39 0.00
2005 0.82 0.30 0.00
2006 0.66 0.30 0.00
2007 1.71 0.82 0.00
2008 0.44 0.30 0.00
2009 0.77 0.30 0.00
2010 2.86 0.82 0.00
2011 0.66 0.30 0.00
2012 1.11 0.30 0.00
2013 1.77 0.82 0.00
2014 0.66 0.30 0.00
2015 1.32 0.30 0.00
2016 1.11 0.82 0.00
2017 0.77 0.30 0.00
2018 1.44 0.30 0.00
2019 1.17 2.39 0.00
2020 0.93 0.30 0.00
2021 2.48 0.30 0.00
2022 1.36 0.88 0.00
2023 0.61 0.38 0.00
2024 2.37 0.30 0.00
2025 1.03 0.82 0.00
2026 1.59 0.30 0.00
2027 2.93 0.30 0.00
2028 0.77 0.82 0.00
2029 0.88 0.30 0.00
2030 1.49 0.30 0.00
2031 0.83 0.82 0.00
2032 0.44 0.30 0.00
2033 1.91 0.30 0.00
2034 1.82 2.39 0.00
2035 0.82 0.30 0.00
2036 1.55 0.30 0.00
2037 0.88 0.82 0.00
2038 2.02 0.44 0.00
2039 4.75 3.52 0.00
2040 1.26 0.82 0.00
2041 1.90 0.30 0.00
2042 3.82 488.58 0.00
2043 1.33 0.82 0.00
2044 1.32 0.30 0.00
2045 1.26 0.30 0.00
2046 0.98 0.82 0.00
2047 7.35 181.06 0.00
2048 0.55 0.30 0.00
2049 6.59 215.54 0.00
2050 6.88 998.22 0.00
