0 2.51 0.37 0.00
1 1.88 0.82 0.00
2 2.80 0.45 0.00
3 2.00 1.73 0.00
4 2.44 0.82 0.00
5 8.52 3.77 0.00
6 3.10 2.04 0.00
7 2.42 0.82 0.00
8 1.22 0.30 0.00
9 4.84 0.57 0.00
10 2.33 3.31 0.00
11 2.66 3.45 0.00
12 19.68 10.13 0.00
13 89250.75 237.70 0.00
14 28.71 7.63 0.00
15 24.40 3.31 0.00
16 3.78 2.29 0.00
17 1.63 0.30 0.00
18 1.24 1.87 0.00
19 3.88 0.82 0.00
20 1.08 0.30 0.00
21 1.49 1.72 0.00
22 3.69 0.82 0.00
23 2.18 0.43 0.00
24 13.90 236.02 0.00
25 146.43 255.45 0.00
26 6.61 396.35 0.00
27 2.49 65.48 0.00
28 1.05 0.82 0.00
29 2.00 0.83 0.00
30 79.75 11.75 0.00
31 80.29 77.88 0.00
32 3.62 192.79 0.00
33 115.34 13.00 0.00
34 116.32 12.12 0.00
35 0.86 0.30 0.00
36 259.67 139.89 0.00
37 134.59 251.22 0.00
38 3.00 193.62 0.00
39 2.33 0.63 0.00
40 112.71 12.25 0.00
41 1.26 1.85 0.00
42 3.93 250.82 0.00
43 6.17 353.19 0.00
44 214.82 180.55 0.00
45 1.45 0.30 0.00
46 1.82 6.29 0.00
47 1.75 0.30 0.00
48 0.68 1.87 0.00
49 11.07 10.12 0.00
50 1.74 0.30 0.00
51 1.29 1.84 0.00
52 1.33 1.10 0.00
53 3.54 130.54 0.00
54 2.30 0.30 0.00
55 95.09 10.91 0.00
56 226.69 241.88 0.00
57 2.91 299.34 0.00
58 11.02 10.12 0.00
59 1.67 0.30 0.00
60 1.63 0.30 0.00
61 3.16 2.29 0.00
62 5.47 172.49 0.00
63 3.85 132.25 0.00
64 3.54 227.17 0.00
65 1.56 0.30 0.00
66 1.90 5.84 0.00
67 116.99 143.35 0.00
68 544.46 18.86 0.00
69 0.60 6.17 0.00
70 2.54 271.14 0.00
71 103.64 3.75 0.00
72 0.77 6.09 0.00
73 2.40 174.72 0.00
74 2.27 130.69 0.00
75 42.24 17.27 0.00
76 2.97 13.37 0.00
77 1.87 0.30 0.00
78 1.01 1.87 0.00
79 2.12 0.51 0.00
80 1.61 0.30 0.00
81 1.46 1.91 0.00
82 2.07 0.82 0.00
83 0.66 0.30 0.00
84 1.36 0.30 0.00
85 2.08 0.95 0.00
86 8.03 1559.02 0.00
87 4.76 1528.77 0.00
88 1.34 1.02 0.00
89 121.40 11.10 0.00
90 1.76 0.37 0.00
91 2.75 1.31 0.00
92 0.66 0.92 0.00
93 222.47 13.07 0.00
94 0.71 0.30 0.00
95 1.10 0.82 0.00
96 3.35 6.15 0.00
97 0.77 0.00 0.00
98 3.40 118.68 0.00
99 3.12 0.30 0.00
100 0.69 0.50 0.00
101 98.46 3.31 0.00
102 99.40 1.80 0.00
103 0.83 0.43 0.00
104 1.14 0.82 0.00
105 1.00 0.30 0.00
106 1.34 7.18 0.00
107 12.13 9.44 0.00
108 0.99 0.30 0.00
109 0.48 0.30 0.00
110 2.21 0.95 0.00
111 11.16 11.54 0.00
112 0.98 0.30 0.00
113 1.67 0.82 0.00
114 1.25 0.30 0.00
115 1.14 0.30 0.00
116 2.49 6.21 0.00
117 0.88 0.82 0.00
118 0.66 0.30 0.00
119 3.97 166.37 0.00
120 0.99 89.52 0.00
121 1.46 1.97 0.00
122 1.74 0.82 0.00
123 1.35 0.45 0.00
124 0.87 1.79 0.00
125 1.44 0.79 0.00
126 97.71 8.60 0.00
127 12.87 135.65 0.00
128 0.88 104.11 0.00
129 0.82 0.30 0.00
130 1.47 0.50 0.00
131 1.22 2.42 0.00
132 2.03 0.30 0.00
133 1.44 0.30 0.00
134 0.71 0.30 0.00
135 1.70 0.30 0.00
136 2.42 6.15 0.00
137 0.51 0.43 0.00
138 3.27 2.39 0.00
139 1.82 0.30 0.00
140 1.02 0.30 0.00
141 119.54 3.23 0.00
142 1.66 0.34 0.00
143 1.21 1.33 0.00
144 1.49 0.30 0.00
145 2.55 0.44 0.00
146 2.02 6.60 0.00
147 2.26 0.30 0.00
148 0.99 0.30 0.00
149 1.25 0.82 0.00
150 1.83 0.34 0.00
151 5.35 184.22 0.00
152 0.77 0.85 0.00
153 1.91 0.37 0.00
154 1.36 1.81 0.00
155 216.59 3.21 0.00
156 13.17 15.10 0.00
157 0.99 0.30 0.00
158 1.11 0.82 0.00
159 2.96 0.30 0.00
160 106.51 2.05 0.00
161 1.72 2.36 0.00
162 12.24 8.84 0.00
163 101.50 225.36 0.00
164 2.12 0.96 0.00
165 3.08 113.53 0.00
166 1.73 6.02 0.00
167 1.77 0.30 0.00
168 1.98 67.58 0.00
169 1.95 13.69 0.00
170 1.60 0.34 0.00
171 2.93 2.56 0.00
172 1.05 0.43 0.00
173 3.87 219.34 0.00
174 2.52 0.82 0.00
175 1.71 0.30 0.00
176 2.03 6.08 0.00
177 1.91 0.82 0.00
178 11.22 9.00 0.00
179 1.38 0.30 0.00
180 1.10 0.82 0.00
181 11.54 10.25 0.00
182 1.42 0.14 0.00
183 0.66 0.00 0.00
184 0.93 0.00 0.00
185 272.94 5.07 0.00
186 2.56 6.51 0.00
187 1.21 0.30 0.00
188 1.11 0.30 0.00
189 1.98 0.82 0.00
190 1.05 0.30 0.00
191 1.11 1.85 0.00
192 1.88 0.82 0.00
193 0.99 0.30 0.00
194 1.36 0.30 0.00
195 22.70 17.92 0.00
196 1.79 5.95 0.00
197 0.88 0.30 0.00
198 1.78 0.30 0.00
199 0.70 0.30 0.00
200 2.21 0.30 0.00
201 2.12 1.78 0.00
202 1.41 2.90 0.00
203 0.55 0.30 0.00
204 1.81 0.30 0.00
205 1.36 0.95 0.00
206 2.94 6.02 0.00
207 2.14 0.30 0.00
208 1.38 0.82 0.00
209 2.94 0.30 0.00
210 1.76 0.44 0.00
211 2.07 2.36 0.00
212 1.66 0.45 0.00
213 2.03 1.73 0.00
214 1.44 65.83 0.00
215 1.96 0.82 0.00
216 3.09 6.21 0.00
217 196.87 2.39 0.00
218 1.82 0.86 0.00
219 3.23 130.75 0.00
220 98.49 1.26 0.00
221 12.28 10.93 0.00
222 10.85 8.77 0.00
223 1.08 0.28 0.00
224 1.75 0.58 0.00
225 1.22 0.28 0.00
226 2.68 5.95 0.00
227 0.90 0.96 0.00
228 1.11 1.73 0.00
229 1.59 0.30 0.00
230 0.88 0.82 0.00
231 1.13 1.91 0.00
232 1.84 0.43 0.00
233 1.31 0.82 0.00
234 98.35 1.27 0.00
235 1.92 0.29 0.00
236 12.90 15.42 0.00
237 1.78 0.58 0.00
238 4.49 227.92 0.00
239 11.90 9.22 0.00
240 1.45 0.30 0.00
241 2.87 1.91 0.00
242 0.88 0.82 0.00
243 1.88 1.87 0.00
244 2.63 0.30 0.00
245 1.47 0.82 0.00
246 1.52 5.70 0.00
247 1.55 0.30 0.00
248 2.81 0.82 0.00
249 1.77 0.43 0.00
250 1.55 0.30 0.00
251 3.12 2.49 0.00
252 1.76 0.44 0.00
253 1.96 0.30 0.00
254 4.78 154.85 0.00
255 0.78 0.30 0.00
256 2.52 6.02 0.00
257 1.01 0.96 0.00
258 1.21 1.73 0.00
259 1.49 0.30 0.00
260 0.88 0.82 0.00
261 2.38 1.84 0.00
262 1.77 0.30 0.00
263 2.57 219.99 0.00
264 112.46 16.60 0.00
265 1.66 0.43 0.00
266 105.61 8.00 0.00
267 2.68 0.45 0.00
268 12.28 8.86 0.00
269 1.74 0.82 0.00
270 1.55 0.30 0.00
271 1.98 1.97 0.00
272 0.66 0.82 0.00
273 1.96 1.87 0.00
274 1.15 0.30 0.00
275 3.79 87.05 0.00
276 93.60 67.15 0.00
277 1.10 0.30 0.00
278 3.09 158.01 0.00
279 2.52 56.93 0.00
280 0.44 0.30 0.00
281 1.33 2.30 0.00
282 4.41 197.74 0.00
283 5.38 8.56 0.00
284 9.02 131.84 0.00
285 1.44 0.30 0.00
286 1.53 6.15 0.00
287 2.48 0.82 0.00
288 0.96 1.99 0.00
289 21.90 17.85 0.00
290 2.45 0.81 0.00
291 1.24 1.91 0.00
292 0.66 0.30 0.00
293 2.48 0.00 0.00
294 0.93 0.00 0.00
295 1.24 0.82 0.00
296 2.98 6.60 0.00
297 1.00 0.30 0.00
298 0.54 0.30 0.00
299 1.99 0.95 0.00
300 0.67 0.30 0.00
301 1.54 1.78 0.00
302 2.45 0.96 0.00
303 0.67 1.73 0.00
304 1.37 0.44 0.00
305 1.67 0.96 0.00
306 1.30 6.55 0.00
307 3.06 161.51 0.00
308 1.32 0.82 0.00
309 1.15 0.30 0.00
310 3.85 82.88 0.00
311 103.73 53.31 0.00
312 2.19 294.16 0.00
313 2.10 0.30 0.00
314 1.58 0.82 0.00
315 2.03 257.83 0.00
316 108.77 8.04 0.00
317 1.32 0.51 0.00
318 1.10 0.00 0.00
319 1.81 0.00 0.00
320 1.43 0.82 0.00
321 12.25 12.15 0.00
322 237.70 2.77 0.00
323 1.82 0.96 0.00
324 3.31 187.42 0.00
325 1.44 0.30 0.00
326 2.88 6.48 0.00
327 3.18 0.81 0.00
328 131.47 2.01 0.00
329 2.24 0.86 0.00
330 1.44 0.30 0.00
331 1.70 1.85 0.00
332 12.78 9.51 0.00
333 11.93 10.27 0.00
334 11.63 8.98 0.00
335 2.35 157.60 0.00
336 2.53 62.81 0.00
337 0.99 0.33 0.00
338 1.10 0.82 0.00
339 2.52 0.30 0.00
340 3.64 202.68 0.00
341 1.97 2.49 0.00
342 2.77 0.30 0.00
343 0.77 0.30 0.00
344 1.99 0.95 0.00
345 1.22 0.30 0.00
346 1.96 6.02 0.00
347 1.67 0.88 0.00
348 1.00 1.81 0.00
349 1.04 0.30 0.00
350 1.54 0.82 0.00
351 1.30 1.84 0.00
352 0.89 0.30 0.00
353 144.95 3.46 0.00
354 1.71 0.30 0.00
355 1.69 0.30 0.00
356 2.58 6.60 0.00
357 0.77 0.30 0.00
358 5.40 8.42 0.00
359 1.93 1.05 0.00
360 108.83 132.05 0.00
361 1.41 2.66 0.00
362 103.63 221.90 0.00
363 110.32 3.41 0.00
364 12.78 8.70 0.00
365 1.64 0.90 0.00
366 1.79 5.95 0.00
367 12.74 8.70 0.00
368 0.99 0.00 0.00
369 1.25 0.82 0.00
370 3.27 0.30 0.00
371 1.49 2.23 0.00
372 0.89 0.30 0.00
373 1.89 0.30 0.00
374 1.91 0.96 0.00
375 1.02 0.98 0.00
376 4.65 194.30 0.00
377 2.07 1.09 0.00
378 0.83 1.79 0.00
379 11.99 8.94 0.00
380 0.88 0.82 0.00
381 1.73 1.84 0.00
382 1.55 0.30 0.00
383 1.09 0.96 0.00
384 2.24 0.44 0.00
385 5.64 318.71 0.00
386 1.71 63.56 0.00
387 5.03 131.21 0.00
388 101.76 2.37 0.00
389 3.33 157.20 0.00
390 1.33 0.30 0.00
391 3.08 2.30 0.00
392 226.75 3.16 0.00
393 1.44 0.00 0.00
394 1.00 0.00 0.00
395 1.21 0.51 0.00
396 2.75 5.78 0.00
397 0.88 1.81 0.00
398 1.71 0.82 0.00
399 23.22 17.40 0.00
400 11.02 8.70 0.00
401 2.32 2.30 0.00
402 2.92 0.76 0.00
403 2.25 0.30 0.00
404 117.92 2.24 0.00
405 1.67 0.34 0.00
406 2.96 6.02 0.00
407 2.22 0.88 0.00
408 1.56 1.81 0.00
409 2.96 0.30 0.00
410 1.59 0.95 0.00
411 2.32 1.91 0.00
412 1.22 0.58 0.00
413 3.68 151.31 0.00
414 1.59 0.30 0.00
415 1.59 0.30 0.00
416 2.58 6.60 0.00
417 1.08 0.30 0.00
418 0.55 0.30 0.00
419 1.70 0.82 0.00
420 0.66 0.30 0.00
421 0.87 1.65 0.00
422 1.62 0.82 0.00
423 11.47 10.57 0.00
424 1.48 0.30 0.00
425 2.18 0.82 0.00
426 2.81 6.21 0.00
427 3.12 0.30 0.00
428 1.77 0.82 0.00
429 1.94 0.30 0.00
430 197.17 2.87 0.00
431 2.15 2.00 0.00
432 1.76 0.00 0.00
433 3.07 0.49 0.00
434 1.91 0.82 0.00
435 1.55 0.30 0.00
436 199.39 8.42 0.00
437 11.96 9.73 0.00
438 12.19 10.27 0.00
439 2.04 0.30 0.00
440 0.66 0.82 0.00
441 2.36 1.72 0.00
442 3.82 0.30 0.00
443 1.73 0.82 0.00
444 2.01 0.30 0.00
445 3.81 0.30 0.00
446 3.23 6.79 0.00
447 2.55 0.30 0.00
448 2.16 5.46 0.00
449 1.81 0.82 0.00
450 2.34 0.30 0.00
451 2.03 1.78 0.00
452 1.35 0.82 0.00
453 12.33 5.54 0.00
454 1.54 0.30 0.00
455 1.10 0.82 0.00
456 2.88 6.02 0.00
457 2.11 0.30 0.00
458 12.67 9.22 0.00
459 5.30 187.06 0.00
460 1.11 0.30 0.00
461 2.17 2.49 0.00
462 2.07 0.30 0.00
463 1.35 0.76 0.00
464 131.33 1.45 0.00
465 1.33 0.30 0.00
466 2.16 6.21 0.00
467 1.76 0.96 0.00
468 0.40 0.13 0.00
469 13.05 76.37 0.00
470 150.75 2.99 0.00
471 1.34 1.79 0.00
472 1.56 0.59 0.00
473 12.19 8.70 0.00
474 0.84 4.75 0.00
475 1.85 1.49 0.00
476 1.18 0.36 0.00
477 0.76 0.82 0.00
478 2.19 0.30 0.00
479 2.03 0.30 0.00
480 1.21 1.99 0.00
481 1.77 0.00 0.00
482 2.90 2.15 0.00
483 2.42 66.33 0.00
484 1.73 4.54 0.00
485 2.68 1.78 0.00
486 2.84 0.82 0.00
487 2.04 0.50 0.00
488 218.53 2.78 0.00
489 2.21 0.82 0.00
490 1.40 1.49 0.00
491 1.56 0.00 0.00
492 2.60 0.87 0.00
493 1.16 0.30 0.00
494 22.10 21.64 0.00
495 2.65 2.81 0.00
496 1.31 0.44 0.00
497 1.44 0.30 0.00
498 2.50 1.09 0.00
499 1.11 1.87 0.00
500 67.93 133.05 0.00
501 2.21 0.82 0.00
502 0.98 0.30 0.00
503 1.25 0.30 0.00
504 2.34 5.19 0.00
505 2.24 1.72 0.00
506 115.59 10.81 0.00
507 1.42 0.96 0.00
508 3.75 186.68 0.00
509 2.36 0.30 0.00
510 12.10 10.89 0.00
511 1.21 0.30 0.00
512 2.04 0.37 0.00
513 1.71 2.36 0.00
514 4.46 270.94 0.00
515 2.10 1.78 0.00
516 1.63 0.51 0.00
517 2.03 0.30 0.00
518 3.08 1.11 0.00
519 2.86 264.03 0.00
520 236.84 6.06 0.00
521 2.69 0.34 0.00
522 1.53 0.82 0.00
523 11.38 9.00 0.00
524 2.99 4.54 0.00
525 1.44 2.30 0.00
526 2.00 1.87 0.00
527 11.14 8.70 0.00
528 1.03 0.82 0.00
529 1.66 0.30 0.00
530 1.46 1.91 0.00
531 0.77 0.82 0.00
532 1.66 0.30 0.00
533 1.63 0.30 0.00
534 86.94 6.65 0.00
535 2.13 1.91 0.00
536 0.99 0.30 0.00
537 188.64 2.95 0.00
538 11.62 9.78 0.00
539 0.55 0.30 0.00
540 1.13 1.84 0.00
541 1.44 0.00 0.00
542 1.12 0.72 0.00
543 1.03 2.25 0.00
544 1.73 4.54 0.00
545 1.18 1.85 0.00
546 1.66 0.30 0.00
547 0.99 0.30 0.00
548 1.97 1.23 0.00
549 6.88 204.20 0.00
550 1.39 1.84 0.00
551 7.11 0.65 0.00
552 1.98 0.82 0.00
553 0.71 0.30 0.00
554 1.06 4.54 0.00
555 2.33 1.99 0.00
556 3.68 123.46 0.00
557 2.47 30.06 0.00
558 2.15 1.10 0.00
559 3.27 173.55 0.00
560 195.01 64.74 0.00
561 1.72 0.63 0.00
562 11.34 8.70 0.00
563 2.19 0.00 0.00
564 2.35 4.75 0.00
565 2.29 1.51 0.00
566 1.47 0.00 0.00
567 2.32 0.54 0.00
568 11.70 8.40 0.00
569 1.92 0.00 0.00
570 2.40 2.06 0.00
571 2.36 0.14 0.00
572 1.69 1.63 0.00
573 2.36 1.04 0.00
574 132.37 247.89 0.00
575 1.55 1.45 0.00
576 98.72 10.90 0.00
577 2.80 0.14 0.00
578 1.04 0.00 0.00
579 1.33 0.51 0.00
580 2.18 1.49 0.00
581 3.31 162.77 0.00
582 1.21 34.45 0.00
583 1.71 0.00 0.00
584 1.29 4.24 0.00
585 2.90 2.26 0.00
586 0.98 0.94 0.00
587 2.68 233.38 0.00
588 11.94 40.66 0.00
589 0.88 0.00 0.00
590 1.42 2.00 0.00
591 1.66 0.51 0.00
592 1.10 0.00 0.00
593 1.53 0.19 0.00
594 122.77 16.46 0.00
595 3.01 1.97 0.00
596 1.10 0.30 0.00
597 11.80 9.22 0.00
598 2.30 0.30 0.00
599 0.99 0.30 0.00
600 2.79 2.42 0.00
601 4.08 153.94 0.00
602 2.82 8.92 0.00
603 1.70 0.82 0.00
604 3.11 90.51 0.00
605 2.52 51.60 0.00
606 1.21 0.82 0.00
607 1.38 0.43 0.00
608 2.59 0.58 0.00
609 14.10 8245.01 0.00
610 11.66 8188.68 0.00
611 9.80 4216.71 0.00
612 21.75 12911.46 0.00
613 71.09 2059.29 0.00
614 21.89 3078.83 0.00
615 30.81 12020.60 0.00
616 7.41 4136.43 0.00
617 2.21 0.30 0.00
618 7.28 3136.40 0.00
619 1.21 0.30 0.00
620 11.43 6141.52 0.00
621 19.35 10392.56 0.00
622 30.45 16542.04 0.00
623 13.42 8812.92 0.00
624 11.02 5070.36 0.00
625 24.48 11935.46 0.00
626 31.08 21611.46 0.00
627 220.52 23607.15 0.00
628 36.93 8709.50 0.00
629 210.24 12559.95 0.00
630 23.57 12155.26 0.00
631 1.96 0.30 0.00
632 8.16 1941.45 0.00
633 1.88 0.30 0.00
634 3.62 4.68 0.00
635 32.59 14537.44 0.00
636 1.63 74.18 0.00
637 19.93 7392.55 0.00
638 12.04 5220.80 0.00
639 16.71 9066.76 0.00
640 50.12 33480.77 0.00
641 64.14 40874.51 0.00
642 42.57 36683.25 0.00
643 42.80 37743.58 0.00
644 50.99 47725.52 0.00
645 67.24 48156.67 0.00
646 4215.62 36312.79 0.00
647 4330.66 44501.66 0.00
648 17672.74 1766.53 0.00
649 11382.07 2600.84 0.00
650 3712.98 7031.60 0.00
651 9902.73 2324.19 0.00
652 11752.54 11.39 0.00
653 13114.92 5055.21 0.00
654 15030.61 4867.37 0.00
655 11136.97 25175.08 0.00
656 16825.66 17421.55 0.00
657 13926.05 15774.49 0.00
658 1528.10 7078.35 0.00
659 14.23 8369.32 0.00
660 9.04 6213.72 0.00
661 236.90 5.91 0.00
662 0.95 5.92 0.00
663 2.30 0.37 0.00
664 1.74 1.99 0.00
665 2.24 0.95 0.00
666 1.53 1.72 0.00
667 0.55 0.36 0.00
668 4.51 1.01 0.00
669 20.61 338.94 0.00
670 46.07 5927.21 0.00
671 45.91 6754.12 0.00
672 3238.04 4860.27 0.00
673 6789.75 6040.12 0.00
674 5391.20 10984.55 0.00
675 6620.70 6536.30 0.00
676 8496.14 12170.29 0.00
677 6753.10 7257.88 0.00
678 4239.13 9452.43 0.00
679 3336.28 5009.79 0.00
680 8710.95 12886.43 0.00
681 10840.91 804.85 0.00
682 12161.68 283.84 0.00
683 13593.94 9012.02 0.00
684 12565.99 11485.74 0.00
685 12779.50 14296.53 0.00
686 12368.54 16113.79 0.00
687 5831.97 16043.15 0.00
688 5713.33 4094.07 0.00
689 4229.04 7606.10 0.00
690 3124.69 7731.88 0.00
691 3889.73 6567.28 0.00
692 2588.23 7517.32 0.00
693 4494.00 13616.60 0.00
694 1168.10 10670.68 0.00
695 3314.04 13962.15 0.00
696 5790.68 9347.96 0.00
697 3463.22 4111.15 0.00
698 4453.62 11519.49 0.00
699 223.88 6229.80 0.00
700 2465.39 1392.50 0.00
701 2345.65 8.19 0.00
702 2687.51 2774.08 0.00
703 1414.17 190.36 0.00
704 1.05 1.49 0.00
705 2.92 0.56 0.00
706 1.74 3.35 0.00
707 0.94 0.94 0.00
708 1.26 0.30 0.00
709 1.22 0.30 0.00
710 1.21 0.82 0.00
711 2.71 1.75 0.00
712 943.22 2848.42 0.00
713 3383.50 5775.66 0.00
714 2451.06 4660.11 0.00
715 4062.55 5841.62 0.00
716 3379.41 2591.36 0.00
717 2534.73 5.50 0.00
718 2429.81 2220.56 0.00
719 1054.37 3884.92 0.00
720 259.94 2948.03 0.00
721 131.75 2603.00 0.00
722 258.12 3.89 0.00
723 8.28 0.50 0.00
724 1.39 3.50 0.00
725 2.61 0.88 0.00
726 1.92 1.81 0.00
727 1.44 0.33 0.00
728 2.48 0.82 0.00
729 1.57 0.43 0.00
730 1.61 0.37 0.00
731 2.26 2.13 0.00
732 0.66 0.40 0.00
733 1.37 0.30 0.00
734 2.29 4.01 0.00
735 0.77 0.30 0.00
736 2060.31 1565.92 0.00
737 7358.75 9849.46 0.00
738 5119.00 4887.41 0.00
739 9092.71 10538.41 0.00
740 12201.28 10748.85 0.00
741 10868.76 2356.32 0.00
742 1375.67 2.96 0.00
743 2.03 0.82 0.00
744 5399.07 3717.71 0.00
745 13448.82 9850.22 0.00
746 8502.20 8387.23 0.00
747 3761.22 1235.81 0.00
748 1958.49 2.30 0.00
749 1939.44 1.87 0.00
750 1.98 0.88 0.00
751 2.77 1.87 0.00
752 1.55 2.29 0.00
753 3.08 0.30 0.00
754 2486.96 3537.33 0.00
755 2936.49 5352.47 0.00
756 2166.14 3054.60 0.00
757 3320.77 3453.19 0.00
758 2941.89 3267.52 0.00
759 2455.97 2653.69 0.00
760 5.22 890.96 0.00
761 7.28 4470.02 0.00
762 5.84 3207.09 0.00
763 6.16 3316.91 0.00
764 4.44 1216.07 0.00
765 1347.95 47.12 0.00
766 1923.57 1069.05 0.00
767 3076.29 5.51 0.00
768 2096.42 2.11 0.00
769 2.30 0.50 0.00
770 1961.91 5626.18 0.00
771 7474.97 16709.00 0.00
772 3615.76 17134.34 0.00
773 2.47 799.79 0.00
774 2.17 0.37 0.00
775 0.55 0.30 0.00
776 805.54 2.37 0.00
777 2554.65 583.35 0.00
778 712.30 1.21 0.00
779 1.24 0.95 0.00
780 1.07 0.37 0.00
781 1.56 1.87 0.00
782 1.69 2.35 0.00
783 1.71 0.37 0.00
784 0.88 0.30 0.00
785 2.94 0.89 0.00
786 1.38 0.37 0.00
787 1.38 1.66 0.00
788 1.92 0.87 0.00
789 1.92 0.30 0.00
790 133.63 786.11 0.00
791 1781.83 2.76 0.00
792 2236.03 3.39 0.00
793 3038.58 1665.69 0.00
794 10104.00 14780.66 0.00
795 4030.42 6343.65 0.00
796 5257.75 5130.14 0.00
797 5325.72 1154.64 0.00
798 4108.27 3.51 0.00
799 1305.64 1.46 0.00
800 2.96 0.95 0.00
801 16063.87 14546.41 0.00
802 13198.15 12787.92 0.00
803 4081.28 773.20 0.00
804 1188.33 4.56 0.00
805 7758.35 4682.71 0.00
806 5633.89 2633.42 0.00
807 4383.76 2247.75 0.00
808 10154.09 6006.07 0.00
809 10821.62 10066.56 0.00
810 7195.23 4910.41 0.00
811 2947.00 1095.46 0.00
812 1.58 0.51 0.00
813 1380.21 4.41 0.00
814 1670.14 3.30 0.00
815 1005.83 1.91 0.00
816 1.52 0.43 0.00
817 3.15 0.43 0.00
818 637.44 577.97 0.00
819 4453.80 2806.62 0.00
820 5088.61 6.47 0.00
821 6856.58 2162.78 0.00
822 14719.66 20.87 0.00
823 2.17 0.30 0.00
824 2.01 5.55 0.00
825 1.83 0.37 0.00
826 1.14 2.02 0.00
827 342.66 703.91 0.00
828 1330.54 1.99 0.00
829 2045.78 4.80 0.00
830 1598.33 3.07 0.00
831 4906.94 4415.11 0.00
832 3553.12 5250.80 0.00
833 2550.43 1490.73 0.00
834 1991.57 1343.92 0.00
835 1901.40 1521.29 0.00
836 2.03 247.08 0.00
837 668.29 1560.16 0.00
838 7971.08 7047.88 0.00
839 11276.63 7922.07 0.00
840 12376.68 9756.56 0.00
841 4590.17 3063.33 0.00
842 5995.27 4483.63 0.00
843 5216.49 2591.01 0.00
844 9400.01 2796.78 0.00
845 4363.11 6.39 0.00
846 1560.59 1.46 0.00
847 4047.06 8.09 0.00
848 12867.93 19.30 0.00
849 14508.94 24.80 0.00
850 17255.17 30.10 0.00
851 2858.63 6.22 0.00
852 2032.66 772.93 0.00
853 2968.57 17.87 0.00
854 1221.54 4.29 0.00
855 2918.94 265.88 0.00
856 6463.37 5531.63 0.00
857 4276.75 3789.21 0.00
858 4844.35 2010.72 0.00
859 5906.12 2878.51 0.00
860 4355.60 1147.94 0.00
861 4574.75 1878.50 0.00
862 2231.90 9068.26 0.00
863 2686.28 2544.46 0.00
864 10822.02 1630.71 0.00
865 5944.93 1545.67 0.00
866 4.25 42.19 0.00
867 18.45 6294.63 0.00
868 10.76 4501.18 0.00
869 13.28 5471.74 0.00
870 10.54 5774.07 0.00
871 1.68 589.31 0.00
872 1796.70 5.33 0.00
873 6152.33 9.91 0.00
874 5971.21 16.20 0.00
875 2782.94 5.65 0.00
876 1328.30 3.34 0.00
877 1.77 0.30 0.00
878 1.42 1.37 0.00
879 1.66 1.84 0.00
880 0.77 0.30 0.00
881 2.90 2.05 0.00
882 0.93 0.30 0.00
883 3.08 1.69 0.00
884 14370.82 43.20 0.00
885 12400.06 19.12 0.00
886 4765.88 8.38 0.00
887 2055.86 5.29 0.00
888 3726.79 5.65 0.00
889 8181.81 13.89 0.00
890 5473.12 10.85 0.00
891 3646.41 1.98 0.00
892 254.26 0.63 0.00
893 1.53 0.88 0.00
894 1010.97 7.92 0.00
895 2316.41 1151.20 0.00
896 3163.55 935.02 0.00
897 2429.25 4.17 0.00
898 3352.60 5.14 0.00
899 2939.92 6.16 0.00
900 1951.77 6.29 0.00
901 9206.81 16.21 0.00
902 13573.38 20.67 0.00
903 2914.21 4.69 0.00
904 2388.39 9.42 0.00
905 1557.05 6.39 0.00
906 1926.33 5.92 0.00
907 4677.03 11.13 0.00
908 8348.02 19.17 0.00
909 8690.64 5.04 0.00
910 745.03 2.53 0.00
911 1.92 0.94 0.00
912 4469.68 10.90 0.00
913 4578.17 10.35 0.00
914 2755.49 3.20 0.00
915 1743.53 3.45 0.00
916 3015.32 14.98 0.00
917 17162.57 28.82 0.00
918 5230.95 4.49 0.00
919 1647.82 1.19 0.00
920 638.87 4.96 0.00
921 1353.10 2.75 0.00
922 3381.47 11.11 0.00
923 1928.64 3.40 0.00
924 7.70 2414.17 0.00
925 6.99 4025.08 0.00
926 550.94 2537.82 0.00
927 1577.15 147.83 0.00
928 1958.09 235.99 0.00
929 5.26 1134.09 0.00
930 5.55 1790.03 0.00
931 5.08 2422.59 0.00
932 8.32 3597.19 0.00
933 2.53 1788.09 0.00
934 0.95 19.16 0.00
935 3.14 1.66 0.00
936 965.43 5.56 0.00
937 5769.29 7.46 0.00
938 14960.14 27.42 0.00
939 6788.30 13.50 0.00
940 6955.39 15.41 0.00
941 3624.38 8.00 0.00
942 2410.30 3.46 0.00
943 430.54 2.04 0.00
944 3997.28 20.43 0.00
945 9377.28 31.31 0.00
946 7314.31 18.95 0.00
947 3933.91 3.53 0.00
948 760.41 1.01 0.00
949 11308.43 31.51 0.00
950 9097.14 1426.50 0.00
951 8795.51 2059.51 0.00
952 7830.67 2240.80 0.00
953 5402.57 1241.50 0.00
954 3825.16 1300.10 0.00
955 3041.64 1779.57 0.00
956 3954.65 10.88 0.00
957 6086.51 13.13 0.00
958 895.25 5.29 0.00
959 1652.52 8.02 0.00
960 1589.63 2.98 0.00
961 2018.73 4.00 0.00
962 3645.90 7.71 0.00
963 9212.10 19.90 0.00
964 4794.62 9.16 0.00
965 3734.27 12.05 0.00
966 6971.15 15.94 0.00
967 3763.59 6.90 0.00
968 4548.14 9.83 0.00
969 2391.92 653.53 0.00
970 7.32 2786.48 0.00
971 10.28 4749.15 0.00
972 10.48 3227.45 0.00
973 5.83 1393.58 0.00
974 4.24 1236.23 0.00
975 4.16 798.98 0.00
976 2.47 1769.20 0.00
977 2.88 723.51 0.00
978 1.10 2.52 0.00
979 0.94 0.37 0.00
980 129.89 4.08 0.00
981 2939.25 10.86 0.00
982 4467.10 10.83 0.00
983 4569.66 13.43 0.00
984 2717.00 11.86 0.00
985 8292.40 22.29 0.00
986 6155.59 849.30 0.00
987 9656.58 3069.07 0.00
988 14602.61 4239.21 0.00
989 5158.95 1771.67 0.00
990 1896.94 2307.61 0.00
991 3484.60 2612.40 0.00
992 1049.05 1211.59 0.00
993 927.67 1463.98 0.00
994 966.00 1597.32 0.00
995 3011.51 7.52 0.00
996 1620.76 4.69 0.00
997 554.36 3.56 0.00
998 431.58 711.22 0.00
999 263.44 787.47 0.00
1000 836.50 140.08 0.00
1001 260.14 440.88 0.00
1002 1372.37 1149.88 0.00
1003 423.49 795.70 0.00
1004 392.36 204.62 0.00
1005 1911.08 184.34 0.00
1006 2037.86 1761.18 0.00
1007 1770.63 926.84 0.00
1008 2117.25 10.62 0.00
1009 3154.23 512.23 0.00
1010 1941.14 4.74 0.00
1011 2638.10 4.43 0.00
1012 1129.20 1.92 0.00
1013 2.28 1.08 0.00
1014 1.50 0.37 0.00
1015 1.00 1.77 0.00
1016 0.94 0.88 0.00
1017 1.05 0.00 0.00
1018 0.33 0.30 0.00
1019 0.66 0.82 0.00
1020 2.28 1.77 0.00
1021 2.17 0.51 0.00
1022 0.71 2.25 0.00
1023 1.45 0.37 0.00
1024 2.39 0.56 0.00
1025 1.56 2.26 0.00
1026 0.78 0.33 0.00
1027 1.98 0.30 0.00
1028 1.06 0.88 0.00
1029 1.80 0.69 0.00
1030 0.98 1.59 0.00
1031 1.89 1.00 0.00
1032 1240.48 12.01 0.00
1033 1655.09 5.80 0.00
1034 989.11 7.70 0.00
1035 1473.95 104.12 0.00
1036 1362.82 5694.08 0.00
1037 3.75 1354.78 0.00
1038 3.72 559.38 0.00
1039 4.18 2636.20 0.00
1040 677.61 1846.93 0.00
1041 696.74 1037.04 0.00
1042 3398.55 3366.67 0.00
1043 2020.45 4239.28 0.00
1044 11.54 3682.87 0.00
1045 9.89 3520.79 0.00
1046 7.94 2004.67 0.00
1047 12.47 3635.54 0.00
1048 9.87 4571.11 0.00
1049 9.09 4415.89 0.00
1050 14.11 3070.80 0.00
1051 5.25 1650.85 0.00
1052 5.07 1574.63 0.00
1053 4.22 1800.91 0.00
1054 4.03 878.10 0.00
1055 2.36 708.52 0.00
1056 1.33 2.07 0.00
1057 2.97 1.51 0.00
1058 10.59 13.39 0.00
1059 1.13 3.18 0.00
1060 3157.07 22.80 0.00
1061 5690.28 19.31 0.00
1062 2777.19 9.20 0.00
1063 2484.52 8.31 0.00
1064 6032.58 23.20 0.00
1065 3371.10 6.06 0.00
1066 2184.18 1198.29 0.00
1067 1852.14 1126.09 0.00
1068 3740.74 3864.04 0.00
1069 6888.67 2485.50 0.00
1070 4848.49 1993.61 0.00
1071 553.42 1473.80 0.00
1072 490.47 883.72 0.00
1073 6.83 1141.13 0.00
1074 648.40 828.21 0.00
1075 4564.26 5402.64 0.00
1076 3146.51 5043.50 0.00
1077 3512.68 4584.32 0.00
1078 3177.08 2278.43 0.00
1079 3603.25 4526.24 0.00
1080 7.70 1445.44 0.00
1081 7.59 1653.00 0.00
1082 8.92 2916.61 0.00
1083 8.25 2970.55 0.00
1084 7.43 1901.75 0.00
1085 5.77 1242.10 0.00
1086 5.61 1251.66 0.00
1087 9.26 2269.83 0.00
1088 12.04 2835.74 0.00
1089 9.29 2557.51 0.00
1090 8.17 1613.55 0.00
1091 2.87 1.01 0.00
1092 2.04 0.30 0.00
1093 1.66 0.43 0.00
1094 2.12 2.35 0.00
1095 0.66 0.30 0.00
1096 1.23 1.87 0.00
1097 2.02 0.82 0.00
1098 0.88 0.30 0.00
1099 1.84 1.58 0.00
1100 2.22 0.82 0.00
1101 1.11 0.00 0.00
1102 2.65 0.37 0.00
1103 2.32 0.82 0.00
1104 1.78 1.72 0.00
1105 4.35 0.68 0.00
1106 1.90 0.88 0.00
1107 1.88 0.43 0.00
1108 2.10 0.30 0.00
1109 2.29 2.22 0.00
1110 1.55 0.30 0.00
1111 2.13 1.87 0.00
1112 1.14 0.30 0.00
1113 0.99 0.82 0.00
1114 1.84 1.78 0.00
1115 4.87 341.24 0.00
1116 20.56 6455.67 0.00
1117 7.13 4943.89 0.00
1118 3.29 2816.14 0.00
1119 2134.14 1842.26 0.00
1120 4016.32 2582.97 0.00
1121 1043.52 1988.07 0.00
1122 8.84 4319.48 0.00
1123 7.86 5131.42 0.00
1124 7.33 4428.80 0.00
1125 11658.07 7578.40 0.00
1126 13182.04 12049.57 0.00
1127 8515.91 20857.53 0.00
1128 10174.45 15850.79 0.00
1129 14575.06 9286.76 0.00
1130 9729.75 16978.64 0.00
1131 6973.44 9923.86 0.00
1132 2777.47 4262.00 0.00
1133 3731.19 5408.85 0.00
1134 3543.36 5549.82 0.00
1135 11540.42 14739.47 0.00
1136 8160.75 7105.52 0.00
1137 12762.49 5577.78 0.00
1138 9824.60 5378.50 0.00
1139 16072.90 11570.44 0.00
1140 16812.19 9939.94 0.00
1141 14018.22 7045.01 0.00
1142 12618.77 12962.63 0.00
1143 3328.42 1.92 0.00
1144 6.92 698.94 0.00
1145 2.53 2.55 0.00
1146 0.81 0.43 0.00
1147 723.54 2.43 0.00
1148 6420.40 3953.58 0.00
1149 5832.22 4667.37 0.00
1150 5837.54 2763.17 0.00
1151 6052.12 5439.13 0.00
1152 5534.50 4791.10 0.00
1153 5023.16 5218.63 0.00
1154 5098.03 5535.48 0.00
1155 14049.12 6473.64 0.00
1156 12618.24 11940.97 0.00
1157 11411.16 6074.62 0.00
1158 5091.20 1035.34 0.00
1159 2445.75 2.75 0.00
1160 2.46 2.61 0.00
1161 1.50 0.37 0.00
1162 5270.47 6.95 0.00
1163 4067.43 3.53 0.00
1164 12820.00 2725.69 0.00
1165 3321.67 3210.53 0.00
1166 4.95 1235.69 0.00
1167 2.87 1090.93 0.00
1168 3.61 1096.85 0.00
1169 7427.17 568.38 0.00
1170 3968.39 4.42 0.00
1171 2741.38 540.35 0.00
1172 2049.64 2.11 0.00
1173 1.60 0.50 0.00
1174 472.21 1.01 0.00
1175 1.11 1.68 0.00
1176 1.94 1.04 0.00
1177 2.62 0.30 0.00
1178 3771.53 405.36 0.00
1179 6069.88 4278.74 0.00
1180 4910.30 4292.04 0.00
1181 258.87 2.59 0.00
1182 1.97 0.30 0.00
1183 268.95 1.48 0.00
1184 7443.60 909.89 0.00
1185 18623.91 12314.56 0.00
1186 12588.71 11898.48 0.00
1187 5020.47 4543.80 0.00
1188 2656.88 5999.53 0.00
1189 3565.90 13630.07 0.00
1190 23.88 16369.75 0.00
1191 1264.84 12710.87 0.00
1192 6558.83 4704.20 0.00
1193 3238.80 2.69 0.00
1194 1103.83 4.13 0.00
1195 1456.28 1.98 0.00
1196 2102.12 3677.36 0.00
1197 1978.47 8205.63 0.00
1198 3292.38 8537.22 0.00
1199 893.28 5666.64 0.00
1200 11002.00 35.72 0.00
1201 1961.05 8.95 0.00
1202 0.92 0.82 0.00
1203 1.95 0.37 0.00
1204 1858.28 2932.84 0.00
1205 12719.08 8508.45 0.00
1206 13659.74 8169.74 0.00
1207 14551.30 5999.10 0.00
1208 5626.98 2694.78 0.00
1209 7910.79 1676.96 0.00
1210 5375.83 3389.94 0.00
1211 4677.78 1412.66 0.00
1212 2820.78 775.94 0.00
1213 4423.88 1457.36 0.00
1214 3797.73 6.90 0.00
1215 3159.77 3.33 0.00
1216 697.74 4.39 0.00
1217 2.17 0.95 0.00
1218 2930.22 7500.90 0.00
1219 4617.52 6096.28 0.00
1220 3917.08 5436.01 0.00
1221 4092.76 3942.24 0.00
1222 8508.46 7446.62 0.00
1223 7824.91 17781.63 0.00
1224 9738.68 16989.29 0.00
1225 2616.56 10447.26 0.00
1226 1335.02 3790.65 0.00
1227 6.65 3301.81 0.00
1228 2.86 872.94 0.00
1229 2.41 1.85 0.00
1230 806.49 2.51 0.00
1231 2362.00 7.15 0.00
1232 1.04 0.30 0.00
1233 1.21 0.82 0.00
1234 2.91 5.15 0.00
1235 515.45 2.26 0.00
1236 1620.37 7.23 0.00
1237 2133.88 6.17 0.00
1238 111.99 0.43 0.00
1239 0.55 0.30 0.00
1240 2.53 1.37 0.00
1241 1.45 1.78 0.00
1242 1.92 0.51 0.00
1243 2141.54 5.27 0.00
1244 3087.47 9.77 0.00
1245 2.00 1.79 0.00
1246 1.84 3.21 0.00
1247 0.82 0.30 0.00
1248 1994.03 7.31 0.00
1249 2702.29 4.30 0.00
1250 2981.81 6.54 0.00
1251 2904.78 8.39 0.00
1252 0.71 0.30 0.00
1253 1.70 0.00 0.00
1254 3.71 0.82 0.00
1255 0.55 0.30 0.00
1256 3521.47 268.04 0.00
1257 2114.03 1953.32 0.00
1258 630.65 915.55 0.00
1259 4.72 2154.24 0.00
1260 6.50 1511.06 0.00
1261 5.14 2520.95 0.00
1262 2.89 860.06 0.00
1263 2.18 1.47 0.00
1264 3.16 4.84 0.00
1265 3.80 2.10 0.00
1266 6.99 1154.86 0.00
1267 14.98 7823.69 0.00
1268 10.16 5172.71 0.00
1269 4.47 1764.61 0.00
1270 7.87 3468.83 0.00
1271 8.84 3664.95 0.00
1272 14.79 9814.90 0.00
1273 11.99 7041.86 0.00
1274 5.40 930.63 0.00
1275 6.00 1296.55 0.00
1276 1.13 2.97 0.00
1277 1.59 0.37 0.00
1278 1.75 0.82 0.00
1279 1.90 0.30 0.00
1280 3.56 0.44 0.00
1281 2.47 2.48 0.00
1282 2.45 0.43 0.00
1283 4.82 252.57 0.00
1284 9.06 3983.07 0.00
1285 7.12 2293.55 0.00
1286 8.45 2850.11 0.00
1287 8.53 1924.92 0.00
1288 29.03 7286.32 0.00
1289 30.22 9639.56 0.00
1290 22.39 6112.21 0.00
1291 13.90 3866.42 0.00
1292 9.29 2751.81 0.00
1293 1819.74 3293.36 0.00
1294 8495.32 4257.62 0.00
1295 9468.43 4510.47 0.00
1296 9194.76 3642.92 0.00
1297 5159.97 1544.56 0.00
1298 12163.16 884.64 0.00
1299 6867.47 2745.53 0.00
1300 4086.73 2244.56 0.00
1301 3777.74 1626.55 0.00
1302 6076.42 3107.58 0.00
1303 12200.49 5119.10 0.00
1304 6385.66 4657.22 0.00
1305 4374.01 6.55 0.00
1306 3.52 4.54 0.00
1307 8.41 2796.75 0.00
1308 6.20 1461.83 0.00
1309 7.30 2291.58 0.00
1310 6181.62 3263.46 0.00
1311 12990.85 4856.67 0.00
1312 3229.62 1843.49 0.00
1313 4190.52 1834.11 0.00
1314 3413.52 1295.43 0.00
1315 7988.58 5445.30 0.00
1316 3949.61 3449.70 0.00
1317 4432.03 10.70 0.00
1318 1178.50 2.50 0.00
1319 4862.10 1772.88 0.00
1320 1927.64 4891.18 0.00
1321 1139.78 5616.99 0.00
1322 2629.45 4798.22 0.00
1323 3234.01 1828.78 0.00
1324 3536.16 3393.96 0.00
1325 5582.94 4150.36 0.00
1326 2783.81 3852.19 0.00
1327 4281.23 3823.26 0.00
1328 4197.51 7189.90 0.00
1329 3034.79 1061.42 0.00
1330 3671.55 5187.54 0.00
1331 3407.04 6545.75 0.00
1332 4206.79 5858.02 0.00
1333 3234.38 4931.22 0.00
1334 2597.61 2061.37 0.00
1335 2607.95 2821.98 0.00
1336 6976.30 4157.98 0.00
1337 9174.53 6103.69 0.00
1338 5258.58 6397.38 0.00
1339 5282.97 4444.21 0.00
1340 3209.75 2026.16 0.00
1341 3394.99 3023.19 0.00
1342 2889.49 2047.88 0.00
1343 5543.12 6268.93 0.00
1344 7915.06 6282.42 0.00
1345 11772.20 3873.49 0.00
1346 12407.47 5283.52 0.00
1347 3929.94 3761.73 0.00
1348 3975.31 4653.88 0.00
1349 5108.72 4444.22 0.00
1350 3961.12 3726.47 0.00
1351 9410.72 7879.74 0.00
1352 13242.00 11551.32 0.00
1353 15765.55 5397.49 0.00
1354 4424.55 584.35 0.00
1355 2195.42 409.44 0.00
1356 2634.09 3.20 0.00
1357 2091.19 3.39 0.00
1358 5753.03 1410.65 0.00
1359 10743.18 8382.82 0.00
1360 13092.53 5602.42 0.00
1361 17069.45 7589.24 0.00
1362 14592.91 7756.57 0.00
1363 4756.19 5.89 0.00
1364 3002.84 1.77 0.00
1365 768.76 0.82 0.00
1366 553.33 516.40 0.00
1367 4403.05 3.93 0.00
1368 2956.23 4.03 0.00
1369 4046.44 1764.74 0.00
1370 7613.77 4278.46 0.00
1371 4650.73 728.02 0.00
1372 2260.45 2.49 0.00
1373 2.42 0.43 0.00
1374 9890.78 5097.48 0.00
1375 11790.95 10684.04 0.00
1376 6290.55 3.27 0.00
1377 68.32 0.69 0.00
1378 0.90 0.95 0.00
1379 1.39 1.84 0.00
1380 2.27 0.55 0.00
1381 10584.67 7212.27 0.00
1382 6386.61 8690.07 0.00
1383 2967.55 93.23 0.00
1384 1022.21 1.46 0.00
1385 1.84 1.84 0.00
1386 0.94 0.37 0.00
1387 1.30 0.88 0.00
1388 1.39 0.34 0.00
1389 7442.08 13794.30 0.00
1390 6647.83 189.37 0.00
1391 1507.30 1.46 0.00
1392 0.95 0.43 0.00
1393 1.38 0.95 0.00
1394 4536.60 5068.18 0.00
1395 8937.42 6453.47 0.00
1396 4520.63 1109.41 0.00
1397 6105.99 5.07 0.00
1398 1893.27 2.64 0.00
1399 412.53 1.66 0.00
1400 15401.49 14639.47 0.00
1401 14440.09 10164.26 0.00
1402 5359.25 4.56 0.00
1403 405.25 0.95 0.00
1404 0.83 0.36 0.00
1405 2.59 2.29 0.00
1406 14122.78 13998.85 0.00
1407 17880.52 2298.33 0.00
1408 5675.50 3.59 0.00
1409 1111.58 1.21 0.00
1410 1.33 1.74 0.00
1411 2969.98 922.33 0.00
1412 15887.31 6516.46 0.00
1413 10697.32 3387.76 0.00
1414 3851.68 5.01 0.00
1415 2137.33 4.61 0.00
1416 1344.20 2.17 0.00
1417 466.02 1.66 0.00
1418 4155.21 2754.94 0.00
1419 2282.47 768.29 0.00
1420 1520.30 3.45 0.00
1421 595.98 1.01 0.00
1422 1.66 0.37 0.00
1423 2.39 0.88 0.00
1424 664.58 1529.27 0.00
1425 3.16 1077.75 0.00
1426 1.34 63.07 0.00
1427 1.92 0.30 0.00
1428 1.33 0.30 0.00
1429 1.10 0.82 0.00
1430 560.45 3.32 0.00
1431 1.33 0.30 0.00
1432 1.37 0.82 0.00
1433 2912.04 2584.50 0.00
1434 2984.21 3290.70 0.00
1435 1.93 595.73 0.00
1436 1.22 0.44 0.00
1437 2.11 0.37 0.00
1438 570.89 3.16 0.00
1439 273.35 1.24 0.00
1440 2.19 1.92 0.00
1441 197.19 3.19 0.00
1442 22543.40 56.64 0.00
1443 5643.18 1411.55 0.00
1444 3379.77 714.21 0.00
1445 2117.50 4.48 0.00
1446 752.49 2.46 0.00
1447 20802.23 54.11 0.00
1448 1.67 0.30 0.00
1449 0.62 0.37 0.00
1450 2.65 2.36 0.00
1451 1.66 0.30 0.00
1452 0.82 0.30 0.00
1453 7285.66 1246.17 0.00
1454 25556.66 1322.32 0.00
1455 35075.38 80.02 0.00
1456 550.80 4.65 0.00
1457 1595.00 1.92 0.00
1458 0.66 0.30 0.00
1459 1.10 0.82 0.00
1460 2803.67 8.49 0.00
1461 10292.51 24.87 0.00
1462 5092.67 12.42 0.00
1463 219.51 1.21 0.00
1464 29650.60 66.96 0.00
1465 6899.73 21.30 0.00
1466 0.72 0.37 0.00
1467 2.16 0.63 0.00
1468 1.91 0.95 0.00
1469 2727.96 1584.25 0.00
1470 6125.52 1892.72 0.00
1471 8637.47 620.70 0.00
1472 10320.39 23.30 0.00
1473 6024.62 16.81 0.00
1474 3.22 1.04 0.00
1475 1.76 1.88 0.00
1476 0.51 0.40 0.00
1477 2.41 0.82 0.00
1478 5754.58 13.07 0.00
1479 6237.64 17.96 0.00
1480 6874.90 1000.06 0.00
1481 12833.79 1740.90 0.00
1482 15864.75 2513.25 0.00
1483 1.22 0.88 0.00
1484 1.08 0.30 0.00
1485 3.33 2.05 0.00
1486 3.04 2.31 0.00
1487 1.67 0.37 0.00
1488 13731.19 37.32 0.00
1489 12248.11 3020.25 0.00
1490 1067.49 5271.29 0.00
1491 16.84 5685.43 0.00
1492 2.73 143.02 0.00
1493 1.71 0.43 0.00
1494 1.96 0.95 0.00
1495 1.78 2.22 0.00
1496 0.66 0.37 0.00
1497 1.16 0.30 0.00
1498 0.55 0.82 0.00
1499 0.75 0.30 0.00
1500 43.42 19592.01 0.00
1501 29.07 14270.72 0.00
1502 2571.80 13580.45 0.00
1503 3731.09 7159.17 0.00
1504 3863.34 2371.46 0.00
1505 6615.88 4997.42 0.00
1506 4508.99 6286.62 0.00
1507 3009.64 12530.66 0.00
1508 3323.18 8172.49 0.00
1509 94.97 8084.79 0.00
1510 1085.25 5364.77 0.00
1511 1392.29 1.92 0.00
1512 81.16 0.50 0.00
1513 28.46 12749.76 0.00
1514 33.36 18531.71 0.00
1515 24.02 17902.62 0.00
1516 11.36 6220.93 0.00
1517 9.96 6882.21 0.00
1518 6.82 3184.53 0.00
1519 10.34 5765.39 0.00
1520 19.63 11233.61 0.00
1521 28.78 16467.01 0.00
1522 13.70 5476.70 0.00
1523 12.41 5990.64 0.00
1524 8.16 4189.55 0.00
1525 14.07 2847.62 0.00
1526 9.36 3822.53 0.00
1527 19.22 8364.71 0.00
1528 11.43 4426.37 0.00
1529 11.43 3998.71 0.00
1530 7.94 3407.25 0.00
1531 12.12 4016.77 0.00
1532 9.61 5037.97 0.00
1533 8.58 3695.23 0.00
1534 15.34 5194.28 0.00
1535 16.77 5514.16 0.00
1536 8.03 3142.52 0.00
1537 8.30 2767.84 0.00
1538 5.29 1336.04 0.00
1539 4.23 1697.74 0.00
1540 4.29 2059.51 0.00
1541 2.62 622.40 0.00
1542 3.51 796.80 0.00
1543 3.60 1038.04 0.00
1544 11.20 3792.72 0.00
1545 16.18 6182.13 0.00
1546 7.66 3291.48 0.00
1547 20194.31 3699.84 0.00
1548 8729.95 1467.03 0.00
1549 5931.70 1911.71 0.00
1550 1670.02 3135.27 0.00
1551 14.26 4885.97 0.00
1552 14.68 9081.91 0.00
1553 9.78 5212.56 0.00
1554 3672.97 3448.88 0.00
1555 3347.36 5117.62 0.00
1556 3.83 1021.87 0.00
1557 12.88 6214.30 0.00
1558 5.98 3585.66 0.00
1559 10.11 3643.40 0.00
1560 5.12 1724.16 0.00
1561 8.41 2678.73 0.00
1562 13.18 4830.24 0.00
1563 17.65 6038.29 0.00
1564 10.41 2899.88 0.00
1565 2097.61 1777.27 0.00
1566 2202.81 593.92 0.00
1567 3.92 752.65 0.00
1568 1138.90 1782.06 0.00
1569 1864.87 1324.11 0.00
1570 1724.62 1079.70 0.00
1571 2353.05 1587.17 0.00
1572 9205.92 3197.55 0.00
1573 7368.96 2353.65 0.00
1574 1017.39 3.27 0.00
1575 195.28 1.03 0.00
1576 609.47 5.81 0.00
1577 645.37 1.95 0.00
1578 932.55 1.93 0.00
1579 616.41 626.99 0.00
1580 2758.32 10351.78 0.00
1581 4483.53 10479.27 0.00
1582 1860.53 5002.34 0.00
1583 2282.75 3284.59 0.00
1584 1272.70 3286.53 0.00
1585 8.63 3547.00 0.00
1586 2322.66 9384.72 0.00
1587 10352.94 13751.47 0.00
1588 11155.69 10041.42 0.00
1589 10640.97 10893.71 0.00
1590 6114.24 6753.71 0.00
1591 6647.58 7120.73 0.00
1592 6176.18 4029.00 0.00
1593 6210.78 5992.55 0.00
1594 5969.26 378.93 0.00
1595 3449.30 1753.73 0.00
1596 4938.97 1892.53 0.00
1597 3901.19 11.01 0.00
1598 1933.06 5.52 0.00
1599 1080.69 2.24 0.00
1600 1993.38 5.01 0.00
1601 1564.82 2.75 0.00
1602 1712.65 3.08 0.00
1603 353.17 1.33 0.00
1604 1.18 2.36 0.00
1605 2.44 0.37 0.00
1606 1.53 0.88 0.00
1607 1.29 0.14 0.00
1608 1.46 1.86 0.00
1609 2.44 2.35 0.00
1610 0.94 0.37 0.00
1611 3.00 0.00 0.00
1612 1.25 0.88 0.00
1613 2.09 0.63 0.00
1614 2.13 1.91 0.00
1615 1.26 0.88 0.00
1616 5056.84 2263.60 0.00
1617 4266.41 3306.63 0.00
1618 3747.30 1942.92 0.00
1619 3434.10 2436.19 0.00
1620 5407.37 2409.92 0.00
1621 3892.05 3898.32 0.00
1622 2903.38 6.30 0.00
1623 3464.49 4.75 0.00
1624 1256.96 4.81 0.00
1625 571.96 1.98 0.00
1626 4551.09 16.10 0.00
1627 21226.16 9459.86 0.00
1628 17237.35 11557.55 0.00
1629 8663.70 3677.49 0.00
1630 7471.00 880.65 0.00
1631 6362.41 3276.93 0.00
1632 3796.03 3356.56 0.00
1633 6178.95 3592.55 0.00
1634 6099.70 1905.15 0.00
1635 9508.82 6828.69 0.00
1636 3840.34 35.54 0.00
1637 2706.64 4.88 0.00
1638 2466.32 3.66 0.00
1639 1700.26 3.55 0.00
1640 744.87 2.67 0.00
1641 2.01 0.50 0.00
1642 0.94 0.95 0.00
1643 1.78 0.30 0.00
1644 2.10 0.37 0.00
1645 2.90 2.48 0.00
1646 0.62 0.37 0.00
1647 2.95 0.30 0.00
1648 1.57 0.88 0.00
1649 2.22 0.00 0.00
1650 1.36 1.92 0.00
1651 1.99 2.25 0.00
1652 1.33 0.37 0.00
1653 1.13 0.37 0.00
1654 2.54 1.21 0.00
1655 1.39 1.71 0.00
1656 1.34 0.30 0.00
1657 3.12 0.95 0.00
1658 0.88 0.30 0.00
1659 0.77 0.30 0.00
1660 2.50 2.05 0.00
1661 1.22 0.30 0.00
1662 1.25 0.30 0.00
1663 1.54 0.82 0.00
1664 1.22 0.30 0.00
1665 2.12 1.92 0.00
1666 0.99 2.25 0.00
1667 0.93 0.30 0.00
1668 1.84 0.37 0.00
1669 1.05 0.37 0.00
1670 1.75 2.42 0.00
1671 1.79 0.37 0.00
1672 1.59 0.30 0.00
1673 1.75 0.82 0.00
1674 1.27 0.37 0.00
1675 1.05 1.69 0.00
1676 0.81 0.86 0.00
1677 1.56 0.30 0.00
1678 0.33 0.30 0.00
1679 0.44 0.82 0.00
1680 3.91 1.98 0.00
1681 2.31 1.56 0.00
1682 0.81 0.82 0.00
1683 3.27 0.30 0.00
1684 1.42 0.37 0.00
1685 2.09 2.48 0.00
1686 1.94 0.47 0.00
1687 1.38 0.30 0.00
1688 1.55 0.82 0.00
1689 0.70 0.22 0.00
1690 2.60 2.90 0.00
1691 1.82 0.93 0.00
1692 1.23 0.30 0.00
1693 0.99 0.30 0.00
1694 1.88 0.82 0.00
1695 1.60 2.04 0.00
1696 8225.63 2799.68 0.00
1697 21319.34 21596.25 0.00
1698 16126.96 23307.12 0.00
1699 11005.22 14455.28 0.00
1700 11106.04 5830.25 0.00
1701 7049.68 4288.79 0.00
1702 7215.11 4655.00 0.00
1703 4978.76 5405.20 0.00
1704 5718.43 4633.00 0.00
1705 8663.59 2653.57 0.00
1706 19659.84 7871.72 0.00
1707 24011.30 11845.57 0.00
1708 10760.10 784.30 0.00
1709 3042.34 4.17 0.00
1710 1027.81 3.87 0.00
1711 1365.97 3.51 0.00
1712 3.04 1.14 0.00
1713 2.77 0.43 0.00
1714 1.00 0.30 0.00
1715 1.62 0.88 0.00
1716 2.58 1.90 0.00
1717 2.84 0.50 0.00
1718 1.33 0.51 0.00
1719 2.87 0.37 0.00
1720 1.74 0.30 0.00
1721 2.80 2.42 0.00
1722 3.27 0.30 0.00
1723 1.74 0.30 0.00
1724 2.08 1.01 0.00
1725 11361.48 3950.77 0.00
1726 17818.19 8483.12 0.00
1727 9803.02 779.77 0.00
1728 6651.41 5.27 0.00
1729 615.62 1.40 0.00
1730 1.69 1.08 0.00
1731 2.68 2.03 0.00
1732 1.12 0.50 0.00
1733 2.62 0.82 0.00
1734 7669.21 11615.46 0.00
1735 5548.38 9526.11 0.00
1736 714.31 1.69 0.00
1737 2.62 1.58 0.00
1738 0.51 0.37 0.00
1739 2.58 0.82 0.00
1740 1.48 0.43 0.00
1741 2.54 2.00 0.00
1742 1582.67 4975.06 0.00
1743 1818.24 8186.84 0.00
1744 84.31 0.56 0.00
1745 1470.61 2.11 0.00
1746 1.18 0.50 0.00
1747 2.17 1.90 0.00
1748 0.66 0.82 0.00
1749 0.79 0.43 0.00
1750 1.89 0.30 0.00
1751 1.32 0.82 0.00
1752 12262.33 27234.78 0.00
1753 6514.27 16031.09 0.00
1754 1903.90 1.98 0.00
1755 0.85 0.43 0.00
1756 1.33 1.81 0.00
1757 3.18 2.42 0.00
1758 0.44 0.30 0.00
1759 1712.25 2883.74 0.00
1760 2860.54 7941.22 0.00
1761 2215.98 1.98 0.00
1762 930.07 2.68 0.00
1763 2.09 0.88 0.00
1764 4406.53 21984.43 0.00
1765 11411.60 17214.79 0.00
1766 12803.20 11958.33 0.00
1767 7276.30 25394.49 0.00
1768 7460.70 7412.75 0.00
1769 2568.64 5581.10 0.00
1770 444.31 3473.95 0.00
1771 3162.69 6078.36 0.00
1772 844.83 2891.00 0.00
1773 6341.46 5407.03 0.00
1774 15611.39 5966.57 0.00
1775 3580.14 10.72 0.00
1776 1.77 0.30 0.00
1777 2.72 1.76 0.00
1778 1.14 2.15 0.00
1779 2449.18 7.13 0.00
1780 3577.27 6.07 0.00
1781 16342.82 29.74 0.00
1782 7148.51 5.83 0.00
1783 998.54 1.08 0.00
1784 0.93 1.44 0.00
1785 2877.13 10.87 0.00
1786 6714.87 15.16 0.00
1787 11761.81 22.62 0.00
1788 10235.99 19.25 0.00
1789 3840.78 8.82 0.00
1790 1904.51 5.39 0.00
1791 469.70 1.46 0.00
1792 1.22 1.79 0.00
1793 1.35 1.43 0.00
1794 1.51 4.48 0.00
1795 1.54 0.30 0.00
1796 2.12 0.30 0.00
1797 2.19 2.10 0.00
1798 2349.93 6.63 0.00
1799 959.33 4.96 0.00
1800 173.28 0.56 0.00
1801 0.96 1.37 0.00
1802 2.63 3.54 0.00
1803 1.89 1.79 0.00
1804 0.95 4.48 0.00
1805 1.33 0.30 0.00
1806 0.83 2.05 0.00
1807 3010.47 7.89 0.00
1808 434.12 2.11 0.00
1809 0.65 1.44 0.00
1810 0.66 0.30 0.00
1811 2.02 1.04 0.00
1812 1.64 4.67 0.00
1813 1.29 1.31 0.00
1814 1.62 4.51 0.00
1815 0.86 1.58 0.00
1816 2389.55 8.05 0.00
1817 1569.67 4.98 0.00
1818 0.54 0.85 0.00
1819 0.76 0.86 0.00
1820 1.99 1.69 0.00
1821 1.62 7.88 0.00
1822 1.51 1.88 0.00
1823 1.79 1.33 0.00
1824 1.02 5.43 0.00
1825 3670.16 17.38 0.00
1826 277.35 1.27 0.00
1827 1.09 2.16 0.00
1828 1.53 0.37 0.00
1829 2.10 1.34 0.00
1830 1.46 8.41 0.00
1831 1.66 2.13 0.00
1832 1.11 1.77 0.00
1833 0.77 0.89 0.00
1834 1.51 4.10 0.00
1835 2.16 1.28 0.00
1836 0.76 1.37 0.00
1837 2.96 3.66 0.00
1838 1.70 5.07 0.00
1839 0.88 0.82 0.00
1840 1.11 0.30 0.00
1841 2352.72 8.54 0.00
1842 1.39 2.35 0.00
1843 1.55 0.37 0.00
1844 1.18 2.96 0.00
1845 2.20 1.69 0.00
1846 0.88 1.73 0.00
1847 1.32 1.71 0.00
1848 1.85 1.93 0.00
1849 1.13 0.72 0.00
1850 1.34 0.30 0.00
1851 2.32 1.37 0.00
1852 2.18 3.43 0.00
1853 1.59 0.30 0.00
1854 1.62 4.37 0.00
1855 0.55 0.30 0.00
1856 1.35 1.28 0.00
1857 3.03 2.84 0.00
1858 0.44 0.30 0.00
1859 0.67 0.30 0.00
1860 1.87 2.39 0.00
1861 1.49 6.95 0.00
1862 1.22 1.84 0.00
1863 1.33 0.82 0.00
1864 1.40 1.92 0.00
1865 1.34 0.30 0.00
1866 0.88 0.82 0.00
1867 1.51 1.90 0.00
1868 1.00 0.30 0.00
1869 0.77 0.82 0.00
1870 0.44 0.30 0.00
1871 1.52 0.44 0.00
1872 1.45 2.10 0.00
1873 0.77 0.36 0.00
1874 2.67 1.92 0.00
1875 1.23 0.96 0.00
1876 0.66 1.73 0.00
1877 2.98 1.72 0.00
1878 0.55 0.87 0.00
1879 0.77 0.30 0.00
1880 2.82 0.30 0.00
1881 1.32 0.82 0.00
1882 1.20 1.70 0.00
1883 1.32 0.32 0.00
1884 1.39 2.44 0.00
1885 2.14 0.30 0.00
1886 1.10 0.30 0.00
1887 2.05 2.39 0.00
1888 1.66 0.33 0.00
1889 2.57 0.30 0.00
1890 1.44 0.88 0.00
1891 2.21 1.81 0.00
1892 1.83 1.71 0.00
1893 0.55 0.89 0.00
1894 2.07 1.92 0.00
1895 0.55 0.30 0.00
1896 0.55 0.82 0.00
1897 2.57 1.64 0.00
1898 1.00 0.37 0.00
1899 0.77 0.82 0.00
1900 1.66 0.30 0.00
1901 1.00 0.30 0.00
1902 1.71 2.26 0.00
1903 1.33 0.33 0.00
1904 1.29 1.92 0.00
1905 1.78 0.96 0.00
1906 1.00 1.73 0.00
1907 1.93 1.72 0.00
1908 1.88 0.87 0.00
1909 1.10 0.30 0.00
1910 0.66 0.30 0.00
1911 2.18 0.82 0.00
1912 3.41 1.88 0.00
1913 1.70 0.33 0.00
1914 2.34 2.44 0.00
1915 2.45 0.30 0.00
1916 1.22 0.30 0.00
1917 2.37 2.39 0.00
1918 2.78 0.33 0.00
1919 0.55 0.30 0.00
1920 1.78 0.88 0.00
1921 1.19 1.81 0.00
1922 2.06 1.88 0.00
1923 1.54 0.85 0.00
1924 1.28 1.92 0.00
1925 1.66 0.30 0.00
1926 1.29 0.82 0.00
1927 1.62 1.88 0.00
1928 1.55 0.33 0.00
1929 1.18 0.82 0.00
1930 0.88 0.30 0.00
1931 2.00 0.30 0.00
1932 1.94 2.26 0.00
1933 1.09 0.33 0.00
1934 1.96 1.92 0.00
1935 1.22 0.96 0.00
1936 0.77 1.73 0.00
1937 2.13 1.92 0.00
1938 1.21 0.87 0.00
1939 0.88 0.30 0.00
1940 1.11 0.30 0.00
1941 0.66 0.82 0.00
1942 1.34 1.55 0.00
1943 1.97 0.40 0.00
1944 1.49 2.44 0.00
1945 2.23 0.30 0.00
1946 1.64 0.30 0.00
1947 1.42 2.16 0.00
1948 1.55 0.37 0.00
1949 1.58 0.30 0.00
1950 1.76 0.96 0.00
1951 2.48 1.73 0.00
1952 1.27 1.72 0.00
1953 1.10 0.87 0.00
1954 3.56 1.92 0.00
1955 1.11 0.30 0.00
1956 0.66 0.82 0.00
1957 8.87 1576.78 0.00
1958 20.11 9216.23 0.00
1959 18.66 8731.17 0.00
1960 27.67 15645.28 0.00
1961 6.97 3846.28 0.00
1962 2.23 2.46 0.00
1963 1.55 0.33 0.00
1964 1.18 1.92 0.00
1965 1.56 0.96 0.00
1966 0.77 1.73 0.00
1967 1.25 1.55 0.00
1968 1.44 0.92 0.00
1969 0.78 0.30 0.00
1970 0.66 0.30 0.00
1971 1.54 0.82 0.00
1972 1.20 1.66 0.00
1973 1.13 0.36 0.00
1974 2.57 2.44 0.00
1975 0.66 0.30 0.00
1976 0.66 0.30 0.00
1977 2.33 2.06 0.00
1978 0.88 0.40 0.00
1979 0.99 0.30 0.00
1980 2.00 0.96 0.00
1981 0.77 1.73 0.00
1982 1.16 1.72 0.00
1983 1.44 0.87 0.00
1984 5.14 2.44 0.00
1985 1.88 0.30 0.00
1986 0.88 0.82 0.00
1987 1.50 1.56 0.00
1988 1.99 1.22 0.00
1989 0.99 0.82 0.00
1990 2.12 0.51 0.00
1991 1.44 2.84 0.00
1992 1.18 0.88 0.00
1993 2.18 0.43 0.00
1994 1.89 0.28 0.00
1995 0.89 2.39 0.00
1996 1.81 0.30 0.00
1997 1.38 0.30 0.00
1998 0.77 0.82 0.00
1999 0.99 0.30 0.00
2000 1.22 0.30 0.00
2001 0.88 0.82 0.00
2002 1.16 0.30 0.00
2003 1.56 0.30 0.00
2004 0.88 0.82 0.00
2005 2.04 0.30 0.00
2006 1.20 0.00 0.00
2007 1.15 0.82 0.00
2008 1.78 0.30 0.00
2009 1.70 0.30 0.00
2010 1.34 0.96 0.00
2011 1.44 1.73 0.00
2012 0.82 0.30 0.00
2013 0.77 0.82 0.00
2014 1.77 0.30 0.00
2015 0.44 0.30 0.00
2016 0.88 0.82 0.00
2017 2.75 0.30 0.00
2018 0.66 0.30 0.00
2019 1.21 0.82 0.00
2020 1.67 0.30 0.00
2021 0.66 0.30 0.00
2022 1.60 0.82 0.00
2023 1.00 0.30 0.00
2024 0.77 0.30 0.00
2025 1.67 0.96 0.00
2026 1.00 1.73 0.00
2027 0.93 0.30 0.00
2028 2.59 0.82 0.00
2029 1.31 0.44 0.00
2030 0.55 0.30 0.00
2031 2.45 0.81 0.00
2032 0.93 0.30 0.00
2033 1.59 0.30 0.00
2034 3.04 0.82 0.00
2035 0.66 0.30 0.00
2036 0.88 0.30 0.00
2037 1.59 0.82 0.00
2038 0.89 0.30 0.00
2039 0.44 0.30 0.00
2040 2.15 0.96 0.00
2041 1.65 1.73 0.00
2042 4.92 3.72 0.00
2043 1.65 0.82 0.00
2044 0.77 0.30 0.00
2045 6.77 488.29 0.00
2046 1.00 0.82 0.00
2047 1.16 0.30 0.00
2048 1.90 0.30 0.00
2049 0.44 0.82 0.00
2050 1.23 0.30 0.00
2051 1.32 0.30 0.00
2052 1.37 0.82 0.00
2053 4.79 3.43 0.00
2054 4.14 177.97 0.00
2055 0.79 0.96 0.00
2056 14.67 1219.89 0.00
