0 2.18 0.30 0.00
1 1.77 0.30 0.00
2 2.44 0.82 0.00
3 2.00 0.30 0.00
4 2.36 0.06 0.00
5 6.79 5.55 0.00
6 4.37 2.24 0.00
7 2.31 0.41 0.00
8 1.32 0.82 0.00
9 4.84 0.57 0.00
10 2.22 2.80 0.00
11 2.50 2.70 0.00
12 3.31 6.47 0.00
13 89309.43 241.71 0.00
14 28.42 8.15 0.00
15 25.82 26.29 0.00
16 3.67 1.90 0.00
17 1.74 0.82 0.00
18 1.11 0.30 0.00
19 4.23 2.01 0.00
20 2.58 127.99 0.00
21 1.61 1.97 0.00
22 3.75 0.30 0.00
23 2.46 0.95 0.00
24 1.39 0.50 0.00
25 158.50 21.22 0.00
26 387.37 25.00 0.00
27 2.75 0.44 0.00
28 3.30 157.57 0.00
29 2.01 0.82 0.00
30 2.55 0.44 0.00
31 4.03 59.52 0.00
32 0.99 8.85 0.00
33 2.67 0.58 0.00
34 3.28 130.31 0.00
35 11.45 10.25 0.00
36 2.66 2.61 0.00
37 561.43 35.57 0.00
38 0.95 4.81 0.00
39 2.19 0.30 0.00
40 2.90 185.65 0.00
41 1.12 12.37 0.00
42 1.22 0.30 0.00
43 208.36 12.74 0.00
44 11.71 10.31 0.00
45 1.45 0.30 0.00
46 1.48 1.96 0.00
47 2.17 0.96 0.00
48 2.89 198.81 0.00
49 0.73 1.87 0.00
50 1.85 0.82 0.00
51 1.42 2.09 0.00
52 3.37 116.62 0.00
53 143.31 11.92 0.00
54 2.30 0.30 0.00
55 1.36 0.30 0.00
56 2.15 2.35 0.00
57 317.97 29.26 0.00
58 3.48 167.49 0.00
59 1.67 0.51 0.00
60 1.63 0.30 0.00
61 2.92 1.77 0.00
62 2.64 1.10 0.00
63 4.72 159.96 0.00
64 0.95 9.84 0.00
65 67.84 2.25 0.00
66 1.60 7.76 0.00
67 135.21 111.76 0.00
68 2.52 68.36 0.00
69 0.92 0.44 0.00
70 2.63 100.73 0.00
71 1.05 2.35 0.00
72 2.66 99.59 0.00
73 1.22 0.30 0.00
74 1.34 0.82 0.00
75 41.35 129.60 0.00
76 1.95 1.96 0.00
77 1.97 0.82 0.00
78 1.17 4.54 0.00
79 2.25 1.87 0.00
80 1.72 0.82 0.00
81 1.46 2.03 0.00
82 1.96 0.30 0.00
83 0.77 0.82 0.00
84 1.36 0.30 0.00
85 4.82 218.06 0.00
86 1.39 2.48 0.00
87 2.25 0.30 0.00
88 1.72 4.68 0.00
89 3.01 109.99 0.00
90 1.63 0.30 0.00
91 2.92 1.90 0.00
92 152.33 3.33 0.00
93 2.93 0.30 0.00
94 11.19 10.26 0.00
95 1.20 0.65 0.00
96 3.04 1.90 0.00
97 108.71 107.38 0.00
98 222.52 8.83 0.00
99 3.12 0.30 0.00
100 0.77 0.14 0.00
101 0.96 1.63 0.00
102 13.14 106.83 0.00
103 0.77 0.30 0.00
104 1.18 6.26 0.00
105 1.19 0.45 0.00
106 1.24 6.96 0.00
107 21.96 7.58 0.00
108 1.28 4.54 0.00
109 0.61 1.87 0.00
110 2.10 0.82 0.00
111 0.89 1.90 0.00
112 0.98 0.30 0.00
113 1.67 0.82 0.00
114 1.25 0.30 0.00
115 1.14 0.30 0.00
116 2.06 2.18 0.00
117 0.83 0.43 0.00
118 0.95 4.54 0.00
119 1.70 0.82 0.00
120 0.99 0.30 0.00
121 1.33 1.90 0.00
122 1.74 0.82 0.00
123 1.11 0.00 0.00
124 0.95 1.87 0.00
125 1.44 0.82 0.00
126 3.79 97.72 0.00
127 3.70 137.89 0.00
128 1.17 5.06 0.00
129 99.01 2.02 0.00
130 1.55 0.12 0.00
131 0.94 1.43 0.00
132 2.14 0.92 0.00
133 1.44 0.30 0.00
134 0.76 0.37 0.00
135 2.01 0.41 0.00
136 1.87 1.77 0.00
137 0.33 0.30 0.00
138 3.38 5.06 0.00
139 1.78 1.87 0.00
140 0.91 0.00 0.00
141 4.63 234.39 0.00
142 1.55 0.00 0.00
143 11.46 9.00 0.00
144 240.32 13.55 0.00
145 1.95 0.00 0.00
146 1.56 1.89 0.00
147 2.26 0.51 0.00
148 0.99 0.30 0.00
149 21.74 21.38 0.00
150 1.88 0.82 0.00
151 2.72 2.03 0.00
152 0.55 0.00 0.00
153 1.71 0.82 0.00
154 1.49 0.45 0.00
155 0.55 0.00 0.00
156 2.13 3.65 0.00
157 0.99 0.30 0.00
158 1.29 4.54 0.00
159 3.02 0.64 0.00
160 0.88 0.30 0.00
161 1.63 2.04 0.00
162 1.87 0.87 0.00
163 0.99 0.30 0.00
164 1.69 0.30 0.00
165 1.44 0.82 0.00
166 1.08 0.52 0.00
167 1.77 1.12 0.00
168 1.50 5.06 0.00
169 1.57 0.00 0.00
170 1.55 0.30 0.00
171 2.64 3.88 0.00
172 0.99 0.43 0.00
173 221.94 2.22 0.00
174 2.52 0.81 0.00
175 1.71 0.30 0.00
176 1.67 1.90 0.00
177 95.73 2.40 0.00
178 1.06 4.54 0.00
179 1.27 0.00 0.00
180 0.88 0.00 0.00
181 1.18 1.59 0.00
182 1.27 0.13 0.00
183 0.88 1.01 0.00
184 1.49 2.01 0.00
185 318.85 11.84 0.00
186 12.91 11.78 0.00
187 1.21 0.30 0.00
188 1.90 42.74 0.00
189 12.47 35.63 0.00
190 3.50 307.02 0.00
191 3.63 189.41 0.00
192 1.78 0.30 0.00
193 1.10 0.82 0.00
194 1.26 0.00 0.00
195 1.89 0.30 0.00
196 1.61 1.97 0.00
197 0.99 0.79 0.00
198 12.43 13.46 0.00
199 0.83 1.87 0.00
200 2.21 0.30 0.00
201 1.80 2.16 0.00
202 1.00 0.30 0.00
203 0.55 0.30 0.00
204 1.81 0.51 0.00
205 1.40 0.14 0.00
206 4.78 253.70 0.00
207 2.24 0.82 0.00
208 1.34 0.43 0.00
209 158.38 6.54 0.00
210 1.44 0.56 0.00
211 1.86 1.61 0.00
212 1.42 0.00 0.00
213 2.14 0.87 0.00
214 1.06 1.87 0.00
215 1.85 0.30 0.00
216 2.84 2.54 0.00
217 0.99 0.44 0.00
218 14.56 264.28 0.00
219 132.76 2.75 0.00
220 0.97 0.00 0.00
221 1.61 1.48 0.00
222 0.45 0.00 0.00
223 0.97 0.00 0.00
224 12.11 9.31 0.00
225 1.32 0.82 0.00
226 12.44 10.30 0.00
227 2.94 140.55 0.00
228 1.51 12.13 0.00
229 3.85 190.11 0.00
230 0.77 32.89 0.00
231 1.11 2.42 0.00
232 1.83 0.37 0.00
233 1.21 0.28 0.00
234 1.09 0.88 0.00
235 1.92 0.28 0.00
236 1.92 2.03 0.00
237 1.27 0.82 0.00
238 2.14 0.00 0.00
239 1.43 0.00 0.00
240 1.57 4.75 0.00
241 2.18 1.90 0.00
242 1.33 0.00 0.00
243 190.39 3.78 0.00
244 1.92 0.45 0.00
245 12.49 10.43 0.00
246 1.55 2.11 0.00
247 1.44 0.00 0.00
248 2.95 4.28 0.00
249 1.70 0.51 0.00
250 1.55 0.30 0.00
251 13.07 10.30 0.00
252 1.51 1.02 0.00
253 1.96 0.43 0.00
254 157.95 2.36 0.00
255 110.78 2.89 0.00
256 2.12 1.50 0.00
257 0.77 0.41 0.00
258 1.61 5.06 0.00
259 1.61 1.87 0.00
260 0.71 0.06 0.00
261 2.43 2.46 0.00
262 1.77 0.30 0.00
263 1.11 0.00 0.00
264 22.03 17.92 0.00
265 3.73 110.58 0.00
266 1.38 21.63 0.00
267 2.72 0.82 0.00
268 2.34 4.68 0.00
269 3.14 123.87 0.00
270 1.65 0.82 0.00
271 1.62 1.48 0.00
272 0.55 0.36 0.00
273 1.87 0.82 0.00
274 1.23 1.70 0.00
275 147.06 2.71 0.00
276 1.83 2.25 0.00
277 0.99 0.00 0.00
278 11.30 13.24 0.00
279 2.63 0.82 0.00
280 10.59 8.40 0.00
281 1.22 1.90 0.00
282 200.11 4.01 0.00
283 1.02 0.63 0.00
284 134.47 195.67 0.00
285 1.44 0.51 0.00
286 0.98 1.55 0.00
287 2.37 0.53 0.00
288 1.18 5.06 0.00
289 0.93 0.00 0.00
290 2.57 2.00 0.00
291 1.11 2.11 0.00
292 0.55 0.00 0.00
293 2.48 0.00 0.00
294 1.14 0.82 0.00
295 1.13 0.30 0.00
296 2.52 1.97 0.00
297 1.11 0.82 0.00
298 1.16 4.68 0.00
299 7.00 110.44 0.00
300 6.61 139.02 0.00
301 1.47 1.73 0.00
302 14.83 1.09 0.00
303 0.91 1.14 0.00
304 1.31 2.07 0.00
305 105.25 9.89 0.00
306 1.04 2.35 0.00
307 112.46 1.76 0.00
308 1.39 4.25 0.00
309 1.15 0.51 0.00
310 1.55 0.00 0.00
311 1.90 1.83 0.00
312 0.88 0.89 0.00
313 2.10 0.30 0.00
314 1.48 0.30 0.00
315 0.83 0.64 0.00
316 4.85 106.71 0.00
317 1.32 0.30 0.00
318 12.06 13.75 0.00
319 2.05 1.87 0.00
320 1.33 0.30 0.00
321 1.71 2.46 0.00
322 1.66 0.00 0.00
323 1.72 0.30 0.00
324 189.96 3.21 0.00
325 1.44 0.30 0.00
326 2.38 1.50 0.00
327 2.37 0.62 0.00
328 0.92 4.37 0.00
329 2.13 0.34 0.00
330 1.44 0.30 0.00
331 2.03 2.04 0.00
332 12.50 8.70 0.00
333 1.44 0.00 0.00
334 0.95 0.14 0.00
335 0.90 2.60 0.00
336 105.72 380.67 0.00
337 3.31 144.64 0.00
338 1.39 64.51 0.00
339 2.52 0.30 0.00
340 205.00 2.62 0.00
341 2.23 2.70 0.00
342 5.03 135.11 0.00
343 0.77 0.30 0.00
344 1.93 0.82 0.00
345 11.68 9.00 0.00
346 1.67 1.90 0.00
347 1.44 0.51 0.00
348 1.29 4.54 0.00
349 1.17 1.87 0.00
350 1.44 0.51 0.00
351 1.23 1.85 0.00
352 0.89 0.36 0.00
353 4.41 133.53 0.00
354 1.71 10.20 0.00
355 1.75 0.43 0.00
356 2.42 2.61 0.00
357 4.95 8.66 0.00
358 1.40 4.24 0.00
359 105.65 2.41 0.00
360 17.11 9.76 0.00
361 1.70 2.35 0.00
362 224.09 101.65 0.00
363 11.39 8.46 0.00
364 2.66 0.37 0.00
365 1.54 2.32 0.00
366 1.62 1.95 0.00
367 2.48 0.32 0.00
368 1.50 5.06 0.00
369 1.15 0.30 0.00
370 3.16 0.00 0.00
371 1.56 2.42 0.00
372 0.89 0.30 0.00
373 1.95 0.43 0.00
374 1.73 1.14 0.00
375 1.56 0.43 0.00
376 191.67 4.03 0.00
377 1.67 0.00 0.00
378 1.06 4.75 0.00
379 1.62 0.06 0.00
380 1.69 2.78 0.00
381 132.73 3.96 0.00
382 1.44 0.00 0.00
383 0.66 0.51 0.00
384 2.05 0.63 0.00
385 125.16 1.34 0.00
386 1.61 2.47 0.00
387 2.03 0.00 0.00
388 11.85 13.24 0.00
389 1.48 0.51 0.00
390 3.29 81.07 0.00
391 12.33 17.19 0.00
392 21.46 17.67 0.00
393 1.44 0.00 0.00
394 1.00 0.00 0.00
395 1.26 0.56 0.00
396 2.46 3.11 0.00
397 0.77 0.00 0.00
398 2.01 5.11 0.00
399 2.51 0.30 0.00
400 0.66 0.00 0.00
401 2.16 2.42 0.00
402 1.90 0.13 0.00
403 2.14 0.00 0.00
404 2.31 0.82 0.00
405 1.56 0.00 0.00
406 2.73 1.97 0.00
407 2.09 0.82 0.00
408 1.68 4.54 0.00
409 3.09 1.87 0.00
410 1.52 0.82 0.00
411 2.19 1.90 0.00
412 0.77 0.30 0.00
413 2.21 1.14 0.00
414 116.83 1.66 0.00
415 1.59 0.34 0.00
416 1.95 2.11 0.00
417 0.97 0.00 0.00
418 0.45 0.00 0.00
419 1.59 0.51 0.00
420 0.55 0.00 0.00
421 0.83 1.48 0.00
422 1.91 5.11 0.00
423 262.27 2.42 0.00
424 1.50 0.05 0.00
425 2.18 2.32 0.00
426 1.82 1.43 0.00
427 2.67 0.00 0.00
428 1.77 0.92 0.00
429 1.90 4.54 0.00
430 15.44 149.18 0.00
431 2.06 2.29 0.00
432 14.32 161.80 0.00
433 229.73 206.26 0.00
434 3.75 103.01 0.00
435 1.44 0.00 0.00
436 2.50 1.84 0.00
437 11.70 9.22 0.00
438 2.36 4.54 0.00
439 2.06 0.06 0.00
440 0.66 2.32 0.00
441 1.72 0.52 0.00
442 3.72 0.00 0.00
443 1.73 1.63 0.00
444 1.90 0.00 0.00
445 3.71 0.00 0.00
446 2.57 2.11 0.00
447 12.81 8.70 0.00
448 2.33 4.54 0.00
449 4.17 251.82 0.00
450 2.51 0.30 0.00
451 2.03 1.80 0.00
452 1.52 0.92 0.00
453 1.64 0.00 0.00
454 1.67 1.87 0.00
455 1.10 0.82 0.00
456 2.82 1.94 0.00
457 1.84 0.46 0.00
458 3.52 5.51 0.00
459 191.10 3.21 0.00
460 1.00 0.00 0.00
461 67.56 3.33 0.00
462 1.97 0.00 0.00
463 0.54 0.30 0.00
464 1.97 0.51 0.00
465 1.22 0.00 0.00
466 1.56 1.57 0.00
467 1.33 0.54 0.00
468 2.96 102.55 0.00
469 0.82 0.00 0.00
470 1.56 94.34 0.00
471 11.80 12.10 0.00
472 1.00 0.00 0.00
473 1.96 0.82 0.00
474 1.13 0.00 0.00
475 1.47 0.00 0.00
476 2.06 2.48 0.00
477 1.08 0.30 0.00
478 1.07 4.24 0.00
479 1.59 0.51 0.00
480 1.20 0.00 0.00
481 2.55 2.03 0.00
482 1.66 0.51 0.00
483 5.39 8.42 0.00
484 2.33 2.11 0.00
485 110.87 10.87 0.00
486 13.75 2.67 0.00
487 13.81 8.70 0.00
488 2.18 4.75 0.00
489 2.13 0.30 0.00
490 2.61 0.37 0.00
491 1.46 2.31 0.00
492 1.45 0.00 0.00
493 2.20 0.00 0.00
494 1.89 0.51 0.00
495 0.55 0.30 0.00
496 2.28 1.97 0.00
497 1.16 0.64 0.00
498 1.62 4.24 0.00
499 1.84 0.06 0.00
500 0.99 2.32 0.00
501 1.92 1.61 0.00
502 1.56 0.00 0.00
503 1.53 0.71 0.00
504 1.28 0.14 0.00
505 3.92 188.26 0.00
506 2.16 27.88 0.00
507 6.89 277.10 0.00
508 1.72 20.16 0.00
509 1.77 0.96 0.00
510 2.76 111.92 0.00
511 12.38 43.25 0.00
512 1.85 0.51 0.00
513 1.77 0.00 0.00
514 1.49 1.87 0.00
515 4.24 127.10 0.00
516 269.77 9.55 0.00
517 1.51 0.30 0.00
518 1.84 5.06 0.00
519 2.40 0.30 0.00
520 2.15 0.00 0.00
521 1.44 2.48 0.00
522 1.66 0.30 0.00
523 115.10 2.21 0.00
524 1.36 0.81 0.00
525 11.79 9.00 0.00
526 2.37 1.87 0.00
527 1.77 0.54 0.00
528 1.28 4.54 0.00
529 0.94 0.14 0.00
530 1.66 2.25 0.00
531 1.33 1.57 0.00
532 0.77 0.00 0.00
533 12.03 9.25 0.00
534 0.82 0.00 0.00
535 3.05 69.70 0.00
536 2.17 17.80 0.00
537 11.25 8.70 0.00
538 1.39 4.54 0.00
539 1.70 0.82 0.00
540 2.92 126.67 0.00
541 1.11 27.35 0.00
542 1.54 0.89 0.00
543 0.66 0.30 0.00
544 1.27 1.87 0.00
545 1.57 1.14 0.00
546 1.48 1.67 0.00
547 120.57 1.61 0.00
548 0.88 0.00 0.00
549 3.34 110.89 0.00
550 1.67 0.00 0.00
551 2.02 22.54 0.00
552 0.55 0.30 0.00
553 1.55 0.00 0.00
554 1.36 0.51 0.00
555 0.55 0.30 0.00
556 12.41 10.63 0.00
557 1.21 0.85 0.00
558 155.61 6.83 0.00
559 1.92 1.73 0.00
560 0.88 0.51 0.00
561 2.26 1.90 0.00
562 67.69 1.62 0.00
563 116.61 2.59 0.00
564 2.19 0.30 0.00
565 1.83 0.00 0.00
566 2.27 2.48 0.00
567 1.80 0.14 0.00
568 2.01 4.24 0.00
569 3.95 118.35 0.00
570 11.79 9.00 0.00
571 13.01 10.13 0.00
572 12.52 9.32 0.00
573 1.35 0.06 0.00
574 1.92 1.81 0.00
575 1.44 0.51 0.00
576 1.34 1.58 0.00
577 3.11 86.79 0.00
578 2.62 4.75 0.00
579 1.63 0.00 0.00
580 1.16 0.00 0.00
581 2.04 2.35 0.00
582 0.95 0.13 0.00
583 1.43 0.30 0.00
584 1.70 0.82 0.00
585 1.33 0.30 0.00
586 2.25 1.71 0.00
587 1.58 0.90 0.00
588 268.45 6.43 0.00
589 2.05 0.37 0.00
590 0.77 2.32 0.00
591 1.44 1.90 0.00
592 1.44 0.00 0.00
593 0.88 0.30 0.00
594 1.36 0.30 0.00
595 1.81 0.00 0.00
596 1.45 2.69 0.00
597 2.14 0.30 0.00
598 1.84 4.24 0.00
599 1.04 0.51 0.00
600 2.03 0.30 0.00
601 12.62 10.17 0.00
602 2.10 1.15 0.00
603 173.20 139.17 0.00
604 2.40 0.00 0.00
605 1.55 2.37 0.00
606 138.17 3.14 0.00
607 1.10 0.36 0.00
608 2.04 5.06 0.00
609 1.59 0.30 0.00
610 1.21 0.00 0.00
611 1.55 1.54 0.00
612 2.43 0.57 0.00
613 1.51 0.43 0.00
614 1.37 0.00 0.00
615 2.10 0.82 0.00
616 1.15 1.73 0.00
617 11.55 9.10 0.00
618 13.33 13.52 0.00
619 2.14 1.81 0.00
620 0.88 0.30 0.00
621 2.37 2.35 0.00
622 1.33 0.30 0.00
623 1.44 0.00 0.00
624 2.03 0.82 0.00
625 3.26 247.48 0.00
626 1.33 1.54 0.00
627 2.70 0.00 0.00
628 1.41 4.94 0.00
629 1.48 0.30 0.00
630 2.32 0.51 0.00
631 2.25 1.80 0.00
632 0.86 0.00 0.00
633 2.52 0.62 0.00
634 1.38 0.00 0.00
635 1.06 0.00 0.00
636 121.62 3.87 0.00
637 1.25 1.93 0.00
638 12.37 13.36 0.00
639 4.42 0.95 0.00
640 153.39 2.24 0.00
641 1.40 1.91 0.00
642 3.22 0.87 0.00
643 1.11 0.00 0.00
644 0.70 0.30 0.00
645 113.27 2.77 0.00
646 0.96 1.61 0.00
647 19.25 3049.48 0.00
648 23.75 14431.79 0.00
649 29.62 21916.66 0.00
650 33.57 25783.52 0.00
651 18.20 15494.92 0.00
652 26.47 19303.67 0.00
653 24.18 20640.72 0.00
654 171.35 24279.67 0.00
655 24.09 23902.78 0.00
656 28.56 29283.58 0.00
657 33.96 28943.00 0.00
658 27.44 24791.75 0.00
659 17.12 13595.07 0.00
660 0.88 189.57 0.00
661 3.37 88.39 0.00
662 1.00 13.09 0.00
663 1.44 1.01 0.00
664 1.18 1.81 0.00
665 2.02 0.30 0.00
666 3.57 211.34 0.00
667 2.25 63.25 0.00
668 0.95 1.92 0.00
669 0.71 0.82 0.00
670 5.39 1.85 0.00
671 34.73 5041.71 0.00
672 54.89 7025.44 0.00
673 26.32 9128.05 0.00
674 31.67 6350.51 0.00
675 14169.42 3992.05 0.00
676 6740.79 5102.61 0.00
677 6164.97 3771.71 0.00
678 6770.78 1040.32 0.00
679 7463.26 16.91 0.00
680 4881.72 12.96 0.00
681 7745.18 18.61 0.00
682 11194.84 8793.96 0.00
683 10958.31 9326.10 0.00
684 7885.44 12447.74 0.00
685 8354.93 6754.18 0.00
686 10173.50 5087.18 0.00
687 10250.67 2926.97 0.00
688 13110.01 5054.10 0.00
689 11356.07 12780.91 0.00
690 6728.32 8770.74 0.00
691 4131.87 5299.27 0.00
692 2364.44 5435.59 0.00
693 3018.59 6053.25 0.00
694 8033.40 7345.52 0.00
695 6649.92 8713.91 0.00
696 7989.50 4939.38 0.00
697 2804.27 10717.66 0.00
698 1890.13 17686.11 0.00
699 3502.65 14147.36 0.00
700 1099.15 8696.76 0.00
701 6.64 3380.58 0.00
702 5.46 2058.09 0.00
703 1366.39 2327.27 0.00
704 1503.57 4307.44 0.00
705 975.09 2330.13 0.00
706 687.98 3.98 0.00
707 1.57 0.13 0.00
708 0.90 0.13 0.00
709 1.23 2.15 0.00
710 1.62 0.06 0.00
711 1.33 1.56 0.00
712 0.77 0.85 0.00
713 5.18 1.46 0.00
714 4028.15 8.68 0.00
715 0.19 0.26 0.00
716 1.33 0.00 0.00
717 2.35 0.00 0.00
718 1.27 0.64 0.00
719 2.16 1.54 0.00
720 2.17 0.12 0.00
721 1.38 0.64 0.00
722 1.17 0.00 0.00
723 1.44 0.00 0.00
724 1.78 2.19 0.00
725 1.18 0.12 0.00
726 1.27 0.07 0.00
727 1.38 0.56 0.00
728 3.97 610.99 0.00
729 2.31 2.93 0.00
730 2.32 0.74 0.00
731 1.43 0.13 0.00
732 1.78 0.00 0.00
733 1.49 0.98 0.00
734 1.88 1.89 0.00
735 3303.32 925.08 0.00
736 20508.77 19519.04 0.00
737 8239.87 4695.07 0.00
738 3382.55 3.53 0.00
739 6964.96 5393.13 0.00
740 1833.63 6597.93 0.00
741 1247.15 566.97 0.00
742 1410.22 2.43 0.00
743 1153.22 2.92 0.00
744 2.11 0.47 0.00
745 807.58 4.75 0.00
746 2308.94 1.85 0.00
747 881.96 1.21 0.00
748 2.16 0.95 0.00
749 2.81 0.37 0.00
750 1.31 1.77 0.00
751 728.20 2.56 0.00
752 2539.11 1.92 0.00
753 938.59 1.14 0.00
754 1.43 0.88 0.00
755 2.57 2.03 0.00
756 1.33 0.30 0.00
757 3444.10 2424.73 0.00
758 5733.12 7356.03 0.00
759 3866.60 6062.19 0.00
760 4751.12 6198.01 0.00
761 7614.77 8050.40 0.00
762 17815.53 15786.53 0.00
763 11561.05 12158.71 0.00
764 4287.92 2.69 0.00
765 754.37 2.60 0.00
766 1.39 0.88 0.00
767 3.07 834.09 0.00
768 118.10 6688.20 0.00
769 3423.81 5320.26 0.00
770 3735.43 4024.18 0.00
771 160.25 3428.10 0.00
772 120.63 2382.61 0.00
773 2.73 870.47 0.00
774 1.28 0.43 0.00
775 2.23 2.54 0.00
776 2920.36 5040.41 0.00
777 814.92 3298.98 0.00
778 2758.97 791.62 0.00
779 492.79 0.63 0.00
780 2.98 1.83 0.00
781 1.17 0.88 0.00
782 3368.38 1400.85 0.00
783 4050.03 2.88 0.00
784 854.85 1.66 0.00
785 9564.05 4353.95 0.00
786 5387.22 5615.64 0.00
787 5169.12 8802.18 0.00
788 5879.67 6598.66 0.00
789 3369.10 3101.33 0.00
790 2328.50 160.95 0.00
791 2384.30 3.59 0.00
792 12096.71 11476.33 0.00
793 13386.53 19374.67 0.00
794 5313.67 8503.47 0.00
795 3475.50 8464.27 0.00
796 5666.70 6436.89 0.00
797 3398.35 5507.00 0.00
798 1909.84 4581.86 0.00
799 3599.98 1962.56 0.00
800 4246.71 764.96 0.00
801 4314.19 3.20 0.00
802 2.88 1.27 0.00
803 2.09 2.07 0.00
804 2420.47 2833.32 0.00
805 8.56 7580.38 0.00
806 7.29 5477.20 0.00
807 2.24 878.05 0.00
808 2.28 4.72 0.00
809 407.39 846.47 0.00
810 2327.09 639.85 0.00
811 1474.18 1.91 0.00
812 777.36 2900.53 0.00
813 2202.94 20134.12 0.00
814 3.52 2346.02 0.00
815 2.64 3.65 0.00
816 1.38 0.37 0.00
817 1.44 0.82 0.00
818 1144.87 846.68 0.00
819 3384.26 4320.38 0.00
820 5383.62 6663.86 0.00
821 10237.51 15847.14 0.00
822 10266.88 5326.54 0.00
823 13107.08 4041.87 0.00
824 5079.89 1690.42 0.00
825 1915.04 6.43 0.00
826 2510.06 3.91 0.00
827 1017.60 1.66 0.00
828 0.97 0.30 0.00
829 1825.88 738.69 0.00
830 2699.43 4.80 0.00
831 6248.40 526.98 0.00
832 4197.64 6355.17 0.00
833 2928.76 7228.53 0.00
834 3178.43 8487.72 0.00
835 4227.91 9129.39 0.00
836 4048.95 4190.20 0.00
837 2486.18 2474.88 0.00
838 4872.56 5736.99 0.00
839 9014.32 8008.85 0.00
840 3085.76 3.38 0.00
841 2.80 1.14 0.00
842 0.98 0.43 0.00
843 1594.23 2.56 0.00
844 12902.70 3780.86 0.00
845 3954.23 5419.75 0.00
846 2458.43 5034.36 0.00
847 3299.87 5663.25 0.00
848 2267.47 4900.16 0.00
849 3901.33 3071.07 0.00
850 4877.66 4087.37 0.00
851 5941.36 5585.64 0.00
852 5200.17 4792.74 0.00
853 13923.98 6445.64 0.00
854 10399.49 3561.32 0.00
855 7097.09 377.88 0.00
856 2810.76 2.88 0.00
857 512.34 1.14 0.00
858 10980.83 3766.94 0.00
859 11828.89 6193.44 0.00
860 6098.77 1845.68 0.00
861 9100.63 16.35 0.00
862 4911.26 7.99 0.00
863 4491.67 11.93 0.00
864 7115.35 10.51 0.00
865 3182.64 4.89 0.00
866 1448.82 1.46 0.00
867 1.82 0.37 0.00
868 0.88 0.44 0.00
869 1464.28 8.81 0.00
870 3878.00 8.95 0.00
871 8572.59 11.45 0.00
872 1.96 0.30 0.00
873 1.22 0.30 0.00
874 2.27 0.82 0.00
875 1190.54 2185.09 0.00
876 6865.18 6624.52 0.00
877 2287.71 1800.93 0.00
878 1783.77 7.66 0.00
879 2451.22 4.62 0.00
880 5838.17 2040.01 0.00
881 4635.36 5434.45 0.00
882 7377.71 4047.14 0.00
883 30.57 0.89 0.00
884 1.81 1.02 0.00
885 1.38 0.46 0.00
886 3.95 332.42 0.00
887 3.38 1693.58 0.00
888 1.79 53.45 0.00
889 2.15 0.30 0.00
890 2.03 1.91 0.00
891 1.19 0.36 0.00
892 1.33 0.30 0.00
893 1.12 1.87 0.00
894 1.56 0.30 0.00
895 1.95 1.96 0.00
896 2.23 0.30 0.00
897 1.73 0.13 0.00
898 0.68 4.60 0.00
899 2.16 0.44 0.00
900 2.33 1.84 0.00
901 0.72 0.42 0.00
902 1.04 2.07 0.00
903 2.37 0.50 0.00
904 1.45 0.00 0.00
905 1.77 2.18 0.00
906 2.31 0.40 0.00
907 1.34 0.30 0.00
908 7.33 2813.05 0.00
909 2.05 86.97 0.00
910 1.75 2.00 0.00
911 1.43 0.85 0.00
912 5.65 1322.58 0.00
913 5.54 1843.28 0.00
914 2.88 719.17 0.00
915 2.84 15.84 0.00
916 0.99 0.32 0.00
917 2.35 0.82 0.00
918 12.16 2274.42 0.00
919 15.73 4269.13 0.00
920 7.67 2107.85 0.00
921 1.58 0.36 0.00
922 0.88 0.30 0.00
923 1.64 2.39 0.00
924 6.05 1830.33 0.00
925 4.70 1637.37 0.00
926 2.96 1305.04 0.00
927 1.84 40.18 0.00
928 1.68 0.38 0.00
929 2.51 0.82 0.00
930 9.75 2098.08 0.00
931 4.16 1288.82 0.00
932 2.88 380.91 0.00
933 4.32 903.25 0.00
934 4.46 2511.38 0.00
935 6.27 1918.33 0.00
936 22.15 7072.16 0.00
937 13.59 6513.24 0.00
938 6.49 3274.89 0.00
939 3.66 972.40 0.00
940 5.73 953.80 0.00
941 6.37 2168.13 0.00
942 4.93 1732.81 0.00
943 4.92 1685.37 0.00
944 5.16 1300.27 0.00
945 7.13 1081.13 0.00
946 5.35 1285.44 0.00
947 5.44 1869.14 0.00
948 7.04 3402.02 0.00
949 5.78 1918.65 0.00
950 4.68 846.11 0.00
951 1.50 113.07 0.00
952 0.66 0.00 0.00
953 3.16 864.06 0.00
954 7.82 3257.70 0.00
955 12.08 3332.06 0.00
956 8.76 1538.64 0.00
957 12.25 3535.45 0.00
958 6.07 2845.85 0.00
959 8.42 4120.04 0.00
960 6.10 2635.37 0.00
961 7.22 2951.27 0.00
962 10.35 3190.48 0.00
963 8.85 4224.70 0.00
964 4.10 1082.55 0.00
965 4.09 1555.33 0.00
966 3.33 1289.90 0.00
967 2.32 678.26 0.00
968 1.86 6.04 0.00
969 0.70 0.30 0.00
970 0.78 0.00 0.00
971 1.65 0.82 0.00
972 1.83 3.00 0.00
973 0.77 1.31 0.00
974 2.53 0.30 0.00
975 1.14 0.37 0.00
976 5.09 860.92 0.00
977 8.58 2308.51 0.00
978 10.59 3339.03 0.00
979 11.19 4755.85 0.00
980 15.39 6532.54 0.00
981 7.08 970.10 0.00
982 6.22 1358.42 0.00
983 3.18 1618.14 0.00
984 4.61 1019.94 0.00
985 5.99 1347.85 0.00
986 4.83 1153.57 0.00
987 7.56 2965.11 0.00
988 5.43 544.59 0.00
989 5.81 779.10 0.00
990 4.19 1116.62 0.00
991 6.06 1341.64 0.00
992 2.94 1203.09 0.00
993 4.27 448.18 0.00
994 6.57 1529.47 0.00
995 7.64 1326.05 0.00
996 3.86 510.49 0.00
997 12.53 1678.01 0.00
998 10.03 2217.29 0.00
999 10.03 2000.84 0.00
1000 7.86 2914.36 0.00
1001 6.36 3160.75 0.00
1002 6.70 3346.03 0.00
1003 3.23 1249.85 0.00
1004 1.95 112.04 0.00
1005 2.07 0.74 0.00
1006 0.55 0.00 0.00
1007 1.09 1.72 0.00
1008 1.86 4.88 0.00
1009 0.48 0.55 0.00
1010 1.24 1.11 0.00
1011 1.24 1.64 0.00
1012 2.94 2.45 0.00
1013 10.76 767.94 0.00
1014 5.41 1032.33 0.00
1015 11302.42 3442.36 0.00
1016 10342.20 4407.26 0.00
1017 4231.68 1815.69 0.00
1018 3211.61 1193.91 0.00
1019 1849.32 2650.87 0.00
1020 5398.88 2643.75 0.00
1021 12002.43 4010.53 0.00
1022 8193.69 4461.06 0.00
1023 2885.31 2238.59 0.00
1024 996.78 2183.93 0.00
1025 1487.75 1434.17 0.00
1026 789.20 2772.32 0.00
1027 9759.33 3375.45 0.00
1028 3809.01 1319.59 0.00
1029 636.15 3.42 0.00
1030 1967.64 4.25 0.00
1031 1729.91 1109.15 0.00
1032 3438.59 1689.70 0.00
1033 5749.64 6221.08 0.00
1034 4972.81 3683.71 0.00
1035 4455.30 14.71 0.00
1036 5328.61 15.66 0.00
1037 5265.80 1806.63 0.00
1038 3249.00 2071.16 0.00
1039 5102.57 3136.67 0.00
1040 3731.70 2199.91 0.00
1041 3434.18 1570.79 0.00
1042 1733.86 146.44 0.00
1043 1858.80 5.24 0.00
1044 2330.75 4.88 0.00
1045 1908.01 2.38 0.00
1046 2.58 0.84 0.00
1047 0.57 0.13 0.00
1048 2.60 0.00 0.00
1049 2.66 2.23 0.00
1050 0.89 0.00 0.00
1051 3.46 0.06 0.00
1052 1.25 0.64 0.00
1053 0.99 0.06 0.00
1054 3.60 1.67 0.00
1055 0.75 0.57 0.00
1056 2.60 0.19 0.00
1057 2.73 0.32 0.00
1058 0.92 0.66 0.00
1059 4007.58 728.26 0.00
1060 4734.37 8650.26 0.00
1061 2570.66 7438.27 0.00
1062 650.45 1897.19 0.00
1063 179.99 1155.54 0.00
1064 1074.18 797.24 0.00
1065 874.87 4.76 0.00
1066 2431.26 2208.12 0.00
1067 2123.31 9536.34 0.00
1068 2142.55 9835.89 0.00
1069 1146.58 7536.51 0.00
1070 1748.76 8231.63 0.00
1071 844.58 3629.88 0.00
1072 719.77 3389.02 0.00
1073 1026.78 1639.50 0.00
1074 1931.90 1224.37 0.00
1075 1162.60 2396.99 0.00
1076 973.10 2066.63 0.00
1077 912.54 2562.28 0.00
1078 713.19 862.30 0.00
1079 507.75 2.98 0.00
1080 2345.76 692.58 0.00
1081 1424.33 2062.48 0.00
1082 28.28 8907.55 0.00
1083 25.88 10612.17 0.00
1084 9.91 2944.28 0.00
1085 2.47 0.72 0.00
1086 0.66 0.00 0.00
1087 1.34 1.59 0.00
1088 1.93 0.65 0.00
1089 0.77 0.00 0.00
1090 1.48 0.00 0.00
1091 2.22 2.02 0.00
1092 1.83 1.80 0.00
1093 2.53 0.12 0.00
1094 2.21 0.58 0.00
1095 1.12 0.14 0.00
1096 3.07 0.06 0.00
1097 2.73 2.41 0.00
1098 1.55 0.43 0.00
1099 2.10 0.30 0.00
1100 1.79 0.82 0.00
1101 1.21 0.30 0.00
1102 2.92 1.65 0.00
1103 1.38 0.72 0.00
1104 0.89 1.73 0.00
1105 1.33 0.30 0.00
1106 1.18 0.88 0.00
1107 1124.63 4.54 0.00
1108 1018.64 1.66 0.00
1109 0.76 0.82 0.00
1110 1.54 0.30 0.00
1111 3.28 0.19 0.00
1112 1.74 2.42 0.00
1113 1.48 0.55 0.00
1114 2.08 0.50 0.00
1115 0.88 0.82 0.00
1116 2140.26 13046.11 0.00
1117 10613.92 13761.42 0.00
1118 14045.58 10392.90 0.00
1119 11971.51 8074.72 0.00
1120 7545.92 8047.61 0.00
1121 12332.28 14777.30 0.00
1122 10420.38 8617.47 0.00
1123 3810.48 2712.38 0.00
1124 5945.63 2419.26 0.00
1125 5554.02 385.71 0.00
1126 12320.96 6113.47 0.00
1127 10883.52 11677.75 0.00
1128 4286.53 12388.87 0.00
1129 8302.98 13064.17 0.00
1130 14977.25 9752.09 0.00
1131 17035.16 12033.40 0.00
1132 4320.82 3.72 0.00
1133 2958.82 4.84 0.00
1134 3.39 2.15 0.00
1135 5.96 874.71 0.00
1136 1.54 0.82 0.00
1137 1.07 0.56 0.00
1138 4769.78 2732.94 0.00
1139 8297.49 7359.23 0.00
1140 4493.94 6790.58 0.00
1141 3764.28 8489.82 0.00
1142 4608.42 8277.22 0.00
1143 4750.06 7542.84 0.00
1144 2404.54 9025.31 0.00
1145 3042.14 4496.66 0.00
1146 3013.33 11041.57 0.00
1147 6878.58 5591.45 0.00
1148 6302.89 7.03 0.00
1149 450.42 2.61 0.00
1150 1.34 0.43 0.00
1151 1.33 0.51 0.00
1152 1.57 0.43 0.00
1153 10463.54 12769.98 0.00
1154 10800.24 9811.25 0.00
1155 4911.63 688.91 0.00
1156 3.94 0.77 0.00
1157 1.65 0.88 0.00
1158 1.32 0.37 0.00
1159 2.64 2.09 0.00
1160 4678.38 9443.92 0.00
1161 4065.98 6902.54 0.00
1162 2767.17 776.79 0.00
1163 3797.01 5.61 0.00
1164 2202.57 3.90 0.00
1165 697.50 1.98 0.00
1166 1713.39 2.11 0.00
1167 5307.79 2220.73 0.00
1168 2436.70 3610.98 0.00
1169 1316.21 267.17 0.00
1170 1291.50 2.82 0.00
1171 2900.22 3.85 0.00
1172 3447.42 3.40 0.00
1173 562.08 0.88 0.00
1174 2.06 1.96 0.00
1175 5854.95 1842.75 0.00
1176 9510.97 16863.72 0.00
1177 4598.31 2796.34 0.00
1178 858.05 2.97 0.00
1179 1891.43 6.61 0.00
1180 3181.47 3.33 0.00
1181 981.26 1.91 0.00
1182 2.68 0.56 0.00
1183 5591.70 4660.45 0.00
1184 4025.07 7498.08 0.00
1185 2748.21 65.05 0.00
1186 3620.33 3.20 0.00
1187 1.54 1.01 0.00
1188 1.89 0.37 0.00
1189 1.62 1.89 0.00
1190 51.06 1.16 0.00
1191 5882.89 6933.56 0.00
1192 1288.61 4518.88 0.00
1193 1.15 50.82 0.00
1194 2.27 3.30 0.00
1195 429.23 2.54 0.00
1196 6540.31 2895.88 0.00
1197 8517.59 11016.30 0.00
1198 11156.50 16051.01 0.00
1199 6437.34 6452.01 0.00
1200 7703.46 7462.11 0.00
1201 6468.17 7776.30 0.00
1202 3992.93 3869.82 0.00
1203 1637.48 82.60 0.00
1204 4225.05 320.15 0.00
1205 9296.38 11818.56 0.00
1206 14366.94 20528.83 0.00
1207 6179.02 8926.26 0.00
1208 3164.43 14.33 0.00
1209 1961.22 669.25 0.00
1210 3867.71 5.72 0.00
1211 2716.88 3.53 0.00
1212 720.04 1.08 0.00
1213 5991.97 6958.67 0.00
1214 14099.51 8596.83 0.00
1215 12678.98 8601.63 0.00
1216 15095.65 9671.80 0.00
1217 8603.22 3127.89 0.00
1218 5368.73 3160.41 0.00
1219 4659.41 2724.15 0.00
1220 716.19 3344.51 0.00
1221 1705.24 35.16 0.00
1222 4100.98 8.95 0.00
1223 1.27 0.88 0.00
1224 1.50 3.24 0.00
1225 2.10 0.40 0.00
1226 0.77 0.82 0.00
1227 2167.44 4.69 0.00
1228 1973.53 7.17 0.00
1229 930.58 3.80 0.00
1230 0.55 0.33 0.00
1231 2.32 0.30 0.00
1232 1.11 0.82 0.00
1233 1.92 0.30 0.00
1234 1715.62 5.83 0.00
1235 3337.67 5.14 0.00
1236 1.44 0.30 0.00
1237 1.39 0.30 0.00
1238 2.06 6.61 0.00
1239 2063.83 6.60 0.00
1240 2696.38 4.62 0.00
1241 3667.83 5.16 0.00
1242 2819.08 333.46 0.00
1243 14.95 9542.13 0.00
1244 2.07 3.34 0.00
1245 3.44 0.36 0.00
1246 0.43 0.30 0.00
1247 4058.82 1699.94 0.00
1248 1608.35 1099.85 0.00
1249 1347.60 526.87 0.00
1250 1160.74 938.19 0.00
1251 1030.56 2047.98 0.00
1252 2141.16 4765.05 0.00
1253 12.35 6433.73 0.00
1254 8.81 3824.95 0.00
1255 6.98 1919.49 0.00
1256 9.73 3057.58 0.00
1257 967.86 3452.32 0.00
1258 1880.72 9591.95 0.00
1259 2536.84 3856.26 0.00
1260 2180.99 899.37 0.00
1261 1410.68 1378.63 0.00
1262 3112.78 5655.24 0.00
1263 3857.44 5320.49 0.00
1264 2912.91 3.51 0.00
1265 941.05 0.77 0.00
1266 1.28 0.37 0.00
1267 0.73 0.37 0.00
1268 1.80 2.01 0.00
1269 1582.10 869.89 0.00
1270 1985.74 6536.22 0.00
1271 16.81 8495.43 0.00
1272 9.93 4392.94 0.00
1273 8.93 5389.25 0.00
1274 8.75 2950.29 0.00
1275 9.35 4503.88 0.00
1276 6.22 2934.74 0.00
1277 7.89 2723.57 0.00
1278 6.30 2175.73 0.00
1279 4.66 859.19 0.00
1280 2.92 0.37 0.00
1281 1.63 0.30 0.00
1282 5.66 607.19 0.00
1283 23.13 6586.96 0.00
1284 20.15 5971.40 0.00
1285 29.39 14436.56 0.00
1286 27.74 13916.77 0.00
1287 47.80 19682.03 0.00
1288 15.04 7350.58 0.00
1289 28.90 12917.51 0.00
1290 21.38 9328.65 0.00
1291 3.03 1450.23 0.00
1292 14.24 5187.08 0.00
1293 18.21 6640.81 0.00
1294 30.50 11907.52 0.00
1295 15.58 8580.70 0.00
1296 15.66 8876.21 0.00
1297 8.75 4106.79 0.00
1298 4.01 1794.39 0.00
1299 11.11 4395.77 0.00
1300 7.71 1730.03 0.00
1301 13.80 5167.26 0.00
1302 15.42 5301.04 0.00
1303 11.47 2939.60 0.00
1304 10.59 3903.72 0.00
1305 5.19 2636.57 0.00
1306 11.35 3701.71 0.00
1307 21.33 7480.30 0.00
1308 18.47 8398.07 0.00
1309 18.51 9625.21 0.00
1310 1.27 174.12 0.00
1311 1.54 1.66 0.00
1312 1.33 0.30 0.00
1313 4.93 461.98 0.00
1314 12.97 4155.59 0.00
1315 9.81 4627.90 0.00
1316 12.01 5345.39 0.00
1317 11.89 6322.81 0.00
1318 13.49 6748.84 0.00
1319 18.80 7118.75 0.00
1320 15.38 4746.92 0.00
1321 12.33 3614.98 0.00
1322 13.75 5089.13 0.00
1323 15.12 5724.37 0.00
1324 6.33 3022.70 0.00
1325 9.27 1963.37 0.00
1326 4.31 844.04 0.00
1327 11.25 1562.95 0.00
1328 8.44 1227.54 0.00
1329 11.46 2860.03 0.00
1330 8.08 2072.60 0.00
1331 8.05 2014.64 0.00
1332 8.36 1793.23 0.00
1333 7.99 1490.12 0.00
1334 7.76 1954.80 0.00
1335 9.21 3699.33 0.00
1336 12.71 5707.36 0.00
1337 17.75 6153.44 0.00
1338 5.82 2368.45 0.00
1339 8.39 2711.43 0.00
1340 7.52 2145.27 0.00
1341 7.33 1583.74 0.00
1342 9.89 5090.73 0.00
1343 11.71 6737.58 0.00
1344 20.03 9741.73 0.00
1345 3.46 2.41 0.00
1346 3.07 849.42 0.00
1347 5.09 1964.94 0.00
1348 6.01 2097.90 0.00
1349 9.67 4036.63 0.00
1350 5.59 1202.83 0.00
1351 14.25 6564.84 0.00
1352 6.85 4721.45 0.00
1353 9.86 4275.38 0.00
1354 4.37 2622.49 0.00
1355 2.67 981.29 0.00
1356 3.70 1173.86 0.00
1357 2.67 352.46 0.00
1358 19.89 9826.44 0.00
1359 6.78 2416.05 0.00
1360 4.33 2358.34 0.00
1361 6.13 1722.23 0.00
1362 12.59 4441.62 0.00
1363 10.42 5559.69 0.00
1364 2.75 3.93 0.00
1365 1.78 1.86 0.00
1366 8.92 2751.06 0.00
1367 7.07 3688.88 0.00
1368 5.75 1585.43 0.00
1369 4.53 2245.07 0.00
1370 0.98 0.40 0.00
1371 2.10 0.82 0.00
1372 1.41 1.28 0.00
1373 8844.54 42.22 0.00
1374 6415.21 14.76 0.00
1375 5697.38 24.32 0.00
1376 6408.41 9.31 0.00
1377 4375.65 8.23 0.00
1378 1.44 4.39 0.00
1379 3202.20 9.67 0.00
1380 5154.16 7.84 0.00
1381 4839.49 3.59 0.00
1382 353.36 1.01 0.00
1383 1.05 0.95 0.00
1384 7885.20 19.65 0.00
1385 5250.26 11.81 0.00
1386 13712.23 6351.51 0.00
1387 4850.79 4286.35 0.00
1388 3715.99 4020.63 0.00
1389 4925.14 1581.95 0.00
1390 5276.65 3398.35 0.00
1391 10036.63 9343.35 0.00
1392 21468.72 16737.27 0.00
1393 16217.32 3907.53 0.00
1394 7087.03 929.15 0.00
1395 1551.54 1.79 0.00
1396 1.68 0.43 0.00
1397 3457.63 5.59 0.00
1398 6260.33 5.59 0.00
1399 12959.91 245.41 0.00
1400 7989.92 12.23 0.00
1401 8611.06 15.88 0.00
1402 21339.95 33.32 0.00
1403 24614.23 5786.44 0.00
1404 25340.71 9795.62 0.00
1405 17989.62 2696.86 0.00
1406 18865.47 878.30 0.00
1407 7786.94 1256.59 0.00
1408 8977.80 844.78 0.00
1409 8727.86 2023.09 0.00
1410 11238.49 2008.11 0.00
1411 9019.06 1691.59 0.00
1412 6340.17 997.91 0.00
1413 8384.90 18.44 0.00
1414 9878.12 25.22 0.00
1415 6356.46 670.61 0.00
1416 4148.07 5.27 0.00
1417 1009.81 2.17 0.00
1418 294.42 2.65 0.00
1419 2.12 2.54 0.00
1420 1.12 0.43 0.00
1421 658.75 556.18 0.00
1422 1.44 0.82 0.00
1423 1.10 0.30 0.00
1424 7988.04 1241.64 0.00
1425 12520.13 4272.94 0.00
1426 6643.77 365.75 0.00
1427 1288.48 1.46 0.00
1428 2.28 0.95 0.00
1429 1298.98 9.47 0.00
1430 2147.65 840.04 0.00
1431 1752.28 2.43 0.00
1432 601.11 1.79 0.00
1433 2141.45 3.35 0.00
1434 4622.72 1296.31 0.00
1435 3480.93 2077.59 0.00
1436 3303.49 2042.45 0.00
1437 4038.78 1249.05 0.00
1438 3927.66 3.46 0.00
1439 374.44 2.71 0.00
1440 0.72 0.91 0.00
1441 0.94 0.37 0.00
1442 6057.34 17.38 0.00
1443 758.70 2.04 0.00
1444 1986.83 669.66 0.00
1445 2799.48 2.50 0.00
1446 0.99 0.82 0.00
1447 0.44 0.30 0.00
1448 5.68 1761.07 0.00
1449 1.72 389.85 0.00
1450 0.99 0.40 0.00
1451 1.32 0.30 0.00
1452 1.00 0.51 0.00
1453 2490.17 1565.14 0.00
1454 5927.27 186.74 0.00
1455 11323.75 21.77 0.00
1456 1.80 0.76 0.00
1457 1.42 0.37 0.00
1458 2.38 0.89 0.00
1459 3.48 5.94 0.00
1460 1085.51 5141.07 0.00
1461 711.46 1843.29 0.00
1462 715.86 3912.63 0.00
1463 6.75 3878.82 0.00
1464 5.85 1579.70 0.00
1465 7.55 2066.51 0.00
1466 7.88 2687.95 0.00
1467 6.99 5318.25 0.00
1468 7.32 3572.39 0.00
1469 2117.88 1392.55 0.00
1470 1234.54 1991.22 0.00
1471 2325.47 2391.59 0.00
1472 3468.34 3684.68 0.00
1473 6775.79 9928.10 0.00
1474 6147.87 4234.37 0.00
1475 1151.40 2270.84 0.00
1476 2134.87 3606.11 0.00
1477 716.58 7638.72 0.00
1478 14.95 8219.98 0.00
1479 2503.39 609.45 0.00
1480 2691.16 6.56 0.00
1481 2126.94 6.25 0.00
1482 2571.13 518.50 0.00
1483 8.87 2807.97 0.00
1484 23.74 10521.19 0.00
1485 285.76 15923.77 0.00
1486 4849.93 9999.75 0.00
1487 15428.81 4109.55 0.00
1488 46004.17 2545.78 0.00
1489 1.15 4.15 0.00
1490 9.00 5202.91 0.00
1491 7242.14 13.53 0.00
1492 4612.37 6170.77 0.00
1493 16042.91 4033.03 0.00
1494 18626.61 4439.32 0.00
1495 17344.88 7022.98 0.00
1496 12423.30 3934.50 0.00
1497 15909.39 6198.78 0.00
1498 2819.62 4.29 0.00
1499 656.07 2.56 0.00
1500 0.83 0.94 0.00
1501 1711.69 3519.40 0.00
1502 36651.97 15552.25 0.00
1503 30773.69 19451.63 0.00
1504 2668.10 19308.33 0.00
1505 5853.75 11260.16 0.00
1506 7989.05 3088.52 0.00
1507 4218.48 9.23 0.00
1508 12937.00 33.08 0.00
1509 26812.98 78.46 0.00
1510 17735.78 684.05 0.00
1511 18027.26 6335.70 0.00
1512 13156.22 6620.79 0.00
1513 4246.92 2575.46 0.00
1514 3613.25 4398.11 0.00
1515 4160.19 3331.37 0.00
1516 5325.34 1789.12 0.00
1517 8153.14 1372.95 0.00
1518 11445.04 1343.57 0.00
1519 2808.71 183.88 0.00
1520 2187.32 538.68 0.00
1521 3581.39 394.06 0.00
1522 2448.10 7.66 0.00
1523 4605.11 9.80 0.00
1524 257.47 4.27 0.00
1525 1547.14 262.12 0.00
1526 4886.01 2728.57 0.00
1527 2704.48 1855.21 0.00
1528 1905.36 1382.37 0.00
1529 1532.97 1336.21 0.00
1530 6.37 853.76 0.00
1531 3.28 580.04 0.00
1532 2.37 578.82 0.00
1533 1.79 185.52 0.00
1534 2.11 1.28 0.00
1535 647.37 1321.92 0.00
1536 1156.91 2901.51 0.00
1537 2062.56 2149.73 0.00
1538 1270.79 1519.90 0.00
1539 6.91 1618.14 0.00
1540 4.58 846.82 0.00
1541 9.62 2648.73 0.00
1542 13.52 4611.03 0.00
1543 9.69 5508.55 0.00
1544 6.63 2929.61 0.00
1545 10.75 2794.53 0.00
1546 2.97 768.22 0.00
1547 0.95 53.53 0.00
1548 7.01 1372.22 0.00
1549 5.83 2463.75 0.00
1550 6.88 1679.38 0.00
1551 6.91 1669.69 0.00
1552 6.03 1422.83 0.00
1553 10.18 3406.73 0.00
1554 10.20 4031.55 0.00
1555 8.39 3475.31 0.00
1556 6.45 1842.05 0.00
1557 11.00 1746.83 0.00
1558 9.21 3399.90 0.00
1559 15.80 5942.28 0.00
1560 13.20 5000.90 0.00
1561 11.67 2959.00 0.00
1562 11.78 4168.80 0.00
1563 13.10 5748.98 0.00
1564 13.34 6490.88 0.00
1565 2.34 508.45 0.00
1566 1.31 0.82 0.00
1567 1.85 4.47 0.00
1568 2.39 1.87 0.00
1569 4.80 9.53 0.00
1570 2.82 4.63 0.00
1571 4165.02 8.38 0.00
1572 4012.92 11.32 0.00
1573 1795.12 13.47 0.00
1574 2109.00 7.22 0.00
1575 2216.43 518.71 0.00
1576 2637.81 2261.49 0.00
1577 6149.09 1343.44 0.00
1578 11561.02 4686.67 0.00
1579 12027.83 6413.37 0.00
1580 9565.21 6537.72 0.00
1581 5009.20 7305.87 0.00
1582 1654.30 6511.71 0.00
1583 2442.16 7147.42 0.00
1584 911.31 2814.83 0.00
1585 1292.57 4871.66 0.00
1586 1788.82 2630.00 0.00
1587 1909.48 2717.12 0.00
1588 1118.95 3209.67 0.00
1589 4.47 2043.24 0.00
1590 2.44 66.05 0.00
1591 1877.22 2109.79 0.00
1592 6051.48 12270.58 0.00
1593 3557.16 14511.13 0.00
1594 12443.45 7977.41 0.00
1595 11257.44 3220.29 0.00
1596 3984.18 952.93 0.00
1597 2007.86 6.26 0.00
1598 2293.69 7.71 0.00
1599 841.57 2.73 0.00
1600 1561.28 9.05 0.00
1601 258.59 1.40 0.00
1602 453.09 3.75 0.00
1603 1.77 1.98 0.00
1604 7169.31 10.21 0.00
1605 13554.78 26.62 0.00
1606 5211.37 526.95 0.00
1607 1153.49 2.24 0.00
1608 688.84 2.89 0.00
1609 574.34 5.16 0.00
1610 376.39 4.22 0.00
1611 6173.60 449.77 0.00
1612 3051.19 1286.92 0.00
1613 1466.14 1465.05 0.00
1614 1100.04 209.91 0.00
1615 2118.30 5.51 0.00
1616 3352.48 7.38 0.00
1617 13275.77 3566.05 0.00
1618 19635.25 4493.60 0.00
1619 14547.64 4342.02 0.00
1620 4866.71 2685.84 0.00
1621 6242.55 2790.54 0.00
1622 7947.80 1795.06 0.00
1623 8320.45 1338.02 0.00
1624 5759.48 3568.22 0.00
1625 12015.78 4572.64 0.00
1626 13053.68 5248.70 0.00
1627 3875.66 2221.15 0.00
1628 6794.29 2606.23 0.00
1629 5541.12 1576.52 0.00
1630 5910.86 2238.85 0.00
1631 4305.39 5.27 0.00
1632 4924.16 5.65 0.00
1633 1140.93 2.50 0.00
1634 459.37 1.10 0.00
1635 4655.60 527.21 0.00
1636 7911.64 1689.78 0.00
1637 9171.13 1956.83 0.00
1638 6157.04 530.23 0.00
1639 4825.82 5.14 0.00
1640 1765.15 4.41 0.00
1641 718.37 1.98 0.00
1642 1.46 1.94 0.00
1643 2148.68 6.61 0.00
1644 11654.40 3825.95 0.00
1645 18148.85 30.93 0.00
1646 4559.82 10.16 0.00
1647 3674.62 5.02 0.00
1648 2186.55 3.59 0.00
1649 13121.20 4541.87 0.00
1650 17934.90 5411.40 0.00
1651 3167.77 5.14 0.00
1652 6790.16 12.83 0.00
1653 2995.11 6.55 0.00
1654 3536.54 3.88 0.00
1655 4208.77 5.12 0.00
1656 2.98 1.14 0.00
1657 1.08 2.00 0.00
1658 7366.83 21.43 0.00
1659 10634.28 23.96 0.00
1660 6341.32 13.27 0.00
1661 2425.57 900.48 0.00
1662 4444.03 3.48 0.00
1663 760.19 0.95 0.00
1664 0.62 0.37 0.00
1665 2.02 2.51 0.00
1666 1.15 0.53 0.00
1667 0.67 0.00 0.00
1668 1.22 0.82 0.00
1669 1722.96 7.64 0.00
1670 5350.30 1978.57 0.00
1671 1187.43 1358.97 0.00
1672 1926.69 342.27 0.00
1673 2080.96 2.37 0.00
1674 897.85 3.14 0.00
1675 862.15 2.70 0.00
1676 1009.34 4.13 0.00
1677 1008.09 1.98 0.00
1678 292.07 1.14 0.00
1679 3790.94 15.29 0.00
1680 4004.28 987.35 0.00
1681 4398.48 1290.57 0.00
1682 2284.59 2.30 0.00
1683 1.43 0.43 0.00
1684 1.84 0.37 0.00
1685 0.83 0.82 0.00
1686 475.14 368.03 0.00
1687 7446.51 3230.35 0.00
1688 17547.14 6963.97 0.00
1689 23841.14 6239.78 0.00
1690 8259.31 3429.30 0.00
1691 4604.92 1716.88 0.00
1692 3485.87 5.56 0.00
1693 5303.39 1153.78 0.00
1694 4043.62 4739.08 0.00
1695 7194.56 9482.56 0.00
1696 10114.03 7201.57 0.00
1697 10863.16 10210.38 0.00
1698 18893.96 12700.07 0.00
1699 15134.23 10307.40 0.00
1700 18971.60 5534.19 0.00
1701 20079.15 9082.62 0.00
1702 4906.16 2510.44 0.00
1703 3.19 969.06 0.00
1704 1.73 0.37 0.00
1705 9777.96 7923.15 0.00
1706 10853.18 3457.84 0.00
1707 15.46 4856.91 0.00
1708 8.67 4870.68 0.00
1709 7.68 3660.55 0.00
1710 10.71 6084.71 0.00
1711 9.22 4134.54 0.00
1712 7.91 3445.71 0.00
1713 5.74 1431.67 0.00
1714 1.74 195.21 0.00
1715 817.04 2114.58 0.00
1716 4829.18 6214.22 0.00
1717 805.14 2206.29 0.00
1718 3.67 2393.65 0.00
1719 2.25 0.62 0.00
1720 1.03 0.37 0.00
1721 2.51 0.82 0.00
1722 4.57 844.11 0.00
1723 6.49 2521.09 0.00
1724 3385.33 4980.71 0.00
1725 3330.34 7333.14 0.00
1726 9.29 5858.27 0.00
1727 6.43 2373.34 0.00
1728 5.56 3342.56 0.00
1729 5.10 2002.50 0.00
1730 7.38 3420.75 0.00
1731 5.09 2609.88 0.00
1732 1078.12 3083.36 0.00
1733 5637.53 393.85 0.00
1734 826.68 1.01 0.00
1735 6068.32 9002.77 0.00
1736 1.52 6.77 0.00
1737 1.38 1.90 0.00
1738 1.22 0.30 0.00
1739 0.83 0.88 0.00
1740 1.22 0.30 0.00
1741 1.78 0.30 0.00
1742 10019.37 4867.60 0.00
1743 6936.05 1935.43 0.00
1744 1.70 0.37 0.00
1745 0.83 0.88 0.00
1746 0.95 3.50 0.00
1747 3.74 3.47 0.00
1748 0.55 0.82 0.00
1749 972.79 691.25 0.00
1750 3318.64 3532.95 0.00
1751 4.08 2079.55 0.00
1752 2.65 1381.71 0.00
1753 1.50 0.37 0.00
1754 8488.31 3998.46 0.00
1755 10708.58 9425.83 0.00
1756 5888.70 4395.52 0.00
1757 9190.65 8007.39 0.00
1758 9116.64 6496.29 0.00
1759 6362.24 3438.64 0.00
1760 2835.03 6.04 0.00
1761 2511.35 4.45 0.00
1762 2452.45 6.37 0.00
1763 1222.42 3.46 0.00
1764 900.84 1.53 0.00
1765 1.00 0.30 0.00
1766 1.50 4.93 0.00
1767 3.81 2.63 0.00
1768 0.78 0.30 0.00
1769 0.98 0.88 0.00
1770 1.96 1.37 0.00
1771 1.63 0.30 0.00
1772 1.27 1.90 0.00
1773 1.54 0.82 0.00
1774 0.66 0.30 0.00
1775 1.98 0.37 0.00
1776 5.58 1552.75 0.00
1777 8.18 2321.64 0.00
1778 4.98 1612.50 0.00
1779 1.27 4.77 0.00
1780 0.99 0.30 0.00
1781 2.22 0.72 0.00
1782 1.30 2.90 0.00
1783 2.15 2.80 0.00
1784 1.22 0.30 0.00
1785 1.53 1.37 0.00
1786 2.20 4.47 0.00
1787 2.76 1.96 0.00
1788 0.55 0.51 0.00
1789 2.03 0.30 0.00
1790 1.33 0.30 0.00
1791 0.75 1.08 0.00
1792 2.40 3.53 0.00
1793 1.44 0.30 0.00
1794 1.31 1.84 0.00
1795 1.78 1.76 0.00
1796 1.19 5.47 0.00
1797 1.27 1.90 0.00
1798 2.58 0.37 0.00
1799 0.54 1.07 0.00
1800 1.12 1.28 0.00
1801 1.76 1.95 0.00
1802 1.32 3.11 0.00
1803 0.77 0.30 0.00
1804 1.33 0.30 0.00
1805 0.33 0.51 0.00
1806 1.07 4.47 0.00
1807 2.43 4.57 0.00
1808 0.43 0.30 0.00
1809 0.66 0.30 0.00
1810 1.44 0.30 0.00
1811 0.76 1.37 0.00
1812 1.51 2.03 0.00
1813 1.79 1.28 0.00
1814 0.55 0.82 0.00
1815 2.47 1.83 0.00
1816 1.62 6.02 0.00
1817 1.11 1.96 0.00
1818 1.33 0.82 0.00
1819 1.90 0.30 0.00
1820 0.44 0.30 0.00
1821 1.64 0.77 0.00
1822 1.82 10.47 0.00
1823 1.12 1.28 0.00
1824 2.03 8.02 0.00
1825 1.70 0.30 0.00
1826 1.76 5.94 0.00
1827 2.69 3.11 0.00
1828 1.70 0.30 0.00
1829 0.77 0.30 0.00
1830 1.11 0.51 0.00
1831 3.39 1.93 0.00
1832 1.22 2.07 0.00
1833 2.82 8.91 0.00
1834 0.72 0.30 0.00
1835 1.48 1.28 0.00
1836 1.67 8.53 0.00
1837 1.59 3.59 0.00
1838 1.55 0.30 0.00
1839 0.77 0.30 0.00
1840 1.34 0.30 0.00
1841 1.95 0.30 0.00
1842 1.56 1.96 0.00
1843 1.59 0.30 0.00
1844 1.22 0.30 0.00
1845 0.55 0.30 0.00
1846 1.25 2.05 0.00
1847 2.83 1.90 0.00
1848 0.33 0.30 0.00
1849 0.61 0.30 0.00
1850 1.11 0.30 0.00
1851 1.34 0.30 0.00
1852 1.66 4.41 0.00
1853 1.22 0.30 0.00
1854 1.11 0.30 0.00
1855 1.45 0.82 0.00
1856 1.06 1.92 0.00
1857 1.44 1.96 0.00
1858 1.11 0.82 0.00
1859 0.66 0.30 0.00
1860 0.34 0.00 0.00
1861 1.44 0.82 0.00
1862 1.44 1.89 0.00
1863 0.77 0.37 0.00
1864 2.48 0.82 0.00
1865 0.83 0.30 0.00
1866 0.84 1.92 0.00
1867 3.39 4.02 0.00
1868 0.44 0.33 0.00
1869 0.77 0.30 0.00
1870 2.93 0.82 0.00
1871 1.11 0.30 0.00
1872 1.44 1.96 0.00
1873 1.43 0.82 0.00
1874 0.99 0.30 0.00
1875 2.14 0.30 0.00
1876 1.50 2.44 0.00
1877 1.88 1.96 0.00
1878 1.66 0.30 0.00
1879 1.90 0.82 0.00
1880 1.98 0.30 0.00
1881 2.21 0.30 0.00
1882 2.08 3.59 0.00
1883 0.44 0.30 0.00
1884 1.78 0.30 0.00
1885 0.55 0.30 0.00
1886 0.63 1.62 0.00
1887 2.70 1.91 0.00
1888 1.00 0.36 0.00
1889 0.73 0.43 0.00
1890 1.66 0.30 0.00
1891 1.41 1.64 0.00
1892 1.66 1.89 0.00
1893 1.33 0.37 0.00
1894 1.00 0.82 0.00
1895 1.66 0.30 0.00
1896 1.29 1.92 0.00
1897 2.13 4.11 0.00
1898 1.78 0.30 0.00
1899 0.99 0.30 0.00
1900 0.88 0.82 0.00
1901 2.07 0.30 0.00
1902 3.28 1.83 0.00
1903 1.80 0.89 0.00
1904 1.94 0.30 0.00
1905 2.45 0.30 0.00
1906 1.62 2.44 0.00
1907 2.07 1.73 0.00
1908 2.78 0.40 0.00
1909 0.66 0.82 0.00
1910 1.44 0.30 0.00
1911 1.19 0.00 0.00
1912 2.17 3.98 0.00
1913 1.32 0.30 0.00
1914 0.99 0.30 0.00
1915 1.65 0.82 0.00
1916 1.70 1.92 0.00
1917 1.26 1.87 0.00
1918 1.88 0.85 0.00
1919 0.97 0.30 0.00
1920 0.87 0.30 0.00
1921 2.22 0.82 0.00
1922 1.83 1.84 0.00
1923 0.87 0.36 0.00
1924 1.99 0.82 0.00
1925 0.99 0.30 0.00
1926 1.06 1.92 0.00
1927 2.11 3.92 0.00
1928 1.11 0.30 0.00
1929 0.88 0.30 0.00
1930 1.22 0.82 0.00
1931 0.55 0.30 0.00
1932 1.47 1.84 0.00
1933 1.60 0.87 0.00
1934 0.92 0.30 0.00
1935 2.53 0.30 0.00
1936 1.57 2.44 0.00
1937 1.58 1.84 0.00
1938 1.66 0.36 0.00
1939 1.69 0.82 0.00
1940 0.94 0.30 0.00
1941 2.79 0.30 0.00
1942 1.48 3.85 0.00
1943 0.99 0.30 0.00
1944 3.27 0.30 0.00
1945 3.58 249.62 0.00
1946 12.99 8011.53 0.00
1947 12.92 4685.22 0.00
1948 22.83 7314.60 0.00
1949 23.83 8899.11 0.00
1950 1.44 0.30 0.00
1951 1.21 0.82 0.00
1952 2.00 1.96 0.00
1953 1.44 0.30 0.00
1954 0.99 0.82 0.00
1955 1.34 0.00 0.00
1956 1.06 1.92 0.00
1957 1.26 3.85 0.00
1958 1.56 0.30 0.00
1959 0.78 0.30 0.00
1960 0.65 0.82 0.00
1961 1.45 0.30 0.00
1962 1.25 1.67 0.00
1963 1.24 0.92 0.00
1964 1.70 0.30 0.00
1965 0.75 0.30 0.00
1966 1.28 2.44 0.00
1967 2.09 1.42 0.00
1968 0.77 0.52 0.00
1969 0.88 0.82 0.00
1970 2.10 0.30 0.00
1971 0.77 0.30 0.00
1972 1.46 4.05 0.00
1973 1.11 0.30 0.00
1974 5.00 0.75 0.00
1975 1.84 0.88 0.00
1976 0.99 0.30 0.00
1977 1.20 0.89 0.00
1978 2.34 4.41 0.00
1979 1.08 0.50 0.00
1980 1.92 0.30 0.00
1981 1.54 0.82 0.00
1982 0.92 0.30 0.00
1983 2.35 0.45 0.00
1984 1.99 0.84 0.00
1985 0.54 0.30 0.00
1986 1.92 0.30 0.00
1987 1.61 2.39 0.00
1988 0.66 0.30 0.00
1989 0.88 0.30 0.00
1990 1.44 0.82 0.00
1991 0.77 0.30 0.00
1992 1.05 0.30 0.00
1993 1.66 0.82 0.00
1994 0.77 0.30 0.00
1995 2.15 0.30 0.00
1996 0.94 0.82 0.00
1997 1.01 0.30 0.00
1998 2.00 0.30 0.00
1999 1.80 0.82 0.00
2000 1.11 0.30 0.00
2001 1.32 0.30 0.00
2002 1.28 2.39 0.00
2003 0.66 0.30 0.00
2004 1.77 0.30 0.00
2005 0.55 0.82 0.00
2006 0.77 0.30 0.00
2007 2.75 0.30 0.00
2008 0.77 0.82 0.00
2009 1.11 0.30 0.00
2010 1.67 0.30 0.00
2011 0.77 0.82 0.00
2012 1.49 0.30 0.00
2013 1.00 0.30 0.00
2014 0.88 0.82 0.00
2015 1.44 0.30 0.00
2016 1.00 0.30 0.00
2017 1.16 2.39 0.00
2018 2.48 0.30 0.00
2019 1.25 0.37 0.00
2020 0.72 0.89 0.00
2021 1.22 0.30 0.00
2022 1.97 0.30 0.00
2023 1.80 0.82 0.00
2024 1.56 0.30 0.00
2025 1.92 0.30 0.00
2026 0.99 0.82 0.00
2027 1.38 0.30 0.00
2028 1.24 0.44 0.00
2029 4.40 4.03 0.00
2030 2.02 0.30 0.00
2031 1.54 0.30 0.00
2032 5.62 485.06 0.00
2033 1.44 0.30 0.00
2034 0.88 0.30 0.00
2035 1.77 0.82 0.00
2036 1.12 0.30 0.00
2037 0.82 0.30 0.00
2038 1.88 0.82 0.00
2039 0.79 0.30 0.00
2040 0.89 0.30 0.00
2041 1.77 0.82 0.00
2042 1.26 0.30 0.00
2043 4.97 3.53 0.00
2044 3.41 177.76 0.00
2045 5.05 3.59 0.00
2046 11.22 1202.36 0.00
