0 11.33 10.04 0.00
1 3.75 0.90 0.00
2 4.66 2.30 0.00
3 11.63 1.50 0.00
4 5.08 1.29 0.00
5 5.38 0.85 0.00
6 31.63 33.89 0.00
7 4.67 1.52 0.00
8 3.67 2.87 0.00
9 16.66 23.02 0.00
10 6.64 1.77 0.00
11 14.41 7.00 0.00
12 25.96 9.91 0.00
13 768.97 336511.90 0.00
14 240.19 105227.05 0.00
15 27.38 122.18 0.00
16 23.09 72.07 0.00
17 3.90 0.65 0.00
18 20.34 8.08 0.00
19 6.27 6.80 0.00
20 12.83 11.01 0.00
21 12.99 3.13 0.00
22 23.46 21.37 0.00
23 14.07 13.62 0.00
24 14.44 8.77 0.00
25 59.16 59.76 0.00
26 67.01 64.31 0.00
27 14.51 15.02 0.00
28 12.59 11.86 0.00
29 49.92 41.72 0.00
30 13.23 14.68 0.00
31 31.46 24.71 0.00
32 13.21 11.68 0.00
33 33.42 19.87 0.00
34 23.84 26.05 0.00
35 22.55 22.62 0.00
36 20.41 3.84 0.00
37 59.44 66.06 0.00
38 22.09 22.46 0.00
39 21.66 12.27 0.00
40 11.52 11.41 0.00
41 21.08 14.10 0.00
42 13.02 11.52 0.00
43 5.96 0.83 0.00
44 59.61 66.34 0.00
45 3.78 0.75 0.00
46 25.21 4.03 0.00
47 3.77 0.64 0.00
48 22.48 22.74 0.00
49 26.72 12.35 0.00
50 3.76 0.75 0.00
51 21.64 14.18 0.00
52 8.06 0.87 0.00
53 17.87 12.04 0.00
54 4.37 0.80 0.00
55 4.90 4.25 0.00
56 73.95 58.31 0.00
57 31.90 33.02 0.00
58 46.54 42.37 0.00
59 11.56 1.44 0.00
60 3.63 0.75 0.00
61 12.70 2.79 0.00
62 14.07 11.11 0.00
63 51.22 22.47 0.00
64 15.89 0.79 0.00
65 13.62 11.11 0.00
66 23.83 9.61 0.00
67 33.82 19.78 0.00
68 16.08 4.89 0.00
69 21.94 12.74 0.00
70 21.29 22.18 0.00
71 21.20 13.89 0.00
72 18.41 11.81 0.00
73 6.84 0.83 0.00
74 24.99 9.22 0.00
75 15.56 2.46 0.00
76 98.80 176.56 0.00
77 6.66 16.65 0.00
78 9.76 1.36 0.00
79 13.27 1.25 0.00
80 4.76 0.85 0.00
81 12.16 3.45 0.00
82 2.88 0.53 0.00
83 8.29 1.21 0.00
84 3.31 0.64 0.00
85 3.69 0.53 0.00
86 20.65 3.72 0.00
87 4.00 0.77 0.00
88 20.37 21.39 0.00
89 12.52 2.36 0.00
90 12.29 11.72 0.00
91 27.92 24.20 0.00
92 4.21 0.75 0.00
93 22.43 12.22 0.00
94 14.04 11.59 0.00
95 3.80 3.85 0.00
96 20.51 3.54 0.00
97 3.25 0.43 0.00
98 20.38 22.45 0.00
99 12.99 1.33 0.00
100 2.70 0.43 0.00
101 28.94 21.84 0.00
102 11.85 11.48 0.00
103 13.17 8.65 0.00
104 9.52 0.89 0.00
105 23.37 0.83 0.00
106 22.73 3.47 0.00
107 32.99 74.15 0.00
108 16.66 14.66 0.00
109 11.44 0.99 0.00
110 11.71 11.66 0.00
111 21.56 13.61 0.00
112 3.95 0.55 0.00
113 7.81 1.06 0.00
114 3.81 0.60 0.00
115 2.25 0.43 0.00
116 20.34 3.93 0.00
117 3.83 0.81 0.00
118 2.81 0.85 0.00
119 12.36 1.44 0.00
120 3.81 0.70 0.00
121 10.57 3.03 0.00
122 2.39 0.49 0.00
123 9.37 1.20 0.00
124 8.12 0.91 0.00
125 3.20 0.75 0.00
126 20.56 3.57 0.00
127 19.69 24.14 0.00
128 37.38 35.20 0.00
129 11.98 4.14 0.00
130 1.47 0.32 0.00
131 20.17 13.54 0.00
132 4.76 0.81 0.00
133 6.42 0.83 0.00
134 3.81 0.75 0.00
135 3.44 0.53 0.00
136 34.83 24.44 0.00
137 3.67 0.81 0.00
138 12.48 1.92 0.00
139 12.86 1.10 0.00
140 12.17 11.32 0.00
141 11.98 3.02 0.00
142 2.10 0.43 0.00
143 4.11 0.75 0.00
144 26.17 23.17 0.00
145 2.36 0.32 0.00
146 21.28 3.78 0.00
147 3.76 0.75 0.00
148 3.38 0.71 0.00
149 28.96 22.70 0.00
150 12.34 11.58 0.00
151 21.40 14.20 0.00
152 2.30 0.43 0.00
153 12.70 1.36 0.00
154 13.41 8.26 0.00
155 4.49 4.17 0.00
156 29.43 14.54 0.00
157 2.88 0.43 0.00
158 3.57 1.03 0.00
159 13.20 1.33 0.00
160 2.89 0.49 0.00
161 12.88 3.77 0.00
162 3.70 0.81 0.00
163 15.90 11.66 0.00
164 11.70 5.29 0.00
165 3.79 6.97 0.00
166 27.63 13.45 0.00
167 3.76 0.75 0.00
168 19.72 12.60 0.00
169 28.28 19.50 0.00
170 3.19 3.70 0.00
171 24.48 11.31 0.00
172 2.16 3.59 0.00
173 6.48 0.68 0.00
174 14.71 11.89 0.00
175 3.12 0.53 0.00
176 19.86 3.61 0.00
177 4.82 0.64 0.00
178 2.21 0.85 0.00
179 28.71 22.09 0.00
180 12.20 10.89 0.00
181 10.77 3.07 0.00
182 11.24 10.97 0.00
183 14.06 1.34 0.00
184 3.32 0.51 0.00
185 3.89 0.64 0.00
186 39.08 24.83 0.00
187 2.98 0.43 0.00
188 3.46 1.03 0.00
189 12.40 8.68 0.00
190 11.71 3.00 0.00
191 12.49 11.74 0.00
192 6.72 0.68 0.00
193 11.24 11.19 0.00
194 20.03 22.26 0.00
195 27.46 13.52 0.00
196 4.40 1.12 0.00
197 31.06 27.52 0.00
198 8.19 7.08 0.00
199 10.66 1.10 0.00
200 10.82 2.27 0.00
201 2.33 0.43 0.00
202 9.69 1.30 0.00
203 2.98 0.53 0.00
204 11.73 11.36 0.00
205 29.35 14.49 0.00
206 7.96 3.85 0.00
207 6.67 2.09 0.00
208 8.14 1.10 0.00
209 8.69 0.72 0.00
210 11.72 3.07 0.00
211 11.96 11.70 0.00
212 13.06 1.11 0.00
213 5.06 0.62 0.00
214 3.83 0.75 0.00
215 23.03 4.14 0.00
216 1.47 0.32 0.00
217 12.19 11.99 0.00
218 13.27 1.33 0.00
219 2.19 0.43 0.00
220 20.52 14.30 0.00
221 19.95 22.18 0.00
222 14.51 10.96 0.00
223 12.29 11.82 0.00
224 4.33 0.75 0.00
225 27.78 10.99 0.00
226 3.74 3.54 0.00
227 27.12 22.25 0.00
228 12.08 1.14 0.00
229 12.85 12.37 0.00
230 11.99 3.32 0.00
231 11.10 11.36 0.00
232 8.24 0.93 0.00
233 3.49 0.75 0.00
234 2.66 0.53 0.00
235 31.34 15.39 0.00
236 11.58 11.50 0.00
237 3.04 0.71 0.00
238 17.01 11.08 0.00
239 2.96 0.55 0.00
240 16.18 3.36 0.00
241 4.22 0.81 0.00
242 14.40 1.45 0.00
243 19.86 21.03 0.00
244 14.41 5.00 0.00
245 21.25 10.12 0.00
246 11.47 10.88 0.00
247 13.67 11.02 0.00
248 8.84 3.52 0.00
249 4.58 0.75 0.00
250 15.98 3.10 0.00
251 7.28 1.00 0.00
252 17.63 12.33 0.00
253 14.49 1.27 0.00
254 3.12 0.64 0.00
255 20.32 13.73 0.00
256 3.09 0.43 0.00
257 8.00 1.04 0.00
258 20.43 22.44 0.00
259 2.77 0.43 0.00
260 20.69 3.65 0.00
261 2.87 0.43 0.00
262 13.73 11.44 0.00
263 13.00 1.33 0.00
264 11.74 10.89 0.00
265 11.06 3.74 0.00
266 20.78 22.86 0.00
267 14.55 1.51 0.00
268 3.58 0.41 0.00
269 2.17 0.43 0.00
270 20.47 3.29 0.00
271 10.87 11.19 0.00
272 37.11 38.14 0.00
273 22.81 18.80 0.00
274 1.55 0.53 0.00
275 20.78 14.34 0.00
276 3.60 0.81 0.00
277 6.48 0.78 0.00
278 12.60 11.81 0.00
279 3.69 0.64 0.00
280 18.65 3.44 0.00
281 5.55 0.81 0.00
282 9.95 1.65 0.00
283 21.34 0.99 0.00
284 13.57 22.60 0.00
285 11.45 3.09 0.00
286 10.51 11.39 0.00
287 8.78 0.83 0.00
288 2.76 0.53 0.00
289 2.76 0.53 0.00
290 21.51 3.97 0.00
291 3.25 0.64 0.00
292 2.43 0.81 0.00
293 21.27 5.66 0.00
294 19.17 8.78 0.00
295 19.09 9.78 0.00
296 6.10 24.55 0.00
297 22.21 12.46 0.00
298 4.03 0.66 0.00
299 12.71 11.51 0.00
300 18.61 3.23 0.00
301 2.87 0.43 0.00
302 20.90 19.40 0.00
303 20.45 15.16 0.00
304 11.28 11.19 0.00
305 12.59 3.66 0.00
306 3.67 0.75 0.00
307 7.64 0.85 0.00
308 3.71 0.74 0.00
309 11.91 11.58 0.00
310 19.91 3.29 0.00
311 3.83 0.64 0.00
312 7.96 1.36 0.00
313 20.97 11.45 0.00
314 4.11 0.64 0.00
315 13.56 3.56 0.00
316 10.99 11.55 0.00
317 9.12 1.21 0.00
318 2.65 0.53 0.00
319 11.55 11.70 0.00
320 17.25 3.32 0.00
321 7.51 0.79 0.00
322 2.10 0.25 0.00
323 22.04 12.45 0.00
324 11.70 8.33 0.00
325 11.11 6.02 0.00
326 13.24 12.01 0.00
327 20.74 12.09 0.00
328 30.35 29.59 0.00
329 4.17 4.08 0.00
330 16.49 3.70 0.00
331 14.39 11.47 0.00
332 4.07 0.75 0.00
333 8.27 0.83 0.00
334 6.79 0.72 0.00
335 12.26 3.22 0.00
336 3.81 0.38 0.00
337 32.42 33.50 0.00
338 4.80 0.98 0.00
339 20.19 22.00 0.00
340 19.44 3.56 0.00
341 4.19 0.75 0.00
342 7.91 0.83 0.00
343 21.50 12.01 0.00
344 4.30 0.75 0.00
345 11.12 3.17 0.00
346 1.83 0.43 0.00
347 8.89 1.10 0.00
348 2.56 0.32 0.00
349 2.62 0.38 0.00
350 21.11 3.93 0.00
351 11.60 4.82 0.00
352 10.51 4.65 0.00
353 21.10 5.53 0.00
354 14.29 0.79 0.00
355 18.61 42.80 0.00
356 4.35 3.11 0.00
357 30.43 19.59 0.00
358 10.54 14.60 0.00
359 6.92 0.87 0.00
360 20.14 3.83 0.00
361 35.59 42.98 0.00
362 3.90 0.43 0.00
363 19.80 8.72 0.00
364 3.28 3.70 0.00
365 12.89 2.77 0.00
366 3.35 0.64 0.00
367 3.09 0.66 0.00
368 7.97 0.89 0.00
369 2.76 0.43 0.00
370 19.79 3.33 0.00
371 4.16 0.73 0.00
372 9.09 0.94 0.00
373 20.91 12.23 0.00
374 3.24 0.64 0.00
375 11.36 2.64 0.00
376 2.19 0.28 0.00
377 16.02 11.96 0.00
378 3.64 0.53 0.00
379 11.59 8.12 0.00
380 21.27 7.01 0.00
381 11.78 10.79 0.00
382 10.83 11.49 0.00
383 12.85 1.40 0.00
384 12.22 11.61 0.00
385 28.54 24.41 0.00
386 28.55 32.80 0.00
387 7.98 0.90 0.00
388 1.72 0.17 0.00
389 3.14 0.53 0.00
390 24.00 3.83 0.00
391 1.38 0.17 0.00
392 16.42 11.74 0.00
393 30.50 19.83 0.00
394 18.61 21.92 0.00
395 12.84 6.46 0.00
396 4.11 0.49 0.00
397 16.01 11.92 0.00
398 12.29 11.30 0.00
399 12.43 11.19 0.00
400 20.60 3.46 0.00
401 4.64 0.75 0.00
402 7.95 0.96 0.00
403 12.96 1.16 0.00
404 7.25 1.04 0.00
405 12.02 3.13 0.00
406 1.99 0.32 0.00
407 11.93 5.13 0.00
408 8.35 6.90 0.00
409 11.56 11.39 0.00
410 21.34 3.52 0.00
411 1.97 0.43 0.00
412 1.59 0.21 0.00
413 8.09 0.83 0.00
414 1.56 0.32 0.00
415 9.46 2.47 0.00
416 4.33 0.71 0.00
417 15.38 1.33 0.00
418 13.94 10.99 0.00
419 4.59 1.22 0.00
420 20.19 3.59 0.00
421 9.32 1.18 0.00
422 15.80 12.21 0.00
423 19.55 8.50 0.00
424 3.90 3.59 0.00
425 21.44 13.20 0.00
426 2.68 0.21 0.00
427 33.06 33.54 0.00
428 22.64 22.65 0.00
429 10.98 11.19 0.00
430 19.91 3.23 0.00
431 13.60 11.78 0.00
432 23.51 22.06 0.00
433 15.21 1.21 0.00
434 5.35 1.04 0.00
435 10.72 2.36 0.00
436 4.40 0.21 0.00
437 9.18 1.21 0.00
438 11.91 11.57 0.00
439 4.28 0.38 0.00
440 21.76 3.83 0.00
441 12.43 11.19 0.00
442 17.35 10.81 0.00
443 13.22 1.44 0.00
444 3.90 0.53 0.00
445 11.54 2.70 0.00
446 4.39 0.85 0.00
447 13.33 1.29 0.00
448 7.71 11.81 0.00
449 3.77 0.64 0.00
450 20.92 3.73 0.00
451 2.14 0.34 0.00
452 14.11 11.81 0.00
453 21.79 12.08 0.00
454 9.99 10.98 0.00
455 12.78 3.15 0.00
456 3.39 0.32 0.00
457 14.18 11.64 0.00
458 4.86 0.80 0.00
459 2.99 0.43 0.00
460 27.55 14.29 0.00
461 13.28 11.67 0.00
462 13.49 8.35 0.00
463 11.31 4.10 0.00
464 21.99 22.76 0.00
465 22.55 13.96 0.00
466 10.03 11.09 0.00
467 9.12 1.10 0.00
468 11.26 8.13 0.00
469 11.20 14.15 0.00
470 29.44 11.14 0.00
471 9.83 13.64 0.00
472 2.29 0.43 0.00
473 12.63 1.22 0.00
474 2.52 0.43 0.00
475 11.45 2.51 0.00
476 4.52 0.75 0.00
477 21.74 11.60 0.00
478 13.36 4.80 0.00
479 5.08 0.77 0.00
480 27.84 22.02 0.00
481 8.82 4.60 0.00
482 8.05 7.27 0.00
483 12.30 1.01 0.00
484 3.86 0.53 0.00
485 13.36 3.41 0.00
486 2.35 0.28 0.00
487 6.60 0.69 0.00
488 4.33 0.59 0.00
489 2.21 0.43 0.00
490 45.04 35.96 0.00
491 12.67 11.04 0.00
492 5.54 0.72 0.00
493 12.03 0.89 0.00
494 7.20 0.96 0.00
495 11.85 3.30 0.00
496 10.27 7.91 0.00
497 8.89 4.06 0.00
498 2.04 0.32 0.00
499 2.13 0.32 0.00
500 21.16 3.20 0.00
501 3.40 0.49 0.00
502 12.30 7.57 0.00
503 12.27 4.50 0.00
504 11.03 11.71 0.00
505 12.01 3.03 0.00
506 21.75 22.17 0.00
507 9.62 0.93 0.00
508 4.64 0.51 0.00
509 7.23 0.83 0.00
510 28.43 14.62 0.00
511 2.82 0.39 0.00
512 12.55 11.50 0.00
513 11.87 1.01 0.00
514 12.48 11.61 0.00
515 20.90 14.04 0.00
516 11.54 11.42 0.00
517 8.20 0.60 0.00
518 12.42 11.82 0.00
519 27.80 29.76 0.00
520 29.44 17.60 0.00
521 3.77 0.60 0.00
522 5.96 0.68 0.00
523 21.49 11.80 0.00
524 11.90 11.26 0.00
525 13.33 3.24 0.00
526 1.37 0.17 0.00
527 7.58 0.93 0.00
528 11.11 11.09 0.00
529 10.55 11.00 0.00
530 21.28 4.17 0.00
531 11.44 11.42 0.00
532 1.49 0.21 0.00
533 12.50 1.40 0.00
534 10.77 11.29 0.00
535 10.12 2.96 0.00
536 2.30 0.38 0.00
537 11.29 0.93 0.00
538 5.10 0.47 0.00
539 3.14 0.70 0.00
540 15.74 3.15 0.00
541 6.32 0.68 0.00
542 3.19 0.49 0.00
543 10.94 0.97 0.00
544 2.43 0.43 0.00
545 21.86 7.85 0.00
546 11.29 17.80 0.00
547 32.09 30.37 0.00
548 3.34 3.59 0.00
549 2.09 0.43 0.00
550 25.98 13.86 0.00
551 5.15 0.92 0.00
552 15.48 11.04 0.00
553 14.70 1.72 0.00
554 5.10 0.66 0.00
555 7.96 2.00 0.00
556 5.79 1.07 0.00
557 15.57 11.34 0.00
558 10.62 8.01 0.00
559 3.81 3.49 0.00
560 25.45 13.48 0.00
561 14.87 12.10 0.00
562 3.14 0.32 0.00
563 20.17 8.50 0.00
564 12.20 11.23 0.00
565 17.04 15.63 0.00
566 15.29 9.10 0.00
567 13.54 4.53 0.00
568 5.02 0.55 0.00
569 2.33 0.52 0.00
570 14.41 1.81 0.00
571 16.72 12.57 0.00
572 11.71 11.19 0.00
573 11.66 0.86 0.00
574 2.66 0.32 0.00
575 5.39 1.33 0.00
576 7.22 1.27 0.00
577 7.02 0.63 0.00
578 19.66 21.96 0.00
579 11.16 7.81 0.00
580 14.25 5.01 0.00
581 8.19 1.61 0.00
582 4.92 0.74 0.00
583 23.15 12.19 0.00
584 11.31 11.29 0.00
585 4.45 0.79 0.00
586 10.14 2.65 0.00
587 16.01 8.52 0.00
588 1.92 3.65 0.00
589 11.19 8.05 0.00
590 22.47 15.74 0.00
591 10.31 2.21 0.00
592 2.21 0.32 0.00
593 20.24 11.33 0.00
594 3.05 0.32 0.00
595 21.37 21.71 0.00
596 10.84 2.25 0.00
597 19.95 8.09 0.00
598 6.40 3.79 0.00
599 3.21 0.53 0.00
600 10.40 0.86 0.00
601 20.72 14.93 0.00
602 8.78 0.87 0.00
603 10.62 1.14 0.00
604 7.23 7.89 0.00
605 19.83 25.13 0.00
606 11.38 2.90 0.00
607 8.11 0.83 0.00
608 11.47 11.15 0.00
609 2.76 0.43 0.00
610 7.50 0.83 0.00
611 24.75 14.31 0.00
612 21.51 21.22 0.00
613 26.04 12.77 0.00
614 2.82 0.49 0.00
615 2.53 0.43 0.00
616 13.64 2.77 0.00
617 7.58 0.89 0.00
618 16.47 11.82 0.00
619 3.60 0.49 0.00
620 11.47 1.22 0.00
621 15.20 13.36 0.00
622 3.98 0.60 0.00
623 19.81 11.85 0.00
624 3.73 0.42 0.00
625 11.97 8.19 0.00
626 11.38 6.30 0.00
627 11.16 0.98 0.00
628 6.32 0.74 0.00
629 2.17 0.32 0.00
630 12.73 0.91 0.00
631 13.06 2.89 0.00
632 33.68 30.19 0.00
633 13.75 4.31 0.00
634 3.34 0.64 0.00
635 10.67 11.20 0.00
636 12.77 2.66 0.00
637 16.28 8.59 0.00
638 7.29 4.03 0.00
639 13.34 0.83 0.00
640 10.15 1.28 0.00
641 28.91 38.14 0.00
642 13.45 2.00 0.00
643 17.62 1.54 0.00
644 5.39 0.49 0.00
645 2.66 0.49 0.00
646 14.61 2.76 0.00
647 13.86 1.36 0.00
648 13.00 1.16 0.00
649 3.75 0.70 0.00
650 11.64 1.12 0.00
651 15.10 2.77 0.00
652 9.56 1.65 0.00
653 14.24 1.62 0.00
654 2.09 0.43 0.00
655 8.09 1.04 0.00
656 25.32 3.60 0.00
657 24.38 2.36 0.00
658 9.39 0.99 0.00
659 4.03 0.53 0.00
660 12.84 1.31 0.00
661 16.85 2.91 0.00
662 4.69 1.25 0.00
663 41.21 90.32 0.00
664 7.28 7.15 0.00
665 3.55 0.75 0.00
666 47.87 49.61 0.00
667 13.51 6.26 0.00
668 6.43 7.08 0.00
669 4.63 0.64 0.00
670 10.75 1.22 0.00
671 10.34 2.64 0.00
672 11.68 1.43 0.00
673 9.17 1.08 0.00
674 3.87 0.64 0.00
675 3.46 0.43 0.00
676 15.93 3.27 0.00
677 8.16 1.51 0.00
678 2.33 0.53 0.00
679 4.83 0.85 0.00
680 9.88 1.33 0.00
681 9.55 2.51 0.00
682 5.91 1.30 0.00
683 9.87 1.33 0.00
684 4.07 0.53 0.00
685 4.98 0.85 0.00
686 10.41 2.38 0.00
687 13.93 1.86 0.00
688 4.97 0.97 0.00
689 3.78 0.64 0.00
690 9.77 1.12 0.00
691 10.94 2.53 0.00
692 5.66 1.20 0.00
693 10.27 1.18 0.00
694 3.72 0.85 0.00
695 3.13 0.64 0.00
696 6.32 1.46 0.00
697 4.37 1.15 0.00
698 5.68 1.26 0.00
699 7.96 1.34 0.00
700 4.29 0.85 0.00
701 6.84 1.56 0.00
702 10.42 1.50 0.00
703 7.15 1.26 0.00
704 4.72 0.96 0.00
705 2.31 0.43 0.00
706 6.91 1.71 0.00
707 9.09 1.28 0.00
708 8.12 1.47 0.00
709 6.75 1.43 0.00
710 6.88 0.72 0.00
711 5.29 1.29 0.00
712 4.21 1.03 0.00
713 6.05 1.05 0.00
714 3.70 0.98 0.00
715 2.58 0.60 0.00
716 6.56 1.33 0.00
717 10.34 1.31 0.00
718 5.35 1.17 0.00
719 9.27 1.96 0.00
720 6.54 0.93 0.00
721 6.21 0.98 0.00
722 4.85 1.21 0.00
723 5.16 1.05 0.00
724 7.98 1.67 0.00
725 3.69 0.64 0.00
726 3.09 0.60 0.00
727 6.83 1.41 0.00
728 4.63 1.03 0.00
729 7.12 1.76 0.00
730 6.64 0.83 0.00
731 3.35 0.64 0.00
732 25.62 2.99 0.00
733 8.10 1.28 0.00
734 6.95 1.53 0.00
735 3.06 0.53 0.00
736 3.80 0.64 0.00
737 6.81 1.48 0.00
738 5.16 1.11 0.00
739 7.57 1.82 0.00
740 22.81 2.46 0.00
741 3.81 0.64 0.00
742 16.83 2.73 0.00
743 9.04 1.65 0.00
744 7.33 1.77 0.00
745 3.73 0.64 0.00
746 4.39 0.64 0.00
747 15.40 1.83 0.00
748 8.28 1.63 0.00
749 8.99 1.71 0.00
750 6.23 0.93 0.00
751 3.55 0.75 0.00
752 13.18 6.32 0.00
753 8.14 1.71 0.00
754 7.34 1.71 0.00
755 3.02 0.64 0.00
756 7.04 1.03 0.00
757 5.27 1.20 0.00
758 7.19 1.71 0.00
759 7.00 1.50 0.00
760 9.82 1.37 0.00
761 3.94 0.53 0.00
762 12.94 1.77 0.00
763 14.40 2.65 0.00
764 7.84 1.71 0.00
765 3.58 0.64 0.00
766 7.07 1.04 0.00
767 7.92 1.04 0.00
768 8.41 2.19 0.00
769 7.67 1.52 0.00
770 4.11 0.75 0.00
771 2.59 0.64 0.00
772 3.77 1.07 0.00
773 15.54 2.94 0.00
774 6.18 1.80 0.00
775 2.98 0.64 0.00
776 3.99 0.75 0.00
777 9.63 1.09 0.00
778 9.83 2.06 0.00
779 7.60 1.65 0.00
780 6.40 0.89 0.00
781 4.24 0.68 0.00
782 4.15 1.07 0.00
783 8.44 2.19 0.00
784 6.99 1.71 0.00
785 4.70 0.70 0.00
786 31.87 3.34 0.00
787 7.14 1.22 0.00
788 9.29 2.16 0.00
789 12.88 2.26 0.00
790 10.71 1.33 0.00
791 4.40 0.64 0.00
792 9.65 1.52 0.00
793 21.00 3.17 0.00
794 7.02 1.78 0.00
795 4.07 0.60 0.00
796 5.02 0.75 0.00
797 3.99 0.75 0.00
798 8.47 1.84 0.00
799 7.93 1.58 0.00
800 6.84 0.96 0.00
801 9.65 5.38 0.00
802 4.97 0.91 0.00
803 14.80 2.56 0.00
804 12.25 1.66 0.00
805 9.20 1.53 0.00
806 3.42 0.75 0.00
807 13.68 1.38 0.00
808 5.83 0.83 0.00
809 7.63 1.71 0.00
810 8.68 1.76 0.00
811 3.93 1.11 0.00
812 4.10 0.77 0.00
813 7.82 0.93 0.00
814 10.61 2.18 0.00
815 8.67 2.31 0.00
816 3.52 0.74 0.00
817 3.65 0.75 0.00
818 3.92 0.75 0.00
819 7.79 1.71 0.00
820 11.86 2.35 0.00
821 4.26 1.07 0.00
822 13.02 1.51 0.00
823 16.90 1.75 0.00
824 5.40 1.09 0.00
825 16.79 3.47 0.00
826 4.45 0.78 0.00
827 8.91 1.04 0.00
828 3.18 0.64 0.00
829 6.82 1.26 0.00
830 15.45 2.97 0.00
831 3.08 1.00 0.00
832 4.03 0.77 0.00
833 7.87 1.00 0.00
834 4.49 1.32 0.00
835 14.38 3.34 0.00
836 7.74 1.00 0.00
837 12.78 1.42 0.00
838 5.16 0.83 0.00
839 6.12 1.20 0.00
840 16.47 3.52 0.00
841 4.38 1.03 0.00
842 2.96 0.70 0.00
843 7.32 1.41 0.00
844 7.30 2.10 0.00
845 8.99 2.42 0.00
846 5.44 1.61 0.00
847 8.47 1.39 0.00
848 7.25 1.04 0.00
849 5.79 1.03 0.00
850 9.97 2.16 0.00
851 10.65 1.68 0.00
852 10.56 1.61 0.00
853 13.25 1.25 0.00
854 9.54 1.62 0.00
855 9.00 2.14 0.00
856 4.50 0.64 0.00
857 9.46 1.66 0.00
858 3.59 0.49 0.00
859 5.97 1.08 0.00
860 17.82 3.01 0.00
861 3.04 0.75 0.00
862 7.82 1.45 0.00
863 8.57 1.09 0.00
864 6.87 1.83 0.00
865 10.60 2.33 0.00
866 3.26 0.53 0.00
867 13.52 1.45 0.00
868 8.02 0.70 0.00
869 5.56 1.42 0.00
870 18.16 3.09 0.00
871 3.77 0.92 0.00
872 4.86 1.33 0.00
873 6.35 1.24 0.00
874 8.32 1.80 0.00
875 9.84 2.46 0.00
876 2.96 0.63 0.00
877 10.13 2.27 0.00
878 6.93 1.54 0.00
879 8.26 1.49 0.00
880 27.81 7.73 0.00
881 4.57 1.22 0.00
882 10.36 1.07 0.00
883 12.45 1.97 0.00
884 8.71 2.18 0.00
885 12.19 3.73 0.00
886 4.28 1.36 0.00
887 9.34 2.53 0.00
888 4.85 1.67 0.00
889 8.08 2.60 0.00
890 18.10 3.21 0.00
891 2.94 0.79 0.00
892 4.67 1.44 0.00
893 12.57 1.69 0.00
894 7.11 1.52 0.00
895 8.13 2.08 0.00
896 3.42 0.85 0.00
897 15.03 1.85 0.00
898 6.84 1.97 0.00
899 6.77 1.73 0.00
900 12.94 1.63 0.00
901 9.94 2.36 0.00
902 6.03 2.15 0.00
903 10.82 1.22 0.00
904 8.78 1.97 0.00
905 4.78 0.98 0.00
906 8.17 2.41 0.00
907 8.59 1.10 0.00
908 4.36 0.73 0.00
909 8.92 2.49 0.00
910 8.44 1.15 0.00
911 8.41 2.03 0.00
912 13.33 1.61 0.00
913 13.22 1.35 0.00
914 7.96 1.93 0.00
915 5.28 1.11 0.00
916 6.71 1.99 0.00
917 7.95 1.14 0.00
918 4.96 1.51 0.00
919 8.91 2.88 0.00
920 22.86 6.51 0.00
921 10.02 2.69 0.00
922 4.49 1.05 0.00
923 20.42 5.63 0.00
924 7.10 2.18 0.00
925 6.95 1.26 0.00
926 6.58 1.69 0.00
927 12.99 1.34 0.00
928 6.15 0.94 0.00
929 5.75 1.71 0.00
930 12.61 1.74 0.00
931 6.44 1.29 0.00
932 5.31 1.27 0.00
933 8.50 1.25 0.00
934 13.64 2.76 0.00
935 4.29 1.35 0.00
936 2.51 0.53 0.00
937 10.31 1.65 0.00
938 4.31 1.11 0.00
939 6.92 1.63 0.00
940 17.78 3.34 0.00
941 12.29 5.08 0.00
942 10.00 1.50 0.00
943 18.61 2.28 0.00
944 8.27 2.17 0.00
945 14.07 6.13 0.00
946 5.62 1.39 0.00
947 9.77 1.54 0.00
948 2.04 0.53 0.00
949 7.74 2.16 0.00
950 12.05 1.91 0.00
951 7.19 1.03 0.00
952 4.64 1.16 0.00
953 13.04 1.43 0.00
954 6.01 1.46 0.00
955 2.17 0.53 0.00
956 4.68 0.96 0.00
957 15.63 2.07 0.00
958 6.00 1.18 0.00
959 9.44 2.52 0.00
960 7.27 1.18 0.00
961 11.04 1.86 0.00
962 2.21 1.21 0.00
963 12.04 1.33 0.00
964 8.81 2.19 0.00
965 4.65 1.47 0.00
966 6.22 1.41 0.00
967 8.64 1.55 0.00
968 4.38 1.26 0.00
969 7.17 1.85 0.00
970 11.25 1.18 0.00
971 9.70 2.45 0.00
972 9.15 1.45 0.00
973 14.27 1.82 0.00
974 6.37 1.56 0.00
975 2.92 0.63 0.00
976 7.60 2.43 0.00
977 10.23 1.67 0.00
978 2.75 0.64 0.00
979 10.12 2.55 0.00
980 7.39 1.04 0.00
981 6.50 1.64 0.00
982 8.11 1.51 0.00
983 15.58 1.88 0.00
984 8.25 2.25 0.00
985 15.16 6.40 0.00
986 7.03 1.02 0.00
987 15.71 1.83 0.00
988 7.47 1.40 0.00
989 6.19 1.54 0.00
990 9.39 0.80 0.00
991 6.05 1.57 0.00
992 2.57 0.32 0.00
993 15.18 1.44 0.00
994 4.73 1.21 0.00
995 2.84 0.55 0.00
996 4.87 0.90 0.00
997 9.33 1.51 0.00
998 7.62 2.02 0.00
999 5.10 0.94 0.00
1000 10.17 1.18 0.00
1001 5.02 1.04 0.00
1002 9.14 1.13 0.00
1003 11.84 1.49 0.00
1004 10.30 1.64 0.00
1005 2.77 0.42 0.00
1006 7.46 1.98 0.00
1007 8.72 1.36 0.00
1008 4.57 0.92 0.00
1009 6.70 1.53 0.00
1010 2.36 0.32 0.00
1011 7.06 1.76 0.00
1012 5.22 1.34 0.00
1013 12.78 1.59 0.00
1014 5.95 1.38 0.00
1015 6.69 3.50 0.00
1016 5.71 1.09 0.00
1017 19.32 2.15 0.00
1018 12.19 5.60 0.00
1019 7.34 1.48 0.00
1020 15.83 5.60 0.00
1021 7.97 1.15 0.00
1022 5.28 1.36 0.00
1023 17.09 2.50 0.00
1024 15.80 6.73 0.00
1025 16.27 6.49 0.00
1026 2.61 0.53 0.00
1027 9.49 1.70 0.00
1028 12.43 1.42 0.00
1029 5.55 1.85 0.00
1030 11.04 1.22 0.00
1031 3.15 0.69 0.00
1032 13.03 2.19 0.00
1033 12.31 1.85 0.00
1034 5.72 1.61 0.00
1035 3.58 0.80 0.00
1036 3.20 0.43 0.00
1037 11.69 1.60 0.00
1038 6.95 1.47 0.00
1039 8.68 2.66 0.00
1040 11.12 1.11 0.00
1041 3.67 0.43 0.00
1042 5.20 1.26 0.00
1043 15.51 3.22 0.00
1044 8.18 2.24 0.00
1045 7.30 2.55 0.00
1046 3.44 0.77 0.00
1047 11.54 1.60 0.00
1048 13.51 1.99 0.00
1049 7.17 2.02 0.00
1050 7.19 0.86 0.00
1051 4.69 0.83 0.00
1052 3.07 0.94 0.00
1053 11.16 1.27 0.00
1054 18.73 10.36 0.00
1055 12.87 2.17 0.00
1056 6.68 1.00 0.00
1057 10.18 1.94 0.00
1058 4.62 0.94 0.00
1059 7.67 1.31 0.00
1060 10.49 2.13 0.00
1061 15.10 5.86 0.00
1062 20.89 6.41 0.00
1063 12.31 2.21 0.00
1064 14.37 2.94 0.00
1065 4.92 1.22 0.00
1066 13.59 5.76 0.00
1067 4.45 1.03 0.00
1068 6.04 1.38 0.00
1069 4.05 0.73 0.00
1070 12.92 1.54 0.00
1071 2.71 0.65 0.00
1072 7.37 1.91 0.00
1073 14.42 2.21 0.00
1074 6.25 2.04 0.00
1075 10.64 4.91 0.00
1076 3.18 0.49 0.00
1077 17.58 2.95 0.00
1078 8.31 1.45 0.00
1079 4.24 0.94 0.00
1080 7.48 1.02 0.00
1081 3.82 0.53 0.00
1082 6.01 1.39 0.00
1083 4.36 0.81 0.00
1084 4.84 0.75 0.00
1085 13.99 2.31 0.00
1086 40.53 12.46 0.00
1087 8.36 1.60 0.00
1088 5.83 1.28 0.00
1089 13.56 5.72 0.00
1090 13.97 1.89 0.00
1091 3.86 0.96 0.00
1092 11.04 1.56 0.00
1093 11.66 1.71 0.00
1094 2.79 0.64 0.00
1095 5.11 0.90 0.00
1096 6.15 1.15 0.00
1097 8.35 1.30 0.00
1098 6.17 1.07 0.00
1099 4.29 0.60 0.00
1100 10.30 1.86 0.00
1101 17.63 6.61 0.00
1102 5.72 1.24 0.00
1103 8.78 1.58 0.00
1104 4.35 0.64 0.00
1105 7.62 1.88 0.00
1106 2.22 0.28 0.00
1107 13.08 1.84 0.00
1108 6.71 1.07 0.00
1109 2.21 0.43 0.00
1110 7.13 1.71 0.00
1111 11.71 1.14 0.00
1112 12.55 3.03 0.00
1113 7.79 1.65 0.00
1114 3.21 0.75 0.00
1115 10.06 1.61 0.00
1116 6.70 1.32 0.00
1117 7.63 1.87 0.00
1118 11.17 1.76 0.00
1119 4.08 0.75 0.00
1120 10.26 2.14 0.00
1121 24.75 7.05 0.00
1122 18.30 3.43 0.00
1123 21.14 6.57 0.00
1124 3.64 0.70 0.00
1125 4.78 1.27 0.00
1126 4.82 1.33 0.00
1127 8.99 1.51 0.00
1128 4.59 1.05 0.00
1129 4.55 0.98 0.00
1130 9.83 1.67 0.00
1131 8.09 1.78 0.00
1132 5.71 1.39 0.00
1133 9.00 1.36 0.00
1134 5.29 1.11 0.00
1135 5.75 1.50 0.00
1136 5.37 1.33 0.00
1137 15.39 1.79 0.00
1138 7.98 1.66 0.00
1139 5.06 1.09 0.00
1140 20.27 2.71 0.00
1141 5.53 1.26 0.00
1142 5.01 1.26 0.00
1143 11.49 1.74 0.00
1144 8.67 1.58 0.00
1145 2.70 0.53 0.00
1146 6.38 1.52 0.00
1147 9.56 1.54 0.00
1148 5.15 1.18 0.00
1149 4.74 1.22 0.00
1150 7.76 1.14 0.00
1151 6.13 1.78 0.00
1152 16.29 2.31 0.00
1153 12.04 1.83 0.00
1154 3.90 1.03 0.00
1155 3.25 0.64 0.00
1156 7.54 1.91 0.00
1157 5.35 1.28 0.00
1158 12.49 2.13 0.00
1159 5.94 1.33 0.00
1160 11.55 1.43 0.00
1161 5.85 1.22 0.00
1162 7.86 1.91 0.00
1163 5.78 1.33 0.00
1164 5.75 1.22 0.00
1165 7.17 1.04 0.00
1166 4.94 1.67 0.00
1167 19.96 2.79 0.00
1168 6.58 1.09 0.00
1169 4.74 1.13 0.00
1170 7.54 0.93 0.00
1171 4.62 1.13 0.00
1172 6.38 1.01 0.00
1173 9.17 1.28 0.00
1174 9.72 1.80 0.00
1175 7.05 1.01 0.00
1176 4.32 0.60 0.00
1177 13.34 2.88 0.00
1178 5.90 1.03 0.00
1179 5.11 1.03 0.00
1180 10.07 1.96 0.00
1181 7.28 1.00 0.00
1182 15.20 2.77 0.00
1183 11.10 1.79 0.00
1184 5.66 1.19 0.00
1185 3.25 0.64 0.00
1186 4.39 0.85 0.00
1187 12.51 2.41 0.00
1188 7.91 1.06 0.00
1189 5.94 1.20 0.00
1190 7.91 0.83 0.00
1191 4.03 1.12 0.00
1192 9.61 1.99 0.00
1193 12.64 2.48 0.00
1194 4.80 1.11 0.00
1195 3.83 0.85 0.00
1196 6.57 0.93 0.00
1197 14.94 2.12 0.00
1198 11.10 2.46 0.00
1199 5.28 1.07 0.00
1200 6.17 0.89 0.00
1201 9.75 1.67 0.00
1202 5.20 1.27 0.00
1203 14.85 2.77 0.00
1204 6.34 1.43 0.00
1205 3.13 1.14 0.00
1206 2.95 0.60 0.00
1207 8.22 1.58 0.00
1208 8.79 2.19 0.00
1209 4.16 1.05 0.00
1210 4.76 0.84 0.00
1211 3.96 0.64 0.00
1212 10.25 1.43 0.00
1213 18.47 2.90 0.00
1214 14.30 2.13 0.00
1215 5.17 1.51 0.00
1216 4.25 0.99 0.00
1217 10.47 1.67 0.00
1218 9.78 2.15 0.00
1219 6.10 1.26 0.00
1220 6.52 1.04 0.00
1221 7.99 0.93 0.00
1222 6.00 1.22 0.00
1223 16.54 3.07 0.00
1224 5.84 1.36 0.00
1225 6.33 2.24 0.00
1226 6.76 2.22 0.00
1227 15.76 1.89 0.00
1228 10.87 2.17 0.00
1229 6.84 1.98 0.00
1230 9.37 1.54 0.00
1231 3.70 0.74 0.00
1232 10.81 2.33 0.00
1233 17.08 2.85 0.00
1234 7.86 1.80 0.00
1235 2.59 0.64 0.00
1236 7.70 1.73 0.00
1237 11.00 2.46 0.00
1238 8.41 2.19 0.00
1239 6.25 1.22 0.00
1240 14.67 2.13 0.00
1241 5.52 1.30 0.00
1242 11.59 1.77 0.00
1243 16.80 3.04 0.00
1244 8.19 2.24 0.00
1245 4.81 1.48 0.00
1246 6.64 1.71 0.00
1247 22.47 7.53 0.00
1248 6.31 1.84 0.00
1249 9.74 2.24 0.00
1250 7.51 1.46 0.00
1251 5.41 1.60 0.00
1252 23.05 6.62 0.00
1253 15.46 1.87 0.00
1254 4.39 1.05 0.00
1255 3.28 1.25 0.00
1256 11.35 2.79 0.00
1257 25.63 7.21 0.00
1258 7.82 1.79 0.00
1259 12.80 2.11 0.00
1260 9.74 4.70 0.00
1261 8.33 0.87 0.00
1262 6.26 1.38 0.00
1263 21.52 5.09 0.00
1264 6.42 1.57 0.00
1265 2.99 0.52 0.00
1266 8.93 1.10 0.00
1267 15.19 6.61 0.00
1268 9.50 3.02 0.00
1269 5.07 1.23 0.00
1270 12.30 1.18 0.00
1271 3.20 0.52 0.00
1272 10.14 1.43 0.00
1273 13.08 2.04 0.00
1274 12.46 2.71 0.00
1275 5.86 1.23 0.00
1276 9.50 1.51 0.00
1277 6.39 1.80 0.00
1278 6.04 1.52 0.00
1279 8.68 1.78 0.00
1280 15.33 2.46 0.00
1281 4.07 0.79 0.00
1282 15.70 5.93 0.00
1283 24.46 6.98 0.00
1284 6.28 1.69 0.00
1285 8.23 1.59 0.00
1286 17.86 6.01 0.00
1287 10.69 1.43 0.00
1288 8.52 1.41 0.00
1289 9.74 1.77 0.00
1290 10.41 1.95 0.00
1291 13.78 5.45 0.00
1292 9.73 1.23 0.00
1293 10.26 1.64 0.00
1294 19.78 7.39 0.00
1295 7.18 1.49 0.00
1296 11.61 1.27 0.00
1297 6.71 1.35 0.00
1298 5.51 1.18 0.00
1299 6.89 2.02 0.00
1300 12.98 1.34 0.00
1301 5.78 1.57 0.00
1302 12.48 1.96 0.00
1303 15.64 2.10 0.00
1304 6.81 1.73 0.00
1305 5.51 1.14 0.00
1306 11.24 1.86 0.00
1307 21.12 9.88 0.00
1308 13.84 2.12 0.00
1309 5.17 1.20 0.00
1310 11.74 1.82 0.00
1311 7.34 4.73 0.00
1312 5.12 0.96 0.00
1313 24.47 7.35 0.00
1314 4.74 1.31 0.00
1315 3.18 0.60 0.00
1316 3.52 0.76 0.00
1317 8.64 1.16 0.00
1318 7.71 1.12 0.00
1319 4.99 1.11 0.00
1320 10.90 1.27 0.00
1321 6.27 0.63 0.00
1322 5.13 1.05 0.00
1323 10.31 1.92 0.00
1324 8.20 1.30 0.00
1325 4.62 1.05 0.00
1326 6.17 0.64 0.00
1327 3.70 0.46 0.00
1328 6.25 1.52 0.00
1329 4.20 1.13 0.00
1330 11.10 1.81 0.00
1331 2.31 0.64 0.00
1332 11.92 1.44 0.00
1333 16.63 2.24 0.00
1334 3.72 1.01 0.00
1335 5.56 1.52 0.00
1336 3.24 0.42 0.00
1337 3.07 0.53 0.00
1338 8.13 1.82 0.00
1339 4.73 1.01 0.00
1340 10.80 1.69 0.00
1341 3.83 0.71 0.00
1342 9.05 1.12 0.00
1343 11.75 2.41 0.00
1344 4.97 1.18 0.00
1345 5.42 1.18 0.00
1346 5.69 0.58 0.00
1347 13.74 1.55 0.00
1348 10.05 3.07 0.00
1349 5.35 1.54 0.00
1350 8.21 1.71 0.00
1351 5.78 0.89 0.00
1352 2.75 0.60 0.00
1353 13.73 1.89 0.00
1354 9.84 2.18 0.00
1355 5.17 1.59 0.00
1356 9.13 1.50 0.00
1357 3.67 0.78 0.00
1358 5.50 1.43 0.00
1359 15.34 6.83 0.00
1360 7.60 2.04 0.00
1361 5.38 1.51 0.00
1362 10.47 1.29 0.00
1363 17.41 2.27 0.00
1364 8.90 2.96 0.00
1365 8.91 1.79 0.00
1366 8.74 0.81 0.00
1367 4.73 1.57 0.00
1368 5.02 1.13 0.00
1369 8.70 2.06 0.00
1370 14.18 2.80 0.00
1371 5.15 1.55 0.00
1372 3.89 0.99 0.00
1373 14.36 1.77 0.00
1374 5.91 1.54 0.00
1375 7.04 1.84 0.00
1376 8.20 0.85 0.00
1377 10.79 1.68 0.00
1378 26.56 10.99 0.00
1379 7.84 2.08 0.00
1380 17.22 6.39 0.00
1381 5.11 1.09 0.00
1382 3.05 0.70 0.00
1383 8.99 1.38 0.00
1384 7.26 1.58 0.00
1385 12.02 1.80 0.00
1386 8.19 1.00 0.00
1387 4.33 1.37 0.00
1388 4.21 0.96 0.00
1389 7.52 2.45 0.00
1390 12.67 1.87 0.00
1391 4.86 1.39 0.00
1392 13.54 1.73 0.00
1393 10.52 1.46 0.00
1394 8.39 2.55 0.00
1395 5.03 1.11 0.00
1396 9.97 1.68 0.00
1397 10.83 5.12 0.00
1398 5.95 1.24 0.00
1399 6.46 1.76 0.00
1400 4.66 1.22 0.00
1401 5.57 1.15 0.00
1402 10.66 1.49 0.00
1403 9.20 1.68 0.00
1404 11.53 2.33 0.00
1405 6.91 1.50 0.00
1406 9.96 2.64 0.00
1407 11.37 1.72 0.00
1408 7.42 1.28 0.00
1409 6.46 2.15 0.00
1410 9.94 1.64 0.00
1411 5.20 0.96 0.00
1412 3.47 0.91 0.00
1413 14.79 2.67 0.00
1414 9.66 2.26 0.00
1415 5.10 1.26 0.00
1416 10.34 1.42 0.00
1417 3.18 0.63 0.00
1418 5.22 1.12 0.00
1419 9.03 2.29 0.00
1420 15.11 2.73 0.00
1421 5.44 0.95 0.00
1422 9.60 1.20 0.00
1423 11.89 1.71 0.00
1424 9.26 2.63 0.00
1425 5.93 1.57 0.00
1426 7.16 1.56 0.00
1427 3.64 1.13 0.00
1428 5.54 1.13 0.00
1429 13.29 2.12 0.00
1430 10.22 1.96 0.00
1431 5.02 1.20 0.00
1432 4.13 1.36 0.00
1433 10.05 1.44 0.00
1434 13.12 1.85 0.00
1435 7.41 1.77 0.00
1436 6.03 1.55 0.00
1437 15.11 2.14 0.00
1438 6.43 1.22 0.00
1439 5.31 1.38 0.00
1440 14.40 2.55 0.00
1441 7.09 1.80 0.00
1442 3.41 0.64 0.00
1443 12.54 3.56 0.00
1444 8.24 1.82 0.00
1445 4.56 1.21 0.00
1446 6.44 1.73 0.00
1447 8.04 0.93 0.00
1448 4.83 1.19 0.00
1449 9.60 1.75 0.00
1450 15.84 2.48 0.00
1451 8.69 3.03 0.00
1452 8.34 0.98 0.00
1453 14.36 1.87 0.00
1454 5.52 1.53 0.00
1455 3.03 0.60 0.00
1456 12.89 2.38 0.00
1457 2.73 0.57 0.00
1458 5.66 1.29 0.00
1459 6.60 2.57 0.00
1460 11.56 2.57 0.00
1461 10.92 2.88 0.00
1462 3.29 0.63 0.00
1463 20.06 6.56 0.00
1464 18.53 6.29 0.00
1465 6.18 0.82 0.00
1466 11.00 2.02 0.00
1467 12.20 1.84 0.00
1468 6.62 1.45 0.00
1469 14.14 6.15 0.00
1470 8.21 0.95 0.00
1471 15.59 6.41 0.00
1472 5.89 0.89 0.00
1473 12.92 2.46 0.00
1474 4.56 1.19 0.00
1475 4.21 1.06 0.00
1476 15.22 2.51 0.00
1477 2.41 0.57 0.00
1478 7.33 1.85 0.00
1479 4.61 1.28 0.00
1480 6.58 0.78 0.00
1481 19.46 7.12 0.00
1482 15.75 1.90 0.00
1483 22.24 6.78 0.00
1484 7.03 1.25 0.00
1485 7.66 0.93 0.00
1486 4.75 1.21 0.00
1487 24.76 10.59 0.00
1488 7.90 1.94 0.00
1489 4.79 1.22 0.00
1490 11.20 1.15 0.00
1491 7.36 2.24 0.00
1492 7.93 1.54 0.00
1493 6.24 1.46 0.00
1494 6.18 1.84 0.00
1495 5.98 0.89 0.00
1496 8.61 1.55 0.00
1497 11.66 1.99 0.00
1498 10.98 1.80 0.00
1499 8.48 2.77 0.00
1500 10.92 1.28 0.00
1501 4.89 1.05 0.00
1502 5.58 1.43 0.00
1503 7.49 1.36 0.00
1504 7.30 1.53 0.00
1505 3.21 0.70 0.00
1506 7.49 1.51 0.00
1507 10.20 1.58 0.00
1508 5.68 1.30 0.00
1509 6.10 1.67 0.00
1510 10.79 1.18 0.00
1511 5.80 1.91 0.00
1512 15.74 2.47 0.00
1513 7.84 1.34 0.00
1514 7.17 1.69 0.00
1515 7.26 0.89 0.00
1516 8.75 2.73 0.00
1517 6.58 1.74 0.00
1518 5.10 1.20 0.00
1519 8.78 2.54 0.00
1520 16.21 2.05 0.00
1521 6.34 1.26 0.00
1522 7.54 2.27 0.00
1523 11.04 1.74 0.00
1524 9.01 2.19 0.00
1525 3.40 0.60 0.00
1526 5.87 1.61 0.00
1527 13.72 1.84 0.00
1528 10.86 1.57 0.00
1529 10.20 2.27 0.00
1530 12.06 1.45 0.00
1531 4.04 1.30 0.00
1532 9.60 1.68 0.00
1533 10.71 2.08 0.00
1534 2.58 0.63 0.00
1535 7.84 1.98 0.00
1536 5.33 1.15 0.00
1537 4.90 1.31 0.00
1538 6.41 1.75 0.00
1539 6.22 1.65 0.00
1540 12.64 1.98 0.00
1541 10.27 1.70 0.00
1542 17.00 2.60 0.00
1543 22.54 7.19 0.00
1544 4.24 0.75 0.00
1545 4.59 1.11 0.00
1546 5.56 1.14 0.00
1547 8.69 2.04 0.00
1548 6.74 2.11 0.00
1549 3.99 0.99 0.00
1550 17.04 2.10 0.00
1551 4.68 1.31 0.00
1552 9.73 1.60 0.00
1553 16.89 7.18 0.00
1554 2.71 0.64 0.00
1555 7.60 1.63 0.00
1556 9.91 1.25 0.00
1557 9.84 1.72 0.00
1558 8.01 1.76 0.00
1559 13.87 5.67 0.00
1560 12.67 1.73 0.00
1561 4.29 0.88 0.00
1562 8.65 1.35 0.00
1563 9.21 2.30 0.00
1564 8.00 1.52 0.00
1565 5.74 1.77 0.00
1566 8.73 0.99 0.00
1567 10.73 5.67 0.00
1568 13.17 3.01 0.00
1569 6.23 1.47 0.00
1570 7.82 1.22 0.00
1571 3.45 0.76 0.00
1572 14.61 1.52 0.00
1573 11.43 1.79 0.00
1574 11.04 5.20 0.00
1575 8.63 1.75 0.00
1576 8.72 1.26 0.00
1577 5.72 1.81 0.00
1578 16.61 6.38 0.00
1579 7.35 0.74 0.00
1580 9.30 1.53 0.00
1581 5.53 1.28 0.00
1582 10.77 1.69 0.00
1583 27.83 11.82 0.00
1584 5.34 0.84 0.00
1585 7.32 1.23 0.00
1586 6.23 0.72 0.00
1587 13.83 2.00 0.00
1588 6.46 1.31 0.00
1589 2.24 0.28 0.00
1590 7.83 1.23 0.00
1591 3.59 0.53 0.00
1592 14.65 2.47 0.00
1593 9.56 1.61 0.00
1594 3.35 0.77 0.00
1595 5.75 2.06 0.00
1596 3.38 0.53 0.00
1597 7.81 2.10 0.00
1598 26.79 10.52 0.00
1599 5.07 0.74 0.00
1600 8.90 1.90 0.00
1601 2.74 0.49 0.00
1602 11.17 1.80 0.00
1603 14.79 2.18 0.00
1604 6.37 1.36 0.00
1605 5.84 1.15 0.00
1606 9.29 4.60 0.00
1607 13.33 3.43 0.00
1608 7.65 1.81 0.00
1609 3.29 0.60 0.00
1610 7.87 1.41 0.00
1611 5.26 1.33 0.00
1612 11.19 1.87 0.00
1613 11.07 1.86 0.00
1614 4.11 0.84 0.00
1615 4.46 1.49 0.00
1616 9.11 1.47 0.00
1617 15.70 2.53 0.00
1618 8.25 1.56 0.00
1619 3.11 0.43 0.00
1620 8.56 1.62 0.00
1621 10.29 1.91 0.00
1622 10.55 2.43 0.00
1623 16.40 2.74 0.00
1624 4.69 1.09 0.00
1625 4.09 1.48 0.00
1626 6.50 1.69 0.00
1627 5.00 1.56 0.00
1628 8.10 2.63 0.00
1629 8.68 1.10 0.00
1630 12.74 2.34 0.00
1631 4.27 1.58 0.00
1632 11.98 1.87 0.00
1633 19.51 3.48 0.00
1634 7.86 5.18 0.00
1635 5.01 1.02 0.00
1636 10.72 1.92 0.00
1637 4.31 1.03 0.00
1638 10.19 2.75 0.00
1639 5.01 1.13 0.00
1640 7.56 0.72 0.00
1641 7.88 1.95 0.00
1642 6.58 1.40 0.00
1643 9.27 1.38 0.00
1644 8.80 1.87 0.00
1645 6.35 1.53 0.00
1646 10.72 2.30 0.00
1647 12.29 1.51 0.00
1648 8.17 1.89 0.00
1649 10.84 4.94 0.00
1650 16.47 3.85 0.00
1651 6.34 1.72 0.00
1652 2.54 0.66 0.00
1653 30.04 7.85 0.00
1654 2.62 0.93 0.00
1655 10.10 2.17 0.00
1656 13.58 2.56 0.00
1657 3.50 1.02 0.00
1658 3.53 0.87 0.00
1659 5.93 0.95 0.00
1660 10.29 1.99 0.00
1661 6.23 1.35 0.00
1662 12.01 2.11 0.00
1663 9.66 1.51 0.00
1664 6.77 1.02 0.00
1665 9.24 2.79 0.00
1666 25.70 7.91 0.00
1667 3.39 0.75 0.00
1668 4.94 1.15 0.00
1669 5.61 1.16 0.00
1670 8.29 1.51 0.00
1671 8.85 2.12 0.00
1672 3.21 0.75 0.00
1673 6.67 1.07 0.00
1674 3.66 0.70 0.00
1675 8.00 1.52 0.00
1676 13.99 2.97 0.00
1677 11.91 1.22 0.00
1678 6.99 1.51 0.00
1679 5.75 1.44 0.00
1680 10.60 1.68 0.00
1681 6.08 1.58 0.00
1682 20.69 3.36 0.00
1683 8.46 1.89 0.00
1684 3.56 0.70 0.00
1685 15.13 2.74 0.00
1686 9.77 1.75 0.00
1687 13.97 2.79 0.00
1688 5.24 1.09 0.00
1689 3.79 0.75 0.00
1690 7.20 1.60 0.00
1691 2.97 0.49 0.00
1692 17.70 3.01 0.00
1693 28.92 3.31 0.00
1694 2.74 0.53 0.00
1695 4.98 1.33 0.00
1696 7.52 1.22 0.00
1697 8.28 2.38 0.00
1698 6.80 1.65 0.00
1699 3.13 0.64 0.00
1700 7.86 1.12 0.00
1701 7.12 1.90 0.00
1702 11.45 2.03 0.00
1703 9.03 2.00 0.00
1704 4.79 0.70 0.00
1705 4.48 0.75 0.00
1706 8.74 1.44 0.00
1707 14.99 2.14 0.00
1708 9.59 1.82 0.00
1709 3.50 0.49 0.00
1710 5.50 1.04 0.00
1711 6.30 1.56 0.00
1712 11.14 2.05 0.00
1713 32.70 12.10 0.00
1714 4.32 0.70 0.00
1715 3.78 0.61 0.00
1716 6.57 1.65 0.00
1717 8.37 1.97 0.00
1718 7.43 1.54 0.00
1719 8.72 0.96 0.00
1720 7.25 1.18 0.00
1721 12.90 1.58 0.00
1722 16.96 2.61 0.00
1723 11.46 2.08 0.00
1724 4.12 0.60 0.00
1725 6.58 1.85 0.00
1726 11.00 2.22 0.00
1727 7.23 1.43 0.00
1728 6.78 1.52 0.00
1729 4.91 0.85 0.00
1730 11.34 1.92 0.00
1731 6.11 1.33 0.00
1732 10.66 1.68 0.00
1733 9.72 1.83 0.00
1734 4.62 1.09 0.00
1735 4.30 0.85 0.00
1736 10.40 1.77 0.00
1737 14.63 2.49 0.00
1738 9.03 2.13 0.00
1739 10.87 1.41 0.00
1740 7.50 1.38 0.00
1741 13.31 2.28 0.00
1742 7.83 1.22 0.00
1743 9.99 2.16 0.00
1744 4.29 0.85 0.00
1745 3.97 1.05 0.00
1746 7.64 1.90 0.00
1747 6.74 1.40 0.00
1748 8.70 2.06 0.00
1749 3.74 0.75 0.00
1750 9.01 1.53 0.00
1751 3.91 0.85 0.00
1752 14.40 1.81 0.00
1753 11.92 2.03 0.00
1754 3.33 0.63 0.00
1755 8.25 1.28 0.00
1756 8.71 2.05 0.00
1757 5.78 1.13 0.00
1758 6.66 1.75 0.00
1759 4.51 0.81 0.00
1760 11.08 1.57 0.00
1761 6.37 1.43 0.00
1762 11.10 1.62 0.00
1763 10.08 1.94 0.00
1764 4.77 0.70 0.00
1765 7.53 1.37 0.00
1766 7.52 2.40 0.00
1767 14.47 2.73 0.00
1768 9.21 2.26 0.00
1769 3.03 0.53 0.00
1770 12.40 1.78 0.00
1771 6.21 1.15 0.00
1772 8.45 1.10 0.00
1773 12.49 2.86 0.00
1774 4.14 0.83 0.00
1775 4.06 0.92 0.00
1776 9.38 2.16 0.00
1777 6.73 1.47 0.00
1778 6.88 2.59 0.00
1779 4.10 0.75 0.00
1780 8.53 1.56 0.00
1781 7.36 0.83 0.00
1782 14.47 2.43 0.00
1783 13.83 2.99 0.00
1784 3.48 0.64 0.00
1785 12.13 2.79 0.00
1786 6.69 1.59 0.00
1787 6.17 1.45 0.00
1788 8.69 2.26 0.00
1789 6.00 1.65 0.00
1790 13.19 1.71 0.00
1791 4.43 0.84 0.00
1792 10.47 1.45 0.00
1793 10.01 2.42 0.00
1794 7.07 0.92 0.00
1795 6.13 1.15 0.00
1796 4.18 0.66 0.00
1797 10.24 2.00 0.00
1798 13.38 2.97 0.00
1799 4.45 1.09 0.00
1800 14.09 2.34 0.00
1801 6.47 1.75 0.00
1802 10.04 1.94 0.00
1803 13.30 3.32 0.00
1804 4.79 8.80 0.00
1805 6.41 1.70 0.00
1806 6.30 1.49 0.00
1807 10.43 3.06 0.00
1808 11.40 3.18 0.00
1809 4.32 1.52 0.00
1810 14.01 1.93 0.00
1811 9.83 1.61 0.00
1812 15.55 1.84 0.00
1813 11.30 2.79 0.00
1814 3.53 1.32 0.00
1815 4.42 1.09 0.00
1816 6.47 1.49 0.00
1817 13.70 2.73 0.00
1818 6.29 1.83 0.00
1819 7.38 2.15 0.00
1820 10.95 1.94 0.00
1821 9.50 1.66 0.00
1822 10.89 1.75 0.00
1823 4.81 1.38 0.00
1824 7.10 1.65 0.00
1825 6.19 1.31 0.00
1826 5.12 1.02 0.00
1827 18.21 2.50 0.00
1828 13.11 2.06 0.00
1829 7.77 2.53 0.00
1830 18.22 2.82 0.00
1831 4.72 1.09 0.00
1832 11.20 2.46 0.00
1833 8.88 2.20 0.00
1834 12.02 1.87 0.00
1835 5.17 1.33 0.00
1836 5.28 1.00 0.00
1837 26.46 12.53 0.00
1838 4.10 1.05 0.00
1839 16.21 3.44 0.00
1840 9.04 1.68 0.00
1841 4.73 1.26 0.00
1842 20.04 2.79 0.00
1843 7.03 1.52 0.00
1844 7.05 1.57 0.00
1845 5.57 1.57 0.00
1846 4.99 0.89 0.00
1847 11.29 1.79 0.00
1848 6.27 1.72 0.00
1849 7.04 1.77 0.00
1850 10.83 1.85 0.00
1851 2.59 0.60 0.00
1852 6.52 1.33 0.00
1853 8.04 1.87 0.00
1854 5.76 1.61 0.00
1855 8.32 1.30 0.00
1856 4.98 0.85 0.00
1857 18.46 2.71 0.00
1858 7.37 1.70 0.00
1859 6.78 1.78 0.00
1860 8.10 1.68 0.00
1861 3.89 0.70 0.00
1862 6.88 1.49 0.00
1863 9.83 2.02 0.00
1864 7.73 2.01 0.00
1865 4.35 1.07 0.00
1866 4.10 0.85 0.00
1867 6.30 1.34 0.00
1868 4.62 1.15 0.00
1869 6.46 1.91 0.00
1870 10.33 1.78 0.00
1871 3.04 0.64 0.00
1872 13.45 2.30 0.00
1873 9.06 1.68 0.00
1874 6.00 1.78 0.00
1875 4.40 0.96 0.00
1876 7.08 1.00 0.00
1877 5.17 1.15 0.00
1878 4.62 1.15 0.00
1879 5.73 1.24 0.00
1880 14.62 2.95 0.00
1881 3.59 0.60 0.00
1882 8.09 1.47 0.00
1883 5.06 1.15 0.00
1884 5.30 1.22 0.00
1885 6.85 1.43 0.00
1886 7.36 1.35 0.00
1887 12.43 1.64 0.00
1888 11.12 1.75 0.00
1889 3.95 1.09 0.00
1890 8.97 1.74 0.00
1891 4.56 0.94 0.00
1892 5.46 1.28 0.00
1893 6.62 1.55 0.00
1894 4.96 1.13 0.00
1895 4.65 1.35 0.00
1896 11.39 1.74 0.00
1897 6.96 2.16 0.00
1898 5.19 1.26 0.00
1899 5.28 1.19 0.00
1900 9.18 2.08 0.00
1901 5.11 1.03 0.00
1902 12.77 1.75 0.00
1903 7.97 1.66 0.00
1904 5.12 1.09 0.00
1905 9.11 1.71 0.00
1906 7.11 1.53 0.00
1907 5.85 1.09 0.00
1908 6.58 1.13 0.00
1909 6.37 1.39 0.00
1910 9.13 1.74 0.00
1911 13.48 6.29 0.00
1912 7.69 1.47 0.00
1913 5.32 1.21 0.00
1914 9.64 1.84 0.00
1915 6.34 1.32 0.00
1916 7.13 1.35 0.00
1917 11.45 1.58 0.00
1918 7.60 1.43 0.00
1919 4.97 1.22 0.00
1920 8.17 1.74 0.00
1921 6.20 1.52 0.00
1922 7.42 1.45 0.00
1923 4.95 1.50 0.00
1924 10.35 1.71 0.00
1925 5.16 1.28 0.00
1926 6.34 1.30 0.00
1927 6.80 1.42 0.00
1928 4.96 1.09 0.00
1929 4.38 1.09 0.00
1930 10.08 1.82 0.00
1931 4.96 1.48 0.00
1932 14.67 2.68 0.00
1933 7.67 1.47 0.00
1934 4.77 1.27 0.00
1935 4.84 1.15 0.00
1936 7.62 1.60 0.00
1937 4.43 1.09 0.00
1938 4.65 1.09 0.00
1939 6.08 1.17 0.00
1940 12.19 2.03 0.00
1941 12.62 2.35 0.00
1942 9.30 2.11 0.00
1943 8.48 1.38 0.00
1944 5.50 1.12 0.00
1945 6.11 1.32 0.00
1946 7.00 1.49 0.00
1947 12.94 1.54 0.00
1948 7.03 1.30 0.00
1949 5.47 1.54 0.00
1950 11.14 1.97 0.00
1951 11.66 6.23 0.00
1952 6.92 1.45 0.00
1953 10.73 1.31 0.00
1954 6.21 1.73 0.00
1955 6.45 1.61 0.00
1956 7.43 1.61 0.00
1957 5.90 1.34 0.00
1958 5.30 1.15 0.00
1959 5.14 1.28 0.00
1960 9.91 2.51 0.00
1961 5.41 1.35 0.00
1962 13.15 1.96 0.00
1963 10.53 1.63 0.00
1964 6.04 1.58 0.00
1965 5.42 1.38 0.00
1966 13.34 2.37 0.00
1967 5.39 1.15 0.00
1968 4.43 0.96 0.00
1969 5.50 1.24 0.00
1970 9.17 1.74 0.00
1971 5.28 1.61 0.00
1972 7.95 2.37 0.00
1973 8.83 1.12 0.00
1974 5.68 1.58 0.00
1975 5.31 1.16 0.00
1976 8.53 1.67 0.00
1977 11.48 1.72 0.00
1978 7.46 1.80 0.00
1979 5.14 1.20 0.00
1980 17.76 29.89 0.00
1981 8.61 9.27 0.00
1982 4.64 1.31 0.00
1983 3.61 1.33 0.00
1984 10.37 1.50 0.00
1985 6.65 1.39 0.00
1986 4.21 0.77 0.00
1987 9.81 1.17 0.00
1988 2.96 0.64 0.00
1989 4.19 0.64 0.00
1990 4.84 0.85 0.00
1991 2.69 0.64 0.00
1992 10.34 1.09 0.00
1993 6.01 0.98 0.00
1994 2.70 0.64 0.00
1995 2.92 0.64 0.00
1996 4.29 0.85 0.00
1997 2.70 0.64 0.00
1998 2.86 0.64 0.00
1999 4.73 0.85 0.00
2000 3.15 0.64 0.00
2001 3.26 0.64 0.00
2002 4.88 0.85 0.00
2003 3.16 0.64 0.00
2004 3.42 0.64 0.00
2005 4.71 0.85 0.00
2006 3.15 0.64 0.00
2007 9.87 1.15 0.00
2008 5.38 0.87 0.00
2009 2.70 0.64 0.00
2010 3.47 0.64 0.00
2011 3.68 0.85 0.00
2012 2.81 0.64 0.00
2013 4.52 0.75 0.00
2014 4.07 0.81 0.00
2015 3.15 0.64 0.00
2016 3.71 0.64 0.00
2017 3.73 0.85 0.00
2018 3.19 0.64 0.00
2019 3.21 0.64 0.00
2020 3.84 0.85 0.00
2021 3.48 0.64 0.00
2022 9.31 1.09 0.00
2023 5.56 0.98 0.00
2024 3.37 0.64 0.00
