0 2.11 0.89 0.00
1 3.30 1.71 0.00
2 1.05 0.56 0.00
3 2.00 0.82 0.00
4 0.66 0.30 0.00
5 1.90 0.30 0.00
6 4.06 1.35 0.00
7 1.08 0.50 0.00
8 6.35 4.25 0.00
9 4.46 2.69 0.00
10 1.21 0.53 0.00
11 1.64 0.93 0.00
12 4.16 3.37 0.00
13 3.36 3.98 0.00
14 2.16 2.32 0.00
15 10.94 6.88 0.00
16 1.70 3.67 0.00
17 2.29 1.78 0.00
18 5.44 4.53 0.00
19 1.22 1.90 0.00
20 2.44 0.30 0.00
21 2.11 0.82 0.00
22 2.09 0.30 0.00
23 1.22 0.30 0.00
24 1.61 2.22 0.00
25 0.89 0.30 0.00
26 1.60 0.30 0.00
27 0.52 0.82 0.00
28 2.16 1.87 0.00
29 1.72 1.71 0.00
30 2.03 0.82 0.00
31 1.17 0.59 0.00
32 2.57 3.34 0.00
33 1.93 0.82 0.00
34 1.26 2.03 0.00
35 1.44 0.30 0.00
36 2.76 0.82 0.00
37 1.29 3.50 0.00
38 20.19 10.88 0.00
39 89118.05 199.16 0.00
40 3.28 2.15 0.00
41 6.43 5.98 0.00
42 1.49 1.44 0.00
43 26.54 10.00 0.00
44 2.95 25.07 0.00
45 308.97 32.66 0.00
46 2.76 314.42 0.00
47 0.63 0.30 0.00
48 3.76 321.30 0.00
49 1.89 25.46 0.00
50 0.44 0.30 0.00
51 1.38 0.82 0.00
52 2.39 0.30 0.00
53 1.00 0.30 0.00
54 2.99 2.03 0.00
55 2.03 0.43 0.00
56 1.15 4.23 0.00
57 1.77 0.82 0.00
58 568.80 23.38 0.00
59 3.20 156.01 0.00
60 4.61 227.03 0.00
61 1.27 0.94 0.00
62 151.98 2.90 0.00
63 117.15 2.69 0.00
64 0.71 1.39 0.00
65 1.70 4.82 0.00
66 3.04 215.69 0.00
67 263.85 49.80 0.00
68 4.01 279.07 0.00
69 1.81 2.22 0.00
70 0.80 0.19 0.00
71 8.69 10.10 0.00
72 5.71 169.98 0.00
73 1.85 19.92 0.00
74 4.46 4.08 0.00
75 1.51 5.26 0.00
76 1.21 0.30 0.00
77 1.38 0.74 0.00
78 578.70 468.14 0.00
79 163.58 90.61 0.00
80 186.87 11.82 0.00
81 2.01 1.36 0.00
82 225.45 12.23 0.00
83 140.84 12.77 0.00
84 1.38 2.22 0.00
85 0.52 4.24 0.00
86 333.84 2.54 0.00
87 0.88 1.15 0.00
88 175.62 186.47 0.00
89 1.67 1.93 0.00
90 2.25 1.31 0.00
91 150.38 446.81 0.00
92 224.66 46.87 0.00
93 1.24 0.95 0.00
94 0.98 1.94 0.00
95 4.82 220.14 0.00
96 0.52 0.82 0.00
97 0.74 0.30 0.00
98 5.56 367.58 0.00
99 7.09 33.38 0.00
100 663.05 206.64 0.00
101 145.59 11.74 0.00
102 5.03 447.18 0.00
103 1.93 36.00 0.00
104 0.98 1.98 0.00
105 3.81 204.75 0.00
106 1.18 0.30 0.00
107 3.29 1.38 0.00
108 3.89 137.46 0.00
109 2.30 42.98 0.00
110 3.49 2.05 0.00
111 3.30 214.79 0.00
112 3.49 213.75 0.00
113 1.92 0.30 0.00
114 3.12 2.22 0.00
115 1.69 4.54 0.00
116 1.18 0.30 0.00
117 3.06 2.03 0.00
118 381.70 6.05 0.00
119 153.04 5.01 0.00
120 158.20 13.22 0.00
121 157.21 175.79 0.00
122 0.63 34.37 0.00
123 278.55 11.57 0.00
124 7.23 10.85 0.00
125 7.21 13.39 0.00
126 1.29 0.82 0.00
127 0.63 0.30 0.00
128 0.92 0.78 0.00
129 2.67 2.85 0.00
130 5.02 281.20 0.00
131 1.00 0.43 0.00
132 128.32 12.07 0.00
133 1.43 2.51 0.00
134 0.97 1.52 0.00
135 2.77 5.53 0.00
136 4.44 277.19 0.00
137 4.14 216.69 0.00
138 1.66 0.82 0.00
139 6.81 10.43 0.00
140 134.22 3.41 0.00
141 1.55 1.17 0.00
142 1.66 1.17 0.00
143 249.65 1.75 0.00
144 2.34 3.75 0.00
145 283.82 15.74 0.00
146 159.58 411.53 0.00
147 262.05 11.60 0.00
148 1.32 2.51 0.00
149 254.11 14.83 0.00
150 1.11 0.82 0.00
151 0.96 0.30 0.00
152 5.24 132.45 0.00
153 0.66 0.51 0.00
154 3.43 132.83 0.00
155 1.62 4.54 0.00
156 1.09 1.02 0.00
157 285.60 191.84 0.00
158 1.44 0.30 0.00
159 2.18 3.33 0.00
160 1.77 0.51 0.00
161 123.12 12.27 0.00
162 0.74 0.82 0.00
163 154.24 4.32 0.00
164 4.10 212.23 0.00
165 1.29 14.78 0.00
166 321.81 2.56 0.00
167 407.85 21.73 0.00
168 2.94 215.56 0.00
169 2.12 63.91 0.00
170 164.81 230.82 0.00
171 3.28 226.26 0.00
172 1.30 28.58 0.00
173 0.77 0.30 0.00
174 164.45 13.97 0.00
175 2.32 4.88 0.00
176 157.77 3.98 0.00
177 512.25 316.82 0.00
178 163.65 11.88 0.00
179 2.01 3.15 0.00
180 1.76 1.03 0.00
181 0.84 0.30 0.00
182 0.86 0.30 0.00
183 1.77 0.82 0.00
184 2.13 1.65 0.00
185 1.76 4.54 0.00
186 2.28 1.21 0.00
187 67.86 0.69 0.00
188 1.13 0.43 0.00
189 141.58 13.31 0.00
190 0.84 2.34 0.00
191 131.75 175.38 0.00
192 1.96 44.78 0.00
193 4.22 174.32 0.00
194 2.25 46.04 0.00
195 263.04 9.73 0.00
196 1.51 0.50 0.00
197 3.62 2.68 0.00
198 5.22 204.30 0.00
199 3.38 195.89 0.00
200 0.64 67.33 0.00
201 326.49 33.42 0.00
202 1.27 0.30 0.00
203 1.23 0.43 0.00
204 154.63 6.56 0.00
205 0.74 4.58 0.00
206 1.58 0.74 0.00
207 2.90 368.49 0.00
208 0.57 61.87 0.00
209 1.00 3.15 0.00
210 2.34 1.48 0.00
211 4.44 160.84 0.00
212 1.15 1.15 0.00
213 1.33 0.82 0.00
214 1.29 1.65 0.00
215 0.74 4.54 0.00
216 2.11 0.95 0.00
217 0.86 0.65 0.00
218 0.78 0.30 0.00
219 177.83 217.65 0.00
220 0.44 0.34 0.00
221 303.71 612.28 0.00
222 0.85 0.82 0.00
223 3.07 2.99 0.00
224 9.97 12.92 0.00
225 2.92 387.26 0.00
226 313.49 266.71 0.00
227 2.13 0.29 0.00
228 1.78 1.29 0.00
229 1.56 1.77 0.00
230 3.74 0.74 0.00
231 1.40 1.03 0.00
232 1.45 0.13 0.00
233 1.55 0.65 0.00
234 2.54 2.55 0.00
235 1.29 4.89 0.00
236 1.79 0.13 0.00
237 3.56 214.92 0.00
238 0.68 1.87 0.00
239 6.80 300.52 0.00
240 181.35 13.79 0.00
241 3.21 291.47 0.00
242 270.97 14.94 0.00
243 1.00 0.82 0.00
244 1.50 1.71 0.00
245 2.10 5.32 0.00
246 254.08 10.87 0.00
247 271.90 1.10 0.00
248 0.77 0.30 0.00
249 1.11 2.19 0.00
250 3.51 1.97 0.00
251 9.26 290.09 0.00
252 3.18 221.65 0.00
253 4.08 280.16 0.00
254 2.76 132.37 0.00
255 0.84 5.12 0.00
256 8.05 9.59 0.00
257 1.49 0.94 0.00
258 7.65 10.42 0.00
259 3.03 2.32 0.00
260 0.92 0.49 0.00
261 2.69 1.29 0.00
262 2.34 0.78 0.00
263 0.67 0.65 0.00
264 1.67 2.29 0.00
265 4.47 179.28 0.00
266 0.89 0.13 0.00
267 1.51 1.30 0.00
268 2.48 67.00 0.00
269 154.42 204.80 0.00
270 3.74 185.48 0.00
271 217.52 49.95 0.00
272 0.30 0.00 0.00
273 3.11 214.44 0.00
274 3.43 305.25 0.00
275 0.91 4.54 0.00
276 4.95 158.80 0.00
277 6.83 56.18 0.00
278 133.28 3.68 0.00
279 4.59 4.38 0.00
280 7.25 10.17 0.00
281 1.30 0.30 0.00
282 165.01 474.02 0.00
283 1.01 61.94 0.00
284 1.50 3.07 0.00
285 1.28 5.12 0.00
286 112.83 11.67 0.00
287 1.52 0.30 0.00
288 1.36 0.95 0.00
289 1.21 1.99 0.00
290 2.06 0.74 0.00
291 2.11 1.15 0.00
292 1.11 0.78 0.00
293 1.56 0.00 0.00
294 1.93 2.64 0.00
295 1.07 4.54 0.00
296 134.47 2.72 0.00
297 7.64 10.00 0.00
298 1.52 2.83 0.00
299 2.12 2.12 0.00
300 0.89 0.82 0.00
301 3.33 0.00 0.00
302 0.86 0.30 0.00
303 6.52 9.19 0.00
304 2.92 1.54 0.00
305 1.59 0.40 0.00
306 0.52 0.00 0.00
307 160.67 274.95 0.00
308 1.27 32.28 0.00
309 1.18 44.79 0.00
310 10.83 379.23 0.00
311 1.55 57.12 0.00
312 0.74 1.17 0.00
313 124.94 4.67 0.00
314 1.09 1.72 0.00
315 3.41 49.90 0.00
316 6.89 252.41 0.00
317 306.15 11.21 0.00
318 6.71 9.83 0.00
319 2.58 1.85 0.00
320 1.76 1.12 0.00
321 1.99 1.17 0.00
322 0.74 0.30 0.00
323 0.55 0.00 0.00
324 2.41 1.88 0.00
325 1.29 5.97 0.00
326 1.73 65.29 0.00
327 1.40 1.17 0.00
328 0.85 2.00 0.00
329 1.61 1.79 0.00
330 2.33 43.87 0.00
331 0.96 22.48 0.00
332 2.99 152.69 0.00
333 2.11 63.23 0.00
334 3.14 3.28 0.00
335 3.17 199.18 0.00
336 7.83 9.96 0.00
337 264.79 1.59 0.00
338 178.70 2.43 0.00
339 10.89 207.53 0.00
340 2.68 31.85 0.00
341 284.10 12.72 0.00
342 3.99 233.31 0.00
343 2.17 2.08 0.00
344 1.67 1.72 0.00
345 1.63 5.11 0.00
346 1.56 0.30 0.00
347 1.30 0.30 0.00
348 0.78 0.51 0.00
349 2.12 1.97 0.00
350 1.33 0.95 0.00
351 2.73 2.54 0.00
352 2.54 276.71 0.00
353 1.67 64.07 0.00
354 307.93 13.72 0.00
355 66.45 5.57 0.00
356 8.14 9.65 0.00
357 275.80 3.06 0.00
358 1.35 1.87 0.00
359 1.50 1.71 0.00
360 0.88 0.82 0.00
361 2.17 0.73 0.00
362 2.72 0.58 0.00
363 5.21 333.32 0.00
364 1.84 1.38 0.00
365 2.38 0.61 0.00
366 0.92 1.48 0.00
367 1.85 0.30 0.00
368 3.00 280.02 0.00
369 245.63 236.46 0.00
370 2.41 0.50 0.00
371 0.63 1.25 0.00
372 1.29 0.82 0.00
373 1.58 1.87 0.00
374 0.78 1.77 0.00
375 73.41 15.49 0.00
376 1.30 0.30 0.00
377 1.43 0.40 0.00
378 8.75 491.05 0.00
379 135.65 65.92 0.00
380 1.37 0.85 0.00
381 3.15 0.82 0.00
382 0.70 0.30 0.00
383 1.25 0.43 0.00
384 1.67 2.43 0.00
385 2.35 4.70 0.00
386 0.87 0.76 0.00
387 1.29 0.82 0.00
388 0.57 1.87 0.00
389 1.40 1.77 0.00
390 2.14 1.63 0.00
391 0.52 0.30 0.00
392 2.14 1.58 0.00
393 161.50 12.65 0.00
394 1.45 2.11 0.00
395 284.50 212.49 0.00
396 149.44 4.28 0.00
397 1.76 6.17 0.00
398 0.44 0.51 0.00
399 3.01 1.80 0.00
400 2.51 67.46 0.00
401 1.41 0.30 0.00
402 1.60 0.55 0.00
403 1.05 0.00 0.00
404 0.62 0.84 0.00
405 2.47 4.23 0.00
406 0.97 0.42 0.00
407 2.12 0.39 0.00
408 1.12 3.03 0.00
409 0.48 0.67 0.00
410 1.90 2.04 0.00
411 0.85 0.89 0.00
412 1.04 5.73 0.00
413 507.21 3.35 0.00
414 3.14 136.91 0.00
415 2.03 5.96 0.00
416 1.92 6.21 0.00
417 3.87 0.82 0.00
418 2.48 2.00 0.00
419 1.79 0.51 0.00
420 3.39 2.59 0.00
421 2.65 0.33 0.00
422 1.39 0.64 0.00
423 3.68 1.15 0.00
424 4.51 135.69 0.00
425 3.05 36.10 0.00
426 6.04 5.97 0.00
427 2.16 0.78 0.00
428 7.17 1.10 0.00
429 15.16 912.16 0.00
430 32.66 1342.85 0.00
431 28.05 1047.57 0.00
432 5.71 370.28 0.00
433 213.98 526.81 0.00
434 1417.07 335.89 0.00
435 2666.85 375.16 0.00
436 1707.89 674.52 0.00
437 1041.48 407.06 0.00
438 851.51 7.87 0.00
439 420.59 3.27 0.00
440 3.81 1.58 0.00
441 10.27 2.61 0.00
442 6.70 1.10 0.00
443 1.16 0.43 0.00
444 1.33 0.82 0.00
445 0.84 0.30 0.00
446 1.22 2.03 0.00
447 2.21 0.95 0.00
448 1.80 1.87 0.00
449 1.67 0.30 0.00
450 1.22 0.82 0.00
451 1.65 1.77 0.00
452 8924.42 7434.60 0.00
453 95.69 10737.35 0.00
454 84.73 11710.95 0.00
455 104.15 8622.34 0.00
456 116.55 8358.15 0.00
457 88.83 6008.82 0.00
458 90.11 5810.40 0.00
459 125.84 8580.92 0.00
460 44.78 1940.79 0.00
461 53.70 5588.11 0.00
462 81.55 6051.21 0.00
463 90.60 7680.17 0.00
464 111.25 8676.22 0.00
465 122.39 8675.58 0.00
466 93.26 6709.09 0.00
467 125.15 9566.99 0.00
468 125.34 8267.30 0.00
469 105.60 8920.15 0.00
470 46.76 3875.93 0.00
471 52.14 2735.43 0.00
472 89.75 8870.50 0.00
473 68.08 7762.33 0.00
474 88.38 10482.12 0.00
475 82.34 8655.67 0.00
476 121.17 10545.82 0.00
477 91.56 9515.36 0.00
478 95.62 9565.21 0.00
479 86.83 8580.74 0.00
480 34.29 29.58 0.00
481 2455.09 274.48 0.00
482 1.46 23.60 0.00
483 1.63 1.12 0.00
484 1.89 0.30 0.00
485 3.37 4.30 0.00
486 1.10 2.41 0.00
487 1.30 0.00 0.00
488 0.44 0.30 0.00
489 0.55 0.82 0.00
490 1.78 0.30 0.00
491 1.45 2.04 0.00
492 0.85 0.87 0.00
493 1.88 0.45 0.00
494 0.66 1.73 0.00
495 2.46 3.79 0.00
496 223.38 30.72 0.00
497 325.25 2.36 0.00
498 2.09 0.95 0.00
499 1.33 0.30 0.00
500 0.77 0.30 0.00
501 3.26 0.82 0.00
502 1.06 1.64 0.00
503 1.14 0.30 0.00
504 1.44 0.82 0.00
505 0.55 0.30 0.00
506 0.88 4.43 0.00
507 2.40 2.42 0.00
508 7.17 284.20 0.00
509 1.31 0.51 0.00
510 554.89 34.19 0.00
511 0.75 0.30 0.00
512 1.19 1.77 0.00
513 1.11 0.82 0.00
514 3.32 131.37 0.00
515 5.47 319.43 0.00
516 1.19 0.82 0.00
517 0.80 1.71 0.00
518 0.95 0.43 0.00
519 2.90 2.55 0.00
520 0.73 0.13 0.00
521 1.30 0.30 0.00
522 1.41 2.22 0.00
523 0.79 1.94 0.00
524 1.33 0.30 0.00
525 1.64 5.39 0.00
526 460.00 17.75 0.00
527 2.51 2.29 0.00
528 266.55 16.28 0.00
529 0.66 0.30 0.00
530 1.32 0.30 0.00
531 1.72 1.65 0.00
532 1.25 1.83 0.00
533 2.36 1.23 0.00
534 5.24 281.52 0.00
535 3.72 17.98 0.00
536 3.20 207.85 0.00
537 3.04 16.49 0.00
538 3.66 205.02 0.00
539 2.65 1.72 0.00
540 600.99 32.84 0.00
541 229.76 2.43 0.00
542 1.11 1.58 0.00
543 0.88 0.82 0.00
544 1.33 0.00 0.00
545 137.50 18.96 0.00
546 1.29 0.82 0.00
547 2.14 1.71 0.00
548 0.66 0.36 0.00
549 1.70 1.30 0.00
550 7.86 471.77 0.00
551 1.89 1.37 0.00
552 2.25 3.34 0.00
553 1.68 0.65 0.00
554 0.66 1.73 0.00
555 2.41 3.50 0.00
556 143.09 269.70 0.00
557 153.50 70.25 0.00
558 38.11 1.70 0.00
559 2.18 0.30 0.00
560 1.07 0.30 0.00
561 2.75 0.30 0.00
562 2.08 0.88 0.00
563 1.79 1.77 0.00
564 1.97 0.82 0.00
565 0.89 0.30 0.00
566 0.93 0.30 0.00
567 1.98 4.94 0.00
568 3.81 3.99 0.00
569 1.75 44.62 0.00
570 3.48 295.79 0.00
571 2.35 1.27 0.00
572 6.19 461.22 0.00
573 2.16 17.90 0.00
574 332.87 3.21 0.00
575 142.08 18.29 0.00
576 2.37 0.82 0.00
577 1.30 0.30 0.00
578 2.44 1.77 0.00
579 1.83 0.95 0.00
580 2.95 296.42 0.00
581 4.28 2.65 0.00
582 0.85 1.17 0.00
583 2.33 3.82 0.00
584 4.85 232.14 0.00
585 3.44 219.26 0.00
586 1.38 4.49 0.00
587 1.64 0.30 0.00
588 1.04 2.22 0.00
589 0.55 0.30 0.00
590 1.63 0.30 0.00
591 0.85 0.82 0.00
592 1.57 0.30 0.00
593 2.44 1.90 0.00
594 2.74 1.65 0.00
595 168.50 6.62 0.00
596 125.71 0.95 0.00
597 17.21 2.79 0.00
598 1.05 3.15 0.00
599 1.50 0.37 0.00
600 1.18 1.21 0.00
601 260.47 2.50 0.00
602 15.90 2.11 0.00
603 577.38 37.46 0.00
604 3.65 5.43 0.00
605 1.26 0.28 0.00
606 1.48 4.86 0.00
607 0.85 0.30 0.00
608 3.12 1.71 0.00
609 5.51 369.71 0.00
610 1.53 0.30 0.00
611 1.93 0.31 0.00
612 0.96 0.82 0.00
613 2.64 3.34 0.00
614 3.87 33.34 0.00
615 0.55 0.98 0.00
616 3.66 10.54 0.00
617 5.46 231.96 0.00
618 1.85 66.73 0.00
619 2.09 1.07 0.00
620 1.85 0.43 0.00
621 2.57 1.87 0.00
622 1.59 0.65 0.00
623 1.25 1.71 0.00
624 5.42 192.17 0.00
625 2.57 6.40 0.00
626 1.07 0.37 0.00
627 1.15 0.79 0.00
628 2.68 3.34 0.00
629 0.97 0.30 0.00
630 3.75 0.82 0.00
631 1.88 0.30 0.00
632 0.85 0.30 0.00
633 1.76 2.41 0.00
634 1.56 0.30 0.00
635 1.28 5.54 0.00
636 1.07 0.51 0.00
637 1.63 0.30 0.00
638 1.23 1.48 0.00
639 1.21 0.92 0.00
640 1.80 0.30 0.00
641 1.57 0.30 0.00
642 2.04 0.82 0.00
643 1.77 3.28 0.00
644 1.43 0.35 0.00
645 2.14 6.05 0.00
646 2.21 0.43 0.00
647 1.29 1.20 0.00
648 2.00 2.29 0.00
649 0.85 0.30 0.00
650 3.13 0.30 0.00
651 1.50 0.88 0.00
652 0.85 0.32 0.00
653 2.48 1.72 0.00
654 2.75 0.87 0.00
655 308.49 9.33 0.00
656 12.51 18.91 0.00
657 3.60 1.52 0.00
658 2.03 3.31 0.00
659 122.32 4.58 0.00
660 1.71 0.90 0.00
661 1.48 0.30 0.00
662 2.21 0.29 0.00
663 1.38 2.38 0.00
664 1.24 0.50 0.00
665 2.25 0.65 0.00
666 2.03 6.04 0.00
667 1.19 0.30 0.00
668 2.00 1.71 0.00
669 3.05 1.00 0.00
670 1.33 0.30 0.00
671 1.63 0.30 0.00
672 0.85 0.82 0.00
673 2.21 3.28 0.00
674 1.89 0.36 0.00
675 1.21 0.82 0.00
676 1.48 5.52 0.00
677 4.02 275.37 0.00
678 2.28 22.81 0.00
679 0.88 0.30 0.00
680 1.77 0.30 0.00
681 1.66 0.82 0.00
682 1.52 0.30 0.00
683 1.39 2.04 0.00
684 1.13 1.29 0.00
685 1.31 0.30 0.00
686 1.68 5.71 0.00
687 0.85 0.82 0.00
688 3.98 4.27 0.00
689 0.75 0.30 0.00
690 1.06 1.11 0.00
691 2.56 1.30 0.00
692 2.96 1.61 0.00
693 1.51 2.64 0.00
694 1.69 1.04 0.00
695 2.76 6.03 0.00
696 0.74 0.82 0.00
697 1.53 0.30 0.00
698 2.40 2.73 0.00
699 0.66 0.82 0.00
700 1.44 0.30 0.00
701 159.83 14.58 0.00
702 1.51 0.82 0.00
703 555.06 15.95 0.00
704 0.77 0.30 0.00
705 2.03 5.55 0.00
706 0.97 0.30 0.00
707 0.74 0.30 0.00
708 1.82 2.22 0.00
709 7.75 11.05 0.00
710 270.47 1.92 0.00
711 19.85 0.95 0.00
712 1.24 0.00 0.00
713 1.00 1.71 0.00
714 2.24 0.87 0.00
715 0.89 0.30 0.00
716 1.78 5.11 0.00
717 2.41 1.10 0.00
718 1.79 3.14 0.00
719 1.50 0.98 0.00
720 2.18 1.29 0.00
721 0.90 0.37 0.00
722 2.19 0.28 0.00
723 1.15 2.22 0.00
724 2.02 66.09 0.00
725 1.88 5.60 0.00
726 0.96 0.82 0.00
727 2.04 0.30 0.00
728 3.15 2.53 0.00
729 3.89 324.55 0.00
730 1.00 0.30 0.00
731 4.36 0.78 0.00
732 0.85 0.82 0.00
733 2.08 3.39 0.00
734 2.94 0.36 0.00
735 0.44 0.82 0.00
736 0.92 5.25 0.00
737 1.52 0.30 0.00
738 1.78 2.29 0.00
739 0.77 0.30 0.00
740 1.44 0.30 0.00
741 1.87 0.82 0.00
742 1.63 0.30 0.00
743 1.22 1.70 0.00
744 0.99 0.89 0.00
745 1.33 0.30 0.00
746 1.71 5.25 0.00
747 0.85 0.82 0.00
748 2.19 3.33 0.00
749 0.77 0.37 0.00
750 1.79 1.36 0.00
751 2.54 0.84 0.00
752 1.29 0.30 0.00
753 1.37 2.22 0.00
754 1.54 0.30 0.00
755 1.22 0.30 0.00
756 1.41 5.81 0.00
757 301.62 247.91 0.00
758 204.35 16.64 0.00
759 1.46 1.64 0.00
760 2.22 0.30 0.00
761 1.30 0.30 0.00
762 2.29 0.82 0.00
763 4.34 175.08 0.00
764 1.87 1.07 0.00
765 1.54 0.82 0.00
766 2.29 5.04 0.00
767 1.08 0.30 0.00
768 2.46 2.70 0.00
769 3.82 1.36 0.00
770 1.29 0.98 0.00
771 2.10 1.29 0.00
772 2.68 0.30 0.00
773 1.29 1.83 0.00
774 2.24 0.82 0.00
775 1.29 5.04 0.00
776 0.97 0.30 0.00
777 2.10 0.82 0.00
778 1.56 3.21 0.00
779 0.66 0.30 0.00
780 1.22 0.82 0.00
781 0.95 0.30 0.00
782 1.96 0.30 0.00
783 0.94 2.22 0.00
784 1.22 0.30 0.00
785 2.14 0.30 0.00
786 1.25 5.74 0.00
787 0.63 0.30 0.00
788 2.12 1.77 0.00
789 1.11 0.82 0.00
790 1.33 0.30 0.00
791 1.64 0.30 0.00
792 2.51 0.82 0.00
793 1.80 3.34 0.00
794 1.44 0.30 0.00
795 1.52 5.77 0.00
796 1.55 0.19 0.00
797 1.51 0.65 0.00
798 1.41 2.48 0.00
799 1.00 0.30 0.00
800 3.59 157.37 0.00
801 1.38 1.23 0.00
802 947.73 30.97 0.00
803 30.38 2.15 0.00
804 1.11 0.87 0.00
805 2.59 0.30 0.00
806 1.03 5.03 0.00
807 1.18 0.82 0.00
808 3.29 3.42 0.00
809 561.39 13.91 0.00
810 1.74 1.74 0.00
811 2.90 0.43 0.00
812 3.46 270.91 0.00
813 3.22 177.22 0.00
814 1.93 1.71 0.00
815 1.25 0.78 0.00
816 1.43 5.50 0.00
817 3.17 266.81 0.00
818 2.65 1.07 0.00
819 4.75 376.45 0.00
820 4.20 1.18 0.00
821 0.74 0.30 0.00
822 1.92 0.95 0.00
823 1.93 2.39 0.00
824 4.41 2.85 0.00
825 2.01 1.35 0.00
826 4.88 8.74 0.00
827 6.15 4.35 0.00
828 1.86 1.51 0.00
829 2.17 1.77 0.00
830 1.27 0.30 0.00
831 1.73 0.82 0.00
832 1.69 0.30 0.00
833 1.11 0.30 0.00
834 2.77 2.35 0.00
835 0.88 0.30 0.00
836 1.86 5.25 0.00
837 2.88 0.82 0.00
838 0.90 1.87 0.00
839 1.52 1.83 0.00
840 1.72 1.17 0.00
841 1.18 0.30 0.00
842 1.30 0.30 0.00
843 3.64 209.46 0.00
844 3.38 1.71 0.00
845 3.38 0.30 0.00
846 1.92 5.77 0.00
847 2.91 0.30 0.00
848 2.79 0.30 0.00
849 2.08 2.28 0.00
850 2.91 0.30 0.00
851 2.64 0.30 0.00
852 2.06 0.82 0.00
853 1.35 1.87 0.00
854 3.22 1.77 0.00
855 1.55 0.82 0.00
856 1.90 5.25 0.00
857 2.51 0.30 0.00
858 1.54 0.82 0.00
859 3.34 2.25 0.00
860 3.70 0.30 0.00
861 1.98 0.82 0.00
862 2.49 0.30 0.00
863 164.51 2.37 0.00
864 150.60 11.77 0.00
865 1.44 0.65 0.00
866 1.60 6.43 0.00
867 1.90 1.03 0.00
868 268.80 5.48 0.00
869 17.81 2.56 0.00
870 4.84 218.82 0.00
871 1.95 0.30 0.00
872 1.89 0.94 0.00
873 0.99 0.82 0.00
874 2.94 1.71 0.00
875 2.37 0.78 0.00
876 1.82 5.55 0.00
877 2.06 0.30 0.00
878 1.39 0.43 0.00
879 2.17 2.35 0.00
880 3.57 131.23 0.00
881 1.07 0.30 0.00
882 4.36 0.82 0.00
883 1.34 1.87 0.00
884 1.91 1.57 0.00
885 3.54 5.58 0.00
886 1.29 0.30 0.00
887 1.50 0.30 0.00
888 3.03 0.82 0.00
889 1.89 1.70 0.00
890 1.74 0.37 0.00
891 2.17 0.82 0.00
892 2.37 0.30 0.00
893 1.58 0.30 0.00
894 3.38 2.35 0.00
895 1.28 5.22 0.00
896 0.74 0.30 0.00
897 1.88 0.82 0.00
898 2.11 0.45 0.00
899 1.12 3.06 0.00
900 1.98 1.02 0.00
901 3.30 324.10 0.00
902 2.22 1.15 0.00
903 1.31 1.03 0.00
904 1.11 1.70 0.00
905 3.08 5.29 0.00
906 543.94 20.45 0.00
907 272.11 10.35 0.00
908 3.20 0.29 0.00
909 1.32 2.28 0.00
910 1.11 0.30 0.00
911 2.07 0.30 0.00
912 265.12 15.29 0.00
913 1.12 1.97 0.00
914 2.79 2.29 0.00
915 2.30 0.87 0.00
916 1.81 4.98 0.00
917 1.84 0.30 0.00
918 1.31 0.82 0.00
919 1.74 1.93 0.00
920 2.30 0.33 0.00
921 3.24 0.82 0.00
922 2.63 0.78 0.00
923 1.38 0.43 0.00
924 1.98 2.22 0.00
925 0.88 0.30 0.00
926 0.70 5.21 0.00
927 2.33 0.82 0.00
928 2.00 0.45 0.00
929 1.85 3.26 0.00
930 1.64 1.23 0.00
931 2.91 1.26 0.00
932 1.65 0.43 0.00
933 1.31 1.17 0.00
934 2.28 1.78 0.00
935 2.09 5.78 0.00
936 2.04 0.82 0.00
937 1.95 0.30 0.00
938 1.66 0.30 0.00
939 1.94 2.35 0.00
940 1.77 0.30 0.00
941 2.07 0.91 0.00
942 1.84 0.30 0.00
943 1.45 1.87 0.00
944 4.09 133.01 0.00
945 1.86 0.30 0.00
946 1.60 5.30 0.00
947 1.39 0.82 0.00
948 1.77 0.30 0.00
949 1.66 1.77 0.00
950 1.21 0.82 0.00
951 2.06 0.30 0.00
952 1.29 0.30 0.00
953 1.09 0.82 0.00
954 3.67 2.31 0.00
955 1.43 0.37 0.00
956 1.57 5.76 0.00
957 2.43 0.30 0.00
958 1.34 1.87 0.00
959 6.68 12.09 0.00
960 122.11 3.60 0.00
961 1.07 0.30 0.00
962 1.94 0.82 0.00
963 2.48 0.30 0.00
964 1.77 1.70 0.00
965 2.32 0.88 0.00
966 2.62 5.24 0.00
967 1.51 0.30 0.00
968 2.77 1.29 0.00
969 1.86 1.93 0.00
970 0.99 0.33 0.00
971 2.01 0.95 0.00
972 1.40 0.30 0.00
973 1.34 1.87 0.00
974 2.89 2.76 0.00
975 1.50 5.50 0.00
976 2.43 0.78 0.00
977 2.38 0.82 0.00
978 290.62 16.08 0.00
979 1.07 1.96 0.00
980 2.14 1.69 0.00
981 1.22 0.30 0.00
982 3.67 269.41 0.00
983 8.77 432.17 0.00
984 1.01 0.30 0.00
985 2.15 6.77 0.00
986 1.07 0.82 0.00
987 0.85 0.30 0.00
988 3.42 2.54 0.00
989 2.10 0.82 0.00
990 2.57 2.12 0.00
991 2.41 0.30 0.00
992 1.73 0.82 0.00
993 0.87 0.30 0.00
994 1.77 0.30 0.00
995 2.10 2.28 0.00
996 1.70 5.24 0.00
997 1.96 0.30 0.00
998 1.65 0.82 0.00
999 2.24 0.30 0.00
1000 2.62 1.83 0.00
1001 1.39 0.82 0.00
1002 2.32 0.30 0.00
1003 2.46 0.14 0.00
1004 1.76 2.31 0.00
1005 3.27 6.71 0.00
1006 2.06 0.30 0.00
1007 1.50 0.82 0.00
1008 1.43 0.30 0.00
1009 1.77 0.30 0.00
1010 1.83 2.28 0.00
1011 1.18 0.37 0.00
1012 1.84 0.30 0.00
1013 1.53 0.82 0.00
1014 171.74 11.99 0.00
1015 70.85 9.95 0.00
1016 1.51 0.82 0.00
1017 1.66 0.30 0.00
1018 7.90 12.43 0.00
1019 1.70 1.36 0.00
1020 161.37 14.75 0.00
1021 169.50 3.40 0.00
1022 1.18 0.87 0.00
1023 2.09 0.30 0.00
1024 0.98 0.30 0.00
1025 2.39 7.00 0.00
1026 2.43 0.43 0.00
1027 0.95 0.65 0.00
1028 1.74 1.25 0.00
1029 1.44 0.51 0.00
1030 1.89 1.70 0.00
1031 1.47 1.02 0.00
1032 1.63 0.30 0.00
1033 1.46 1.87 0.00
1034 0.99 0.82 0.00
1035 2.52 1.91 0.00
1036 1.25 5.31 0.00
1037 2.55 0.82 0.00
1038 2.65 0.30 0.00
1039 1.21 0.30 0.00
1040 3.35 2.42 0.00
1041 7.00 642.68 0.00
1042 2.01 1.42 0.00
1043 3.36 0.82 0.00
1044 2.94 116.06 0.00
1045 1.61 2.11 0.00
1046 1.62 5.62 0.00
1047 2.14 0.43 0.00
1048 1.29 2.28 0.00
1049 1.92 0.86 0.00
1050 2.39 2.31 0.00
1051 1.93 0.37 0.00
1052 2.29 0.82 0.00
1053 1.71 0.30 0.00
1054 1.51 0.30 0.00
1055 2.90 2.34 0.00
1056 2.00 5.32 0.00
1057 1.59 0.30 0.00
1058 2.35 0.95 0.00
1059 1.43 0.65 0.00
1060 1.99 1.87 0.00
1061 2.40 0.85 0.00
1062 1.29 0.30 0.00
1063 1.73 1.94 0.00
1064 0.66 0.79 0.00
1065 1.66 6.78 0.00
1066 1.63 0.30 0.00
1067 1.50 0.82 0.00
1068 1.51 0.30 0.00
1069 2.10 0.30 0.00
1070 2.12 2.38 0.00
1071 1.95 0.33 0.00
1072 2.40 0.30 0.00
1073 1.54 0.82 0.00
1074 1.90 0.30 0.00
1075 1.94 1.61 0.00
1076 2.65 6.06 0.00
1077 2.21 0.65 0.00
1078 2.12 1.87 0.00
1079 2.69 0.82 0.00
1080 1.72 1.83 0.00
1081 2.79 0.41 0.00
1082 3.77 0.79 0.00
1083 2.46 0.30 0.00
1084 2.44 0.30 0.00
1085 3.03 2.28 0.00
1086 2.14 5.25 0.00
1087 2.61 0.30 0.00
1088 1.51 0.82 0.00
1089 2.10 0.30 0.00
1090 2.71 2.79 0.00
1091 1.61 0.82 0.00
1092 2.43 0.78 0.00
1093 2.60 2.35 0.00
1094 2.18 1.46 0.00
1095 2.01 6.65 0.00
1096 1.17 0.30 0.00
1097 1.18 0.82 0.00
1098 1.00 0.30 0.00
1099 1.48 0.34 0.00
1100 3.55 198.70 0.00
1101 2.46 121.54 0.00
1102 153.74 195.21 0.00
1103 1.52 0.96 0.00
1104 2.05 0.99 0.00
1105 0.93 1.64 0.00
1106 1.71 5.62 0.00
1107 0.85 0.30 0.00
1108 2.33 0.45 0.00
1109 2.58 2.37 0.00
1110 1.66 2.09 0.00
1111 1.17 0.33 0.00
1112 2.38 0.82 0.00
1113 1.85 0.30 0.00
1114 1.42 0.30 0.00
1115 3.81 2.29 0.00
1116 1.89 5.09 0.00
1117 1.39 0.30 0.00
1118 3.13 0.82 0.00
1119 1.32 0.30 0.00
1120 1.83 1.80 0.00
1121 3.21 0.85 0.00
1122 1.29 0.30 0.00
1123 157.99 14.85 0.00
1124 134.74 3.63 0.00
1125 222.98 8.24 0.00
1126 400.88 13.69 0.00
1127 13.74 1.16 0.00
1128 450.86 15.11 0.00
1129 2.35 0.41 0.00
1130 3.61 68.72 0.00
1131 1.40 0.36 0.00
1132 2.06 0.30 0.00
1133 1.64 0.82 0.00
1134 1.92 0.30 0.00
1135 2.67 1.84 0.00
1136 1.79 4.87 0.00
1137 1.88 0.30 0.00
1138 2.18 2.00 0.00
1139 1.31 0.82 0.00
1140 1.55 1.70 0.00
1141 1.95 0.37 0.00
1142 1.73 0.82 0.00
1143 2.43 0.30 0.00
1144 1.50 0.30 0.00
1145 3.21 2.29 0.00
1146 2.80 5.06 0.00
1147 1.62 0.30 0.00
1148 1.53 0.82 0.00
1149 2.44 0.30 0.00
1150 1.59 1.65 0.00
1151 1.72 0.87 0.00
1152 2.06 0.30 0.00
1153 1.67 1.87 0.00
1154 2.94 0.95 0.00
1155 2.94 6.86 0.00
1156 1.74 0.30 0.00
1157 2.99 0.82 0.00
1158 4.70 283.99 0.00
1159 4.43 172.21 0.00
1160 4.85 95.70 0.00
1161 3.94 0.37 0.00
1162 2.84 328.14 0.00
1163 1.33 127.42 0.00
1164 0.54 0.30 0.00
1165 1.28 1.68 0.00
1166 1.70 5.59 0.00
1167 1.21 0.37 0.00
1168 1.45 1.85 0.00
1169 1.98 0.82 0.00
1170 1.48 1.65 0.00
1171 1.50 0.36 0.00
1172 1.95 0.82 0.00
1173 1.99 0.30 0.00
1174 1.43 0.30 0.00
1175 2.60 6.89 0.00
1176 0.85 0.30 0.00
1177 6.16 8.51 0.00
1178 9.58 13.22 0.00
1179 0.90 0.31 0.00
1180 1.09 1.54 0.00
1181 1.29 0.92 0.00
1182 0.85 0.30 0.00
1183 1.24 1.87 0.00
1184 1.00 0.82 0.00
1185 1.51 1.78 0.00
1186 1.70 5.09 0.00
1187 1.85 0.82 0.00
1188 4.16 131.36 0.00
1189 2.32 0.30 0.00
1190 1.93 2.17 0.00
1191 1.73 0.36 0.00
1192 3.10 0.30 0.00
1193 1.37 0.86 0.00
1194 2.14 0.30 0.00
1195 4.17 2.19 0.00
1196 1.74 0.87 0.00
1197 2.62 5.22 0.00
1198 1.89 1.87 0.00
1199 3.85 1.29 0.00
1200 1.70 1.64 0.00
1201 1.88 0.85 0.00
1202 1.51 0.82 0.00
1203 2.32 0.30 0.00
1204 1.90 0.78 0.00
1205 3.28 7.70 0.00
1206 1.92 0.30 0.00
1207 1.44 0.31 0.00
1208 1.99 1.94 0.00
1209 2.16 0.06 0.00
1210 1.84 1.88 0.00
1211 1.51 0.82 0.00
1212 249.32 11.67 0.00
1213 2.80 3.04 0.00
1214 1.20 0.82 0.00
1215 3.25 6.71 0.00
1216 1.08 0.37 0.00
1217 1.98 0.95 0.00
1218 2.00 0.65 0.00
1219 2.20 0.74 0.00
1220 2.68 2.95 0.00
1221 2.45 0.36 0.00
1222 1.85 0.30 0.00
1223 1.66 0.82 0.00
1224 0.62 0.43 0.00
1225 1.11 1.70 0.00
1226 2.04 5.83 0.00
1227 1.85 0.30 0.00
1228 2.28 0.45 0.00
1229 3.41 327.68 0.00
1230 2.61 21.42 0.00
1231 2.67 0.37 0.00
1232 2.06 0.82 0.00
1233 1.65 0.30 0.00
1234 2.92 0.30 0.00
1235 1.49 0.88 0.00
1236 1.55 6.69 0.00
1237 2.84 0.30 0.00
1238 258.28 14.28 0.00
1239 1.38 0.30 0.00
1240 1.33 0.30 0.00
1241 2.45 2.22 0.00
1242 4.78 250.82 0.00
1243 2.35 24.11 0.00
1244 1.21 0.79 0.00
1245 1.49 5.03 0.00
1246 2.99 1.90 0.00
1247 2.30 0.82 0.00
1248 3.82 267.89 0.00
1249 1.89 43.44 0.00
1250 1.22 0.98 0.00
1251 1.26 1.77 0.00
1252 1.19 0.30 0.00
1253 1.92 0.95 0.00
1254 1.37 0.65 0.00
1255 1.70 0.43 0.00
1256 2.37 7.51 0.00
1257 1.83 0.30 0.00
1258 2.81 2.00 0.00
1259 1.61 1.17 0.00
1260 1.00 0.30 0.00
1261 2.42 1.77 0.00
1262 1.10 0.95 0.00
1263 1.61 0.65 0.00
1264 2.01 0.92 0.00
1265 3.47 305.12 0.00
1266 2.08 22.40 0.00
1267 2.24 5.31 0.00
1268 1.22 0.79 0.00
1269 1.44 0.30 0.00
1270 1.81 0.30 0.00
1271 2.70 2.28 0.00
1272 2.76 0.30 0.00
1273 2.98 2.00 0.00
1274 1.79 1.17 0.00
1275 2.68 0.30 0.00
1276 3.43 6.65 0.00
1277 2.05 0.82 0.00
1278 3.44 0.30 0.00
1279 2.39 0.30 0.00
1280 1.77 0.82 0.00
1281 3.67 1.77 0.00
1282 2.28 0.30 0.00
1283 2.85 0.82 0.00
1284 2.53 0.30 0.00
1285 0.98 0.30 0.00
1286 3.98 7.29 0.00
1287 3.11 0.65 0.00
1288 1.01 1.87 0.00
1289 3.38 1.25 0.00
1290 369.62 23.47 0.00
1291 120.92 8.47 0.00
1292 7.76 391.68 0.00
1293 1.41 0.30 0.00
1294 1.46 0.30 0.00
1295 2.87 5.55 0.00
1296 4.38 244.71 0.00
1297 1.32 0.30 0.00
1298 1.42 0.81 0.00
1299 1.39 0.30 0.00
1300 1.21 0.30 0.00
1301 3.12 2.22 0.00
1302 2.36 0.43 0.00
1303 3.03 2.15 0.00
1304 3.67 281.06 0.00
1305 2.18 5.38 0.00
1306 2.31 1.77 0.00
1307 1.25 0.82 0.00
1308 1.00 0.30 0.00
1309 3.74 0.30 0.00
1310 0.76 0.82 0.00
1311 1.84 1.64 0.00
1312 3.51 1.26 0.00
1313 0.87 0.82 0.00
1314 1.14 0.30 0.00
1315 3.03 0.30 0.00
1316 5.06 194.57 0.00
1317 2.13 0.34 0.00
1318 1.57 1.87 0.00
1319 1.60 0.82 0.00
1320 0.88 0.30 0.00
1321 4.51 191.83 0.00
1322 1.28 0.82 0.00
1323 1.76 0.30 0.00
1324 188.48 13.15 0.00
1325 2.16 0.82 0.00
1326 2.52 6.75 0.00
1327 1.77 0.78 0.00
1328 1.31 0.82 0.00
1329 1.43 0.06 0.00
1330 1.33 0.24 0.00
1331 1.61 2.16 0.00
1332 2.85 0.43 0.00
1333 1.88 0.79 0.00
1334 1.77 2.25 0.00
1335 3.26 0.43 0.00
1336 2.78 7.14 0.00
1337 2.86 1.15 0.00
1338 2.39 0.65 0.00
1339 2.56 0.30 0.00
1340 1.10 0.82 0.00
1341 163.83 237.44 0.00
1342 1.29 0.30 0.00
1343 5.56 158.04 0.00
1344 124.22 142.96 0.00
1345 1.72 4.97 0.00
1346 1.97 2.28 0.00
1347 1.38 0.30 0.00
1348 2.74 2.49 0.00
1349 2.27 66.34 0.00
1350 0.55 0.30 0.00
1351 2.69 2.14 0.00
1352 1.52 1.03 0.00
1353 0.55 0.30 0.00
1354 1.70 0.30 0.00
1355 1.69 5.81 0.00
1356 1.15 1.83 0.00
1357 1.54 0.30 0.00
1358 2.32 0.82 0.00
1359 1.32 0.30 0.00
1360 1.31 0.30 0.00
1361 3.21 2.28 0.00
1362 1.29 0.30 0.00
1363 2.97 2.15 0.00
1364 3.25 131.47 0.00
1365 1.66 0.30 0.00
1366 2.76 6.78 0.00
1367 1.98 1.29 0.00
1368 1.21 0.30 0.00
1369 4.37 283.47 0.00
1370 2.32 2.08 0.00
1371 1.80 2.04 0.00
1372 2.06 0.30 0.00
1373 1.31 0.82 0.00
1374 2.27 0.78 0.00
1375 2.06 5.25 0.00
1376 1.78 2.22 0.00
1377 1.66 0.30 0.00
1378 1.79 1.87 0.00
1379 1.21 0.82 0.00
1380 1.10 0.30 0.00
1381 2.96 2.18 0.00
1382 1.06 0.82 0.00
1383 1.77 0.30 0.00
1384 1.21 0.30 0.00
1385 1.68 0.82 0.00
1386 4.08 6.71 0.00
1387 1.18 0.30 0.00
1388 1.56 0.82 0.00
1389 3.25 0.30 0.00
1390 1.10 0.30 0.00
1391 1.58 2.03 0.00
1392 3.70 0.78 0.00
1393 1.34 1.87 0.00
1394 1.42 0.82 0.00
1395 3.41 5.73 0.00
1396 144.22 15.29 0.00
1397 1.28 0.82 0.00
1398 2.10 0.30 0.00
1399 1.32 0.30 0.00
1400 1.31 0.82 0.00
1401 3.00 1.77 0.00
1402 1.29 0.30 0.00
1403 2.20 0.82 0.00
1404 1.21 0.30 0.00
1405 0.84 5.04 0.00
1406 2.63 2.35 0.00
1407 1.27 0.30 0.00
1408 1.56 1.87 0.00
1409 4.98 215.12 0.00
1410 1.32 0.30 0.00
1411 2.02 1.71 0.00
1412 2.17 0.82 0.00
1413 1.32 0.30 0.00
1414 1.38 0.34 0.00
1415 2.69 0.82 0.00
1416 2.78 6.70 0.00
1417 1.86 0.30 0.00
1418 2.21 0.82 0.00
1419 1.91 0.78 0.00
1420 2.33 1.42 0.00
1421 4.40 186.35 0.00
1422 1.62 0.30 0.00
1423 6.40 7.60 0.00
1424 3.48 6.14 0.00
1425 2.26 0.30 0.00
1426 4.78 137.70 0.00
1427 0.96 0.82 0.00
1428 2.47 0.30 0.00
1429 2.21 0.74 0.00
1430 3.85 194.80 0.00
1431 3.23 1.77 0.00
1432 4.68 232.95 0.00
1433 1.21 1.17 0.00
1434 1.75 0.43 0.00
1435 2.17 5.25 0.00
1436 2.07 2.29 0.00
1437 1.88 0.30 0.00
1438 1.56 1.87 0.00
1439 3.58 248.47 0.00
1440 254.86 12.05 0.00
1441 2.97 2.12 0.00
1442 240.05 13.34 0.00
1443 1.77 0.30 0.00
1444 1.36 0.34 0.00
1445 1.47 0.82 0.00
1446 3.81 6.86 0.00
1447 1.62 0.30 0.00
1448 2.10 1.49 0.00
1449 2.88 1.19 0.00
1450 2.64 1.49 0.00
1451 1.01 2.22 0.00
1452 1.63 0.30 0.00
1453 0.95 1.98 0.00
1454 1.11 0.83 0.00
1455 1.38 0.34 0.00
1456 1.45 6.49 0.00
1457 1.40 0.82 0.00
1458 3.00 1.42 0.00
1459 3.46 260.61 0.00
1460 1.43 0.82 0.00
1461 2.60 1.71 0.00
1462 2.76 155.34 0.00
1463 1.32 0.82 0.00
1464 2.60 0.30 0.00
1465 1.07 4.95 0.00
1466 2.18 2.23 0.00
1467 2.67 0.36 0.00
1468 2.23 0.37 0.00
1469 1.43 2.32 0.00
1470 2.49 0.30 0.00
1471 1.28 1.59 0.00
1472 2.39 0.87 0.00
1473 242.44 12.18 0.00
1474 1.66 0.30 0.00
1475 2.27 5.76 0.00
1476 1.90 1.68 0.00
1477 1.70 0.33 0.00
1478 2.29 0.82 0.00
1479 1.44 0.30 0.00
1480 1.93 0.30 0.00
1481 3.06 2.29 0.00
1482 1.41 0.65 0.00
1483 2.48 2.00 0.00
1484 1.74 0.82 0.00
1485 1.43 0.30 0.00
1486 2.93 6.84 0.00
1487 1.81 0.79 0.00
1488 1.55 0.30 0.00
1489 1.88 0.30 0.00
1490 1.31 0.82 0.00
1491 1.80 1.78 0.00
1492 2.37 0.36 0.00
1493 1.31 0.82 0.00
1494 204.92 13.83 0.00
1495 2.03 0.30 0.00
1496 2.36 6.95 0.00
1497 1.99 0.30 0.00
1498 3.84 2.81 0.00
1499 1.54 1.15 0.00
1500 1.65 0.51 0.00
1501 5.35 183.49 0.00
1502 1.50 57.51 0.00
1503 3.13 0.30 0.00
1504 1.62 0.43 0.00
1505 4.97 132.89 0.00
1506 3.51 6.85 0.00
1507 1.97 0.50 0.00
1508 1.71 1.17 0.00
1509 3.34 0.30 0.00
1510 1.65 0.30 0.00
1511 2.63 2.32 0.00
1512 2.74 0.33 0.00
1513 1.01 1.87 0.00
1514 1.57 1.29 0.00
1515 2.29 0.30 0.00
1516 2.30 6.65 0.00
1517 1.65 0.95 0.00
1518 1.88 0.65 0.00
1519 1.09 0.30 0.00
1520 2.11 0.82 0.00
1521 3.68 1.77 0.00
1522 1.06 0.65 0.00
1523 2.42 0.82 0.00
1524 1.55 0.30 0.00
1525 0.43 0.30 0.00
1526 2.51 7.23 0.00
1527 1.62 0.30 0.00
1528 1.67 1.87 0.00
1529 2.65 0.82 0.00
1530 1.65 0.30 0.00
1531 1.67 1.71 0.00
1532 1.73 0.82 0.00
1533 1.10 0.30 0.00
1534 0.99 0.30 0.00
1535 451.74 23.78 0.00
1536 224.66 10.58 0.00
1537 1.29 0.30 0.00
1538 1.76 0.82 0.00
1539 1.88 0.78 0.00
1540 1.78 0.34 0.00
1541 2.40 2.29 0.00
1542 161.45 13.90 0.00
1543 1.98 1.97 0.00
1544 4.21 194.42 0.00
1545 2.36 0.30 0.00
1546 2.76 5.88 0.00
1547 4.68 211.26 0.00
1548 2.48 65.48 0.00
1549 1.77 0.30 0.00
1550 1.44 1.28 0.00
1551 2.19 1.77 0.00
1552 1.91 0.43 0.00
1553 1.20 0.82 0.00
1554 1.92 0.30 0.00
1555 1.77 0.30 0.00
1556 2.02 6.99 0.00
1557 3.31 1.41 0.00
1558 1.90 1.87 0.00
1559 1.31 0.82 0.00
1560 1.55 0.30 0.00
1561 2.56 1.71 0.00
1562 1.17 0.82 0.00
1563 1.88 0.30 0.00
1564 1.32 0.30 0.00
1565 1.90 0.82 0.00
1566 2.63 6.45 0.00
1567 1.29 0.30 0.00
1568 1.54 0.82 0.00
1569 2.32 0.30 0.00
1570 1.32 0.30 0.00
1571 489.14 16.09 0.00
1572 2.29 0.30 0.00
1573 1.78 1.87 0.00
1574 1.65 0.82 0.00
1575 2.21 0.30 0.00
1576 2.83 6.96 0.00
1577 1.61 0.82 0.00
1578 1.77 0.30 0.00
1579 4.16 158.39 0.00
1580 3.29 1.63 0.00
1581 3.04 1.71 0.00
1582 1.35 0.43 0.00
1583 3.90 1.46 0.00
1584 1.09 0.30 0.00
1585 1.19 5.04 0.00
1586 3.76 2.59 0.00
1587 1.17 0.06 0.00
1588 2.02 0.38 0.00
1589 1.87 2.25 0.00
1590 0.76 0.30 0.00
1591 2.92 1.94 0.00
1592 3.18 1.62 0.00
1593 1.09 0.51 0.00
1594 2.33 0.92 0.00
1595 3.91 242.85 0.00
1596 1.37 6.63 0.00
1597 1.50 0.36 0.00
1598 1.98 0.82 0.00
1599 1.44 0.30 0.00
1600 1.87 0.30 0.00
1601 2.05 2.10 0.00
1602 1.72 0.36 0.00
1603 2.08 1.87 0.00
1604 1.94 0.82 0.00
1605 1.72 5.25 0.00
1606 2.41 1.72 0.00
1607 1.50 0.87 0.00
1608 1.31 0.30 0.00
1609 2.31 0.43 0.00
1610 1.42 1.03 0.00
1611 1.90 1.65 0.00
1612 3.17 0.36 0.00
1613 1.54 0.82 0.00
1614 2.36 0.30 0.00
1615 1.77 0.30 0.00
1616 3.04 7.59 0.00
1617 1.89 0.51 0.00
1618 2.01 1.87 0.00
1619 1.92 0.82 0.00
1620 1.09 0.30 0.00
1621 2.59 1.78 0.00
1622 1.89 0.87 0.00
1623 2.10 0.30 0.00
1624 1.88 0.43 0.00
1625 3.06 1.36 0.00
1626 3.16 6.72 0.00
1627 1.18 0.30 0.00
1628 1.31 0.82 0.00
1629 2.26 0.37 0.00
1630 4.44 191.11 0.00
1631 579.96 7.12 0.00
1632 30.90 11.71 0.00
1633 2.05 1.87 0.00
1634 1.90 1.27 0.00
1635 284.92 10.59 0.00
1636 1.84 1.64 0.00
1637 1.28 0.82 0.00
1638 1.78 0.30 0.00
1639 2.20 291.50 0.00
1640 1.42 0.95 0.00
1641 2.89 1.98 0.00
1642 1.30 0.43 0.00
1643 2.10 1.15 0.00
1644 1.44 0.64 0.00
1645 1.33 0.51 0.00
1646 3.38 6.55 0.00
1647 303.12 7.33 0.00
1648 1.57 2.21 0.00
1649 2.32 0.82 0.00
1650 1.55 0.30 0.00
1651 1.21 1.90 0.00
1652 2.17 0.82 0.00
1653 0.78 0.30 0.00
1654 0.67 0.30 0.00
1655 1.40 2.44 0.00
1656 0.97 1.77 0.00
1657 1.29 0.30 0.00
1658 3.47 0.82 0.00
1659 0.99 0.30 0.00
1660 0.99 0.30 0.00
1661 4.00 2.29 0.00
1662 0.95 0.30 0.00
1663 2.30 1.87 0.00
1664 2.54 0.82 0.00
1665 30.86 264.93 0.00
1666 7.56 20.38 0.00
1667 822.55 87.07 0.00
1668 1.37 0.37 0.00
1669 56.72 7.59 0.00
1670 8.70 7.95 0.00
1671 4.08 4.58 0.00
1672 1.85 0.30 0.00
1673 3.75 2.97 0.00
1674 6.06 6.07 0.00
1675 1.88 0.46 0.00
1676 2.47 6.95 0.00
1677 2.90 0.88 0.00
1678 2.03 2.00 0.00
1679 0.99 0.82 0.00
1680 2.46 0.72 0.00
1681 2.79 1.87 0.00
1682 2.12 2.72 0.00
1683 2.83 0.46 0.00
1684 2.11 0.13 0.00
1685 1.90 0.98 0.00
1686 2.90 0.30 0.00
1687 1.86 1.70 0.00
1688 1.43 0.89 0.00
1689 4.07 6.49 0.00
1690 4.58 47.08 0.00
1691 1.05 22.76 0.00
1692 2.36 1.76 0.00
1693 1.70 2.03 0.00
1694 1.94 1.20 0.00
1695 2.36 5.68 0.00
1696 2.88 1.92 0.00
1697 121.08 19.37 0.00
1698 6.93 133.97 0.00
1699 5.78 3.76 0.00
1700 11.19 438.19 0.00
1701 8.20 172.58 0.00
1702 3.67 0.65 0.00
1703 3.15 2.28 0.00
1704 2.68 0.84 0.00
1705 3.21 7.08 0.00
1706 2.94 0.82 0.00
1707 1.87 0.56 0.00
1708 3.57 4.69 0.00
1709 3.83 1.97 0.00
1710 2.14 0.75 0.00
1711 1.51 0.30 0.00
1712 2.06 0.82 0.00
1713 2.68 0.42 0.00
1714 7.85 5.35 0.00
1715 6.96 3.56 0.00
1716 3.15 7.95 0.00
1717 1.62 0.42 0.00
1718 302.83 5.00 0.00
1719 763.80 56.70 0.00
1720 334.27 23.99 0.00
1721 3.26 2.71 0.00
1722 3.19 1.17 0.00
1723 6.75 136.68 0.00
1724 5.39 6.54 0.00
1725 6.43 251.91 0.00
1726 3.80 135.12 0.00
1727 2.30 1.73 0.00
1728 3.38 1.64 0.00
1729 5.07 2.33 0.00
1730 3.27 66.50 0.00
1731 1.41 1.81 0.00
1732 2.41 0.30 0.00
1733 2.03 0.51 0.00
1734 1.77 1.30 0.00
1735 4.38 7.38 0.00
1736 2.48 0.50 0.00
1737 3.60 4.58 0.00
1738 3.83 1.74 0.00
1739 2.61 3.59 0.00
1740 1.51 1.90 0.00
1741 12.32 27.73 0.00
1742 2.30 0.97 0.00
1743 5.33 323.47 0.00
1744 3.70 2.45 0.00
1745 5.68 51.63 0.00
1746 3.19 25.27 0.00
1747 1.17 0.82 0.00
1748 1.06 0.59 0.00
1749 6.39 1.46 0.00
1750 5.93 5.33 0.00
1751 118.24 12.08 0.00
1752 1.70 1.87 0.00
1753 1.10 0.82 0.00
1754 318.22 10.77 0.00
1755 552.21 39.68 0.00
1756 2.79 2.46 0.00
1757 176.78 72.75 0.00
1758 9.88 17.15 0.00
1759 1.63 0.82 0.00
1760 1.23 0.00 0.00
1761 3.93 0.43 0.00
1762 2.30 0.98 0.00
1763 1.59 3.16 0.00
1764 1.11 0.40 0.00
1765 2.68 5.40 0.00
1766 0.97 0.30 0.00
1767 1.89 3.50 0.00
1768 8.02 339.80 0.00
1769 0.77 0.65 0.00
1770 2.78 1.58 0.00
1771 5.77 193.75 0.00
1772 1.31 0.47 0.00
1773 2.47 3.45 0.00
1774 13.54 84.25 0.00
1775 3.41 6.31 0.00
1776 1.33 0.64 0.00
1777 6.28 128.02 0.00
1778 2.00 3.70 0.00
1779 2.25 1.49 0.00
1780 3.10 1.11 0.00
1781 2.90 1.60 0.00
1782 298.74 5.19 0.00
1783 234.24 21.14 0.00
1784 2.24 2.00 0.00
1785 2.86 6.13 0.00
1786 0.62 0.98 0.00
1787 1.84 0.66 0.00
1788 173.31 24.32 0.00
1789 4.44 4.27 0.00
1790 4.13 116.73 0.00
1791 598.11 38.55 0.00
1792 348.82 69.38 0.00
1793 1.80 1.92 0.00
1794 1.61 1.87 0.00
1795 1.02 5.32 0.00
1796 1.03 0.59 0.00
1797 2.96 2.16 0.00
1798 3.94 69.07 0.00
1799 1.27 1.64 0.00
1800 4.30 131.51 0.00
1801 0.74 1.17 0.00
1802 1.14 0.43 0.00
1803 5.55 198.33 0.00
1804 1.35 2.80 0.00
1805 2.54 6.51 0.00
1806 1.03 0.59 0.00
1807 2.50 2.20 0.00
1808 1.66 0.30 0.00
1809 1.70 1.64 0.00
1810 2.00 2.90 0.00
1811 1.93 0.30 0.00
1812 2.94 0.76 0.00
1813 1.93 2.67 0.00
1814 6.80 184.63 0.00
1815 134.76 10.32 0.00
1816 327.41 19.62 0.00
1817 3.23 1.01 0.00
1818 2.36 0.65 0.00
1819 3.10 3.15 0.00
1820 1.79 1.30 0.00
1821 247.85 24.40 0.00
1822 98.45 4.33 0.00
1823 0.84 0.64 0.00
1824 1.02 2.03 0.00
1825 1.40 5.04 0.00
1826 3.07 129.06 0.00
1827 139.70 85.02 0.00
1828 155.11 8.52 0.00
1829 412.10 23.50 0.00
1830 3.63 3.28 0.00
1831 1.81 1.27 0.00
1832 0.74 0.30 0.00
1833 0.54 0.30 0.00
1834 5.05 5.55 0.00
1835 0.95 0.59 0.00
1836 1.58 4.30 0.00
1837 5.46 69.77 0.00
1838 1.18 0.59 0.00
1839 1.68 2.19 0.00
1840 3.94 3.59 0.00
1841 3.89 3.47 0.00
1842 2.49 2.51 0.00
1843 3.32 1.88 0.00
1844 3.82 4.04 0.00
1845 2.51 4.89 0.00
1846 2.57 1.87 0.00
1847 2.12 2.37 0.00
1848 3.36 1.99 0.00
1849 1.73 2.28 0.00
1850 5.18 196.84 0.00
1851 176.98 14.43 0.00
1852 180.89 13.13 0.00
1853 7.03 197.85 0.00
1854 260.44 6.91 0.00
1855 7.08 14.00 0.00
1856 1.25 0.43 0.00
1857 222.53 11.20 0.00
1858 2.53 2.33 0.00
1859 4.28 9.57 0.00
1860 2.93 1.43 0.00
1861 270.73 21.62 0.00
1862 181.30 2.37 0.00
1863 1.21 0.30 0.00
1864 301.17 27.51 0.00
1865 9.19 328.18 0.00
1866 2.85 5.66 0.00
1867 4.91 70.25 0.00
1868 2.21 0.46 0.00
1869 3.04 3.04 0.00
1870 2.49 2.39 0.00
1871 3.25 1.81 0.00
1872 1.60 4.00 0.00
1873 3.28 2.45 0.00
1874 2.29 0.43 0.00
1875 2.31 6.77 0.00
1876 145.54 21.50 0.00
1877 1.92 0.30 0.00
1878 3.71 2.64 0.00
1879 3.31 3.09 0.00
1880 2.28 1.83 0.00
1881 2.60 0.73 0.00
1882 6.00 69.08 0.00
1883 3.03 2.72 0.00
1884 3.14 2.23 0.00
1885 3.86 4.57 0.00
1886 2.02 0.59 0.00
1887 1.65 0.14 0.00
1888 186.00 25.80 0.00
1889 4.73 291.90 0.00
1890 277.99 150.58 0.00
1891 1.79 2.22 0.00
1892 3.93 2.18 0.00
1893 2.45 0.51 0.00
1894 1.54 0.82 0.00
1895 552.99 27.85 0.00
1896 3.94 2.03 0.00
1897 40.44 19.14 0.00
1898 7.18 197.72 0.00
1899 1.77 0.46 0.00
1900 206.55 88.69 0.00
1901 120.47 5.47 0.00
1902 2.86 1.85 0.00
1903 2.65 2.66 0.00
1904 3.30 68.03 0.00
1905 3.46 6.49 0.00
1906 6.74 134.72 0.00
1907 6.73 69.94 0.00
1908 9.13 446.78 0.00
1909 2.83 1.31 0.00
1910 3.78 3.71 0.00
1911 5.40 47.95 0.00
1912 2.50 24.61 0.00
1913 3.59 2.05 0.00
1914 1.62 0.51 0.00
1915 2.46 5.75 0.00
1916 2.49 2.25 0.00
1917 1.78 0.61 0.00
1918 2.19 2.25 0.00
1919 1.35 0.88 0.00
1920 1.20 1.92 0.00
1921 2.92 2.73 0.00
1922 160.38 155.12 0.00
1923 5.58 173.35 0.00
1924 1.54 0.82 0.00
1925 3.02 5.53 0.00
1926 3.48 3.28 0.00
1927 452.96 109.45 0.00
1928 311.29 4.61 0.00
1929 2.13 0.42 0.00
1930 3.11 2.62 0.00
1931 4.46 4.02 0.00
1932 384.80 22.53 0.00
1933 1.89 2.90 0.00
1934 2.04 0.30 0.00
1935 3.62 4.59 0.00
1936 3.08 4.33 0.00
1937 3.95 2.10 0.00
1938 2.32 0.88 0.00
1939 3.04 2.03 0.00
1940 8.48 659.44 0.00
1941 3.24 2.05 0.00
1942 3.09 2.58 0.00
1943 2.46 0.72 0.00
1944 1.43 2.15 0.00
1945 7.15 15.89 0.00
1946 14.16 27.34 0.00
1947 2.16 1.00 0.00
1948 0.88 2.32 0.00
1949 2.95 1.01 0.00
1950 1.22 0.46 0.00
1951 4.66 4.75 0.00
1952 232.01 7.26 0.00
1953 15.15 285.02 0.00
1954 2.94 131.96 0.00
1955 2.29 7.08 0.00
1956 0.97 1.77 0.00
1957 4.50 221.29 0.00
1958 5.96 4.62 0.00
1959 1.65 0.51 0.00
1960 1.85 3.21 0.00
1961 140.19 21.02 0.00
1962 2.15 0.66 0.00
1963 3.61 3.27 0.00
1964 1.39 0.59 0.00
1965 3.24 1.81 0.00
1966 3.71 3.50 0.00
1967 2.67 0.00 0.00
1968 2.51 1.45 0.00
1969 4.59 7.46 0.00
1970 2.85 0.78 0.00
1971 2.87 4.41 0.00
1972 3.73 4.17 0.00
1973 2.91 0.43 0.00
1974 3.08 2.23 0.00
1975 2.17 5.82 0.00
1976 1.52 1.70 0.00
1977 2.58 2.36 0.00
1978 2.10 0.98 0.00
1979 406.01 8.82 0.00
1980 182.70 38.26 0.00
1981 2.21 2.56 0.00
1982 1.06 0.30 0.00
1983 2.40 0.59 0.00
1984 3.37 3.09 0.00
1985 3.72 6.46 0.00
1986 185.32 139.89 0.00
1987 2.57 1.11 0.00
1988 2.44 1.30 0.00
1989 2.75 1.36 0.00
1990 2.33 2.32 0.00
1991 1.16 1.77 0.00
1992 2.29 2.56 0.00
1993 7.17 248.63 0.00
1994 3.82 69.32 0.00
1995 142.85 8.70 0.00
1996 10.87 22.44 0.00
1997 126.93 16.77 0.00
1998 3.77 2.20 0.00
1999 5.05 133.11 0.00
2000 2.94 1.81 0.00
2001 3.97 2.25 0.00
2002 1.69 1.27 0.00
2003 2.76 2.08 0.00
2004 1.06 0.59 0.00
2005 1.06 5.10 0.00
2006 2.73 1.59 0.00
2007 1.78 0.88 0.00
2008 1.50 1.79 0.00
2009 4.85 2.40 0.00
2010 6.22 47.29 0.00
2011 6.27 220.93 0.00
2012 4.45 2.76 0.00
2013 3.74 2.39 0.00
2014 2.82 3.30 0.00
2015 161.83 25.10 0.00
2016 1.32 0.88 0.00
2017 4.20 4.97 0.00
2018 2.13 0.72 0.00
2019 4.06 45.53 0.00
2020 1.50 23.12 0.00
2021 11.52 20.35 0.00
2022 3.44 5.13 0.00
2023 3.09 2.04 0.00
2024 1.83 2.21 0.00
2025 1.50 5.11 0.00
2026 2.28 0.82 0.00
2027 6.65 135.04 0.00
2028 0.99 0.30 0.00
2029 3.85 2.90 0.00
2030 1.72 2.37 0.00
2031 2.45 1.30 0.00
2032 561.80 26.43 0.00
2033 9.02 15.00 0.00
2034 1.21 0.30 0.00
2035 2.06 5.34 0.00
2036 4.99 5.35 0.00
2037 7.39 9.36 0.00
2038 275.13 17.58 0.00
2039 3.22 3.27 0.00
2040 1.22 0.46 0.00
2041 4.00 2.29 0.00
2042 1.83 2.19 0.00
2043 2.84 0.59 0.00
2044 179.82 11.54 0.00
2045 3.03 0.59 0.00
2046 2.17 0.46 0.00
2047 1.74 2.28 0.00
2048 1.92 0.30 0.00
2049 11.27 20.42 0.00
2050 257.67 196.65 0.00
2051 7.33 173.86 0.00
2052 9.19 435.86 0.00
2053 2.72 2.33 0.00
2054 4.54 132.39 0.00
2055 2.29 4.96 0.00
2056 1.73 0.82 0.00
2057 2.25 3.90 0.00
2058 4.63 3.34 0.00
2059 3.19 2.71 0.00
2060 2.48 2.29 0.00
2061 2.18 0.30 0.00
2062 1.62 2.57 0.00
2063 2.86 2.58 0.00
2064 1.69 0.72 0.00
2065 475.81 48.49 0.00
2066 267.14 21.21 0.00
2067 2.49 4.94 0.00
2068 0.77 0.98 0.00
2069 2.22 0.30 0.00
2070 3.12 1.92 0.00
2071 6.00 376.47 0.00
2072 417.07 23.25 0.00
2073 1.62 0.59 0.00
2074 1.21 0.98 0.00
2075 2.14 4.95 0.00
2076 2.51 2.66 0.00
2077 3.10 3.68 0.00
2078 6.37 4.56 0.00
2079 0.95 0.59 0.00
2080 1.65 0.51 0.00
2081 3.94 196.17 0.00
2082 4.66 298.89 0.00
2083 10.05 448.33 0.00
2084 0.89 0.65 0.00
2085 1.90 5.25 0.00
2086 6.46 71.43 0.00
2087 5.77 132.73 0.00
2088 1.95 1.99 0.00
2089 7.51 334.92 0.00
2090 2.83 0.75 0.00
2091 2.09 2.08 0.00
2092 2.27 0.95 0.00
2093 3.45 2.79 0.00
2094 1.57 0.88 0.00
2095 4.24 7.73 0.00
2096 1.83 0.72 0.00
2097 3.01 2.79 0.00
2098 2.93 2.94 0.00
2099 1.39 0.59 0.00
2100 1352.02 27.34 0.00
2101 2886.33 7.62 0.00
2102 3320.95 7.58 0.00
2103 6693.15 40.34 0.00
2104 6472.02 12.87 0.00
2105 7468.94 31.08 0.00
2106 7208.94 14.40 0.00
2107 7080.29 13.84 0.00
2108 5287.60 14.12 0.00
2109 4.27 2.13 0.00
2110 3959.79 9.13 0.00
2111 6947.83 13.72 0.00
2112 6657.54 14.44 0.00
2113 3041.16 19.93 0.00
2114 1.49 0.50 0.00
2115 7.36 296.82 0.00
2116 3.27 2.81 0.00
2117 1.26 0.37 0.00
2118 2.44 1.77 0.00
2119 1.15 0.88 0.00
2120 1.10 0.30 0.00
2121 3.32 0.59 0.00
2122 4.85 131.89 0.00
2123 2.96 2.84 0.00
2124 0.86 0.30 0.00
2125 3.42 2.44 0.00
2126 46.61 176.04 0.00
2127 531.96 921.48 0.00
2128 59.17 2.53 0.00
2129 2.54 0.30 0.00
2130 2.29 1.62 0.00
2131 5.81 198.50 0.00
2132 4.13 0.30 0.00
2133 2.00 1.99 0.00
2134 1.54 0.82 0.00
2135 3.60 5.53 0.00
2136 2.27 0.88 0.00
2137 2.67 3.17 0.00
2138 3.30 2.48 0.00
2139 2.90 2.05 0.00
2140 5.26 3.64 0.00
2141 4.05 2.37 0.00
2142 240.68 24.73 0.00
2143 2.31 2.28 0.00
2144 1.08 0.30 0.00
2145 1.81 4.95 0.00
2146 1.67 1.84 0.00
2147 1.99 0.59 0.00
2148 2.98 1.83 0.00
2149 1.71 0.82 0.00
2150 2.26 1.01 0.00
2151 2.81 0.89 0.00
2152 10.92 311.58 0.00
2153 4.66 3.87 0.00
2154 3.65 2.39 0.00
2155 3.28 7.20 0.00
2156 4.71 2.26 0.00
2157 276.40 24.45 0.00
2158 4.27 117.64 0.00
2159 3.30 1.64 0.00
2160 139.84 76.83 0.00
2161 167.46 37.92 0.00
2162 4838.94 12.86 0.00
2163 7342.15 12.41 0.00
2164 5105.93 6.10 0.00
2165 7873.73 12.06 0.00
2166 3664.65 5.61 0.00
2167 2991.24 7.21 0.00
2168 7069.16 12.01 0.00
2169 3338.41 6.17 0.00
2170 6840.95 13.68 0.00
2171 6811.55 11.55 0.00
2172 6960.65 13.02 0.00
2173 5011.83 422.17 0.00
2174 187.96 40.25 0.00
2175 1.39 4.30 0.00
2176 1.65 1.11 0.00
2177 3.85 2.18 0.00
2178 1.93 2.27 0.00
2179 3.52 2.81 0.00
2180 2.50 2.37 0.00
2181 2.13 0.75 0.00
2182 3.61 2.33 0.00
2183 3.24 3.58 0.00
2184 2.38 2.05 0.00
2185 308.80 30.25 0.00
2186 244.54 21.65 0.00
2187 387.52 18.66 0.00
2188 3.79 3.98 0.00
2189 194.22 3.57 0.00
2190 2.95 1.29 0.00
2191 4.27 2.96 0.00
2192 2.71 1.92 0.00
2193 6.14 213.31 0.00
2194 3.89 2.62 0.00
2195 0.95 4.88 0.00
2196 1.54 0.43 0.00
2197 149.33 8.63 0.00
2198 236.55 19.50 0.00
2199 2.43 1.32 0.00
2200 7.49 218.07 0.00
2201 145.06 356.51 0.00
2202 3.69 3.67 0.00
2203 4.52 3.85 0.00
2204 1.06 0.59 0.00
2205 6.21 196.67 0.00
2206 5.21 225.17 0.00
2207 3.64 3.95 0.00
2208 4.49 89.79 0.00
2209 0.88 45.10 0.00
2210 1.41 0.30 0.00
2211 170.16 21.88 0.00
2212 1.06 1.46 0.00
2213 510.17 373.66 0.00
2214 2.52 1.17 0.00
2215 4.78 313.30 0.00
2216 2.91 3.43 0.00
2217 2.17 1.87 0.00
2218 3.20 4.03 0.00
2219 1.47 0.72 0.00
2220 478.21 24.51 0.00
2221 1.82 3.56 0.00
2222 3.83 294.24 0.00
2223 1.87 67.30 0.00
2224 0.88 0.82 0.00
2225 280.56 526.04 0.00
2226 0.71 0.30 0.00
2227 0.88 0.82 0.00
2228 2.24 3.68 0.00
2229 0.66 0.30 0.00
2230 1.21 0.82 0.00
2231 1.82 1.92 0.00
2232 75.38 20.12 0.00
2233 2.03 2.32 0.00
2234 5.70 215.57 0.00
2235 393.96 27.24 0.00
2236 2.92 2.16 0.00
2237 334.39 40.30 0.00
2238 52.95 2.69 0.00
2239 1.86 2.60 0.00
2240 2.45 0.72 0.00
2241 3.35 1.76 0.00
2242 4.70 3.38 0.00
2243 1.49 1.71 0.00
2244 10.52 19.51 0.00
2245 2.77 5.10 0.00
2246 2.50 2.10 0.00
2247 2.35 1.79 0.00
2248 2.17 3.58 0.00
2249 2.67 2.50 0.00
2250 0.99 0.46 0.00
2251 3.84 2.74 0.00
2252 0.77 0.30 0.00
2253 2.02 2.41 0.00
2254 8.62 193.91 0.00
2255 1.50 5.02 0.00
2256 7.25 346.62 0.00
2257 340.03 62.55 0.00
2258 153.65 4.94 0.00
2259 2.11 1.85 0.00
2260 134.60 6.69 0.00
2261 169.64 17.45 0.00
2262 156.47 23.02 0.00
2263 133.15 5.80 0.00
2264 2.91 2.33 0.00
2265 2.47 4.43 0.00
2266 3.15 2.32 0.00
2267 2.45 2.20 0.00
2268 3.96 3.48 0.00
2269 184.13 20.10 0.00
2270 1.66 0.82 0.00
2271 3.45 1.81 0.00
2272 2.27 2.72 0.00
2273 3.21 3.84 0.00
2274 14.47 241.37 0.00
2275 1.50 5.62 0.00
2276 1.55 0.59 0.00
2277 3.76 1.87 0.00
2278 6.91 149.11 0.00
2279 1.88 20.46 0.00
2280 5.50 222.47 0.00
2281 1.36 0.98 0.00
2282 1.50 0.59 0.00
2283 378.50 244.84 0.00
2284 142.74 22.44 0.00
2285 302.03 25.81 0.00
2286 2.43 0.75 0.00
2287 3.77 3.38 0.00
2288 3.06 3.24 0.00
2289 2.21 2.08 0.00
2290 3.24 2.74 0.00
2291 658.09 20.25 0.00
2292 4.62 5.99 0.00
2293 3.93 198.67 0.00
2294 2.74 1.59 0.00
2295 3.63 6.23 0.00
2296 2.15 1.88 0.00
2297 5.13 101.70 0.00
2298 6.65 199.73 0.00
2299 1.79 130.92 0.00
2300 1.62 0.59 0.00
2301 2.77 0.72 0.00
2302 0.99 0.82 0.00
2303 1.74 1.46 0.00
2304 1.14 1.86 0.00
2305 0.73 5.53 0.00
2306 2.06 0.13 0.00
2307 2.37 3.73 0.00
2308 1.75 2.70 0.00
2309 181.12 20.30 0.00
2310 158.57 69.38 0.00
2311 701.04 50.65 0.00
2312 8.26 543.81 0.00
2313 0.96 43.26 0.00
2314 2.30 1.53 0.00
2315 3.70 2.74 0.00
2316 3.73 6.50 0.00
2317 0.77 0.98 0.00
2318 2.46 1.90 0.00
2319 1.81 0.30 0.00
2320 565.71 25.65 0.00
2321 1.93 0.30 0.00
2322 2.86 1.02 0.00
2323 6.72 9.52 0.00
2324 1.22 0.30 0.00
2325 1.14 4.88 0.00
2326 4.42 3.90 0.00
2327 1.00 0.51 0.00
2328 2.63 1.91 0.00
2329 2.01 1.29 0.00
2330 3.39 2.35 0.00
2331 68.47 4.96 0.00
2332 187.63 21.74 0.00
2333 4.78 3.58 0.00
2334 781.32 46.48 0.00
2335 2.77 5.62 0.00
2336 2.37 0.72 0.00
2337 2.84 1.66 0.00
2338 3.95 5.18 0.00
2339 7.64 293.14 0.00
2340 1.47 0.78 0.00
2341 2.51 1.40 0.00
2342 3.22 3.42 0.00
2343 170.80 5.89 0.00
2344 177.87 21.41 0.00
2345 2.65 5.46 0.00
2346 158.13 21.81 0.00
2347 1.31 0.98 0.00
2348 1.59 1.83 0.00
2349 1.66 0.30 0.00
2350 1.43 0.51 0.00
2351 1.55 0.43 0.00
2352 12.69 561.42 0.00
2353 5.52 207.72 0.00
2354 1.80 0.88 0.00
2355 6.01 7.92 0.00
2356 2.61 2.46 0.00
2357 443.52 25.52 0.00
2358 4.02 2.19 0.00
2359 6.38 134.90 0.00
2360 1.40 0.94 0.00
2361 154.90 7.44 0.00
2362 181.83 32.12 0.00
2363 2.63 2.06 0.00
2364 7.08 215.76 0.00
2365 1.13 5.88 0.00
2366 2.99 1.58 0.00
2367 5.51 189.17 0.00
2368 4.32 7.19 0.00
2369 1.66 0.30 0.00
2370 242.68 21.74 0.00
2371 2.25 1.33 0.00
2372 1.66 0.29 0.00
2373 2.41 3.50 0.00
2374 1.77 0.98 0.00
2375 2.72 5.09 0.00
2376 5.00 337.54 0.00
2377 1.32 1.17 0.00
2378 3.68 3.90 0.00
2379 1.10 0.00 0.00
2380 5.04 286.54 0.00
2381 2.37 0.30 0.00
2382 76.67 21.73 0.00
2383 2.72 3.92 0.00
2384 452.35 19.29 0.00
2385 380.62 34.62 0.00
2386 2.32 1.27 0.00
2387 4.12 261.66 0.00
2388 3.25 4.70 0.00
2389 6.06 188.40 0.00
2390 2.50 1.81 0.00
2391 2.49 2.66 0.00
2392 4.73 306.00 0.00
2393 5.24 3.41 0.00
2394 456.24 25.62 0.00
2395 18.10 39.53 0.00
2396 3.36 1.89 0.00
2397 4.78 3.84 0.00
2398 5.11 5.23 0.00
2399 4.94 281.45 0.00
2400 3.94 2.10 0.00
2401 2.87 2.89 0.00
2402 1.28 0.59 0.00
2403 2.75 2.32 0.00
2404 281.12 20.00 0.00
2405 2.32 4.82 0.00
2406 1.93 0.00 0.00
2407 1.60 1.11 0.00
2408 2.28 3.58 0.00
2409 1.77 0.46 0.00
2410 0.55 0.82 0.00
2411 5.65 280.48 0.00
2412 1.24 27.18 0.00
2413 1.84 5.62 0.00
2414 1.50 2.21 0.00
2415 1.69 5.30 0.00
2416 2.45 2.61 0.00
2417 1.39 0.43 0.00
2418 185.66 23.63 0.00
2419 187.28 5.09 0.00
2420 274.80 20.09 0.00
2421 3.44 1.78 0.00
2422 161.23 23.09 0.00
2423 7.57 181.78 0.00
2424 1.58 0.66 0.00
2425 2.57 6.38 0.00
2426 5.02 3.75 0.00
2427 6.70 308.06 0.00
2428 3.27 26.68 0.00
2429 143.62 22.04 0.00
2430 3.07 1.59 0.00
2431 1.47 0.86 0.00
2432 155.33 18.96 0.00
2433 1.10 0.45 0.00
2434 3.17 3.39 0.00
2435 3.61 4.43 0.00
2436 2.20 2.37 0.00
2437 3.44 1.97 0.00
2438 5.73 276.48 0.00
2439 3.10 1.83 0.00
2440 0.95 1.11 0.00
2441 5.93 5.10 0.00
2442 5.13 5.63 0.00
2443 164.08 14.28 0.00
2444 1.49 1.71 0.00
2445 4123.85 30.34 0.00
2446 6742.05 15.47 0.00
2447 6942.91 282.98 0.00
2448 7198.15 14.71 0.00
2449 6625.42 15.40 0.00
2450 7190.31 14.30 0.00
2451 7107.76 690.01 0.00
2452 6867.18 29.24 0.00
2453 6956.57 16.98 0.00
2454 6972.42 282.29 0.00
2455 6845.07 19.09 0.00
2456 7069.04 14.86 0.00
2457 7594.64 32.09 0.00
2458 7063.21 15.12 0.00
2459 7161.38 15.50 0.00
2460 6946.16 14.35 0.00
2461 15188.16 69.38 0.00
2462 27417.80 55.05 0.00
2463 27840.21 54.77 0.00
2464 5541.90 13.82 0.00
2465 8860.72 237.61 0.00
2466 21429.94 188.90 0.00
2467 20991.83 45.39 0.00
2468 20186.00 41.35 0.00
2469 19597.57 42.19 0.00
2470 20907.59 42.44 0.00
2471 19684.07 39.26 0.00
2472 20362.47 43.42 0.00
2473 24667.76 283.18 0.00
2474 27774.95 55.09 0.00
2475 25612.77 53.09 0.00
2476 12706.73 25.59 0.00
2477 18148.28 37.86 0.00
2478 13183.33 28.70 0.00
2479 9869.15 23.63 0.00
2480 11862.49 26.12 0.00
2481 10195.31 23.38 0.00
2482 4359.50 17.47 0.00
2483 11375.24 37.75 0.00
2484 15496.58 36.32 0.00
2485 17483.81 207.69 0.00
2486 25848.49 59.98 0.00
2487 21956.15 65.74 0.00
2488 17630.35 54.95 0.00
2489 11215.06 37.05 0.00
2490 7300.47 254.43 0.00
2491 12325.83 62.22 0.00
2492 26873.76 278.71 0.00
2493 25028.89 46.16 0.00
2494 26269.73 53.98 0.00
2495 26537.27 58.32 0.00
2496 23731.78 49.23 0.00
2497 28337.00 56.86 0.00
2498 21348.27 53.60 0.00
2499 21123.76 44.24 0.00
2500 19953.24 41.53 0.00
2501 21349.22 45.63 0.00
2502 1363.23 7.65 0.00
2503 4385.51 20.69 0.00
2504 13864.01 30.54 0.00
2505 12635.29 27.91 0.00
2506 14565.80 28.02 0.00
2507 13337.49 24.28 0.00
2508 13979.65 28.64 0.00
2509 13962.44 30.00 0.00
2510 14394.38 27.68 0.00
2511 13743.09 28.83 0.00
2512 13521.98 28.08 0.00
2513 1223.21 30.55 0.00
2514 1.63 2.12 0.00
2515 4.04 3.69 0.00
2516 2.54 0.56 0.00
2517 2.11 0.37 0.00
2518 2.38 2.32 0.00
2519 5.77 134.64 0.00
2520 1.61 0.51 0.00
2521 2.03 0.82 0.00
2522 2.97 1.30 0.00
2523 1.32 0.51 0.00
2524 2.14 2.48 0.00
2525 29.18 21.70 0.00
2526 7.31 11.20 0.00
2527 38.93 73.80 0.00
2528 6.82 19.62 0.00
2529 9.53 9.90 0.00
2530 4.75 3.76 0.00
2531 4.44 2.86 0.00
2532 26.59 249.14 0.00
2533 305.73 8.27 0.00
2534 3.63 283.90 0.00
2535 1.28 4.54 0.00
2536 2.79 1.40 0.00
2537 1.83 0.00 0.00
2538 3.88 4.86 0.00
2539 2.54 2.57 0.00
2540 2.59 0.43 0.00
2541 2.60 1.17 0.00
2542 2.21 0.98 0.00
2543 1.65 0.56 0.00
2544 1.96 2.45 0.00
2545 2.28 7.60 0.00
2546 1.43 0.43 0.00
2547 2.34 3.32 0.00
2548 4.73 4.17 0.00
2549 604.68 40.64 0.00
2550 1.10 0.30 0.00
2551 3.06 0.95 0.00
2552 4.08 0.59 0.00
2553 3.14 0.88 0.00
2554 3.67 4.42 0.00
2555 5.11 7.06 0.00
2556 2.68 0.46 0.00
2557 2.91 0.95 0.00
2558 2.73 0.59 0.00
2559 3.67 2.28 0.00
2560 469.45 593.43 0.00
2561 205.22 20.87 0.00
2562 2.14 0.37 0.00
2563 3.60 68.98 0.00
2564 7.86 73.53 0.00
2565 5.54 8.63 0.00
2566 2.30 2.22 0.00
2567 4.81 66.99 0.00
2568 2.51 0.00 0.00
2569 1.66 4.23 0.00
2570 1.68 1.00 0.00
2571 1.97 0.43 0.00
2572 0.55 0.82 0.00
2573 1.80 0.86 0.00
2574 2.16 0.00 0.00
2575 1.94 7.24 0.00
2576 4.64 3.53 0.00
2577 1013.09 180.49 0.00
2578 2.91 2.51 0.00
2579 1.54 0.30 0.00
2580 3.18 2.28 0.00
2581 4.76 5.19 0.00
2582 2.46 0.30 0.00
2583 3.07 0.43 0.00
2584 2.68 1.56 0.00
2585 3.94 8.73 0.00
2586 2.38 0.30 0.00
2587 3.24 1.24 0.00
2588 186.89 15.47 0.00
2589 444.80 19.21 0.00
2590 151.55 244.18 0.00
2591 182.47 835.67 0.00
2592 1.44 0.46 0.00
2593 2.09 2.95 0.00
2594 4.46 1.39 0.00
2595 2.67 8.78 0.00
2596 2.39 1.46 0.00
2597 3.99 91.13 0.00
2598 2.75 40.50 0.00
2599 2.97 3.22 0.00
2600 4.37 3.40 0.00
2601 4.00 2.30 0.00
2602 10.17 781.41 0.00
2603 2.84 1.24 0.00
2604 11.62 23.25 0.00
2605 301.86 44.08 0.00
2606 6.24 173.43 0.00
2607 3.72 5.16 0.00
2608 2.10 0.98 0.00
2609 1.61 0.43 0.00
2610 2.43 3.64 0.00
2611 2.70 2.66 0.00
2612 1.30 0.30 0.00
2613 4.52 212.25 0.00
2614 4.06 2.33 0.00
2615 3.99 7.43 0.00
2616 301.95 20.12 0.00
2617 168.17 5.33 0.00
2618 3.24 1.81 0.00
2619 7.25 200.28 0.00
2620 2.90 2.93 0.00
2621 1.66 1.77 0.00
2622 2.60 2.28 0.00
2623 2.78 3.99 0.00
2624 0.56 0.00 0.00
2625 2.33 5.98 0.00
2626 1.88 2.14 0.00
2627 4.67 3.10 0.00
2628 392.30 23.63 0.00
2629 520.45 240.47 0.00
2630 9.84 14.81 0.00
2631 4.38 3.88 0.00
2632 3.07 2.60 0.00
2633 4.97 236.20 0.00
2634 3.48 1.94 0.00
2635 2.78 6.22 0.00
2636 3.05 2.66 0.00
2637 3.58 3.40 0.00
2638 1.66 1.11 0.00
2639 4.20 6.98 0.00
2640 11.00 14.64 0.00
2641 4.49 4.02 0.00
2642 142.55 22.64 0.00
2643 134.64 4.24 0.00
2644 4.70 69.25 0.00
2645 3.72 7.50 0.00
2646 5.51 205.50 0.00
2647 4.13 4.57 0.00
2648 4.38 87.04 0.00
2649 1.62 199.64 0.00
2650 3.88 220.88 0.00
2651 3.53 2.98 0.00
2652 3.78 5.77 0.00
2653 2.32 1.81 0.00
2654 220.92 73.67 0.00
2655 673.73 48.25 0.00
2656 138.15 15.03 0.00
2657 2.53 2.03 0.00
2658 1.10 0.46 0.00
2659 3.00 2.41 0.00
2660 3.32 3.35 0.00
2661 2.31 1.04 0.00
2662 2.41 2.70 0.00
2663 1.28 0.59 0.00
2664 2.05 2.22 0.00
2665 4.97 7.75 0.00
2666 5.12 134.82 0.00
2667 6.02 354.12 0.00
2668 6.86 133.89 0.00
2669 227.21 138.80 0.00
2670 2.64 2.83 0.00
2671 255.61 16.95 0.00
2672 3.36 2.66 0.00
2673 1.21 0.36 0.00
2674 1.10 0.82 0.00
2675 3.01 5.99 0.00
2676 2.21 2.37 0.00
2677 3.31 4.20 0.00
2678 9.59 454.69 0.00
2679 277.32 10.07 0.00
2680 179.53 16.52 0.00
2681 535.05 34.08 0.00
2682 73.98 17.11 0.00
2683 4.15 3.55 0.00
2684 2.79 305.98 0.00
2685 2.04 5.23 0.00
2686 2.03 2.44 0.00
2687 3.97 197.29 0.00
2688 2.11 1.54 0.00
2689 2.85 1.69 0.00
2690 2.00 1.46 0.00
2691 4.28 4.19 0.00
2692 4.15 4.38 0.00
2693 2.22 0.75 0.00
2694 1.83 0.64 0.00
2695 6.27 10.52 0.00
2696 2.15 0.30 0.00
2697 3.89 5.35 0.00
2698 174.04 7.17 0.00
2699 4.09 5.72 0.00
2700 164.83 18.50 0.00
2701 2.39 1.36 0.00
2702 3.33 277.45 0.00
2703 2.00 0.36 0.00
2704 4.81 252.88 0.00
2705 3.79 212.00 0.00
2706 11.49 265.28 0.00
2707 451.25 24.52 0.00
2708 161.94 4.66 0.00
2709 343.90 27.14 0.00
2710 181.72 18.89 0.00
2711 4.07 2.41 0.00
2712 2.63 2.21 0.00
2713 1.83 2.51 0.00
2714 2.36 1.30 0.00
2715 3.59 7.61 0.00
2716 3.80 3.26 0.00
2717 1.83 0.59 0.00
2718 4.48 6.36 0.00
2719 16.16 554.88 0.00
2720 133.42 4.33 0.00
2721 2.29 0.34 0.00
2722 2.99 2.10 0.00
2723 3.16 2.76 0.00
2724 1.75 1.01 0.00
2725 2.26 6.00 0.00
2726 180.55 11.63 0.00
2727 3.77 3.10 0.00
2728 228.21 277.08 0.00
2729 1.90 1.80 0.00
2730 3.29 4.13 0.00
2731 1.76 1.69 0.00
2732 4.04 67.77 0.00
2733 0.90 0.83 0.00
2734 225.02 21.82 0.00
2735 2.21 6.52 0.00
2736 619.85 44.93 0.00
2737 3.18 229.34 0.00
2738 5.08 14.25 0.00
2739 4.40 3.34 0.00
2740 2.34 2.80 0.00
2741 4.57 2.23 0.00
2742 1.89 2.38 0.00
2743 4.93 3.83 0.00
2744 1.32 0.51 0.00
2745 3.22 7.24 0.00
2746 7.43 192.03 0.00
2747 2.83 1.97 0.00
2748 5.17 314.23 0.00
2749 3.47 0.98 0.00
2750 2.70 2.54 0.00
2751 4.10 2.86 0.00
2752 3.72 2.45 0.00
2753 237.21 22.69 0.00
2754 3.13 1.94 0.00
2755 3.17 7.27 0.00
2756 2.87 1.67 0.00
2757 271.43 11.04 0.00
2758 175.00 244.68 0.00
2759 141.81 20.13 0.00
2760 198.69 251.44 0.00
2761 3.67 2.80 0.00
2762 163.64 7.63 0.00
2763 247.69 14.02 0.00
2764 4.01 180.63 0.00
2765 8.20 75.32 0.00
2766 5.19 195.14 0.00
2767 1.40 0.82 0.00
2768 4.44 4.42 0.00
2769 3.92 2.23 0.00
2770 1.75 2.78 0.00
2771 2.01 2.35 0.00
2772 2.49 2.00 0.00
2773 2.40 3.30 0.00
2774 11.85 23.64 0.00
2775 10.92 19.18 0.00
2776 5.91 255.55 0.00
2777 3.08 2.23 0.00
2778 147.90 410.82 0.00
2779 11.43 403.65 0.00
2780 1.39 0.43 0.00
2781 5.26 2.57 0.00
2782 2.50 2.18 0.00
2783 2.63 1.17 0.00
2784 2.25 0.30 0.00
2785 2.23 5.87 0.00
2786 3.74 4.25 0.00
2787 2.25 0.30 0.00
2788 3.14 3.36 0.00
2789 2.32 0.26 0.00
2790 2.30 1.17 0.00
2791 5.19 275.58 0.00
2792 176.92 20.17 0.00
2793 10.86 294.51 0.00
2794 3.94 3.65 0.00
2795 11.57 659.03 0.00
2796 3.45 2.92 0.00
2797 1.71 1.18 0.00
2798 2.93 1.20 0.00
2799 3.44 3.83 0.00
2800 323.49 35.84 0.00
2801 11.56 268.97 0.00
2802 3.32 4.75 0.00
2803 2.16 1.15 0.00
2804 10.95 19.57 0.00
2805 3.87 135.92 0.00
2806 233.84 244.13 0.00
2807 3.37 3.70 0.00
2808 3.64 4.07 0.00
2809 2.21 0.98 0.00
2810 1.97 1.01 0.00
2811 2.54 2.37 0.00
2812 2.12 2.57 0.00
2813 9.26 2027.35 0.00
2814 12.32 4339.63 0.00
2815 11.82 4636.94 0.00
2816 5.70 1322.61 0.00
2817 9.71 2365.41 0.00
2818 10.48 3756.44 0.00
2819 306.51 6633.56 0.00
2820 19.51 6747.30 0.00
2821 12.29 5447.42 0.00
2822 12.73 6310.75 0.00
2823 14.05 6557.73 0.00
2824 11.10 5774.13 0.00
2825 11.57 5202.35 0.00
2826 660.27 6797.59 0.00
2827 11.73 6049.21 0.00
2828 12.05 5826.30 0.00
2829 4.36 792.48 0.00
2830 1.97 16.32 0.00
2831 571.51 6494.56 0.00
2832 15.78 6284.39 0.00
2833 15.97 6064.02 0.00
2834 13.83 6449.45 0.00
2835 15.71 6870.82 0.00
2836 180.72 6586.69 0.00
2837 12.62 5388.91 0.00
2838 11.58 5299.41 0.00
2839 9.71 3876.15 0.00
2840 3.65 2.85 0.00
2841 10.18 267.92 0.00
2842 10.35 2350.71 0.00
2843 274.25 2986.53 0.00
2844 11.21 4138.39 0.00
2845 11.15 4963.88 0.00
2846 9.20 2726.01 0.00
2847 12.58 5903.04 0.00
2848 8.38 3282.56 0.00
2849 9.85 3771.67 0.00
2850 141.73 2850.45 0.00
2851 7.81 2603.54 0.00
2852 10.90 6190.75 0.00
2853 14.73 6319.87 0.00
2854 223.61 6302.15 0.00
2855 17.31 6507.85 0.00
2856 14.25 6540.94 0.00
2857 12.89 6151.70 0.00
2858 5.62 1980.31 0.00
2859 2.88 1.83 0.00
2860 15.43 5609.52 0.00
2861 310.36 5962.12 0.00
2862 13.64 6421.61 0.00
2863 14.38 6800.71 0.00
2864 14.95 6601.06 0.00
2865 14.33 6213.56 0.00
2866 20.79 6693.79 0.00
2867 13.05 6524.95 0.00
2868 13.79 6530.23 0.00
2869 29.20 975.69 0.00
2870 3474.54 663.88 0.00
2871 14905.03 1551.28 0.00
2872 13501.05 4616.11 0.00
2873 17541.27 1690.54 0.00
2874 10247.13 2101.14 0.00
2875 2655.93 4891.09 0.00
2876 1792.48 4390.75 0.00
2877 797.22 80.37 0.00
2878 892.52 2.30 0.00
2879 1561.05 4.49 0.00
2880 3158.10 5.54 0.00
2881 3115.06 5.27 0.00
2882 2044.79 2.56 0.00
2883 3073.74 4.93 0.00
2884 7589.88 15.58 0.00
2885 10505.70 23.25 0.00
2886 11437.98 44.70 0.00
2887 22991.22 51.37 0.00
2888 20106.48 30.47 0.00
2889 20954.78 39.64 0.00
2890 27952.00 3239.70 0.00
2891 13272.29 2948.66 0.00
2892 13789.37 3612.30 0.00
2893 20739.78 4568.19 0.00
2894 9401.24 973.94 0.00
2895 8363.84 17.81 0.00
2896 8373.82 15.22 0.00
2897 7240.81 901.23 0.00
2898 7986.75 2838.42 0.00
2899 7352.35 2610.40 0.00
2900 5933.16 2359.48 0.00
2901 5782.29 3552.05 0.00
2902 20644.82 11893.05 0.00
2903 28112.25 8592.99 0.00
2904 30786.00 10140.58 0.00
2905 25641.57 11200.81 0.00
2906 29607.74 8879.91 0.00
2907 23029.59 11241.17 0.00
2908 4455.51 17220.42 0.00
2909 24.85 19377.98 0.00
2910 25.30 19003.49 0.00
2911 24.57 15844.11 0.00
2912 25.43 16203.68 0.00
2913 28.43 16580.65 0.00
2914 23.07 15847.04 0.00
2915 26.61 18173.84 0.00
2916 42.44 6694.15 0.00
2917 8.35 11.89 0.00
2918 14957.46 35.70 0.00
2919 26.98 58.74 0.00
2920 8.64 12.18 0.00
2921 5.24 567.58 0.00
2922 15.49 7112.90 0.00
2923 3.75 582.23 0.00
2924 40.97 4212.64 0.00
2925 141.78 14.70 0.00
2926 8.67 653.15 0.00
2927 1.92 0.74 0.00
2928 7.45 5.22 0.00
2929 3.52 8.17 0.00
2930 2.79 2.09 0.00
2931 3.24 2.02 0.00
2932 2.88 357.56 0.00
2933 1.69 0.46 0.00
2934 2.61 0.55 0.00
2935 2.04 7.66 0.00
2936 4.50 3.66 0.00
2937 3.20 1.76 0.00
2938 2.30 3.11 0.00
2939 299.95 38.66 0.00
2940 3.50 1.83 0.00
2941 1.28 0.92 0.00
2942 2.87 0.30 0.00
2943 2.41 1.86 0.00
2944 1.67 1.04 0.00
2945 3.42 6.33 0.00
2946 2.26 2.82 0.00
2947 3.76 3.19 0.00
2948 1.79 0.93 0.00
2949 0.73 0.43 0.00
2950 1.17 0.82 0.00
2951 305.50 4.43 0.00
2952 207.37 5.73 0.00
2953 1.22 0.96 0.00
2954 7.76 14.49 0.00
2955 10.91 23.71 0.00
2956 159.89 3.95 0.00
2957 2.33 0.51 0.00
2958 1.00 0.30 0.00
2959 0.95 0.51 0.00
2960 2.18 0.30 0.00
2961 6.83 6.10 0.00
2962 6.97 222.26 0.00
2963 1.53 0.59 0.00
2964 9.35 578.01 0.00
2965 8.06 141.31 0.00
2966 287.47 3.54 0.00
2967 430.04 26.20 0.00
2968 306.69 19.68 0.00
2969 1.47 0.72 0.00
2970 1.12 0.59 0.00
2971 1.82 0.98 0.00
2972 1.29 2.06 0.00
2973 0.84 0.59 0.00
2974 4.73 5.29 0.00
2975 3.50 6.14 0.00
2976 4.03 533.16 0.00
2977 1.91 2.41 0.00
2978 2.47 2.28 0.00
2979 2.29 0.42 0.00
2980 2.87 0.82 0.00
2981 2.12 0.30 0.00
2982 4.83 4.21 0.00
2983 517.06 10.90 0.00
2984 3.72 12.01 0.00
2985 715.68 52.61 0.00
2986 3.80 1.82 0.00
2987 1.45 1.92 0.00
2988 2.00 1.97 0.00
2989 9.15 1295.10 0.00
2990 8.92 4540.05 0.00
2991 11.02 4852.35 0.00
2992 10.95 4974.87 0.00
2993 9.58 4695.79 0.00
2994 183.54 3946.37 0.00
2995 11.28 647.21 0.00
2996 8.94 4869.70 0.00
2997 11.15 4581.83 0.00
2998 7.84 4014.19 0.00
2999 10.41 3677.92 0.00
3000 213.30 4059.42 0.00
3001 6.53 3217.68 0.00
3002 5.88 2242.59 0.00
3003 4.71 1308.52 0.00
3004 2.90 319.20 0.00
3005 13.80 4740.83 0.00
3006 12.53 5270.97 0.00
3007 14.01 5758.53 0.00
3008 9.73 3770.43 0.00
3009 11.85 5879.97 0.00
3010 9.96 4872.75 0.00
3011 287.00 3422.04 0.00
3012 176.89 5140.37 0.00
3013 11.17 4946.51 0.00
3014 13.28 5215.20 0.00
3015 6.98 4387.39 0.00
3016 7.51 4110.64 0.00
3017 7.47 2992.05 0.00
3018 8.35 3466.76 0.00
3019 8.62 3462.58 0.00
3020 14.06 5201.64 0.00
3021 83.47 4900.12 0.00
3022 190.65 3047.45 0.00
3023 1.22 1.77 0.00
3024 0.73 0.37 0.00
3025 2.22 0.88 0.00
3026 1.51 0.88 0.00
3027 1.67 2.45 0.00
3028 2.00 2.29 0.00
3029 0.62 0.37 0.00
3030 0.63 0.30 0.00
3031 1.41 0.51 0.00
3032 0.86 0.30 0.00
3033 1.28 1.70 0.00
3034 1.44 0.89 0.00
3035 0.80 0.43 0.00
3036 1.21 0.83 0.00
3037 1.90 5.66 0.00
3038 820.94 48.51 0.00
3039 4.15 245.85 0.00
3040 5.14 5.08 0.00
3041 2.24 65.75 0.00
3042 4.40 3.45 0.00
3043 8.50 218.75 0.00
3044 1.32 2.15 0.00
3045 2.70 5.02 0.00
3046 1.35 0.82 0.00
3047 2.39 3.99 0.00
3048 321.29 34.90 0.00
3049 3.21 3.49 0.00
3050 194.25 2.43 0.00
3051 1.64 0.30 0.00
3052 0.84 1.11 0.00
3053 2.64 1.40 0.00
3054 2.18 2.05 0.00
3055 1.37 5.62 0.00
3056 2.44 1.99 0.00
3057 2.14 0.61 0.00
3058 1.40 3.84 0.00
3059 143.11 20.88 0.00
3060 684.72 43.20 0.00
3061 0.63 0.82 0.00
3062 1.22 0.30 0.00
3063 0.89 1.70 0.00
3064 1.62 2.66 0.00
3065 3.99 5.60 0.00
3066 0.74 0.46 0.00
3067 0.44 0.82 0.00
3068 3.78 5.15 0.00
3069 1.60 1.39 0.00
3070 1.40 1.08 0.00
3071 7.21 197.34 0.00
3072 4.09 187.25 0.00
3073 344.19 23.91 0.00
3074 1.61 1.71 0.00
3075 1.10 5.24 0.00
3076 0.85 0.82 0.00
3077 1.83 1.99 0.00
3078 1.68 2.66 0.00
3079 1.11 2.45 0.00
3080 1.41 0.30 0.00
3081 1.11 0.00 0.00
3082 0.66 0.82 0.00
3083 284.42 1.82 0.00
3084 2.82 7.10 0.00
3085 705.68 64.97 0.00
3086 194.48 3.09 0.00
3087 2.89 4.27 0.00
3088 2.48 2.45 0.00
3089 2.76 2.82 0.00
3090 3.56 4.51 0.00
3091 2.00 0.82 0.00
3092 1.22 0.30 0.00
3093 1.06 0.43 0.00
3094 2.72 2.73 0.00
3095 2.28 1.08 0.00
3096 1.21 5.11 0.00
3097 1.20 2.44 0.00
3098 220.28 10.09 0.00
3099 230.18 794.78 0.00
3100 2.53 2.39 0.00
3101 3.31 2.10 0.00
3102 2.33 3.22 0.00
3103 2.00 1.16 0.00
3104 2.00 3.88 0.00
3105 1.30 5.48 0.00
3106 1.58 1.11 0.00
3107 0.55 0.00 0.00
3108 0.66 0.30 0.00
3109 3.44 2.34 0.00
3110 773.43 50.63 0.00
3111 550.22 17.70 0.00
3112 2.19 1.73 0.00
3113 1.50 0.78 0.00
3114 0.84 0.59 0.00
3115 3.17 8.17 0.00
3116 4.33 3.87 0.00
3117 2.36 1.35 0.00
3118 1.88 1.87 0.00
3119 0.89 0.30 0.00
3120 0.91 1.71 0.00
3121 1.59 0.43 0.00
3122 1.13 0.72 0.00
3123 1.56 0.46 0.00
3124 7.47 1231.82 0.00
3125 2.77 43.91 0.00
3126 2.91 2.15 0.00
3127 163.43 8.73 0.00
3128 169.31 16.26 0.00
3129 3.28 197.23 0.00
3130 187.35 20.72 0.00
3131 1.14 0.53 0.00
3132 1.64 1.70 0.00
3133 2.44 1.11 0.00
3134 0.84 0.59 0.00
3135 1.98 6.40 0.00
3136 3.99 3.71 0.00
3137 0.66 0.65 0.00
3138 6.26 197.24 0.00
3139 3.09 4.11 0.00
3140 9.21 18.10 0.00
3141 190.89 279.62 0.00
3142 178.11 22.85 0.00
3143 255.03 50.01 0.00
3144 214.48 2.33 0.00
3145 4.29 8.58 0.00
3146 2.89 3.43 0.00
3147 1.44 2.64 0.00
3148 1.13 1.46 0.00
3149 1.89 2.08 0.00
3150 2.13 2.77 0.00
3151 7.20 556.08 0.00
3152 1.89 1.46 0.00
3153 159.51 10.73 0.00
3154 9.84 15.49 0.00
3155 2.27 6.76 0.00
3156 0.30 0.30 0.00
3157 1.11 1.15 0.00
3158 1.33 0.30 0.00
3159 0.34 0.00 0.00
3160 1.30 2.27 0.00
3161 1.85 1.94 0.00
3162 0.46 0.61 0.00
3163 1.98 3.86 0.00
3164 0.73 0.59 0.00
3165 266.13 14.33 0.00
3166 797.53 40.79 0.00
3167 300.85 19.65 0.00
3168 2.05 1.17 0.00
3169 2.58 1.17 0.00
3170 1.74 3.49 0.00
3171 1.39 1.07 0.00
3172 3.67 1.76 0.00
3173 4.35 301.15 0.00
3174 0.99 2.24 0.00
3175 3.46 6.81 0.00
3176 9.29 17.93 0.00
3177 250.79 26.72 0.00
3178 8.90 13.63 0.00
3179 4.05 213.05 0.00
3180 4.50 55.14 0.00
3181 3.03 2.38 0.00
3182 2.80 1.89 0.00
3183 1.66 1.83 0.00
3184 1.82 1.69 0.00
3185 3.37 7.46 0.00
3186 2.03 0.65 0.00
3187 2.16 2.60 0.00
3188 2.49 1.01 0.00
3189 2.70 1.07 0.00
3190 2.91 309.10 0.00
3191 1.33 0.65 0.00
3192 1.46 0.14 0.00
3193 1.06 2.37 0.00
3194 1.70 2.37 0.00
3195 3.83 8.09 0.00
3196 386.22 23.78 0.00
3197 6.90 337.13 0.00
3198 9.86 527.68 0.00
3199 2.96 2.93 0.00
3200 2.97 4.89 0.00
3201 2.11 0.46 0.00
3202 1.54 1.24 0.00
3203 1.21 0.46 0.00
3204 195.94 11.15 0.00
3205 255.58 385.40 0.00
3206 340.58 37.36 0.00
3207 1.12 3.65 0.00
3208 2.33 1.11 0.00
3209 1.91 1.04 0.00
3210 2.45 4.07 0.00
3211 2.00 0.92 0.00
3212 3.08 1.59 0.00
3213 1.17 1.08 0.00
3214 3.53 66.52 0.00
3215 5.65 191.42 0.00
3216 4.13 7.76 0.00
3217 1.00 1.03 0.00
3218 1.95 0.30 0.00
3219 3.12 3.91 0.00
3220 2.46 2.99 0.00
3221 2.61 2.85 0.00
3222 140.65 19.16 0.00
3223 4.26 184.12 0.00
3224 192.05 5.17 0.00
3225 2.86 16.36 0.00
3226 4.35 117.16 0.00
3227 1.72 1.17 0.00
3228 1.67 2.43 0.00
3229 1.95 1.11 0.00
3230 1.28 1.71 0.00
3231 3882.49 20.46 0.00
3232 2.90 1.37 0.00
3233 207.59 1.11 0.00
3234 6064.57 13.09 0.00
3235 6022.63 26.19 0.00
3236 6487.45 32.14 0.00
3237 4872.23 11.21 0.00
3238 6272.54 13.65 0.00
3239 6278.37 12.19 0.00
3240 5220.44 9.52 0.00
3241 6561.45 14.40 0.00
3242 6623.13 11.81 0.00
3243 5658.91 11.43 0.00
3244 6558.95 13.94 0.00
3245 7224.44 30.72 0.00
3246 7092.62 14.32 0.00
3247 17207.30 63.88 0.00
3248 22598.46 46.51 0.00
3249 20331.51 41.13 0.00
3250 25023.20 57.49 0.00
3251 15090.69 31.48 0.00
3252 4.13 3.13 0.00
3253 17126.11 35.81 0.00
3254 27211.65 54.95 0.00
3255 25815.58 57.27 0.00
3256 28534.29 57.82 0.00
3257 21773.25 55.56 0.00
3258 21442.54 381.92 0.00
3259 20188.80 40.55 0.00
3260 17662.03 37.38 0.00
3261 5485.65 14.45 0.00
3262 10232.73 22.31 0.00
3263 19868.36 35.11 0.00
3264 16335.66 31.43 0.00
3265 16586.02 40.10 0.00
3266 15661.46 30.61 0.00
3267 10059.53 25.02 0.00
3268 3785.08 16.65 0.00
3269 18490.81 46.91 0.00
3270 9093.26 19.25 0.00
3271 18818.93 44.50 0.00
3272 19117.87 49.30 0.00
3273 12380.71 45.14 0.00
3274 23912.69 87.80 0.00
3275 25450.44 62.66 0.00
3276 22130.68 61.49 0.00
3277 6249.54 16.91 0.00
3278 5429.36 13.64 0.00
3279 21927.56 42.17 0.00
3280 16524.21 35.44 0.00
3281 20191.07 39.94 0.00
3282 25188.03 64.58 0.00
3283 26340.91 52.51 0.00
3284 27212.94 60.93 0.00
3285 25172.11 74.49 0.00
3286 26767.30 55.59 0.00
3287 25700.24 54.57 0.00
3288 26166.56 53.53 0.00
3289 26204.26 53.33 0.00
3290 26064.96 53.00 0.00
3291 25989.27 55.12 0.00
3292 24183.18 58.31 0.00
3293 15763.27 42.32 0.00
3294 13736.03 27.01 0.00
3295 22199.36 72.93 0.00
3296 23029.74 67.61 0.00
3297 22356.54 47.18 0.00
3298 7912.85 16.91 0.00
3299 6132.55 12.25 0.00
3300 25975.45 55.38 0.00
3301 26444.71 371.75 0.00
3302 21739.95 38.73 0.00
3303 27097.96 54.43 0.00
3304 23964.17 44.74 0.00
3305 18909.58 45.30 0.00
3306 22016.55 45.99 0.00
3307 15958.10 45.20 0.00
3308 14197.87 50.79 0.00
3309 27631.29 56.95 0.00
3310 26331.89 51.17 0.00
3311 28006.83 54.44 0.00
3312 27848.90 56.09 0.00
3313 25071.51 50.82 0.00
3314 2.75 1.08 0.00
3315 26225.00 58.13 0.00
3316 28328.20 55.70 0.00
3317 28504.97 121.52 0.00
3318 26940.29 53.35 0.00
3319 24417.47 48.83 0.00
3320 10326.66 816.28 0.00
3321 6544.40 275.81 0.00
3322 7135.15 176.33 0.00
3323 7308.57 14.49 0.00
3324 6946.05 13.97 0.00
3325 17718.88 73.64 0.00
3326 25480.45 50.84 0.00
3327 27459.59 54.65 0.00
3328 24015.51 47.20 0.00
3329 7.42 1.50 0.00
3330 14525.16 30.16 0.00
3331 18667.60 57.23 0.00
3332 20287.67 46.32 0.00
3333 9681.72 88.08 0.00
3334 12668.87 30.36 0.00
3335 12741.85 105.93 0.00
3336 12735.18 36.42 0.00
3337 15932.94 275.72 0.00
3338 16517.09 45.63 0.00
3339 15605.84 41.14 0.00
3340 17167.41 42.09 0.00
3341 19086.32 40.41 0.00
3342 20830.10 46.82 0.00
3343 26293.38 348.90 0.00
3344 25672.83 59.63 0.00
3345 26226.16 61.23 0.00
3346 26438.17 54.90 0.00
3347 27181.29 54.89 0.00
3348 25784.38 49.45 0.00
3349 20008.03 40.45 0.00
3350 99.50 2.96 0.00
3351 14387.28 31.42 0.00
3352 24524.00 54.95 0.00
3353 22129.25 80.08 0.00
3354 13876.03 42.37 0.00
3355 12981.05 34.90 0.00
3356 10835.58 20.80 0.00
3357 2.80 0.46 0.00
3358 8878.38 19.65 0.00
3359 15444.06 55.04 0.00
3360 20625.79 46.95 0.00
3361 17473.88 49.88 0.00
3362 16387.44 34.22 0.00
3363 28240.12 273.64 0.00
3364 25621.34 54.44 0.00
3365 27481.04 61.94 0.00
3366 26402.24 53.26 0.00
3367 27142.16 53.48 0.00
3368 25863.07 50.74 0.00
3369 27504.18 58.86 0.00
3370 26262.02 53.40 0.00
3371 24036.66 49.71 0.00
3372 24743.94 51.37 0.00
3373 28047.43 55.47 0.00
3374 26989.88 53.41 0.00
3375 23581.44 80.28 0.00
3376 25320.77 267.19 0.00
3377 10518.37 23.36 0.00
3378 4.06 132.41 0.00
3379 23349.28 46.35 0.00
3380 27463.77 238.94 0.00
3381 25306.64 357.00 0.00
3382 19682.08 45.79 0.00
3383 15369.09 402.72 0.00
3384 7304.86 35.23 0.00
3385 6464.78 18.69 0.00
3386 6882.81 11.87 0.00
3387 10411.21 53.26 0.00
3388 2442.75 6.68 0.00
3389 19960.38 61.10 0.00
3390 24453.99 264.48 0.00
3391 16370.76 37.72 0.00
3392 26186.64 52.41 0.00
3393 27411.02 58.25 0.00
3394 26950.94 54.68 0.00
3395 27060.40 60.79 0.00
3396 27587.30 52.19 0.00
3397 26324.54 51.51 0.00
3398 26538.39 54.07 0.00
3399 25968.55 50.38 0.00
3400 27762.61 55.14 0.00
3401 26771.09 51.12 0.00
3402 26562.16 53.31 0.00
3403 25218.85 457.04 0.00
3404 27145.08 57.45 0.00
3405 27591.03 59.46 0.00
3406 26183.26 50.91 0.00
3407 26199.20 51.09 0.00
3408 26969.06 53.10 0.00
3409 5897.98 15.61 0.00
3410 2202.29 6.93 0.00
3411 6652.58 61.55 0.00
3412 2.45 1.03 0.00
3413 2.69 0.30 0.00
3414 1.56 0.30 0.00
3415 2.19 4.16 0.00
3416 1.84 0.50 0.00
3417 4.29 3.36 0.00
3418 1.33 0.82 0.00
3419 0.55 0.30 0.00
3420 1.97 1.77 0.00
3421 2.58 0.82 0.00
3422 2.51 0.30 0.00
3423 0.55 0.30 0.00
3424 1.41 0.82 0.00
3425 2.99 2.97 0.00
3426 0.52 0.36 0.00
3427 0.77 0.82 0.00
3428 1.94 0.30 0.00
3429 0.92 0.30 0.00
3430 1.73 2.23 0.00
3431 1.57 0.36 0.00
3432 0.85 0.45 0.00
3433 1.54 2.25 0.00
3434 2.17 0.30 0.00
3435 1.44 3.15 0.00
3436 1.21 0.93 0.00
3437 2.57 0.30 0.00
3438 1.34 0.30 0.00
3439 1.21 0.82 0.00
3440 4.57 1.74 0.00
3441 2.29 0.33 0.00
3442 1.87 0.82 0.00
3443 2.67 0.30 0.00
3444 1.40 0.30 0.00
3445 2.13 3.71 0.00
3446 2.01 0.37 0.00
3447 0.79 0.45 0.00
3448 1.33 2.25 0.00
3449 0.55 0.30 0.00
3450 1.29 1.59 0.00
3451 1.19 0.87 0.00
3452 0.87 0.30 0.00
3453 0.86 0.30 0.00
3454 1.52 0.82 0.00
3455 1.18 3.14 0.00
3456 0.30 0.36 0.00
3457 1.33 0.82 0.00
3458 0.66 0.30 0.00
3459 0.75 0.30 0.00
3460 1.85 2.17 0.00
3461 0.62 0.36 0.00
3462 1.24 1.87 0.00
3463 0.66 0.82 0.00
3464 0.33 0.30 0.00
3465 2.04 3.32 0.00
3466 0.93 0.89 0.00
3467 0.98 0.30 0.00
3468 1.90 0.30 0.00
3469 1.98 0.82 0.00
3470 2.60 2.35 0.00
3471 1.74 0.80 0.00
3472 3.15 2.10 0.00
3473 2.63 0.92 0.00
3474 2.87 1.51 0.00
3475 14.09 12.75 0.00
3476 1.24 0.75 0.00
3477 2.14 0.30 0.00
3478 1.08 2.39 0.00
3479 2.11 1.33 0.00
3480 1.75 0.96 0.00
3481 1.15 0.82 0.00
3482 2.28 0.45 0.00
3483 1.96 2.90 0.00
3484 0.95 0.90 0.00
3485 2.37 0.30 0.00
3486 1.52 0.30 0.00
3487 0.44 0.82 0.00
3488 1.14 0.71 0.00
3489 1.39 0.37 0.00
3490 1.09 1.06 0.00
3491 1.16 0.30 0.00
3492 1.18 0.14 0.00
3493 0.55 2.25 0.00
3494 0.55 0.30 0.00
3495 2.50 0.60 0.00
3496 1.81 1.81 0.00
3497 1.39 0.91 0.00
3498 3.14 1.89 0.00
3499 1.20 1.28 0.00
3500 0.86 0.30 0.00
3501 2.00 0.30 0.00
3502 0.66 0.82 0.00
3503 1.31 0.43 0.00
3504 0.88 0.70 0.00
3505 0.74 0.82 0.00
3506 1.19 0.30 0.00
3507 1.54 2.32 0.00
3508 0.44 1.01 0.00
3509 1.11 0.30 0.00
3510 0.44 0.30 0.00
3511 1.58 1.60 0.00
3512 5.19 3.58 0.00
3513 0.44 0.30 0.00
3514 0.54 0.82 0.00
3515 9.84 847.77 0.00
3516 0.74 0.30 0.00
3517 0.66 0.82 0.00
3518 3.60 0.75 0.00
3519 0.66 0.50 0.00
3520 0.74 0.82 0.00
3521 2.34 0.30 0.00
3522 2.07 2.96 0.00
3523 11.51 313.66 0.00
3524 3.20 1.58 0.00
3525 23.81 2106.44 0.00
