0 2.07 0.37 0.00
1 3.30 1.71 0.00
2 1.15 1.07 0.00
3 1.90 0.30 0.00
4 0.66 0.30 0.00
5 2.00 0.82 0.00
6 3.96 0.84 0.00
7 1.08 0.50 0.00
8 6.46 4.77 0.00
9 4.29 2.58 0.00
10 1.21 0.43 0.00
11 1.64 1.73 0.00
12 4.05 2.51 0.00
13 3.49 4.16 0.00
14 2.57 3.11 0.00
15 10.77 8.71 0.00
16 1.74 1.20 0.00
17 2.40 2.26 0.00
18 5.33 3.89 0.00
19 1.29 2.34 0.00
20 2.71 0.82 0.00
21 1.67 0.30 0.00
22 2.43 0.30 0.00
23 1.33 0.82 0.00
24 1.63 2.21 0.00
25 0.89 0.30 0.00
26 1.71 0.82 0.00
27 0.41 0.30 0.00
28 2.33 1.87 0.00
29 1.89 2.66 0.00
30 1.92 0.30 0.00
31 1.36 1.97 0.00
32 2.48 2.48 0.00
33 1.82 0.30 0.00
34 1.32 2.46 0.00
35 1.55 0.82 0.00
36 2.65 0.30 0.00
37 0.70 0.44 0.00
38 4.31 5.87 0.00
39 42430.80 104.02 0.00
40 46836.81 116.17 0.00
41 2.71 2.68 0.00
42 4.83 4.58 0.00
43 26.22 6.96 0.00
44 3.22 6.45 0.00
45 1.03 0.74 0.00
46 391.83 315.01 0.00
47 2.80 305.05 0.00
48 0.88 0.30 0.00
49 1.76 1.95 0.00
50 0.84 5.12 0.00
51 0.94 0.30 0.00
52 2.39 0.30 0.00
53 1.44 0.82 0.00
54 2.80 2.09 0.00
55 2.33 0.36 0.00
56 1.14 0.95 0.00
57 1.67 0.30 0.00
58 5.43 229.37 0.00
59 1.45 54.48 0.00
60 175.88 133.08 0.00
61 1.27 33.60 0.00
62 0.74 0.82 0.00
63 1.56 0.30 0.00
64 0.88 1.98 0.00
65 8.21 10.45 0.00
66 148.42 2.58 0.00
67 7.54 340.80 0.00
68 127.69 129.18 0.00
69 145.92 4.40 0.00
70 1.10 5.02 0.00
71 3.28 1.89 0.00
72 332.28 216.15 0.00
73 7.38 11.32 0.00
74 4.95 5.56 0.00
75 1.11 0.30 0.00
76 1.38 0.30 0.00
77 128.39 12.07 0.00
78 1.11 0.28 0.00
79 1.52 2.21 0.00
80 4.31 184.48 0.00
81 150.07 3.06 0.00
82 160.17 227.15 0.00
83 3.15 2.41 0.00
84 1.41 2.21 0.00
85 0.23 0.00 0.00
86 13.08 314.83 0.00
87 0.78 13.16 0.00
88 3.08 3.94 0.00
89 4.44 201.34 0.00
90 2.50 5.18 0.00
91 209.74 3.27 0.00
92 7.23 438.55 0.00
93 4.51 158.38 0.00
94 166.47 17.13 0.00
95 223.25 12.60 0.00
96 0.41 0.30 0.00
97 0.74 0.30 0.00
98 8.54 10.50 0.00
99 1.46 2.49 0.00
100 5.78 347.17 0.00
101 3.77 124.59 0.00
102 222.72 37.45 0.00
103 4.57 255.62 0.00
104 1.40 4.15 0.00
105 204.96 179.98 0.00
106 1.18 57.00 0.00
107 7.17 9.85 0.00
108 187.17 12.03 0.00
109 2.37 2.27 0.00
110 140.12 16.67 0.00
111 1.22 0.78 0.00
112 1.30 0.30 0.00
113 2.03 0.82 0.00
114 3.02 2.08 0.00
115 1.29 0.00 0.00
116 1.29 0.82 0.00
117 5.09 161.74 0.00
118 1.72 17.56 0.00
119 166.58 14.88 0.00
120 2.63 6.01 0.00
121 209.01 3.14 0.00
122 0.74 0.82 0.00
123 7.64 9.79 0.00
124 1.53 2.69 0.00
125 1.50 1.27 0.00
126 1.08 0.00 0.00
127 0.63 0.30 0.00
128 1.03 1.29 0.00
129 2.20 2.21 0.00
130 1.77 5.37 0.00
131 0.63 0.82 0.00
132 4.74 248.43 0.00
133 1.50 2.64 0.00
134 131.15 4.82 0.00
135 300.90 14.09 0.00
136 2.31 1.42 0.00
137 149.48 13.05 0.00
138 1.56 0.30 0.00
139 156.88 4.69 0.00
140 2.21 5.53 0.00
141 1.92 0.78 0.00
142 1.34 0.54 0.00
143 285.53 163.09 0.00
144 4.49 383.68 0.00
145 1.81 1.83 0.00
146 206.58 3.07 0.00
147 7.26 9.58 0.00
148 6.85 9.66 0.00
149 164.93 256.88 0.00
150 1.29 4.89 0.00
151 0.96 0.30 0.00
152 4.31 2.37 0.00
153 0.66 0.51 0.00
154 1.52 2.21 0.00
155 1.44 1.17 0.00
156 0.74 0.00 0.00
157 0.52 0.30 0.00
158 1.54 0.82 0.00
159 7.67 11.93 0.00
160 2.07 4.54 0.00
161 1.95 1.76 0.00
162 0.63 0.30 0.00
163 3.41 122.04 0.00
164 174.74 16.32 0.00
165 0.89 0.30 0.00
166 167.75 250.51 0.00
167 2.66 69.81 0.00
168 149.38 3.29 0.00
169 7.67 10.99 0.00
170 7.43 14.38 0.00
171 7.44 9.63 0.00
172 1.30 0.30 0.00
173 0.88 0.82 0.00
174 3.10 3.12 0.00
175 6.05 412.64 0.00
176 4.51 180.28 0.00
177 188.88 531.43 0.00
178 3.38 3.16 0.00
179 3.86 132.56 0.00
180 1.89 4.49 0.00
181 0.91 0.43 0.00
182 1.01 0.86 0.00
183 5.70 8.12 0.00
184 2.26 2.30 0.00
185 5.54 8.46 0.00
186 1.41 0.69 0.00
187 2.89 0.30 0.00
188 1.07 0.06 0.00
189 9.97 247.01 0.00
190 152.16 8.64 0.00
191 212.06 3.03 0.00
192 1.96 0.86 0.00
193 372.00 24.30 0.00
194 5.60 338.61 0.00
195 1.33 1.17 0.00
196 1.41 0.43 0.00
197 6.01 229.85 0.00
198 214.37 232.19 0.00
199 1.64 2.57 0.00
200 0.93 4.60 0.00
201 6.41 154.04 0.00
202 1.27 0.51 0.00
203 1.23 0.78 0.00
204 3.47 3.93 0.00
205 0.44 0.65 0.00
206 1.41 0.43 0.00
207 1.74 1.17 0.00
208 0.64 0.50 0.00
209 1.00 3.65 0.00
210 8.66 15.20 0.00
211 318.31 200.70 0.00
212 3.35 170.70 0.00
213 1.33 27.69 0.00
214 138.24 4.20 0.00
215 0.34 0.00 0.00
216 2.11 1.29 0.00
217 0.75 0.00 0.00
218 1.23 0.58 0.00
219 161.73 388.53 0.00
220 0.80 4.67 0.00
221 239.00 307.17 0.00
222 0.85 0.82 0.00
223 8.53 11.26 0.00
224 9.84 13.16 0.00
225 1.46 1.29 0.00
226 4.63 125.19 0.00
227 2.02 0.00 0.00
228 1.78 43.43 0.00
229 158.45 176.22 0.00
230 9.55 13.41 0.00
231 1.40 1.02 0.00
232 1.55 0.43 0.00
233 1.55 0.65 0.00
234 2.41 2.72 0.00
235 1.00 0.65 0.00
236 1.89 0.78 0.00
237 1.33 0.82 0.00
238 139.48 4.43 0.00
239 137.85 13.09 0.00
240 5.75 162.81 0.00
241 144.86 19.29 0.00
242 4.97 144.98 0.00
243 1.00 0.82 0.00
244 1.56 2.14 0.00
245 327.52 220.48 0.00
246 1.44 1.29 0.00
247 1.75 0.30 0.00
248 3.03 146.06 0.00
249 1.04 35.18 0.00
250 3.19 5.45 0.00
251 1.33 0.34 0.00
252 3.66 312.23 0.00
253 2.63 2.80 0.00
254 66.84 3.71 0.00
255 0.61 0.98 0.00
256 156.22 12.08 0.00
257 1.42 0.84 0.00
258 2.03 1.42 0.00
259 165.12 119.36 0.00
260 1.21 4.67 0.00
261 8.21 10.02 0.00
262 2.32 0.43 0.00
263 0.67 0.65 0.00
264 1.54 2.53 0.00
265 1.95 0.78 0.00
266 6.42 8.85 0.00
267 1.19 0.82 0.00
268 1.73 0.14 0.00
269 2.59 4.85 0.00
270 189.89 137.26 0.00
271 3.00 174.61 0.00
272 0.30 0.00 0.00
273 1.44 40.41 0.00
274 160.24 143.77 0.00
275 0.55 0.30 0.00
276 4.61 160.57 0.00
277 1.11 0.78 0.00
278 4.03 222.76 0.00
279 160.26 521.47 0.00
280 133.34 8.09 0.00
281 1.30 0.37 0.00
282 195.39 12.02 0.00
283 1.01 0.72 0.00
284 1.63 3.78 0.00
285 0.98 0.75 0.00
286 1.00 0.13 0.00
287 1.41 0.00 0.00
288 1.36 1.29 0.00
289 3.37 215.82 0.00
290 2.39 45.19 0.00
291 7.53 9.15 0.00
292 1.11 0.43 0.00
293 1.67 0.72 0.00
294 1.89 2.30 0.00
295 148.47 3.37 0.00
296 3.70 202.91 0.00
297 4.25 187.77 0.00
298 1.52 1.75 0.00
299 4.55 135.01 0.00
300 1.07 4.54 0.00
301 3.50 0.43 0.00
302 149.57 2.82 0.00
303 1.00 0.82 0.00
304 3.18 2.27 0.00
305 1.48 0.06 0.00
306 0.63 0.45 0.00
307 2.90 0.00 0.00
308 3.19 253.01 0.00
309 1.22 2.59 0.00
310 228.81 18.53 0.00
311 1.66 1.50 0.00
312 0.63 0.30 0.00
313 136.30 4.78 0.00
314 1.33 2.65 0.00
315 75.38 286.85 0.00
316 9.65 11.39 0.00
317 1.60 1.46 0.00
318 1.01 0.84 0.00
319 2.52 2.21 0.00
320 160.01 16.63 0.00
321 1.78 0.00 0.00
322 0.74 0.30 0.00
323 0.77 0.82 0.00
324 2.58 2.69 0.00
325 0.44 0.30 0.00
326 0.89 0.99 0.00
327 5.38 371.65 0.00
328 0.79 7.01 0.00
329 3.78 196.17 0.00
330 1.92 4.67 0.00
331 0.95 0.30 0.00
332 0.96 0.82 0.00
333 2.00 0.30 0.00
334 180.79 5.30 0.00
335 1.11 1.17 0.00
336 129.05 3.02 0.00
337 0.96 0.34 0.00
338 2.79 132.11 0.00
339 5.38 265.33 0.00
340 2.81 5.02 0.00
341 124.00 14.13 0.00
342 239.00 11.60 0.00
343 157.57 2.58 0.00
344 1.71 4.02 0.00
345 1.23 0.30 0.00
346 1.56 0.30 0.00
347 1.40 0.82 0.00
348 0.78 0.30 0.00
349 1.90 1.97 0.00
350 1.73 5.70 0.00
351 173.22 11.89 0.00
352 1.38 1.12 0.00
353 1.84 6.36 0.00
354 2.48 2.68 0.00
355 0.66 0.65 0.00
356 2.78 6.83 0.00
357 5.35 195.15 0.00
358 152.64 79.03 0.00
359 1.67 2.66 0.00
360 0.77 0.30 0.00
361 10.71 0.80 0.00
362 6.36 12.32 0.00
363 336.55 5.26 0.00
364 1710.14 23.34 0.00
365 1781.69 263.90 0.00
366 11587.49 66.12 0.00
367 12766.90 42.96 0.00
368 3468.49 12.06 0.00
369 873.35 245.24 0.00
370 18239.25 66.33 0.00
371 26918.51 80.68 0.00
372 27022.55 71.68 0.00
373 30562.56 78.53 0.00
374 24473.91 55.13 0.00
375 27094.53 127.37 0.00
376 14077.50 31.64 0.00
377 28940.77 63.17 0.00
378 33961.82 70.45 0.00
379 21868.32 183.09 0.00
380 8629.15 23.19 0.00
381 6014.07 16.31 0.00
382 6087.77 12.94 0.00
383 4083.21 9.89 0.00
384 1285.85 3.07 0.00
385 7593.33 14.93 0.00
386 7251.34 25.88 0.00
387 9070.84 30.23 0.00
388 21663.13 52.39 0.00
389 30728.31 66.88 0.00
390 32881.25 73.93 0.00
391 34489.80 69.78 0.00
392 38086.93 75.13 0.00
393 12710.94 24.97 0.00
394 9051.06 18.72 0.00
395 7018.04 15.88 0.00
396 12236.35 26.94 0.00
397 3517.99 12.83 0.00
398 0.55 1.03 0.00
399 3338.54 36.74 0.00
400 20619.29 50.12 0.00
401 23176.13 37.06 0.00
402 18767.37 27.05 0.00
403 6377.47 11.60 0.00
404 1.86 2.85 0.00
405 9789.91 21.46 0.00
406 23226.27 32.94 0.00
407 6241.29 9.91 0.00
408 19844.92 33.17 0.00
409 21890.57 168.76 0.00
410 1.64 1.04 0.00
411 0.93 0.50 0.00
412 1.09 0.77 0.00
413 2.12 1.22 0.00
414 2.32 2.72 0.00
415 1.22 0.80 0.00
416 2.16 1.89 0.00
417 3.43 0.30 0.00
418 3169.65 11.99 0.00
419 34621.67 65.37 0.00
420 32820.24 67.73 0.00
421 38419.05 65.85 0.00
422 36843.71 65.09 0.00
423 21967.59 49.05 0.00
424 14603.00 33.15 0.00
425 2.80 0.82 0.00
426 5.45 10.03 0.00
427 2.25 1.04 0.00
428 7.32 1.62 0.00
429 17.64 1096.46 0.00
430 27.87 1283.17 0.00
431 44.46 2000.00 0.00
432 3.52 659.58 0.00
433 13.70 302.04 0.00
434 17.62 547.11 0.00
435 14.48 657.66 0.00
436 10.40 782.86 0.00
437 9.95 746.46 0.00
438 11.81 812.19 0.00
439 13.44 1191.71 0.00
440 16.93 919.92 0.00
441 21.22 277.76 0.00
442 998.25 583.85 0.00
443 1928.62 1335.27 0.00
444 1688.42 922.07 0.00
445 878.90 414.06 0.00
446 2872.96 605.44 0.00
447 2756.67 1504.00 0.00
448 1369.47 1642.16 0.00
449 2.40 2.59 0.00
450 1.47 3.50 0.00
451 1.20 0.30 0.00
452 1186.47 3664.95 0.00
453 2739.64 3997.40 0.00
454 105.55 10127.07 0.00
455 102.75 7052.03 0.00
456 133.39 9431.95 0.00
457 76.17 5040.64 0.00
458 89.88 7401.69 0.00
459 122.29 8575.06 0.00
460 41.37 1643.75 0.00
461 49.55 3408.36 0.00
462 40.65 2309.30 0.00
463 197.00 13963.98 0.00
464 127.82 8627.51 0.00
465 122.52 8421.46 0.00
466 94.05 6031.69 0.00
467 95.31 8591.87 0.00
468 146.78 10533.92 0.00
469 42.95 1935.03 0.00
470 112.20 10469.19 0.00
471 40.26 1259.89 0.00
472 63.82 10289.83 0.00
473 50.91 7802.00 0.00
474 112.15 9559.78 0.00
475 102.17 9518.97 0.00
476 115.93 10616.51 0.00
477 81.46 9578.58 0.00
478 65.83 8630.17 0.00
479 87.12 9543.91 0.00
480 33.89 30.20 0.00
481 223.52 407.94 0.00
482 2171.77 27.29 0.00
483 66.70 1.32 0.00
484 2.41 2.18 0.00
485 3.19 0.85 0.00
486 0.41 0.30 0.00
487 1.41 0.30 0.00
488 0.44 0.30 0.00
489 1.13 2.71 0.00
490 2.07 4.37 0.00
491 0.80 0.43 0.00
492 0.85 0.82 0.00
493 1.88 1.87 0.00
494 0.96 2.40 0.00
495 1.90 0.30 0.00
496 4.24 125.61 0.00
497 1.87 82.39 0.00
498 2.03 0.82 0.00
499 1.84 2.21 0.00
500 1.06 4.30 0.00
501 3.26 0.82 0.00
502 0.74 0.30 0.00
503 1.20 0.00 0.00
504 1.89 2.60 0.00
505 0.55 0.36 0.00
506 0.52 0.30 0.00
507 1.40 0.82 0.00
508 8.80 429.77 0.00
509 1.99 2.99 0.00
510 5.79 252.66 0.00
511 1.04 4.65 0.00
512 0.74 0.30 0.00
513 1.11 0.82 0.00
514 297.06 9.70 0.00
515 888.23 59.23 0.00
516 1.08 0.30 0.00
517 0.41 0.30 0.00
518 0.77 0.82 0.00
519 3.47 3.91 0.00
520 0.77 0.33 0.00
521 1.70 4.81 0.00
522 0.85 0.30 0.00
523 0.79 1.87 0.00
524 1.59 1.95 0.00
525 1.25 1.36 0.00
526 4.78 230.57 0.00
527 1.29 0.82 0.00
528 4.02 193.20 0.00
529 1.24 2.27 0.00
530 1.61 4.30 0.00
531 135.13 16.07 0.00
532 0.63 0.00 0.00
533 4.79 181.63 0.00
534 3.13 2.27 0.00
535 2.68 1.37 0.00
536 1.51 1.03 0.00
537 2.48 0.30 0.00
538 1.67 1.21 0.00
539 2.76 4.28 0.00
540 4.01 6.56 0.00
541 2.05 0.30 0.00
542 1.02 0.95 0.00
543 0.77 0.30 0.00
544 1.76 1.96 0.00
545 4.21 130.07 0.00
546 1.18 0.30 0.00
547 1.69 0.30 0.00
548 0.77 0.82 0.00
549 223.31 16.90 0.00
550 746.58 36.74 0.00
551 1.35 1.11 0.00
552 5.09 162.86 0.00
553 1.68 0.79 0.00
554 1.11 3.50 0.00
555 1.82 1.94 0.00
556 2.03 0.43 0.00
557 3.94 3.63 0.00
558 3.42 165.92 0.00
559 2.31 2.12 0.00
560 1.53 4.94 0.00
561 3.04 0.30 0.00
562 1.61 0.30 0.00
563 1.74 0.82 0.00
564 2.31 2.14 0.00
565 0.89 0.30 0.00
566 0.52 0.00 0.00
567 1.92 0.82 0.00
568 7.83 12.89 0.00
569 2.38 5.11 0.00
570 347.39 15.12 0.00
571 4.17 172.70 0.00
572 233.40 2.17 0.00
573 1.67 0.95 0.00
574 1.43 2.08 0.00
575 3.09 1.52 0.00
576 2.32 0.34 0.00
577 1.30 0.30 0.00
578 1.92 0.37 0.00
579 2.28 2.66 0.00
580 1.53 1.17 0.00
581 6.49 165.48 0.00
582 0.85 0.82 0.00
583 3.77 233.36 0.00
584 2.55 2.91 0.00
585 3.41 261.65 0.00
586 1.02 0.37 0.00
587 1.64 0.30 0.00
588 0.66 0.82 0.00
589 0.96 1.84 0.00
590 1.33 0.37 0.00
591 1.14 0.82 0.00
592 1.57 0.30 0.00
593 1.86 0.30 0.00
594 3.03 3.26 0.00
595 0.33 0.41 0.00
596 1.71 0.82 0.00
597 1.62 0.43 0.00
598 0.79 0.53 0.00
599 1.42 3.84 0.00
600 1.63 0.82 0.00
601 0.63 0.30 0.00
602 1.59 0.43 0.00
603 2.28 1.88 0.00
604 2.10 2.97 0.00
605 2.03 0.79 0.00
606 1.08 0.30 0.00
607 0.85 0.30 0.00
608 2.84 0.82 0.00
609 5.40 284.33 0.00
610 0.89 0.36 0.00
611 2.67 0.82 0.00
612 0.85 0.30 0.00
613 33.40 23.22 0.00
614 3.36 2.75 0.00
615 0.73 0.59 0.00
616 2.49 1.59 0.00
617 5.33 265.11 0.00
618 1.27 0.37 0.00
619 2.67 2.99 0.00
620 2.25 5.13 0.00
621 2.46 1.20 0.00
622 1.35 0.72 0.00
623 1.16 0.28 0.00
624 340.71 20.02 0.00
625 6.54 8.30 0.00
626 296.56 7.58 0.00
627 1.05 0.30 0.00
628 2.23 0.45 0.00
629 1.45 4.00 0.00
630 3.93 4.30 0.00
631 1.88 0.30 0.00
632 0.85 0.30 0.00
633 1.18 0.82 0.00
634 2.07 2.18 0.00
635 1.10 0.85 0.00
636 1.07 0.30 0.00
637 1.63 0.30 0.00
638 0.94 0.29 0.00
639 1.72 2.72 0.00
640 1.80 0.30 0.00
641 1.82 4.12 0.00
642 2.04 0.82 0.00
643 1.32 0.37 0.00
644 2.00 4.16 0.00
645 1.69 0.30 0.00
646 2.20 0.37 0.00
647 1.46 1.78 0.00
648 1.32 0.30 0.00
649 1.49 2.11 0.00
650 3.53 4.92 0.00
651 1.34 0.37 0.00
652 0.85 0.28 0.00
653 2.03 0.30 0.00
654 3.20 2.59 0.00
655 2.22 0.85 0.00
656 6.09 3.78 0.00
657 3.39 0.43 0.00
658 1.58 0.79 0.00
659 0.94 3.40 0.00
660 1.65 0.92 0.00
661 1.48 0.30 0.00
662 2.29 0.82 0.00
663 0.88 0.30 0.00
664 1.65 2.63 0.00
665 2.25 0.36 0.00
666 1.74 0.82 0.00
667 1.19 0.30 0.00
668 1.55 0.30 0.00
669 3.63 2.79 0.00
670 1.33 0.36 0.00
671 1.63 0.30 0.00
672 0.85 0.82 0.00
673 1.76 1.87 0.00
674 2.31 2.53 0.00
675 1.10 0.30 0.00
676 1.19 0.30 0.00
677 304.38 22.38 0.00
678 3.13 0.75 0.00
679 1.40 2.65 0.00
680 2.06 4.44 0.00
681 1.66 0.82 0.00
682 1.52 0.30 0.00
683 257.91 5.23 0.00
684 161.52 15.22 0.00
685 1.31 0.36 0.00
686 1.49 0.82 0.00
687 0.74 0.30 0.00
688 4.44 236.41 0.00
689 2.52 119.66 0.00
690 0.95 0.43 0.00
691 2.86 5.50 0.00
692 2.97 2.06 0.00
693 1.54 3.72 0.00
694 2.66 5.82 0.00
695 2.90 2.79 0.00
696 0.63 0.30 0.00
697 1.53 0.30 0.00
698 1.86 1.58 0.00
699 1.13 2.24 0.00
700 1.73 5.47 0.00
701 1.43 1.29 0.00
702 1.41 0.30 0.00
703 1.27 0.92 0.00
704 1.13 3.66 0.00
705 1.63 0.54 0.00
706 0.97 0.30 0.00
707 0.74 0.30 0.00
708 1.44 0.82 0.00
709 1.18 2.18 0.00
710 1.35 1.32 0.00
711 1.81 5.54 0.00
712 1.34 0.30 0.00
713 0.66 0.82 0.00
714 2.52 2.01 0.00
715 0.94 0.41 0.00
716 3.65 190.89 0.00
717 2.30 0.30 0.00
718 1.47 1.87 0.00
719 1.61 1.77 0.00
720 2.62 7.24 0.00
721 0.85 0.30 0.00
722 2.30 0.82 0.00
723 0.66 0.30 0.00
724 0.92 0.78 0.00
725 1.89 2.40 0.00
726 0.86 0.30 0.00
727 153.84 2.43 0.00
728 7.22 9.10 0.00
729 163.99 5.74 0.00
730 187.09 9.89 0.00
731 11.15 11.69 0.00
732 194.80 1.68 0.00
733 1.51 0.49 0.00
734 3.04 2.25 0.00
735 0.66 2.01 0.00
736 0.63 0.30 0.00
737 1.63 0.82 0.00
738 1.22 0.30 0.00
739 0.77 0.30 0.00
740 2.29 7.84 0.00
741 1.83 0.43 0.00
742 1.63 0.30 0.00
743 0.88 0.82 0.00
744 0.88 0.30 0.00
745 1.84 2.21 0.00
746 1.52 0.82 0.00
747 0.74 0.30 0.00
748 1.68 0.37 0.00
749 0.88 2.32 0.00
750 4.83 185.95 0.00
751 5.38 191.67 0.00
752 1.39 39.00 0.00
753 0.88 0.30 0.00
754 1.54 0.30 0.00
755 1.71 2.59 0.00
756 0.96 0.30 0.00
757 2.25 0.43 0.00
758 232.84 502.53 0.00
759 96.39 12.08 0.00
760 2.87 6.98 0.00
761 1.40 0.82 0.00
762 2.18 0.30 0.00
763 180.19 13.84 0.00
764 143.33 18.21 0.00
765 1.89 2.14 0.00
766 2.00 0.30 0.00
767 1.18 0.82 0.00
768 1.84 0.59 0.00
769 3.57 1.24 0.00
770 1.78 3.15 0.00
771 2.29 4.82 0.00
772 2.68 0.30 0.00
773 0.88 0.82 0.00
774 2.14 0.30 0.00
775 1.45 2.21 0.00
776 1.07 0.82 0.00
777 2.00 0.30 0.00
778 1.24 1.87 0.00
779 0.66 0.30 0.00
780 1.56 2.14 0.00
781 1.25 5.01 0.00
782 2.07 0.82 0.00
783 0.44 0.30 0.00
784 1.22 0.30 0.00
785 2.70 2.66 0.00
786 0.85 0.30 0.00
787 0.63 0.30 0.00
788 1.77 0.82 0.00
789 1.00 0.30 0.00
790 2.07 6.88 0.00
791 1.74 0.82 0.00
792 2.40 0.30 0.00
793 1.35 1.87 0.00
794 1.55 0.82 0.00
795 1.57 2.14 0.00
796 1.55 0.43 0.00
797 1.62 1.17 0.00
798 0.66 0.30 0.00
799 1.00 0.30 0.00
800 2.88 7.87 0.00
801 1.22 0.30 0.00
802 2.52 1.42 0.00
803 0.66 0.82 0.00
804 0.99 0.30 0.00
805 3.07 2.16 0.00
806 0.85 0.82 0.00
807 1.08 0.30 0.00
808 3.02 0.44 0.00
809 3.84 317.98 0.00
810 2.33 7.58 0.00
811 2.90 0.61 0.00
812 1.50 1.15 0.00
813 1.36 1.13 0.00
814 1.55 0.30 0.00
815 1.87 3.20 0.00
816 1.03 0.30 0.00
817 1.88 0.78 0.00
818 6.74 9.63 0.00
819 167.64 10.46 0.00
820 8.54 5.84 0.00
821 2.92 7.47 0.00
822 1.53 0.30 0.00
823 2.15 2.29 0.00
824 3.82 1.41 0.00
825 2.31 2.98 0.00
826 4.59 3.77 0.00
827 6.09 4.62 0.00
828 1.75 1.00 0.00
829 1.72 0.30 0.00
830 1.96 2.79 0.00
831 1.63 0.30 0.00
832 2.05 5.16 0.00
833 1.21 0.82 0.00
834 2.15 0.30 0.00
835 1.27 2.08 0.00
836 1.68 0.82 0.00
837 2.77 0.30 0.00
838 0.90 0.45 0.00
839 1.24 2.37 0.00
840 2.00 2.43 0.00
841 1.47 5.03 0.00
842 1.40 0.82 0.00
843 1.47 0.43 0.00
844 2.96 0.64 0.00
845 4.00 2.72 0.00
846 1.52 0.30 0.00
847 2.91 0.30 0.00
848 2.90 0.82 0.00
849 1.52 0.30 0.00
850 3.73 7.00 0.00
851 2.75 0.83 0.00
852 1.95 0.30 0.00
853 1.35 0.45 0.00
854 2.88 2.25 0.00
855 1.83 2.08 0.00
856 1.60 0.30 0.00
857 2.62 0.82 0.00
858 1.43 0.30 0.00
859 2.89 0.78 0.00
860 4.19 2.59 0.00
861 2.17 5.32 0.00
862 2.49 0.30 0.00
863 1.76 0.82 0.00
864 1.60 0.47 0.00
865 1.89 2.49 0.00
866 1.15 0.82 0.00
867 310.41 2.95 0.00
868 24.39 13.62 0.00
869 1.79 0.95 0.00
870 4.25 8.63 0.00
871 280.34 2.43 0.00
872 51.72 11.75 0.00
873 0.88 0.30 0.00
874 2.72 0.30 0.00
875 8.79 13.08 0.00
876 1.42 0.30 0.00
877 2.06 0.30 0.00
878 1.44 0.82 0.00
879 1.55 0.30 0.00
880 3.12 7.30 0.00
881 1.17 0.82 0.00
882 4.43 0.30 0.00
883 1.34 1.87 0.00
884 1.54 0.82 0.00
885 3.65 2.27 0.00
886 1.29 0.30 0.00
887 1.61 0.82 0.00
888 2.92 0.30 0.00
889 1.44 0.30 0.00
890 2.46 7.27 0.00
891 1.96 0.00 0.00
892 2.37 0.30 0.00
893 1.68 0.82 0.00
894 2.75 0.30 0.00
895 1.57 2.24 0.00
896 0.85 0.85 0.00
897 1.78 0.30 0.00
898 2.28 0.45 0.00
899 0.84 2.25 0.00
900 2.29 7.09 0.00
901 0.96 0.37 0.00
902 4.67 277.50 0.00
903 1.21 0.51 0.00
904 0.66 0.30 0.00
905 3.21 2.53 0.00
906 5.75 276.81 0.00
907 3.45 86.80 0.00
908 3.30 45.16 0.00
909 0.76 0.30 0.00
910 1.79 7.09 0.00
911 2.18 0.82 0.00
912 2.28 0.43 0.00
913 1.12 0.79 0.00
914 2.45 2.79 0.00
915 2.58 2.08 0.00
916 1.51 0.30 0.00
917 1.95 0.82 0.00
918 1.21 0.30 0.00
919 1.10 0.30 0.00
920 3.05 2.85 0.00
921 3.43 5.32 0.00
922 2.63 0.78 0.00
923 1.42 0.82 0.00
924 1.49 0.30 0.00
925 1.08 1.88 0.00
926 0.52 0.82 0.00
927 2.22 0.30 0.00
928 238.33 2.24 0.00
929 122.97 13.00 0.00
930 4.41 3.50 0.00
931 3.20 5.99 0.00
932 4.34 220.12 0.00
933 1.21 0.65 0.00
934 1.77 0.30 0.00
935 2.35 2.79 0.00
936 1.93 0.65 0.00
937 1.93 0.30 0.00
938 1.76 0.82 0.00
939 1.32 0.30 0.00
940 2.35 2.33 0.00
941 4.10 250.16 0.00
942 1.84 0.30 0.00
943 1.45 1.87 0.00
944 1.90 1.29 0.00
945 2.26 2.08 0.00
946 1.29 0.30 0.00
947 1.39 0.82 0.00
948 1.77 0.30 0.00
949 1.21 0.30 0.00
950 2.09 7.46 0.00
951 2.06 0.30 0.00
952 1.29 0.30 0.00
953 1.09 0.82 0.00
954 4.96 214.41 0.00
955 1.94 2.21 0.00
956 1.39 0.82 0.00
957 2.43 0.30 0.00
958 1.34 1.87 0.00
959 1.90 1.29 0.00
960 3.53 6.99 0.00
961 1.07 0.30 0.00
962 2.06 0.82 0.00
963 2.36 0.30 0.00
964 1.32 0.30 0.00
965 2.85 2.59 0.00
966 2.33 0.30 0.00
967 1.40 0.30 0.00
968 6.18 370.82 0.00
969 1.40 21.25 0.00
970 1.44 2.14 0.00
971 2.35 5.80 0.00
972 1.29 0.30 0.00
973 1.34 1.87 0.00
974 4.65 300.81 0.00
975 1.72 42.41 0.00
976 5.19 173.66 0.00
977 2.38 0.82 0.00
978 3.75 131.60 0.00
979 0.44 0.30 0.00
980 155.34 19.84 0.00
981 123.95 2.84 0.00
982 284.96 2.56 0.00
983 435.53 28.75 0.00
984 1.01 0.30 0.00
985 1.79 2.14 0.00
986 0.97 0.51 0.00
987 0.62 0.30 0.00
988 3.45 1.98 0.00
989 2.10 1.17 0.00
990 229.41 15.31 0.00
991 2.58 4.30 0.00
992 1.73 0.82 0.00
993 0.99 0.30 0.00
994 1.77 0.30 0.00
995 2.10 2.66 0.00
996 1.41 0.30 0.00
997 1.84 0.30 0.00
998 1.65 0.82 0.00
999 2.36 0.30 0.00
1000 2.79 6.27 0.00
1001 1.39 0.82 0.00
1002 2.43 0.30 0.00
1003 2.57 0.45 0.00
1004 1.76 2.25 0.00
1005 2.91 2.09 0.00
1006 2.06 0.36 0.00
1007 1.50 0.82 0.00
1008 1.43 0.30 0.00
1009 1.77 0.30 0.00
1010 1.74 7.03 0.00
1011 1.18 0.30 0.00
1012 1.73 0.30 0.00
1013 1.65 0.82 0.00
1014 2.68 0.84 0.00
1015 2.36 2.31 0.00
1016 1.50 1.17 0.00
1017 1.66 0.30 0.00
1018 1.68 0.45 0.00
1019 2.06 3.20 0.00
1020 2.50 7.42 0.00
1021 1.52 0.30 0.00
1022 1.18 0.82 0.00
1023 2.09 0.30 0.00
1024 0.98 0.30 0.00
1025 2.05 2.79 0.00
1026 2.43 0.43 0.00
1027 1.07 0.65 0.00
1028 3.80 130.31 0.00
1029 1.44 27.24 0.00
1030 1.89 2.14 0.00
1031 1.70 5.56 0.00
1032 1.63 0.30 0.00
1033 1.46 0.45 0.00
1034 0.99 2.25 0.00
1035 2.13 1.95 0.00
1036 0.96 0.30 0.00
1037 2.55 0.82 0.00
1038 2.54 0.30 0.00
1039 1.21 0.30 0.00
1040 3.38 7.33 0.00
1041 3.26 0.43 0.00
1042 4.21 215.25 0.00
1043 3.36 0.82 0.00
1044 123.22 12.36 0.00
1045 1.12 2.14 0.00
1046 1.74 0.82 0.00
1047 3.93 148.99 0.00
1048 1.70 19.32 0.00
1049 1.92 0.86 0.00
1050 2.35 2.75 0.00
1051 2.22 5.04 0.00
1052 2.29 0.82 0.00
1053 1.71 0.30 0.00
1054 1.58 0.43 0.00
1055 2.71 2.59 0.00
1056 1.70 0.30 0.00
1057 1.59 0.30 0.00
1058 2.35 1.29 0.00
1059 1.43 0.30 0.00
1060 1.86 2.14 0.00
1061 2.69 5.55 0.00
1062 1.29 0.30 0.00
1063 1.68 1.87 0.00
1064 0.66 0.82 0.00
1065 1.43 2.27 0.00
1066 1.52 0.30 0.00
1067 1.39 0.82 0.00
1068 1.73 0.30 0.00
1069 1.99 0.30 0.00
1070 2.24 2.79 0.00
1071 2.14 4.92 0.00
1072 2.40 0.30 0.00
1073 1.43 0.82 0.00
1074 2.02 0.30 0.00
1075 1.83 2.02 0.00
1076 2.26 1.00 0.00
1077 2.32 0.65 0.00
1078 2.00 0.45 0.00
1079 2.80 2.25 0.00
1080 1.94 7.09 0.00
1081 2.74 0.37 0.00
1082 3.77 0.79 0.00
1083 2.46 0.30 0.00
1084 2.44 0.30 0.00
1085 3.10 2.72 0.00
1086 1.84 0.30 0.00
1087 2.61 0.30 0.00
1088 1.51 0.82 0.00
1089 2.56 1.18 0.00
1090 217.47 149.88 0.00
1091 1.61 0.82 0.00
1092 2.43 0.43 0.00
1093 267.35 13.14 0.00
1094 6.11 305.68 0.00
1095 1.78 16.67 0.00
1096 1.17 0.36 0.00
1097 1.18 0.82 0.00
1098 1.00 0.30 0.00
1099 1.22 0.30 0.00
1100 148.51 16.45 0.00
1101 2.30 5.19 0.00
1102 1.36 0.91 0.00
1103 1.45 1.17 0.00
1104 0.33 0.30 0.00
1105 0.93 2.02 0.00
1106 1.29 0.87 0.00
1107 0.74 0.30 0.00
1108 2.55 0.37 0.00
1109 2.58 2.45 0.00
1110 1.59 2.37 0.00
1111 1.53 5.17 0.00
1112 2.26 0.82 0.00
1113 1.85 0.30 0.00
1114 1.52 0.30 0.00
1115 3.57 2.53 0.00
1116 1.59 0.30 0.00
1117 1.50 0.30 0.00
1118 3.13 0.82 0.00
1119 1.32 0.30 0.00
1120 1.70 2.05 0.00
1121 3.51 5.76 0.00
1122 1.29 0.30 0.00
1123 3.29 2.48 0.00
1124 3.62 129.30 0.00
1125 2.34 4.73 0.00
1126 4.34 335.30 0.00
1127 1.71 0.82 0.00
1128 4.41 172.31 0.00
1129 2.35 0.78 0.00
1130 2.68 8.02 0.00
1131 1.40 0.30 0.00
1132 1.95 0.30 0.00
1133 1.76 0.82 0.00
1134 1.80 0.30 0.00
1135 2.37 2.08 0.00
1136 1.72 0.82 0.00
1137 1.88 0.30 0.00
1138 2.11 0.37 0.00
1139 1.31 2.32 0.00
1140 1.71 6.96 0.00
1141 1.95 0.30 0.00
1142 1.73 0.82 0.00
1143 2.43 0.30 0.00
1144 1.51 0.30 0.00
1145 3.21 2.72 0.00
1146 2.51 0.30 0.00
1147 1.62 0.30 0.00
1148 1.53 0.82 0.00
1149 2.44 0.30 0.00
1150 1.59 2.08 0.00
1151 2.01 5.77 0.00
1152 2.06 0.30 0.00
1153 1.67 1.87 0.00
1154 159.16 13.59 0.00
1155 151.54 5.22 0.00
1156 1.74 0.30 0.00
1157 2.99 0.82 0.00
1158 2.32 0.30 0.00
1159 2.23 1.21 0.00
1160 4.05 8.61 0.00
1161 3.94 0.30 0.00
1162 5.19 408.05 0.00
1163 1.33 0.82 0.00
1164 0.66 0.30 0.00
1165 1.61 2.46 0.00
1166 1.40 0.82 0.00
1167 1.06 0.30 0.00
1168 1.56 1.87 0.00
1169 1.98 0.82 0.00
1170 1.67 2.27 0.00
1171 1.80 5.04 0.00
1172 1.95 0.82 0.00
1173 1.99 0.30 0.00
1174 1.43 0.30 0.00
1175 2.37 2.59 0.00
1176 0.85 0.30 0.00
1177 2.21 0.78 0.00
1178 1.69 1.29 0.00
1179 0.88 0.30 0.00
1180 1.35 2.27 0.00
1181 1.59 5.74 0.00
1182 0.85 0.30 0.00
1183 1.24 1.87 0.00
1184 1.00 0.82 0.00
1185 1.39 2.08 0.00
1186 1.41 0.30 0.00
1187 1.74 0.82 0.00
1188 2.46 0.78 0.00
1189 2.32 0.30 0.00
1190 1.99 2.66 0.00
1191 2.03 5.25 0.00
1192 3.10 0.30 0.00
1193 1.22 0.51 0.00
1194 2.14 0.30 0.00
1195 6.23 234.77 0.00
1196 1.74 0.87 0.00
1197 2.32 0.30 0.00
1198 1.89 0.45 0.00
1199 149.89 9.94 0.00
1200 302.46 9.56 0.00
1201 183.71 15.37 0.00
1202 1.51 1.17 0.00
1203 2.32 0.30 0.00
1204 190.78 5.01 0.00
1205 3.02 3.49 0.00
1206 1.95 0.36 0.00
1207 261.10 2.69 0.00
1208 26.50 12.21 0.00
1209 2.21 0.65 0.00
1210 2.00 6.76 0.00
1211 1.51 0.82 0.00
1212 4.99 162.22 0.00
1213 1.01 0.79 0.00
1214 1.20 2.25 0.00
1215 2.72 2.01 0.00
1216 1.19 0.37 0.00
1217 4.11 187.59 0.00
1218 2.07 0.78 0.00
1219 2.08 0.94 0.00
1220 4.96 204.34 0.00
1221 2.45 0.30 0.00
1222 1.85 0.30 0.00
1223 1.66 0.82 0.00
1224 0.55 0.30 0.00
1225 1.11 2.11 0.00
1226 1.74 0.85 0.00
1227 1.74 0.30 0.00
1228 2.39 0.45 0.00
1229 2.05 2.25 0.00
1230 2.71 7.60 0.00
1231 2.67 0.30 0.00
1232 2.06 0.82 0.00
1233 1.65 0.30 0.00
1234 2.90 0.30 0.00
1235 1.89 2.60 0.00
1236 0.80 0.36 0.00
1237 2.84 0.30 0.00
1238 4.65 248.12 0.00
1239 1.38 0.65 0.00
1240 2.07 7.06 0.00
1241 2.06 0.82 0.00
1242 1.43 0.78 0.00
1243 2.35 1.91 0.00
1244 1.21 0.82 0.00
1245 1.72 2.18 0.00
1246 2.41 0.33 0.00
1247 2.30 0.82 0.00
1248 1.57 0.43 0.00
1249 1.63 0.78 0.00
1250 1.65 7.44 0.00
1251 0.81 0.30 0.00
1252 1.19 0.30 0.00
1253 4.59 179.54 0.00
1254 1.37 0.65 0.00
1255 1.61 2.08 0.00
1256 2.16 1.29 0.00
1257 1.72 0.30 0.00
1258 4.85 209.16 0.00
1259 1.61 0.82 0.00
1260 1.87 7.22 0.00
1261 1.96 0.30 0.00
1262 6.24 11.34 0.00
1263 3.40 1.12 0.00
1264 1.68 0.43 0.00
1265 1.94 3.13 0.00
1266 1.63 0.30 0.00
1267 1.90 0.30 0.00
1268 1.22 0.82 0.00
1269 1.44 0.30 0.00
1270 2.45 2.34 0.00
1271 2.54 5.55 0.00
1272 2.76 0.30 0.00
1273 158.71 15.22 0.00
1274 210.03 3.15 0.00
1275 3.20 2.21 0.00
1276 2.75 0.30 0.00
1277 1.95 0.82 0.00
1278 3.55 0.30 0.00
1279 2.41 0.30 0.00
1280 2.51 6.71 0.00
1281 3.22 0.30 0.00
1282 2.28 0.30 0.00
1283 2.85 0.82 0.00
1284 2.60 0.43 0.00
1285 1.37 2.08 0.00
1286 8.25 297.30 0.00
1287 3.11 34.37 0.00
1288 1.01 1.87 0.00
1289 3.21 0.95 0.00
1290 3.07 7.43 0.00
1291 1.16 0.30 0.00
1292 4.95 237.01 0.00
1293 1.41 0.30 0.00
1294 1.63 0.30 0.00
1295 3.33 2.79 0.00
1296 1.54 0.78 0.00
1297 1.49 0.30 0.00
1298 1.44 0.82 0.00
1299 1.39 0.30 0.00
1300 2.02 6.91 0.00
1301 2.90 0.82 0.00
1302 2.30 0.30 0.00
1303 2.58 1.87 0.00
1304 1.93 1.77 0.00
1305 2.24 1.79 0.00
1306 1.75 0.36 0.00
1307 1.36 0.82 0.00
1308 1.00 0.30 0.00
1309 3.91 0.30 0.00
1310 1.40 2.82 0.00
1311 1.82 5.07 0.00
1312 6.02 149.26 0.00
1313 0.87 23.51 0.00
1314 1.14 0.30 0.00
1315 3.48 2.09 0.00
1316 327.27 15.40 0.00
1317 2.08 0.30 0.00
1318 1.57 0.45 0.00
1319 1.60 2.25 0.00
1320 151.37 9.25 0.00
1321 198.80 12.71 0.00
1322 1.28 0.82 0.00
1323 1.76 0.30 0.00
1324 1.36 0.78 0.00
1325 2.72 2.53 0.00
1326 1.73 0.37 0.00
1327 3.66 129.56 0.00
1328 1.31 26.34 0.00
1329 1.54 0.30 0.00
1330 1.84 2.18 0.00
1331 1.58 5.58 0.00
1332 8.92 11.02 0.00
1333 1.88 0.45 0.00
1334 1.77 2.25 0.00
1335 3.60 2.15 0.00
1336 1.98 0.49 0.00
1337 5.24 155.02 0.00
1338 2.39 0.65 0.00
1339 2.53 0.30 0.00
1340 1.84 7.31 0.00
1341 3.28 0.94 0.00
1342 1.35 0.78 0.00
1343 6.03 255.01 0.00
1344 1.36 0.78 0.00
1345 1.87 2.46 0.00
1346 1.52 0.85 0.00
1347 1.38 0.30 0.00
1348 2.41 2.00 0.00
1349 1.75 1.17 0.00
1350 0.68 0.46 0.00
1351 2.60 7.02 0.00
1352 1.52 1.03 0.00
1353 0.55 0.30 0.00
1354 1.70 0.30 0.00
1355 1.85 2.67 0.00
1356 0.63 0.36 0.00
1357 1.70 0.30 0.00
1358 2.32 0.82 0.00
1359 1.32 0.30 0.00
1360 1.63 1.96 0.00
1361 3.05 5.82 0.00
1362 1.29 0.30 0.00
1363 2.65 1.87 0.00
1364 1.90 1.29 0.00
1365 2.04 1.98 0.00
1366 1.95 0.41 0.00
1367 1.98 1.29 0.00
1368 1.21 0.30 0.00
1369 2.35 0.43 0.00
1370 3.07 9.07 0.00
1371 1.29 0.30 0.00
1372 2.06 0.30 0.00
1373 1.31 0.82 0.00
1374 2.27 0.78 0.00
1375 2.35 2.27 0.00
1376 1.39 0.82 0.00
1377 1.66 0.30 0.00
1378 1.79 1.87 0.00
1379 1.21 0.82 0.00
1380 306.06 4.72 0.00
1381 23.30 16.78 0.00
1382 1.06 0.82 0.00
1383 1.77 0.30 0.00
1384 1.21 0.30 0.00
1385 2.13 2.66 0.00
1386 3.33 0.30 0.00
1387 1.18 0.30 0.00
1388 1.56 0.82 0.00
1389 3.25 0.30 0.00
1390 1.61 2.21 0.00
1391 1.57 5.25 0.00
1392 5.96 218.10 0.00
1393 1.34 0.45 0.00
1394 1.42 2.25 0.00
1395 3.57 2.27 0.00
1396 1.87 0.78 0.00
1397 1.28 1.17 0.00
1398 2.10 0.30 0.00
1399 1.32 0.30 0.00
1400 1.95 2.82 0.00
1401 2.84 5.07 0.00
1402 1.29 0.30 0.00
1403 2.20 0.82 0.00
1404 1.21 0.30 0.00
1405 1.00 2.09 0.00
1406 1.85 0.87 0.00
1407 1.61 0.30 0.00
1408 1.56 0.45 0.00
1409 2.79 2.72 0.00
1410 1.83 2.15 0.00
1411 1.92 5.28 0.00
1412 2.17 0.82 0.00
1413 1.32 0.30 0.00
1414 1.33 0.30 0.00
1415 3.20 2.69 0.00
1416 1.95 0.33 0.00
1417 1.86 0.30 0.00
1418 2.21 0.82 0.00
1419 4.44 166.59 0.00
1420 2.91 37.36 0.00
1421 2.24 5.77 0.00
1422 1.62 0.30 0.00
1423 2.38 2.00 0.00
1424 1.43 1.29 0.00
1425 2.71 2.30 0.00
1426 5.60 196.78 0.00
1427 0.96 75.44 0.00
1428 2.47 0.30 0.00
1429 154.04 13.57 0.00
1430 198.70 5.62 0.00
1431 3.07 5.09 0.00
1432 241.69 12.74 0.00
1433 1.21 0.82 0.00
1434 1.69 0.30 0.00
1435 2.39 2.15 0.00
1436 1.62 0.87 0.00
1437 1.88 0.30 0.00
1438 1.56 0.37 0.00
1439 1.47 2.80 0.00
1440 2.07 2.45 0.00
1441 5.41 236.08 0.00
1442 1.99 22.57 0.00
1443 1.83 0.43 0.00
1444 1.31 0.30 0.00
1445 1.98 2.69 0.00
1446 472.40 15.37 0.00
1447 43.01 0.68 0.00
1448 2.10 1.27 0.00
1449 2.88 0.98 0.00
1450 5.06 366.81 0.00
1451 0.92 5.55 0.00
1452 1.63 0.30 0.00
1453 0.90 1.87 0.00
1454 1.10 0.82 0.00
1455 1.64 1.89 0.00
1456 0.85 0.41 0.00
1457 1.47 0.95 0.00
1458 3.00 1.21 0.00
1459 1.14 0.64 0.00
1460 2.24 7.99 0.00
1461 2.22 0.30 0.00
1462 1.31 0.43 0.00
1463 1.32 1.15 0.00
1464 2.60 0.30 0.00
1465 1.46 2.24 0.00
1466 1.72 0.85 0.00
1467 2.67 0.30 0.00
1468 2.23 1.87 0.00
1469 1.43 0.82 0.00
1470 3.30 7.16 0.00
1471 0.96 0.30 0.00
1472 2.39 0.82 0.00
1473 2.03 0.78 0.00
1474 1.66 0.30 0.00
1475 2.62 2.82 0.00
1476 1.51 0.33 0.00
1477 1.70 0.30 0.00
1478 2.29 0.82 0.00
1479 1.44 0.30 0.00
1480 2.74 7.10 0.00
1481 5.18 166.04 0.00
1482 1.41 0.65 0.00
1483 2.42 1.87 0.00
1484 1.74 0.82 0.00
1485 2.01 2.22 0.00
1486 2.12 0.42 0.00
1487 1.81 0.79 0.00
1488 1.55 0.30 0.00
1489 1.88 0.30 0.00
1490 2.19 7.73 0.00
1491 1.29 0.30 0.00
1492 2.37 0.30 0.00
1493 1.31 0.82 0.00
1494 2.49 0.78 0.00
1495 2.42 2.08 0.00
1496 1.68 0.82 0.00
1497 1.99 0.30 0.00
1498 158.76 146.66 0.00
1499 216.15 3.58 0.00
1500 2.03 2.08 0.00
1501 5.24 165.61 0.00
1502 1.50 0.82 0.00
1503 3.13 0.30 0.00
1504 1.55 0.30 0.00
1505 5.59 184.70 0.00
1506 2.77 0.30 0.00
1507 1.87 0.78 0.00
1508 1.71 0.82 0.00
1509 3.41 0.43 0.00
1510 2.33 6.81 0.00
1511 2.01 0.51 0.00
1512 2.74 0.30 0.00
1513 1.01 0.45 0.00
1514 1.57 2.72 0.00
1515 2.68 2.01 0.00
1516 1.62 0.37 0.00
1517 1.65 0.95 0.00
1518 1.88 0.65 0.00
1519 1.09 0.30 0.00
1520 2.56 2.60 0.00
1521 3.65 5.22 0.00
1522 1.06 0.65 0.00
1523 2.42 0.82 0.00
1524 1.44 0.30 0.00
1525 0.89 2.13 0.00
1526 1.77 0.83 0.00
1527 1.73 0.30 0.00
1528 1.67 0.45 0.00
1529 2.65 2.25 0.00
1530 2.33 6.94 0.00
1531 1.29 0.36 0.00
1532 1.73 0.82 0.00
1533 1.10 0.30 0.00
1534 0.99 0.30 0.00
1535 3.40 3.56 0.00
1536 3.29 188.63 0.00
1537 1.29 31.41 0.00
1538 1.76 0.82 0.00
1539 4.60 206.70 0.00
1540 2.25 2.12 0.00
1541 2.24 5.83 0.00
1542 2.70 0.43 0.00
1543 1.98 0.72 0.00
1544 545.87 29.78 0.00
1545 2.99 2.18 0.00
1546 1.95 0.33 0.00
1547 2.55 1.87 0.00
1548 2.48 0.64 0.00
1549 1.77 0.30 0.00
1550 4.70 200.74 0.00
1551 1.74 0.36 0.00
1552 1.84 0.30 0.00
1553 1.20 0.82 0.00
1554 1.98 0.43 0.00
1555 2.22 2.09 0.00
1556 1.28 0.87 0.00
1557 517.12 26.27 0.00
1558 3312.24 13.88 0.00
1559 2775.93 6.36 0.00
1560 2873.59 12.33 0.00
1561 2381.29 5.85 0.00
1562 2128.13 5.91 0.00
1563 2649.95 5.91 0.00
1564 989.86 2.30 0.00
1565 2586.12 7.79 0.00
1566 2686.51 5.81 0.00
1567 2726.77 5.78 0.00
1568 2722.20 6.36 0.00
1569 2679.74 6.10 0.00
1570 1507.48 10.02 0.00
1571 1252.34 184.08 0.00
1572 2524.89 5.40 0.00
1573 2678.00 7.54 0.00
1574 2584.84 6.43 0.00
1575 2866.54 8.33 0.00
1576 2680.76 6.26 0.00
1577 2667.89 6.30 0.00
1578 2728.70 5.91 0.00
1579 2290.54 5.45 0.00
1580 2898.59 13.92 0.00
1581 2677.73 5.78 0.00
1582 1588.00 3.72 0.00
1583 1688.90 5.07 0.00
1584 3017.70 6.10 0.00
1585 2939.49 8.27 0.00
1586 2855.93 6.92 0.00
1587 3090.64 6.56 0.00
1588 2.28 2.19 0.00
1589 2947.93 7.01 0.00
1590 3059.29 13.07 0.00
1591 3184.13 7.07 0.00
1592 2849.36 7.69 0.00
1593 3182.89 6.68 0.00
1594 486.64 2.25 0.00
1595 2704.96 8.41 0.00
1596 3101.27 6.62 0.00
1597 2943.71 6.11 0.00
1598 2054.12 5.01 0.00
1599 1116.59 2.76 0.00
1600 3671.58 9.72 0.00
1601 2986.98 11.84 0.00
1602 2965.79 5.72 0.00
1603 3381.95 8.58 0.00
1604 2620.82 5.78 0.00
1605 3188.76 8.27 0.00
1606 3361.61 6.94 0.00
1607 3100.46 6.75 0.00
1608 2436.97 5.40 0.00
1609 1297.49 8.66 0.00
1610 949.96 9.23 0.00
1611 1778.99 3.91 0.00
1612 2078.59 4.56 0.00
1613 2072.69 5.14 0.00
1614 1886.33 4.24 0.00
1615 780.34 3.95 0.00
1616 1600.59 4.70 0.00
1617 2059.70 4.36 0.00
1618 1471.36 4.90 0.00
1619 731.14 2.56 0.00
1620 1858.19 5.82 0.00
1621 2033.16 8.74 0.00
1622 1025.86 2.75 0.00
1623 1180.84 2.82 0.00
1624 1848.19 4.12 0.00
1625 2021.56 6.86 0.00
1626 2017.53 4.17 0.00
1627 655.82 1.72 0.00
1628 1435.09 3.78 0.00
1629 2054.58 4.62 0.00
1630 1828.17 10.73 0.00
1631 868.02 2.75 0.00
1632 1497.20 3.91 0.00
1633 1959.94 6.00 0.00
1634 2211.56 4.90 0.00
1635 2023.11 6.67 0.00
1636 1993.08 4.56 0.00
1637 1775.46 4.30 0.00
1638 141.45 0.88 0.00
1639 2135.11 4.83 0.00
1640 2069.17 11.58 0.00
1641 1979.49 4.16 0.00
1642 2495.36 12.30 0.00
1643 1506.77 11.10 0.00
1644 4711.17 9.60 0.00
1645 1548.96 5.11 0.00
1646 4407.32 9.07 0.00
1647 3036.52 6.83 0.00
1648 1.70 5.70 0.00
1649 2.32 2.25 0.00
1650 2.29 3.77 0.00
1651 0.69 0.36 0.00
1652 2.17 0.88 0.00
1653 0.84 0.37 0.00
1654 0.67 0.30 0.00
1655 1.56 2.60 0.00
1656 0.52 0.36 0.00
1657 1.29 0.30 0.00
1658 3.47 0.82 0.00
1659 0.99 0.30 0.00
1660 1.67 3.73 0.00
1661 3.55 0.85 0.00
1662 0.95 0.30 0.00
1663 2.30 0.45 0.00
1664 2.54 2.25 0.00
1665 29.81 26.01 0.00
1666 4.10 1.75 0.00
1667 11.47 423.55 0.00
1668 2.13 6.23 0.00
1669 19.26 80.97 0.00
1670 532.00 53.77 0.00
1671 8.10 401.59 0.00
1672 1.75 0.00 0.00
1673 3.64 38.08 0.00
1674 5.17 2.55 0.00
1675 2.16 1.88 0.00
1676 1.62 0.57 0.00
1677 2.80 0.42 0.00
1678 1.86 0.30 0.00
1679 0.88 1.94 0.00
1680 2.87 2.45 0.00
1681 2.29 0.00 0.00
1682 1.75 0.96 0.00
1683 2.72 0.00 0.00
1684 2.47 4.48 0.00
1685 1.99 2.04 0.00
1686 2.80 0.00 0.00
1687 1.30 0.00 0.00
1688 1.33 0.74 0.00
1689 3.40 0.13 0.00
1690 4.04 9.04 0.00
1691 0.96 0.57 0.00
1692 1.74 0.00 0.00
1693 1.63 1.70 0.00
1694 2.21 3.85 0.00
1695 2.41 2.36 0.00
1696 2.51 0.18 0.00
1697 3.16 3.51 0.00
1698 4.74 1.75 0.00
1699 7.54 178.96 0.00
1700 9.86 403.18 0.00
1701 79.35 20.93 0.00
1702 3.57 0.00 0.00
1703 2.53 0.51 0.00
1704 2.50 0.13 0.00
1705 2.56 2.29 0.00
1706 3.17 0.57 0.00
1707 1.70 0.13 0.00
1708 3.28 4.50 0.00
1709 3.43 1.28 0.00
1710 2.71 6.96 0.00
1711 1.41 0.00 0.00
1712 1.95 0.57 0.00
1713 2.44 0.26 0.00
1714 9.92 211.56 0.00
1715 6.72 8.13 0.00
1716 2.49 1.10 0.00
1717 1.52 0.00 0.00
1718 5.76 132.87 0.00
1719 7.66 234.46 0.00
1720 7.77 277.24 0.00
1721 3.06 0.99 0.00
1722 3.26 0.87 0.00
1723 7.93 135.72 0.00
1724 355.79 23.36 0.00
1725 335.79 41.57 0.00
1726 132.46 1.55 0.00
1727 2.19 1.22 0.00
1728 3.44 1.54 0.00
1729 4.79 2.09 0.00
1730 3.81 50.40 0.00
1731 0.85 0.00 0.00
1732 2.60 22.64 0.00
1733 1.33 0.51 0.00
1734 2.43 0.13 0.00
1735 4.10 4.14 0.00
1736 2.12 0.70 0.00
1737 2.84 0.42 0.00
1738 4.84 4.66 0.00
1739 2.64 2.44 0.00
1740 1.56 6.53 0.00
1741 5.09 1.98 0.00
1742 2.25 1.70 0.00
1743 321.31 20.64 0.00
1744 5.73 202.48 0.00
1745 3.79 7.87 0.00
1746 75.91 15.24 0.00
1747 0.97 0.00 0.00
1748 1.49 2.63 0.00
1749 2.35 0.86 0.00
1750 7.80 318.32 0.00
1751 1.74 1.46 0.00
1752 2.23 0.13 0.00
1753 1.09 0.36 0.00
1754 1.96 3.27 0.00
1755 4.60 4.84 0.00
1756 10.77 19.65 0.00
1757 226.60 22.99 0.00
1758 181.90 3.32 0.00
1759 1.42 0.00 0.00
1760 1.83 5.08 0.00
1761 3.62 1.84 0.00
1762 2.99 1.65 0.00
1763 0.88 0.51 0.00
1764 1.00 0.00 0.00
1765 1.71 1.49 0.00
1766 2.01 2.23 0.00
1767 1.07 0.00 0.00
1768 3.99 1.76 0.00
1769 2.40 4.04 0.00
1770 1.22 0.00 0.00
1771 7.57 161.53 0.00
1772 1.58 95.50 0.00
1773 1.16 0.40 0.00
1774 5.83 7.42 0.00
1775 2.86 1.28 0.00
1776 4.52 150.36 0.00
1777 319.51 46.42 0.00
1778 2.79 3.01 0.00
1779 8.80 16.43 0.00
1780 2.63 5.34 0.00
1781 135.50 8.34 0.00
1782 142.46 17.02 0.00
1783 2.97 2.05 0.00
1784 5.64 137.27 0.00
1785 0.84 40.16 0.00
1786 2.52 2.83 0.00
1787 1.51 0.98 0.00
1788 3.55 3.67 0.00
1789 3.30 2.39 0.00
1790 4.85 8.41 0.00
1791 3.10 4.34 0.00
1792 4.02 2.59 0.00
1793 0.77 1.17 0.00
1794 1.42 0.59 0.00
1795 1.41 0.44 0.00
1796 1.17 2.69 0.00
1797 2.17 0.59 0.00
1798 3.64 3.50 0.00
1799 0.99 0.82 0.00
1800 2.08 1.59 0.00
1801 1.70 2.56 0.00
1802 0.63 0.82 0.00
1803 3.95 3.22 0.00
1804 0.73 0.59 0.00
1805 1.31 0.95 0.00
1806 1.80 2.24 0.00
1807 2.83 1.88 0.00
1808 0.98 0.82 0.00
1809 2.10 0.30 0.00
1810 1.68 0.88 0.00
1811 1.62 2.66 0.00
1812 2.47 0.43 0.00
1813 2.78 2.32 0.00
1814 4.17 3.63 0.00
1815 1.88 0.46 0.00
1816 6.45 319.45 0.00
1817 2.67 1.87 0.00
1818 1.88 0.30 0.00
1819 5.66 177.22 0.00
1820 1.13 0.93 0.00
1821 6.26 5.69 0.00
1822 3.20 2.08 0.00
1823 1.62 1.29 0.00
1824 0.33 0.46 0.00
1825 0.55 0.30 0.00
1826 2.25 2.95 0.00
1827 3.22 131.97 0.00
1828 2.20 3.27 0.00
1829 2.78 1.51 0.00
1830 3.45 2.99 0.00
1831 2.13 3.26 0.00
1832 2.89 19.47 0.00
1833 0.54 0.30 0.00
1834 181.63 5.59 0.00
1835 155.87 21.43 0.00
1836 1.41 2.30 0.00
1837 3.47 1.65 0.00
1838 1.66 1.17 0.00
1839 1.72 2.21 0.00
1840 1.98 5.54 0.00
1841 7.14 176.80 0.00
1842 3.01 2.98 0.00
1843 2.57 0.53 0.00
1844 222.45 259.45 0.00
1845 1.55 0.65 0.00
1846 10.56 18.60 0.00
1847 1.86 1.24 0.00
1848 214.00 21.01 0.00
1849 1.78 0.46 0.00
1850 199.31 11.47 0.00
1851 141.58 18.65 0.00
1852 6.35 193.74 0.00
1853 5.77 209.19 0.00
1854 4.46 2.08 0.00
1855 5.06 4.93 0.00
1856 1.76 2.55 0.00
1857 6.09 157.82 0.00
1858 4.04 59.78 0.00
1859 1.39 2.07 0.00
1860 2.79 5.82 0.00
1861 5.14 260.17 0.00
1862 2.62 2.20 0.00
1863 1.88 0.30 0.00
1864 150.59 24.27 0.00
1865 7.53 150.30 0.00
1866 10.29 18.64 0.00
1867 3.30 3.72 0.00
1868 2.06 1.27 0.00
1869 5.16 184.23 0.00
1870 2.72 6.23 0.00
1871 4.69 192.00 0.00
1872 5.03 194.00 0.00
1873 167.09 22.22 0.00
1874 1.66 0.82 0.00
1875 1.77 0.30 0.00
1876 3.25 3.78 0.00
1877 1.39 0.82 0.00
1878 5.38 254.83 0.00
1879 2.73 2.28 0.00
1880 166.95 25.66 0.00
1881 3.39 2.43 0.00
1882 3.91 5.33 0.00
1883 10.89 16.35 0.00
1884 1.91 0.88 0.00
1885 3.25 2.07 0.00
1886 4.13 5.42 0.00
1887 1.62 0.46 0.00
1888 3.77 3.67 0.00
1889 1.78 2.59 0.00
1890 4.78 279.14 0.00
1891 1.75 2.14 0.00
1892 134.83 6.92 0.00
1893 10.28 16.51 0.00
1894 1.44 0.30 0.00
1895 3.16 2.12 0.00
1896 2.61 2.23 0.00
1897 3.13 1.77 0.00
1898 3.92 1.50 0.00
1899 2.17 1.07 0.00
1900 1.69 5.01 0.00
1901 9.61 188.37 0.00
1902 238.46 50.84 0.00
1903 179.34 20.32 0.00
1904 2.02 1.27 0.00
1905 6.72 184.89 0.00
1906 4.17 4.77 0.00
1907 207.52 21.98 0.00
1908 197.73 23.69 0.00
1909 241.87 21.58 0.00
1910 3.51 7.26 0.00
1911 3.50 3.49 0.00
1912 3.06 1.68 0.00
1913 3.23 2.46 0.00
1914 2.21 0.65 0.00
1915 1.89 0.30 0.00
1916 3.08 4.85 0.00
1917 1.54 0.46 0.00
1918 2.01 1.87 0.00
1919 1.83 1.37 0.00
1920 0.95 5.05 0.00
1921 3.14 4.05 0.00
1922 6.34 5.48 0.00
1923 181.53 22.34 0.00
1924 1.44 0.46 0.00
1925 2.49 1.10 0.00
1926 9.30 472.93 0.00
1927 10.94 459.27 0.00
1928 3.50 185.02 0.00
1929 134.89 3.94 0.00
1930 2.66 1.46 0.00
1931 11.19 26.21 0.00
1932 7.38 195.19 0.00
1933 1.70 1.99 0.00
1934 1.64 0.98 0.00
1935 3.75 1.92 0.00
1936 2.55 2.59 0.00
1937 141.69 20.66 0.00
1938 2.59 0.95 0.00
1939 220.14 20.62 0.00
1940 4.12 3.32 0.00
1941 3.24 7.14 0.00
1942 2.42 2.21 0.00
1943 6.45 254.24 0.00
1944 1.16 0.59 0.00
1945 0.83 0.59 0.00
1946 5.03 6.49 0.00
1947 3.77 2.41 0.00
1948 0.90 2.03 0.00
1949 2.02 1.08 0.00
1950 2.87 7.30 0.00
1951 2.19 2.42 0.00
1952 6.20 221.48 0.00
1953 363.58 293.50 0.00
1954 4.33 248.99 0.00
1955 4.98 190.24 0.00
1956 1.27 2.34 0.00
1957 2.35 1.36 0.00
1958 201.04 355.84 0.00
1959 9.75 18.47 0.00
1960 156.94 7.01 0.00
1961 2.94 3.52 0.00
1962 5.32 133.17 0.00
1963 1.65 0.30 0.00
1964 1.51 2.68 0.00
1965 1.61 0.13 0.00
1966 7.25 175.69 0.00
1967 3.19 1.17 0.00
1968 2.11 1.16 0.00
1969 4.92 133.16 0.00
1970 7.17 263.84 0.00
1971 2.62 3.09 0.00
1972 464.33 28.07 0.00
1973 1.38 1.11 0.00
1974 232.88 22.63 0.00
1975 1.77 0.46 0.00
1976 1.44 2.59 0.00
1977 2.06 0.43 0.00
1978 2.63 2.32 0.00
1979 1.04 0.97 0.00
1980 5.36 9.78 0.00
1981 3.43 3.39 0.00
1982 1.17 0.82 0.00
1983 2.76 2.08 0.00
1984 12.20 194.42 0.00
1985 3.31 64.76 0.00
1986 383.13 26.25 0.00
1987 3.52 1.65 0.00
1988 1.49 1.11 0.00
1989 3.67 3.43 0.00
1990 2.92 6.34 0.00
1991 1.29 3.01 0.00
1992 1.88 0.88 0.00
1993 6.37 263.15 0.00
1994 321.98 22.65 0.00
1995 2.00 0.30 0.00
1996 2.96 3.36 0.00
1997 3.02 4.29 0.00
1998 3.93 1.94 0.00
1999 274.93 210.20 0.00
2000 9.71 21.45 0.00
2001 3.33 2.13 0.00
2002 2.24 2.39 0.00
2003 2.90 1.40 0.00
2004 1.20 2.08 0.00
2005 0.56 0.00 0.00
2006 3.59 3.07 0.00
2007 3.25 267.01 0.00
2008 1.56 0.45 0.00
2009 4.67 2.37 0.00
2010 201.82 322.39 0.00
2011 4.30 4.63 0.00
2012 9.87 17.72 0.00
2013 7.24 254.12 0.00
2014 1.50 0.59 0.00
2015 4.35 2.57 0.00
2016 1.74 4.13 0.00
2017 3.83 2.93 0.00
2018 1.76 1.17 0.00
2019 184.85 4.63 0.00
2020 74.80 22.46 0.00
2021 5.74 6.03 0.00
2022 5.10 261.80 0.00
2023 2.72 2.79 0.00
2024 1.32 1.17 0.00
2025 1.68 0.88 0.00
2026 2.56 2.08 0.00
2027 357.96 9.99 0.00
2028 253.38 32.93 0.00
2029 6.26 292.70 0.00
2030 1.57 5.86 0.00
2031 2.83 3.17 0.00
2032 2.27 1.01 0.00
2033 3.75 4.87 0.00
2034 1.80 0.30 0.00
2035 1.55 0.00 0.00
2036 4.01 4.77 0.00
2037 9.21 185.29 0.00
2038 3.96 3.50 0.00
2039 4.71 132.74 0.00
2040 1.42 5.84 0.00
2041 236.30 15.76 0.00
2042 145.98 9.85 0.00
2043 2.76 2.08 0.00
2044 10.75 343.73 0.00
2045 3.14 1.27 0.00
2046 2.82 2.56 0.00
2047 0.96 0.00 0.00
2048 2.25 0.82 0.00
2049 2.87 0.72 0.00
2050 1.00 0.65 0.00
2051 5.17 4.46 0.00
2052 244.59 272.28 0.00
2053 9.88 19.04 0.00
2054 2.27 1.65 0.00
2055 2.06 0.94 0.00
2056 2.01 2.19 0.00
2057 1.97 1.24 0.00
2058 12.03 20.12 0.00
2059 198.22 277.97 0.00
2060 374.56 40.54 0.00
2061 2.75 2.54 0.00
2062 1.14 0.59 0.00
2063 2604.90 31.92 0.00
2064 11449.17 21.38 0.00
2065 11309.20 435.45 0.00
2066 11521.81 28.02 0.00
2067 8805.57 19.28 0.00
2068 1.21 2.29 0.00
2069 4712.58 9.26 0.00
2070 12609.59 29.51 0.00
2071 10808.56 26.20 0.00
2072 12589.86 157.10 0.00
2073 10405.49 22.80 0.00
2074 11113.99 21.70 0.00
2075 11536.40 20.62 0.00
2076 5746.03 12.88 0.00
2077 8905.55 13.81 0.00
2078 1328.25 28.44 0.00
2079 0.95 0.64 0.00
2080 1.76 4.93 0.00
2081 3.40 3.42 0.00
2082 2.65 0.85 0.00
2083 138.92 19.62 0.00
2084 3.49 2.51 0.00
2085 1.38 0.59 0.00
2086 220.77 15.02 0.00
2087 3.75 2.23 0.00
2088 1.72 0.59 0.00
2089 4579.92 53.19 0.00
2090 23995.96 51.41 0.00
2091 24115.89 49.81 0.00
2092 23458.90 46.19 0.00
2093 22455.01 46.19 0.00
2094 20576.38 41.04 0.00
2095 20571.63 40.27 0.00
2096 21519.81 42.23 0.00
2097 25503.24 47.63 0.00
2098 24331.96 49.52 0.00
2099 2650.46 7.17 0.00
2100 5169.77 16.42 0.00
2101 26325.77 54.39 0.00
2102 25599.39 50.66 0.00
2103 22257.11 72.59 0.00
2104 18504.54 37.41 0.00
2105 19981.73 39.99 0.00
2106 18273.79 36.96 0.00
2107 19470.29 38.88 0.00
2108 2783.26 7.71 0.00
2109 16781.42 35.42 0.00
2110 19759.77 43.66 0.00
2111 19592.39 42.63 0.00
2112 19294.96 38.20 0.00
2113 16379.30 51.94 0.00
2114 6833.35 23.46 0.00
2115 6767.32 16.57 0.00
2116 6340.60 17.23 0.00
2117 5337.76 11.39 0.00
2118 741.16 1.85 0.00
2119 3536.29 7.50 0.00
2120 6542.17 16.64 0.00
2121 6364.71 16.23 0.00
2122 6740.61 13.69 0.00
2123 6706.38 232.59 0.00
2124 6806.88 12.61 0.00
2125 6662.08 12.55 0.00
2126 4074.63 43.70 0.00
2127 948.28 366.41 0.00
2128 9603.45 49.11 0.00
2129 10160.69 21.31 0.00
2130 11234.46 26.60 0.00
2131 9759.67 22.93 0.00
2132 12400.82 25.89 0.00
2133 11661.47 24.45 0.00
2134 12869.08 25.38 0.00
2135 11584.24 23.31 0.00
2136 10231.37 26.23 0.00
2137 11229.11 22.60 0.00
2138 11214.08 22.86 0.00
2139 11043.36 23.64 0.00
2140 2427.45 53.79 0.00
2141 4.87 3.36 0.00
2142 5.40 9.94 0.00
2143 4.14 227.55 0.00
2144 1.54 0.82 0.00
2145 1.53 0.30 0.00
2146 291.80 19.69 0.00
2147 1.87 1.11 0.00
2148 2.64 0.30 0.00
2149 2.08 0.30 0.00
2150 2.36 6.05 0.00
2151 3.53 3.86 0.00
2152 257.31 21.97 0.00
2153 11.31 466.20 0.00
2154 3.65 14.54 0.00
2155 3.60 1.61 0.00
2156 8.63 344.16 0.00
2157 6.46 131.91 0.00
2158 2.76 3.25 0.00
2159 3.48 3.61 0.00
2160 4.99 9.14 0.00
2161 5.75 4.58 0.00
2162 2.88 1.94 0.00
2163 2.53 0.30 0.00
2164 2.51 0.00 0.00
2165 3.02 0.82 0.00
2166 2.15 3.57 0.00
2167 194.81 5.28 0.00
2168 9.40 14.17 0.00
2169 1.09 2.72 0.00
2170 160.00 7.66 0.00
2171 3.38 2.88 0.00
2172 1.28 0.46 0.00
2173 452.29 24.88 0.00
2174 373.18 27.31 0.00
2175 0.98 0.65 0.00
2176 1.62 1.91 0.00
2177 3.95 3.98 0.00
2178 1.53 1.07 0.00
2179 225.94 22.27 0.00
2180 3.18 7.60 0.00
2181 2.18 2.11 0.00
2182 1.69 0.59 0.00
2183 3.89 4.39 0.00
2184 3.09 2.10 0.00
2185 218.40 23.06 0.00
2186 6.27 7.22 0.00
2187 3.20 2.00 0.00
2188 1.87 0.00 0.00
2189 5.86 100.83 0.00
2190 1.50 95.71 0.00
2191 8.13 162.90 0.00
2192 2.81 0.82 0.00
2193 3.83 2.39 0.00
2194 349.68 23.95 0.00
2195 1.44 0.82 0.00
2196 1.63 2.25 0.00
2197 197.93 341.71 0.00
2198 3.90 2.62 0.00
2199 1.76 2.08 0.00
2200 10.35 19.87 0.00
2201 7.54 135.43 0.00
2202 4.03 3.11 0.00
2203 5.53 5.14 0.00
2204 1.17 1.29 0.00
2205 2.16 0.59 0.00
2206 429.72 24.63 0.00
2207 2.08 3.01 0.00
2208 3.27 2.80 0.00
2209 2.09 1.23 0.00
2210 1.72 5.47 0.00
2211 3.41 3.51 0.00
2212 239.56 20.92 0.00
2213 13.05 395.25 0.00
2214 2.60 63.37 0.00
2215 6.44 176.05 0.00
2216 2.95 3.86 0.00
2217 1.74 0.94 0.00
2218 10.10 18.62 0.00
2219 1.30 2.52 0.00
2220 7.50 201.36 0.00
2221 2.53 2.99 0.00
2222 303.71 19.92 0.00
2223 67.21 0.95 0.00
2224 0.77 0.30 0.00
2225 446.35 27.55 0.00
2226 2.64 3.20 0.00
2227 0.63 0.00 0.00
2228 0.95 0.95 0.00
2229 1.33 0.46 0.00
2230 1.10 0.30 0.00
2231 1.50 2.92 0.00
2232 2.35 1.17 0.00
2233 1.85 2.35 0.00
2234 5.33 183.34 0.00
2235 5.58 101.35 0.00
2236 3.19 34.52 0.00
2237 3.44 7.44 0.00
2238 5.61 221.14 0.00
2239 2.36 0.30 0.00
2240 2.19 5.76 0.00
2241 3.56 4.21 0.00
2242 5.24 3.84 0.00
2243 1.98 0.98 0.00
2244 2.17 1.60 0.00
2245 3.32 2.02 0.00
2246 3.85 5.68 0.00
2247 188.69 20.88 0.00
2248 1.43 1.87 0.00
2249 2.90 1.24 0.00
2250 1.45 5.34 0.00
2251 5.27 222.79 0.00
2252 1.91 1.46 0.00
2253 1.31 1.92 0.00
2254 195.41 202.88 0.00
2255 9.62 16.94 0.00
2256 2.71 3.62 0.00
2257 6.38 329.23 0.00
2258 6.51 187.44 0.00
2259 208.80 21.84 0.00
2260 211.87 8.30 0.00
2261 3.67 3.61 0.00
2262 2.75 2.10 0.00
2263 2.68 1.20 0.00
2264 3.27 4.31 0.00
2265 292.49 2.78 0.00
2266 262.17 24.04 0.00
2267 2.28 0.82 0.00
2268 2.97 2.39 0.00
2269 3.12 1.65 0.00
2270 1.85 4.81 0.00
2271 3.17 3.55 0.00
2272 2.65 0.72 0.00
2273 1.72 1.27 0.00
2274 4.65 4.93 0.00
2275 1.95 0.13 0.00
2276 2.16 3.30 0.00
2277 3.04 0.30 0.00
2278 3.38 2.87 0.00
2279 2.59 1.94 0.00
2280 0.99 0.46 0.00
2281 3.62 2.43 0.00
2282 1.80 1.11 0.00
2283 4.73 3.00 0.00
2284 5.74 8.15 0.00
2285 7.95 135.74 0.00
2286 2.96 2.75 0.00
2287 415.32 24.67 0.00
2288 10.20 18.19 0.00
2289 2.06 0.43 0.00
2290 1.67 5.11 0.00
2291 6.72 230.24 0.00
2292 5.01 3.76 0.00
2293 2.74 3.50 0.00
2294 189.54 6.70 0.00
2295 10.43 16.00 0.00
2296 1.51 2.14 0.00
2297 291.00 25.94 0.00
2298 3.29 1.78 0.00
2299 2.16 0.87 0.00
2300 2.02 6.03 0.00
2301 3.01 2.31 0.00
2302 0.85 0.36 0.00
2303 1.54 0.82 0.00
2304 0.88 0.30 0.00
2305 0.23 0.00 0.00
2306 2.13 4.28 0.00
2307 2.99 2.29 0.00
2308 1.45 2.15 0.00
2309 1.94 2.61 0.00
2310 5.09 159.34 0.00
2311 14.67 22.81 0.00
2312 5.75 4.71 0.00
2313 0.56 0.65 0.00
2314 1.22 0.30 0.00
2315 478.55 41.42 0.00
2316 2.86 2.27 0.00
2317 1.69 2.37 0.00
2318 1.98 0.98 0.00
2319 1.81 0.30 0.00
2320 4.99 262.48 0.00
2321 2.48 2.76 0.00
2322 2.96 2.21 0.00
2323 144.32 24.25 0.00
2324 1.51 1.22 0.00
2325 0.95 0.43 0.00
2326 11.43 20.69 0.00
2327 1.29 0.82 0.00
2328 1.99 0.30 0.00
2329 1.51 0.43 0.00
2330 3.68 8.98 0.00
2331 2.69 4.07 0.00
2332 6.53 277.87 0.00
2333 3.83 3.03 0.00
2334 11.51 407.74 0.00
2335 3.19 0.94 0.00
2336 2.64 4.63 0.00
2337 205.04 20.79 0.00
2338 448.10 23.78 0.00
2339 6.57 276.32 0.00
2340 2.51 6.23 0.00
2341 2.70 2.56 0.00
2342 3.54 2.74 0.00
2343 5.71 248.92 0.00
2344 2.66 3.77 0.00
2345 2.15 1.24 0.00
2346 4.12 5.33 0.00
2347 2.63 1.81 0.00
2348 0.94 0.64 0.00
2349 1.86 0.00 0.00
2350 1.29 4.70 0.00
2351 2.10 2.71 0.00
2352 144.85 19.19 0.00
2353 715.79 46.75 0.00
2354 1.90 1.40 0.00
2355 5.55 3.11 0.00
2356 4.69 218.32 0.00
2357 6.52 242.36 0.00
2358 3.55 0.59 0.00
2359 4.19 3.09 0.00
2360 3.62 137.69 0.00
2361 4.00 2.30 0.00
2362 3.26 1.68 0.00
2363 3.82 2.29 0.00
2364 9.91 18.96 0.00
2365 214.80 3.71 0.00
2366 166.16 22.66 0.00
2367 3.20 1.94 0.00
2368 3.14 3.79 0.00
2369 2.19 1.17 0.00
2370 2.96 6.23 0.00
2371 2.72 5.54 0.00
2372 1.85 0.67 0.00
2373 1.68 0.72 0.00
2374 1.55 0.46 0.00
2375 2.33 0.82 0.00
2376 1.63 2.09 0.00
2377 2.94 1.70 0.00
2378 2.91 1.24 0.00
2379 1.21 0.46 0.00
2380 5.97 139.09 0.00
2381 2.98 2.79 0.00
2382 3.15 1.59 0.00
2383 2.00 2.22 0.00
2384 2.56 3.01 0.00
2385 510.85 709.68 0.00
2386 3.26 4.52 0.00
2387 1.28 0.85 0.00
2388 3.18 2.39 0.00
2389 4.43 3.30 0.00
2390 3.29 7.04 0.00
2391 2.32 2.56 0.00
2392 3.63 3.43 0.00
2393 5.50 173.84 0.00
2394 3.95 0.88 0.00
2395 7.34 6.07 0.00
2396 134.54 7.18 0.00
2397 146.37 229.00 0.00
2398 455.67 370.95 0.00
2399 2.55 20.61 0.00
2400 4.30 6.38 0.00
2401 2.87 2.77 0.00
2402 2.15 4.38 0.00
2403 2.07 0.29 0.00
2404 2.44 1.46 0.00
2405 2.02 1.17 0.00
2406 4.91 233.36 0.00
2407 1.83 63.68 0.00
2408 1.11 0.71 0.00
2409 2.17 0.43 0.00
2410 0.51 0.53 0.00
2411 1.84 7.43 0.00
2412 1.85 0.58 0.00
2413 1.11 2.40 0.00
2414 1.18 0.80 0.00
2415 1.29 0.29 0.00
2416 2.67 3.35 0.00
2417 1.18 0.86 0.00
2418 2.98 32.25 0.00
2419 1.70 0.86 0.00
2420 7.86 305.75 0.00
2421 6.04 321.41 0.00
2422 3.49 35.35 0.00
2423 4.03 2.62 0.00
2424 1.05 0.29 0.00
2425 3.86 131.07 0.00
2426 6.22 6.44 0.00
2427 2.74 1.20 0.00
2428 3.77 4.03 0.00
2429 5.44 3.48 0.00
2430 4.98 132.11 0.00
2431 4.65 89.14 0.00
2432 3.10 45.10 0.00
2433 1.10 0.30 0.00
2434 2.65 1.41 0.00
2435 1.98 0.82 0.00
2436 3.47 2.72 0.00
2437 2.65 0.88 0.00
2438 2.93 1.87 0.00
2439 3.14 0.30 0.00
2440 1.80 0.72 0.00
2441 258.94 24.03 0.00
2442 438.80 316.96 0.00
2443 3.21 3.08 0.00
2444 1.21 0.82 0.00
2445 7.86 329.33 0.00
2446 5.48 4.58 0.00
2447 4.62 5.39 0.00
2448 1.39 0.59 0.00
2449 2.05 0.59 0.00
2450 1.45 5.22 0.00
2451 7.76 8.45 0.00
2452 5.21 5.05 0.00
2453 333.69 253.62 0.00
2454 267.81 4.98 0.00
2455 141.06 18.75 0.00
2456 3.15 3.72 0.00
2457 3.22 2.40 0.00
2458 3.90 3.73 0.00
2459 1.83 2.53 0.00
2460 2.23 6.73 0.00
2461 6.60 286.13 0.00
2462 1.79 31.24 0.00
2463 4.90 87.98 0.00
2464 1.21 44.58 0.00
2465 3.88 2.10 0.00
2466 6.45 221.90 0.00
2467 360.65 40.60 0.00
2468 4.97 277.17 0.00
2469 2.82 1.52 0.00
2470 3.97 6.46 0.00
2471 3.17 2.85 0.00
2472 3.42 2.53 0.00
2473 2.29 3.04 0.00
2474 3.91 2.20 0.00
2475 2.09 0.30 0.00
2476 1.08 2.09 0.00
2477 214.65 26.57 0.00
2478 181.07 3.33 0.00
2479 186.55 14.07 0.00
2480 3.52 5.87 0.00
2481 5.97 115.76 0.00
2482 2.15 1.17 0.00
2483 1.98 0.82 0.00
2484 1.69 0.72 0.00
2485 176.00 11.48 0.00
2486 6040.20 61.19 0.00
2487 6664.96 284.97 0.00
2488 6278.25 265.95 0.00
2489 5970.16 11.87 0.00
2490 5581.36 16.48 0.00
2491 2476.85 491.29 0.00
2492 684.54 12.78 0.00
2493 17062.15 53.00 0.00
2494 18915.98 35.11 0.00
2495 19197.07 38.46 0.00
2496 18846.74 37.83 0.00
2497 20046.73 37.62 0.00
2498 18820.84 39.86 0.00
2499 19619.83 37.65 0.00
2500 18844.89 41.89 0.00
2501 18065.38 210.54 0.00
2502 19802.73 39.43 0.00
2503 19587.57 39.18 0.00
2504 14419.07 231.39 0.00
2505 13928.24 25.12 0.00
2506 14148.44 27.67 0.00
2507 14129.23 28.34 0.00
2508 7548.19 25.76 0.00
2509 7331.87 14.68 0.00
2510 7165.72 19.45 0.00
2511 7102.58 17.14 0.00
2512 6556.27 13.13 0.00
2513 901.75 18.25 0.00
2514 0.98 0.30 0.00
2515 5.72 131.75 0.00
2516 3.12 3.06 0.00
2517 2.06 0.30 0.00
2518 2.40 1.87 0.00
2519 4.01 3.51 0.00
2520 1.90 1.92 0.00
2521 2.30 2.14 0.00
2522 3.15 1.81 0.00
2523 1.32 0.51 0.00
2524 1.27 0.30 0.00
2525 6.33 259.42 0.00
2526 31.91 27.76 0.00
2527 4.83 2.83 0.00
2528 19.43 29.63 0.00
2529 13.32 31.07 0.00
2530 3.81 9.35 0.00
2531 5.20 5.11 0.00
2532 34.00 33.63 0.00
2533 626.25 232.71 0.00
2534 4.45 270.86 0.00
2535 1.74 25.31 0.00
2536 3.18 43.18 0.00
2537 2.46 0.87 0.00
2538 3.29 1.78 0.00
2539 1.51 0.46 0.00
2540 2.70 5.78 0.00
2541 4.06 4.98 0.00
2542 2.24 0.43 0.00
2543 1.69 0.95 0.00
2544 1.25 0.75 0.00
2545 1.62 0.59 0.00
2546 1.69 2.72 0.00
2547 1.72 1.17 0.00
2548 4.00 3.63 0.00
2549 8.32 275.07 0.00
2550 1.39 5.34 0.00
2551 3.00 2.21 0.00
2552 4.29 2.60 0.00
2553 3.43 1.01 0.00
2554 2.84 0.75 0.00
2555 4.28 1.24 0.00
2556 3.22 2.43 0.00
2557 2.82 0.30 0.00
2558 3.72 4.21 0.00
2559 2.85 0.75 0.00
2560 8.09 180.25 0.00
2561 11.80 202.29 0.00
2562 1.87 0.30 0.00
2563 135.48 11.21 0.00
2564 540.94 53.68 0.00
2565 251.51 224.03 0.00
2566 197.15 186.66 0.00
2567 4.20 3.81 0.00
2568 3.04 0.13 0.00
2569 1.03 0.59 0.00
2570 1.84 6.51 0.00
2571 2.16 1.85 0.00
2572 0.94 0.36 0.00
2573 1.28 2.31 0.00
2574 2.85 0.86 0.00
2575 1.15 0.43 0.00
2576 5.19 6.65 0.00
2577 12.45 439.51 0.00
2578 254.26 23.46 0.00
2579 1.64 0.82 0.00
2580 2.35 5.13 0.00
2581 5.32 7.03 0.00
2582 2.56 0.82 0.00
2583 3.40 0.59 0.00
2584 2.80 0.88 0.00
2585 2.37 1.40 0.00
2586 2.97 2.14 0.00
2587 2.39 1.62 0.00
2588 5.08 2.97 0.00
2589 3.68 2.00 0.00
2590 232.90 285.13 0.00
2591 242.49 445.79 0.00
2592 171.71 2.41 0.00
2593 260.19 8.91 0.00
2594 9.85 13.99 0.00
2595 2.16 0.78 0.00
2596 4.89 129.62 0.00
2597 2.08 6.86 0.00
2598 3.25 1.16 0.00
2599 2.32 0.88 0.00
2600 5.78 249.52 0.00
2601 4.56 3.72 0.00
2602 5.46 207.49 0.00
2603 141.09 20.43 0.00
2604 3.60 2.07 0.00
2605 7.72 219.49 0.00
2606 185.20 231.79 0.00
2607 3.70 19.15 0.00
2608 1.73 0.93 0.00
2609 2.05 2.31 0.00
2610 2.61 6.91 0.00
2611 2.16 2.67 0.00
2612 2.15 0.87 0.00
2613 2.36 2.21 0.00
2614 443.17 22.74 0.00
2615 3.96 1.24 0.00
2616 4.23 5.04 0.00
2617 3.50 2.74 0.00
2618 203.47 21.98 0.00
2619 9.27 464.38 0.00
2620 3.44 6.64 0.00
2621 2.29 2.95 0.00
2622 1.47 0.49 0.00
2623 3.89 5.25 0.00
2624 0.67 0.51 0.00
2625 0.73 0.43 0.00
2626 2.11 2.81 0.00
2627 5.23 3.05 0.00
2628 3.43 2.46 0.00
2629 214.04 10.45 0.00
2630 144.78 29.50 0.00
2631 175.72 19.03 0.00
2632 2.32 0.94 0.00
2633 3.52 1.24 0.00
2634 5.74 184.59 0.00
2635 3.30 2.27 0.00
2636 3.28 3.81 0.00
2637 1.88 0.30 0.00
2638 3.23 2.29 0.00
2639 205.21 8.86 0.00
2640 237.52 24.13 0.00
2641 7.98 264.81 0.00
2642 2.98 2.93 0.00
2643 251.56 10.31 0.00
2644 224.71 16.97 0.00
2645 1.97 1.11 0.00
2646 4.60 4.17 0.00
2647 2.58 1.87 0.00
2648 2.83 2.45 0.00
2649 2.21 2.08 0.00
2650 2.15 5.82 0.00
2651 3.03 4.01 0.00
2652 9.54 16.56 0.00
2653 4.92 160.57 0.00
2654 143.56 129.79 0.00
2655 261.48 19.44 0.00
2656 5.35 262.73 0.00
2657 1.72 2.45 0.00
2658 1.77 0.46 0.00
2659 2.15 1.30 0.00
2660 3.36 7.70 0.00
2661 3.46 2.83 0.00
2662 1.40 1.98 0.00
2663 2.05 1.11 0.00
2664 1.39 0.59 0.00
2665 3.58 3.37 0.00
2666 12.46 21.43 0.00
2667 3.31 1.88 0.00
2668 267.71 24.39 0.00
2669 4.19 2.87 0.00
2670 3.28 8.25 0.00
2671 4.50 4.07 0.00
2672 4.64 243.99 0.00
2673 1.57 0.78 0.00
2674 1.11 0.30 0.00
2675 2.98 2.71 0.00
2676 2.18 3.02 0.00
2677 140.78 20.40 0.00
2678 223.25 6.86 0.00
2679 11.86 20.20 0.00
2680 2.91 6.57 0.00
2681 8.15 166.68 0.00
2682 9.29 14.66 0.00
2683 2.73 3.08 0.00
2684 2.99 2.93 0.00
2685 2.30 2.08 0.00
2686 1.88 2.42 0.00
2687 1.24 1.12 0.00
2688 2.51 1.78 0.00
2689 3.29 2.95 0.00
2690 2.40 7.15 0.00
2691 209.15 6.95 0.00
2692 10.63 17.76 0.00
2693 3.19 2.49 0.00
2694 1.99 1.92 0.00
2695 10.40 435.68 0.00
2696 2.07 2.97 0.00
2697 3.90 0.75 0.00
2698 3.40 3.03 0.00
2699 4.40 4.74 0.00
2700 183.54 12.65 0.00
2701 334.97 18.67 0.00
2702 2.78 163.12 0.00
2703 1.89 0.43 0.00
2704 256.23 5.41 0.00
2705 217.03 23.33 0.00
2706 582.06 291.10 0.00
2707 8.16 6.21 0.00
2708 4.69 249.18 0.00
2709 6.06 132.62 0.00
2710 8.55 268.76 0.00
2711 6.41 135.55 0.00
2712 5.52 183.89 0.00
2713 1.34 1.87 0.00
2714 1.72 0.80 0.00
2715 5.76 137.73 0.00
2716 4.25 31.00 0.00
2717 2.27 3.08 0.00
2718 3.40 1.94 0.00
2719 12.24 20.99 0.00
2720 180.97 180.22 0.00
2721 2.76 2.18 0.00
2722 1.80 0.49 0.00
2723 3.94 4.23 0.00
2724 1.97 1.17 0.00
2725 0.99 0.00 0.00
2726 222.36 8.51 0.00
2727 11.72 19.88 0.00
2728 8.75 377.52 0.00
2729 133.99 24.29 0.00
2730 186.93 28.07 0.00
2731 1.55 2.83 0.00
2732 9.28 14.58 0.00
2733 0.90 0.72 0.00
2734 2.44 3.08 0.00
2735 1.90 1.74 0.00
2736 4.15 5.16 0.00
2737 3.21 3.32 0.00
2738 7.38 189.33 0.00
2739 6.67 279.60 0.00
2740 2.12 5.70 0.00
2741 4.79 5.37 0.00
2742 1.93 1.36 0.00
2743 258.54 21.91 0.00
2744 134.56 3.64 0.00
2745 2.34 0.64 0.00
2746 3.89 2.34 0.00
2747 3.74 4.26 0.00
2748 3.40 1.94 0.00
2749 3.76 0.59 0.00
2750 1.61 5.94 0.00
2751 220.02 25.27 0.00
2752 71.60 174.26 0.00
2753 3.80 2.45 0.00
2754 559.18 23.37 0.00
2755 280.71 4.28 0.00
2756 3.12 6.13 0.00
2757 14.44 528.93 0.00
2758 5.76 4.49 0.00
2759 7.57 273.48 0.00
2760 2.20 32.62 0.00
2761 3.00 1.98 0.00
2762 1.48 0.87 0.00
2763 2.25 1.79 0.00
2764 5.20 327.35 0.00
2765 2.10 87.03 0.00
2766 7.74 7.75 0.00
2767 1.13 0.46 0.00
2768 219.36 22.55 0.00
2769 178.54 8.53 0.00
2770 7.92 18.00 0.00
2771 2.20 3.21 0.00
2772 1.84 0.33 0.00
2773 2.40 2.74 0.00
2774 4.16 3.88 0.00
2775 6.86 211.55 0.00
2776 3.61 3.71 0.00
2777 2.68 2.17 0.00
2778 214.90 12.43 0.00
2779 197.49 236.98 0.00
2780 1.50 5.65 0.00
2781 5.04 3.79 0.00
2782 8.50 18.68 0.00
2783 239.27 8.74 0.00
2784 0.99 0.00 0.00
2785 2.77 0.29 0.00
2786 10.08 16.15 0.00
2787 217.58 2.03 0.00
2788 2.37 1.87 0.00
2789 3.87 1.92 0.00
2790 2.15 4.70 0.00
2791 3.66 3.79 0.00
2792 6.04 169.38 0.00
2793 5.70 5.25 0.00
2794 2.83 1.94 0.00
2795 4.94 3.55 0.00
2796 4.39 4.16 0.00
2797 1.95 2.24 0.00
2798 2.93 1.71 0.00
2799 333.81 23.87 0.00
2800 4.06 7.47 0.00
2801 8.51 136.65 0.00
2802 2.38 1.08 0.00
2803 2.26 2.51 0.00
2804 4.90 4.94 0.00
2805 2.19 1.10 0.00
2806 4.19 5.24 0.00
2807 231.65 22.53 0.00
2808 3.56 2.87 0.00
2809 2.28 0.59 0.00
2810 344.57 13.23 0.00
2811 2.77 2.66 0.00
2812 1.52 0.36 0.00
2813 657.36 20.68 0.00
2814 5079.54 27.03 0.00
2815 8417.67 27.62 0.00
2816 5673.40 27.79 0.00
2817 7235.78 17.79 0.00
2818 13295.20 29.07 0.00
2819 16464.70 35.71 0.00
2820 17332.59 41.04 0.00
2821 18404.89 36.94 0.00
2822 17839.59 34.81 0.00
2823 19020.46 34.08 0.00
2824 17900.34 33.85 0.00
2825 17379.80 34.01 0.00
2826 17666.85 40.97 0.00
2827 18453.04 34.40 0.00
2828 18664.75 36.88 0.00
2829 5856.88 12.88 0.00
2830 1.74 1.48 0.00
2831 15301.92 304.24 0.00
2832 19704.32 39.53 0.00
2833 19478.45 51.24 0.00
2834 19996.99 47.70 0.00
2835 19629.46 38.75 0.00
2836 22200.37 337.83 0.00
2837 24017.12 48.03 0.00
2838 22710.91 44.26 0.00
2839 23763.11 50.46 0.00
2840 19751.94 93.01 0.00
2841 21149.63 66.63 0.00
2842 20235.79 37.92 0.00
2843 10578.57 282.66 0.00
2844 9046.74 18.43 0.00
2845 6719.89 14.05 0.00
2846 14080.90 23.96 0.00
2847 25046.76 39.45 0.00
2848 21271.78 34.67 0.00
2849 16110.52 30.69 0.00
2850 18005.49 37.19 0.00
2851 16342.18 33.25 0.00
2852 19882.53 32.61 0.00
2853 26328.52 51.81 0.00
2854 25140.49 49.35 0.00
2855 20859.77 53.08 0.00
2856 18790.90 169.60 0.00
2857 20315.10 38.65 0.00
2858 20266.59 39.30 0.00
2859 20350.82 40.65 0.00
2860 17219.85 47.50 0.00
2861 13565.86 40.72 0.00
2862 13421.22 26.99 0.00
2863 12936.74 26.82 0.00
2864 12903.35 26.79 0.00
2865 13872.21 27.89 0.00
2866 5349.59 39.69 0.00
2867 1.84 0.87 0.00
2868 1.32 0.30 0.00
2869 24.82 17.94 0.00
2870 119.21 222.93 0.00
2871 32.57 9565.76 0.00
2872 14.19 10666.97 0.00
2873 17.25 9124.12 0.00
2874 11.88 8285.44 0.00
2875 3.07 1581.53 0.00
2876 2.41 650.55 0.00
2877 2.13 462.94 0.00
2878 1.82 169.71 0.00
2879 1.60 559.02 0.00
2880 1.47 2.74 0.00
2881 4.45 1092.60 0.00
2882 0.98 1.00 0.00
2883 1.77 0.30 0.00
2884 6.90 2530.26 0.00
2885 20.67 12005.46 0.00
2886 17.54 9220.88 0.00
2887 15.67 9165.99 0.00
2888 9.66 5620.44 0.00
2889 13.27 6293.94 0.00
2890 33.75 16103.45 0.00
2891 29.27 15077.72 0.00
2892 23.18 12127.27 0.00
2893 38.10 21669.83 0.00
2894 11.29 5669.98 0.00
2895 13.46 7833.02 0.00
2896 7.44 4540.04 0.00
2897 4.23 1814.65 0.00
2898 7.37 3437.51 0.00
2899 6.50 3319.68 0.00
2900 5.38 2551.41 0.00
2901 7.28 2435.63 0.00
2902 14.75 7051.06 0.00
2903 26.89 16778.81 0.00
2904 37.56 18837.55 0.00
2905 14.97 7933.03 0.00
2906 29.94 15854.89 0.00
2907 21.19 12573.78 0.00
2908 16.25 8806.75 0.00
2909 20.01 12283.32 0.00
2910 17.87 12274.70 0.00
2911 21.45 14770.65 0.00
2912 17.67 11981.00 0.00
2913 18.84 11470.30 0.00
2914 29.50 14151.81 0.00
2915 12.85 6620.93 0.00
2916 6.08 5.09 0.00
2917 35.43 29.20 0.00
2918 2.53 2.04 0.00
2919 5.04 3.25 0.00
2920 2747.65 24.45 0.00
2921 1410.58 2.40 0.00
2922 4142.66 17.84 0.00
2923 4161.24 4160.89 0.00
2924 2526.13 10.50 0.00
2925 7.87 6.20 0.00
2926 3.80 2.65 0.00
2927 3.12 4.78 0.00
2928 24.60 61.45 0.00
2929 2.82 1.51 0.00
2930 2.46 2.73 0.00
2931 299.98 145.15 0.00
2932 1.69 2.21 0.00
2933 2.26 1.40 0.00
2934 2.44 0.30 0.00
2935 1.28 0.59 0.00
2936 3.20 2.84 0.00
2937 5.54 7.63 0.00
2938 3.10 7.38 0.00
2939 6.62 160.41 0.00
2940 3.39 62.27 0.00
2941 1.18 0.30 0.00
2942 3.42 2.78 0.00
2943 2.14 0.30 0.00
2944 1.77 0.59 0.00
2945 2.71 0.95 0.00
2946 1.61 1.01 0.00
2947 3.24 4.69 0.00
2948 3.71 3.25 0.00
2949 0.66 0.30 0.00
2950 1.18 5.05 0.00
2951 1.80 0.82 0.00
2952 0.85 0.30 0.00
2953 1.38 1.93 0.00
2954 2.55 2.25 0.00
2955 2.05 0.53 0.00
2956 3.76 159.34 0.00
2957 2.64 0.54 0.00
2958 1.26 1.79 0.00
2959 0.83 0.30 0.00
2960 2.18 5.70 0.00
2961 7.06 263.15 0.00
2962 198.13 10.39 0.00
2963 2.58 10.31 0.00
2964 354.53 17.40 0.00
2965 137.27 19.16 0.00
2966 395.29 42.74 0.00
2967 2.90 3.58 0.00
2968 7.46 401.95 0.00
2969 1.18 28.14 0.00
2970 1.99 6.21 0.00
2971 1.71 0.46 0.00
2972 1.22 2.47 0.00
2973 0.84 0.81 0.00
2974 4.22 4.44 0.00
2975 2.39 1.31 0.00
2976 1.25 0.43 0.00
2977 1.15 2.21 0.00
2978 2.86 1.11 0.00
2979 2.08 1.62 0.00
2980 2.37 5.11 0.00
2981 2.08 0.82 0.00
2982 3.71 2.44 0.00
2983 5.32 4.14 0.00
2984 1.48 1.27 0.00
2985 4.95 3.54 0.00
2986 6.11 275.12 0.00
2987 272.61 18.33 0.00
2988 1.07 0.46 0.00
2989 3.34 1.75 0.00
2990 2.08 1.62 0.00
2991 1.17 0.30 0.00
2992 1.60 0.31 0.00
2993 1.76 2.82 0.00
2994 3.45 0.44 0.00
2995 2.43 1.47 0.00
2996 0.62 0.82 0.00
2997 3.15 4.77 0.00
2998 6.16 184.14 0.00
2999 2.72 2.78 0.00
3000 6.81 192.70 0.00
3001 1.13 0.51 0.00
3002 1.27 0.82 0.00
3003 2.70 2.47 0.00
3004 1.92 0.00 0.00
3005 1.70 0.85 0.00
3006 2.99 2.10 0.00
3007 3.81 162.45 0.00
3008 3.31 5.94 0.00
3009 2.15 0.50 0.00
3010 1.79 0.46 0.00
3011 2.28 5.95 0.00
3012 2.35 1.17 0.00
3013 1.36 0.79 0.00
3014 3.13 4.31 0.00
3015 1.22 0.30 0.00
3016 0.83 0.30 0.00
3017 3.08 0.95 0.00
3018 2.49 1.46 0.00
3019 2.36 3.00 0.00
3020 4.28 8.09 0.00
3021 488.81 24.09 0.00
3022 183.95 29.07 0.00
3023 8.44 13.29 0.00
3024 1.18 2.21 0.00
3025 1.20 0.30 0.00
3026 2.40 1.24 0.00
3027 1.30 2.02 0.00
3028 0.90 0.45 0.00
3029 2.26 4.56 0.00
3030 0.44 0.30 0.00
3031 1.14 4.96 0.00
3032 1.60 0.51 0.00
3033 1.06 0.43 0.00
3034 1.24 2.27 0.00
3035 1.77 2.50 0.00
3036 1.14 0.59 0.00
3037 0.85 0.46 0.00
3038 4.45 3.63 0.00
3039 250.75 6.56 0.00
3040 11.15 27.04 0.00
3041 75.31 14.96 0.00
3042 2.82 1.01 0.00
3043 10.57 483.06 0.00
3044 2.33 48.30 0.00
3045 1.11 0.30 0.00
3046 2.46 0.30 0.00
3047 1.47 1.11 0.00
3048 3.16 2.64 0.00
3049 2.10 2.84 0.00
3050 0.55 0.82 0.00
3051 0.85 0.30 0.00
3052 1.59 0.43 0.00
3053 2.40 0.98 0.00
3054 1.59 2.43 0.00
3055 1.67 0.30 0.00
3056 2.00 0.82 0.00
3057 1.59 0.59 0.00
3058 1.47 1.87 0.00
3059 4.81 4.94 0.00
3060 5.05 4.97 0.00
3061 1.31 0.30 0.00
3062 0.74 0.82 0.00
3063 1.10 0.30 0.00
3064 1.77 2.34 0.00
3065 2.36 0.98 0.00
3066 2.27 1.17 0.00
3067 0.41 0.30 0.00
3068 1.99 2.10 0.00
3069 3.27 3.90 0.00
3070 0.86 0.30 0.00
3071 5.74 158.53 0.00
3072 3.49 2.76 0.00
3073 4.86 89.67 0.00
3074 1.11 46.94 0.00
3075 1.40 0.59 0.00
3076 0.63 0.30 0.00
3077 0.74 0.51 0.00
3078 1.80 0.72 0.00
3079 1.58 2.72 0.00
3080 0.77 0.98 0.00
3081 1.78 0.30 0.00
3082 0.74 0.30 0.00
3083 1.72 0.95 0.00
3084 1.92 2.95 0.00
3085 6.28 168.67 0.00
3086 1.76 1.58 0.00
3087 5.09 334.13 0.00
3088 2.20 3.50 0.00
3089 3.29 3.84 0.00
3090 5.79 172.85 0.00
3091 0.62 0.65 0.00
3092 4.09 23.88 0.00
3093 1.03 1.79 0.00
3094 1.86 2.78 0.00
3095 2.88 0.95 0.00
3096 1.58 2.53 0.00
3097 0.73 0.30 0.00
3098 3.53 1.81 0.00
3099 212.07 29.19 0.00
3100 320.09 23.57 0.00
3101 5.21 221.29 0.00
3102 3.47 4.07 0.00
3103 1.98 2.32 0.00
3104 1.62 3.01 0.00
3105 1.33 2.57 0.00
3106 1.48 0.43 0.00
3107 0.85 0.98 0.00
3108 0.66 0.30 0.00
3109 1.70 2.27 0.00
3110 7.48 244.68 0.00
3111 3.31 178.98 0.00
3112 2.06 0.71 0.00
3113 1.61 1.46 0.00
3114 1.25 2.34 0.00
3115 1.62 0.59 0.00
3116 4.10 4.19 0.00
3117 2.83 3.03 0.00
3118 1.82 2.23 0.00
3119 1.32 2.75 0.00
3120 230.42 7.28 0.00
3121 1.53 0.30 0.00
3122 1.03 0.95 0.00
3123 2.11 2.24 0.00
3124 294.27 4.94 0.00
3125 2.53 1.42 0.00
3126 1.99 0.50 0.00
3127 1.85 0.46 0.00
3128 2.36 2.17 0.00
3129 3.41 3.96 0.00
3130 4.17 144.44 0.00
3131 2.69 33.76 0.00
3132 1.70 0.43 0.00
3133 1.02 2.03 0.00
3134 2.90 3.14 0.00
3135 1.10 0.46 0.00
3136 2.49 1.59 0.00
3137 2.00 1.17 0.00
3138 3.14 1.65 0.00
3139 5.46 186.42 0.00
3140 1.61 1.43 0.00
3141 1.66 0.00 0.00
3142 0.53 0.00 0.00
3143 4.69 4.37 0.00
3144 1.32 2.85 0.00
3145 2.72 2.19 0.00
3146 2.93 2.45 0.00
3147 1.39 1.23 0.00
3148 1.45 2.64 0.00
3149 2.06 2.82 0.00
3150 1.02 0.72 0.00
3151 2.91 2.80 0.00
3152 2.84 2.74 0.00
3153 2.05 1.74 0.00
3154 6.77 275.65 0.00
3155 1.55 1.17 0.00
3156 0.30 0.30 0.00
3157 1.08 0.47 0.00
3158 1.44 0.98 0.00
3159 0.89 2.14 0.00
3160 0.66 0.30 0.00
3161 1.59 0.80 0.00
3162 0.41 0.30 0.00
3163 1.64 1.70 0.00
3164 1.11 2.51 0.00
3165 4.42 260.83 0.00
3166 7.99 474.54 0.00
3167 2.26 2.33 0.00
3168 1.95 0.87 0.00
3169 2.80 2.36 0.00
3170 0.95 0.95 0.00
3171 1.21 0.88 0.00
3172 3.33 0.88 0.00
3173 5.67 216.91 0.00
3174 1.54 48.92 0.00
3175 2.48 0.30 0.00
3176 1.37 0.95 0.00
3177 3.25 2.23 0.00
3178 3.68 3.98 0.00
3179 4.94 189.77 0.00
3180 24.52 296.26 0.00
3181 294.28 33.78 0.00
3182 2.99 2.41 0.00
3183 1.51 0.64 0.00
3184 2.23 3.07 0.00
3185 2.59 1.91 0.00
3186 2.29 2.08 0.00
3187 1.46 0.13 0.00
3188 2.53 1.40 0.00
3189 2.66 2.66 0.00
3190 1.77 5.43 0.00
3191 1.81 1.24 0.00
3192 1.52 0.30 0.00
3193 0.57 0.14 0.00
3194 2.41 6.34 0.00
3195 646.81 28.25 0.00
3196 286.24 388.10 0.00
3197 6.58 233.75 0.00
3198 5.39 5.37 0.00
3199 4.13 4.77 0.00
3200 2.82 7.64 0.00
3201 2.22 0.46 0.00
3202 0.97 0.66 0.00
3203 1.91 1.08 0.00
3204 3.55 5.56 0.00
3205 2.38 1.65 0.00
3206 4.48 3.51 0.00
3207 0.81 0.94 0.00
3208 2.90 3.78 0.00
3209 2.11 2.88 0.00
3210 9.44 22.09 0.00
3211 1.89 0.30 0.00
3212 2.79 1.81 0.00
3213 1.32 1.23 0.00
3214 2.82 2.43 0.00
3215 2.50 1.81 0.00
3216 472.44 27.60 0.00
3217 311.26 14.90 0.00
3218 1.45 0.82 0.00
3219 5.88 163.25 0.00
3220 1.41 0.64 0.00
3221 4.57 193.11 0.00
3222 2.13 1.95 0.00
3223 2.64 2.79 0.00
3224 1.86 3.23 0.00
3225 2.04 1.59 0.00
3226 5.05 403.19 0.00
3227 2.19 2.02 0.00
3228 1.41 0.78 0.00
3229 2.36 2.50 0.00
3230 0.55 0.98 0.00
3231 6.41 213.02 0.00
3232 4.01 294.93 0.00
3233 2.64 10.68 0.00
3234 4.55 129.22 0.00
3235 2.71 35.92 0.00
3236 6.90 221.02 0.00
3237 4.66 207.72 0.00
3238 2.92 3.03 0.00
3239 1.90 4.91 0.00
3240 0.95 5.08 0.00
3241 343.22 7.86 0.00
3242 7.94 13.95 0.00
3243 2.50 2.21 0.00
3244 8.93 18.27 0.00
3245 2.34 1.81 0.00
3246 2.67 0.51 0.00
3247 2.87 2.78 0.00
3248 2.52 3.46 0.00
3249 4.01 2.94 0.00
3250 7.31 187.75 0.00
3251 5.31 220.16 0.00
3252 395.50 8.44 0.00
3253 9.00 14.74 0.00
3254 206.57 23.63 0.00
3255 1.22 0.30 0.00
3256 9.17 18.13 0.00
3257 2.85 2.64 0.00
3258 2.62 1.81 0.00
3259 2.94 5.14 0.00
3260 3.99 188.47 0.00
3261 3.22 1.52 0.00
3262 0.80 0.75 0.00
3263 1.44 0.82 0.00
3264 1.98 2.85 0.00
3265 1.54 1.23 0.00
3266 1.08 0.51 0.00
3267 0.74 0.30 0.00
3268 1.33 0.43 0.00
3269 1.60 3.02 0.00
3270 0.86 0.73 0.00
3271 1.03 2.02 0.00
3272 1.29 0.82 0.00
3273 0.66 0.30 0.00
3274 5.79 147.62 0.00
3275 4.44 304.79 0.00
3276 8.32 281.60 0.00
3277 6.57 168.23 0.00
3278 6.62 319.93 0.00
3279 1.52 41.80 0.00
3280 1.00 0.28 0.00
3281 1.81 1.11 0.00
3282 2.23 0.74 0.00
3283 1.42 0.82 0.00
3284 1.87 4.42 0.00
3285 4.79 2.53 0.00
3286 2.56 2.48 0.00
3287 2.07 2.28 0.00
3288 4.63 2.23 0.00
3289 3.60 4.94 0.00
3290 0.94 1.12 0.00
3291 6.13 3.12 0.00
3292 1.94 1.46 0.00
3293 2.78 2.02 0.00
3294 2.08 2.42 0.00
3295 1.49 0.72 0.00
3296 4.66 186.78 0.00
3297 2.68 71.37 0.00
3298 0.90 2.03 0.00
3299 2.12 16.61 0.00
3300 2.72 5.60 0.00
3301 1.39 1.17 0.00
3302 4.03 4.71 0.00
3303 140.58 20.79 0.00
3304 3.98 226.70 0.00
3305 4.06 2.95 0.00
3306 3.10 179.15 0.00
3307 2.57 1.80 0.00
3308 2.71 1.81 0.00
3309 4.19 133.82 0.00
3310 1.32 5.59 0.00
3311 3.99 3.59 0.00
3312 1.19 0.59 0.00
3313 1.45 2.80 0.00
3314 2.03 3.12 0.00
3315 193.55 8.06 0.00
3316 261.59 15.71 0.00
3317 72.58 189.96 0.00
3318 3.48 175.91 0.00
3319 3.31 3.96 0.00
3320 517.40 6964.89 0.00
3321 285.75 9399.59 0.00
3322 34.64 12035.95 0.00
3323 26.25 12463.55 0.00
3324 28.94 12917.29 0.00
3325 50.78 19878.05 0.00
3326 63.01 31746.35 0.00
3327 65.07 33020.00 0.00
3328 56.99 29388.17 0.00
3329 38.31 18398.33 0.00
3330 44.33 20909.94 0.00
3331 62.13 28995.92 0.00
3332 67.47 27946.91 0.00
3333 49.67 23207.53 0.00
3334 50.68 20775.80 0.00
3335 68.50 29574.20 0.00
3336 23.16 8137.20 0.00
3337 33.45 12143.51 0.00
3338 47.51 16986.11 0.00
3339 34.09 13881.84 0.00
3340 29.21 12265.64 0.00
3341 30.27 15021.43 0.00
3342 29.22 15830.03 0.00
3343 45.11 22073.55 0.00
3344 88.12 44457.46 0.00
3345 86.02 43356.09 0.00
3346 85.97 45221.31 0.00
3347 83.45 44069.59 0.00
3348 85.07 45246.70 0.00
3349 78.70 40669.68 0.00
3350 44.98 22113.37 0.00
3351 47.98 22088.71 0.00
3352 62.17 30851.32 0.00
3353 88.21 34128.97 0.00
3354 80.17 39368.13 0.00
3355 69.34 33439.98 0.00
3356 61.17 30243.97 0.00
3357 37.89 18230.87 0.00
3358 44.27 22125.49 0.00
3359 67.91 32232.72 0.00
3360 69.93 35090.87 0.00
3361 54.48 28436.13 0.00
3362 55.66 28500.60 0.00
3363 64.17 31097.52 0.00
3364 61.00 29357.32 0.00
3365 60.59 26825.95 0.00
3366 47.85 21177.46 0.00
3367 38.46 18988.64 0.00
3368 39.77 19437.87 0.00
3369 64.81 26523.42 0.00
3370 62.96 30071.86 0.00
3371 62.19 30203.91 0.00
3372 61.67 29760.69 0.00
3373 46.41 22646.49 0.00
3374 28.96 13563.38 0.00
3375 40.39 18108.87 0.00
3376 52.63 25421.54 0.00
3377 43.53 20543.60 0.00
3378 26.83 12730.07 0.00
3379 35.73 17489.34 0.00
3380 39.24 19130.52 0.00
3381 55.42 23804.61 0.00
3382 51.10 24178.00 0.00
3383 42.16 18971.02 0.00
3384 43.56 20031.97 0.00
3385 37.15 17765.82 0.00
3386 35.23 17317.88 0.00
3387 47.77 21331.82 0.00
3388 47.64 25219.80 0.00
3389 43.50 23259.38 0.00
3390 64.17 30680.98 0.00
3391 52.68 26645.75 0.00
3392 64.86 35477.79 0.00
3393 62.82 32079.76 0.00
3394 66.81 30903.75 0.00
3395 49.84 24397.24 0.00
3396 49.25 25813.37 0.00
3397 58.44 30734.32 0.00
3398 60.46 31368.95 0.00
3399 59.99 31882.29 0.00
3400 58.71 30558.25 0.00
3401 60.37 32042.48 0.00
3402 56.28 29802.53 0.00
3403 55.20 27769.40 0.00
3404 48.80 21189.45 0.00
3405 29.49 13709.44 0.00
3406 32.25 14949.65 0.00
3407 41.80 20018.59 0.00
3408 40.55 18938.04 0.00
3409 27.13 10710.38 0.00
3410 15.26 6907.80 0.00
3411 25.16 9297.29 0.00
3412 15.17 6423.88 0.00
3413 16.22 6660.80 0.00
3414 13.78 6167.93 0.00
3415 15.07 6705.88 0.00
3416 13.82 6343.71 0.00
3417 8.74 2495.03 0.00
3418 1.91 2.08 0.00
3419 1.29 2.72 0.00
3420 0.77 0.30 0.00
3421 3.17 0.37 0.00
3422 2.24 0.88 0.00
3423 1.22 0.30 0.00
3424 1.55 2.27 0.00
3425 2.00 0.82 0.00
3426 1.27 0.30 0.00
3427 0.55 0.30 0.00
3428 1.60 0.82 0.00
3429 2.21 2.14 0.00
3430 1.34 0.30 0.00
3431 1.01 0.82 0.00
3432 1.56 0.30 0.00
3433 1.45 1.87 0.00
3434 1.99 2.59 0.00
3435 1.53 0.30 0.00
3436 1.35 0.30 0.00
3437 2.01 0.82 0.00
3438 1.90 0.30 0.00
3439 1.68 2.27 0.00
3440 3.14 0.82 0.00
3441 3.16 0.30 0.00
3442 1.32 0.30 0.00
3443 3.44 0.82 0.00
3444 2.08 2.21 0.00
3445 0.55 0.30 0.00
3446 2.86 0.82 0.00
3447 0.77 0.30 0.00
3448 0.68 1.87 0.00
3449 1.69 2.48 0.00
3450 0.78 0.30 0.00
3451 0.71 0.30 0.00
3452 1.63 0.82 0.00
3453 0.76 0.30 0.00
3454 1.13 2.05 0.00
3455 1.10 0.85 0.00
3456 0.83 0.30 0.00
3457 0.55 0.30 0.00
3458 1.32 0.82 0.00
3459 1.45 2.24 0.00
3460 0.78 0.33 0.00
3461 1.47 0.82 0.00
3462 0.44 0.30 0.00
3463 1.35 1.87 0.00
3464 0.83 2.59 0.00
3465 0.44 0.30 0.00
3466 5.23 57.72 0.00
3467 1.19 0.82 0.00
3468 1.23 0.30 0.00
3469 3.06 2.15 0.00
3470 67.91 7.01 0.00
3471 2.86 11.30 0.00
3472 239.32 9.53 0.00
3473 161.92 11.18 0.00
3474 203.42 15.33 0.00
3475 14.10 16.28 0.00
3476 1.42 1.09 0.00
3477 1.47 0.40 0.00
3478 1.69 0.45 0.00
3479 2.53 3.98 0.00
3480 0.44 0.30 0.00
3481 1.81 0.30 0.00
3482 2.84 1.53 0.00
3483 2.04 3.11 0.00
3484 1.02 0.37 0.00
3485 2.29 0.79 0.00
3486 1.70 0.30 0.00
3487 0.33 0.30 0.00
3488 0.82 0.95 0.00
3489 1.64 0.58 0.00
3490 1.08 0.50 0.00
3491 1.34 0.93 0.00
3492 1.33 0.30 0.00
3493 0.57 1.87 0.00
3494 0.66 0.82 0.00
3495 1.88 0.30 0.00
3496 2.33 1.59 0.00
3497 1.23 1.16 0.00
3498 3.14 1.89 0.00
3499 1.35 1.03 0.00
3500 0.89 0.82 0.00
3501 1.97 0.30 0.00
3502 0.66 0.30 0.00
3503 1.41 0.95 0.00
3504 1.11 0.83 0.00
3505 4.29 3.46 0.00
3506 1.49 0.82 0.00
3507 1.45 0.88 0.00
3508 8.65 849.02 0.00
3509 1.33 0.82 0.00
3510 0.44 0.30 0.00
3511 0.91 0.43 0.00
3512 1.76 1.33 0.00
3513 0.44 0.30 0.00
3514 0.43 0.30 0.00
3515 1.86 1.46 0.00
3516 0.82 0.30 0.00
3517 0.55 0.30 0.00
3518 3.70 1.27 0.00
3519 0.66 0.50 0.00
3520 0.55 0.30 0.00
3521 2.63 0.82 0.00
3522 9.71 314.60 0.00
3523 2.74 2.96 0.00
3524 26.35 2110.32 0.00
3525 2.16 1.39 0.00
