0 2.07 0.37 0.00
1 3.51 1.83 0.00
2 1.15 1.07 0.00
3 1.90 0.30 0.00
4 0.66 0.30 0.00
5 2.00 0.82 0.00
6 3.96 0.84 0.00
7 1.08 0.50 0.00
8 6.56 4.83 0.00
9 4.29 2.46 0.00
10 1.21 0.43 0.00
11 1.91 1.96 0.00
12 4.05 2.51 0.00
13 3.64 4.45 0.00
14 2.40 2.98 0.00
15 11.29 9.48 0.00
16 1.57 1.04 0.00
17 2.40 2.26 0.00
18 5.33 3.89 0.00
19 1.16 2.08 0.00
20 2.55 0.82 0.00
21 2.00 0.30 0.00
22 2.09 0.30 0.00
23 1.33 0.82 0.00
24 1.63 2.08 0.00
25 0.89 0.30 0.00
26 1.71 0.82 0.00
27 0.41 0.30 0.00
28 2.16 1.87 0.00
29 1.89 2.53 0.00
30 1.92 0.30 0.00
31 1.36 1.97 0.00
32 2.48 2.47 0.00
33 1.82 0.30 0.00
34 1.32 2.34 0.00
35 1.55 0.82 0.00
36 2.65 0.30 0.00
37 0.63 0.30 0.00
38 4.32 5.66 0.00
39 172.79 28.01 0.00
40 88485.77 151.42 0.00
41 2.78 2.79 0.00
42 1.72 2.71 0.00
43 29.62 9.13 0.00
44 2.37 3.21 0.00
45 0.97 0.61 0.00
46 824.49 188.14 0.00
47 0.74 0.82 0.00
48 0.88 0.30 0.00
49 1.83 1.96 0.00
50 0.61 0.95 0.00
51 1.27 0.30 0.00
52 2.39 0.30 0.00
53 1.11 0.82 0.00
54 3.21 2.08 0.00
55 1.88 0.00 0.00
56 1.14 0.95 0.00
57 1.67 0.30 0.00
58 5.25 226.53 0.00
59 1.16 55.75 0.00
60 2.50 1.41 0.00
61 1.27 0.94 0.00
62 0.74 1.02 0.00
63 1.56 0.30 0.00
64 1.08 2.15 0.00
65 1.71 1.36 0.00
66 258.81 373.53 0.00
67 514.39 235.37 0.00
68 2.41 46.06 0.00
69 1.77 1.96 0.00
70 0.97 0.79 0.00
71 3.28 2.10 0.00
72 3.09 2.03 0.00
73 1.85 3.15 0.00
74 368.57 44.05 0.00
75 1.11 0.30 0.00
76 1.21 0.30 0.00
77 1.49 1.25 0.00
78 6.50 674.81 0.00
79 1.75 36.39 0.00
80 1.79 1.22 0.00
81 6.25 287.62 0.00
82 2.56 9.86 0.00
83 3.14 2.95 0.00
84 1.99 2.56 0.00
85 2.27 215.33 0.00
86 160.42 344.72 0.00
87 3.18 127.83 0.00
88 141.85 236.18 0.00
89 1.91 2.66 0.00
90 2.15 0.94 0.00
91 1.34 0.94 0.00
92 2.62 2.00 0.00
93 1.30 0.74 0.00
94 170.34 156.87 0.00
95 1.86 13.98 0.00
96 0.41 0.51 0.00
97 163.53 2.69 0.00
98 334.11 251.58 0.00
99 1.82 2.69 0.00
100 4.26 304.93 0.00
101 1.49 1.46 0.00
102 267.41 10.95 0.00
103 2.03 2.41 0.00
104 1.41 2.73 0.00
105 0.66 0.30 0.00
106 183.74 166.20 0.00
107 164.07 4.96 0.00
108 3.26 197.08 0.00
109 2.47 67.33 0.00
110 3.25 2.00 0.00
111 1.39 0.94 0.00
112 1.36 0.64 0.00
113 169.64 11.48 0.00
114 120.04 12.61 0.00
115 1.40 0.30 0.00
116 1.18 0.51 0.00
117 5.41 150.30 0.00
118 3.33 245.31 0.00
119 125.85 388.69 0.00
120 2.50 35.32 0.00
121 0.52 0.51 0.00
122 0.74 0.82 0.00
123 130.99 484.87 0.00
124 1.76 48.28 0.00
125 1.60 0.99 0.00
126 1.19 0.65 0.00
127 0.63 0.30 0.00
128 168.38 16.16 0.00
129 2.43 2.66 0.00
130 1.47 0.19 0.00
131 167.93 12.30 0.00
132 253.08 3.02 0.00
133 1.43 1.43 0.00
134 1.79 4.24 0.00
135 6.60 347.74 0.00
136 13.36 38.02 0.00
137 5.59 268.51 0.00
138 1.85 4.75 0.00
139 157.12 429.39 0.00
140 6.71 264.29 0.00
141 1.45 59.82 0.00
142 2.00 1.12 0.00
143 3.05 248.84 0.00
144 139.40 14.15 0.00
145 140.25 287.92 0.00
146 2.67 0.82 0.00
147 3.19 256.27 0.00
148 168.84 7.71 0.00
149 5.30 5.67 0.00
150 1.00 0.51 0.00
151 0.96 0.30 0.00
152 140.29 11.81 0.00
153 0.66 0.51 0.00
154 1.65 2.19 0.00
155 1.33 0.62 0.00
156 1.17 0.44 0.00
157 163.72 285.06 0.00
158 1.84 5.06 0.00
159 2.17 2.93 0.00
160 1.77 0.51 0.00
161 1.91 1.46 0.00
162 0.59 0.34 0.00
163 1.35 0.45 0.00
164 174.38 16.93 0.00
165 1.41 43.51 0.00
166 1.75 22.48 0.00
167 3.08 204.70 0.00
168 277.83 66.50 0.00
169 2.50 2.65 0.00
170 1.94 2.10 0.00
171 262.38 11.35 0.00
172 179.38 2.37 0.00
173 0.88 0.82 0.00
174 4.59 51.58 0.00
175 2.02 18.56 0.00
176 2.41 2.08 0.00
177 317.61 199.80 0.00
178 69.43 6.33 0.00
179 2.61 4.81 0.00
180 1.66 0.51 0.00
181 0.84 0.30 0.00
182 0.91 0.58 0.00
183 1.67 0.28 0.00
184 2.26 2.02 0.00
185 5.43 8.10 0.00
186 1.75 0.66 0.00
187 3.39 43.51 0.00
188 3.17 27.29 0.00
189 4.27 2.61 0.00
190 0.84 2.34 0.00
191 3.03 1.29 0.00
192 1.84 0.30 0.00
193 1.85 2.95 0.00
194 275.46 5.64 0.00
195 1.22 0.30 0.00
196 7.10 9.32 0.00
197 166.22 13.70 0.00
198 2.96 5.58 0.00
199 3.89 203.56 0.00
200 126.00 2.69 0.00
201 3.70 2.02 0.00
202 1.27 0.51 0.00
203 1.43 1.36 0.00
204 9.18 11.99 0.00
205 0.44 0.65 0.00
206 1.68 1.46 0.00
207 430.53 1.47 0.00
208 0.76 4.38 0.00
209 1.11 3.96 0.00
210 165.25 12.38 0.00
211 3.34 142.71 0.00
212 205.18 23.40 0.00
213 1.22 0.30 0.00
214 3.47 116.92 0.00
215 0.55 22.09 0.00
216 1.90 0.13 0.00
217 0.86 0.65 0.00
218 1.18 5.06 0.00
219 4.84 157.27 0.00
220 0.44 0.51 0.00
221 532.73 4.94 0.00
222 0.80 0.43 0.00
223 156.03 12.79 0.00
224 8.76 287.51 0.00
225 388.77 10.48 0.00
226 7.95 9.32 0.00
227 2.24 0.82 0.00
228 2.13 4.98 0.00
229 1.55 2.20 0.00
230 3.74 1.15 0.00
231 1.30 0.30 0.00
232 1.98 0.98 0.00
233 3.59 167.77 0.00
234 4.54 99.80 0.00
235 1.00 27.24 0.00
236 2.23 1.59 0.00
237 181.22 2.75 0.00
238 0.97 6.11 0.00
239 4.51 3.71 0.00
240 163.00 13.12 0.00
241 298.09 10.69 0.00
242 2.87 2.41 0.00
243 0.89 0.30 0.00
244 3.95 283.43 0.00
245 6.73 317.97 0.00
246 2.54 247.89 0.00
247 2.84 270.56 0.00
248 180.78 6.50 0.00
249 0.83 1.60 0.00
250 2.95 1.13 0.00
251 4.09 110.49 0.00
252 314.05 25.05 0.00
253 279.58 3.59 0.00
254 8.16 78.06 0.00
255 0.55 0.82 0.00
256 4.68 133.36 0.00
257 1.81 16.70 0.00
258 10.17 170.21 0.00
259 148.75 13.85 0.00
260 3.05 86.95 0.00
261 2.85 45.80 0.00
262 2.89 1.12 0.00
263 2.42 154.15 0.00
264 1.67 15.23 0.00
265 2.12 0.77 0.00
266 1.05 0.64 0.00
267 3.38 223.27 0.00
268 2.13 87.70 0.00
269 4.43 248.81 0.00
270 132.66 2.58 0.00
271 0.85 0.30 0.00
272 0.41 0.30 0.00
273 1.44 0.82 0.00
274 3.99 144.81 0.00
275 0.55 8.79 0.00
276 300.78 15.79 0.00
277 296.25 5.95 0.00
278 1.96 5.31 0.00
279 255.46 147.12 0.00
280 3.98 309.76 0.00
281 1.30 0.30 0.00
282 351.97 11.66 0.00
283 1.01 0.45 0.00
284 1.56 3.45 0.00
285 0.98 0.82 0.00
286 1.27 0.94 0.00
287 1.52 0.30 0.00
288 7.73 14.48 0.00
289 3.63 277.12 0.00
290 5.18 153.00 0.00
291 2.21 80.26 0.00
292 1.11 0.78 0.00
293 1.56 0.00 0.00
294 1.99 2.84 0.00
295 0.78 0.41 0.00
296 1.64 0.30 0.00
297 2.01 1.01 0.00
298 1.92 7.13 0.00
299 133.86 5.17 0.00
300 0.89 0.82 0.00
301 3.89 0.58 0.00
302 2.34 239.23 0.00
303 0.89 0.51 0.00
304 2.99 1.85 0.00
305 1.59 0.41 0.00
306 160.89 3.27 0.00
307 3.01 0.30 0.00
308 2.10 5.00 0.00
309 140.38 4.34 0.00
310 136.71 6.19 0.00
311 7.44 9.82 0.00
312 0.74 0.82 0.00
313 4.16 159.64 0.00
314 1.22 24.64 0.00
315 1.82 1.92 0.00
316 22.03 28.71 0.00
317 2.78 299.82 0.00
318 3.76 294.34 0.00
319 2.39 1.95 0.00
320 5.54 283.67 0.00
321 1.99 0.82 0.00
322 0.74 0.30 0.00
323 0.55 0.00 0.00
324 156.73 13.75 0.00
325 0.44 0.36 0.00
326 0.99 0.84 0.00
327 1.73 0.95 0.00
328 3.02 335.66 0.00
329 1.12 3.10 0.00
330 1.45 0.00 0.00
331 0.85 0.00 0.00
332 0.75 0.00 0.00
333 3.30 2.47 0.00
334 2.28 2.92 0.00
335 0.90 0.00 0.00
336 2.27 1.46 0.00
337 174.87 259.12 0.00
338 0.84 11.75 0.00
339 417.73 17.27 0.00
340 135.00 3.92 0.00
341 8.71 615.04 0.00
342 4.89 181.92 0.00
343 4.30 147.95 0.00
344 1.74 23.36 0.00
345 1.33 0.82 0.00
346 1.56 0.30 0.00
347 1.30 0.30 0.00
348 187.83 15.71 0.00
349 2.38 2.89 0.00
350 1.33 0.51 0.00
351 224.89 178.61 0.00
352 516.23 12.74 0.00
353 1.65 0.43 0.00
354 4.26 302.47 0.00
355 0.66 0.65 0.00
356 2.61 1.07 0.00
357 417.09 296.53 0.00
358 1.65 4.68 0.00
359 3.50 274.89 0.00
360 0.88 0.89 0.00
361 2.35 0.74 0.00
362 2.07 0.48 0.00
363 1.54 0.27 0.00
364 13.92 1576.66 0.00
365 12.80 2085.37 0.00
366 57.55 11440.55 0.00
367 44.94 12664.30 0.00
368 13.71 3507.88 0.00
369 3.70 874.38 0.00
370 63.18 18187.47 0.00
371 214.80 26606.58 0.00
372 108.99 26927.83 0.00
373 78.47 30363.32 0.00
374 53.33 24298.33 0.00
375 128.26 26843.33 0.00
376 33.31 14078.52 0.00
377 237.96 28783.97 0.00
378 72.09 33607.24 0.00
379 45.43 22151.86 0.00
380 386.20 8680.04 0.00
381 19.45 5967.31 0.00
382 13.33 6048.32 0.00
383 10.02 3977.06 0.00
384 2.83 1382.70 0.00
385 23.91 9633.25 0.00
386 24.12 11353.62 0.00
387 25.03 9809.69 0.00
388 47.18 19735.91 0.00
389 51.63 22464.08 0.00
390 67.03 25789.85 0.00
391 70.90 34654.34 0.00
392 89.84 43227.02 0.00
393 30.09 15027.56 0.00
394 33.43 17262.53 0.00
395 36.22 18942.20 0.00
396 190.25 19282.55 0.00
397 14.93 7402.99 0.00
398 0.86 4.88 0.00
399 21.15 3275.01 0.00
400 41.83 20229.70 0.00
401 37.48 23002.07 0.00
402 28.32 18656.39 0.00
403 11.02 6344.31 0.00
404 134.65 6.96 0.00
405 22.31 9650.23 0.00
406 33.96 23043.62 0.00
407 10.66 6252.38 0.00
408 35.90 19828.92 0.00
409 169.59 21711.08 0.00
410 1.77 5.93 0.00
411 3.10 131.46 0.00
412 1.09 0.77 0.00
413 4.73 459.23 0.00
414 133.00 51.09 0.00
415 1.34 10.93 0.00
416 2.05 1.17 0.00
417 3.53 0.82 0.00
418 15.55 6549.86 0.00
419 95.25 50051.05 0.00
420 91.05 48226.42 0.00
421 69.88 38935.59 0.00
422 65.46 36708.01 0.00
423 44.15 21446.11 0.00
424 31.02 14198.51 0.00
425 2.36 0.30 0.00
426 6.89 6.98 0.00
427 2.42 0.80 0.00
428 7.85 3.38 0.00
429 1.16 2.22 0.00
430 31.12 15.82 0.00
431 32.84 810.82 0.00
432 7.45 685.62 0.00
433 37.29 1889.43 0.00
434 22.97 3821.40 0.00
435 28.23 3278.78 0.00
436 12.89 1490.79 0.00
437 4.79 419.35 0.00
438 13.69 726.63 0.00
439 17.16 950.04 0.00
440 18.60 1053.61 0.00
441 279.07 292.26 0.00
442 1901.44 1529.01 0.00
443 1373.81 294.30 0.00
444 922.12 790.09 0.00
445 787.73 161.82 0.00
446 804.85 2004.12 0.00
447 3772.19 37.64 0.00
448 2749.85 36.78 0.00
449 2.08 2.08 0.00
450 1.22 0.82 0.00
451 1.20 0.30 0.00
452 3014.69 2837.86 0.00
453 890.95 4696.25 0.00
454 93.29 7612.42 0.00
455 120.10 8002.89 0.00
456 133.85 8059.06 0.00
457 85.09 4693.03 0.00
458 125.67 7555.83 0.00
459 136.90 8455.88 0.00
460 38.40 986.83 0.00
461 35.10 3208.65 0.00
462 58.99 4012.15 0.00
463 178.57 12768.39 0.00
464 135.10 8492.75 0.00
465 144.85 8536.52 0.00
466 104.53 6568.89 0.00
467 108.16 7572.30 0.00
468 162.35 10352.75 0.00
469 102.11 7528.47 0.00
470 64.19 4713.26 0.00
471 66.01 3781.14 0.00
472 60.37 7649.50 0.00
473 80.80 7588.92 0.00
474 133.00 9425.46 0.00
475 129.75 9431.13 0.00
476 129.30 10378.48 0.00
477 106.61 9464.45 0.00
478 97.03 8471.07 0.00
479 106.08 9421.88 0.00
480 34.20 28.69 0.00
481 2639.34 232.11 0.00
482 24.38 2149.25 0.00
483 1.63 1.12 0.00
484 2.53 2.18 0.00
485 3.08 0.33 0.00
486 0.52 0.82 0.00
487 1.41 0.30 0.00
488 0.74 4.30 0.00
489 1.47 2.63 0.00
490 1.44 0.33 0.00
491 0.80 0.43 0.00
492 0.85 0.82 0.00
493 1.88 0.45 0.00
494 0.66 1.73 0.00
495 2.36 0.88 0.00
496 3.29 3.50 0.00
497 1.88 324.64 0.00
498 2.05 0.58 0.00
499 1.33 0.30 0.00
500 0.77 0.30 0.00
501 3.84 2.60 0.00
502 0.74 0.36 0.00
503 1.14 0.30 0.00
504 1.44 0.82 0.00
505 0.55 0.30 0.00
506 0.91 1.92 0.00
507 1.51 0.85 0.00
508 8.66 625.64 0.00
509 1.31 0.51 0.00
510 3.51 2.47 0.00
511 1.33 2.32 0.00
512 0.74 0.33 0.00
513 1.11 0.82 0.00
514 0.74 0.43 0.00
515 3.35 3.24 0.00
516 1.77 2.81 0.00
517 0.41 0.36 0.00
518 0.66 0.30 0.00
519 5.26 180.56 0.00
520 0.77 0.30 0.00
521 1.62 1.79 0.00
522 0.96 0.92 0.00
523 0.79 1.87 0.00
524 1.33 0.30 0.00
525 1.35 1.40 0.00
526 4.36 223.69 0.00
527 1.51 0.44 0.00
528 2.32 67.27 0.00
529 0.66 0.30 0.00
530 1.32 0.30 0.00
531 2.30 3.52 0.00
532 0.74 0.30 0.00
533 5.03 175.74 0.00
534 2.92 62.25 0.00
535 2.84 1.50 0.00
536 1.85 2.12 0.00
537 2.59 0.92 0.00
538 2.12 2.92 0.00
539 4.41 265.72 0.00
540 4.85 301.20 0.00
541 2.63 2.30 0.00
542 0.85 0.36 0.00
543 0.88 0.82 0.00
544 1.44 0.30 0.00
545 2.01 0.79 0.00
546 1.87 2.98 0.00
547 1.69 0.33 0.00
548 0.66 0.30 0.00
549 3.57 215.17 0.00
550 5.28 258.04 0.00
551 1.76 2.56 0.00
552 5.02 219.76 0.00
553 1.68 2.08 0.00
554 2.85 296.94 0.00
555 3.91 63.16 0.00
556 2.55 2.56 0.00
557 4.00 3.07 0.00
558 1.06 5.02 0.00
559 1.89 0.30 0.00
560 1.07 0.30 0.00
561 3.73 2.66 0.00
562 1.61 0.30 0.00
563 1.63 0.30 0.00
564 1.97 0.82 0.00
565 0.78 0.00 0.00
566 1.21 2.12 0.00
567 1.92 0.85 0.00
568 6.23 334.56 0.00
569 2.33 275.04 0.00
570 2.31 1.81 0.00
571 2.87 16.33 0.00
572 2.00 0.36 0.00
573 1.54 0.82 0.00
574 2.46 331.69 0.00
575 3.01 1.00 0.00
576 3.02 2.71 0.00
577 1.30 0.32 0.00
578 2.19 4.26 0.00
579 1.76 0.82 0.00
580 603.69 11.21 0.00
581 558.73 55.42 0.00
582 0.85 0.86 0.00
583 1.77 2.64 0.00
584 2.26 1.03 0.00
585 1.48 1.95 0.00
586 1.47 2.03 0.00
587 1.64 0.36 0.00
588 0.95 4.81 0.00
589 0.55 0.30 0.00
590 1.33 0.30 0.00
591 1.66 2.60 0.00
592 1.57 0.36 0.00
593 1.86 0.30 0.00
594 9.07 13.87 0.00
595 0.33 0.30 0.00
596 1.99 1.95 0.00
597 1.62 0.80 0.00
598 1.08 5.87 0.00
599 1.33 0.00 0.00
600 0.85 0.51 0.00
601 1.08 1.92 0.00
602 1.59 0.53 0.00
603 4.04 249.81 0.00
604 1.53 1.07 0.00
605 1.92 0.30 0.00
606 1.63 2.48 0.00
607 0.85 0.36 0.00
608 3.03 4.30 0.00
609 1171.66 50.34 0.00
610 0.89 0.30 0.00
611 3.01 1.99 0.00
612 0.96 0.85 0.00
613 1.02 1.87 0.00
614 3.00 0.43 0.00
615 0.84 1.27 0.00
616 4.91 134.20 0.00
617 3.16 1.30 0.00
618 1.62 4.81 0.00
619 2.26 1.26 0.00
620 167.91 4.35 0.00
621 188.35 28.93 0.00
622 115.69 2.84 0.00
623 1.16 0.30 0.00
624 2.73 1.75 0.00
625 2.32 0.48 0.00
626 3.73 230.52 0.00
627 1.15 64.45 0.00
628 2.23 1.87 0.00
629 0.97 0.30 0.00
630 4.04 4.81 0.00
631 2.52 2.28 0.00
632 0.85 0.30 0.00
633 1.18 0.82 0.00
634 1.56 0.30 0.00
635 0.99 0.30 0.00
636 1.75 2.66 0.00
637 1.63 0.30 0.00
638 0.97 0.30 0.00
639 1.21 0.82 0.00
640 1.80 0.30 0.00
641 2.05 5.76 0.00
642 2.04 0.82 0.00
643 1.32 0.45 0.00
644 1.34 0.00 0.00
645 158.01 6.31 0.00
646 460.16 32.29 0.00
647 1.29 0.36 0.00
648 1.72 4.81 0.00
649 0.97 0.30 0.00
650 3.13 0.30 0.00
651 1.98 2.60 0.00
652 0.85 0.36 0.00
653 2.03 0.30 0.00
654 2.75 0.82 0.00
655 3.54 303.27 0.00
656 6.41 4.84 0.00
657 3.66 1.41 0.00
658 1.58 2.08 0.00
659 0.55 0.30 0.00
660 1.65 0.82 0.00
661 2.06 2.12 0.00
662 2.18 0.33 0.00
663 0.99 0.82 0.00
664 1.30 0.74 0.00
665 2.25 0.51 0.00
666 2.68 6.77 0.00
667 1.19 0.32 0.00
668 1.84 4.30 0.00
669 2.98 0.82 0.00
670 1.33 0.30 0.00
671 1.69 0.37 0.00
672 1.23 2.46 0.00
673 1.76 1.87 0.00
674 1.89 0.30 0.00
675 1.21 0.82 0.00
676 1.19 0.30 0.00
677 3.29 2.80 0.00
678 1.50 5.02 0.00
679 0.88 0.30 0.00
680 1.77 0.30 0.00
681 1.66 0.82 0.00
682 1.90 1.95 0.00
683 3.58 255.77 0.00
684 1.13 1.29 0.00
685 1.31 0.30 0.00
686 1.38 0.30 0.00
687 149.58 4.72 0.00
688 363.25 21.17 0.00
689 1.90 0.30 0.00
690 1.32 2.60 0.00
691 159.19 9.71 0.00
692 15.53 25.06 0.00
693 1.13 1.40 0.00
694 1.58 0.42 0.00
695 2.47 0.59 0.00
696 0.74 0.98 0.00
697 1.98 1.96 0.00
698 163.73 21.23 0.00
699 0.66 0.82 0.00
700 1.44 0.30 0.00
701 1.42 0.50 0.00
702 2.09 3.01 0.00
703 3.75 548.58 0.00
704 0.77 0.32 0.00
705 1.69 0.88 0.00
706 0.97 1.73 0.00
707 1.25 2.08 0.00
708 1.54 0.82 0.00
709 2.11 5.35 0.00
710 2.38 270.54 0.00
711 1.33 0.06 0.00
712 1.97 20.73 0.00
713 0.55 0.33 0.00
714 2.58 0.82 0.00
715 0.89 0.30 0.00
716 3.57 191.75 0.00
717 3.32 2.81 0.00
718 1.42 5.87 0.00
719 1.92 1.04 0.00
720 1.89 1.17 0.00
721 1.19 0.30 0.00
722 2.12 1.95 0.00
723 0.88 0.82 0.00
724 0.91 0.84 0.00
725 3.72 212.65 0.00
726 0.96 0.82 0.00
727 3.70 2.79 0.00
728 4.23 205.67 0.00
729 1.88 36.17 0.00
730 4.90 184.32 0.00
731 2.40 0.65 0.00
732 1.35 2.41 0.00
733 1.51 0.50 0.00
734 3.05 1.73 0.00
735 0.43 0.82 0.00
736 0.75 0.30 0.00
737 2.03 5.95 0.00
738 1.21 0.82 0.00
739 0.89 0.30 0.00
740 1.44 0.30 0.00
741 1.76 0.82 0.00
742 2.14 2.05 0.00
743 0.77 0.33 0.00
744 1.10 0.82 0.00
745 1.67 0.30 0.00
746 0.97 0.30 0.00
747 1.45 2.41 0.00
748 1.82 5.99 0.00
749 3.41 214.81 0.00
750 1.32 1.02 0.00
751 2.60 0.94 0.00
752 1.52 1.92 0.00
753 0.99 0.92 0.00
754 1.77 0.30 0.00
755 0.99 0.30 0.00
756 1.17 0.82 0.00
757 3.44 6.78 0.00
758 4.48 222.70 0.00
759 3.37 214.98 0.00
760 2.11 0.30 0.00
761 1.42 0.00 0.00
762 2.63 2.48 0.00
763 1.81 0.96 0.00
764 2.09 2.29 0.00
765 1.54 1.17 0.00
766 1.99 0.30 0.00
767 1.54 1.96 0.00
768 2.30 5.22 0.00
769 3.99 1.88 0.00
770 1.59 0.59 0.00
771 1.62 1.17 0.00
772 3.01 1.99 0.00
773 0.89 0.33 0.00
774 2.24 0.82 0.00
775 0.88 0.30 0.00
776 1.08 0.30 0.00
777 2.89 2.46 0.00
778 1.08 6.00 0.00
779 0.66 0.30 0.00
780 1.22 0.82 0.00
781 0.95 0.30 0.00
782 2.54 2.12 0.00
783 0.55 0.85 0.00
784 1.33 0.30 0.00
785 2.03 0.30 0.00
786 0.96 0.82 0.00
787 1.08 2.00 0.00
788 2.30 4.38 0.00
789 1.21 0.82 0.00
790 0.88 0.30 0.00
791 1.97 0.30 0.00
792 2.62 2.47 0.00
793 1.35 1.93 0.00
794 1.56 0.30 0.00
795 1.44 0.82 0.00
796 1.38 0.74 0.00
797 2.08 2.16 0.00
798 1.20 5.02 0.00
799 1.00 0.30 0.00
800 2.02 0.50 0.00
801 5.95 531.62 0.00
802 1.86 2.30 0.00
803 0.77 0.37 0.00
804 0.88 0.82 0.00
805 2.59 0.30 0.00
806 0.62 0.30 0.00
807 2.15 6.66 0.00
808 2.72 1.87 0.00
809 2.99 236.37 0.00
810 2.03 1.48 0.00
811 2.69 0.67 0.00
812 2.24 2.71 0.00
813 2.95 131.46 0.00
814 1.55 0.30 0.00
815 165.60 13.21 0.00
816 174.03 13.95 0.00
817 267.20 2.98 0.00
818 265.83 19.49 0.00
819 384.09 14.75 0.00
820 1.90 0.30 0.00
821 0.74 0.30 0.00
822 2.19 2.76 0.00
823 1.98 2.16 0.00
824 3.00 1.50 0.00
825 1.81 1.10 0.00
826 4.66 3.69 0.00
827 6.74 10.10 0.00
828 2.04 1.35 0.00
829 1.78 0.43 0.00
830 1.17 0.30 0.00
831 1.82 0.82 0.00
832 1.77 1.90 0.00
833 1.11 0.36 0.00
834 2.36 0.82 0.00
835 1.08 0.30 0.00
836 1.87 0.30 0.00
837 2.66 2.37 0.00
838 3.71 303.64 0.00
839 2.98 101.28 0.00
840 1.72 45.10 0.00
841 1.30 0.30 0.00
842 1.99 2.09 0.00
843 3.08 1.51 0.00
844 1.42 0.30 0.00
845 3.61 0.30 0.00
846 1.63 0.82 0.00
847 3.42 6.07 0.00
848 3.02 0.30 0.00
849 1.52 0.82 0.00
850 2.90 0.30 0.00
851 2.99 0.30 0.00
852 2.36 2.67 0.00
853 1.57 0.50 0.00
854 2.56 1.73 0.00
855 1.55 0.82 0.00
856 1.49 0.30 0.00
857 3.37 6.08 0.00
858 2.40 1.25 0.00
859 2.38 0.51 0.00
860 3.39 0.30 0.00
861 1.98 0.82 0.00
862 3.11 2.05 0.00
863 1.55 0.33 0.00
864 1.76 1.01 0.00
865 1.44 0.65 0.00
866 1.26 0.30 0.00
867 2.35 6.66 0.00
868 2.96 2.41 0.00
869 1.78 0.84 0.00
870 3.01 2.00 0.00
871 1.84 0.30 0.00
872 2.34 2.66 0.00
873 0.99 0.82 0.00
874 3.30 0.94 0.00
875 1.78 0.30 0.00
876 1.53 0.82 0.00
877 2.58 2.08 0.00
878 1.85 4.37 0.00
879 1.65 0.82 0.00
880 138.95 12.09 0.00
881 0.95 0.30 0.00
882 5.00 2.24 0.00
883 1.23 0.50 0.00
884 1.32 1.73 0.00
885 3.36 0.82 0.00
886 1.40 0.30 0.00
887 2.02 6.07 0.00
888 3.14 0.82 0.00
889 1.44 0.30 0.00
890 1.80 0.43 0.00
891 2.48 0.82 0.00
892 2.52 1.99 0.00
893 1.46 0.33 0.00
894 3.09 0.82 0.00
895 0.88 0.30 0.00
896 0.62 0.30 0.00
897 2.38 2.41 0.00
898 2.29 4.48 0.00
899 0.73 1.81 0.00
900 1.65 0.82 0.00
901 1.60 0.74 0.00
902 2.54 2.77 0.00
903 1.31 0.85 0.00
904 0.97 0.30 0.00
905 2.78 0.30 0.00
906 4.39 255.88 0.00
907 2.15 1.98 0.00
908 2.89 0.42 0.00
909 1.28 5.49 0.00
910 1.11 0.30 0.00
911 2.38 0.30 0.00
912 2.57 3.11 0.00
913 1.24 1.90 0.00
914 2.41 0.94 0.00
915 2.19 0.82 0.00
916 1.63 0.30 0.00
917 2.59 6.69 0.00
918 1.20 0.82 0.00
919 1.41 0.30 0.00
920 2.10 0.30 0.00
921 3.71 1.01 0.00
922 2.47 2.18 0.00
923 1.32 0.36 0.00
924 1.59 0.82 0.00
925 1.00 0.30 0.00
926 0.41 0.30 0.00
927 2.89 2.50 0.00
928 4.32 288.98 0.00
929 2.76 70.77 0.00
930 314.92 11.91 0.00
931 156.37 14.75 0.00
932 229.87 14.99 0.00
933 1.31 0.85 0.00
934 1.65 0.30 0.00
935 270.08 13.46 0.00
936 29.89 1.19 0.00
937 2.58 6.05 0.00
938 1.77 0.30 0.00
939 1.42 0.82 0.00
940 1.65 0.30 0.00
941 1.93 0.94 0.00
942 2.34 2.41 0.00
943 1.56 1.93 0.00
944 3.75 131.17 0.00
945 2.05 0.95 0.00
946 1.29 0.30 0.00
947 1.84 5.82 0.00
948 1.87 0.82 0.00
949 1.21 0.30 0.00
950 1.10 0.30 0.00
951 2.17 0.82 0.00
952 1.74 1.96 0.00
953 1.10 0.36 0.00
954 3.18 1.44 0.00
955 1.43 0.30 0.00
956 1.29 0.30 0.00
957 2.99 2.46 0.00
958 1.63 5.99 0.00
959 1.79 0.78 0.00
960 3.03 0.82 0.00
961 1.29 0.30 0.00
962 2.11 1.85 0.00
963 2.58 0.92 0.00
964 1.32 0.30 0.00
965 2.24 0.30 0.00
966 2.66 0.82 0.00
967 1.81 1.79 0.00
968 2.81 5.11 0.00
969 1.32 0.82 0.00
970 1.10 0.30 0.00
971 1.84 0.30 0.00
972 1.90 2.41 0.00
973 1.87 2.36 0.00
974 1.76 0.51 0.00
975 1.31 0.82 0.00
976 2.64 0.78 0.00
977 2.81 6.01 0.00
978 2.15 1.66 0.00
979 1.36 1.08 0.00
980 1.33 0.51 0.00
981 1.22 0.82 0.00
982 1.79 1.95 0.00
983 2.38 1.42 0.00
984 1.11 0.82 0.00
985 1.23 0.30 0.00
986 0.86 0.30 0.00
987 2.02 2.60 0.00
988 9.17 16.68 0.00
989 2.10 0.30 0.00
990 4.55 220.29 0.00
991 2.29 0.24 0.00
992 2.03 2.05 0.00
993 0.98 0.85 0.00
994 1.77 0.30 0.00
995 1.66 0.30 0.00
996 1.39 0.82 0.00
997 2.59 2.07 0.00
998 2.88 4.38 0.00
999 1.26 0.95 0.00
1000 2.10 0.30 0.00
1001 1.29 0.30 0.00
1002 3.51 2.48 0.00
1003 2.01 0.47 0.00
1004 1.66 1.73 0.00
1005 3.13 0.82 0.00
1006 1.50 0.30 0.00
1007 1.91 2.07 0.00
1008 2.38 4.89 0.00
1009 1.10 0.30 0.00
1010 1.21 0.30 0.00
1011 1.95 0.82 0.00
1012 1.67 1.90 0.00
1013 1.43 0.36 0.00
1014 3.28 1.29 0.00
1015 1.45 0.50 0.00
1016 1.40 0.65 0.00
1017 2.75 2.37 0.00
1018 1.47 2.09 0.00
1019 3.95 288.06 0.00
1020 2.58 1.29 0.00
1021 0.62 0.30 0.00
1022 2.39 2.15 0.00
1023 1.53 0.87 0.00
1024 0.98 0.30 0.00
1025 2.15 0.30 0.00
1026 2.03 1.46 0.00
1027 1.40 1.96 0.00
1028 2.59 4.85 0.00
1029 0.88 1.02 0.00
1030 1.44 0.30 0.00
1031 1.96 0.30 0.00
1032 1.45 2.41 0.00
1033 1.46 1.93 0.00
1034 1.55 0.30 0.00
1035 1.31 0.82 0.00
1036 0.96 0.30 0.00
1037 3.68 1.99 0.00
1038 2.38 4.91 0.00
1039 1.10 0.30 0.00
1040 3.28 0.50 0.00
1041 606.71 5.42 0.00
1042 376.45 27.50 0.00
1043 3.06 0.49 0.00
1044 1.10 1.17 0.00
1045 1.34 0.30 0.00
1046 0.85 0.30 0.00
1047 2.94 3.22 0.00
1048 2.19 5.98 0.00
1049 1.10 0.30 0.00
1050 443.89 16.56 0.00
1051 15.35 0.71 0.00
1052 2.16 2.18 0.00
1053 1.82 0.85 0.00
1054 2.18 0.30 0.00
1055 1.55 0.30 0.00
1056 1.81 0.82 0.00
1057 3.00 6.01 0.00
1058 1.67 0.90 0.00
1059 1.52 0.81 0.00
1060 2.12 0.43 0.00
1061 1.62 0.30 0.00
1062 2.51 2.48 0.00
1063 1.01 1.93 0.00
1064 0.55 0.30 0.00
1065 1.18 0.82 0.00
1066 1.41 0.30 0.00
1067 1.98 2.12 0.00
1068 2.02 5.54 0.00
1069 1.99 0.30 0.00
1070 1.44 0.30 0.00
1071 2.28 0.82 0.00
1072 2.63 1.96 0.00
1073 1.44 0.36 0.00
1074 2.12 0.82 0.00
1075 1.45 0.30 0.00
1076 2.31 0.74 0.00
1077 2.76 2.67 0.00
1078 2.42 6.68 0.00
1079 2.58 0.30 0.00
1080 1.42 0.82 0.00
1081 2.63 0.37 0.00
1082 4.34 1.88 0.00
1083 2.38 0.87 0.00
1084 2.33 0.30 0.00
1085 2.47 0.30 0.00
1086 1.95 0.82 0.00
1087 2.99 1.94 0.00
1088 1.70 5.06 0.00
1089 4.83 220.60 0.00
1090 4.50 315.54 0.00
1091 1.50 0.30 0.00
1092 5.89 261.16 0.00
1093 2.12 2.08 0.00
1094 2.08 0.94 0.00
1095 1.44 0.82 0.00
1096 1.17 0.30 0.00
1097 1.53 1.96 0.00
1098 1.40 5.61 0.00
1099 1.43 0.30 0.00
1100 324.28 13.50 0.00
1101 53.62 1.08 0.00
1102 139.08 13.94 0.00
1103 1.34 0.36 0.00
1104 0.44 0.82 0.00
1105 0.66 0.30 0.00
1106 1.19 0.30 0.00
1107 2.15 2.67 0.00
1108 2.07 5.98 0.00
1109 229.16 12.95 0.00
1110 33.83 1.20 0.00
1111 15.13 0.70 0.00
1112 2.83 1.96 0.00
1113 1.85 0.87 0.00
1114 1.42 0.30 0.00
1115 3.25 0.30 0.00
1116 1.81 0.82 0.00
1117 1.84 2.02 0.00
1118 3.11 4.04 0.00
1119 1.49 0.95 0.00
1120 1.32 0.30 0.00
1121 3.11 0.30 0.00
1122 1.84 2.48 0.00
1123 6.02 202.70 0.00
1124 1.44 63.83 0.00
1125 2.06 1.25 0.00
1126 2.06 0.51 0.00
1127 2.53 6.07 0.00
1128 3.05 271.73 0.00
1129 2.35 0.43 0.00
1130 1.90 0.78 0.00
1131 1.51 1.17 0.00
1132 2.71 2.16 0.00
1133 2.13 0.36 0.00
1134 1.43 0.82 0.00
1135 2.09 0.30 0.00
1136 1.39 0.30 0.00
1137 2.50 2.53 0.00
1138 2.41 6.65 0.00
1139 1.21 0.30 0.00
1140 1.31 0.82 0.00
1141 2.29 0.30 0.00
1142 1.97 1.96 0.00
1143 2.20 0.87 0.00
1144 1.96 0.30 0.00
1145 2.14 0.30 0.00
1146 2.61 0.82 0.00
1147 2.14 2.03 0.00
1148 2.06 5.10 0.00
1149 2.21 0.82 0.00
1150 1.32 0.30 0.00
1151 1.50 0.30 0.00
1152 2.62 2.48 0.00
1153 2.83 1.93 0.00
1154 1.78 0.50 0.00
1155 2.42 1.17 0.00
1156 2.07 0.30 0.00
1157 2.93 1.85 0.00
1158 2.61 5.66 0.00
1159 6.97 434.68 0.00
1160 3.15 36.20 0.00
1161 3.61 0.82 0.00
1162 593.56 17.09 0.00
1163 1.22 0.33 0.00
1164 0.65 0.82 0.00
1165 1.01 0.30 0.00
1166 1.30 0.30 0.00
1167 1.77 2.52 0.00
1168 1.64 6.66 0.00
1169 1.88 0.30 0.00
1170 1.20 0.82 0.00
1171 1.50 0.30 0.00
1172 2.70 2.09 0.00
1173 1.76 0.87 0.00
1174 1.43 0.30 0.00
1175 1.88 0.30 0.00
1176 0.96 0.82 0.00
1177 2.76 2.49 0.00
1178 2.04 5.57 0.00
1179 0.99 1.02 0.00
1180 0.77 0.30 0.00
1181 1.30 0.30 0.00
1182 0.85 0.82 0.00
1183 1.63 3.52 0.00
1184 0.89 0.30 0.00
1185 1.11 0.82 0.00
1186 1.75 0.30 0.00
1187 2.07 0.30 0.00
1188 2.83 8.22 0.00
1189 2.66 0.30 0.00
1190 1.10 0.30 0.00
1191 1.84 0.82 0.00
1192 3.22 0.30 0.00
1193 2.41 1.95 0.00
1194 1.96 1.25 0.00
1195 3.36 0.51 0.00
1196 1.51 0.30 0.00
1197 2.32 0.51 0.00
1198 4.38 8.93 0.00
1199 2.22 0.30 0.00
1200 3.51 294.61 0.00
1201 4.21 176.87 0.00
1202 1.07 0.65 0.00
1203 3.07 2.72 0.00
1204 4.90 186.15 0.00
1205 3.77 298.44 0.00
1206 2.51 1.10 0.00
1207 4.39 281.56 0.00
1208 5.86 398.41 0.00
1209 2.62 14.02 0.00
1210 1.45 0.37 0.00
1211 3.46 242.96 0.00
1212 4.83 144.49 0.00
1213 1.59 26.40 0.00
1214 1.21 0.30 0.00
1215 2.77 0.82 0.00
1216 1.08 0.30 0.00
1217 196.31 18.60 0.00
1218 2.39 2.47 0.00
1219 1.97 0.94 0.00
1220 205.99 12.95 0.00
1221 2.56 0.82 0.00
1222 2.18 0.30 0.00
1223 1.84 2.08 0.00
1224 0.66 0.82 0.00
1225 0.66 0.30 0.00
1226 1.53 0.30 0.00
1227 2.61 0.82 0.00
1228 2.75 8.58 0.00
1229 327.13 1.52 0.00
1230 134.59 13.47 0.00
1231 2.44 0.30 0.00
1232 1.84 0.30 0.00
1233 2.30 2.51 0.00
1234 2.81 0.30 0.00
1235 1.55 0.30 0.00
1236 0.80 0.82 0.00
1237 3.03 4.98 0.00
1238 2.95 2.50 0.00
1239 1.49 0.82 0.00
1240 1.39 0.43 0.00
1241 1.84 0.30 0.00
1242 1.70 1.46 0.00
1243 2.86 3.59 0.00
1244 1.10 0.30 0.00
1245 1.31 0.82 0.00
1246 2.75 0.30 0.00
1247 1.85 0.30 0.00
1248 4.57 199.32 0.00
1249 1.97 0.43 0.00
1250 0.78 0.46 0.00
1251 1.03 0.82 0.00
1252 1.19 0.30 0.00
1253 3.02 2.62 0.00
1254 0.78 0.82 0.00
1255 2.52 0.50 0.00
1256 1.69 0.65 0.00
1257 2.28 5.74 0.00
1258 3.30 4.26 0.00
1259 1.11 0.30 0.00
1260 1.00 0.82 0.00
1261 1.85 0.30 0.00
1262 1.71 0.84 0.00
1263 1.95 2.59 0.00
1264 1.25 0.78 0.00
1265 1.47 0.30 0.00
1266 1.73 0.82 0.00
1267 2.20 5.25 0.00
1268 1.45 2.02 0.00
1269 1.54 0.82 0.00
1270 2.32 0.00 0.00
1271 1.52 0.30 0.00
1272 2.87 0.82 0.00
1273 3.60 4.02 0.00
1274 3.63 134.89 0.00
1275 2.79 71.65 0.00
1276 2.75 0.30 0.00
1277 2.90 5.25 0.00
1278 3.74 2.60 0.00
1279 2.07 0.30 0.00
1280 1.66 0.30 0.00
1281 3.44 0.82 0.00
1282 2.17 0.30 0.00
1283 3.99 2.15 0.00
1284 1.98 0.82 0.00
1285 0.98 0.30 0.00
1286 342.57 16.48 0.00
1287 2.49 0.86 0.00
1288 1.62 8.19 0.00
1289 3.27 0.74 0.00
1290 2.70 2.11 0.00
1291 1.73 0.50 0.00
1292 2.59 1.29 0.00
1293 1.77 2.34 0.00
1294 1.46 0.30 0.00
1295 2.47 0.30 0.00
1296 1.88 1.59 0.00
1297 1.62 5.04 0.00
1298 1.78 2.02 0.00
1299 1.60 0.82 0.00
1300 1.10 0.30 0.00
1301 2.63 0.30 0.00
1302 2.41 0.82 0.00
1303 4.06 4.41 0.00
1304 3.59 270.64 0.00
1305 1.88 31.82 0.00
1306 1.85 0.30 0.00
1307 1.44 5.22 0.00
1308 2.84 2.66 0.00
1309 2.59 0.30 0.00
1310 0.65 0.30 0.00
1311 2.08 1.10 0.00
1312 4.59 66.83 0.00
1313 1.69 2.02 0.00
1314 0.66 0.82 0.00
1315 3.03 0.30 0.00
1316 4.18 131.36 0.00
1317 2.59 5.76 0.00
1318 2.63 3.59 0.00
1319 0.88 0.30 0.00
1320 0.88 0.82 0.00
1321 2.16 0.94 0.00
1322 1.18 0.30 0.00
1323 2.50 2.60 0.00
1324 1.25 0.78 0.00
1325 2.05 0.30 0.00
1326 1.83 0.82 0.00
1327 4.32 216.12 0.00
1328 1.89 6.90 0.00
1329 1.65 0.82 0.00
1330 1.33 0.30 0.00
1331 1.48 0.30 0.00
1332 3.05 1.36 0.00
1333 2.16 3.72 0.00
1334 1.97 0.30 0.00
1335 3.00 0.82 0.00
1336 176.11 13.30 0.00
1337 340.93 20.94 0.00
1338 3.06 2.34 0.00
1339 2.25 0.30 0.00
1340 3.58 276.20 0.00
1341 2.96 1.81 0.00
1342 1.29 0.30 0.00
1343 4.08 3.61 0.00
1344 1.63 1.46 0.00
1345 1.65 0.30 0.00
1346 1.50 0.30 0.00
1347 2.34 0.82 0.00
1348 224.14 22.51 0.00
1349 1.53 0.30 0.00
1350 0.66 0.82 0.00
1351 8.11 11.44 0.00
1352 1.42 0.30 0.00
1353 1.17 2.60 0.00
1354 1.70 0.30 0.00
1355 1.23 0.30 0.00
1356 0.74 0.82 0.00
1357 1.54 0.30 0.00
1358 2.90 5.95 0.00
1359 1.42 0.82 0.00
1360 1.31 0.30 0.00
1361 2.65 0.30 0.00
1362 1.77 0.95 0.00
1363 5.43 134.51 0.00
1364 1.32 0.30 0.00
1365 1.76 0.82 0.00
1366 1.95 0.30 0.00
1367 4.06 187.92 0.00
1368 2.04 7.10 0.00
1369 2.30 0.43 0.00
1370 6.70 371.20 0.00
1371 1.39 27.61 0.00
1372 2.06 0.30 0.00
1373 2.93 2.21 0.00
1374 1.21 1.17 0.00
1375 1.77 0.30 0.00
1376 1.29 0.30 0.00
1377 1.76 0.82 0.00
1378 2.58 8.26 0.00
1379 0.99 0.30 0.00
1380 1.42 0.82 0.00
1381 2.49 0.94 0.00
1382 1.74 0.30 0.00
1383 1.66 2.53 0.00
1384 1.10 0.30 0.00
1385 2.36 0.30 0.00
1386 2.65 0.82 0.00
1387 1.47 5.04 0.00
1388 2.64 2.08 0.00
1389 2.69 0.82 0.00
1390 1.10 0.30 0.00
1391 1.95 0.30 0.00
1392 3.24 1.36 0.00
1393 1.85 3.65 0.00
1394 2.28 0.30 0.00
1395 2.99 1.79 0.00
1396 1.40 0.51 0.00
1397 2.13 5.04 0.00
1398 2.06 2.60 0.00
1399 1.32 0.30 0.00
1400 1.87 0.30 0.00
1401 1.98 0.82 0.00
1402 1.95 0.30 0.00
1403 1.75 1.89 0.00
1404 1.31 0.82 0.00
1405 1.22 0.30 0.00
1406 1.40 0.30 0.00
1407 1.79 5.56 0.00
1408 5.33 180.07 0.00
1409 1.54 0.65 0.00
1410 1.54 0.82 0.00
1411 2.29 0.30 0.00
1412 1.29 0.30 0.00
1413 1.93 2.47 0.00
1414 1.88 0.30 0.00
1415 1.89 0.30 0.00
1416 2.17 0.82 0.00
1417 2.42 0.30 0.00
1418 2.18 6.69 0.00
1419 4.05 248.60 0.00
1420 5.48 226.49 0.00
1421 3.70 154.61 0.00
1422 2.29 0.82 0.00
1423 2.23 4.13 0.00
1424 1.33 0.67 0.00
1425 3.04 0.82 0.00
1426 1.54 0.78 0.00
1427 0.74 0.30 0.00
1428 3.86 7.14 0.00
1429 12.53 2593.52 0.00
1430 2.15 421.18 0.00
1431 6.45 1343.05 0.00
1432 4.38 1234.96 0.00
1433 4.73 1253.58 0.00
1434 4.00 1176.38 0.00
1435 3.72 1249.57 0.00
1436 3.04 736.33 0.00
1437 3.83 769.39 0.00
1438 6.30 1392.99 0.00
1439 3.92 1275.49 0.00
1440 5.49 1472.18 0.00
1441 7.03 1517.07 0.00
1442 5.98 1359.35 0.00
1443 2.62 395.20 0.00
1444 3.57 1277.91 0.00
1445 3.41 414.88 0.00
1446 5.97 1170.25 0.00
1447 4.99 1347.06 0.00
1448 10.56 4718.27 0.00
1449 12.10 5747.74 0.00
1450 469.17 8924.34 0.00
1451 36.42 19794.71 0.00
1452 359.04 23556.61 0.00
1453 46.40 23878.70 0.00
1454 47.33 23895.68 0.00
1455 31.15 15662.96 0.00
1456 11.87 5233.33 0.00
1457 11.42 5151.89 0.00
1458 339.83 4505.03 0.00
1459 339.95 18.18 0.00
1460 12.50 5557.44 0.00
1461 11.93 4313.82 0.00
1462 15.62 5123.13 0.00
1463 12.09 5104.25 0.00
1464 13.80 5177.85 0.00
1465 11.58 4897.79 0.00
1466 12.11 4822.15 0.00
1467 12.91 4648.86 0.00
1468 13.93 5527.56 0.00
1469 10.39 4512.42 0.00
1470 12.47 4781.39 0.00
1471 11.59 5160.78 0.00
1472 9.44 3325.09 0.00
1473 16.60 6520.76 0.00
1474 9.78 3702.60 0.00
1475 8.38 2821.60 0.00
1476 9.48 3754.33 0.00
1477 13.56 5449.34 0.00
1478 12.40 4634.45 0.00
1479 11.53 4609.12 0.00
1480 12.57 4962.53 0.00
1481 13.81 5218.58 0.00
1482 12.21 4987.62 0.00
1483 13.36 4809.88 0.00
1484 12.08 4749.73 0.00
1485 13.51 5681.09 0.00
1486 13.62 5405.45 0.00
1487 13.15 5323.92 0.00
1488 14.54 5808.15 0.00
1489 46.28 23176.98 0.00
1490 55.86 28281.58 0.00
1491 51.73 27396.74 0.00
1492 50.32 26614.03 0.00
1493 55.49 28027.52 0.00
1494 53.60 26099.18 0.00
1495 55.59 27978.32 0.00
1496 52.88 27303.28 0.00
1497 53.81 26782.90 0.00
1498 49.27 22108.31 0.00
1499 15.23 6974.23 0.00
1500 15.03 6708.41 0.00
1501 35.02 11371.06 0.00
1502 40.36 19086.64 0.00
1503 45.48 21581.39 0.00
1504 43.25 21295.97 0.00
1505 56.04 24407.92 0.00
1506 53.99 25647.31 0.00
1507 27.03 11368.23 0.00
1508 6.67 1970.56 0.00
1509 10.05 2849.85 0.00
1510 10.46 4226.23 0.00
1511 10.77 4379.10 0.00
1512 12.98 5123.61 0.00
1513 10.81 4279.12 0.00
1514 16.85 4543.60 0.00
1515 11.36 4155.37 0.00
1516 11.23 4566.17 0.00
1517 11.15 4188.09 0.00
1518 12.56 4712.87 0.00
1519 11.13 4615.22 0.00
1520 12.26 5100.11 0.00
1521 21.09 5521.66 0.00
1522 11.82 5460.23 0.00
1523 13.33 4852.35 0.00
1524 9.52 3921.01 0.00
1525 9.52 4390.91 0.00
1526 11.78 4760.60 0.00
1527 11.88 4601.48 0.00
1528 12.99 5146.19 0.00
1529 12.44 4362.75 0.00
1530 11.51 4997.02 0.00
1531 11.17 4261.94 0.00
1532 12.24 4946.54 0.00
1533 12.31 4961.04 0.00
1534 14.13 5565.59 0.00
1535 13.14 5193.03 0.00
1536 21.28 10005.00 0.00
1537 52.74 26497.35 0.00
1538 61.74 27029.90 0.00
1539 51.05 25996.84 0.00
1540 56.12 27946.95 0.00
1541 49.04 24282.32 0.00
1542 44.87 22035.12 0.00
1543 46.06 22184.18 0.00
1544 49.20 23591.53 0.00
1545 50.90 25811.83 0.00
1546 54.14 27306.07 0.00
1547 47.02 21187.93 0.00
1548 37.88 19770.17 0.00
1549 40.91 19793.68 0.00
1550 27.54 12896.25 0.00
1551 28.80 13561.80 0.00
1552 20.19 9109.71 0.00
1553 2.58 2.84 0.00
1554 6.48 2457.27 0.00
1555 6.79 2326.29 0.00
1556 6.32 2153.41 0.00
1557 10.01 2540.86 0.00
1558 11.55 3628.05 0.00
1559 8.92 3748.91 0.00
1560 9.50 3733.57 0.00
1561 9.67 3293.01 0.00
1562 8.54 3701.05 0.00
1563 9.78 3438.51 0.00
1564 7.49 2992.27 0.00
1565 7.55 3256.73 0.00
1566 9.21 3494.68 0.00
1567 9.89 4202.26 0.00
1568 9.22 3731.44 0.00
1569 9.99 3556.03 0.00
1570 8.86 3542.58 0.00
1571 9.26 2731.35 0.00
1572 10.20 3684.89 0.00
1573 10.44 4006.23 0.00
1574 9.09 3534.99 0.00
1575 10.44 3854.45 0.00
1576 81.95 3609.52 0.00
1577 9.44 3780.25 0.00
1578 9.87 3706.71 0.00
1579 13.39 4493.79 0.00
1580 252.32 3980.58 0.00
1581 13.22 5035.88 0.00
1582 29.52 14669.09 0.00
1583 190.33 15116.84 0.00
1584 26.75 14243.85 0.00
1585 26.11 14705.89 0.00
1586 33.37 16284.05 0.00
1587 28.99 15206.76 0.00
1588 31.56 15504.64 0.00
1589 33.63 15769.32 0.00
1590 30.65 14796.33 0.00
1591 37.53 13567.08 0.00
1592 20.12 8554.09 0.00
1593 19.86 8934.53 0.00
1594 19.26 8718.06 0.00
1595 19.28 8534.45 0.00
1596 20.75 10095.46 0.00
1597 21.18 9979.94 0.00
1598 21.97 9825.84 0.00
1599 19.63 9383.13 0.00
1600 16.25 7835.56 0.00
1601 18.98 9391.52 0.00
1602 19.35 9268.11 0.00
1603 21.33 9894.48 0.00
1604 17.83 9137.85 0.00
1605 17.78 9405.04 0.00
1606 22.32 10332.15 0.00
1607 22.38 10795.78 0.00
1608 21.79 9695.71 0.00
1609 18.70 8292.73 0.00
1610 6.54 2455.96 0.00
1611 25.40 11912.51 0.00
1612 24.05 10611.38 0.00
1613 22.23 9621.10 0.00
1614 27.02 12712.04 0.00
1615 19.28 9120.06 0.00
1616 18.45 7798.67 0.00
1617 12.33 5306.78 0.00
1618 9.28 3123.68 0.00
1619 7.64 2662.39 0.00
1620 7.06 2714.30 0.00
1621 10.18 4314.24 0.00
1622 15.66 7168.66 0.00
1623 17.81 7863.86 0.00
1624 20.57 7838.29 0.00
1625 20.43 8899.80 0.00
1626 18.16 8309.06 0.00
1627 18.29 8787.23 0.00
1628 15.60 6697.73 0.00
1629 20.30 9029.64 0.00
1630 7.33 2730.80 0.00
1631 4.93 1590.76 0.00
1632 4.73 930.25 0.00
1633 5.53 1469.97 0.00
1634 7.05 2495.18 0.00
1635 6.53 2019.25 0.00
1636 5.70 1985.74 0.00
1637 5.67 1910.82 0.00
1638 4.81 928.78 0.00
1639 293.74 1219.29 0.00
1640 5.38 2074.67 0.00
1641 6.42 1982.89 0.00
1642 5.90 2360.80 0.00
1643 7.34 2432.45 0.00
1644 8.32 3561.45 0.00
1645 6.66 2751.66 0.00
1646 9.56 3508.70 0.00
1647 7.93 3036.76 0.00
1648 2.17 7.28 0.00
1649 2.55 0.30 0.00
1650 1.42 0.82 0.00
1651 0.58 0.37 0.00
1652 2.07 0.30 0.00
1653 1.74 2.60 0.00
1654 0.33 0.30 0.00
1655 1.11 0.30 0.00
1656 0.52 0.82 0.00
1657 1.92 3.86 0.00
1658 3.54 2.08 0.00
1659 1.10 0.82 0.00
1660 0.99 0.30 0.00
1661 3.44 0.30 0.00
1662 1.17 0.82 0.00
1663 2.64 3.59 0.00
1664 2.43 0.30 0.00
1665 271.00 32.26 0.00
1666 7.20 4.93 0.00
1667 5.10 364.65 0.00
1668 2.06 2.73 0.00
1669 15.38 18.60 0.00
1670 9.66 311.13 0.00
1671 1.28 0.99 0.00
1672 1.85 0.30 0.00
1673 7.21 16.44 0.00
1674 497.89 56.26 0.00
1675 1.78 0.00 0.00
1676 2.25 0.43 0.00
1677 2.38 1.27 0.00
1678 2.66 3.66 0.00
1679 1.11 4.40 0.00
1680 2.57 1.24 0.00
1681 2.38 0.46 0.00
1682 2.37 0.72 0.00
1683 3.38 2.69 0.00
1684 1.50 0.13 0.00
1685 3.20 0.74 0.00
1686 3.78 167.63 0.00
1687 1.41 0.30 0.00
1688 3.89 4.06 0.00
1689 3.06 4.94 0.00
1690 2.79 2.10 0.00
1691 0.96 0.30 0.00
1692 1.95 0.82 0.00
1693 1.86 3.55 0.00
1694 2.15 1.17 0.00
1695 1.88 0.82 0.00
1696 2.73 0.59 0.00
1697 3.59 1.64 0.00
1698 7.64 165.58 0.00
1699 5.44 2.00 0.00
1700 9.13 135.88 0.00
1701 5.46 2.75 0.00
1702 3.68 0.51 0.00
1703 3.90 5.36 0.00
1704 2.30 0.98 0.00
1705 2.62 0.43 0.00
1706 2.83 0.46 0.00
1707 2.53 7.48 0.00
1708 9.07 15.89 0.00
1709 4.13 7.00 0.00
1710 3.38 1.25 0.00
1711 1.51 0.30 0.00
1712 1.95 0.30 0.00
1713 4.40 3.08 0.00
1714 7.19 69.14 0.00
1715 6.56 6.38 0.00
1716 2.33 1.49 0.00
1717 2.06 5.18 0.00
1718 5.77 302.87 0.00
1719 9.55 505.64 0.00
1720 5.13 69.85 0.00
1721 2.72 0.59 0.00
1722 632.02 46.53 0.00
1723 295.07 39.27 0.00
1724 6.40 345.72 0.00
1725 5.00 68.64 0.00
1726 2.02 0.51 0.00
1727 2.19 1.01 0.00
1728 6.30 12.12 0.00
1729 2.89 0.30 0.00
1730 2.21 0.30 0.00
1731 1.06 0.82 0.00
1732 2.67 1.79 0.00
1733 2.44 2.15 0.00
1734 2.23 1.06 0.00
1735 3.21 0.59 0.00
1736 3.04 2.24 0.00
1737 8.79 21.54 0.00
1738 140.28 7.21 0.00
1739 273.25 23.11 0.00
1740 1.10 0.82 0.00
1741 5.93 2.81 0.00
1742 2.01 2.42 0.00
1743 4.21 4.42 0.00
1744 12.51 1278.58 0.00
1745 16.36 6369.18 0.00
1746 17.99 7020.66 0.00
1747 13.61 6242.26 0.00
1748 13.69 6425.84 0.00
1749 12.78 5608.09 0.00
1750 857.86 6006.28 0.00
1751 11.53 6084.80 0.00
1752 6.49 2455.59 0.00
1753 1.77 3.78 0.00
1754 10.29 202.55 0.00
1755 5.78 406.22 0.00
1756 2.36 1.97 0.00
1757 2.91 3.59 0.00
1758 4.17 8.32 0.00
1759 1.59 0.44 0.00
1760 1.34 0.30 0.00
1761 3.86 2.13 0.00
1762 2.53 0.46 0.00
1763 1.40 2.01 0.00
1764 1.28 1.01 0.00
1765 1.87 0.00 0.00
1766 386.90 38.48 0.00
1767 1.28 0.82 0.00
1768 6.47 7.15 0.00
1769 0.77 0.65 0.00
1770 6.49 430.83 0.00
1771 14.74 4701.29 0.00
1772 12.34 6164.36 0.00
1773 13.34 6150.84 0.00
1774 17.12 6040.58 0.00
1775 15.50 6391.62 0.00
1776 12.46 6002.68 0.00
1777 17.80 6524.77 0.00
1778 12.50 6046.95 0.00
1779 14.03 5669.36 0.00
1780 11.56 4158.07 0.00
1781 11.73 3343.33 0.00
1782 14.08 5684.14 0.00
1783 15.91 6580.01 0.00
1784 14.21 5720.99 0.00
1785 11.44 4202.58 0.00
1786 3.67 1583.49 0.00
1787 2.20 5.31 0.00
1788 4.42 4.47 0.00
1789 199.22 2434.64 0.00
1790 5.53 249.89 0.00
1791 7.31 585.18 0.00
1792 231.70 365.87 0.00
1793 1.64 1.96 0.00
1794 1.62 1.11 0.00
1795 0.99 2.08 0.00
1796 1.03 0.59 0.00
1797 3.10 1.10 0.00
1798 5.33 135.88 0.00
1799 0.88 0.30 0.00
1800 5.24 221.66 0.00
1801 0.92 4.96 0.00
1802 1.04 0.19 0.00
1803 4.10 5.62 0.00
1804 0.99 1.98 0.00
1805 1.99 0.59 0.00
1806 1.03 1.11 0.00
1807 2.50 1.48 0.00
1808 2.17 2.22 0.00
1809 1.72 5.61 0.00
1810 1.68 0.72 0.00
1811 1.73 0.46 0.00
1812 3.06 0.95 0.00
1813 2.26 4.26 0.00
1814 467.73 41.95 0.00
1815 2.76 1.11 0.00
1816 2.33 1.24 0.00
1817 3.33 1.42 0.00
1818 2.92 2.82 0.00
1819 3.15 6.26 0.00
1820 2.40 2.92 0.00
1821 7.59 343.65 0.00
1822 5.75 131.07 0.00
1823 1.42 5.43 0.00
1824 0.61 1.05 0.00
1825 1.11 0.30 0.00
1826 368.29 21.86 0.00
1827 3.19 6.57 0.00
1828 2.13 4.39 0.00
1829 3.61 215.53 0.00
1830 11.50 77.31 0.00
1831 132.79 6.34 0.00
1832 0.74 0.30 0.00
1833 1.10 2.53 0.00
1834 11.08 17.00 0.00
1835 1.21 2.43 0.00
1836 1.39 0.82 0.00
1837 4.16 6.69 0.00
1838 1.69 2.21 0.00
1839 1.28 1.27 0.00
1840 3.19 2.72 0.00
1841 4.54 6.45 0.00
1842 9.72 15.56 0.00
1843 3.06 4.13 0.00
1844 472.46 238.47 0.00
1845 2.32 0.82 0.00
1846 2.62 1.52 0.00
1847 2.16 5.53 0.00
1848 4.51 6.14 0.00
1849 1.11 0.30 0.00
1850 2.73 1.81 0.00
1851 4.23 3.01 0.00
1852 3.55 2.45 0.00
1853 5.44 5.26 0.00
1854 9.52 619.07 0.00
1855 2.50 1.81 0.00
1856 1.51 2.08 0.00
1857 4.73 5.64 0.00
1858 10.02 18.31 0.00
1859 296.94 3.66 0.00
1860 204.58 19.46 0.00
1861 77.47 2.12 0.00
1862 16.16 0.77 0.00
1863 2.56 2.62 0.00
1864 5.08 5.19 0.00
1865 292.74 211.89 0.00
1866 3.29 2.23 0.00
1867 3.62 7.10 0.00
1868 2.18 2.19 0.00
1869 3.49 2.38 0.00
1870 2.43 1.65 0.00
1871 2.58 1.81 0.00
1872 1.98 1.60 0.00
1873 3.92 5.00 0.00
1874 1.55 0.65 0.00
1875 2.16 0.95 0.00
1876 2.68 2.00 0.00
1877 1.58 4.88 0.00
1878 7.00 136.65 0.00
1879 3.76 3.09 0.00
1880 1.10 0.30 0.00
1881 3.05 1.11 0.00
1882 4.58 4.73 0.00
1883 177.52 21.37 0.00
1884 3.46 2.51 0.00
1885 145.30 19.08 0.00
1886 1.92 0.13 0.00
1887 1.73 0.98 0.00
1888 6.80 13.61 0.00
1889 237.09 0.88 0.00
1890 202.94 1.40 0.00
1891 1.19 0.00 0.00
1892 6.19 132.57 0.00
1893 3.03 2.68 0.00
1894 1.44 0.36 0.00
1895 3.07 1.81 0.00
1896 2.22 0.82 0.00
1897 3.52 5.81 0.00
1898 5.25 5.40 0.00
1899 1.88 0.82 0.00
1900 3.58 3.72 0.00
1901 5.01 3.38 0.00
1902 2.90 2.12 0.00
1903 2.42 4.08 0.00
1904 3.12 1.17 0.00
1905 69.09 4.71 0.00
1906 11.12 17.50 0.00
1907 214.19 12.58 0.00
1908 330.10 181.72 0.00
1909 2.98 23.36 0.00
1910 3.38 2.39 0.00
1911 6.94 239.25 0.00
1912 2.13 0.64 0.00
1913 4.24 4.17 0.00
1914 1.73 0.82 0.00
1915 2.07 0.43 0.00
1916 2.13 2.07 0.00
1917 2.05 5.69 0.00
1918 2.55 3.82 0.00
1919 1.66 0.75 0.00
1920 0.76 0.98 0.00
1921 2.51 0.71 0.00
1922 6.19 5.07 0.00
1923 3.72 4.41 0.00
1924 1.44 0.33 0.00
1925 2.87 2.21 0.00
1926 3.24 2.49 0.00
1927 6.11 9.60 0.00
1928 1.22 1.96 0.00
1929 5.43 131.90 0.00
1930 4.72 324.28 0.00
1931 198.30 7.62 0.00
1932 11.53 225.58 0.00
1933 2.56 4.30 0.00
1934 1.56 0.56 0.00
1935 5.25 1.73 0.00
1936 3.90 115.04 0.00
1937 4.48 24.51 0.00
1938 2.90 2.82 0.00
1939 3.33 1.71 0.00
1940 6.42 159.10 0.00
1941 2.65 64.40 0.00
1942 5.07 132.28 0.00
1943 3.01 4.06 0.00
1944 1.56 1.30 0.00
1945 1.23 0.88 0.00
1946 4.54 3.32 0.00
1947 3.36 2.51 0.00
1948 1.77 8.58 0.00
1949 2.90 2.57 0.00
1950 1.63 0.98 0.00
1951 231.67 21.79 0.00
1952 7.44 464.40 0.00
1953 405.38 256.95 0.00
1954 138.77 16.06 0.00
1955 191.39 2.69 0.00
1956 0.63 0.98 0.00
1957 4.98 136.62 0.00
1958 6.55 6.61 0.00
1959 1.65 0.83 0.00
1960 3.45 155.02 0.00
1961 3.13 1.76 0.00
1962 2.13 1.31 0.00
1963 2.23 2.15 0.00
1964 1.50 1.91 0.00
1965 3.28 3.69 0.00
1966 3.96 2.27 0.00
1967 6.66 463.74 0.00
1968 3.65 5.62 0.00
1969 3.93 3.46 0.00
1970 273.91 18.29 0.00
1971 164.35 17.54 0.00
1972 7.92 452.14 0.00
1973 3.23 1.95 0.00
1974 5.57 222.21 0.00
1975 1.77 0.30 0.00
1976 1.07 0.30 0.00
1977 3.11 7.41 0.00
1978 2.53 3.28 0.00
1979 1.28 0.50 0.00
1980 5.09 4.70 0.00
1981 2.83 1.42 0.00
1982 1.06 0.30 0.00
1983 3.15 3.02 0.00
1984 5.68 221.56 0.00
1985 184.35 14.40 0.00
1986 10.13 250.39 0.00
1987 117.01 5.80 0.00
1988 154.27 22.43 0.00
1989 3.12 3.01 0.00
1990 4.42 131.91 0.00
1991 0.77 0.72 0.00
1992 2.24 2.86 0.00
1993 7.28 220.65 0.00
1994 4.70 247.06 0.00
1995 2.21 0.82 0.00
1996 2.69 1.81 0.00
1997 3.01 6.98 0.00
1998 9.27 530.93 0.00
1999 6.73 222.33 0.00
2000 3.17 3.27 0.00
2001 3.35 0.93 0.00
2002 1.69 0.59 0.00
2003 2.91 2.17 0.00
2004 1.17 1.16 0.00
2005 0.55 0.30 0.00
2006 277.07 14.26 0.00
2007 182.06 30.00 0.00
2008 2.08 3.62 0.00
2009 7.86 2.58 0.00
2010 7.02 71.42 0.00
2011 2.91 2.21 0.00
2012 4.23 1.52 0.00
2013 4.25 4.68 0.00
2014 1.79 0.72 0.00
2015 3.95 1.97 0.00
2016 1.42 1.40 0.00
2017 366.09 45.44 0.00
2018 2.95 3.93 0.00
2019 2.94 2.49 0.00
2020 1.06 0.59 0.00
2021 4.41 1.59 0.00
2022 6.10 138.95 0.00
2023 135.12 99.81 0.00
2024 1.68 0.78 0.00
2025 1.21 0.98 0.00
2026 2.28 0.30 0.00
2027 7.07 212.83 0.00
2028 1.84 32.52 0.00
2029 4.00 3.73 0.00
2030 1.72 2.42 0.00
2031 2.49 1.68 0.00
2032 5.66 551.43 0.00
2033 3.63 3.79 0.00
2034 1.31 0.87 0.00
2035 1.66 0.30 0.00
2036 274.57 157.30 0.00
2037 6.87 10.34 0.00
2038 5.97 270.70 0.00
2039 3.06 1.91 0.00
2040 1.32 0.98 0.00
2041 3.99 1.94 0.00
2042 1.25 0.59 0.00
2043 3.40 2.93 0.00
2044 603.26 48.82 0.00
2045 279.27 0.90 0.00
2046 2.28 0.98 0.00
2047 1.19 0.30 0.00
2048 2.80 6.76 0.00
2049 3.68 1.91 0.00
2050 2.42 254.80 0.00
2051 5.05 2.45 0.00
2052 562.11 43.81 0.00
2053 3.30 5.10 0.00
2054 2.97 3.38 0.00
2055 2.22 0.98 0.00
2056 1.51 0.30 0.00
2057 1.80 5.35 0.00
2058 8.55 201.83 0.00
2059 293.80 212.41 0.00
2060 2.77 2.58 0.00
2061 2.21 0.82 0.00
2062 1.40 2.08 0.00
2063 3.24 2.87 0.00
2064 1.21 0.82 0.00
2065 10.12 464.60 0.00
2066 4.08 3.88 0.00
2067 1.87 5.76 0.00
2068 1.62 3.74 0.00
2069 2.29 0.46 0.00
2070 4.03 132.59 0.00
2071 3.89 2.45 0.00
2072 5.14 276.61 0.00
2073 2.17 2.93 0.00
2074 1.00 0.36 0.00
2075 2.27 1.96 0.00
2076 2.54 3.17 0.00
2077 4.73 137.39 0.00
2078 143.23 24.07 0.00
2079 0.95 0.64 0.00
2080 1.67 0.46 0.00
2081 2.60 1.13 0.00
2082 5.33 2.37 0.00
2083 1093.30 48.75 0.00
2084 2.04 0.51 0.00
2085 1.97 2.59 0.00
2086 7.33 163.64 0.00
2087 4.33 6.49 0.00
2088 2.12 2.79 0.00
2089 26.60 6512.60 0.00
2090 37.67 17810.72 0.00
2091 36.67 17812.70 0.00
2092 30.57 14548.85 0.00
2093 193.50 13852.46 0.00
2094 34.43 17173.78 0.00
2095 39.16 17276.76 0.00
2096 36.05 17951.26 0.00
2097 37.84 18363.24 0.00
2098 57.04 23832.75 0.00
2099 34.07 17688.37 0.00
2100 35.29 16136.99 0.00
2101 60.30 30015.18 0.00
2102 68.49 35065.11 0.00
2103 79.66 36136.17 0.00
2104 71.16 37251.91 0.00
2105 76.30 39196.68 0.00
2106 76.24 39025.66 0.00
2107 60.49 31394.60 0.00
2108 32.45 15063.70 0.00
2109 49.66 22675.12 0.00
2110 62.30 29926.40 0.00
2111 65.50 32548.79 0.00
2112 64.46 32136.43 0.00
2113 49.68 22024.24 0.00
2114 20.55 9806.91 0.00
2115 800.78 20007.81 0.00
2116 31.34 14742.58 0.00
2117 25.02 11738.52 0.00
2118 16.66 7450.61 0.00
2119 23.22 12276.18 0.00
2120 25.85 13286.59 0.00
2121 28.16 13142.04 0.00
2122 22.94 10646.13 0.00
2123 236.12 6631.90 0.00
2124 13.28 6820.73 0.00
2125 15.20 6523.45 0.00
2126 43.66 2838.96 0.00
2127 565.66 588.54 0.00
2128 7.17 538.04 0.00
2129 3.69 0.37 0.00
2130 2.25 0.95 0.00
2131 147.73 19.97 0.00
2132 3.73 0.30 0.00
2133 2.84 2.96 0.00
2134 1.44 0.36 0.00
2135 3.57 2.50 0.00
2136 2.30 1.56 0.00
2137 2.87 6.94 0.00
2138 3.37 3.08 0.00
2139 3.00 2.44 0.00
2140 5.11 3.06 0.00
2141 4.03 2.66 0.00
2142 5.40 3.95 0.00
2143 2.13 3.87 0.00
2144 1.41 0.36 0.00
2145 1.62 0.95 0.00
2146 3.90 277.40 0.00
2147 2.62 7.00 0.00
2148 3.22 2.70 0.00
2149 1.61 0.33 0.00
2150 2.52 2.66 0.00
2151 2.52 1.11 0.00
2152 8.63 251.15 0.00
2153 359.81 202.04 0.00
2154 194.97 20.91 0.00
2155 3.72 2.57 0.00
2156 5.39 292.73 0.00
2157 4.69 2.61 0.00
2158 3.33 8.29 0.00
2159 178.08 15.33 0.00
2160 219.34 30.25 0.00
2161 5.75 3.10 0.00
2162 11.39 4658.87 0.00
2163 12.15 6257.86 0.00
2164 8.72 6187.94 0.00
2165 9.12 7253.96 0.00
2166 7.43 3992.79 0.00
2167 7.24 3257.32 0.00
2168 13.78 6768.08 0.00
2169 7.58 3444.22 0.00
2170 11.69 6442.20 0.00
2171 14.08 6905.89 0.00
2172 12.40 6819.24 0.00
2173 13.61 5632.94 0.00
2174 6.63 6.25 0.00
2175 1.21 0.82 0.00
2176 1.47 0.59 0.00
2177 6.25 263.82 0.00
2178 2.30 4.59 0.00
2179 3.54 2.35 0.00
2180 2.24 0.88 0.00
2181 2.15 1.27 0.00
2182 194.69 21.16 0.00
2183 5.37 267.92 0.00
2184 2.75 3.88 0.00
2185 9.81 502.78 0.00
2186 3.78 2.28 0.00
2187 4.75 386.22 0.00
2188 3.45 3.23 0.00
2189 1.88 0.36 0.00
2190 151.61 7.15 0.00
2191 174.90 36.22 0.00
2192 2.53 0.43 0.00
2193 3.98 4.65 0.00
2194 3.78 2.13 0.00
2195 0.71 0.37 0.00
2196 3.59 192.12 0.00
2197 490.94 27.14 0.00
2198 4.30 230.39 0.00
2199 2.92 3.48 0.00
2200 7.03 128.13 0.00
2201 3.60 36.23 0.00
2202 7.36 135.67 0.00
2203 7.80 381.29 0.00
2204 1.64 2.44 0.00
2205 3.22 1.24 0.00
2206 3.11 1.68 0.00
2207 4.17 9.14 0.00
2208 348.75 22.56 0.00
2209 1.05 1.60 0.00
2210 1.41 0.36 0.00
2211 5.90 230.35 0.00
2212 2.18 1.71 0.00
2213 9.18 244.11 0.00
2214 3.04 3.46 0.00
2215 504.36 23.20 0.00
2216 316.53 23.33 0.00
2217 2.52 5.56 0.00
2218 2.88 3.75 0.00
2219 2.76 4.52 0.00
2220 320.75 297.70 0.00
2221 0.92 0.59 0.00
2222 1.40 0.46 0.00
2223 0.99 0.82 0.00
2224 1.16 1.95 0.00
2225 7.21 5.71 0.00
2226 0.74 0.82 0.00
2227 0.85 0.30 0.00
2228 1.29 0.13 0.00
2229 1.09 2.56 0.00
2230 1.10 0.30 0.00
2231 1.48 0.43 0.00
2232 2.00 2.10 0.00
2233 1.86 2.00 0.00
2234 4.03 3.67 0.00
2235 5.09 255.08 0.00
2236 4.74 87.82 0.00
2237 4.69 55.80 0.00
2238 2.24 1.91 0.00
2239 3.29 2.34 0.00
2240 2.71 2.37 0.00
2241 2.42 2.59 0.00
2242 159.22 20.15 0.00
2243 1.21 0.46 0.00
2244 5.08 186.69 0.00
2245 3.70 1.68 0.00
2246 348.99 23.01 0.00
2247 5.01 184.86 0.00
2248 1.98 1.87 0.00
2249 3.25 4.34 0.00
2250 1.10 0.98 0.00
2251 3.82 2.23 0.00
2252 0.85 0.46 0.00
2253 2.00 3.01 0.00
2254 362.73 42.53 0.00
2255 1.21 0.65 0.00
2256 4.44 4.72 0.00
2257 7.93 379.12 0.00
2258 4.01 6.86 0.00
2259 4.73 201.00 0.00
2260 2.24 0.88 0.00
2261 2.40 1.32 0.00
2262 2.97 2.14 0.00
2263 10.63 106.09 0.00
2264 3.71 48.24 0.00
2265 1.32 1.02 0.00
2266 3.99 1.49 0.00
2267 162.53 8.61 0.00
2268 176.05 19.52 0.00
2269 3.93 3.72 0.00
2270 1.56 0.30 0.00
2271 7.58 488.55 0.00
2272 2.65 0.88 0.00
2273 2.75 2.21 0.00
2274 4.52 6.00 0.00
2275 1.77 0.30 0.00
2276 1.48 0.59 0.00
2277 3.57 5.48 0.00
2278 6.83 234.61 0.00
2279 2.00 2.24 0.00
2280 2.54 0.95 0.00
2281 1.84 0.46 0.00
2282 1.83 2.08 0.00
2283 10.10 385.18 0.00
2284 7.28 210.73 0.00
2285 8.40 568.75 0.00
2286 2.64 0.93 0.00
2287 6.26 221.26 0.00
2288 2.50 1.81 0.00
2289 2.81 3.22 0.00
2290 2.54 1.59 0.00
2291 5.19 292.53 0.00
2292 394.06 385.88 0.00
2293 204.44 21.00 0.00
2294 3.59 3.56 0.00
2295 3.45 2.51 0.00
2296 1.64 0.72 0.00
2297 279.50 28.74 0.00
2298 209.44 497.84 0.00
2299 133.65 3.71 0.00
2300 1.88 1.99 0.00
2301 2.62 0.96 0.00
2302 0.96 0.30 0.00
2303 1.33 0.30 0.00
2304 1.46 2.36 0.00
2305 0.59 1.86 0.00
2306 2.09 0.43 0.00
2307 2.82 7.46 0.00
2308 1.45 3.71 0.00
2309 2.88 2.85 0.00
2310 2.53 2.04 0.00
2311 11.50 524.38 0.00
2312 336.67 23.42 0.00
2313 0.66 0.81 0.00
2314 2.49 2.57 0.00
2315 4.16 2.98 0.00
2316 3.20 1.73 0.00
2317 1.03 5.18 0.00
2318 1.86 0.30 0.00
2319 2.37 2.53 0.00
2320 3.68 299.44 0.00
2321 1.85 0.30 0.00
2322 2.98 1.52 0.00
2323 196.16 25.08 0.00
2324 1.73 2.24 0.00
2325 1.06 1.11 0.00
2326 3.87 1.89 0.00
2327 1.19 0.51 0.00
2328 2.14 0.86 0.00
2329 2.29 2.37 0.00
2330 3.38 2.39 0.00
2331 1.88 1.27 0.00
2332 5.20 3.11 0.00
2333 176.57 25.57 0.00
2334 8.22 232.14 0.00
2335 2.79 0.46 0.00
2336 4.31 193.46 0.00
2337 3.50 6.68 0.00
2338 3.41 3.38 0.00
2339 452.79 42.22 0.00
2340 1.53 2.80 0.00
2341 2.34 0.59 0.00
2342 3.49 2.39 0.00
2343 4.21 4.23 0.00
2344 3.10 3.88 0.00
2345 2.07 0.75 0.00
2346 4.81 4.98 0.00
2347 1.58 5.11 0.00
2348 0.77 0.30 0.00
2349 2.59 2.66 0.00
2350 1.32 0.00 0.00
2351 1.48 0.43 0.00
2352 5.64 3.79 0.00
2353 4.12 69.38 0.00
2354 2.25 3.83 0.00
2355 12.61 19.13 0.00
2356 1.43 0.93 0.00
2357 4.20 7.55 0.00
2358 3.55 1.27 0.00
2359 559.79 47.73 0.00
2360 1.40 0.59 0.00
2361 4.38 0.95 0.00
2362 3.98 2.72 0.00
2363 2.43 2.29 0.00
2364 7.55 181.27 0.00
2365 3.30 154.94 0.00
2366 2.97 1.68 0.00
2367 3.66 7.42 0.00
2368 359.10 27.13 0.00
2369 2.17 2.08 0.00
2370 3.28 2.35 0.00
2371 1.47 0.75 0.00
2372 1.63 0.00 0.00
2373 2.04 2.88 0.00
2374 2.13 2.15 0.00
2375 2.12 0.00 0.00
2376 2.17 1.24 0.00
2377 2.22 1.49 0.00
2378 2.80 0.72 0.00
2379 1.44 2.37 0.00
2380 293.72 24.05 0.00
2381 2.29 0.30 0.00
2382 3.42 2.61 0.00
2383 2.55 3.49 0.00
2384 3.35 3.59 0.00
2385 9.22 287.43 0.00
2386 2.13 0.75 0.00
2387 270.14 25.79 0.00
2388 2.04 2.93 0.00
2389 139.80 19.29 0.00
2390 4.34 116.13 0.00
2391 183.69 21.21 0.00
2392 314.19 18.29 0.00
2393 4.66 1.81 0.00
2394 6.25 8.12 0.00
2395 5.33 309.55 0.00
2396 3.23 3.59 0.00
2397 7.28 139.62 0.00
2398 6.62 224.38 0.00
2399 2.78 3.57 0.00
2400 4.59 4.23 0.00
2401 2.42 0.88 0.00
2402 1.42 0.88 0.00
2403 2.27 1.11 0.00
2404 4.33 275.39 0.00
2405 1.91 0.30 0.00
2406 298.67 3.33 0.00
2407 1.70 0.72 0.00
2408 1.16 0.37 0.00
2409 2.74 2.95 0.00
2410 0.40 0.06 0.00
2411 2.11 1.60 0.00
2412 1.35 1.17 0.00
2413 1.08 2.21 0.00
2414 1.69 2.37 0.00
2415 1.51 1.27 0.00
2416 2.34 1.59 0.00
2417 1.10 0.65 0.00
2418 42.98 29.93 0.00
2419 2.10 4.16 0.00
2420 3.21 2.88 0.00
2421 3.52 2.43 0.00
2422 3.24 1.94 0.00
2423 4.19 2.58 0.00
2424 2.53 4.60 0.00
2425 140.61 20.40 0.00
2426 5.02 3.40 0.00
2427 387.09 275.78 0.00
2428 2.78 3.93 0.00
2429 5.68 4.99 0.00
2430 139.94 15.42 0.00
2431 135.13 8.75 0.00
2432 2.92 0.30 0.00
2433 1.21 0.82 0.00
2434 3.83 3.67 0.00
2435 3.58 1.92 0.00
2436 1.76 1.27 0.00
2437 4.28 7.80 0.00
2438 2.92 0.65 0.00
2439 3.27 2.66 0.00
2440 1.18 0.59 0.00
2441 9.98 447.39 0.00
2442 457.46 248.43 0.00
2443 3.08 2.93 0.00
2444 1.49 1.95 0.00
2445 14.21 289.29 0.00
2446 4.60 2.17 0.00
2447 4.37 7.62 0.00
2448 1.49 1.11 0.00
2449 2.75 2.44 0.00
2450 1.54 1.92 0.00
2451 471.05 156.95 0.00
2452 160.34 262.06 0.00
2453 9.77 299.55 0.00
2454 6.60 115.06 0.00
2455 1.94 22.18 0.00
2456 5.09 220.99 0.00
2457 6.08 367.82 0.00
2458 2.75 2.60 0.00
2459 2.01 2.15 0.00
2460 2.04 2.88 0.00
2461 2.59 1.00 0.00
2462 2.51 2.63 0.00
2463 2.85 1.81 0.00
2464 1.72 2.08 0.00
2465 6.43 277.87 0.00
2466 6.59 5.04 0.00
2467 199.08 26.09 0.00
2468 288.47 20.79 0.00
2469 2.85 2.95 0.00
2470 5.61 133.75 0.00
2471 2.92 0.59 0.00
2472 3.08 1.22 0.00
2473 5.48 123.13 0.00
2474 3.10 14.53 0.00
2475 2.42 0.89 0.00
2476 206.13 22.15 0.00
2477 9.70 245.54 0.00
2478 4.42 182.98 0.00
2479 4.09 3.51 0.00
2480 219.92 20.33 0.00
2481 11.08 18.89 0.00
2482 2.47 1.41 0.00
2483 2.22 0.00 0.00
2484 1.93 3.08 0.00
2485 1.77 1.19 0.00
2486 2.70 1.68 0.00
2487 5.90 183.57 0.00
2488 4.32 4.57 0.00
2489 4.32 5.08 0.00
2490 5.60 220.64 0.00
2491 4.12 2.70 0.00
2492 3.38 1.60 0.00
2493 1.97 2.80 0.00
2494 1.85 2.21 0.00
2495 166.06 14.18 0.00
2496 2.62 1.44 0.00
2497 2.13 5.18 0.00
2498 4.94 404.36 0.00
2499 3.01 4.50 0.00
2500 2.64 1.67 0.00
2501 178.35 14.00 0.00
2502 2.08 1.52 0.00
2503 5.82 4.86 0.00
2504 4.08 4.76 0.00
2505 1.10 0.82 0.00
2506 1.90 0.30 0.00
2507 1.67 0.30 0.00
2508 2.48 6.34 0.00
2509 2.30 2.21 0.00
2510 2.65 0.59 0.00
2511 169.31 14.35 0.00
2512 177.02 5.99 0.00
2513 9.17 306.54 0.00
2514 1.67 2.66 0.00
2515 3.64 1.51 0.00
2516 2.41 0.30 0.00
2517 2.51 4.00 0.00
2518 2.27 0.30 0.00
2519 6.55 251.95 0.00
2520 1.71 0.82 0.00
2521 1.82 0.00 0.00
2522 4.97 168.39 0.00
2523 1.42 1.02 0.00
2524 1.77 1.89 0.00
2525 29.44 20.78 0.00
2526 7.02 8.58 0.00
2527 7.29 9.46 0.00
2528 10.61 9.97 0.00
2529 34.55 80.73 0.00
2530 4.79 3.35 0.00
2531 4.43 2.36 0.00
2532 424.57 305.09 0.00
2533 2.88 40.70 0.00
2534 284.92 2.80 0.00
2535 1.10 0.87 0.00
2536 2.69 0.88 0.00
2537 2.18 4.30 0.00
2538 3.46 2.53 0.00
2539 2.43 2.12 0.00
2540 2.59 0.46 0.00
2541 3.23 4.83 0.00
2542 2.17 0.43 0.00
2543 1.58 0.43 0.00
2544 2.14 4.53 0.00
2545 1.62 0.43 0.00
2546 1.43 0.59 0.00
2547 3.00 10.35 0.00
2548 4.43 2.41 0.00
2549 6.48 215.54 0.00
2550 1.21 102.87 0.00
2551 2.96 0.43 0.00
2552 4.34 2.24 0.00
2553 3.24 1.24 0.00
2554 3.18 2.53 0.00
2555 4.22 0.59 0.00
2556 2.79 0.98 0.00
2557 3.32 5.53 0.00
2558 2.50 0.59 0.00
2559 4.18 3.11 0.00
2560 862.72 40.96 0.00
2561 343.19 181.79 0.00
2562 1.91 0.88 0.00
2563 2.69 2.80 0.00
2564 7.00 7.73 0.00
2565 8.94 383.24 0.00
2566 2.54 1.77 0.00
2567 4.39 6.22 0.00
2568 2.62 0.98 0.00
2569 1.73 2.39 0.00
2570 1.04 0.29 0.00
2571 2.03 0.00 0.00
2572 0.66 0.98 0.00
2573 2.13 2.48 0.00
2574 2.70 2.40 0.00
2575 0.91 0.30 0.00
2576 13.52 279.43 0.00
2577 11.16 562.53 0.00
2578 3.11 2.16 0.00
2579 2.12 2.15 0.00
2580 3.03 1.52 0.00
2581 6.67 175.55 0.00
2582 2.46 0.30 0.00
2583 3.17 1.11 0.00
2584 3.00 3.56 0.00
2585 3.19 2.37 0.00
2586 2.21 1.11 0.00
2587 3.81 5.54 0.00
2588 9.09 441.73 0.00
2589 6.55 339.41 0.00
2590 729.83 255.09 0.00
2591 216.43 35.31 0.00
2592 1.98 1.11 0.00
2593 3.83 258.88 0.00
2594 4.89 3.76 0.00
2595 3.74 132.16 0.00
2596 2.28 0.72 0.00
2597 1.99 0.00 0.00
2598 3.47 6.32 0.00
2599 3.38 4.28 0.00
2600 4.02 2.00 0.00
2601 3.91 2.70 0.00
2602 3.61 2.05 0.00
2603 2.78 2.04 0.00
2604 137.52 11.92 0.00
2605 210.68 19.80 0.00
2606 6.34 175.20 0.00
2607 4.12 5.80 0.00
2608 1.99 0.46 0.00
2609 2.06 2.15 0.00
2610 1.83 1.27 0.00
2611 2.33 0.43 0.00
2612 1.30 0.46 0.00
2613 2.21 1.24 0.00
2614 4.63 3.75 0.00
2615 233.47 20.81 0.00
2616 4.46 292.89 0.00
2617 7.51 203.44 0.00
2618 5.89 159.23 0.00
2619 6.27 40.03 0.00
2620 3.36 2.96 0.00
2621 1.15 0.51 0.00
2622 4.77 370.23 0.00
2623 2.67 3.48 0.00
2624 1.06 1.95 0.00
2625 2.21 1.67 0.00
2626 1.64 0.51 0.00
2627 606.58 51.09 0.00
2628 3.72 2.33 0.00
2629 8.83 72.81 0.00
2630 5.70 133.35 0.00
2631 4.48 4.39 0.00
2632 2.94 0.84 0.00
2633 2.84 1.46 0.00
2634 8.87 527.72 0.00
2635 2.38 0.59 0.00
2636 2.94 2.36 0.00
2637 3.37 6.04 0.00
2638 1.85 2.15 0.00
2639 3.61 3.97 0.00
2640 425.94 25.71 0.00
2641 17.95 36.84 0.00
2642 300.88 153.06 0.00
2643 6.44 249.45 0.00
2644 6.31 203.40 0.00
2645 3.37 30.78 0.00
2646 5.92 230.80 0.00
2647 5.28 233.17 0.00
2648 2.51 0.95 0.00
2649 1.90 3.23 0.00
2650 1.97 1.17 0.00
2651 3.53 3.14 0.00
2652 5.43 223.67 0.00
2653 1.93 1.20 0.00
2654 4.67 4.91 0.00
2655 9.21 659.28 0.00
2656 2.99 133.35 0.00
2657 2.24 5.54 0.00
2658 1.21 0.82 0.00
2659 8.22 401.39 0.00
2660 3.06 58.44 0.00
2661 2.68 2.88 0.00
2662 1.06 0.59 0.00
2663 1.95 0.59 0.00
2664 2.17 2.89 0.00
2665 290.32 25.47 0.00
2666 142.81 19.05 0.00
2667 644.90 39.23 0.00
2668 141.88 16.46 0.00
2669 4.72 4.22 0.00
2670 3.26 4.46 0.00
2671 5.57 216.36 0.00
2672 2.71 0.71 0.00
2673 1.31 1.17 0.00
2674 1.40 1.71 0.00
2675 3.05 2.67 0.00
2676 2.06 1.56 0.00
2677 3.08 7.12 0.00
2678 5.32 3.75 0.00
2679 6.51 278.31 0.00
2680 1.64 0.90 0.00
2681 6.17 6.07 0.00
2682 2.70 67.61 0.00
2683 10.92 20.75 0.00
2684 307.85 4.55 0.00
2685 1.85 0.98 0.00
2686 1.67 0.43 0.00
2687 1.75 5.78 0.00
2688 2.22 2.16 0.00
2689 3.65 4.57 0.00
2690 170.44 20.86 0.00
2691 6.55 206.89 0.00
2692 141.48 8.99 0.00
2693 8.34 13.18 0.00
2694 2.41 2.95 0.00
2695 348.11 43.31 0.00
2696 2.15 0.30 0.00
2697 3.82 6.96 0.00
2698 3.98 3.61 0.00
2699 4.01 3.83 0.00
2700 2.50 2.33 0.00
2701 2.34 1.10 0.00
2702 0.55 0.00 0.00
2703 2.63 3.79 0.00
2704 5.20 219.73 0.00
2705 1.32 27.30 0.00
2706 12.80 309.73 0.00
2707 5.21 196.60 0.00
2708 1.79 1.07 0.00
2709 5.00 6.33 0.00
2710 6.33 8.07 0.00
2711 11.34 15.01 0.00
2712 2.63 1.46 0.00
2713 1.10 1.73 0.00
2714 3.16 3.14 0.00
2715 3.25 1.94 0.00
2716 302.55 24.69 0.00
2717 2.23 5.36 0.00
2718 3.89 2.64 0.00
2719 545.95 28.76 0.00
2720 1.61 0.43 0.00
2721 2.40 0.98 0.00
2722 4.75 132.04 0.00
2723 2.53 1.23 0.00
2724 147.28 9.93 0.00
2725 1.86 0.71 0.00
2726 164.99 235.09 0.00
2727 4.12 8.39 0.00
2728 3.82 2.75 0.00
2729 4.28 134.10 0.00
2730 3.21 3.35 0.00
2731 2.01 3.07 0.00
2732 75.61 18.51 0.00
2733 1.00 0.81 0.00
2734 3.59 5.53 0.00
2735 1.40 0.75 0.00
2736 5.23 5.13 0.00
2737 241.35 7.05 0.00
2738 12.34 21.55 0.00
2739 128.84 286.21 0.00
2740 1.94 2.20 0.00
2741 4.63 2.33 0.00
2742 1.73 1.33 0.00
2743 4.83 3.40 0.00
2744 1.77 2.22 0.00
2745 2.71 2.88 0.00
2746 4.74 1.59 0.00
2747 163.67 14.04 0.00
2748 320.69 16.14 0.00
2749 3.82 2.18 0.00
2750 2.18 1.01 0.00
2751 6.31 70.21 0.00
2752 3.48 1.91 0.00
2753 6.47 248.79 0.00
2754 7.84 579.59 0.00
2755 2.32 0.46 0.00
2756 3.13 3.09 0.00
2757 263.81 14.51 0.00
2758 12.16 18.24 0.00
2759 3.30 3.52 0.00
2760 2.52 1.06 0.00
2761 2.13 0.00 0.00
2762 0.88 0.00 0.00
2763 134.93 242.95 0.00
2764 293.12 20.54 0.00
2765 212.48 25.27 0.00
2766 2.28 1.44 0.00
2767 1.30 0.30 0.00
2768 7.01 215.40 0.00
2769 4.83 6.04 0.00
2770 1.39 0.64 0.00
2771 1.43 0.75 0.00
2772 2.86 4.00 0.00
2773 1.97 1.17 0.00
2774 4.87 5.45 0.00
2775 363.94 240.43 0.00
2776 2.76 1.97 0.00
2777 4.04 11.31 0.00
2778 147.82 344.87 0.00
2779 8.29 173.65 0.00
2780 1.39 0.59 0.00
2781 5.53 3.46 0.00
2782 2.21 1.52 0.00
2783 2.63 1.33 0.00
2784 2.70 2.23 0.00
2785 1.83 0.59 0.00
2786 5.09 190.89 0.00
2787 2.54 30.86 0.00
2788 272.71 23.71 0.00
2789 3.20 3.83 0.00
2790 3.19 6.15 0.00
2791 281.63 15.11 0.00
2792 3.51 1.78 0.00
2793 169.53 6.31 0.00
2794 163.01 23.95 0.00
2795 4.57 2.69 0.00
2796 3.27 2.20 0.00
2797 1.90 5.36 0.00
2798 5.48 222.12 0.00
2799 3.94 4.81 0.00
2800 143.92 23.46 0.00
2801 6.67 134.23 0.00
2802 5.23 254.81 0.00
2803 2.07 0.65 0.00
2804 145.57 11.36 0.00
2805 139.35 16.57 0.00
2806 5.05 3.41 0.00
2807 3.08 6.99 0.00
2808 3.76 3.25 0.00
2809 2.64 2.34 0.00
2810 1.97 1.04 0.00
2811 2.39 1.40 0.00
2812 1.44 0.46 0.00
2813 3.65 3.82 0.00
2814 8.88 1383.41 0.00
2815 10.48 3036.01 0.00
2816 12.22 4743.84 0.00
2817 143.90 7058.77 0.00
2818 24.64 8645.22 0.00
2819 426.92 10929.24 0.00
2820 27.08 11415.56 0.00
2821 26.49 12583.01 0.00
2822 25.82 12190.07 0.00
2823 25.55 12032.85 0.00
2824 24.73 11945.17 0.00
2825 25.46 11478.95 0.00
2826 33.21 12326.26 0.00
2827 26.00 12653.73 0.00
2828 25.90 12179.87 0.00
2829 183.20 1206.09 0.00
2830 2.38 318.72 0.00
2831 39.92 13677.27 0.00
2832 182.20 13122.74 0.00
2833 36.55 13255.21 0.00
2834 27.49 12941.13 0.00
2835 28.48 13478.15 0.00
2836 32.69 13088.70 0.00
2837 25.55 11658.27 0.00
2838 25.68 12204.06 0.00
2839 27.01 12217.31 0.00
2840 38.96 14842.86 0.00
2841 38.66 14478.84 0.00
2842 28.00 14106.83 0.00
2843 147.61 6049.68 0.00
2844 8.43 3125.60 0.00
2845 13.45 7566.26 0.00
2846 20.33 11790.15 0.00
2847 30.03 16673.47 0.00
2848 20.88 13917.51 0.00
2849 25.87 11591.73 0.00
2850 25.39 12047.84 0.00
2851 21.76 10687.76 0.00
2852 32.94 17581.55 0.00
2853 173.16 19710.59 0.00
2854 37.67 17925.35 0.00
2855 28.42 13167.15 0.00
2856 159.70 13143.03 0.00
2857 26.29 13270.82 0.00
2858 28.57 13986.68 0.00
2859 29.56 13417.84 0.00
2860 32.89 13633.22 0.00
2861 36.25 13756.63 0.00
2862 28.63 13050.12 0.00
2863 28.13 13444.91 0.00
2864 28.23 13008.77 0.00
2865 29.29 13124.99 0.00
2866 9.59 2155.42 0.00
2867 1.61 2.13 0.00
2868 1.65 0.82 0.00
2869 33.13 188.95 0.00
2870 98.51 952.18 0.00
2871 17.35 3425.19 0.00
2872 23.10 5029.02 0.00
2873 12.60 5174.76 0.00
2874 13.15 4178.76 0.00
2875 6.90 3754.73 0.00
2876 13.27 1755.12 0.00
2877 4.66 1832.74 0.00
2878 3.39 1253.89 0.00
2879 4.69 1599.20 0.00
2880 6.68 4061.47 0.00
2881 8.70 3450.57 0.00
2882 3.21 2049.70 0.00
2883 6.79 3760.61 0.00
2884 8.85 4980.50 0.00
2885 10.34 8256.20 0.00
2886 17.61 9703.12 0.00
2887 17.48 11727.59 0.00
2888 15.72 10195.22 0.00
2889 13.29 7716.79 0.00
2890 17.93 12183.45 0.00
2891 19.88 13429.30 0.00
2892 19.53 10322.60 0.00
2893 18.60 11450.87 0.00
2894 7.28 4151.92 0.00
2895 7.25 2937.88 0.00
2896 8.78 4037.74 0.00
2897 10.34 5536.79 0.00
2898 10.33 5790.02 0.00
2899 3.80 1832.77 0.00
2900 3.18 1344.94 0.00
2901 7.59 2685.96 0.00
2902 23.76 15052.54 0.00
2903 19.97 15079.17 0.00
2904 19.74 14588.18 0.00
2905 20.59 16638.27 0.00
2906 17.89 12820.66 0.00
2907 17.86 11344.75 0.00
2908 13.51 7997.83 0.00
2909 15.01 7033.55 0.00
2910 26.23 13925.03 0.00
2911 26.29 15591.31 0.00
2912 21.73 13901.57 0.00
2913 22.10 16463.09 0.00
2914 22.63 16893.22 0.00
2915 8.61 5006.79 0.00
2916 34.59 26.31 0.00
2917 8.39 12.61 0.00
2918 2.66 1.04 0.00
2919 6.85 7.39 0.00
2920 3400.99 16.34 0.00
2921 765.68 0.97 0.00
2922 2828.96 41.44 0.00
2923 8015.89 27.00 0.00
2924 8.29 2510.65 0.00
2925 48.23 97.06 0.00
2926 2.24 0.64 0.00
2927 2.11 2.26 0.00
2928 7.64 5.67 0.00
2929 2.72 3.02 0.00
2930 1.96 0.18 0.00
2931 311.74 100.01 0.00
2932 355.88 1.26 0.00
2933 1.58 0.00 0.00
2934 3.20 2.64 0.00
2935 0.88 0.00 0.00
2936 4.62 11.00 0.00
2937 4.52 6.61 0.00
2938 2.22 2.44 0.00
2939 5.07 70.22 0.00
2940 3.36 2.36 0.00
2941 1.21 0.13 0.00
2942 2.77 0.00 0.00
2943 2.21 0.64 0.00
2944 1.84 1.82 0.00
2945 2.43 0.00 0.00
2946 2.60 4.54 0.00
2947 4.61 106.46 0.00
2948 3.31 114.22 0.00
2949 1.05 2.40 0.00
2950 0.88 0.00 0.00
2951 1.78 0.00 0.00
2952 0.66 0.62 0.00
2953 0.88 0.00 0.00
2954 3.24 4.78 0.00
2955 1.74 0.57 0.00
2956 1.07 0.00 0.00
2957 2.63 5.21 0.00
2958 1.00 0.51 0.00
2959 1.49 1.88 0.00
2960 5.79 1.06 0.00
2961 269.75 278.77 0.00
2962 4.53 3.49 0.00
2963 1.43 0.29 0.00
2964 549.48 22.35 0.00
2965 186.80 29.74 0.00
2966 226.67 31.95 0.00
2967 5.33 578.20 0.00
2968 2.60 2.65 0.00
2969 1.36 0.77 0.00
2970 1.44 2.39 0.00
2971 1.61 0.00 0.00
2972 0.99 1.78 0.00
2973 0.84 0.96 0.00
2974 4.57 3.18 0.00
2975 4.82 129.30 0.00
2976 0.91 3.85 0.00
2977 1.41 4.58 0.00
2978 1.97 0.13 0.00
2979 2.27 0.80 0.00
2980 2.97 1.64 0.00
2981 2.01 0.00 0.00
2982 4.02 2.67 0.00
2983 12.50 354.10 0.00
2984 2.47 1.51 0.00
2985 5.04 4.84 0.00
2986 3.69 1.30 0.00
2987 1.19 4.79 0.00
2988 1.74 0.80 0.00
2989 3.92 3.38 0.00
2990 1.86 2.02 0.00
2991 1.86 0.54 0.00
2992 0.84 0.13 0.00
2993 0.99 0.29 0.00
2994 4.00 1.51 0.00
2995 2.76 2.13 0.00
2996 0.52 0.00 0.00
2997 176.56 9.70 0.00
2998 315.29 28.34 0.00
2999 307.66 31.58 0.00
3000 136.77 9.79 0.00
3001 1.03 0.00 0.00
3002 1.59 0.00 0.00
3003 1.24 0.80 0.00
3004 1.92 0.00 0.00
3005 2.90 1.94 0.00
3006 2.41 3.45 0.00
3007 2.27 5.81 0.00
3008 2.79 2.87 0.00
3009 1.02 0.51 0.00
3010 2.40 1.97 0.00
3011 4.12 276.67 0.00
3012 1.16 1.29 0.00
3013 1.46 0.00 0.00
3014 2.86 1.56 0.00
3015 1.08 2.27 0.00
3016 0.82 0.17 0.00
3017 303.71 7.42 0.00
3018 31.46 7.94 0.00
3019 8.40 13.54 0.00
3020 10.43 17.38 0.00
3021 416.83 358.31 0.00
3022 5.32 4.93 0.00
3023 0.66 0.00 0.00
3024 0.66 0.86 0.00
3025 1.95 0.00 0.00
3026 1.41 0.42 0.00
3027 2.74 9.14 0.00
3028 1.46 0.30 0.00
3029 0.45 0.00 0.00
3030 0.63 1.94 0.00
3031 1.30 0.00 0.00
3032 1.27 1.84 0.00
3033 0.83 0.51 0.00
3034 1.22 0.00 0.00
3035 0.78 0.27 0.00
3036 1.46 2.59 0.00
3037 2.14 6.50 0.00
3038 4.91 354.75 0.00
3039 1.73 1.43 0.00
3040 4.27 2.39 0.00
3041 1.31 0.00 0.00
3042 7.37 243.42 0.00
3043 6.47 99.08 0.00
3044 1.12 1.15 0.00
3045 2.41 0.51 0.00
3046 1.24 0.42 0.00
3047 2.09 2.61 0.00
3048 5.18 308.08 0.00
3049 0.34 0.00 0.00
3050 0.41 0.00 0.00
3051 1.64 0.86 0.00
3052 1.08 1.84 0.00
3053 2.19 0.00 0.00
3054 2.03 1.38 0.00
3055 0.97 0.42 0.00
3056 1.89 0.42 0.00
3057 2.98 3.07 0.00
3058 0.84 2.13 0.00
3059 5.28 3.71 0.00
3060 12.55 817.95 0.00
3061 0.64 0.42 0.00
3062 1.56 1.68 0.00
3063 0.54 0.96 0.00
3064 1.84 9.92 0.00
3065 3.69 1.28 0.00
3066 0.85 1.09 0.00
3067 165.54 9.30 0.00
3068 324.05 14.04 0.00
3069 304.08 32.07 0.00
3070 1.23 0.54 0.00
3071 5.18 5.05 0.00
3072 5.40 200.62 0.00
3073 2.29 3.14 0.00
3074 1.22 0.62 0.00
3075 0.92 1.22 0.00
3076 0.74 0.42 0.00
3077 2.25 6.84 0.00
3078 1.79 3.28 0.00
3079 0.62 0.71 0.00
3080 0.74 0.42 0.00
3081 1.99 0.93 0.00
3082 1.07 2.19 0.00
3083 2.87 252.34 0.00
3084 1.63 33.81 0.00
3085 6.06 135.52 0.00
3086 9.39 29.67 0.00
3087 478.47 35.49 0.00
3088 190.96 35.18 0.00
3089 170.59 257.27 0.00
3090 3.41 3.75 0.00
3091 1.85 0.41 0.00
3092 1.80 2.26 0.00
3093 1.17 1.22 0.00
3094 2.35 2.19 0.00
3095 2.54 2.61 0.00
3096 0.96 1.09 0.00
3097 1.71 6.97 0.00
3098 3.48 1.86 0.00
3099 6.99 261.19 0.00
3100 4.55 132.44 0.00
3101 5.38 217.32 0.00
3102 2.86 5.49 0.00
3103 1.74 0.13 0.00
3104 1.42 1.28 0.00
3105 1.18 2.87 0.00
3106 1.48 0.54 0.00
3107 1.11 2.29 0.00
3108 1.06 5.64 0.00
3109 1.84 0.84 0.00
3110 6.29 225.46 0.00
3111 1.27 1.78 0.00
3112 5.29 347.17 0.00
3113 1.60 0.96 0.00
3114 0.98 1.00 0.00
3115 276.43 7.77 0.00
3116 180.03 43.36 0.00
3117 154.13 22.81 0.00
3118 1.56 1.92 0.00
3119 0.89 0.42 0.00
3120 2.89 228.76 0.00
3121 1.53 0.42 0.00
3122 1.84 4.03 0.00
3123 1.66 1.09 0.00
3124 985.70 21.18 0.00
3125 1.90 0.42 0.00
3126 2.70 1.22 0.00
3127 3.33 9.20 0.00
3128 2.88 6.29 0.00
3129 202.94 14.85 0.00
3130 3.35 1.76 0.00
3131 1.08 0.58 0.00
3132 2.43 3.20 0.00
3133 2.59 3.46 0.00
3134 0.84 0.87 0.00
3135 1.86 1.21 0.00
3136 5.36 190.17 0.00
3137 1.05 2.06 0.00
3138 6.14 219.53 0.00
3139 5.80 224.67 0.00
3140 1.79 0.77 0.00
3141 1.88 1.28 0.00
3142 2.29 3.25 0.00
3143 3.96 3.22 0.00
3144 0.54 1.14 0.00
3145 240.44 199.20 0.00
3146 3.15 4.68 0.00
3147 9.02 22.59 0.00
3148 3.34 164.16 0.00
3149 1.63 0.54 0.00
3150 4.11 249.84 0.00
3151 3.62 4.82 0.00
3152 2.47 3.41 0.00
3153 434.83 13.94 0.00
3154 148.39 34.14 0.00
3155 1.53 0.42 0.00
3156 0.41 0.93 0.00
3157 2.08 8.40 0.00
3158 1.33 0.58 0.00
3159 0.55 0.93 0.00
3160 0.74 0.42 0.00
3161 1.48 0.13 0.00
3162 1.15 3.08 0.00
3163 1.62 1.97 0.00
3164 0.73 0.71 0.00
3165 2.82 3.41 0.00
3166 3.51 2.21 0.00
3167 4.58 302.15 0.00
3168 9.35 17.29 0.00
3169 2.48 0.42 0.00
3170 1.03 0.54 0.00
3171 152.27 8.71 0.00
3172 154.73 17.99 0.00
3173 571.22 24.05 0.00
3174 0.84 1.38 0.00
3175 2.68 0.42 0.00
3176 2.20 1.41 0.00
3177 5.37 245.63 0.00
3178 3.07 6.40 0.00
3179 1.89 1.64 0.00
3180 4.03 4.07 0.00
3181 3.28 3.54 0.00
3182 169.57 16.44 0.00
3183 178.06 9.77 0.00
3184 3.78 249.14 0.00
3185 2.91 1.21 0.00
3186 3.56 131.39 0.00
3187 2.73 7.13 0.00
3188 3.49 5.75 0.00
3189 8.67 13.54 0.00
3190 308.18 1.38 0.00
3191 1.67 2.19 0.00
3192 2.06 4.15 0.00
3193 0.95 0.71 0.00
3194 1.44 0.99 0.00
3195 4.68 133.24 0.00
3196 4.83 5.28 0.00
3197 339.15 18.81 0.00
3198 11.25 18.66 0.00
3199 177.19 16.80 0.00
3200 4.65 223.07 0.00
3201 2.21 1.09 0.00
3202 1.95 2.61 0.00
3203 1.21 0.58 0.00
3204 160.25 11.52 0.00
3205 370.22 15.21 0.00
3206 4.47 3.14 0.00
3207 1.71 7.75 0.00
3208 2.22 1.97 0.00
3209 2.17 2.48 0.00
3210 2.14 2.18 0.00
3211 1.89 0.42 0.00
3212 3.76 3.78 0.00
3213 1.21 2.92 0.00
3214 2.50 0.83 0.00
3215 3.13 1.63 0.00
3216 3.94 3.95 0.00
3217 1.70 6.84 0.00
3218 1.85 0.00 0.00
3219 171.24 23.77 0.00
3220 1.77 0.99 0.00
3221 2.52 1.63 0.00
3222 2.70 4.02 0.00
3223 2.09 2.63 0.00
3224 4.66 219.42 0.00
3225 1.64 2.00 0.00
3226 529.12 23.26 0.00
3227 141.28 25.88 0.00
3228 1.51 1.21 0.00
3229 2.11 2.03 0.00
3230 0.83 0.58 0.00
3231 522.25 24.66 0.00
3232 2.62 3.81 0.00
3233 1.88 0.87 0.00
3234 2.43 1.98 0.00
3235 2.79 1.41 0.00
3236 3.84 3.40 0.00
3237 3.42 9.66 0.00
3238 3.07 3.35 0.00
3239 0.95 0.71 0.00
3240 0.85 0.51 0.00
3241 3.14 1.91 0.00
3242 1.47 2.53 0.00
3243 2.64 1.80 0.00
3244 1.30 1.22 0.00
3245 3.60 292.28 0.00
3246 3.37 1.27 0.00
3247 2.97 7.96 0.00
3248 2.80 2.17 0.00
3249 4.02 2.75 0.00
3250 160.87 10.25 0.00
3251 235.07 32.00 0.00
3252 4.89 5.62 0.00
3253 1.59 2.61 0.00
3254 2.06 1.88 0.00
3255 1.40 1.14 0.00
3256 2.69 3.50 0.00
3257 165.09 15.71 0.00
3258 496.34 23.03 0.00
3259 7.76 13.11 0.00
3260 1.83 1.06 0.00
3261 3.03 2.08 0.00
3262 1.63 4.10 0.00
3263 1.33 0.42 0.00
3264 1.63 1.80 0.00
3265 1.51 0.61 0.00
3266 1.08 0.58 0.00
3267 1.83 7.48 0.00
3268 2.88 277.99 0.00
3269 1.17 0.97 0.00
3270 0.84 1.22 0.00
3271 1.37 2.19 0.00
3272 1.80 2.26 0.00
3273 2.10 2.21 0.00
3274 3.22 293.63 0.00
3275 4.84 3.91 0.00
3276 341.82 277.45 0.00
3277 19.00 42.07 0.00
3278 2.91 3.41 0.00
3279 0.89 0.93 0.00
3280 1.37 0.54 0.00
3281 1.42 0.58 0.00
3282 4.33 131.58 0.00
3283 0.89 0.42 0.00
3284 1.44 2.19 0.00
3285 174.05 10.35 0.00
3286 173.37 33.67 0.00
3287 3.40 9.03 0.00
3288 5.13 3.24 0.00
3289 4.99 221.09 0.00
3290 2.16 3.08 0.00
3291 13.23 18.00 0.00
3292 2.78 3.42 0.00
3293 2.79 1.62 0.00
3294 1.77 2.92 0.00
3295 1.90 0.85 0.00
3296 2.15 1.69 0.00
3297 3.87 9.92 0.00
3298 0.77 1.84 0.00
3299 0.89 0.42 0.00
3300 2.38 1.64 0.00
3301 1.28 1.28 0.00
3302 6.32 278.30 0.00
3303 7.54 323.85 0.00
3304 1.40 1.32 0.00
3305 3.97 2.46 0.00
3306 0.92 1.38 0.00
3307 3.28 3.62 0.00
3308 3.08 1.83 0.00
3309 2.35 7.59 0.00
3310 0.92 0.54 0.00
3311 166.58 9.77 0.00
3312 1.87 8.66 0.00
3313 4132.59 21.08 0.00
3314 5425.12 11.24 0.00
3315 6056.73 14.75 0.00
3316 6007.87 13.01 0.00
3317 6482.42 22.95 0.00
3318 6498.96 20.84 0.00
3319 5991.62 31.77 0.00
3320 15408.05 649.32 0.00
3321 14300.56 296.68 0.00
3322 19298.45 291.79 0.00
3323 19428.81 51.75 0.00
3324 19117.70 37.90 0.00
3325 23347.44 56.43 0.00
3326 25485.30 374.96 0.00
3327 24655.68 279.81 0.00
3328 23740.11 45.76 0.00
3329 22711.75 47.50 0.00
3330 20618.17 42.08 0.00
3331 22668.16 62.95 0.00
3332 22150.17 182.47 0.00
3333 18016.11 534.27 0.00
3334 22440.71 48.63 0.00
3335 15246.46 39.11 0.00
3336 1000.30 4.62 0.00
3337 1906.03 13.29 0.00
3338 4555.81 16.28 0.00
3339 1.78 1.61 0.00
3340 1.54 0.35 0.00
3341 6.15 0.93 0.00
3342 2.72 4.76 0.00
3343 7059.74 23.79 0.00
3344 25536.68 52.01 0.00
3345 24728.09 48.85 0.00
3346 24696.50 46.95 0.00
3347 23843.25 53.54 0.00
3348 24267.84 331.33 0.00
3349 24280.61 482.43 0.00
3350 19358.41 41.49 0.00
3351 15365.74 50.16 0.00
3352 13134.48 318.74 0.00
3353 17317.07 58.80 0.00
3354 24991.36 50.79 0.00
3355 19095.00 51.35 0.00
3356 17639.50 34.83 0.00
3357 17168.51 41.24 0.00
3358 18118.75 37.55 0.00
3359 20949.54 49.81 0.00
3360 25480.57 51.05 0.00
3361 23368.66 42.44 0.00
3362 24141.74 46.81 0.00
3363 23678.18 47.62 0.00
3364 22622.41 52.12 0.00
3365 19151.19 47.07 0.00
3366 14061.88 42.05 0.00
3367 12003.44 30.11 0.00
3368 11833.01 24.23 0.00
3369 22166.56 68.01 0.00
3370 23104.49 46.56 0.00
3371 24483.11 48.98 0.00
3372 22805.72 51.98 0.00
3373 7923.41 16.27 0.00
3374 1.96 0.87 0.00
3375 17212.12 36.62 0.00
3376 24000.75 48.59 0.00
3377 21497.25 296.82 0.00
3378 18989.66 46.29 0.00
3379 19263.75 38.28 0.00
3380 19176.08 38.70 0.00
3381 24792.02 62.61 0.00
3382 25529.62 53.91 0.00
3383 22417.98 279.64 0.00
3384 19707.13 381.66 0.00
3385 17132.86 34.38 0.00
3386 18016.47 35.12 0.00
3387 22020.81 371.02 0.00
3388 23609.70 44.84 0.00
3389 20213.45 33.65 0.00
3390 23839.90 47.10 0.00
3391 15183.04 31.37 0.00
3392 27812.98 50.96 0.00
3393 17461.26 574.95 0.00
3394 12881.16 29.85 0.00
3395 11920.99 22.79 0.00
3396 13184.39 24.65 0.00
3397 12445.12 29.11 0.00
3398 12812.57 24.85 0.00
3399 12573.96 23.42 0.00
3400 13325.14 24.71 0.00
3401 12912.33 23.59 0.00
3402 11602.16 25.48 0.00
3403 9166.50 25.96 0.00
3404 6411.32 22.39 0.00
3405 6596.28 13.95 0.00
3406 6944.62 14.29 0.00
3407 6518.13 18.60 0.00
3408 5982.95 407.48 0.00
3409 138.22 35.47 0.00
3410 1.84 0.62 0.00
3411 8.58 567.85 0.00
3412 2.79 2.28 0.00
3413 2.75 0.54 0.00
3414 1.73 0.99 0.00
3415 1.08 0.42 0.00
3416 1.64 0.42 0.00
3417 5.14 5.90 0.00
3418 1.23 1.84 0.00
3419 0.55 0.42 0.00
3420 1.62 0.93 0.00
3421 2.48 0.42 0.00
3422 3.15 2.27 0.00
3423 0.66 0.98 0.00
3424 1.31 0.42 0.00
3425 2.41 0.42 0.00
3426 0.63 0.93 0.00
3427 1.60 3.91 0.00
3428 1.94 0.45 0.00
3429 1.02 0.93 0.00
3430 1.17 0.42 0.00
3431 1.57 0.42 0.00
3432 1.41 2.78 0.00
3433 1.43 1.84 0.00
3434 2.17 0.42 0.00
3435 0.93 0.93 0.00
3436 1.11 0.42 0.00
3437 3.25 3.62 0.00
3438 1.44 1.00 0.00
3439 1.10 0.42 0.00
3440 4.12 0.42 0.00
3441 2.40 0.93 0.00
3442 2.22 2.08 0.00
3443 2.67 0.47 0.00
3444 1.50 0.93 0.00
3445 1.41 0.42 0.00
3446 2.01 0.42 0.00
3447 1.71 4.47 0.00
3448 1.22 1.84 0.00
3449 0.55 0.42 0.00
3450 1.07 0.93 0.00
3451 1.08 0.42 0.00
3452 1.32 2.13 0.00
3453 0.96 0.93 0.00
3454 1.42 0.42 0.00
3455 0.63 0.42 0.00
3456 0.41 0.93 0.00
3457 1.71 3.49 0.00
3458 0.54 0.42 0.00
3459 0.97 0.93 0.00
3460 1.36 0.42 0.00
3461 0.62 0.42 0.00
3462 1.73 4.15 0.00
3463 0.55 0.42 0.00
3464 0.33 0.42 0.00
3465 1.40 0.93 0.00
3466 0.72 0.00 0.00
3467 1.66 3.58 0.00
3468 2.00 1.03 0.00
3469 1.87 0.42 0.00
3470 3.64 66.85 0.00
3471 1.85 1.22 0.00
3472 3.69 3.82 0.00
3473 2.66 1.04 0.00
3474 2.95 2.11 0.00
3475 14.32 10.42 0.00
3476 1.24 0.69 0.00
3477 2.33 2.73 0.00
3478 1.45 1.84 0.00
3479 1.85 0.54 0.00
3480 0.69 0.99 0.00
3481 2.23 1.00 0.00
3482 2.41 3.28 0.00
3483 2.00 0.93 0.00
3484 0.79 0.48 0.00
3485 2.37 0.39 0.00
3486 1.67 0.99 0.00
3487 0.33 0.39 0.00
3488 1.14 0.81 0.00
3489 1.50 1.01 0.00
3490 0.98 0.54 0.00
3491 1.16 0.53 0.00
3492 1.40 1.07 0.00
3493 0.44 1.84 0.00
3494 0.55 0.42 0.00
3495 2.55 1.22 0.00
3496 1.80 1.48 0.00
3497 1.39 1.02 0.00
3498 3.25 2.51 0.00
3499 1.09 0.88 0.00
3500 0.86 0.42 0.00
3501 2.10 0.93 0.00
3502 0.55 0.42 0.00
3503 1.31 0.61 0.00
3504 0.99 1.26 0.00
3505 0.63 0.42 0.00
3506 1.19 0.42 0.00
3507 1.75 3.01 0.00
3508 0.33 0.61 0.00
3509 1.11 0.42 0.00
3510 0.55 0.93 0.00
3511 1.23 0.87 0.00
3512 1.34 0.61 0.00
3513 0.55 0.93 0.00
3514 0.43 0.42 0.00
3515 1.94 1.06 0.00
3516 0.85 0.93 0.00
3517 0.55 0.42 0.00
3518 3.84 1.19 0.00
3519 4.62 4.21 0.00
3520 0.63 0.42 0.00
3521 2.34 0.42 0.00
3522 10.76 850.81 0.00
3523 7.55 7.02 0.00
3524 7.23 310.85 0.00
3525 2.54 2.34 0.00
3526 29.04 2105.91 0.00
