0 2.04 0.00 1.53 11.70 0.00 0.00 0.51 0.00 0.00 84.22
1 0.50 0.00 0.50 1.26 0.00 0.00 0.00 0.00 0.00 97.73
2 41.99 0.00 4.72 1.57 0.00 0.00 0.79 0.00 0.00 50.92
3 38.64 0.00 2.61 0.00 0.00 0.00 0.52 0.00 0.00 58.22
4 37.70 0.00 3.74 0.00 0.00 0.00 0.80 0.00 0.00 57.75
5 30.89 0.00 1.63 1.08 0.00 0.00 2.17 0.00 0.00 64.23
6 18.97 0.00 3.79 2.71 0.00 0.00 1.63 0.00 0.00 72.90
7 33.69 0.00 1.07 2.41 0.00 0.00 2.94 0.00 0.00 59.89
8 36.75 0.00 3.41 3.94 0.00 0.00 1.05 0.00 0.00 54.86
9 26.30 0.00 4.43 7.03 0.00 0.00 0.78 0.00 0.00 61.46
10 9.45 0.00 6.82 12.07 0.00 0.00 0.26 0.00 0.00 71.39
11 37.43 0.00 3.21 1.34 0.00 0.27 1.60 0.00 0.00 56.15
12 28.76 0.00 3.63 1.30 0.00 0.00 0.78 0.00 0.00 65.54
13 38.02 0.00 7.29 2.34 0.00 0.00 0.26 0.00 0.00 52.08
14 6.20 0.00 3.50 0.00 0.00 0.00 0.54 0.00 0.00 89.76
15 1.77 0.00 1.26 3.28 0.00 0.25 0.00 0.00 0.00 93.43
16 1.27 0.00 1.77 0.00 0.00 0.00 0.25 0.00 0.00 96.71
17 2.80 0.00 0.76 5.09 0.00 0.25 0.25 0.00 0.00 90.84
18 0.50 0.00 0.76 0.00 0.00 0.00 0.25 0.00 0.00 98.49
19 0.25 0.00 0.25 0.00 0.00 0.00 0.00 0.00 0.00 99.49
20 2.84 0.00 1.03 2.58 0.00 0.00 0.00 0.00 0.00 93.56
21 1.80 0.00 1.54 0.00 0.00 0.00 0.26 0.00 0.00 96.40
22 3.38 0.00 1.30 0.00 0.00 0.26 0.26 0.00 0.00 94.81
23 1.78 0.00 0.76 0.00 0.00 0.00 0.25 0.00 0.00 97.20
24 0.52 0.00 0.78 0.00 0.00 0.00 0.26 0.00 0.00 98.45
25 0.50 0.00 0.25 0.00 0.00 0.00 0.00 0.00 0.00 99.24
26 0.25 0.00 0.51 0.00 0.00 0.00 0.00 0.00 0.00 99.24
27 1.78 0.00 0.00 3.56 0.00 0.00 0.00 0.00 0.00 94.66
28 0.25 0.00 0.00 0.00 0.00 0.00 0.00 0.00 0.00 99.75
29 0.25 0.00 0.00 0.00 0.00 0.00 0.00 0.00 0.00 99.75
30 0.50 0.00 0.25 0.00 0.00 0.00 0.25 0.00 0.00 98.99
31 0.50 0.00 0.75 0.00 0.00 0.00 0.25 0.00 0.00 98.50
32 0.51 0.00 0.51 0.25 0.00 0.00 0.25 0.00 0.00 98.48
33 1.02 0.00 0.26 0.00 0.00 0.00 0.26 0.00 0.00 98.47
34 0.51 0.00 0.25 0.00 0.00 0.00 0.25 0.00 0.00 98.98
35 0.25 0.00 0.51 1.01 0.00 0.00 0.76 0.00 0.00 97.47
36 0.76 0.00 0.50 0.00 0.00 0.00 0.25 0.00 0.00 98.49
37 0.51 0.00 0.51 3.81 0.00 0.00 0.00 0.00 0.00 95.18
38 0.51 0.00 0.00 0.00 0.00 0.00 0.25 0.00 0.00 99.24
39 0.51 0.00 0.51 0.00 0.00 0.00 0.51 0.00 0.00 98.48
40 0.25 0.00 0.00 0.00 0.00 0.00 0.76 0.00 0.00 98.99
41 0.00 0.00 0.00 0.00 0.00 0.00 0.51 0.00 0.00 99.49
42 0.77 0.00 0.51 2.30 0.00 0.00 0.26 0.00 0.00 96.17
43 0.00 0.00 0.25 0.00 0.00 0.00 1.01 0.00 0.00 98.73
44 0.25 0.00 0.25 0.00 0.00 0.00 0.51 0.00 0.00 98.98
45 2.28 0.00 0.51 0.00 0.00 0.00 0.51 0.00 0.00 96.70
46 0.51 0.00 0.25 0.00 0.00 0.00 0.51 0.00 0.00 98.73
47 1.27 0.00 0.76 3.55 0.00 0.00 0.51 0.00 0.00 93.91
48 0.25 0.00 0.25 0.00 0.00 0.00 0.25 0.00 0.00 99.24
49 0.25 0.00 0.25 0.00 0.00 0.00 1.01 0.00 0.00 98.49
50 0.25 0.00 0.25 1.02 0.00 0.00 0.76 0.00 0.00 97.72
51 0.25 0.00 0.25 0.00 0.00 0.00 0.25 0.00 0.00 99.24
52 0.51 0.00 0.25 0.00 0.00 0.00 1.01 0.00 0.00 98.23
53 0.51 0.00 0.26 0.00 0.00 0.00 0.51 0.00 0.00 98.72
54 4.60 0.00 0.00 0.00 0.00 0.00 0.51 0.00 0.00 94.88
55 9.74 0.00 0.77 0.26 0.00 0.00 0.00 0.00 0.00 89.23
56 0.25 0.00 0.51 0.00 0.00 0.00 0.00 0.00 0.00 99.24
57 1.01 0.00 0.75 0.50 0.00 0.00 0.00 0.00 0.00 97.74
58 0.00 0.00 0.76 3.53 0.00 0.00 0.25 0.00 0.00 95.47
59 0.00 0.00 0.25 0.00 0.00 0.00 0.00 0.00 0.00 99.75
60 0.50 0.00 0.75 0.00 0.00 0.00 0.25 0.00 0.00 98.50
61 3.56 0.00 1.02 10.18 0.00 0.00 0.25 0.00 0.00 84.99
62 0.75 0.00 0.50 0.25 0.00 0.00 0.25 0.00 0.00 98.24
63 0.75 0.00 0.50 0.00 0.00 0.00 0.00 0.00 0.00 98.74
64 0.00 0.00 0.25 0.00 0.00 0.00 0.76 0.00 0.00 98.99
65 0.51 0.00 0.25 1.01 0.00 0.00 0.76 0.00 0.00 97.47
66 0.77 0.00 0.26 0.00 0.00 0.00 0.51 0.00 0.00 98.47
67 1.53 0.00 0.51 0.26 0.00 0.00 1.02 0.00 0.00 96.68
68 0.77 0.00 0.51 3.57 0.00 0.00 0.00 0.00 0.00 95.15
69 0.50 0.00 0.50 0.00 0.00 0.00 0.25 0.00 0.00 98.74
70 0.25 0.00 0.25 0.00 0.00 0.00 0.25 0.00 0.00 99.24
71 0.50 0.00 0.25 0.00 0.00 0.00 0.00 0.00 0.00 99.24
72 0.25 0.00 0.51 0.25 0.00 0.00 0.51 0.00 0.00 98.48
73 0.76 0.00 0.25 0.00 0.00 0.00 1.51 0.00 0.00 97.48
74 1.01 0.00 0.25 0.00 0.00 0.00 0.51 0.00 0.00 98.23
75 0.26 0.00 0.26 0.00 0.00 0.00 0.77 0.00 0.00 98.72
76 0.25 0.00 0.25 0.00 0.00 0.00 0.25 0.00 0.00 99.24
77 2.31 0.00 0.77 3.86 0.00 0.00 1.03 0.00 0.00 92.03
78 1.79 0.00 0.51 0.00 0.00 0.00 1.28 0.00 0.00 96.42
79 0.25 0.00 0.50 0.00 0.00 0.00 1.26 0.00 0.00 97.98
80 0.25 0.00 0.25 0.00 0.00 0.25 0.25 0.00 0.00 98.99
81 1.01 0.00 0.50 0.00 0.00 0.00 0.00 0.00 0.00 98.49
82 0.25 0.00 0.50 0.25 0.00 0.00 0.25 0.00 0.00 98.74
83 0.25 0.00 0.25 0.00 0.00 0.00 0.25 0.00 0.00 99.24
84 0.25 0.00 0.25 0.00 0.00 0.00 0.25 0.00 0.00 99.24
85 0.50 0.00 0.50 0.50 0.00 0.00 0.00 0.00 0.00 98.49
86 1.01 0.00 0.25 0.00 0.00 0.00 0.25 0.00 0.00 98.49
87 0.51 0.00 0.51 3.54 0.00 0.00 0.00 0.00 0.00 95.44
88 1.27 0.00 0.76 0.00 0.00 0.00 0.25 0.00 0.00 97.72
89 0.25 0.00 0.00 0.00 0.00 0.00 1.02 0.00 0.00 98.73
90 0.00 0.00 0.51 0.00 0.00 0.00 1.01 0.00 0.00 98.48
91 0.51 0.00 0.25 0.00 0.00 0.00 0.00 0.00 0.00 99.24
92 1.77 0.00 0.51 0.00 0.00 0.00 0.51 0.00 0.00 97.22
93 0.51 0.00 0.25 0.00 0.00 0.00 0.25 0.00 0.00 98.99
94 0.25 0.00 0.51 0.00 0.00 0.00 0.25 0.00 0.00 98.98
95 0.76 0.00 0.00 1.01 0.00 0.00 1.01 0.00 0.00 97.22
96 0.51 0.00 0.25 0.00 0.00 0.00 0.25 0.00 0.00 98.99
97 0.25 0.00 0.51 3.80 0.00 0.00 0.76 0.00 0.00 94.68
98 0.00 0.00 0.76 0.25 0.00 0.00 0.25 0.00 0.00 98.73
99 2.55 0.00 0.26 0.00 0.00 0.00 0.77 0.00 0.00 96.43
100 3.03 0.00 0.25 0.00 0.00 0.25 0.00 0.00 0.00 96.46
101 0.50 0.00 0.25 0.00 0.00 0.00 0.25 0.00 0.00 98.99
102 0.51 0.00 0.00 0.00 0.00 0.00 0.00 0.00 0.00 99.49
103 1.79 0.00 0.00 0.00 0.00 0.00 0.26 0.00 0.00 97.95
104 1.52 0.00 0.51 0.00 0.00 0.00 0.25 0.00 0.00 97.72
105 0.75 0.00 0.50 0.00 0.00 0.00 0.25 0.00 0.00 98.49
106 0.00 0.00 0.25 0.00 0.00 0.00 0.00 0.00 0.00 99.75
107 0.51 0.00 0.51 3.55 0.00 0.00 0.51 0.00 0.00 94.92
108 0.25 0.00 0.76 0.00 0.00 0.00 0.00 0.00 0.00 98.99
109 0.25 0.00 0.25 0.00 0.00 0.00 0.25 0.00 0.00 99.24
110 1.52 0.00 0.51 0.00 0.00 0.00 0.00 0.00 0.00 97.97
111 0.25 0.00 0.25 0.00 0.00 0.00 0.25 0.00 0.00 99.24
112 0.26 0.00 0.26 0.00 0.00 0.00 0.26 0.00 0.00 99.23
113 0.00 0.00 0.50 0.00 0.00 0.00 0.25 0.00 0.00 99.25
114 0.50 0.00 0.00 0.00 0.00 0.00 0.25 0.00 0.00 99.24
115 9.14 0.00 1.02 0.25 0.00 0.00 0.25 0.00 0.00 89.34
116 1.76 0.00 0.50 0.00 0.00 0.00 0.25 0.00 0.00 97.48
117 0.25 0.00 0.50 0.00 0.00 0.00 0.25 0.00 0.00 98.99
118 0.51 0.00 0.51 3.81 0.00 0.00 0.51 0.00 0.00 94.67
119 0.50 0.00 0.25 0.00 0.00 0.25 0.25 0.00 0.00 98.75
120 2.82 0.00 0.77 7.95 0.00 0.00 0.51 0.00 0.00 87.95
121 1.01 0.00 0.51 2.27 0.00 0.00 0.00 0.00 0.00 96.21
122 0.50 0.00 0.50 0.25 0.00 0.00 0.50 0.00 0.00 98.24
123 0.25 0.00 0.25 0.00 0.00 0.00 0.00 0.00 0.00 99.49
124 0.50 0.00 0.25 0.00 0.00 0.00 0.25 0.00 0.00 98.99
125 1.28 0.00 0.51 0.77 0.00 0.00 0.26 0.00 0.00 97.19
126 6.35 0.00 0.26 16.14 0.00 0.00 1.32 0.00 0.00 75.93
127 1.79 0.00 0.51 0.00 0.00 0.00 0.77 0.00 0.00 96.92
128 0.25 0.00 0.50 11.84 0.00 0.25 0.25 0.00 0.00 86.90
129 0.25 0.00 0.25 0.00 0.00 0.00 0.00 0.00 0.00 99.49
130 0.00 0.00 0.25 0.00 0.00 0.00 0.25 0.00 0.00 99.49
131 0.25 0.00 0.25 0.00 0.00 0.00 0.00 0.00 0.00 99.50
132 1.53 0.00 0.76 0.25 0.00 0.00 0.00 0.00 0.00 97.46
133 0.50 0.00 0.25 0.00 0.00 0.00 0.25 0.00 0.00 98.99
134 0.00 0.00 0.51 0.00 0.00 0.00 0.00 0.00 0.00 99.49
135 0.50 0.00 0.50 0.00 0.00 0.00 0.25 0.00 0.00 98.75
136 0.50 0.00 0.50 0.00 0.00 0.00 0.25 0.00 0.00 98.74
137 0.76 0.00 0.25 3.56 0.00 0.00 0.25 0.00 0.00 95.17
138 0.51 0.00 0.25 0.00 0.00 0.00 0.00 0.00 0.00 99.24
139 1.00 0.00 0.00 0.00 0.00 0.00 0.50 0.00 0.00 98.50
140 0.50 0.00 0.75 0.00 0.00 0.00 0.00 0.00 0.00 98.74
141 1.53 0.00 0.25 0.00 0.00 0.00 0.51 0.00 0.00 97.71
142 1.26 0.00 0.25 0.25 0.00 0.00 0.00 0.00 0.00 98.23
143 0.76 0.00 0.25 0.00 0.00 0.00 0.00 0.00 0.00 98.99
144 0.00 0.00 0.26 0.00 0.00 0.00 1.29 0.00 0.00 98.46
145 0.25 0.00 0.25 0.00 0.00 0.00 0.25 0.00 0.00 99.24
146 1.52 0.00 0.25 0.00 0.00 0.00 0.51 0.00 0.00 97.72
147 1.28 0.00 0.26 3.57 0.00 0.00 0.00 0.00 0.00 94.90
148 0.76 0.00 0.25 0.00 0.00 0.00 0.00 0.00 0.00 98.98
149 0.25 0.00 0.50 0.00 0.00 0.00 0.25 0.00 0.00 99.00
150 0.51 0.00 0.25 0.00 0.00 0.00 0.00 0.00 0.00 99.24
151 1.27 0.00 0.25 0.00 0.00 0.00 0.00 0.00 0.00 98.48
152 1.78 0.00 0.00 0.25 0.00 0.00 0.00 0.00 0.00 97.97
153 0.50 0.00 0.75 0.00 0.00 0.00 0.00 0.00 0.00 98.75
154 1.51 0.00 0.25 0.00 0.00 0.00 0.25 0.00 0.00 97.99
155 0.76 0.00 0.25 1.02 0.00 0.00 0.00 0.00 0.00 97.97
156 0.00 0.00 0.50 0.00 0.00 0.00 0.25 0.00 0.00 99.24
157 1.76 0.00 0.00 3.53 0.00 0.25 0.00 0.00 0.00 94.46
158 0.00 0.00 0.26 11.99 0.00 0.00 0.26 0.00 0.00 87.50
159 0.50 0.00 0.25 0.00 0.00 0.00 0.00 0.00 0.00 99.24
160 1.01 0.00 0.50 0.00 0.00 0.00 0.00 0.00 0.00 98.49
161 0.25 0.00 0.25 0.00 0.00 0.00 0.25 0.00 0.00 99.25
162 0.50 0.00 0.50 0.00 0.00 0.00 0.00 0.00 0.00 98.99
163 0.25 0.00 0.00 0.00 0.00 0.00 0.00 0.00 0.00 99.75
164 1.28 0.00 0.51 0.00 0.00 0.00 0.00 0.00 0.00 98.21
165 10.28 0.00 4.88 0.00 0.00 0.00 0.26 0.00 0.00 84.58
166 0.25 0.00 0.50 0.00 0.00 0.00 0.00 0.00 0.00 99.24
167 0.76 0.00 0.00 0.25 0.00 0.00 0.00 0.00 0.00 98.99
168 2.04 0.00 0.77 3.32 0.00 0.00 0.26 0.00 0.00 93.62
169 0.75 0.00 0.00 0.00 0.00 0.00 0.00 0.00 0.00 99.25
170 0.51 0.00 0.25 0.00 0.00 0.00 0.25 0.00 0.00 98.99
171 0.51 0.00 0.00 0.00 0.00 0.00 0.51 0.00 0.00 98.99
172 0.50 0.00 0.25 0.25 0.00 0.00 0.25 0.00 0.00 98.74
173 0.76 0.00 0.25 0.00 0.00 0.00 0.25 0.00 0.00 98.74
174 3.05 0.00 0.25 0.00 0.00 0.00 0.00 0.00 0.00 96.70
175 9.95 0.00 1.02 0.26 0.00 0.00 0.26 0.00 0.00 88.52
176 0.51 0.00 0.25 0.00 0.00 0.00 0.00 0.00 0.00 99.24
177 1.52 0.00 0.51 3.80 0.00 0.00 0.25 0.00 0.00 93.92
178 0.51 0.00 0.25 0.00 0.00 0.00 0.25 0.00 0.00 98.99
179 0.00 0.00 0.50 0.00 0.00 0.00 0.25 0.00 0.00 99.24
180 0.51 0.00 0.00 0.00 0.00 0.00 0.51 0.00 0.00 98.98
181 4.86 0.00 0.26 9.46 0.00 0.00 0.51 0.00 0.00 84.91
182 0.76 0.00 0.50 0.25 0.00 0.00 0.25 0.00 0.00 98.24
183 1.53 0.00 0.26 0.00 0.00 0.00 0.26 0.00 0.00 97.95
184 0.51 0.00 0.00 0.00 0.00 0.00 0.25 0.00 0.00 99.24
185 0.25 0.00 0.76 1.01 0.00 0.00 0.50 0.00 0.00 97.48
186 0.25 0.00 0.00 0.00 0.00 0.00 0.00 0.00 0.00 99.75
187 1.52 0.00 1.02 3.55 0.00 0.00 0.00 0.00 0.00 93.91
188 0.50 0.00 0.25 0.00 0.00 0.00 0.00 0.00 0.00 99.24
189 1.01 0.00 0.50 0.00 0.00 0.00 0.25 0.00 0.00 98.24
190 0.50 0.00 0.25 0.00 0.00 0.00 0.25 0.00 0.00 98.99
191 0.00 0.00 0.25 0.00 0.00 0.00 0.00 0.00 0.00 99.75
192 0.50 0.00 0.25 0.25 0.00 0.00 0.00 0.00 0.00 98.99
193 0.76 0.00 0.51 0.00 0.00 0.00 0.25 0.00 0.00 98.48
194 0.50 0.00 0.50 0.00 0.00 0.00 0.00 0.00 0.00 99.00
195 0.25 0.00 0.25 0.00 0.00 0.00 0.00 0.00 0.00 99.49
196 0.50 0.00 0.50 0.00 0.00 0.00 0.25 0.00 0.00 98.74
197 1.26 0.00 0.25 3.54 0.00 0.00 0.25 0.00 0.00 94.70
198 0.76 0.00 0.50 0.00 0.00 0.00 0.00 0.00 0.00 98.74
199 0.00 0.00 0.76 0.00 0.00 0.00 0.25 0.00 0.00 98.99
200 0.75 0.00 0.25 0.00 0.00 0.00 0.25 0.00 0.00 98.74
201 0.25 0.00 0.50 0.00 0.00 0.00 0.00 0.00 0.00 99.24
202 0.75 0.00 0.75 0.25 0.00 0.25 0.00 0.00 0.00 98.00
203 1.02 0.00 0.51 0.00 0.00 0.00 0.00 0.00 0.00 98.47
204 0.25 0.00 0.25 0.00 0.00 0.00 0.00 0.00 0.00 99.50
205 0.50 0.00 0.25 0.00 0.00 0.00 0.00 0.00 0.00 99.25
206 0.50 0.00 0.50 0.00 0.00 0.00 0.50 0.00 0.00 98.49
207 0.76 0.00 0.76 2.27 0.00 0.00 0.25 0.00 0.00 95.96
208 0.25 0.00 0.00 3.79 0.00 0.00 0.25 0.00 0.00 95.71
209 0.00 0.00 0.51 0.00 0.00 0.00 0.00 0.00 0.00 99.49
210 0.50 0.00 0.50 0.00 0.00 0.00 0.00 0.00 0.00 98.99
211 0.50 0.00 0.00 0.00 0.00 0.00 0.25 0.00 0.00 99.25
212 0.25 0.00 0.50 0.25 0.00 0.00 0.00 0.00 0.00 98.99
213 0.25 0.00 0.00 0.00 0.00 0.00 0.25 0.00 0.00 99.49
214 0.51 0.00 0.51 0.00 0.00 0.00 0.25 0.00 0.00 98.74
215 0.25 0.00 0.51 1.01 0.00 0.00 0.00 0.00 0.00 98.23
216 1.52 0.00 0.51 0.00 0.00 0.00 0.25 0.00 0.00 97.72
217 0.25 0.00 0.25 0.00 0.00 0.00 0.00 0.00 0.00 99.49
218 1.27 0.00 0.51 3.55 0.00 0.00 0.25 0.00 0.00 94.42
219 0.76 0.00 0.25 0.00 0.00 0.00 0.00 0.00 0.00 98.98
220 0.50 0.00 0.50 0.00 0.00 0.00 0.25 0.00 0.00 98.75
221 0.76 0.00 0.00 0.00 0.00 0.00 0.00 0.00 0.00 99.24
222 1.26 0.00 0.25 0.00 0.00 0.00 0.25 0.00 0.00 98.23
223 0.00 0.00 0.25 0.00 0.00 0.00 0.25 0.00 0.00 99.49
224 0.51 0.00 0.00 0.00 0.00 0.00 0.00 0.00 0.00 99.49
225 0.50 0.00 0.50 0.00 0.00 0.25 0.00 0.00 0.00 98.74
226 0.25 0.00 0.25 0.00 0.00 0.00 0.00 0.00 0.00 99.49
227 0.50 0.00 0.25 0.25 0.00 0.00 0.25 0.00 0.00 98.74
228 2.05 0.00 1.28 3.33 0.00 0.00 0.00 0.00 0.00 93.33
229 0.25 0.00 0.25 0.00 0.00 0.00 0.00 0.00 0.00 99.49
230 0.25 0.00 0.25 0.00 0.00 0.00 0.00 0.00 0.00 99.50
231 0.25 0.00 0.25 0.00 0.00 0.00 0.00 0.00 0.00 99.49
232 0.50 0.00 0.50 0.25 0.00 0.00 0.25 0.00 0.00 98.49
233 0.50 0.00 0.00 0.00 0.00 0.00 0.00 0.00 0.00 99.50
234 0.25 0.00 0.25 0.00 0.00 0.00 0.00 0.00 0.00 99.50
235 7.99 0.00 0.77 0.00 0.00 0.00 0.00 0.00 0.00 91.24
236 0.50 0.00 0.75 0.00 0.00 0.00 0.00 0.00 0.00 98.75
237 1.00 0.00 0.50 3.76 0.00 0.00 0.25 0.00 0.00 94.49
238 0.25 0.00 0.25 0.00 0.00 0.00 0.00 0.00 0.00 99.49
239 0.50 0.00 0.25 0.00 0.00 0.00 0.00 0.00 0.00 99.24
240 2.03 0.00 0.76 7.59 0.00 0.00 0.25 0.00 0.00 89.37
241 0.25 0.00 0.25 2.78 0.00 0.00 0.00 0.00 0.00 96.71
242 0.51 0.00 0.25 0.00 0.00 0.00 0.25 0.00 0.00 98.98
243 0.50 0.00 0.50 0.00 0.00 0.00 0.00 0.00 0.00 98.99
244 0.25 0.00 0.51 0.00 0.00 0.00 0.25 0.00 0.00 98.99
245 0.25 0.00 0.00 1.02 0.00 0.00 0.51 0.00 0.00 98.22
246 0.25 0.00 0.51 0.00 0.00 0.00 0.25 0.00 0.00 98.99
247 2.78 0.00 0.76 3.79 0.00 0.00 0.25 0.00 0.00 92.42
248 0.26 0.00 0.00 0.00 0.00 0.00 0.26 0.00 0.00 99.49
249 1.52 0.00 1.01 0.00 0.00 0.00 0.25 0.00 0.00 97.22
250 0.25 0.00 0.00 0.00 0.00 0.00 0.25 0.00 0.00 99.49
251 0.51 0.00 0.25 0.00 0.00 0.00 0.00 0.00 0.00 99.24
252 5.12 0.00 0.77 0.00 0.00 0.00 0.51 0.00 0.00 93.61
253 0.76 0.00 0.25 0.00 0.00 0.00 0.25 0.00 0.00 98.74
254 0.25 0.00 0.00 0.00 0.00 0.00 0.00 0.00 0.00 99.75
255 2.03 0.00 0.25 0.00 0.00 0.00 0.51 0.00 0.00 97.22
256 0.51 0.00 0.25 0.00 0.00 0.00 0.00 0.00 0.00 99.24
257 1.78 0.00 0.51 8.40 0.00 0.00 0.76 0.00 0.00 88.55
258 1.27 0.00 0.25 0.00 0.00 0.00 0.25 0.00 0.00 98.22
259 0.50 0.00 0.25 0.00 0.00 0.25 0.00 0.00 0.00 98.99
260 0.25 0.00 0.25 4.81 0.00 0.00 0.00 0.00 0.00 94.68
261 0.25 0.00 0.25 37.03 0.00 0.00 0.25 0.00 0.00 62.22
262 0.76 0.00 0.50 2.77 0.00 0.00 0.00 0.00 0.00 95.97
263 0.50 0.00 0.50 0.00 0.00 0.00 0.00 0.00 0.00 98.99
264 0.25 0.00 0.25 0.00 0.00 0.00 0.25 0.00 0.00 99.24
265 0.25 0.00 0.25 0.00 0.00 0.00 0.00 0.00 0.00 99.50
266 0.25 0.00 0.25 0.00 0.00 0.00 0.00 0.00 0.00 99.50
267 0.76 0.00 0.51 2.53 0.00 0.00 0.00 0.00 0.00 96.21
268 0.61 0.00 0.34 75.62 0.00 0.00 0.00 0.00 0.00 23.43
269 1.01 0.00 0.00 0.25 0.00 0.00 0.00 0.00 0.00 98.74
270 0.50 0.00 0.50 0.00 0.00 0.00 0.25 0.00 0.00 98.75
271 0.25 0.00 0.51 0.00 0.00 0.00 0.00 0.00 0.00 99.24
272 0.25 0.00 1.01 1.26 0.00 0.00 0.75 0.00 0.00 96.73
273 0.51 0.00 0.25 0.00 0.00 0.00 0.00 0.00 0.00 99.24
274 0.76 0.00 0.25 3.55 0.00 0.00 0.25 0.00 0.00 95.18
275 0.25 0.00 0.25 0.00 0.00 0.00 0.00 0.00 0.00 99.50
276 0.50 0.00 0.75 0.00 0.00 0.00 0.00 0.00 0.00 98.75
277 0.25 0.00 0.25 0.00 0.00 0.00 0.25 0.00 0.00 99.24
278 1.26 0.00 0.76 0.00 0.00 0.00 0.25 0.00 0.00 97.73
279 1.01 0.00 0.00 5.06 0.00 0.00 0.00 0.00 0.00 93.92
280 0.25 0.00 0.00 0.00 0.00 0.00 0.25 0.00 0.00 99.49
281 0.25 0.00 0.25 0.00 0.00 0.00 0.25 0.00 0.00 99.24
282 0.51 0.00 0.25 0.00 0.00 0.00 0.25 0.00 0.00 98.99
283 1.51 0.00 0.25 0.00 0.00 0.25 0.00 0.00 0.00 97.98
284 1.80 0.00 0.51 3.60 0.00 0.00 0.00 0.00 0.00 94.09
285 0.76 0.00 0.25 20.45 0.00 0.00 0.25 0.00 0.00 78.28
286 0.00 0.00 0.25 0.00 0.00 0.00 0.00 0.00 0.00 99.75
287 0.25 0.00 0.25 0.00 0.00 0.00 0.00 0.00 0.00 99.49
288 0.25 0.00 0.00 0.00 0.00 0.00 0.25 0.00 0.00 99.50
289 0.00 0.00 0.51 0.00 0.00 0.00 0.00 0.00 0.00 99.49
290 5.61 0.00 1.28 3.06 0.00 0.00 0.26 0.00 0.00 89.80
291 0.25 0.00 0.25 0.00 0.00 0.00 0.00 0.00 0.00 99.50
292 6.41 0.00 0.00 0.26 0.00 0.00 0.51 0.00 0.00 92.82
293 0.50 0.00 0.50 1.26 0.00 0.00 0.25 0.00 0.00 97.48
294 1.01 0.00 0.25 0.00 0.00 0.00 0.00 0.00 0.00 98.74
295 0.25 0.00 0.25 5.57 0.00 0.00 0.00 0.00 0.00 93.92
296 1.02 0.00 0.51 0.00 0.00 0.00 0.76 0.00 0.00 97.72
297 1.53 0.00 0.00 0.00 0.00 0.25 0.00 0.00 0.00 98.22
298 2.30 0.00 0.77 9.95 0.00 0.00 0.26 0.00 0.00 86.73
299 0.25 0.00 0.25 0.25 0.00 0.00 0.25 0.00 0.00 98.98
300 0.76 0.00 0.25 0.00 0.00 0.00 0.50 0.00 0.00 98.49
301 0.25 0.00 0.50 0.00 0.00 0.00 0.00 0.00 0.00 99.24
302 0.25 0.00 0.25 1.02 0.00 0.00 1.27 0.00 0.00 97.21
303 0.00 0.00 0.25 0.00 0.00 0.00 5.00 0.00 0.00 94.75
304 0.76 0.00 0.25 8.86 0.00 0.00 0.51 0.00 0.00 89.62
305 0.51 0.00 0.51 3.81 0.00 0.00 0.51 0.00 0.00 94.67
306 0.76 0.00 0.25 0.00 0.00 0.00 0.25 0.00 0.00 98.74
307 0.51 0.00 0.25 0.00 0.00 0.00 0.00 0.00 0.00 99.24
308 0.25 0.00 0.00 0.00 0.00 0.00 0.00 0.00 0.00 99.75
309 0.75 0.00 0.50 0.25 0.00 0.00 0.00 0.00 0.00 98.49
310 0.25 0.00 0.00 0.00 0.00 0.00 0.00 0.00 0.00 99.75
311 0.25 0.00 0.50 0.00 0.00 0.00 0.00 0.00 0.00 99.24
312 1.01 0.00 0.25 0.00 0.00 0.00 0.25 0.00 0.00 98.49
313 0.00 0.00 0.00 0.00 0.00 0.00 0.00 0.00 0.00 100.00
314 0.50 0.00 0.50 0.00 0.00 0.00 0.00 0.00 0.00 98.99
315 2.27 0.00 0.76 5.79 0.00 0.00 0.25 0.00 0.00 90.93
316 0.75 0.00 0.50 0.00 0.00 0.00 0.25 0.00 0.00 98.49
317 0.76 0.00 0.25 0.00 0.00 0.00 0.00 0.00 0.00 98.99
318 0.25 0.00 0.00 0.00 0.00 0.00 0.00 0.00 0.00 99.75
319 0.50 0.00 0.50 0.25 0.00 0.00 0.25 0.00 0.00 98.49
320 0.00 0.00 0.25 0.00 0.00 0.00 0.00 0.00 0.00 99.75
321 0.76 0.00 0.25 0.00 0.00 0.00 0.50 0.00 0.00 98.49
322 0.50 0.00 0.50 0.00 0.00 0.00 0.00 0.00 0.00 99.00
323 0.50 0.00 0.25 0.00 0.00 0.00 0.00 0.00 0.00 99.24
324 0.50 0.00 0.50 0.00 0.00 0.00 0.25 0.00 0.00 98.75
325 0.76 0.00 0.51 3.54 0.00 0.00 0.00 0.00 0.00 95.20
326 0.00 0.00 0.25 0.00 0.00 0.00 0.25 0.00 0.00 99.49
327 2.02 0.00 0.25 0.00 0.00 0.25 0.00 0.00 0.00 97.47
328 0.50 0.00 0.50 0.00 0.00 0.00 0.25 0.00 0.00 98.74
329 0.50 0.00 0.50 0.25 0.00 0.00 0.00 0.00 0.00 98.74
330 0.50 0.00 0.25 0.00 0.00 0.00 0.00 0.00 0.00 99.25
331 0.50 0.00 0.50 0.00 0.00 0.00 0.25 0.00 0.00 98.74
332 0.51 0.00 0.25 0.00 0.00 0.00 0.25 0.00 0.00 98.99
333 1.01 0.00 0.50 1.01 0.00 0.00 0.25 0.00 0.00 97.24
334 0.25 0.00 0.51 0.25 0.00 0.00 0.00 0.00 0.00 98.99
335 1.79 0.00 1.02 9.44 0.00 0.00 0.00 0.00 0.00 87.76
336 0.50 0.00 0.25 0.00 0.00 0.00 0.25 0.00 0.00 98.99
337 0.50 0.00 0.25 0.00 0.00 0.00 0.00 0.00 0.00 99.25
338 0.25 0.00 0.00 0.00 0.00 0.00 0.00 0.00 0.00 99.75
339 1.77 0.00 0.76 2.78 0.00 0.00 0.00 0.00 0.00 94.68
340 0.25 0.00 0.25 0.00 0.00 0.00 0.25 0.00 0.00 99.24
341 0.25 0.00 0.25 0.00 0.00 0.00 0.00 0.00 0.00 99.50
342 0.50 0.00 0.25 0.00 0.00 0.00 0.00 0.00 0.00 99.24
343 0.50 0.00 0.50 0.00 0.00 0.00 0.00 0.00 0.00 98.99
344 1.00 0.00 0.50 2.01 0.00 0.00 0.25 0.00 0.00 96.24
345 0.51 0.00 0.51 15.74 0.00 0.00 0.00 0.00 0.00 83.25
346 0.25 0.00 0.25 0.00 0.00 0.00 0.00 0.00 0.00 99.50
347 0.25 0.00 0.00 0.00 0.00 0.00 0.00 0.00 0.00 99.75
348 0.50 0.00 0.25 0.00 0.00 0.00 0.00 0.00 0.00 99.25
349 0.76 0.00 0.00 3.27 0.00 0.00 0.25 0.00 0.00 95.72
350 2.26 0.00 1.01 1.01 0.00 0.00 0.00 0.00 0.00 95.73
351 0.50 0.00 0.50 0.00 0.00 0.00 0.00 0.00 0.00 98.99
352 7.49 0.00 0.00 3.10 0.00 0.00 0.00 0.00 0.00 89.41
353 0.75 0.00 0.50 0.00 0.00 0.00 0.00 0.00 0.00 98.74
354 0.25 0.00 0.25 0.00 0.00 0.00 0.25 0.00 0.00 99.25
355 1.26 0.00 0.25 13.60 0.00 0.00 0.00 0.00 0.00 84.89
356 1.53 0.00 0.51 24.23 0.00 0.00 0.00 0.00 0.00 73.72
357 2.53 0.00 0.76 17.72 0.00 0.00 0.00 0.00 0.00 78.99
358 6.11 0.00 0.51 33.59 0.00 0.00 0.51 0.00 0.00 59.29
359 0.76 0.00 0.25 37.12 0.00 0.00 0.25 0.00 0.00 61.62
360 0.25 0.00 0.25 36.78 0.00 0.00 0.25 0.00 0.00 62.47
361 0.50 0.00 0.50 45.84 0.00 0.00 0.25 0.00 0.00 52.90
362 0.50 0.00 0.50 0.00 0.00 0.00 0.25 0.00 0.00 98.74
363 0.00 0.00 0.51 1.28 0.00 0.00 0.26 0.00 0.00 97.96
364 1.01 0.00 0.51 9.60 0.00 0.00 0.25 0.00 0.00 88.64
365 1.27 0.00 0.25 24.68 0.00 0.00 0.00 0.00 0.00 73.79
366 0.75 0.00 0.25 75.94 0.00 0.00 0.00 0.00 0.00 23.06
367 0.51 0.00 0.25 15.19 0.00 0.00 0.25 0.00 0.00 83.80
368 0.50 0.00 0.25 0.00 0.00 0.00 0.00 0.00 0.00 99.24
369 1.26 0.00 0.25 0.51 0.00 0.00 0.00 0.00 0.00 97.98
370 0.76 0.00 0.25 0.00 0.00 0.00 0.00 0.00 0.00 98.99
371 1.27 0.00 0.25 0.00 0.00 0.00 0.51 0.00 0.00 97.97
372 0.25 0.00 0.75 0.00 0.00 0.00 0.25 0.00 0.00 98.75
373 0.51 0.00 0.25 0.00 0.00 0.00 0.00 0.00 0.00 99.24
374 0.50 0.00 0.25 0.00 0.00 0.00 0.00 0.00 0.00 99.25
375 1.02 0.00 1.28 4.08 0.00 0.00 0.00 0.00 0.00 93.62
376 0.25 0.00 0.25 0.00 0.00 0.00 0.00 0.00 0.00 99.50
377 0.75 0.00 0.25 0.00 0.00 0.00 0.25 0.00 0.00 98.75
378 0.00 0.00 0.00 0.00 0.00 0.00 0.25 0.00 0.00 99.75
379 1.52 0.00 0.00 0.25 0.00 0.00 0.51 0.00 0.00 97.72
380 0.75 0.00 0.25 0.00 0.00 0.00 0.00 0.00 0.00 99.00
381 0.25 0.00 0.25 0.00 0.00 0.00 0.00 0.00 0.00 99.50
382 1.51 0.00 0.00 0.00 0.00 0.00 0.25 0.00 0.00 98.24
383 0.51 0.00 0.25 0.00 0.00 0.00 0.00 0.00 0.00 99.24
384 0.51 0.00 0.25 0.00 0.00 0.00 0.00 0.00 0.00 99.24
385 0.51 0.00 0.51 3.54 0.00 0.00 0.00 0.00 0.00 95.44
386 1.27 0.00 0.00 0.00 0.00 0.00 0.25 0.00 0.00 98.47
387 1.52 0.00 0.51 0.00 0.00 0.00 0.00 0.00 0.00 97.97
388 0.25 0.00 0.25 0.00 0.00 0.00 0.25 0.00 0.00 99.25
389 0.75 0.00 0.75 0.00 0.00 0.00 0.00 0.00 0.00 98.49
390 0.50 0.00 0.00 0.00 0.00 0.00 0.00 0.00 0.00 99.50
391 0.25 0.00 0.50 0.00 0.00 0.00 0.00 0.00 0.00 99.24
392 0.50 0.00 0.25 0.00 0.00 0.00 0.25 0.00 0.00 98.99
393 0.26 0.00 0.00 1.02 0.00 0.00 1.28 0.00 0.00 97.45
394 0.76 0.00 0.25 4.80 0.00 0.00 0.00 0.00 0.00 94.19
395 0.51 0.00 0.00 0.00 0.00 0.00 0.25 0.00 0.00 99.24
396 0.51 0.00 0.00 0.00 0.00 0.00 0.00 0.00 0.00 99.49
397 0.50 0.00 0.50 0.00 0.00 0.00 0.25 0.00 0.00 98.74
398 1.78 0.00 0.00 1.27 0.00 0.00 0.00 0.00 0.00 96.95
399 0.25 0.00 0.50 3.78 0.00 0.00 0.00 0.00 0.00 95.47
400 0.25 0.00 0.25 0.00 0.00 0.00 0.00 0.00 0.00 99.49
401 0.25 0.00 0.50 0.00 0.00 0.00 0.25 0.00 0.00 98.99
402 0.25 0.00 0.25 0.00 0.00 0.25 0.00 0.00 0.00 99.24
403 0.50 0.00 0.00 0.00 0.00 0.00 0.00 0.00 0.00 99.50
404 0.51 0.00 0.76 6.58 0.00 0.00 0.25 0.00 0.00 91.90
405 0.76 0.00 1.01 30.23 0.00 0.00 0.00 0.00 0.00 68.01
406 0.00 0.00 0.25 14.39 0.00 0.00 0.00 0.00 0.00 85.35
407 0.50 0.00 1.00 0.00 0.00 0.00 0.00 0.00 0.00 98.50
408 0.25 0.00 0.00 0.00 0.00 0.00 0.00 0.00 0.00 99.75
409 0.75 0.00 0.50 9.02 0.00 0.00 0.50 0.00 0.00 89.22
410 2.28 0.00 0.00 0.00 0.00 0.00 0.00 0.00 0.00 97.72
411 0.25 0.00 0.50 0.00 0.00 0.00 0.25 0.00 0.00 98.99
412 7.69 0.00 0.51 1.03 0.00 0.00 0.26 0.00 0.00 90.51
413 0.50 0.00 0.25 0.00 0.00 0.00 0.00 0.00 0.00 99.24
414 1.02 0.00 0.00 0.26 0.00 0.00 0.26 0.00 0.00 98.47
415 0.51 0.00 0.26 3.83 0.00 0.00 0.00 0.00 0.00 95.41
416 0.25 0.00 0.75 0.00 0.00 0.00 0.25 0.00 0.00 98.75
417 1.53 0.00 0.51 0.00 0.00 0.00 0.26 0.00 0.00 97.70
418 2.28 0.00 0.76 7.36 0.00 0.00 0.25 0.00 0.00 89.34
419 1.27 0.00 0.25 3.05 0.00 0.00 0.51 0.00 0.00 94.91
420 0.25 0.00 0.25 0.00 0.00 0.00 0.00 0.00 0.00 99.49
421 0.25 0.00 0.25 0.00 0.00 0.00 0.00 0.00 0.00 99.49
422 0.25 0.00 0.76 0.00 0.00 0.00 0.50 0.00 0.00 98.49
423 0.00 0.00 0.51 1.02 0.00 0.00 0.76 0.00 0.00 97.71
424 1.01 0.00 0.25 0.00 0.00 0.00 0.50 0.00 0.00 98.24
425 1.01 0.00 0.50 3.78 0.00 0.00 0.25 0.00 0.00 94.46
426 0.25 0.00 0.00 0.00 0.00 0.00 0.00 0.00 0.00 99.75
427 1.26 0.00 0.51 0.00 0.00 0.00 0.00 0.00 0.00 98.23
428 0.25 0.00 0.50 0.00 0.00 0.00 0.00 0.00 0.00 99.25
429 1.01 0.00 0.25 0.00 0.00 0.00 0.25 0.00 0.00 98.49
430 0.25 0.00 0.51 0.00 0.00 0.00 0.00 0.00 0.00 99.24
431 0.00 0.00 0.00 0.00 0.00 0.00 0.00 0.00 0.00 100.00
432 0.51 0.00 0.51 0.00 0.00 0.00 0.51 0.00 0.00 98.48
433 0.75 0.00 1.00 0.00 0.00 0.00 0.00 0.00 0.00 98.25
434 0.25 0.00 0.00 8.63 0.00 0.00 0.00 0.00 0.00 91.12
435 0.76 0.00 0.51 0.00 0.00 0.00 0.00 0.00 0.00 98.74
436 0.00 0.00 0.25 0.00 0.00 0.00 0.25 0.00 0.00 99.49
437 1.52 0.00 0.25 0.00 0.00 0.00 0.25 0.00 0.00 97.97
438 0.75 0.00 0.50 0.00 0.00 0.00 0.00 0.00 0.00 98.74
439 1.01 0.00 0.00 0.25 0.00 0.00 0.25 0.00 0.00 98.48
440 0.50 0.00 0.50 0.00 0.00 0.00 0.00 0.00 0.00 98.99
441 0.75 0.00 0.50 0.00 0.00 0.00 0.50 0.00 0.00 98.24
442 0.50 0.00 0.50 0.00 0.00 0.00 0.00 0.00 0.00 98.99
443 0.51 0.00 0.00 0.00 0.00 0.00 0.25 0.00 0.00 99.24
444 0.76 0.00 0.76 2.54 0.00 0.00 0.25 0.00 0.00 95.69
445 0.51 0.00 0.51 1.01 0.00 0.00 0.25 0.00 0.00 97.72
446 0.25 0.00 0.25 0.00 0.00 0.00 0.00 0.00 0.00 99.50
447 1.26 0.00 0.25 0.00 0.00 0.00 0.00 0.00 0.00 98.49
448 0.25 0.00 0.00 0.00 0.00 0.00 0.00 0.00 0.00 99.75
449 1.52 0.00 0.25 0.25 0.00 0.00 0.25 0.00 0.00 97.73
450 0.50 0.00 0.50 0.00 0.00 0.00 0.00 0.00 0.00 98.99
451 0.00 0.00 0.25 0.00 0.00 0.00 0.00 0.00 0.00 99.75
452 0.25 0.00 0.76 1.01 0.00 0.00 0.76 0.00 0.00 97.22
453 0.00 0.00 0.25 0.00 0.00 0.00 0.25 0.00 0.00 99.49
454 0.50 0.00 0.50 11.08 0.00 0.00 0.50 0.00 0.00 87.41
455 0.77 0.00 0.26 23.72 0.00 0.00 0.77 0.00 0.00 74.49
456 0.52 0.00 0.52 23.45 0.00 0.00 0.26 0.00 0.00 75.26
457 0.25 0.00 0.25 1.53 0.00 0.00 0.00 0.00 0.00 97.96
458 0.00 0.00 0.25 0.00 0.00 0.00 0.25 0.00 0.00 99.50
459 3.56 0.00 0.00 0.25 0.00 0.00 0.25 0.00 0.00 95.93
460 0.50 0.00 0.25 0.00 0.00 0.00 0.25 0.00 0.00 98.99
461 0.25 0.00 0.00 0.00 0.00 0.00 0.00 0.00 0.00 99.75
462 0.25 0.00 0.25 0.00 0.00 0.00 0.25 0.00 0.00 99.24
463 2.54 0.00 0.51 0.00 0.00 0.00 0.25 0.00 0.00 96.69
464 0.76 0.00 0.25 0.00 0.00 0.00 0.00 0.00 0.00 98.99
465 3.08 0.00 1.54 3.34 0.00 0.00 0.51 0.00 0.00 91.52
466 0.00 0.00 0.00 0.00 0.00 0.00 0.25 0.00 0.00 99.75
467 0.51 0.00 0.25 0.00 0.00 0.25 0.00 0.00 0.00 98.99
468 0.25 0.00 0.25 0.00 0.00 0.00 0.25 0.00 0.00 99.24
469 0.51 0.00 0.25 0.51 0.00 0.00 0.00 0.00 0.00 98.73
470 0.51 0.00 0.51 0.00 0.00 0.00 0.00 0.00 0.00 98.99
471 0.25 0.00 0.00 0.00 0.00 0.00 0.00 0.00 0.00 99.75
472 7.25 0.00 0.78 0.26 0.00 0.26 0.52 0.00 0.00 90.93
473 0.25 0.00 0.25 0.00 0.00 0.00 0.00 0.00 0.00 99.49
474 0.51 0.00 0.25 0.00 0.00 0.00 0.00 0.00 0.00 99.24
475 1.02 0.00 0.25 3.55 0.00 0.00 0.51 0.00 0.00 94.67
476 1.01 0.00 0.25 0.00 0.00 0.00 0.00 0.00 0.00 98.73
477 0.51 0.00 0.25 0.00 0.00 0.00 0.00 0.00 0.00 99.24
478 1.52 0.00 0.51 10.66 0.00 0.00 0.25 0.00 0.00 87.06
479 0.26 0.00 0.00 0.00 0.00 0.00 0.26 0.00 0.00 99.49
480 0.25 0.00 0.25 0.00 0.00 0.00 0.51 0.00 0.00 98.99
481 0.50 0.00 0.50 0.00 0.00 0.00 0.25 0.00 0.00 98.74
482 1.78 0.00 0.76 1.27 0.00 0.00 0.00 0.00 0.00 96.18
483 0.25 0.00 0.00 0.00 0.00 0.00 0.25 0.00 0.00 99.49
484 1.79 0.00 0.51 4.08 0.00 0.00 0.51 0.00 0.00 93.11
485 0.25 0.00 0.51 0.00 0.00 0.00 0.00 0.00 0.00 99.24
486 0.51 0.00 0.00 0.00 0.00 0.00 0.00 0.00 0.00 99.49
487 0.00 0.00 0.25 0.00 0.00 0.00 0.25 0.00 0.00 99.49
488 0.50 0.00 0.50 0.00 0.00 0.00 0.00 0.00 0.00 98.99
489 0.51 0.00 0.25 0.25 0.00 0.00 0.25 0.00 0.00 98.73
490 0.50 0.00 0.25 0.00 0.00 0.00 0.00 0.00 0.00 99.25
491 0.25 0.00 0.25 0.00 0.00 0.00 0.25 0.00 0.00 99.24
492 1.02 0.00 0.00 0.00 0.00 0.00 0.00 0.00 0.00 98.98
493 0.50 0.00 0.25 0.00 0.00 0.00 0.00 0.00 0.00 99.24
494 0.76 0.00 0.25 3.54 0.00 0.00 0.00 0.00 0.00 95.44
495 0.00 0.00 0.76 0.00 0.00 0.00 0.25 0.00 0.00 98.99
496 0.00 0.00 0.25 0.00 0.00 0.00 0.00 0.00 0.00 99.75
497 0.25 0.00 0.50 0.00 0.00 0.00 0.00 0.00 0.00 99.24
498 0.25 0.00 0.00 0.00 0.00 0.00 0.25 0.00 0.00 99.50
499 1.01 0.00 0.76 0.25 0.00 0.00 0.25 0.00 0.00 97.73
500 0.50 0.00 0.50 0.00 0.00 0.00 0.00 0.00 0.00 99.00
501 0.50 0.00 0.25 0.00 0.00 0.00 0.00 0.00 0.00 99.24
502 1.53 0.00 0.25 0.00 0.00 0.00 0.25 0.00 0.00 97.96
503 0.51 0.00 0.51 0.00 0.00 0.00 0.25 0.00 0.00 98.74
504 1.01 0.00 0.50 1.01 0.00 0.00 0.25 0.00 0.00 97.24
505 1.02 0.00 0.77 2.81 0.00 0.00 0.00 0.00 0.00 95.41
506 1.26 0.00 0.00 0.00 0.00 0.00 0.25 0.00 0.00 98.48
507 0.76 0.00 0.51 0.00 0.00 0.00 0.00 0.00 0.00 98.74
508 0.50 0.00 0.25 0.00 0.00 0.00 0.25 0.00 0.00 98.99
509 0.51 0.00 0.25 0.51 0.00 0.00 0.25 0.00 0.00 98.48
510 0.25 0.00 0.25 0.00 0.00 0.00 0.00 0.00 0.00 99.49
511 0.51 0.00 0.25 0.25 0.00 0.00 0.76 0.00 0.00 98.23
512 0.25 0.00 0.25 1.02 0.00 0.00 0.00 0.00 0.00 98.47
513 0.50 0.00 0.76 0.00 0.00 0.00 0.76 0.00 0.00 97.98
514 1.02 0.00 0.51 1.02 0.00 0.00 0.00 0.00 0.00 97.46
515 0.76 0.00 0.51 3.54 0.00 0.00 0.25 0.00 0.00 94.95
516 0.76 0.00 0.25 0.00 0.00 0.00 0.25 0.00 0.00 98.73
517 0.51 0.00 0.25 0.00 0.00 0.00 0.00 0.00 0.00 99.24
518 0.25 0.00 0.50 0.00 0.00 0.00 0.00 0.00 0.00 99.24
519 0.76 0.00 0.51 0.00 0.00 0.00 0.25 0.00 0.00 98.48
520 0.75 0.00 0.50 0.00 0.00 0.25 0.25 0.00 0.00 98.24
521 0.76 0.00 0.25 0.00 0.00 0.00 0.00 0.00 0.00 98.99
522 0.25 0.00 0.25 0.00 0.00 0.00 0.00 0.00 0.00 99.49
523 0.25 0.00 0.25 0.00 0.00 0.00 0.25 0.00 0.00 99.24
524 0.25 0.00 0.00 1.27 0.00 0.00 0.00 0.00 0.00 98.48
525 1.53 0.00 1.27 3.56 0.00 0.00 0.25 0.00 0.00 93.38
526 0.25 0.00 0.50 0.00 0.00 0.25 0.50 0.00 0.00 98.49
527 0.51 0.00 0.00 0.00 0.00 0.00 0.00 0.00 0.00 99.49
528 0.25 0.00 0.50 0.00 0.00 0.00 0.25 0.00 0.00 99.00
529 1.77 0.00 0.51 0.00 0.00 0.00 0.00 0.00 0.00 97.72
530 0.25 0.00 0.00 0.00 0.00 0.00 0.00 0.00 0.00 99.75
531 0.25 0.00 0.51 0.00 0.00 0.00 0.25 0.00 0.00 98.99
532 7.89 0.00 1.27 0.00 0.00 0.00 0.00 0.00 0.00 90.84
533 1.52 0.00 0.76 0.25 0.00 0.00 0.00 0.00 0.00 97.47
534 0.25 0.00 0.25 0.00 0.00 0.00 0.00 0.00 0.00 99.50
535 0.76 0.00 0.76 3.30 0.00 0.00 0.25 0.00 0.00 94.92
536 0.50 0.00 0.50 0.00 0.00 0.00 0.25 0.00 0.00 98.74
537 0.76 0.00 0.50 0.00 0.00 0.00 0.00 0.00 0.00 98.74
538 1.01 0.00 0.25 7.32 0.00 0.00 0.25 0.00 0.00 91.16
539 1.27 0.00 0.25 2.78 0.00 0.00 0.00 0.00 0.00 95.70
540 0.76 0.00 0.25 0.00 0.00 0.00 0.00 0.00 0.00 98.99
541 0.50 0.00 0.25 0.00 0.00 0.00 0.00 0.00 0.00 99.24
542 0.51 0.00 0.51 1.27 0.00 0.00 0.51 0.00 0.00 97.22
543 0.25 0.00 0.00 0.00 0.00 0.00 0.25 0.00 0.00 99.49
544 0.51 0.00 0.51 3.54 0.00 0.25 0.00 0.00 0.00 95.20
545 0.51 0.00 0.51 0.00 0.00 0.00 0.25 0.00 0.00 98.74
546 0.25 0.00 0.00 0.00 0.00 0.00 0.25 0.00 0.00 99.49
547 0.51 0.00 0.51 0.00 0.00 0.00 0.25 0.00 0.00 98.73
548 0.25 0.00 0.50 0.00 0.00 0.00 0.00 0.00 0.00 99.25
549 1.53 0.00 0.25 0.25 0.00 0.00 0.76 0.00 0.00 97.20
550 1.53 0.00 1.02 0.00 0.00 0.00 0.26 0.00 0.00 97.19
551 0.25 0.00 0.25 0.00 0.00 0.00 0.25 0.00 0.00 99.24
552 0.76 0.00 0.25 0.00 0.00 0.00 0.00 0.00 0.00 98.99
553 0.75 0.00 0.75 0.00 0.00 0.00 0.25 0.00 0.00 98.24
554 1.54 0.00 0.26 3.60 0.00 0.00 0.51 0.00 0.00 94.09
555 0.50 0.00 0.25 0.00 0.00 0.00 0.00 0.00 0.00 99.24
556 0.51 0.00 0.00 0.00 0.00 0.00 0.00 0.00 0.00 99.49
557 0.51 0.00 0.25 0.00 0.00 0.00 0.00 0.00 0.00 99.24
558 0.50 0.00 0.25 0.00 0.00 0.00 0.00 0.00 0.00 99.25
559 0.76 0.00 0.00 0.51 0.00 0.00 0.25 0.00 0.00 98.48
560 0.25 0.00 0.25 0.00 0.00 0.00 0.25 0.00 0.00 99.24
561 1.76 0.00 0.50 0.00 0.00 0.00 0.00 0.00 0.00 97.73
562 0.25 0.00 0.00 0.00 0.00 0.00 0.50 0.00 0.00 99.24
563 0.51 0.00 0.25 0.00 0.00 0.00 0.00 0.00 0.00 99.24
564 1.01 0.00 0.00 0.00 0.00 0.00 0.25 0.00 0.00 98.74
565 0.76 0.00 0.25 3.81 0.00 0.00 0.00 0.00 0.00 95.18
566 1.51 0.00 0.25 0.00 0.00 0.00 0.00 0.00 0.00 98.24
567 0.51 0.00 0.25 0.00 0.00 0.00 0.25 0.00 0.00 98.99
568 0.25 0.00 0.50 0.00 0.00 0.00 0.25 0.00 0.00 98.99
569 0.75 0.00 0.25 0.25 0.00 0.00 0.25 0.00 0.00 98.50
570 0.51 0.00 0.25 0.00 0.00 0.00 0.00 0.00 0.00 99.24
571 0.75 0.00 0.25 0.00 0.00 0.00 0.00 0.00 0.00 98.99
572 0.51 0.00 0.51 1.01 0.00 0.00 0.25 0.00 0.00 97.73
573 1.02 0.00 0.51 0.00 0.00 0.00 0.26 0.00 0.00 98.21
574 0.75 0.00 0.50 0.00 0.00 0.00 0.00 0.00 0.00 98.75
575 1.50 0.00 0.50 3.50 0.00 0.00 0.00 0.00 0.00 94.50
576 0.76 0.00 0.25 2.03 0.00 0.00 0.00 0.00 0.00 96.95
577 0.50 0.00 0.25 0.00 0.00 0.00 0.25 0.00 0.00 99.00
578 0.25 0.00 0.25 0.00 0.00 0.00 0.00 0.00 0.00 99.50
579 0.76 0.00 0.50 0.00 0.00 0.00 0.00 0.00 0.00 98.74
580 0.76 0.00 0.25 0.00 0.00 0.00 0.25 0.00 0.00 98.74
581 0.25 0.00 0.50 0.00 0.00 0.00 0.25 0.00 0.00 98.99
582 0.25 0.00 0.25 0.00 0.00 0.00 0.00 0.00 0.00 99.49
583 0.76 0.00 0.25 0.00 0.00 0.00 0.25 0.00 0.00 98.74
584 0.50 0.00 0.50 0.25 0.00 0.00 0.00 0.00 0.00 98.75
585 2.33 0.00 1.55 3.36 0.00 0.00 0.52 0.00 0.00 92.25
586 0.25 0.00 0.51 0.00 0.00 0.00 0.25 0.00 0.00 98.99
587 0.51 0.00 0.25 0.00 0.00 0.00 0.00 0.00 0.00 99.24
588 0.50 0.00 0.25 0.00 0.00 0.00 0.00 0.00 0.00 99.25
589 1.01 0.00 0.25 0.25 0.00 0.25 0.25 0.00 0.00 97.98
590 0.76 0.00 0.51 0.00 0.00 0.00 0.25 0.00 0.00 98.48
591 0.50 0.00 0.25 0.00 0.00 0.00 0.00 0.00 0.00 99.25
592 6.30 0.00 0.26 0.00 0.00 0.00 1.57 0.00 0.00 91.86
593 2.02 0.00 0.76 0.25 0.00 0.00 0.00 0.00 0.00 96.97
594 0.51 0.00 0.25 4.07 0.00 0.00 1.02 0.00 0.00 94.15
595 0.51 0.00 0.25 0.00 0.00 0.00 0.25 0.00 0.00 98.99
596 0.51 0.00 1.01 0.00 0.00 0.00 0.00 0.00 0.00 98.48
597 0.51 0.00 0.00 0.00 0.00 0.00 0.25 0.00 0.00 99.24
598 1.26 0.00 0.51 10.35 0.00 0.00 0.76 0.00 0.00 87.12
599 0.51 0.00 0.51 0.25 0.00 0.00 0.25 0.00 0.00 98.48
600 0.51 0.00 0.25 0.00 0.00 0.00 0.25 0.00 0.00 98.99
601 0.51 0.00 0.25 0.00 0.00 0.00 0.51 0.00 0.00 98.73
602 0.25 0.00 0.51 1.01 0.00 0.00 0.00 0.00 0.00 98.23
603 0.51 0.00 0.25 0.00 0.00 0.00 0.00 0.00 0.00 99.24
604 0.76 0.00 0.25 3.53 0.00 0.25 0.25 0.00 0.00 94.96
605 0.50 0.00 0.25 0.00 0.00 0.00 0.00 0.00 0.00 99.24
606 0.51 0.00 0.00 0.00 0.00 0.00 0.00 0.00 0.00 99.49
607 0.77 0.00 0.51 0.00 0.00 0.00 0.51 0.00 0.00 98.21
608 0.51 0.00 0.00 0.00 0.00 0.00 0.76 0.00 0.00 98.73
609 0.25 0.00 0.25 0.00 0.00 0.00 0.25 0.00 0.00 99.24
610 0.51 0.00 0.00 0.00 0.00 0.00 0.51 0.00 0.00 98.99
611 0.00 0.00 0.25 0.00 0.00 0.00 0.51 0.00 0.00 99.24
612 3.84 0.00 0.00 0.00 0.00 0.00 0.00 0.00 0.00 96.16
613 1.01 0.00 0.25 0.00 0.00 0.00 0.51 0.00 0.00 98.23
614 1.77 0.00 0.51 2.78 0.00 0.00 0.25 0.00 0.00 94.68
615 0.51 0.00 0.51 11.65 0.00 0.00 0.25 0.00 0.00 87.09
616 1.77 0.00 0.25 0.00 0.00 0.00 0.00 0.00 0.00 97.97
617 1.52 0.00 0.25 0.00 0.00 0.00 0.51 0.00 0.00 97.72
618 0.25 0.00 0.51 0.00 0.00 0.00 0.25 0.00 0.00 98.99
619 1.01 0.00 0.00 0.25 0.00 0.00 0.25 0.00 0.00 98.48
620 0.25 0.00 0.25 0.00 0.00 0.00 0.25 0.00 0.00 99.24
621 0.75 0.00 0.25 0.00 0.00 0.00 0.00 0.00 0.00 99.00
622 0.00 0.00 0.00 0.00 0.00 0.00 0.00 0.00 0.00 100.00
623 0.51 0.00 0.25 0.00 0.00 0.00 0.51 0.00 0.00 98.73
624 0.51 0.00 0.25 0.00 0.00 0.00 0.25 0.00 0.00 98.99
625 0.76 0.00 0.50 3.78 0.00 0.00 0.00 0.00 0.00 94.96
626 0.25 0.00 0.51 0.00 0.00 0.00 0.25 0.00 0.00 98.99
627 0.51 0.00 0.00 0.00 0.00 0.00 0.25 0.00 0.00 99.24
628 1.51 0.00 0.50 0.00 0.00 0.00 0.00 0.00 0.00 97.98
629 0.00 0.00 0.25 0.76 0.00 0.00 0.51 0.00 0.00 98.47
630 0.25 0.00 0.25 0.00 0.00 0.00 0.25 0.00 0.00 99.24
631 0.25 0.00 0.76 0.00 0.00 0.00 0.00 0.00 0.00 98.99
632 0.51 0.00 0.51 0.00 0.00 0.00 0.51 0.00 0.00 98.48
633 0.76 0.00 0.76 1.01 0.00 0.00 0.00 0.00 0.00 97.48
634 1.01 0.00 0.25 3.79 0.00 0.00 0.00 0.00 0.00 94.95
635 0.25 0.00 0.25 0.00 0.00 0.25 0.25 0.00 0.00 99.00
636 0.25 0.00 0.51 0.00 0.00 0.00 0.00 0.00 0.00 99.24
637 0.25 0.00 0.25 0.00 0.00 0.00 0.00 0.00 0.00 99.49
638 0.25 0.00 0.25 0.00 0.00 0.00 0.51 0.00 0.00 98.99
639 0.76 0.00 0.51 0.76 0.00 0.00 0.25 0.00 0.00 97.73
640 1.02 0.00 0.25 0.00 0.00 0.00 0.00 0.00 0.00 98.73
641 0.25 0.00 0.25 0.00 0.00 0.00 0.00 0.00 0.00 99.49
642 0.51 0.00 0.00 0.00 0.00 0.00 0.25 0.00 0.00 99.24
643 0.76 0.00 0.50 0.00 0.00 0.00 0.00 0.00 0.00 98.74
644 1.27 0.00 0.25 3.81 0.00 0.00 0.51 0.00 0.00 94.16
645 0.51 0.00 0.76 0.00 0.00 0.00 0.00 0.00 0.00 98.73
646 0.75 0.00 1.00 0.00 0.00 0.00 0.00 0.00 0.00 98.25
647 0.25 0.00 0.25 0.00 0.00 0.00 0.00 0.00 0.00 99.50
648 0.50 0.00 0.50 0.00 0.00 0.00 0.50 0.00 0.00 98.49
649 0.51 0.00 0.25 1.52 0.00 0.00 0.25 0.00 0.00 97.47
650 0.25 0.00 0.25 0.00 0.00 0.00 0.25 0.00 0.00 99.24
651 0.51 0.00 0.00 0.00 0.00 0.00 0.00 0.00 0.00 99.49
652 5.90 0.00 0.26 0.00 0.00 0.00 1.03 0.00 0.00 92.82
653 3.07 0.00 0.77 2.30 0.00 0.00 0.26 0.00 0.00 93.61
654 0.76 0.00 0.00 0.00 0.00 0.00 0.25 0.00 0.00 98.99
655 0.50 0.00 1.01 8.56 0.00 0.00 0.25 0.00 0.00 89.67
656 0.51 0.00 0.25 0.00 0.00 0.25 0.00 0.00 0.00 98.99
657 0.25 0.00 0.50 0.00 0.00 0.00 0.25 0.00 0.00 98.99
658 4.09 0.00 0.77 6.39 0.00 0.00 0.26 0.00 0.00 88.49
659 0.77 0.00 0.26 3.08 0.00 0.00 0.26 0.00 0.00 95.64
660 0.75 0.00 0.25 0.00 0.00 0.00 0.00 0.00 0.00 98.99
661 1.52 0.00 0.25 0.00 0.00 0.00 0.00 0.00 0.00 98.23
662 0.76 0.00 0.25 0.00 0.00 0.00 0.25 0.00 0.00 98.74
663 0.25 0.00 0.25 1.02 0.00 0.00 1.27 0.00 0.00 97.21
664 0.76 0.00 0.25 10.10 0.00 0.00 0.51 0.00 0.00 88.38
665 0.51 0.00 0.25 15.40 0.00 0.00 0.25 0.00 0.00 83.59
666 0.51 0.00 0.25 24.56 0.00 0.00 0.00 0.00 0.00 74.68
667 0.00 0.00 0.75 6.28 0.00 0.00 0.25 0.00 0.00 92.71
668 1.01 0.00 0.51 0.00 0.00 0.00 0.00 0.00 0.00 98.48
669 0.51 0.00 0.25 1.26 0.00 0.00 0.25 0.00 0.00 97.73
670 1.00 0.00 0.50 0.00 0.00 0.00 0.00 0.00 0.00 98.50
671 0.51 0.00 0.00 0.00 0.00 0.00 0.00 0.00 0.00 99.49
672 2.28 0.00 0.25 0.00 0.00 0.00 0.25 0.00 0.00 97.21
673 0.25 0.00 0.25 0.00 0.00 0.00 0.00 0.00 0.00 99.49
674 0.50 0.00 0.50 2.51 0.00 0.00 0.00 0.00 0.00 96.48
675 0.51 0.00 0.25 4.31 0.00 0.00 0.25 0.00 0.00 94.67
676 1.02 0.00 0.00 0.00 0.00 0.00 0.00 0.00 0.00 98.98
677 0.50 0.00 0.25 0.00 0.00 0.25 0.00 0.00 0.00 98.99
678 1.02 0.00 0.51 0.00 0.00 0.00 0.25 0.00 0.00 98.22
679 1.02 0.00 0.00 0.00 0.00 0.00 0.00 0.00 0.00 98.98
680 0.25 0.00 0.50 0.00 0.00 0.00 0.50 0.00 0.00 98.75
681 0.25 0.00 0.25 0.00 0.00 0.00 0.00 0.00 0.00 99.49
682 0.50 0.00 0.25 0.00 0.00 0.00 0.25 0.00 0.00 98.99
683 0.00 0.00 0.25 0.00 0.00 0.00 0.25 0.00 0.00 99.49
684 0.25 0.00 0.25 1.01 0.00 0.00 0.25 0.00 0.00 98.23
685 0.51 0.00 0.51 5.05 0.00 0.00 0.00 0.00 0.00 93.94
686 1.01 0.00 0.50 0.00 0.00 0.00 0.00 0.00 0.00 98.49
687 0.25 0.00 0.25 0.00 0.00 0.00 0.25 0.00 0.00 99.24
688 0.75 0.00 0.00 0.00 0.00 0.00 0.25 0.00 0.00 98.99
689 2.30 0.00 0.26 0.00 0.00 0.00 0.00 0.00 0.00 97.44
690 1.01 0.00 0.51 0.00 0.00 0.00 0.25 0.00 0.00 98.23
691 0.50 0.00 0.50 0.00 0.00 0.00 0.00 0.00 0.00 98.99
692 0.76 0.00 0.50 0.00 0.00 0.00 0.00 0.00 0.00 98.74
693 0.75 0.00 0.50 1.25 0.00 0.00 0.25 0.00 0.00 97.24
694 0.51 0.00 0.25 3.80 0.00 0.00 0.00 0.00 0.00 95.44
695 0.75 0.00 0.25 0.00 0.00 0.00 0.25 0.00 0.00 98.75
696 1.77 0.00 0.25 0.00 0.00 0.00 0.00 0.00 0.00 97.98
697 0.51 0.00 0.25 0.00 0.00 0.00 0.25 0.00 0.00 98.99
698 0.25 0.00 0.25 0.00 0.00 0.00 0.00 0.00 0.00 99.50
699 0.75 0.00 0.50 1.01 0.00 0.00 0.25 0.00 0.00 97.49
700 0.25 0.00 0.50 0.00 0.00 0.00 0.25 0.00 0.00 98.99
701 0.75 0.00 0.25 0.00 0.00 0.00 0.00 0.00 0.00 98.99
702 2.04 0.00 0.51 0.00 0.00 0.25 0.25 0.00 0.00 96.95
703 0.00 0.00 0.76 0.00 0.00 0.00 0.25 0.00 0.00 98.99
704 0.51 0.00 0.51 3.54 0.00 0.00 0.00 0.00 0.00 95.44
705 0.00 0.00 0.51 5.34 0.00 0.00 0.25 0.00 0.00 93.89
706 0.76 0.00 0.51 0.00 0.00 0.00 0.00 0.00 0.00 98.74
707 0.51 0.00 0.00 0.00 0.00 0.00 0.25 0.00 0.00 99.24
708 0.25 0.00 0.25 0.00 0.00 0.00 0.25 0.00 0.00 99.24
709 0.76 0.00 0.25 0.00 0.00 0.00 0.00 0.00 0.00 98.99
710 1.26 0.00 0.50 0.00 0.00 0.00 0.25 0.00 0.00 97.99
711 0.50 0.00 0.00 0.00 0.00 0.00 0.00 0.00 0.00 99.50
712 3.54 0.00 0.51 0.00 0.00 0.00 0.25 0.00 0.00 95.70
713 5.87 0.00 0.51 0.26 0.00 0.26 0.26 0.00 0.00 92.86
714 0.75 0.00 0.50 0.00 0.00 0.00 0.00 0.00 0.00 98.75
715 0.50 0.00 0.75 3.52 0.00 0.00 0.25 0.00 0.00 94.97
716 0.51 0.00 0.51 0.00 0.00 0.00 0.00 0.00 0.00 98.99
717 0.50 0.00 0.50 0.00 0.00 0.00 0.25 0.00 0.00 98.75
718 0.50 0.00 0.50 0.00 0.00 0.00 0.25 0.00 0.00 98.74
719 2.03 0.00 0.76 13.71 0.00 0.00 0.00 0.00 0.00 83.50
720 0.50 0.00 0.25 0.00 0.00 0.00 0.25 0.00 0.00 98.99
721 0.51 0.00 0.25 0.00 0.00 0.00 0.25 0.00 0.00 98.98
722 0.25 0.00 0.25 0.00 0.00 0.00 0.50 0.00 0.00 98.99
723 0.25 0.00 0.00 1.02 0.00 0.00 0.25 0.00 0.00 98.47
724 0.51 0.00 0.25 0.00 0.00 0.00 0.51 0.00 0.00 98.73
725 1.51 0.00 0.50 3.53 0.00 0.00 0.00 0.00 0.00 94.46
726 0.76 0.00 0.00 0.00 0.00 0.00 0.25 0.00 0.00 98.99
727 0.25 0.00 0.00 0.00 0.00 0.00 0.25 0.00 0.00 99.49
728 0.25 0.00 0.50 0.00 0.00 0.00 0.25 0.00 0.00 98.99
729 0.51 0.00 0.25 0.25 0.00 0.00 0.00 0.00 0.00 98.99
730 1.76 0.00 0.50 0.00 0.00 0.00 0.25 0.00 0.00 97.48
731 0.50 0.00 0.25 0.00 0.00 0.00 0.00 0.00 0.00 99.24
732 1.01 0.00 0.00 0.00 0.00 0.00 0.25 0.00 0.00 98.74
733 0.51 0.00 0.25 0.00 0.00 0.00 0.00 0.00 0.00 99.24
734 0.51 0.00 0.25 3.80 0.00 0.00 0.00 0.00 0.00 95.44
735 0.51 0.00 0.00 1.01 0.00 0.00 0.25 0.00 0.00 98.23
736 0.76 0.00 0.25 0.00 0.00 0.00 0.25 0.00 0.00 98.74
737 0.00 0.00 0.00 0.00 0.00 0.00 0.00 0.00 0.00 100.00
738 0.76 0.00 0.25 0.00 0.00 0.00 0.25 0.00 0.00 98.74
739 0.50 0.00 0.50 0.25 0.00 0.00 0.00 0.00 0.00 98.74
740 1.27 0.00 0.25 0.00 0.00 0.25 0.00 0.00 0.00 98.22
741 0.50 0.00 0.50 0.00 0.00 0.00 0.25 0.00 0.00 98.75
742 0.25 0.00 0.00 0.00 0.00 0.00 0.00 0.00 0.00 99.75
743 0.50 0.00 0.50 0.00 0.00 0.00 0.00 0.00 0.00 98.99
744 0.51 0.00 0.76 3.54 0.00 0.00 0.25 0.00 0.00 94.95
745 0.51 0.00 0.25 0.00 0.00 0.00 0.00 0.00 0.00 99.24
746 0.50 0.00 0.50 0.00 0.00 0.00 0.00 0.00 0.00 98.99
747 0.25 0.00 0.25 0.00 0.00 0.00 0.25 0.00 0.00 99.24
748 0.25 0.00 0.00 0.00 0.00 0.00 0.25 0.00 0.00 99.49
749 0.76 0.00 0.00 0.25 0.00 0.00 0.25 0.00 0.00 98.73
750 0.25 0.00 0.25 0.00 0.00 0.00 0.25 0.00 0.00 99.24
751 0.51 0.00 0.51 0.00 0.00 0.00 0.00 0.00 0.00 98.99
752 0.77 0.00 0.51 1.02 0.00 0.00 1.02 0.00 0.00 96.68
753 0.77 0.00 0.00 0.00 0.00 0.00 0.77 0.00 0.00 98.47
754 0.26 0.00 0.26 3.61 0.00 0.00 0.26 0.00 0.00 95.62
755 0.50 0.00 0.50 0.25 0.00 0.00 0.00 0.00 0.00 98.74
756 0.25 0.00 0.50 0.00 0.00 0.00 0.25 0.00 0.00 98.99
757 0.25 0.00 0.00 0.00 0.00 0.00 0.25 0.00 0.00 99.49
758 0.25 0.00 0.50 0.00 0.00 0.00 0.00 0.00 0.00 99.24
759 2.02 0.00 0.51 0.25 0.00 0.00 0.25 0.00 0.00 96.97
760 0.25 0.00 0.00 0.00 0.00 0.00 0.00 0.00 0.00 99.75
761 0.25 0.00 0.50 0.00 0.00 0.00 0.00 0.00 0.00 99.24
762 0.25 0.00 0.00 0.00 0.00 0.00 0.25 0.00 0.00 99.49
763 0.76 0.00 0.50 0.00 0.00 0.00 0.25 0.00 0.00 98.49
764 2.02 0.00 0.50 0.00 0.00 0.00 0.25 0.00 0.00 97.23
765 0.50 0.00 1.01 3.53 0.00 0.00 0.25 0.00 0.00 94.71
766 0.50 0.00 0.50 0.00 0.00 0.00 0.00 0.00 0.00 98.99
767 0.50 0.00 0.25 0.00 0.00 0.00 0.00 0.00 0.00 99.24
768 0.25 0.00 0.50 0.00 0.00 0.00 0.50 0.00 0.00 98.75
769 0.51 0.00 0.25 0.25 0.00 0.00 0.51 0.00 0.00 98.48
770 0.50 0.00 0.25 0.00 0.00 0.00 0.00 0.00 0.00 99.24
771 0.50 0.00 0.25 0.00 0.00 0.00 0.25 0.00 0.00 98.99
772 2.27 0.00 0.51 0.00 0.00 0.00 0.51 0.00 0.00 96.72
773 5.91 0.00 0.51 0.00 0.00 0.00 0.26 0.00 0.00 93.32
774 0.25 0.00 0.51 0.00 0.00 0.00 0.00 0.00 0.00 99.24
775 0.75 0.00 0.50 3.76 0.00 0.00 0.25 0.00 0.00 94.74
776 0.25 0.00 0.25 0.00 0.00 0.00 0.00 0.00 0.00 99.49
777 1.00 0.00 0.25 0.00 0.00 0.00 0.25 0.00 0.00 98.50
778 1.51 0.00 0.76 7.56 0.00 0.00 0.50 0.00 0.00 89.67
779 1.27 0.00 0.25 3.29 0.00 0.00 0.25 0.00 0.00 94.94
780 0.50 0.00 0.50 0.00 0.00 0.00 0.25 0.00 0.00 98.74
781 3.35 0.00 0.00 0.00 0.00 0.26 0.77 0.00 0.00 95.62
782 1.77 0.00 1.01 1.26 0.00 0.00 0.51 0.00 0.00 95.45
783 0.25 0.00 0.00 0.00 0.00 0.00 0.25 0.00 0.00 99.49
784 0.50 0.00 0.50 0.00 0.00 0.00 0.00 0.00 0.00 99.00
785 1.02 0.00 1.02 17.01 0.00 0.00 0.25 0.00 0.00 80.71
786 2.04 0.00 0.25 22.90 0.00 0.00 0.00 0.00 0.00 74.81
787 0.00 0.00 0.25 6.82 0.00 0.00 0.25 0.00 0.00 92.68
788 0.50 0.00 0.25 0.00 0.00 0.00 0.25 0.00 0.00 98.99
789 0.51 0.00 0.51 3.54 0.00 0.00 0.25 0.00 0.00 95.20
790 0.00 0.00 0.00 0.00 0.00 0.00 0.51 0.00 0.00 99.49
791 0.00 0.00 0.25 0.00 0.00 0.00 0.00 0.00 0.00 99.75
792 1.02 0.00 0.25 0.00 0.00 0.00 0.00 0.00 0.00 98.73
793 0.51 0.00 0.00 0.00 0.00 0.00 0.25 0.00 0.00 99.24
794 0.25 0.00 0.25 0.00 0.00 0.00 0.76 0.00 0.00 98.74
795 0.26 0.00 0.78 4.94 0.00 0.00 0.00 0.00 0.00 94.03
796 0.51 0.00 0.25 0.00 0.00 0.00 0.25 0.00 0.00 98.98
797 0.00 0.00 0.25 0.00 0.00 0.00 0.25 0.00 0.00 99.49
798 0.00 0.00 0.00 0.00 0.00 0.00 0.25 0.00 0.00 99.75
799 0.25 0.00 0.25 0.25 0.00 0.00 0.25 0.00 0.00 98.99
800 0.50 0.00 0.25 0.00 0.00 0.00 0.00 0.00 0.00 99.24
801 0.25 0.00 0.00 0.00 0.00 0.00 0.51 0.00 0.00 99.24
802 0.25 0.00 0.25 0.00 0.00 0.00 0.00 0.00 0.00 99.49
803 1.27 0.00 0.25 0.00 0.00 0.00 0.25 0.00 0.00 98.23
804 0.76 0.00 0.25 0.00 0.00 0.00 0.00 0.00 0.00 98.99
805 0.51 0.00 0.51 4.30 0.00 0.00 0.00 0.00 0.00 94.68
806 0.50 0.00 0.25 0.00 0.00 0.00 0.00 0.00 0.00 99.24
807 0.50 0.00 0.25 0.00 0.00 0.00 0.25 0.00 0.00 98.99
808 1.52 0.00 0.00 0.00 0.00 0.00 0.00 0.00 0.00 98.48
809 1.01 0.00 0.00 3.79 0.00 0.00 0.00 0.00 0.00 95.20
810 0.51 0.00 0.00 0.00 0.00 0.00 0.00 0.00 0.00 99.49
811 0.50 0.00 0.50 0.00 0.00 0.00 0.00 0.00 0.00 98.99
812 0.25 0.00 0.25 1.01 0.00 0.25 0.51 0.00 0.00 97.73
813 0.51 0.00 0.25 0.00 0.00 0.00 0.00 0.00 0.00 99.24
814 0.76 0.00 0.51 9.09 0.00 0.00 0.00 0.00 0.00 89.65
815 1.77 0.00 0.25 4.55 0.00 0.00 0.00 0.00 0.00 93.43
816 0.25 0.00 0.76 0.00 0.00 0.00 0.25 0.00 0.00 98.74
817 0.50 0.00 0.25 0.00 0.00 0.00 0.00 0.00 0.00 99.25
818 0.25 0.00 0.50 0.00 0.00 0.00 0.00 0.00 0.00 99.24
819 0.50 0.00 0.50 5.76 0.00 0.00 0.25 0.00 0.00 92.98
820 0.00 0.00 0.25 0.00 0.00 0.00 0.25 0.00 0.00 99.49
821 0.25 0.00 0.50 0.00 0.00 0.00 0.00 0.00 0.00 99.25
822 0.50 0.00 0.50 0.00 0.00 0.00 0.00 0.00 0.00 98.99
823 0.25 0.00 0.50 0.00 0.00 0.00 0.25 0.00 0.00 98.99
824 0.50 0.00 0.50 0.00 0.00 0.00 0.00 0.00 0.00 98.99
825 1.53 0.00 1.02 53.45 0.00 0.00 0.00 0.00 0.00 43.99
826 0.50 0.00 0.50 73.05 0.00 0.00 0.00 0.00 0.00 25.94
827 1.78 0.00 0.76 19.34 0.00 0.00 0.51 0.00 0.00 77.61
828 0.51 0.00 0.25 0.00 0.00 0.00 0.25 0.00 0.00 98.99
829 0.51 0.00 0.25 0.76 0.00 0.00 0.00 0.00 0.00 98.47
830 0.25 0.00 0.00 0.00 0.00 0.00 0.25 0.00 0.00 99.49
831 3.01 0.00 0.50 0.00 0.00 0.00 0.25 0.00 0.00 96.24
832 1.51 0.00 0.25 0.00 0.00 0.00 0.00 0.00 0.00 98.24
833 8.12 0.00 1.02 0.25 0.00 0.25 0.25 0.00 0.00 90.10
834 0.50 0.00 0.50 3.53 0.00 0.00 0.00 0.00 0.00 95.47
835 0.50 0.00 0.50 0.00 0.00 0.00 0.25 0.00 0.00 98.75
836 0.76 0.00 0.25 0.00 0.00 0.00 0.25 0.00 0.00 98.73
837 0.76 0.00 0.25 0.00 0.00 0.00 0.51 0.00 0.00 98.48
838 0.00 0.00 0.25 0.00 0.00 0.00 0.25 0.00 0.00 99.49
839 1.53 0.00 0.51 11.25 0.00 0.00 0.00 0.00 0.00 86.70
840 0.50 0.00 0.25 0.00 0.00 0.25 0.25 0.00 0.00 98.74
841 0.25 0.00 0.25 0.00 0.00 0.00 0.25 0.00 0.00 99.24
842 0.25 0.00 0.25 1.02 0.00 0.00 0.51 0.00 0.00 97.97
843 0.25 0.00 0.25 0.00 0.00 0.00 0.25 0.00 0.00 99.25
844 1.79 0.00 0.26 0.00 0.00 0.00 0.00 0.00 0.00 97.95
845 0.26 0.00 0.26 1.29 0.00 0.00 0.00 0.00 0.00 98.20
846 0.76 0.00 0.25 0.00 0.00 0.00 0.25 0.00 0.00 98.74
847 0.25 0.00 0.00 0.00 0.00 0.00 0.25 0.00 0.00 99.49
848 1.52 0.00 1.02 0.00 0.00 0.00 0.00 0.00 0.00 97.46
849 0.51 0.00 0.25 0.00 0.00 0.00 0.25 0.00 0.00 98.99
850 0.25 0.00 0.25 0.00 0.00 0.00 0.25 0.00 0.00 99.24
851 0.75 0.00 0.25 0.00 0.00 0.00 0.25 0.00 0.00 98.74
852 0.51 0.00 0.25 0.00 0.00 0.00 0.00 0.00 0.00 99.24
853 0.25 0.00 0.50 0.00 0.00 0.00 0.50 0.00 0.00 98.74
854 0.51 0.00 0.00 0.25 0.00 0.00 0.51 0.00 0.00 98.74
855 0.00 0.00 0.25 3.82 0.00 0.00 0.25 0.00 0.00 95.67
856 0.25 0.00 0.50 0.00 0.00 0.00 0.25 0.00 0.00 98.99
857 1.01 0.00 0.25 0.00 0.00 0.00 0.00 0.00 0.00 98.74
858 1.27 0.00 0.00 0.00 0.00 0.00 0.25 0.00 0.00 98.48
859 0.51 0.00 0.25 0.00 0.00 0.00 0.00 0.00 0.00 99.24
860 0.50 0.00 0.25 0.00 0.00 0.00 0.00 0.00 0.00 99.24
861 0.25 0.00 0.00 0.00 0.00 0.00 0.25 0.00 0.00 99.49
862 0.25 0.00 0.75 0.00 0.00 0.00 0.00 0.00 0.00 98.99
863 0.00 0.00 0.76 0.00 0.00 0.00 0.00 0.00 0.00 99.24
864 0.25 0.00 0.00 0.00 0.00 0.00 0.25 0.00 0.00 99.50
865 0.76 0.00 0.25 3.54 0.00 0.00 0.00 0.00 0.00 95.45
866 0.25 0.00 0.76 0.00 0.00 0.00 0.25 0.00 0.00 98.74
867 0.00 0.00 0.25 0.00 0.00 0.00 0.25 0.00 0.00 99.49
868 0.51 0.00 0.00 0.00 0.00 0.00 0.00 0.00 0.00 99.49
869 0.75 0.00 0.50 0.25 0.00 0.00 0.00 0.00 0.00 98.50
870 1.79 0.00 0.00 0.00 0.00 0.00 0.51 0.00 0.00 97.70
871 1.00 0.00 0.25 0.00 0.00 0.00 0.00 0.00 0.00 98.75
872 0.26 0.00 0.26 1.28 0.00 0.00 0.26 0.00 0.00 97.95
873 0.50 0.00 0.50 0.00 0.00 0.00 0.50 0.00 0.00 98.49
874 1.27 0.00 0.25 3.82 0.00 0.00 0.25 0.00 0.00 94.40
875 0.25 0.00 0.25 0.00 0.00 0.00 0.25 0.00 0.00 99.24
876 0.25 0.00 0.76 0.00 0.00 0.00 0.00 0.00 0.00 98.99
877 0.50 0.00 0.75 0.00 0.00 0.00 0.75 0.00 0.00 97.99
878 0.25 0.00 0.25 0.00 0.00 0.25 0.25 0.00 0.00 98.99
879 0.51 0.00 0.25 5.84 0.00 0.00 0.00 0.00 0.00 93.40
880 0.50 0.00 0.50 0.00 0.00 0.00 0.25 0.00 0.00 98.75
881 0.25 0.00 0.75 0.00 0.00 0.00 0.00 0.00 0.00 99.00
882 1.28 0.00 0.26 0.00 0.00 0.00 0.00 0.00 0.00 98.47
883 0.25 0.00 0.25 0.00 0.00 0.00 0.25 0.00 0.00 99.24
884 1.77 0.00 0.76 3.54 0.00 0.00 0.00 0.00 0.00 93.94
885 0.76 0.00 0.25 1.01 0.00 0.00 0.00 0.00 0.00 97.98
886 0.50 0.00 0.50 0.00 0.00 0.00 0.00 0.00 0.00 98.99
887 0.76 0.00 0.25 0.00 0.00 0.00 0.00 0.00 0.00 98.99
888 0.25 0.00 0.50 0.00 0.00 0.00 0.50 0.00 0.00 98.75
889 0.76 0.00 0.25 0.00 0.00 0.00 0.25 0.00 0.00 98.74
890 3.81 0.00 0.51 0.00 0.00 0.00 0.00 0.00 0.00 95.69
891 0.25 0.00 0.51 0.00 0.00 0.00 0.76 0.00 0.00 98.48
892 0.51 0.00 0.00 0.00 0.00 0.00 0.25 0.00 0.00 99.24
893 8.16 0.00 1.02 0.26 0.00 0.00 0.26 0.00 0.00 90.31
894 0.76 0.00 0.25 3.02 0.00 0.00 0.25 0.00 0.00 95.72
895 0.25 0.00 0.25 1.27 0.00 0.00 0.25 0.00 0.00 97.97
896 0.25 0.00 0.00 0.00 0.00 0.25 0.00 0.00 0.00 99.49
897 0.51 0.00 0.00 0.00 0.00 0.00 0.51 0.00 0.00 98.99
898 1.78 0.00 1.02 7.63 0.00 0.00 0.00 0.00 0.00 89.57
899 1.52 0.00 0.51 3.80 0.00 0.00 0.25 0.00 0.00 93.92
900 0.25 0.00 0.50 0.00 0.00 0.00 0.25 0.00 0.00 98.99
901 0.50 0.00 0.25 0.00 0.00 0.00 0.00 0.00 0.00 99.24
902 0.77 0.00 0.26 0.00 0.00 0.00 1.28 0.00 0.00 97.70
903 1.03 0.00 0.51 0.77 0.00 0.00 3.59 0.00 0.00 94.10
904 0.25 0.00 0.00 0.00 0.00 0.00 2.02 0.00 0.00 97.73
905 0.50 0.00 0.50 10.30 0.00 0.00 0.25 0.00 0.00 88.44
906 0.25 0.00 0.25 0.00 0.00 0.00 0.00 0.00 0.00 99.49
907 0.25 0.00 0.76 0.00 0.00 0.00 0.00 0.00 0.00 98.99
908 0.75 0.00 0.25 0.00 0.00 0.00 0.25 0.00 0.00 98.75
909 0.51 0.00 0.51 0.00 0.00 0.00 0.00 0.00 0.00 98.99
910 0.00 0.00 0.25 0.00 0.00 0.00 0.00 0.00 0.00 99.75
911 0.25 0.00 0.50 0.00 0.00 0.25 0.25 0.00 0.00 98.74
912 0.50 0.00 0.50 0.00 0.00 0.00 0.25 0.00 0.00 98.74
913 1.53 0.00 0.51 0.00 0.00 0.00 0.76 0.00 0.00 97.20
914 0.51 0.00 0.25 5.09 0.00 0.00 0.76 0.00 0.00 93.38
915 0.25 0.00 0.25 0.00 0.00 0.00 0.25 0.00 0.00 99.24
916 0.50 0.00 0.50 0.00 0.00 0.00 0.00 0.00 0.00 98.99
917 0.25 0.00 0.25 0.00 0.00 0.00 0.00 0.00 0.00 99.49
918 0.25 0.00 0.25 0.00 0.00 0.00 0.25 0.00 0.00 99.24
919 0.51 0.00 0.25 0.25 0.00 0.00 0.00 0.00 0.00 98.99
920 0.25 0.00 0.25 0.00 0.00 0.00 0.51 0.00 0.00 98.99
921 0.25 0.00 0.25 0.00 0.00 0.00 0.25 0.00 0.00 99.24
922 0.50 0.00 0.25 0.00 0.00 0.00 0.25 0.00 0.00 98.99
923 1.01 0.00 0.25 0.00 0.00 0.00 0.25 0.00 0.00 98.48
924 1.27 0.00 0.00 3.55 0.00 0.00 0.00 0.00 0.00 95.18
925 0.25 0.00 0.50 0.00 0.00 0.00 0.25 0.00 0.00 98.99
926 0.50 0.00 0.25 0.00 0.00 0.00 0.00 0.00 0.00 99.24
927 0.51 0.00 0.25 0.00 0.00 0.00 0.00 0.00 0.00 99.24
928 0.00 0.00 0.25 0.00 0.00 0.00 0.25 0.00 0.00 99.49
929 1.00 0.00 0.50 0.25 0.00 0.00 0.00 0.00 0.00 98.25
930 0.25 0.00 0.00 0.00 0.00 0.00 0.00 0.00 0.00 99.75
931 0.25 0.00 0.50 0.00 0.00 0.25 0.00 0.00 0.00 98.99
932 0.00 0.00 0.25 0.00 0.00 0.00 0.25 0.00 0.00 99.49
933 0.51 0.00 0.25 1.01 0.00 0.00 0.00 0.00 0.00 98.23
934 1.54 0.00 0.51 4.10 0.00 0.00 0.26 0.00 0.00 93.59
935 1.77 0.00 0.76 3.28 0.00 0.00 0.00 0.00 0.00 94.19
936 0.25 0.00 0.25 0.00 0.00 0.00 0.25 0.00 0.00 99.24
937 0.51 0.00 0.25 0.00 0.00 0.00 0.00 0.00 0.00 99.24
938 0.50 0.00 0.25 0.00 0.00 0.00 0.00 0.00 0.00 99.24
939 0.25 0.00 0.25 0.00 0.00 0.00 0.00 0.00 0.00 99.49
940 2.29 0.00 0.76 0.00 0.00 0.00 0.00 0.00 0.00 96.95
941 0.51 0.00 0.25 0.00 0.00 0.00 0.25 0.00 0.00 98.99
942 0.25 0.00 0.00 0.00 0.00 0.00 0.25 0.00 0.00 99.49
943 0.25 0.00 0.25 0.00 0.00 0.00 0.00 0.00 0.00 99.49
944 1.00 0.00 0.50 0.25 0.00 0.00 0.00 0.00 0.00 98.26
945 0.51 0.00 0.51 24.24 0.00 0.00 0.25 0.00 0.00 74.49
946 0.51 0.00 0.51 24.75 0.00 0.00 0.00 0.00 0.00 74.24
947 2.02 0.00 0.25 63.89 0.00 0.00 0.25 0.00 0.00 33.59
948 1.53 0.00 0.26 14.83 0.00 0.00 0.51 0.00 0.00 82.86
949 0.76 0.00 0.76 0.00 0.00 0.00 0.00 0.00 0.00 98.49
950 0.50 0.00 0.50 0.00 0.00 0.00 0.25 0.00 0.00 98.74
951 0.51 0.00 0.00 0.00 0.00 0.00 0.00 0.00 0.00 99.49
952 0.25 0.00 0.25 0.00 0.00 0.00 0.00 0.00 0.00 99.50
953 8.76 0.00 0.52 0.26 0.00 0.00 0.52 0.00 0.00 89.95
954 0.50 0.00 0.25 0.00 0.00 0.00 1.01 0.00 0.00 98.24
955 0.50 0.00 0.50 3.53 0.00 0.00 0.00 0.00 0.00 95.47
956 0.50 0.00 0.00 0.00 0.00 0.00 0.25 0.00 0.00 99.24
957 0.51 0.00 0.51 0.00 0.00 0.00 0.25 0.00 0.00 98.74
958 0.25 0.00 0.25 0.00 0.00 0.00 0.00 0.00 0.00 99.49
959 2.05 0.00 0.77 22.56 0.00 0.00 0.77 0.00 0.00 73.85
960 0.50 0.00 0.25 7.05 0.00 0.00 0.00 0.00 0.00 92.19
961 0.00 0.00 0.25 0.00 0.00 0.00 0.25 0.00 0.00 99.50
962 0.25 0.00 0.51 0.00 0.00 0.00 0.25 0.00 0.00 98.98
963 0.25 0.00 0.50 1.01 0.00 0.00 0.76 0.00 0.00 97.48
964 0.75 0.00 0.25 0.00 0.00 0.00 0.25 0.00 0.00 98.74
965 0.25 0.00 0.25 14.43 0.00 0.00 0.00 0.00 0.00 85.06
966 0.51 0.00 0.76 8.86 0.00 0.00 0.00 0.00 0.00 89.87
967 0.50 0.00 0.50 0.00 0.00 0.00 0.25 0.00 0.00 98.74
968 0.25 0.00 0.00 0.00 0.00 0.00 0.25 0.00 0.00 99.49
969 1.27 0.00 0.51 1.02 0.00 0.00 0.00 0.00 0.00 97.21
970 0.76 0.00 0.51 0.00 0.00 0.00 0.25 0.00 0.00 98.47
971 0.51 0.00 0.00 0.00 0.00 0.00 0.25 0.00 0.00 99.24
972 0.51 0.00 0.51 0.00 0.00 0.00 0.51 0.00 0.00 98.48
973 0.50 0.00 0.50 0.00 0.00 0.00 0.00 0.00 0.00 98.99
974 0.25 0.00 0.50 0.25 0.00 0.00 0.25 0.00 0.00 98.75
975 0.76 0.00 0.25 16.50 0.00 0.00 0.25 0.00 0.00 82.23
976 0.50 0.00 0.50 4.03 0.00 0.00 0.00 0.00 0.00 94.96
977 1.00 0.00 0.25 0.00 0.00 0.00 0.25 0.00 0.00 98.50
978 0.25 0.00 0.50 0.00 0.00 0.00 0.25 0.00 0.00 98.99
979 0.76 0.00 0.00 2.53 0.00 0.00 0.25 0.00 0.00 96.46
980 1.52 0.00 0.25 0.00 0.00 0.00 0.25 0.00 0.00 97.97
981 0.50 0.00 0.25 0.00 0.00 0.00 0.00 0.00 0.00 99.24
982 0.25 0.00 0.25 8.56 0.00 0.00 0.00 0.00 0.00 90.93
983 0.50 0.00 0.25 0.00 0.00 0.00 0.00 0.00 0.00 99.25
984 0.76 0.00 0.00 0.00 0.00 0.00 0.25 0.00 0.00 98.99
985 0.51 0.00 0.51 6.58 0.00 0.00 0.00 0.00 0.00 92.41
986 0.50 0.00 0.50 0.00 0.00 0.00 0.00 0.00 0.00 98.99
987 0.76 0.00 0.25 0.00 0.00 0.00 0.25 0.00 0.00 98.74
988 0.76 0.00 0.25 0.00 0.00 0.00 0.25 0.00 0.00 98.74
989 0.51 0.00 0.51 0.00 0.00 0.00 0.51 0.00 0.00 98.48
990 0.50 0.00 0.50 0.00 0.00 0.00 0.00 0.00 0.00 98.99
991 1.02 0.00 0.51 0.00 0.00 0.00 0.00 0.00 0.00 98.47
992 0.76 0.00 0.25 0.00 0.00 0.00 0.25 0.00 0.00 98.74
993 0.25 0.00 0.25 1.27 0.00 0.00 0.25 0.00 0.00 97.97
994 0.25 0.00 0.51 4.05 0.00 0.00 0.51 0.00 0.00 94.68
995 0.76 0.00 0.00 0.00 0.00 0.00 0.50 0.00 0.00 98.74
996 0.76 0.00 0.25 0.00 0.00 0.00 0.25 0.00 0.00 98.74
997 0.51 0.00 0.76 0.00 0.00 0.00 0.00 0.00 0.00 98.74
998 0.25 0.00 0.25 0.00 0.00 0.00 0.25 0.00 0.00 99.24
999 5.57 0.00 0.25 0.00 0.00 0.00 0.00 0.00 0.00 94.18
1000 0.50 0.00 0.25 0.00 0.00 0.00 0.25 0.00 0.00 98.99
1001 0.75 0.00 0.50 0.00 0.00 0.00 0.25 0.00 0.00 98.50
1002 0.51 0.00 0.00 0.00 0.00 0.00 0.25 0.00 0.00 99.24
1003 0.25 0.00 0.25 0.00 0.00 0.00 0.00 0.00 0.00 99.49
1004 1.27 0.00 0.51 3.80 0.00 0.00 0.25 0.00 0.00 94.18
1005 0.76 0.00 0.51 0.00 0.00 0.00 0.00 0.00 0.00 98.73
1006 0.51 0.00 0.51 0.00 0.00 0.00 0.51 0.00 0.00 98.48
1007 0.50 0.00 0.25 0.00 0.00 0.00 0.00 0.00 0.00 99.24
1008 0.25 0.00 0.25 0.00 0.00 0.00 0.25 0.00 0.00 99.24
1009 0.76 0.00 0.25 0.00 0.00 0.00 0.00 0.00 0.00 98.99
1010 0.51 0.00 0.25 0.00 0.00 0.25 0.00 0.00 0.00 98.99
1011 0.50 0.00 0.25 0.00 0.00 0.00 0.00 0.00 0.00 99.24
1012 0.76 0.00 0.00 0.00 0.00 0.00 0.00 0.00 0.00 99.24
1013 10.79 0.00 1.05 2.37 0.00 0.00 0.53 0.00 0.00 85.26
1014 1.00 0.00 0.75 4.50 0.00 0.00 0.00 0.00 0.00 93.75
1015 0.51 0.00 0.25 5.60 0.00 0.00 0.51 0.00 0.00 93.13
1016 0.00 0.00 0.50 0.00 0.00 0.00 0.00 0.00 0.00 99.50
1017 0.75 0.00 0.75 0.00 0.00 0.00 0.25 0.00 0.00 98.25
1018 0.76 0.00 0.25 0.00 0.00 0.00 0.00 0.00 0.00 98.99
1019 3.06 0.00 0.77 13.78 0.00 0.00 0.26 0.00 0.00 82.14
1020 0.25 0.00 0.25 0.00 0.00 0.00 0.76 0.00 0.00 98.73
1021 0.25 0.00 0.00 0.00 0.00 0.00 0.25 0.00 0.00 99.49
1022 0.51 0.00 0.25 1.01 0.00 0.00 0.25 0.00 0.00 97.97
1023 0.25 0.00 0.25 0.00 0.00 0.00 0.51 0.00 0.00 98.99
1024 0.75 0.00 0.25 0.25 0.00 0.00 0.25 0.00 0.00 98.50
1025 7.97 0.00 0.77 3.60 0.00 0.00 0.26 0.00 0.00 87.40
1026 1.54 0.00 0.51 0.00 0.00 0.00 0.00 0.00 0.00 97.95
1027 0.50 0.00 0.76 0.00 0.00 0.00 0.76 0.00 0.00 97.98
1028 0.25 0.00 0.25 0.00 0.00 0.00 0.00 0.00 0.00 99.49
1029 1.01 0.00 0.50 0.25 0.00 0.00 0.00 0.00 0.00 98.24
1030 0.25 0.00 0.25 0.00 0.00 0.00 0.25 0.00 0.00 99.24
1031 0.76 0.00 0.00 0.00 0.00 0.00 0.00 0.00 0.00 99.24
1032 0.50 0.00 0.50 0.00 0.00 0.25 0.00 0.00 0.00 98.75
1033 1.52 0.00 0.25 0.00 0.00 0.00 0.25 0.00 0.00 97.97
1034 1.25 0.00 0.50 0.00 0.00 0.00 0.25 0.00 0.00 98.00
1035 0.51 0.00 0.25 3.80 0.00 0.25 0.00 0.00 0.00 95.19
1036 1.25 0.00 0.50 0.00 0.00 0.00 0.25 0.00 0.00 97.99
1037 0.51 0.00 0.25 0.00 0.00 0.00 0.00 0.00 0.00 99.24
1038 0.50 0.00 0.25 0.00 0.00 0.00 0.25 0.00 0.00 98.99
1039 0.51 0.00 0.25 0.25 0.00 0.00 0.00 0.00 0.00 98.99
1040 0.76 0.00 0.25 0.00 0.00 0.00 0.51 0.00 0.00 98.48
1041 0.25 0.00 0.25 0.00 0.00 0.00 0.25 0.00 0.00 99.24
1042 0.76 0.00 0.00 0.00 0.00 0.00 0.25 0.00 0.00 98.99
1043 0.25 0.00 0.25 0.00 0.00 0.00 0.25 0.00 0.00 99.24
1044 0.51 0.00 0.00 9.95 0.00 0.00 0.00 0.00 0.00 89.54
1045 0.50 0.00 0.50 8.56 0.00 0.00 0.50 0.00 0.00 89.92
1046 0.76 0.00 0.25 0.00 0.00 0.00 0.25 0.00 0.00 98.73
1047 1.52 0.00 0.51 0.00 0.00 0.00 0.25 0.00 0.00 97.72
1048 0.76 0.00 0.25 0.00 0.00 0.00 0.00 0.00 0.00 98.99
1049 0.51 0.00 0.51 0.00 0.00 0.00 0.00 0.00 0.00 98.98
1050 0.51 0.00 0.00 0.00 0.00 0.00 0.00 0.00 0.00 99.49
1051 0.50 0.00 0.50 0.00 0.00 0.00 0.00 0.00 0.00 98.99
1052 0.51 0.00 0.51 1.77 0.00 0.00 0.00 0.00 0.00 97.22
1053 0.25 0.00 0.00 0.00 0.00 0.00 0.51 0.00 0.00 99.24
1054 0.51 0.00 0.00 0.00 0.00 0.00 0.25 0.00 0.00 99.24
1055 0.75 0.00 0.75 3.77 0.00 0.00 0.25 0.00 0.00 94.47
1056 0.00 0.00 0.25 0.00 0.00 0.00 0.25 0.00 0.00 99.49
1057 0.51 0.00 0.25 0.00 0.00 0.00 0.25 0.00 0.00 98.99
1058 0.25 0.00 0.25 0.00 0.00 0.00 0.25 0.00 0.00 99.24
1059 1.27 0.00 0.51 3.05 0.00 0.00 0.25 0.00 0.00 94.91
1060 0.25 0.00 0.50 0.00 0.00 0.00 0.00 0.00 0.00 99.25
1061 0.25 0.00 0.25 0.00 0.00 0.00 0.00 0.00 0.00 99.49
1062 0.51 0.00 0.25 0.00 0.00 0.00 0.00 0.00 0.00 99.24
1063 0.00 0.00 0.00 0.00 0.00 0.00 0.25 0.00 0.00 99.75
1064 0.25 0.00 0.00 0.00 0.00 0.00 0.00 0.00 0.00 99.75
1065 0.51 0.00 0.76 3.55 0.00 0.00 0.25 0.00 0.00 94.92
1066 0.50 0.00 0.25 0.00 0.00 0.00 0.25 0.00 0.00 98.99
1067 0.75 0.00 0.75 0.00 0.00 0.00 0.25 0.00 0.00 98.25
1068 0.00 0.00 0.25 0.00 0.00 0.25 0.25 0.00 0.00 99.24
1069 1.01 0.00 0.25 0.00 0.00 0.00 0.00 0.00 0.00 98.74
1070 0.76 0.00 0.00 0.00 0.00 0.00 0.25 0.00 0.00 98.99
1071 1.79 0.00 0.51 0.00 0.00 0.00 0.00 0.00 0.00 97.69
1072 0.50 0.00 0.25 0.00 0.00 0.25 0.25 0.00 0.00 98.74
1073 9.02 0.00 0.52 0.26 0.00 0.00 0.26 0.00 0.00 89.95
1074 0.76 0.00 0.50 3.78 0.00 0.00 0.50 0.00 0.00 94.46
1075 0.25 0.00 0.00 0.00 0.00 0.00 0.00 0.00 0.00 99.75
1076 0.25 0.00 0.25 0.00 0.00 0.00 0.25 0.00 0.00 99.24
1077 1.28 0.00 0.26 0.00 0.00 0.00 0.00 0.00 0.00 98.47
1078 2.03 0.00 1.27 2.53 0.00 0.00 0.25 0.00 0.00 93.92
1079 0.76 0.00 0.00 8.38 0.00 0.00 0.00 0.00 0.00 90.86
1080 0.50 0.00 0.25 0.00 0.00 0.00 0.00 0.00 0.00 99.25
1081 0.25 0.00 0.00 0.00 0.00 0.00 0.25 0.00 0.00 99.49
1082 0.25 0.00 0.25 1.02 0.00 0.00 0.25 0.00 0.00 98.22
1083 0.51 0.00 0.25 0.00 0.00 0.00 0.51 0.00 0.00 98.74
1084 0.75 0.00 0.50 3.77 0.00 0.00 0.00 0.00 0.00 94.97
1085 1.53 0.00 0.25 0.00 0.00 0.00 0.25 0.00 0.00 97.96
1086 0.25 0.00 0.25 0.00 0.00 0.00 0.00 0.00 0.00 99.49
1087 0.51 0.00 0.51 0.25 0.00 0.00 0.25 0.00 0.00 98.48
1088 0.00 0.00 0.76 0.00 0.00 0.00 0.00 0.00 0.00 99.24
1089 0.75 0.00 0.50 0.25 0.00 0.00 0.00 0.00 0.00 98.49
1090 0.25 0.00 0.50 0.00 0.00 0.00 0.00 0.00 0.00 99.25
1091 0.50 0.00 0.25 0.00 0.00 0.00 0.00 0.00 0.00 99.25
1092 0.50 0.00 0.25 0.00 0.00 0.00 0.25 0.00 0.00 98.99
1093 0.25 0.00 0.50 0.00 0.00 0.00 0.00 0.00 0.00 99.24
1094 0.76 0.00 0.25 3.78 0.00 0.00 0.00 0.00 0.00 95.21
1095 1.01 0.00 1.01 0.00 0.00 0.00 0.00 0.00 0.00 97.99
1096 0.25 0.00 0.25 0.00 0.00 0.00 0.25 0.00 0.00 99.24
1097 0.25 0.00 0.25 0.00 0.00 0.25 0.25 0.00 0.00 98.99
1098 0.50 0.00 0.00 0.00 0.00 0.00 0.25 0.00 0.00 99.24
1099 0.51 0.00 0.51 0.00 0.00 0.00 0.00 0.00 0.00 98.99
1100 1.79 0.00 0.26 0.00 0.00 0.00 0.26 0.00 0.00 97.70
1101 0.25 0.00 0.50 0.00 0.00 0.00 0.00 0.00 0.00 99.25
1102 0.50 0.00 0.25 0.00 0.00 0.00 0.00 0.00 0.00 99.24
1103 1.01 0.00 0.25 0.00 0.00 0.00 0.00 0.00 0.00 98.74
1104 0.76 0.00 0.25 0.00 0.00 0.00 0.25 0.00 0.00 98.74
1105 1.42 0.00 0.50 74.93 0.00 0.00 0.28 0.00 0.00 22.86
1106 0.76 0.00 0.25 0.00 0.00 0.00 0.25 0.00 0.00 98.74
1107 0.25 0.00 0.51 0.00 0.00 0.25 0.25 0.00 0.00 98.74
1108 0.25 0.00 0.51 0.00 0.00 0.00 0.76 0.00 0.00 98.48
1109 0.51 0.00 0.26 0.77 0.00 0.00 0.51 0.00 0.00 97.96
1110 0.25 0.00 0.25 0.50 0.00 0.00 0.50 0.00 0.00 98.49
1111 0.51 0.00 0.00 0.00 0.00 0.00 0.00 0.00 0.00 99.49
1112 0.51 0.00 0.76 3.79 0.00 0.00 0.25 0.00 0.00 94.70
1113 0.00 0.00 0.51 0.00 0.00 0.00 0.76 0.00 0.00 98.73
1114 1.27 0.00 0.25 0.00 0.00 0.00 0.51 0.00 0.00 97.97
1115 0.00 0.00 0.25 0.00 0.00 0.00 0.00 0.00 0.00 99.75
1116 0.51 0.00 0.51 1.26 0.00 0.00 0.25 0.00 0.00 97.47
1117 0.00 0.00 0.25 0.00 0.00 0.00 0.25 0.00 0.00 99.50
1118 0.25 0.00 0.25 0.00 0.00 0.00 0.00 0.00 0.00 99.50
1119 0.25 0.00 0.25 0.00 0.00 0.00 0.25 0.00 0.00 99.24
1120 0.51 0.00 0.00 0.00 0.00 0.00 0.00 0.00 0.00 99.49
1121 0.76 0.00 0.51 0.00 0.00 0.00 0.25 0.00 0.00 98.48
1122 1.53 0.00 0.51 24.17 0.00 0.00 0.51 0.00 0.00 73.28
1123 0.51 0.00 0.51 5.84 0.00 0.00 0.25 0.00 0.00 92.89
1124 0.25 0.00 0.50 0.00 0.00 0.00 0.25 0.00 0.00 98.99
1125 0.25 0.00 0.00 0.00 0.00 0.00 0.25 0.00 0.00 99.49
1126 2.03 0.00 0.51 0.25 0.00 0.00 0.00 0.00 0.00 97.21
1127 0.25 0.00 0.00 0.00 0.00 0.00 0.25 0.00 0.00 99.49
1128 0.50 0.00 1.01 0.00 0.00 0.00 0.25 0.00 0.00 98.24
1129 0.50 0.00 0.00 0.00 0.00 0.00 0.00 0.00 0.00 99.50
1130 6.92 0.00 1.03 1.54 0.00 0.00 0.26 0.00 0.00 90.26
1131 0.50 0.00 0.25 0.00 0.00 0.00 0.00 0.00 0.00 99.24
1132 1.78 0.00 0.51 6.35 0.00 0.00 0.51 0.00 0.00 90.86
1133 0.50 0.00 0.25 0.00 0.00 0.00 0.25 0.00 0.00 98.99
1134 0.25 0.00 0.00 0.00 0.00 0.00 0.25 0.00 0.00 99.49
1135 0.25 0.00 0.25 0.00 0.00 0.00 0.25 0.00 0.00 99.24
1136 1.78 0.00 0.76 6.09 0.00 0.00 0.76 0.00 0.00 90.61
1137 0.25 0.00 0.25 25.69 0.00 0.00 0.00 0.00 0.00 73.80
1138 0.50 0.00 0.12 36.91 0.00 0.00 0.37 0.00 0.00 62.09
1139 0.25 0.00 0.25 0.00 0.00 0.25 1.01 0.00 0.00 98.23
1140 1.27 0.00 0.51 0.00 0.00 0.00 0.51 0.00 0.00 97.71
1141 2.27 0.00 0.76 7.05 0.00 0.00 0.00 0.00 0.00 89.92
1142 0.25 0.00 0.25 24.81 0.00 0.00 0.00 0.00 0.00 74.68
1143 0.50 0.00 0.50 24.69 0.00 0.00 0.25 0.00 0.00 74.06
1144 0.48 0.00 0.28 24.60 0.00 0.00 0.14 0.00 0.00 74.50
1145 0.25 0.00 0.50 0.00 0.00 0.00 0.00 0.00 0.00 99.24
1146 1.78 0.00 0.25 0.00 0.00 0.00 0.25 0.00 0.00 97.72
1147 1.75 0.00 0.50 0.00 0.00 0.00 0.25 0.00 0.00 97.49
1148 0.76 0.00 0.25 0.00 0.00 0.00 0.51 0.00 0.00 98.48
1149 0.25 0.00 0.25 3.81 0.00 0.00 0.51 0.00 0.00 95.18
1150 0.00 0.00 0.51 0.00 0.00 0.00 0.25 0.00 0.00 99.24
1151 0.51 0.00 0.00 0.00 0.00 0.00 0.25 0.00 0.00 99.24
1152 0.00 0.00 0.25 0.00 0.00 0.00 0.00 0.00 0.00 99.75
1153 1.01 0.00 0.00 0.00 0.00 0.00 0.51 0.00 0.00 98.48
1154 0.25 0.00 0.25 0.00 0.00 0.00 0.00 0.00 0.00 99.49
1155 0.25 0.00 0.50 0.00 0.00 0.00 0.50 0.00 0.00 98.74
1156 0.25 0.00 0.51 0.00 0.00 0.00 0.51 0.00 0.00 98.73
1157 2.02 0.00 0.50 0.00 0.00 0.00 0.50 0.00 0.00 96.98
1158 0.50 0.00 0.50 0.00 0.00 0.00 0.50 0.00 0.00 98.49
1159 0.51 0.00 0.25 3.55 0.00 0.00 0.00 0.00 0.00 95.69
1160 0.25 0.00 0.25 0.00 0.00 0.00 0.00 0.00 0.00 99.49
1161 1.01 0.00 0.00 0.00 0.00 0.00 0.51 0.00 0.00 98.48
1162 0.00 0.00 0.00 0.00 0.00 0.00 0.25 0.00 0.00 99.75
1163 0.51 0.00 0.51 0.25 0.00 0.00 0.25 0.00 0.00 98.48
1164 0.51 0.00 0.51 0.00 0.00 0.00 0.25 0.00 0.00 98.74
1165 0.25 0.00 0.51 0.00 0.00 0.00 0.25 0.00 0.00 98.99
1166 0.25 0.00 0.51 1.26 0.00 0.00 0.25 0.00 0.00 97.73
1167 0.00 0.00 0.00 0.00 0.00 0.00 0.51 0.00 0.00 99.49
1168 1.78 0.00 0.25 3.81 0.00 0.00 0.25 0.00 0.00 93.91
1169 1.02 0.00 0.51 0.00 0.00 0.00 0.25 0.00 0.00 98.22
1170 0.51 0.00 1.26 1.52 0.00 0.00 0.25 0.00 0.00 96.46
1171 0.25 0.00 0.25 0.00 0.00 0.25 0.25 0.00 0.00 98.99
1172 0.51 0.00 0.25 0.00 0.00 0.00 0.00 0.00 0.00 99.24
1173 0.51 0.00 0.51 0.25 0.00 0.00 0.25 0.00 0.00 98.48
1174 0.50 0.00 0.50 0.00 0.00 0.00 0.50 0.00 0.00 98.49
1175 0.50 0.00 0.50 0.00 0.00 0.00 0.00 0.00 0.00 98.99
1176 0.00 0.00 0.25 0.00 0.00 0.00 0.00 0.00 0.00 99.75
1177 0.50 0.00 0.25 0.00 0.00 0.00 0.25 0.00 0.00 98.99
1178 0.50 0.00 0.50 3.78 0.00 0.00 0.25 0.00 0.00 94.96
1179 0.51 0.00 1.01 0.00 0.00 0.00 0.51 0.00 0.00 97.97
1180 0.50 0.00 0.00 0.00 0.00 0.00 0.25 0.00 0.00 99.25
1181 0.51 0.00 0.25 0.00 0.00 0.00 0.25 0.00 0.00 98.98
1182 0.76 0.00 0.51 0.00 0.00 0.00 0.25 0.00 0.00 98.48
1183 0.25 0.00 0.25 0.00 0.00 0.00 0.25 0.00 0.00 99.24
1184 0.50 0.00 0.50 0.00 0.00 0.00 0.00 0.00 0.00 98.99
1185 0.76 0.00 0.25 0.00 0.00 0.00 0.00 0.00 0.00 98.99
1186 3.28 0.00 0.25 2.27 0.00 0.00 0.00 0.00 0.00 94.19
1187 6.08 0.00 0.51 1.27 0.00 0.00 0.25 0.00 0.00 91.90
1188 0.51 0.00 0.00 4.06 0.00 0.00 0.00 0.00 0.00 95.43
1189 0.25 0.00 0.25 0.00 0.00 0.00 0.50 0.00 0.00 98.99
1190 0.51 0.00 0.00 0.00 0.00 0.00 0.00 0.00 0.00 99.49
1191 0.51 0.00 0.25 0.00 0.00 0.00 0.25 0.00 0.00 98.99
1192 0.75 0.00 0.25 0.00 0.00 0.00 0.00 0.00 0.00 98.99
1193 1.53 0.00 0.51 12.72 0.00 0.00 0.51 0.00 0.00 84.73
1194 0.51 0.00 0.25 0.00 0.00 0.00 0.00 0.00 0.00 99.24
1195 0.25 0.00 0.51 0.00 0.00 0.00 0.25 0.00 0.00 98.99
1196 0.25 0.00 0.25 1.02 0.00 0.00 0.76 0.00 0.00 97.71
1197 0.51 0.00 0.00 0.00 0.00 0.00 0.76 0.00 0.00 98.74
1198 1.28 0.00 0.51 4.09 0.00 0.00 1.02 0.00 0.00 93.09
1199 0.25 0.00 0.25 19.54 0.00 0.00 0.25 0.00 0.00 79.70
1200 0.50 0.00 0.25 0.00 0.00 0.00 0.00 0.00 0.00 99.25
1201 0.25 0.00 0.25 0.00 0.00 0.00 0.00 0.00 0.00 99.49
1202 1.77 0.00 0.25 0.00 0.00 0.00 0.51 0.00 0.00 97.47
1203 0.50 0.00 0.25 1.26 0.00 0.00 0.00 0.00 0.00 97.98
1204 0.25 0.00 0.75 0.00 0.00 0.00 0.25 0.00 0.00 98.74
1205 0.25 0.00 0.25 0.00 0.00 0.00 0.25 0.00 0.00 99.24
1206 0.25 0.00 0.00 0.00 0.00 0.00 0.25 0.00 0.00 99.49
1207 0.25 0.00 0.25 0.00 0.00 0.00 0.51 0.00 0.00 98.98
1208 0.76 0.00 0.25 3.81 0.00 0.00 0.51 0.00 0.00 94.67
1209 0.25 0.00 0.25 0.00 0.00 0.00 0.00 0.00 0.00 99.49
1210 0.50 0.00 0.50 0.00 0.00 0.00 0.25 0.00 0.00 98.74
1211 1.26 0.00 0.25 0.00 0.00 0.00 0.00 0.00 0.00 98.48
1212 0.00 0.00 0.25 0.00 0.00 0.00 0.00 0.00 0.00 99.75
1213 0.51 0.00 0.51 0.25 0.00 0.00 0.00 0.00 0.00 98.74
1214 0.25 0.00 0.25 0.00 0.00 0.00 0.00 0.00 0.00 99.49
1215 0.50 0.00 0.50 0.00 0.00 0.00 0.00 0.00 0.00 99.00
1216 0.00 0.00 0.00 0.00 0.00 0.00 0.51 0.00 0.00 99.49
1217 0.25 0.00 0.51 0.00 0.00 0.00 0.25 0.00 0.00 98.99
1218 0.25 0.00 0.00 0.25 0.00 0.00 0.00 0.00 0.00 99.49
1219 0.51 0.00 0.25 3.28 0.00 0.00 0.51 0.00 0.00 95.45
1220 0.51 0.00 0.25 0.00 0.00 0.00 0.00 0.00 0.00 99.24
1221 0.76 0.00 0.50 0.76 0.00 0.00 0.00 0.00 0.00 97.98
1222 2.27 0.00 1.01 0.00 0.00 0.00 0.25 0.00 0.00 96.46
1223 0.76 0.00 0.50 0.00 0.00 0.25 0.00 0.00 0.00 98.49
1224 0.51 0.00 0.51 0.00 0.00 0.00 0.25 0.00 0.00 98.74
1225 0.75 0.00 0.50 0.00 0.00 0.00 0.00 0.00 0.00 98.74
1226 0.00 0.00 0.25 1.27 0.00 0.00 0.00 0.00 0.00 98.47
1227 0.50 0.00 0.25 0.00 0.00 0.00 0.50 0.00 0.00 98.74
1228 0.00 0.00 0.00 0.00 0.00 0.00 0.25 0.00 0.00 99.75
1229 1.01 0.00 0.51 3.79 0.00 0.00 0.51 0.00 0.00 94.19
1230 0.25 0.00 0.00 0.00 0.00 0.25 0.00 0.00 0.00 99.50
1231 0.25 0.00 0.25 0.00 0.00 0.00 0.00 0.00 0.00 99.49
1232 0.25 0.00 0.25 0.00 0.00 0.00 0.50 0.00 0.00 98.99
1233 0.75 0.00 0.75 0.25 0.00 0.00 0.00 0.00 0.00 98.25
1234 0.76 0.00 0.50 0.00 0.00 0.00 0.00 0.00 0.00 98.74
1235 1.76 0.00 0.25 0.00 0.00 0.00 0.25 0.00 0.00 97.74
1236 0.26 0.00 0.00 0.00 0.00 0.00 0.51 0.00 0.00 99.23
1237 0.75 0.00 0.50 0.00 0.00 0.00 0.50 0.00 0.00 98.25
1238 1.27 0.00 1.02 3.82 0.00 0.00 0.00 0.00 0.00 93.89
1239 2.54 0.00 1.02 0.00 0.00 0.00 0.25 0.00 0.00 96.19
1240 0.25 0.00 0.50 0.00 0.00 0.00 0.25 0.00 0.00 99.00
1241 0.75 0.00 0.50 0.00 0.00 0.00 0.00 0.00 0.00 98.74
1242 0.76 0.00 0.25 0.00 0.00 0.00 0.00 0.00 0.00 98.99
1243 0.51 0.00 0.25 1.77 0.00 0.00 0.00 0.00 0.00 97.47
1244 3.51 0.00 0.50 0.00 0.00 0.00 0.25 0.00 0.00 95.74
1245 0.00 0.00 0.25 0.00 0.00 0.00 0.25 0.00 0.00 99.49
1246 2.78 0.00 0.76 0.00 0.00 0.00 0.25 0.00 0.00 96.21
1247 6.43 0.00 0.51 0.26 0.00 0.00 0.51 0.00 0.00 92.29
1248 0.25 0.00 0.00 3.82 0.00 0.00 0.00 0.00 0.00 95.93
1249 0.00 0.00 0.25 0.00 0.00 0.00 0.25 0.00 0.00 99.49
1250 0.75 0.00 0.75 0.00 0.00 0.00 0.00 0.00 0.00 98.50
1251 0.00 0.00 0.25 0.00 0.00 0.00 0.25 0.00 0.00 99.49
1252 2.04 0.00 0.51 9.41 0.00 0.00 0.25 0.00 0.00 87.79
1253 1.01 0.00 0.25 1.27 0.00 0.00 0.25 0.00 0.00 97.22
1254 0.51 0.00 0.00 0.00 0.00 0.00 0.25 0.00 0.00 99.24
1255 0.50 0.00 0.25 0.00 0.00 0.00 0.25 0.00 0.00 98.99
1256 0.00 0.00 0.76 1.02 0.00 0.00 0.51 0.00 0.00 97.72
1257 0.00 0.00 0.00 0.00 0.00 0.00 0.25 0.00 0.00 99.75
1258 1.27 0.00 0.51 8.38 0.00 0.00 0.00 0.00 0.00 89.85
1259 0.51 0.00 0.00 5.84 0.00 0.00 0.00 0.00 0.00 93.65
1260 0.76 0.00 0.00 0.00 0.00 0.00 0.25 0.00 0.00 98.99
1261 1.53 0.00 0.51 0.00 0.00 0.00 0.26 0.00 0.00 97.70
1262 0.25 0.00 0.25 0.00 0.00 0.00 0.51 0.00 0.00 98.99
1263 0.75 0.00 0.50 4.27 0.00 0.00 0.00 0.00 0.00 94.47
1264 0.76 0.00 0.25 0.00 0.00 0.00 0.00 0.00 0.00 98.99
1265 0.25 0.00 0.25 0.00 0.00 0.00 0.00 0.00 0.00 99.49
1266 0.25 0.00 0.25 0.00 0.00 0.00 0.25 0.00 0.00 99.24
1267 0.00 0.00 0.25 0.00 0.00 0.00 0.00 0.00 0.00 99.75
1268 1.01 0.00 0.25 4.81 0.00 0.00 0.25 0.00 0.00 93.67
1269 0.75 0.00 0.25 0.00 0.00 0.00 0.00 0.00 0.00 98.99
1270 0.25 0.00 0.51 0.00 0.00 0.00 0.25 0.00 0.00 98.99
1271 0.51 0.00 0.26 0.00 0.00 0.00 0.26 0.00 0.00 98.97
1272 0.50 0.00 0.25 0.00 0.00 0.00 0.50 0.00 0.00 98.74
1273 0.51 0.00 0.00 0.25 0.00 0.00 0.25 0.00 0.00 98.99
1274 0.76 0.00 0.51 0.00 0.00 0.00 0.25 0.00 0.00 98.48
1275 0.25 0.00 0.50 0.00 0.00 0.00 0.25 0.00 0.00 98.99
1276 0.76 0.00 0.25 0.00 0.00 0.00 0.00 0.00 0.00 98.99
1277 1.01 0.00 0.50 0.00 0.00 0.25 0.00 0.00 0.00 98.24
1278 0.75 0.00 0.50 7.79 0.00 0.25 0.00 0.00 0.00 90.70
1279 1.01 0.00 0.00 0.00 0.00 0.00 0.00 0.00 0.00 98.99
1280 0.50 0.00 0.25 0.00 0.00 0.00 0.25 0.00 0.00 98.99
1281 1.01 0.00 0.25 0.00 0.00 0.00 0.00 0.00 0.00 98.73
1282 0.50 0.00 0.50 0.00 0.00 0.00 0.00 0.00 0.00 99.00
1283 2.29 0.00 0.51 0.00 0.00 0.00 0.25 0.00 0.00 96.95
1284 0.51 0.00 0.25 0.00 0.00 0.00 0.51 0.00 0.00 98.74
1285 0.51 0.00 0.76 0.00 0.00 0.00 0.00 0.00 0.00 98.73
1286 0.25 0.00 0.50 1.26 0.00 0.00 0.25 0.00 0.00 97.74
1287 0.00 0.00 0.26 0.00 0.00 0.00 0.00 0.00 0.00 99.74
1288 0.76 0.00 0.25 4.04 0.00 0.00 0.25 0.00 0.00 94.70
1289 0.25 0.00 0.51 1.77 0.00 0.00 0.00 0.00 0.00 97.47
1290 0.51 0.00 0.51 0.00 0.00 0.00 1.02 0.00 0.00 97.97
1291 0.25 0.00 0.25 0.00 0.00 0.00 0.00 0.00 0.00 99.49
1292 1.00 0.00 0.75 0.00 0.00 0.00 0.25 0.00 0.00 98.00
1293 0.51 0.00 0.00 1.53 0.00 0.00 0.00 0.00 0.00 97.96
1294 0.00 0.00 0.51 0.00 0.00 0.00 0.25 0.00 0.00 99.24
1295 1.79 0.00 0.26 0.00 0.00 0.00 0.26 0.00 0.00 97.70
1296 0.25 0.00 0.00 0.00 0.00 0.00 0.25 0.00 0.00 99.49
1297 0.25 0.00 0.25 0.00 0.00 0.00 0.00 0.00 0.00 99.49
1298 0.76 0.00 0.25 0.00 0.00 0.00 0.25 0.00 0.00 98.74
1299 1.02 0.00 1.02 4.31 0.00 0.00 0.25 0.00 0.00 93.40
1300 0.75 0.00 0.50 0.00 0.00 0.00 0.25 0.00 0.00 98.49
1301 0.25 0.00 0.25 0.00 0.00 0.00 0.00 0.00 0.00 99.49
1302 0.51 0.00 0.25 0.00 0.00 0.00 0.00 0.00 0.00 99.24
1303 0.50 0.00 0.50 0.25 0.00 0.00 0.25 0.00 0.00 98.49
1304 0.50 0.00 0.50 0.00 0.00 0.00 0.00 0.00 0.00 98.99
1305 0.00 0.00 0.25 0.00 0.00 0.00 0.25 0.00 0.00 99.50
1306 0.75 0.00 0.50 0.00 0.00 0.25 0.00 0.00 0.00 98.50
1307 10.74 0.00 0.51 0.77 0.00 0.00 0.26 0.00 0.00 87.72
1308 0.76 0.00 0.76 3.78 0.00 0.00 0.76 0.00 0.00 93.95
1309 0.50 0.00 0.75 0.00 0.00 0.00 0.00 0.00 0.00 98.75
1310 0.25 0.00 0.25 0.00 0.00 0.00 0.00 0.00 0.00 99.49
1311 0.25 0.00 0.25 0.00 0.00 0.00 0.25 0.00 0.00 99.24
1312 0.76 0.00 0.25 0.00 0.00 0.00 0.00 0.00 0.00 98.99
1313 1.27 0.00 0.76 14.18 0.00 0.00 0.25 0.00 0.00 83.54
1314 1.77 0.00 0.51 0.00 0.00 0.00 0.00 0.00 0.00 97.73
1315 0.00 0.00 0.25 0.00 0.00 0.00 0.25 0.00 0.00 99.49
1316 0.51 0.00 0.25 1.02 0.00 0.00 0.51 0.00 0.00 97.72
1317 0.25 0.00 0.00 0.00 0.00 0.00 0.51 0.00 0.00 99.24
1318 0.51 0.00 0.00 3.57 0.00 0.00 0.26 0.00 0.00 95.66
1319 0.25 0.00 0.50 0.00 0.00 0.00 0.00 0.00 0.00 99.25
1320 0.25 0.00 0.00 0.00 0.00 0.00 0.00 0.00 0.00 99.75
1321 0.25 0.00 0.25 0.00 0.00 0.00 0.25 0.00 0.00 99.24
1322 0.25 0.00 0.51 0.00 0.00 0.00 0.00 0.00 0.00 99.24
1323 2.55 0.00 0.26 0.26 0.00 0.00 0.26 0.00 0.00 96.68
1324 0.51 0.00 0.25 0.00 0.00 0.00 0.25 0.00 0.00 98.99
1325 0.00 0.00 0.25 0.00 0.00 0.00 0.00 0.00 0.00 99.75
1326 0.75 0.00 0.50 0.00 0.00 0.00 0.25 0.00 0.00 98.50
1327 0.51 0.00 0.25 0.00 0.00 0.00 0.00 0.00 0.00 99.24
1328 0.76 0.00 0.25 6.35 0.00 0.00 0.25 0.00 0.00 92.39
1329 0.25 0.00 0.25 2.02 0.00 0.00 0.00 0.00 0.00 97.48
1330 0.00 0.00 0.25 0.00 0.00 0.00 0.25 0.00 0.00 99.50
1331 0.50 0.00 0.00 0.00 0.00 0.25 0.00 0.00 0.00 99.24
1332 0.00 0.00 0.25 0.00 0.00 0.00 0.00 0.00 0.00 99.75
1333 0.76 0.00 0.25 0.00 0.00 0.00 0.25 0.00 0.00 98.73
1334 1.01 0.00 0.25 0.00 0.00 0.00 0.00 0.00 0.00 98.74
1335 0.25 0.00 0.25 0.00 0.00 0.00 0.00 0.00 0.00 99.50
1336 0.51 0.00 0.25 0.00 0.00 0.00 0.00 0.00 0.00 99.24
1337 0.25 0.00 0.25 23.17 0.00 0.00 0.25 0.00 0.00 76.07
1338 0.50 0.00 0.00 0.00 0.00 0.00 0.00 0.00 0.00 99.50
1339 0.55 0.00 0.37 58.86 0.00 0.00 0.09 0.00 0.00 40.13
1340 0.51 0.00 0.25 0.00 0.00 0.00 0.00 0.00 0.00 99.24
1341 0.25 0.00 0.00 0.00 0.00 0.00 0.00 0.00 0.00 99.75
1342 1.26 0.00 0.50 0.00 0.00 0.00 1.01 0.00 0.00 97.24
1343 0.25 0.00 0.51 0.00 0.00 0.00 0.25 0.00 0.00 98.99
1344 0.26 0.00 0.26 1.28 0.00 0.00 0.77 0.00 0.00 97.45
1345 0.76 0.00 0.25 0.00 0.00 0.00 0.25 0.00 0.00 98.74
1346 0.25 0.00 0.25 0.00 0.00 0.00 0.25 0.00 0.00 99.25
1347 1.01 0.00 0.50 20.40 0.00 0.00 0.00 0.00 0.00 78.09
1348 0.50 0.00 0.00 18.14 0.00 0.00 0.00 0.00 0.00 81.36
1349 1.01 0.00 0.25 0.00 0.00 0.00 0.00 0.00 0.00 98.74
1350 0.00 0.00 0.50 0.00 0.00 0.00 0.00 0.00 0.00 99.50
1351 0.76 0.00 0.25 0.00 0.00 0.00 0.25 0.00 0.00 98.74
1352 0.50 0.00 0.50 0.00 0.00 0.00 0.00 0.00 0.00 98.99
1353 0.25 0.00 0.75 0.00 0.00 0.00 0.00 0.00 0.00 98.99
1354 1.28 0.00 0.26 0.00 0.00 0.00 0.26 0.00 0.00 98.21
1355 0.76 0.00 0.25 1.52 0.00 0.00 0.51 0.00 0.00 96.96
1356 1.51 0.00 0.76 3.78 0.00 0.00 0.25 0.00 0.00 93.70
1357 0.76 0.00 0.51 0.00 0.00 0.00 0.25 0.00 0.00 98.48
1358 0.50 0.00 0.50 0.00 0.00 0.00 0.25 0.00 0.00 98.74
1359 0.25 0.00 0.25 0.00 0.00 0.00 0.00 0.00 0.00 99.49
1360 0.50 0.00 0.25 0.00 0.00 0.00 0.25 0.00 0.00 98.99
1361 0.51 0.00 0.25 0.00 0.00 0.00 0.51 0.00 0.00 98.73
1362 0.76 0.00 0.50 0.00 0.00 0.00 0.00 0.00 0.00 98.74
1363 0.25 0.00 0.00 0.00 0.00 0.00 0.00 0.00 0.00 99.75
1364 0.50 0.00 0.50 0.00 0.00 0.00 0.00 0.00 0.00 99.00
1365 11.51 0.00 1.02 0.26 0.00 0.26 0.26 0.00 0.00 86.70
1366 0.75 0.00 0.50 1.75 0.00 0.00 0.25 0.00 0.00 96.74
1367 0.50 0.00 0.25 2.01 0.00 0.00 0.00 0.00 0.00 97.24
1368 0.25 0.00 0.50 0.00 0.00 0.00 0.00 0.00 0.00 99.25
1369 0.50 0.00 0.25 0.00 0.00 0.00 0.00 0.00 0.00 99.25
1370 1.26 0.00 0.76 2.77 0.00 0.00 0.00 0.00 0.00 95.21
1371 0.50 0.00 0.50 7.54 0.00 0.00 0.00 0.00 0.00 91.46
1372 0.25 0.00 0.50 0.00 0.00 0.00 0.25 0.00 0.00 98.99
1373 1.01 0.00 0.25 0.00 0.00 0.00 0.00 0.00 0.00 98.74
1374 1.28 0.00 0.77 1.02 0.00 0.00 0.26 0.00 0.00 96.68
1375 0.51 0.00 0.00 0.00 0.00 0.00 0.25 0.00 0.00 99.24
1376 0.25 0.00 0.50 0.00 0.00 0.00 0.76 0.00 0.00 98.49
1377 1.82 0.00 0.52 3.90 0.00 0.00 0.26 0.00 0.00 93.51
1378 0.25 0.00 0.25 0.00 0.00 0.00 0.25 0.00 0.00 99.25
1379 0.50 0.00 0.50 0.00 0.00 0.00 0.25 0.00 0.00 98.74
1380 0.75 0.00 0.50 0.00 0.00 0.00 0.25 0.00 0.00 98.50
1381 0.51 0.00 0.25 0.00 0.00 0.00 0.00 0.00 0.00 99.24
1382 0.75 0.00 0.50 0.00 0.00 0.00 0.25 0.00 0.00 98.50
1383 0.50 0.00 0.25 0.00 0.00 0.00 0.00 0.00 0.00 99.25
1384 0.76 0.00 0.51 0.00 0.00 0.00 0.25 0.00 0.00 98.48
1385 1.03 0.00 0.26 0.00 0.00 0.00 0.00 0.00 0.00 98.72
1386 0.25 0.00 0.00 0.00 0.00 0.00 0.25 0.00 0.00 99.50
1387 0.50 0.00 0.50 26.70 0.00 0.00 0.00 0.00 0.00 72.29
1388 0.25 0.00 0.25 24.69 0.00 0.00 0.25 0.00 0.00 74.56
1389 0.00 0.00 0.25 24.62 0.00 0.25 0.50 0.00 0.00 74.37
1390 0.50 0.00 0.50 24.69 0.00 0.00 0.00 0.00 0.00 74.31
1391 0.25 0.00 0.25 24.49 0.00 0.00 0.25 0.00 0.00 74.75
1392 0.51 0.00 0.00 25.00 0.00 0.00 0.25 0.00 0.00 74.24
1393 1.91 0.00 0.43 31.75 0.00 0.00 0.14 0.00 0.00 65.77
1394 0.75 0.00 0.25 2.01 0.00 0.00 0.25 0.00 0.00 96.73
1395 1.26 0.00 0.25 4.53 0.00 0.00 0.00 0.00 0.00 93.95
1396 0.25 0.00 0.00 0.00 0.00 0.00 0.25 0.00 0.00 99.49
1397 0.51 0.00 0.25 0.00 0.00 0.00 0.51 0.00 0.00 98.74
1398 0.25 0.00 0.50 0.00 0.00 0.00 0.25 0.00 0.00 98.99
1399 0.50 0.00 0.00 0.00 0.00 0.00 0.00 0.00 0.00 99.50
1400 0.50 0.00 0.00 0.00 0.00 0.00 0.00 0.00 0.00 99.50
1401 0.51 0.00 0.51 0.00 0.00 0.00 0.25 0.00 0.00 98.73
1402 0.25 0.00 0.00 1.02 0.00 0.00 0.51 0.00 0.00 98.22
1403 0.77 0.00 0.51 2.05 0.00 0.00 0.26 0.00 0.00 96.42
1404 0.25 0.00 0.25 3.54 0.00 0.00 0.00 0.00 0.00 95.95
1405 0.50 0.00 0.25 0.00 0.00 0.00 0.25 0.00 0.00 98.99
1406 0.25 0.00 0.00 0.00 0.00 0.00 0.00 0.00 0.00 99.75
1407 0.50 0.00 0.25 0.00 0.00 0.00 0.00 0.00 0.00 99.24
1408 1.77 0.00 0.51 2.53 0.00 0.00 0.25 0.00 0.00 94.95
1409 0.00 0.00 0.25 0.00 0.00 0.00 0.00 0.00 0.00 99.75
1410 0.25 0.00 0.00 0.00 0.00 0.00 0.25 0.00 0.00 99.49
1411 0.50 0.00 0.25 0.00 0.00 0.00 0.00 0.00 0.00 99.25
1412 0.50 0.00 0.50 0.00 0.00 0.00 0.00 0.00 0.00 98.99
1413 0.25 0.00 0.25 37.47 0.00 0.00 0.51 0.00 0.00 61.52
1414 0.50 0.00 1.26 62.56 0.00 0.00 0.00 0.00 0.00 35.68
1415 1.27 0.00 0.25 24.62 0.00 0.00 0.25 0.00 0.00 73.60
1416 0.25 0.00 0.51 24.49 0.00 0.00 0.25 0.00 0.00 74.49
1417 0.25 0.00 0.25 3.54 0.00 0.00 0.25 0.00 0.00 95.70
1418 0.51 0.00 0.25 2.78 0.00 0.00 0.25 0.00 0.00 96.21
1419 0.50 0.00 0.50 1.00 0.00 0.00 0.00 0.00 0.00 97.99
1420 0.76 0.00 0.00 0.00 0.00 0.00 0.00 0.00 0.00 99.24
1421 0.25 0.00 0.50 0.00 0.00 0.25 0.00 0.00 0.00 99.00
1422 5.91 0.00 0.51 0.00 0.00 0.00 0.26 0.00 0.00 93.32
1423 3.78 0.00 0.76 0.50 0.00 0.00 0.00 0.00 0.00 94.96
1424 0.51 0.00 0.25 20.76 0.00 0.00 0.00 0.00 0.00 78.48
1425 0.75 0.00 0.50 8.79 0.00 0.00 0.00 0.00 0.00 89.95
1426 0.50 0.00 0.50 0.00 0.00 0.00 0.00 0.00 0.00 98.99
