0 2.10 2.46 0.00
1 1.51 0.30 0.00
2 2.22 1.83 0.00
3 1.42 0.82 0.00
4 2.13 0.30 0.00
5 5.09 3.53 0.00
6 4.92 3.08 0.00
7 3.00 0.30 0.00
8 2.00 0.30 0.00
9 1.18 0.82 0.00
10 5.77 0.57 0.00
11 2.07 4.76 0.00
12 1.44 0.82 0.00
13 1.21 0.30 0.00
14 3.20 0.30 0.00
15 2.28 2.39 0.00
16 2.05 2.33 0.00
17 2.33 3.63 0.00
18 2.08 0.82 0.00
19 1.83 3.50 0.00
20 0.91 1.84 0.00
21 16897.88 61.79 0.00
22 72372.42 168.72 0.00
23 1.30 0.30 0.00
24 5.23 4.52 0.00
25 1.17 0.88 0.00
26 24.87 8.20 0.00
27 1.50 0.95 0.00
28 0.66 0.30 0.00
29 1.89 0.30 0.00
30 2.04 2.39 0.00
31 1.58 2.20 0.00
32 5.26 1.64 0.00
33 1.09 1.60 0.00
34 0.86 0.30 0.00
35 2.48 0.30 0.00
36 1.53 2.58 0.00
37 1.42 0.30 0.00
38 2.78 4.54 0.00
39 2.15 0.82 0.00
40 1.69 0.00 0.00
41 1.99 2.23 0.00
42 0.99 0.85 0.00
43 1.90 0.43 0.00
44 1.75 0.30 0.00
45 1.05 2.08 0.00
46 1.90 6.56 0.00
47 1.88 0.30 0.00
48 0.99 0.82 0.00
49 1.29 0.30 0.00
50 1.75 0.30 0.00
51 1.77 2.68 0.00
52 1.67 0.33 0.00
53 0.55 0.30 0.00
54 0.73 0.82 0.00
55 1.44 0.30 0.00
56 1.66 6.38 0.00
57 0.77 0.87 0.00
58 1.33 0.30 0.00
59 1.07 0.30 0.00
60 0.83 2.08 0.00
61 2.08 2.07 0.00
62 1.52 0.36 0.00
63 1.10 0.82 0.00
64 1.74 0.30 0.00
65 0.77 0.30 0.00
66 1.68 6.76 0.00
67 3.78 0.36 0.00
68 1.66 0.30 0.00
69 1.39 0.82 0.00
70 3.63 0.30 0.00
71 0.94 1.51 0.00
72 1.54 0.87 0.00
73 1.81 0.30 0.00
74 1.88 0.30 0.00
75 1.61 2.39 0.00
76 1.35 6.14 0.00
77 1.22 0.40 0.00
78 19.98 33.47 0.00
79 1.06 0.30 0.00
80 0.67 0.30 0.00
81 1.98 2.74 0.00
82 1.25 0.00 0.00
83 1.22 0.00 0.00
84 1.52 0.54 0.00
85 0.88 0.00 0.00
86 1.18 0.30 0.00
87 2.20 1.98 0.00
88 1.27 0.92 0.00
89 0.85 0.30 0.00
90 1.50 2.08 0.00
91 1.29 0.30 0.00
92 1.44 0.30 0.00
93 1.33 2.64 0.00
94 0.74 0.30 0.00
95 1.22 0.00 0.00
96 0.85 0.51 0.00
97 1.10 0.30 0.00
98 2.37 2.13 0.00
99 1.04 0.82 0.00
100 1.44 0.30 0.00
101 1.18 0.30 0.00
102 0.88 0.82 0.00
103 1.68 2.26 0.00
104 1.40 0.30 0.00
105 1.17 2.39 0.00
106 2.00 0.30 0.00
107 1.32 0.30 0.00
108 1.74 2.53 0.00
109 2.43 0.30 0.00
110 1.88 0.30 0.00
111 1.50 0.82 0.00
112 3.53 13.15 0.00
113 1.68 2.23 0.00
114 0.96 0.85 0.00
115 2.10 0.30 0.00
116 1.30 0.30 0.00
117 0.88 0.82 0.00
118 2.51 2.14 0.00
119 0.96 0.36 0.00
120 1.27 2.39 0.00
121 2.60 4.54 0.00
122 1.88 0.30 0.00
123 1.96 2.84 0.00
124 2.08 0.30 0.00
125 0.77 0.30 0.00
126 1.24 5.06 0.00
127 1.67 0.30 0.00
128 1.75 2.29 0.00
129 1.62 0.85 0.00
130 2.48 0.30 0.00
131 0.85 0.30 0.00
132 1.44 0.82 0.00
133 1.07 1.66 0.00
134 1.77 0.52 0.00
135 1.95 2.39 0.00
136 1.59 4.54 0.00
137 0.88 0.30 0.00
138 1.71 2.51 0.00
139 1.29 0.37 0.00
140 0.99 0.30 0.00
141 1.85 0.82 0.00
142 1.47 0.30 0.00
143 1.35 2.24 0.00
144 1.51 0.83 0.00
145 1.81 0.30 0.00
146 6.26 12.94 0.00
147 5.90 8.92 0.00
148 2.74 12.28 0.00
149 0.74 0.30 0.00
150 9.58 2.52 0.00
151 5867.66 24.54 0.00
152 8289.43 15.62 0.00
153 7103.01 17.21 0.00
154 4408.32 8.94 0.00
155 6158.63 12.42 0.00
156 7573.59 20.14 0.00
157 4731.14 10.29 0.00
158 5742.17 13.28 0.00
159 10638.84 19.38 0.00
160 7834.92 15.71 0.00
161 1613.83 2.88 0.00
162 1.32 0.82 0.00
163 1.51 2.19 0.00
164 2.26 0.56 0.00
165 1.17 2.39 0.00
166 1.25 4.54 0.00
167 1.66 0.30 0.00
168 1.39 2.71 0.00
169 1.41 0.30 0.00
170 1.99 0.30 0.00
171 1.28 0.82 0.00
172 1.78 0.30 0.00
173 1.56 2.13 0.00
174 1.19 10.84 0.00
175 2.10 0.30 0.00
176 1.60 9.31 0.00
177 1.54 5.69 0.00
178 2.36 2.26 0.00
179 1.41 0.30 0.00
180 0.83 2.39 0.00
181 1.30 0.30 0.00
182 1.19 0.30 0.00
183 3.43 2.84 0.00
184 2.29 0.30 0.00
185 1.27 0.30 0.00
186 3.15 2.44 0.00
187 1.78 0.30 0.00
188 1.37 2.19 0.00
189 1.98 0.82 0.00
190 3.74 0.00 0.00
191 0.95 0.30 0.00
192 2.08 0.82 0.00
193 1.45 2.11 0.00
194 1.32 0.32 0.00
195 1.73 2.39 0.00
196 1.14 1.92 0.00
197 0.96 0.30 0.00
198 2.02 2.74 0.00
199 0.85 0.33 0.00
200 1.08 0.30 0.00
201 1.51 0.82 0.00
202 1.81 0.30 0.00
203 2.12 2.07 0.00
204 1.73 0.87 0.00
205 1.22 0.30 0.00
206 1.36 1.92 0.00
207 1.65 0.82 0.00
208 1.34 2.07 0.00
209 1.49 0.36 0.00
210 2.24 2.39 0.00
211 1.08 0.30 0.00
212 2.18 0.30 0.00
213 1.69 2.68 0.00
214 1.19 0.33 0.00
215 2.32 0.30 0.00
216 1.96 2.44 0.00
217 1.78 0.30 0.00
218 2.61 2.20 0.00
219 0.95 0.87 0.00
220 1.10 0.30 0.00
221 1.96 0.30 0.00
222 2.03 0.82 0.00
223 1.29 2.19 0.00
224 1.82 0.30 0.00
225 2.77 2.39 0.00
226 1.26 1.92 0.00
227 1.43 0.30 0.00
228 2.23 2.77 0.00
229 2.45 0.30 0.00
230 1.55 0.30 0.00
231 0.85 0.82 0.00
232 1.44 0.30 0.00
233 1.90 2.13 0.00
234 1.17 0.82 0.00
235 1.88 0.30 0.00
236 1.26 1.92 0.00
237 1.21 0.82 0.00
238 2.04 2.07 0.00
239 0.75 0.30 0.00
240 1.91 2.39 0.00
241 1.29 0.30 0.00
242 0.89 0.30 0.00
243 1.79 2.78 0.00
244 1.84 0.30 0.00
245 1.64 0.30 0.00
246 1.14 2.44 0.00
247 1.10 0.30 0.00
248 1.64 2.13 0.00
249 0.96 0.82 0.00
250 2.14 0.30 0.00
251 0.74 0.30 0.00
252 17.51 13.66 0.00
253 4.21 3.85 0.00
254 1.44 0.36 0.00
255 2.56 3.81 0.00
256 1.70 3.74 0.00
257 256.45 24.86 0.00
258 11087.95 9137.70 0.00
259 8179.84 8867.96 0.00
260 3711.85 2422.42 0.00
261 4178.35 3616.02 0.00
262 2529.47 5206.12 0.00
263 1840.10 6618.62 0.00
264 2995.90 3396.60 0.00
265 4771.23 5518.26 0.00
266 4606.39 5528.92 0.00
267 4742.68 3697.68 0.00
268 3515.34 469.70 0.00
269 2681.01 542.21 0.00
270 695.14 3.21 0.00
271 0.73 0.43 0.00
272 1.80 0.37 0.00
273 1.59 1.95 0.00
274 1.31 0.95 0.00
275 1.11 0.00 0.00
276 1.63 0.82 0.00
277 4271.76 1924.07 0.00
278 4509.67 20.51 0.00
279 2296.14 9.65 0.00
280 1746.42 8.69 0.00
281 2028.50 7.14 0.00
282 1469.55 7.85 0.00
283 1888.42 7.22 0.00
284 4861.80 249.90 0.00
285 4497.72 1063.31 0.00
286 4403.36 1421.04 0.00
287 2295.65 1752.21 0.00
288 1371.55 2186.13 0.00
289 1067.19 1266.83 0.00
290 982.36 1069.53 0.00
291 626.80 1581.65 0.00
292 1548.14 1168.21 0.00
293 2118.05 1728.77 0.00
294 2310.92 2255.17 0.00
295 2796.55 2455.00 0.00
296 289.36 2524.69 0.00
297 5.04 1879.99 0.00
298 2.04 65.64 0.00
299 0.63 0.36 0.00
300 3.98 2.52 0.00
301 1.85 0.30 0.00
302 1.63 0.37 0.00
303 2.28 2.35 0.00
304 2.63 0.42 0.00
305 1.33 0.30 0.00
306 2.32 0.82 0.00
307 1.44 0.30 0.00
308 1.86 2.26 0.00
309 1.83 0.88 0.00
310 1.81 0.37 0.00
311 0.96 0.30 0.00
312 0.99 0.82 0.00
313 2.66 2.06 0.00
314 1.77 0.37 0.00
315 1.36 2.52 0.00
316 1.96 0.30 0.00
317 1.44 0.30 0.00
318 2.50 2.97 0.00
319 2.71 0.43 0.00
320 1.33 0.30 0.00
321 1.74 0.82 0.00
322 1.91 0.30 0.00
323 1.98 2.29 0.00
324 1.92 0.98 0.00
325 1.88 0.30 0.00
326 0.86 0.30 0.00
327 1.07 0.82 0.00
328 31.53 5619.66 0.00
329 25.58 13814.86 0.00
330 36.37 26226.45 0.00
331 63.60 33120.80 0.00
332 18.05 10478.82 0.00
333 11.31 4585.69 0.00
334 1.88 24.41 0.00
335 0.66 0.00 0.00
336 4.19 253.26 0.00
337 5.40 2963.12 0.00
338 5.05 1603.41 0.00
339 6.18 1519.21 0.00
340 5.21 2345.79 0.00
341 5.69 1606.52 0.00
342 5.11 2137.27 0.00
343 2.27 378.57 0.00
344 1.47 2.20 0.00
345 3.09 2.39 0.00
346 1.14 3.74 0.00
347 1.22 0.00 0.00
348 2.22 0.82 0.00
349 2.14 2.14 0.00
350 0.77 0.36 0.00
351 2.19 0.82 0.00
352 2.17 0.00 0.00
353 1.84 0.30 0.00
354 2.35 2.58 0.00
355 1.43 0.30 0.00
356 2.11 0.15 0.00
357 4.37 516.82 0.00
358 5.79 1425.81 0.00
359 12.89 1340.56 0.00
360 1996.62 1302.94 0.00
361 3586.73 1361.06 0.00
362 3245.05 385.63 0.00
363 3631.17 665.14 0.00
364 2296.23 3863.80 0.00
365 2370.25 1712.56 0.00
366 3475.95 389.54 0.00
367 3541.84 4620.31 0.00
368 3332.72 2632.59 0.00
369 4291.23 9.30 0.00
370 3025.04 4.17 0.00
371 9709.31 6117.00 0.00
372 2718.80 577.15 0.00
373 2214.10 643.05 0.00
374 2679.17 3631.81 0.00
375 6882.81 1205.10 0.00
376 7478.09 4071.11 0.00
377 7578.89 4322.73 0.00
378 9648.99 4948.19 0.00
379 1599.65 4201.29 0.00
380 15.30 7855.74 0.00
381 3079.47 10409.06 0.00
382 8927.16 2562.43 0.00
383 5721.51 1827.51 0.00
384 9.82 3555.31 0.00
385 7.50 2074.60 0.00
386 5.92 1557.54 0.00
387 3.93 813.58 0.00
388 3.48 0.37 0.00
389 2.75 2.39 0.00
390 1.97 2.52 0.00
391 1.97 0.30 0.00
392 1.44 0.30 0.00
393 5.83 1402.86 0.00
394 8.11 1455.48 0.00
395 3.99 2138.90 0.00
396 4.12 1607.45 0.00
397 4.89 2852.76 0.00
398 4.76 1772.33 0.00
399 4.32 1912.45 0.00
400 2.11 1586.62 0.00
401 0.50 0.19 0.00
402 2.24 0.88 0.00
403 4.92 1491.35 0.00
404 7.88 1084.05 0.00
405 5.65 1419.28 0.00
406 4.57 1070.61 0.00
407 4.13 255.15 0.00
408 8.22 2040.07 0.00
409 3.04 536.21 0.00
410 5.62 793.96 0.00
411 11.49 2123.77 0.00
412 327.33 2134.17 0.00
413 6195.26 126.27 0.00
414 4525.35 11.93 0.00
415 3597.15 8.85 0.00
416 982.91 3.16 0.00
417 14585.66 57.84 0.00
418 9122.60 1177.62 0.00
419 6319.47 5245.13 0.00
420 18606.50 39.25 0.00
421 1.60 0.30 0.00
422 3.45 0.30 0.00
423 0.77 0.82 0.00
424 1.63 2.06 0.00
425 1.21 0.37 0.00
426 2.34 4.04 0.00
427 2404.36 1157.38 0.00
428 9950.31 1345.03 0.00
429 261.73 2284.93 0.00
430 285.36 3779.66 0.00
431 17.58 1564.53 0.00
432 5.40 2579.92 0.00
433 5.04 1216.21 0.00
434 3.22 61.75 0.00
435 2.40 2.39 0.00
436 2.80 3.53 0.00
437 1.66 0.30 0.00
438 1.64 0.82 0.00
439 2.21 2.26 0.00
440 1.20 0.30 0.00
441 2.68 4.97 0.00
442 2.36 0.30 0.00
443 1.43 0.30 0.00
444 2.15 6.92 0.00
445 2.14 4.45 0.00
446 1.69 1.92 0.00
447 1.10 0.51 0.00
448 2.10 0.30 0.00
449 2.14 2.12 0.00
450 1.58 2.46 0.00
451 1.84 0.30 0.00
452 1.10 0.30 0.00
453 1.54 0.82 0.00
454 1.82 1.96 0.00
455 2.25 0.36 0.00
456 2.35 2.44 0.00
457 1.42 0.30 0.00
458 2.51 0.30 0.00
459 2.40 2.64 0.00
460 0.66 0.30 0.00
461 2.00 0.30 0.00
462 18.55 5888.12 0.00
463 28.41 17713.96 0.00
464 25.13 17433.06 0.00
465 21.15 19.34 0.00
466 8613.87 41.50 0.00
467 25224.95 2708.31 0.00
468 15841.92 4347.80 0.00
469 16178.85 8534.09 0.00
470 18552.92 5518.31 0.00
471 10079.60 8977.16 0.00
472 9057.48 7733.04 0.00
473 10316.59 6921.88 0.00
474 3265.54 780.88 0.00
475 1.57 0.43 0.00
476 1.80 0.06 0.00
477 5511.58 3495.29 0.00
478 2844.35 2408.67 0.00
479 14.24 5471.60 0.00
480 8.32 2863.18 0.00
481 8.13 3971.82 0.00
482 8.49 4731.08 0.00
483 5.02 2630.38 0.00
484 16.28 6927.81 0.00
485 24.04 11647.45 0.00
486 2.09 330.56 0.00
487 9.11 4183.06 0.00
488 1.66 49.31 0.00
489 2.18 2.72 0.00
490 1.47 0.36 0.00
491 2.07 0.30 0.00
492 0.77 0.82 0.00
493 2.59 0.30 0.00
494 2.22 2.23 0.00
495 1.39 2.42 0.00
496 1.58 5.61 0.00
497 3.04 0.30 0.00
498 1.64 0.82 0.00
499 1.72 2.27 0.00
500 1.82 0.36 0.00
501 0.63 0.82 0.00
502 5.87 1109.63 0.00
503 5.08 2935.86 0.00
504 5.34 369.88 0.00
505 15.41 3602.64 0.00
506 1.14 23.45 0.00
507 2.06 0.74 0.00
508 5.70 2156.94 0.00
509 9.46 2666.46 0.00
510 9.92 4326.10 0.00
511 7.40 3411.34 0.00
512 2.38 2340.99 0.00
513 8.67 663.64 0.00
514 7.08 2680.16 0.00
515 13431.41 6488.55 0.00
516 7146.47 1933.69 0.00
517 1.53 0.82 0.00
518 10269.25 4272.21 0.00
519 6772.15 5.02 0.00
520 2354.98 4.77 0.00
521 1.94 0.82 0.00
522 1081.64 1279.54 0.00
523 25083.25 28760.80 0.00
524 9266.60 8173.21 0.00
525 7022.82 3411.69 0.00
526 668.49 1153.82 0.00
527 862.04 161.38 0.00
528 2582.35 883.63 0.00
529 685.52 396.79 0.00
530 2019.03 10.62 0.00
531 4432.27 17.90 0.00
532 10724.88 28.23 0.00
533 2.24 0.30 0.00
534 1.78 0.37 0.00
535 526.40 2.78 0.00
536 869.08 1.79 0.00
537 1.68 2.26 0.00
538 27.02 14036.03 0.00
539 1.84 0.30 0.00
540 1.16 1.87 0.00
541 10995.67 7039.01 0.00
542 8.06 2049.67 0.00
543 1.51 0.38 0.00
544 1.28 0.88 0.00
545 1.78 0.30 0.00
546 1.76 0.30 0.00
547 9.75 2787.10 0.00
548 28.38 13416.40 0.00
549 6756.21 4011.71 0.00
550 14149.20 13242.16 0.00
551 6517.26 9783.71 0.00
552 4597.61 6737.72 0.00
553 1576.27 3174.70 0.00
554 4.39 150.05 0.00
555 7.44 3038.92 0.00
556 9.73 2726.57 0.00
557 6.25 3131.53 0.00
558 6.13 2170.71 0.00
559 4626.58 68.07 0.00
560 8537.94 4781.66 0.00
561 4049.16 12.10 0.00
562 3.32 2.71 0.00
563 1.44 0.30 0.00
564 1.17 0.30 0.00
565 3800.50 4.38 0.00
566 629.27 0.90 0.00
567 976.90 9.66 0.00
568 217.16 12064.07 0.00
569 3.72 1432.24 0.00
570 20.57 11190.42 0.00
571 2.71 2.31 0.00
572 4109.97 30.19 0.00
573 3728.04 11.52 0.00
574 3665.78 20.49 0.00
575 4869.63 12.99 0.00
576 5004.85 425.28 0.00
577 4269.42 4168.03 0.00
578 2190.47 4162.99 0.00
579 175.33 0.56 0.00
580 1.10 0.82 0.00
581 1.29 0.30 0.00
582 2820.11 6.90 0.00
583 5315.33 8.10 0.00
584 1.40 0.30 0.00
585 2.76 1.94 0.00
586 1.28 0.83 0.00
587 2.25 2.39 0.00
588 1.55 0.37 0.00
589 1.18 0.30 0.00
590 3.57 6.41 0.00
591 6.83 4432.84 0.00
592 3.36 1743.84 0.00
593 4.50 1784.56 0.00
594 1.95 18.39 0.00
595 0.98 16.30 0.00
596 2.57 5.92 0.00
597 1.85 2.50 0.00
598 1.27 1.03 0.00
599 1.85 5.95 0.00
600 1.28 1.87 0.00
601 1.06 0.82 0.00
602 2.51 2.16 0.00
603 0.77 0.33 0.00
604 1.69 5.53 0.00
605 1.89 0.30 0.00
606 1.26 5.01 0.00
607 1.79 14.23 0.00
608 1.21 0.30 0.00
609 2.54 0.00 0.00
610 2.00 0.82 0.00
611 1.74 0.30 0.00
612 1.79 2.16 0.00
613 3.11 0.85 0.00
614 21.02 14.87 0.00
615 4062.29 7857.13 0.00
616 12164.42 7383.95 0.00
617 15820.23 12044.42 0.00
618 3836.06 8124.13 0.00
619 2695.05 3305.48 0.00
620 8042.70 4264.74 0.00
621 3873.88 5.14 0.00
622 2.85 2.48 0.00
623 1.21 0.40 0.00
624 1.59 0.30 0.00
625 2.42 0.82 0.00
626 1.14 4.89 0.00
627 1.87 2.23 0.00
628 1.99 0.85 0.00
629 1.41 0.30 0.00
630 1.72 1.87 0.00
631 1.96 0.82 0.00
632 2.10 1.84 0.00
633 1.31 0.36 0.00
634 3544.29 394.65 0.00
635 4612.38 385.83 0.00
636 6.32 1749.26 0.00
637 4.61 1115.97 0.00
638 3.01 496.42 0.00
639 4.33 818.31 0.00
640 1.92 174.80 0.00
641 4.72 228.87 0.00
642 5.44 1367.34 0.00
643 7.74 2077.24 0.00
644 12.32 6246.17 0.00
645 7.73 3727.87 0.00
646 7.41 2288.92 0.00
647 8.21 4274.87 0.00
648 8.32 2897.16 0.00
649 5.00 612.54 0.00
650 3.86 1270.13 0.00
651 2.53 64.68 0.00
652 12.38 482.45 0.00
653 4041.97 1490.70 0.00
654 4383.22 3809.11 0.00
655 4463.22 1289.24 0.00
656 4601.30 2382.93 0.00
657 3144.74 9140.39 0.00
658 23.24 9454.51 0.00
659 22.09 10928.86 0.00
660 4.03 1443.67 0.00
661 15.92 6159.67 0.00
662 3877.32 912.22 0.00
663 2793.22 1756.61 0.00
664 13.73 3575.42 0.00
665 1472.16 3174.42 0.00
666 1973.16 4260.08 0.00
667 3338.03 5704.85 0.00
668 4122.71 5284.74 0.00
669 5569.58 4174.69 0.00
670 4270.92 2377.39 0.00
671 5318.79 1665.97 0.00
672 6844.31 1376.95 0.00
673 7829.45 1538.56 0.00
674 9340.89 1628.42 0.00
675 5526.00 2318.40 0.00
676 5639.67 1298.53 0.00
677 4695.93 9.10 0.00
678 2022.74 4.36 0.00
679 1609.63 5.35 0.00
680 934.46 2.50 0.00
681 745.39 2.49 0.00
682 4194.75 1013.38 0.00
683 2726.32 4241.40 0.00
684 2900.77 5613.88 0.00
685 5692.61 5337.25 0.00
686 4011.34 2598.72 0.00
687 5133.13 3422.19 0.00
688 4920.22 2754.49 0.00
689 2581.53 6251.75 0.00
690 826.50 3641.16 0.00
691 4.44 2048.75 0.00
692 7043.65 4279.38 0.00
693 9517.62 14.37 0.00
694 12632.21 8527.29 0.00
695 14919.27 3436.54 0.00
696 3602.54 11.95 0.00
697 1986.21 2.24 0.00
698 1781.61 1.80 0.00
699 1.90 1.08 0.00
700 1.96 2.23 0.00
701 3.21 0.54 0.00
702 458.82 4.99 0.00
703 1.78 5.29 0.00
704 4628.92 1927.98 0.00
705 287.84 453.26 0.00
706 3.91 2.05 0.00
707 1.67 0.30 0.00
708 1.39 0.95 0.00
709 1.18 0.30 0.00
710 5001.23 13146.21 0.00
711 6064.55 10161.31 0.00
712 19.67 9734.73 0.00
713 2039.64 13180.66 0.00
714 3.32 2543.88 0.00
715 2.01 2.06 0.00
716 259.40 6.83 0.00
717 2748.27 14.54 0.00
718 7.03 1217.66 0.00
719 8.91 2532.91 0.00
720 13.63 2185.12 0.00
721 0.97 0.30 0.00
722 1.96 0.30 0.00
723 0.65 0.82 0.00
724 1.19 0.30 0.00
725 2.06 2.12 0.00
726 10.48 2776.24 0.00
727 2798.88 5843.31 0.00
728 17409.40 5803.09 0.00
729 11006.81 2486.56 0.00
730 5.00 1892.34 0.00
731 2.52 2.13 0.00
732 2.48 0.82 0.00
733 2028.15 4.75 0.00
734 1.55 0.32 0.00
735 0.94 1.87 0.00
736 2.66 6.80 0.00
737 1.21 0.30 0.00
738 5358.42 329.49 0.00
739 8235.59 2124.92 0.00
740 1296.40 494.94 0.00
741 7.17 3665.21 0.00
742 2.63 0.30 0.00
743 1.99 0.30 0.00
744 1.73 0.82 0.00
745 2.10 0.30 0.00
746 2.31 2.13 0.00
747 1.21 0.82 0.00
748 2.62 3.91 0.00
749 1.29 0.30 0.00
750 1.61 2.39 0.00
751 2.20 2.27 0.00
752 1.66 4.88 0.00
753 1.88 0.51 0.00
754 1.92 0.00 0.00
755 1.23 0.00 0.00
756 2.59 5.67 0.00
757 1.21 0.00 0.00
758 2.04 0.00 0.00
759 1.74 0.51 0.00
760 0.56 0.00 0.00
761 1.56 1.92 0.00
762 1.11 0.54 0.00
763 0.67 0.00 0.00
764 0.59 0.14 0.00
765 2.44 6.66 0.00
766 1.11 3.51 0.00
767 0.23 0.00 0.00
768 2.47 0.51 0.00
769 0.64 0.00 0.00
770 0.34 0.00 0.00
771 2.62 2.27 0.00
772 0.45 0.00 0.00
773 1.00 0.00 0.00
774 1.31 0.00 0.00
775 1.33 0.00 0.00
776 2.66 4.02 0.00
777 1.11 0.00 0.00
778 1.17 0.95 0.00
779 1.86 0.00 0.00
780 1.20 1.77 0.00
781 2.35 2.23 0.00
782 1.54 0.00 0.00
783 622.22 676.20 0.00
784 2718.26 2576.91 0.00
785 2822.45 810.68 0.00
786 2098.57 11.95 0.00
787 8507.04 16.45 0.00
788 6209.03 2566.33 0.00
789 6856.42 6302.62 0.00
790 9464.74 7896.41 0.00
791 10498.98 7290.64 0.00
792 11764.63 14236.61 0.00
793 11588.39 18094.44 0.00
794 9952.61 7468.26 0.00
795 2615.72 5.37 0.00
796 2.69 6.07 0.00
797 0.77 0.51 0.00
798 5.89 2924.54 0.00
799 5.06 333.99 0.00
800 3.83 632.75 0.00
801 2.57 428.10 0.00
802 4.15 518.27 0.00
803 7.14 1968.20 0.00
804 5.62 3420.71 0.00
805 5.79 1887.69 0.00
806 3.30 12.58 0.00
807 0.98 0.00 0.00
808 2.90 1.77 0.00
809 1.27 0.57 0.00
810 4.70 601.36 0.00
811 5.48 1478.11 0.00
812 5.36 1299.28 0.00
813 6.80 942.37 0.00
814 5.54 1244.21 0.00
815 7.68 2191.81 0.00
816 4.44 1075.17 0.00
817 1053.88 5516.10 0.00
818 8649.98 3098.96 0.00
819 9895.14 3267.54 0.00
820 1922.21 294.82 0.00
821 7.32 934.12 0.00
822 552.84 1765.66 0.00
823 566.75 1482.64 0.00
824 957.39 1392.60 0.00
825 9.15 1382.10 0.00
826 6.91 1204.48 0.00
827 7.74 2042.19 0.00
828 10.83 2467.28 0.00
829 10.03 2647.42 0.00
830 15.98 6484.30 0.00
831 11.62 5056.83 0.00
832 3645.22 188.84 0.00
833 11287.01 1262.64 0.00
834 1357.36 9201.30 0.00
835 1570.68 7769.77 0.00
836 13.34 8151.21 0.00
837 3.58 38.86 0.00
838 743.65 2899.08 0.00
839 3706.19 3391.79 0.00
840 4376.05 3957.79 0.00
841 444.27 4334.79 0.00
842 1126.09 4901.96 0.00
843 4108.44 5180.00 0.00
844 4802.34 4022.49 0.00
845 4827.99 2315.53 0.00
846 3917.97 4176.33 0.00
847 3455.88 3430.24 0.00
848 5475.61 4270.95 0.00
849 5088.66 5208.52 0.00
850 4588.55 2044.88 0.00
851 7981.96 2410.42 0.00
852 3401.22 4045.26 0.00
853 8463.26 6321.47 0.00
854 4606.19 7664.34 0.00
855 2188.86 1915.46 0.00
856 14.83 6872.55 0.00
857 3.56 1724.29 0.00
858 535.40 1592.10 0.00
859 466.93 805.71 0.00
860 2604.09 3502.22 0.00
861 8531.41 30.61 0.00
862 6942.32 2748.66 0.00
863 7163.14 3097.35 0.00
864 6356.46 165.06 0.00
865 4257.48 4.76 0.00
866 1490.83 2.75 0.00
867 2.37 0.56 0.00
868 3.60 2.15 0.00
869 1586.10 3.26 0.00
870 159.81 2.19 0.00
871 2.34 0.38 0.00
872 709.67 11119.01 0.00
873 3.23 630.05 0.00
874 12621.72 673.70 0.00
875 5208.27 6411.81 0.00
876 22299.76 2106.80 0.00
877 11581.29 5328.60 0.00
878 3693.45 531.38 0.00
879 1045.17 3.10 0.00
880 0.94 0.37 0.00
881 2.97 0.95 0.00
882 2.26 0.38 0.00
883 2505.34 5425.09 0.00
884 1975.41 3778.69 0.00
885 2088.06 678.64 0.00
886 658.84 7.33 0.00
887 1998.55 727.85 0.00
888 10498.04 6107.49 0.00
889 13919.26 11394.62 0.00
890 16964.88 2686.33 0.00
891 8299.14 19.74 0.00
892 2696.72 3.66 0.00
893 2345.05 3.85 0.00
894 725.91 3.22 0.00
895 2.09 0.70 0.00
896 2.89 0.89 0.00
897 7259.44 7863.22 0.00
898 9263.07 8883.57 0.00
899 1872.28 3.32 0.00
900 1.17 2.00 0.00
901 1.13 0.43 0.00
902 2.83 0.88 0.00
903 1428.33 7664.47 0.00
904 5670.83 7384.51 0.00
905 6219.50 3523.55 0.00
906 7085.47 1280.43 0.00
907 3829.28 4600.64 0.00
908 13.18 4239.04 0.00
909 15.73 5170.08 0.00
910 6.77 2806.16 0.00
911 1.51 65.53 0.00
912 0.66 0.30 0.00
913 1.43 0.30 0.00
914 2.22 2.64 0.00
915 1.16 1.87 0.00
916 2.67 4.32 0.00
917 0.99 0.82 0.00
918 1.21 0.30 0.00
919 1.94 2.00 0.00
920 2.04 0.82 0.00
921 1.37 0.30 0.00
922 2.58 0.30 0.00
923 1.92 0.82 0.00
924 1.92 2.19 0.00
925 1.99 0.30 0.00
926 2.62 4.84 0.00
927 1.27 5.02 0.00
928 2.75 0.30 0.00
929 1.73 2.64 0.00
930 0.94 1.87 0.00
931 1.52 0.30 0.00
932 0.72 5.01 0.00
933 1.66 0.00 0.00
934 1.19 1.77 0.00
935 0.77 0.57 0.00
936 1.48 3.07 0.00
937 0.55 0.30 0.00
938 1.25 0.82 0.00
939 1.92 2.19 0.00
940 0.73 4.50 0.00
941 0.96 0.82 0.00
942 1345.20 795.14 0.00
943 7930.80 6695.87 0.00
944 5316.54 8955.15 0.00
945 8340.30 6627.01 0.00
946 7083.44 9316.14 0.00
947 8062.60 9471.13 0.00
948 8206.24 13043.46 0.00
949 2959.44 15710.39 0.00
950 3884.34 9877.31 0.00
951 1014.66 1.85 0.00
952 1.10 0.30 0.00
953 2.28 0.82 0.00
954 1.91 2.06 0.00
955 0.77 0.30 0.00
956 1.62 0.82 0.00
957 1.29 4.89 0.00
958 2.25 0.30 0.00
959 2.18 2.64 0.00
960 905.06 22.95 0.00
961 9520.03 1712.73 0.00
962 5400.21 2072.87 0.00
963 2636.12 249.21 0.00
964 1.98 2.26 0.00
965 2.81 5.98 0.00
966 1.75 9.61 0.00
967 3.26 766.95 0.00
968 9.01 2695.11 0.00
969 736.71 5898.91 0.00
970 9132.78 7105.78 0.00
971 2355.49 2467.83 0.00
972 6.04 3545.59 0.00
973 5.77 1244.00 0.00
974 7.06 2551.62 0.00
975 3.15 654.96 0.00
976 2.92 24.53 0.00
977 1.54 0.82 0.00
978 5.36 1218.08 0.00
979 3.84 695.36 0.00
980 3.02 39.33 0.00
981 2.18 195.68 0.00
982 4.23 491.20 0.00
983 6.49 608.93 0.00
984 7.26 955.42 0.00
985 12.65 4333.62 0.00
986 14.62 6063.49 0.00
987 13.90 7555.37 0.00
988 4.63 897.06 0.00
989 16.51 5625.80 0.00
990 10.03 2510.36 0.00
991 13.66 7585.73 0.00
992 1.76 97.11 0.00
993 9.04 1813.73 0.00
994 13.09 4635.48 0.00
995 11.60 4280.72 0.00
996 11.22 4527.55 0.00
997 6.25 2550.64 0.00
998 7.83 2081.25 0.00
999 13.42 6415.11 0.00
1000 6731.22 10694.11 0.00
1001 7959.46 1660.05 0.00
1002 17432.54 16110.43 0.00
1003 23127.54 9136.56 0.00
1004 15810.40 4974.74 0.00
1005 20969.23 36.16 0.00
1006 12767.71 5003.28 0.00
1007 2.83 77.19 0.00
1008 16.38 7075.21 0.00
1009 5.89 2576.96 0.00
1010 5.17 413.16 0.00
1011 8153.49 2458.79 0.00
1012 6003.59 2364.44 0.00
1013 5928.16 2318.08 0.00
1014 4929.31 1093.71 0.00
1015 2736.48 5.91 0.00
1016 2736.39 7.48 0.00
1017 11493.38 15337.12 0.00
1018 8818.26 4648.02 0.00
1019 2096.56 5.66 0.00
1020 1593.84 1.85 0.00
1021 1925.54 4.91 0.00
1022 1181.33 2.76 0.00
1023 692.24 1.27 0.00
1024 8571.67 8963.54 0.00
1025 8772.03 11472.02 0.00
1026 8705.20 5818.44 0.00
1027 1520.41 3.63 0.00
1028 1.37 0.88 0.00
1029 3538.41 7.33 0.00
1030 5682.83 3136.69 0.00
1031 3515.96 1514.89 0.00
1032 4194.80 2418.14 0.00
1033 2720.57 5054.67 0.00
1034 1698.92 1101.52 0.00
1035 511.53 3799.41 0.00
1036 18.44 9892.14 0.00
1037 8.04 4208.82 0.00
1038 2.95 438.66 0.00
1039 1.47 0.37 0.00
1040 13.82 6074.98 0.00
1041 12.38 3004.51 0.00
1042 6.83 2328.98 0.00
1043 8.18 1857.48 0.00
1044 3.98 2080.43 0.00
1045 8.09 1808.61 0.00
1046 10.55 3460.52 0.00
1047 12.09 4259.09 0.00
1048 9.08 4543.04 0.00
1049 9.29 3666.79 0.00
1050 9974.65 9132.75 0.00
1051 3159.37 6837.63 0.00
1052 0.77 0.30 0.00
1053 1.81 0.82 0.00
1054 2302.05 5.04 0.00
1055 4652.35 10.02 0.00
1056 1.62 2.58 0.00
1057 1998.20 1852.23 0.00
1058 3250.30 4290.42 0.00
1059 3952.73 2342.04 0.00
1060 2232.46 485.86 0.00
1061 542.89 2420.61 0.00
1062 300.30 5579.81 0.00
1063 2497.75 5979.69 0.00
1064 10.32 3463.44 0.00
1065 2.11 9.48 0.00
1066 1.87 6.58 0.00
1067 1.17 0.44 0.00
1068 1.47 5.47 0.00
1069 2.05 0.30 0.00
1070 1.52 0.30 0.00
1071 1.76 2.52 0.00
1072 0.44 0.30 0.00
1073 2.07 5.02 0.00
1074 1.88 0.82 0.00
1075 1.03 1.92 0.00
1076 2.12 1.87 0.00
1077 2.07 0.82 0.00
1078 1.37 0.45 0.00
1079 1.22 1.73 0.00
1080 3.10 0.82 0.00
1081 1.87 2.00 0.00
1082 1.44 0.30 0.00
1083 2.39 0.82 0.00
1084 1.10 0.30 0.00
1085 2.03 1.92 0.00
1086 2.71 2.58 0.00
1087 1.09 0.30 0.00
1088 2.07 0.30 0.00
1089 2.46 0.82 0.00
1090 0.74 0.00 0.00
1091 2.15 2.01 0.00
1092 1.09 0.87 0.00
1093 2.70 0.45 0.00
1094 1.55 1.73 0.00
1095 1.24 2.44 0.00
1096 1.60 2.01 0.00
1097 2.07 0.36 0.00
1098 1.50 0.82 0.00
1099 1.10 0.30 0.00
1100 1.95 0.30 0.00
1101 1613.96 2930.54 0.00
1102 7163.13 3887.84 0.00
1103 5596.71 2852.40 0.00
1104 7729.45 2241.54 0.00
1105 8643.90 18.38 0.00
1106 10467.67 2699.45 0.00
1107 10817.51 8113.77 0.00
1108 7829.81 10315.53 0.00
1109 13115.79 12648.72 0.00
1110 9715.21 11054.62 0.00
1111 1581.47 730.47 0.00
1112 3.04 0.30 0.00
1113 1.76 2.31 0.00
1114 0.98 0.30 0.00
1115 3.41 4.89 0.00
1116 8.27 1449.87 0.00
1117 10.00 2794.41 0.00
1118 11.28 1681.25 0.00
1119 1.71 266.04 0.00
1120 5.00 1252.48 0.00
1121 9.07 1496.39 0.00
1122 0.55 0.89 0.00
1123 1.40 0.30 0.00
1124 2.94 2.01 0.00
1125 5.22 1123.00 0.00
1126 5.65 912.25 0.00
1127 4651.94 485.65 0.00
1128 2893.58 7.51 0.00
1129 4065.16 919.05 0.00
1130 3767.05 937.81 0.00
1131 1986.58 1889.51 0.00
1132 3962.88 783.16 0.00
1133 2725.97 1762.54 0.00
1134 3120.15 3196.03 0.00
1135 316.51 5389.68 0.00
1136 11.82 5721.89 0.00
1137 4.48 1441.91 0.00
1138 2.58 0.45 0.00
1139 10.48 4801.20 0.00
1140 8516.37 1637.61 0.00
1141 3016.32 14.79 0.00
1142 4816.68 12.73 0.00
1143 3265.83 927.08 0.00
1144 2697.03 2299.13 0.00
1145 3188.20 2317.48 0.00
1146 2013.79 1515.15 0.00
1147 1471.22 2397.01 0.00
1148 161.42 2561.32 0.00
1149 18.35 2330.63 0.00
1150 274.84 5371.82 0.00
1151 2441.96 5509.78 0.00
1152 6785.32 4590.46 0.00
1153 11068.69 8544.12 0.00
1154 5674.17 6044.44 0.00
1155 6171.54 5144.07 0.00
1156 2.63 725.25 0.00
1157 2.15 0.40 0.00
1158 2.29 0.82 0.00
1159 1.32 0.30 0.00
1160 6.67 0.57 0.00
1161 5751.31 2993.37 0.00
1162 7433.16 14654.08 0.00
1163 9.95 4905.17 0.00
1164 11.51 4540.23 0.00
1165 831.80 6952.72 0.00
1166 8224.26 2047.35 0.00
1167 7271.90 4477.68 0.00
1168 2836.05 5333.23 0.00
1169 2696.82 5729.06 0.00
1170 4972.00 4177.91 0.00
1171 2226.87 4119.08 0.00
1172 1953.45 1627.55 0.00
1173 972.88 2932.40 0.00
1174 2027.79 1439.09 0.00
1175 1755.28 1111.45 0.00
1176 990.16 4.36 0.00
1177 1.48 0.33 0.00
1178 4978.71 24.66 0.00
1179 7301.11 15.87 0.00
1180 8809.50 19.16 0.00
1181 9201.32 5962.20 0.00
1182 10389.56 2975.56 0.00
1183 1.70 8.14 0.00
1184 1.89 1.81 0.00
1185 1.46 4.83 0.00
1186 3.15 2.43 0.00
1187 2.10 0.33 0.00
1188 1.82 0.89 0.00
1189 2.52 0.44 0.00
1190 3.33 0.37 0.00
1191 2011.35 4152.27 0.00
1192 4675.54 7702.07 0.00
1193 3466.94 4375.25 0.00
1194 6696.89 5566.18 0.00
1195 12586.51 8097.58 0.00
1196 13451.87 4971.46 0.00
1197 6030.35 4168.68 0.00
1198 2196.11 617.03 0.00
1199 1883.84 3.34 0.00
1200 2659.89 4.04 0.00
1201 4113.77 264.41 0.00
1202 25081.56 8963.17 0.00
1203 14993.67 7483.23 0.00
1204 4071.31 1312.06 0.00
1205 3415.22 1353.55 0.00
1206 2583.63 2854.93 0.00
1207 2313.10 4354.60 0.00
1208 3236.39 4166.94 0.00
1209 2640.62 1090.16 0.00
1210 2736.78 8.50 0.00
1211 2183.24 6.31 0.00
1212 2228.19 6.34 0.00
1213 2355.30 6.25 0.00
1214 1511.96 3.14 0.00
1215 6008.51 5877.42 0.00
1216 21992.63 11023.73 0.00
1217 4057.32 2755.91 0.00
1218 7.29 2733.76 0.00
1219 6.67 2401.02 0.00
1220 1.47 98.16 0.00
1221 2.69 1.79 0.00
1222 1.97 2.26 0.00
1223 0.84 0.82 0.00
1224 1.95 0.30 0.00
1225 1.25 4.46 0.00
1226 0.87 0.82 0.00
1227 1.61 2.06 0.00
1228 0.98 0.45 0.00
1229 1.58 2.25 0.00
1230 1.42 0.30 0.00
1231 1.84 5.02 0.00
1232 3.60 2.57 0.00
1233 1.73 0.37 0.00
1234 2.50 0.30 0.00
1235 3.84 4.70 0.00
1236 1.28 0.30 0.00
1237 1.59 0.00 0.00
1238 2.66 2.77 0.00
1239 0.33 0.30 0.00
1240 1.06 0.30 0.00
1241 1.96 0.82 0.00
1242 0.73 0.45 0.00
1243 2.18 6.83 0.00
1244 1.99 2.32 0.00
1245 1.71 8.69 0.00
1246 6.58 4.95 0.00
1247 6844.33 7462.27 0.00
1248 5840.97 8131.26 0.00
1249 6795.76 7883.80 0.00
1250 8733.14 9464.44 0.00
1251 11303.12 12151.61 0.00
1252 14045.20 14591.73 0.00
1253 12235.73 8033.87 0.00
1254 8318.15 13.72 0.00
1255 2.44 4.89 0.00
1256 2.33 0.82 0.00
1257 2.12 0.00 0.00
1258 2.91 2.01 0.00
1259 2.73 2.44 0.00
1260 2.49 0.30 0.00
1261 2.75 0.30 0.00
1262 9.01 1729.79 0.00
1263 11.37 3484.50 0.00
1264 8.82 2061.31 0.00
1265 8.62 1871.65 0.00
1266 8.33 2466.23 0.00
1267 6.60 567.99 0.00
1268 2.12 26.59 0.00
1269 1.71 0.26 0.00
1270 11.37 2404.49 0.00
1271 11.06 2563.66 0.00
1272 6.55 1242.58 0.00
1273 12.84 3223.43 0.00
1274 9.62 2809.15 0.00
1275 7.65 3081.39 0.00
1276 11.75 4076.11 0.00
1277 6849.14 2655.62 0.00
1278 12510.84 31.59 0.00
1279 11.28 4050.29 0.00
1280 2.59 618.10 0.00
1281 13.39 2741.72 0.00
1282 14.10 3604.79 0.00
1283 14.74 3974.17 0.00
1284 9.77 2510.82 0.00
1285 7.75 2087.51 0.00
1286 3.96 1173.67 0.00
1287 7.93 1843.34 0.00
1288 2.06 12.62 0.00
1289 2.36 4.40 0.00
1290 2.52 0.30 0.00
1291 1243.42 5268.49 0.00
1292 6208.88 10882.20 0.00
1293 16728.90 8701.68 0.00
1294 27374.98 16809.99 0.00
1295 4333.58 11351.01 0.00
1296 3491.28 3934.24 0.00
1297 9355.63 3610.51 0.00
1298 1911.45 724.83 0.00
1299 1656.77 3.68 0.00
1300 1056.11 1.46 0.00
1301 3.04 1.02 0.00
1302 1.49 0.43 0.00
1303 1136.43 310.47 0.00
1304 3389.05 5822.23 0.00
1305 4779.96 5288.68 0.00
1306 6407.96 4573.88 0.00
1307 11796.23 11339.66 0.00
1308 11288.86 14323.26 0.00
1309 10805.16 5375.52 0.00
1310 23926.24 921.46 0.00
1311 5496.21 6075.58 0.00
1312 6470.40 8914.87 0.00
1313 12487.28 28.02 0.00
1314 11.80 6016.77 0.00
1315 9660.32 68.50 0.00
1316 184.50 5.76 0.00
1317 5074.21 1918.17 0.00
1318 4057.50 11165.12 0.00
1319 377.30 8871.18 0.00
1320 2.07 0.36 0.00
1321 1.99 0.30 0.00
1322 1.65 0.82 0.00
1323 6.02 1220.99 0.00
1324 6.51 2471.86 0.00
1325 7.07 2465.44 0.00
1326 5.12 2047.02 0.00
1327 4.29 1211.69 0.00
1328 7191.62 34.29 0.00
1329 9236.78 22.75 0.00
1330 1883.48 1181.38 0.00
1331 732.55 2512.53 0.00
1332 16.73 2971.44 0.00
1333 7.99 1455.27 0.00
1334 6.98 1117.60 0.00
1335 8.96 2089.85 0.00
1336 8110.06 3561.03 0.00
1337 2522.79 1700.51 0.00
1338 6.84 1588.88 0.00
1339 1.80 2.19 0.00
1340 1.66 0.95 0.00
1341 2.11 0.37 0.00
1342 2.15 0.38 0.00
1343 837.29 866.92 0.00
1344 260.36 624.97 0.00
1345 12.32 2731.47 0.00
1346 13.69 2652.85 0.00
1347 90.11 1146.70 0.00
1348 1439.53 8872.51 0.00
1349 572.26 4808.05 0.00
1350 30.32 10917.38 0.00
1351 2.95 969.22 0.00
1352 4.64 241.34 0.00
1353 5.85 1778.19 0.00
1354 4.31 1444.57 0.00
1355 7.61 990.65 0.00
1356 6.52 599.33 0.00
1357 11.57 4249.74 0.00
1358 22.22 10679.04 0.00
1359 16.28 11347.43 0.00
1360 1.81 357.30 0.00
1361 1.61 5.53 0.00
1362 0.55 0.30 0.00
1363 0.93 0.45 0.00
1364 1.87 2.25 0.00
1365 10.00 4154.92 0.00
1366 6.95 3777.34 0.00
1367 9.18 4497.75 0.00
1368 0.85 82.46 0.00
1369 8.91 3543.85 0.00
1370 6.59 2585.28 0.00
1371 0.88 0.30 0.00
1372 1.32 0.30 0.00
1373 0.96 0.82 0.00
1374 1.10 0.30 0.00
1375 2.34 3.62 0.00
1376 1.21 0.82 0.00
1377 0.99 0.30 0.00
1378 1.90 0.45 0.00
1379 1.19 2.25 0.00
1380 1.86 2.13 0.00
1381 1.98 0.30 0.00
1382 1.10 0.82 0.00
1383 0.96 0.30 0.00
1384 3.24 0.30 0.00
1385 2.20 4.33 0.00
1386 1.54 0.30 0.00
1387 2.70 0.30 0.00
1388 1.63 0.82 0.00
1389 1.80 0.30 0.00
1390 3.83 2.07 0.00
1391 2.20 0.82 0.00
1392 1.21 0.30 0.00
1393 1.83 0.45 0.00
1394 22.46 18.50 0.00
1395 4910.45 6072.84 0.00
1396 4233.90 8422.71 0.00
1397 5635.92 9329.57 0.00
1398 6293.11 11470.81 0.00
1399 8276.53 10106.01 0.00
1400 4049.16 9357.41 0.00
1401 2346.72 3228.43 0.00
1402 2948.66 3055.70 0.00
1403 3014.17 3683.38 0.00
1404 6221.20 753.80 0.00
1405 12210.86 2016.05 0.00
1406 8672.83 15.90 0.00
1407 7371.90 15.77 0.00
1408 958.10 2.06 0.00
1409 1.76 2.25 0.00
1410 1.37 2.19 0.00
1411 1.56 0.30 0.00
1412 1.10 0.51 0.00
1413 0.62 0.30 0.00
1414 2.10 0.30 0.00
1415 2.26 7.23 0.00
1416 0.99 0.30 0.00
1417 2.25 0.30 0.00
1418 2.05 0.82 0.00
1419 0.65 0.30 0.00
1420 1.83 2.32 0.00
1421 0.55 0.30 0.00
1422 0.88 0.82 0.00
1423 2.74 0.14 0.00
1424 0.99 2.25 0.00
1425 1.81 6.72 0.00
1426 3.74 0.37 0.00
1427 1.64 1.13 0.00
1428 2.49 897.72 0.00
1429 4.89 900.00 0.00
1430 7.08 1006.08 0.00
1431 3.23 0.74 0.00
1432 5.22 1493.16 0.00
1433 5.59 2711.84 0.00
1434 2.19 578.06 0.00
1435 2672.83 25.73 0.00
1436 8855.38 19.95 0.00
1437 1057.26 1.98 0.00
1438 1091.16 1566.49 0.00
1439 8860.07 1591.98 0.00
1440 3862.95 1138.22 0.00
1441 1600.46 1850.57 0.00
1442 2058.38 3596.52 0.00
1443 73.55 1650.00 0.00
1444 698.49 45.31 0.00
1445 1715.98 1400.09 0.00
1446 320.67 409.87 0.00
1447 1.05 0.50 0.00
1448 1.63 0.30 0.00
1449 2.76 0.82 0.00
1450 36.70 9994.40 0.00
1451 46.43 19226.23 0.00
1452 4.44 1697.85 0.00
1453 22941.73 64.21 0.00
1454 21864.09 3399.54 0.00
1455 9418.67 3144.29 0.00
1456 5550.75 2706.25 0.00
1457 3085.53 4543.26 0.00
1458 12.13 3845.90 0.00
1459 11.31 1847.96 0.00
1460 14.94 4097.52 0.00
1461 14.78 2672.18 0.00
1462 1170.43 1823.23 0.00
1463 6644.64 3051.65 0.00
1464 5841.37 4012.21 0.00
1465 14091.38 7618.08 0.00
1466 8561.86 5320.89 0.00
1467 7820.02 6619.17 0.00
1468 1570.84 2085.55 0.00
1469 5031.21 2497.94 0.00
1470 12633.55 5211.58 0.00
1471 9784.98 19.98 0.00
1472 2.88 2.91 0.00
1473 1.57 0.37 0.00
1474 2.19 0.56 0.00
1475 1.11 0.88 0.00
1476 8569.10 10787.35 0.00
1477 5804.68 9481.99 0.00
1478 5879.87 2093.05 0.00
1479 322.88 1288.54 0.00
1480 11321.62 2006.79 0.00
1481 4611.49 1374.54 0.00
1482 2001.65 4506.67 0.00
1483 387.02 2.80 0.00
1484 1.20 2.25 0.00
1485 1.60 4.46 0.00
1486 1.92 1.79 0.00
1487 1.43 2.64 0.00
1488 10.48 1489.51 0.00
1489 11.35 2701.93 0.00
1490 11.94 2967.67 0.00
1491 5.74 2253.52 0.00
1492 11.49 2141.42 0.00
1493 25.43 12104.68 0.00
1494 3.27 679.87 0.00
1495 7.46 2028.64 0.00
1496 16.50 7094.31 0.00
1497 6.87 3028.43 0.00
1498 6.75 2513.85 0.00
1499 1.31 2.32 0.00
1500 539.06 3326.08 0.00
1501 13979.97 8690.16 0.00
1502 15015.94 8647.72 0.00
1503 7127.40 8984.72 0.00
1504 4598.41 5265.73 0.00
1505 5041.49 4486.51 0.00
1506 2.25 104.99 0.00
1507 1.95 6.77 0.00
1508 1.29 0.89 0.00
1509 3641.57 3731.61 0.00
1510 8901.12 3083.08 0.00
1511 4969.86 2296.61 0.00
1512 5022.52 19.71 0.00
1513 6213.10 3714.61 0.00
1514 5029.03 5766.77 0.00
1515 3018.63 6.14 0.00
1516 1586.49 2.30 0.00
1517 82.35 3.67 0.00
1518 323.31 1.92 0.00
1519 1022.63 375.88 0.00
1520 1167.04 7456.64 0.00
1521 20.22 9119.49 0.00
1522 2.42 261.84 0.00
1523 0.89 2.31 0.00
1524 1.42 0.30 0.00
1525 0.93 3.91 0.00
1526 0.44 0.82 0.00
1527 1.69 2.23 0.00
1528 0.67 0.47 0.00
1529 0.56 2.25 0.00
1530 1.21 0.45 0.00
1531 0.87 4.88 0.00
1532 2.44 2.59 0.00
1533 1.07 0.36 0.00
1534 1.20 0.30 0.00
1535 2.36 4.15 0.00
1536 1.44 0.30 0.00
1537 1.65 2.17 0.00
1538 2.94 0.85 0.00
1539 1.60 0.00 0.00
1540 0.96 0.30 0.00
1541 1.61 0.96 0.00
1542 2.55 6.71 0.00
1543 1.02 0.42 0.00
1544 1.87 2.32 0.00
1545 2.94 1.92 0.00
1546 1.08 0.30 0.00
1547 2.74 2.59 0.00
1548 1.07 0.36 0.00
1549 1.40 0.30 0.00
1550 1.95 0.82 0.00
1551 0.44 0.30 0.00
1552 5566.82 8632.35 0.00
1553 7426.40 12537.72 0.00
1554 6020.11 10010.02 0.00
1555 2261.53 4438.16 0.00
1556 839.19 2360.51 0.00
1557 1984.69 3153.73 0.00
1558 2131.85 3014.51 0.00
1559 2401.28 4101.08 0.00
1560 9774.66 9895.98 0.00
1561 11415.29 662.20 0.00
1562 10040.53 4292.27 0.00
1563 10190.78 17.77 0.00
1564 1.88 0.30 0.00
1565 2.02 5.41 0.00
1566 1.43 0.30 0.00
1567 2.26 2.01 0.00
1568 1.84 0.87 0.00
1569 1.79 0.30 0.00
1570 7.35 2007.12 0.00
1571 4.84 1515.37 0.00
1572 4136.48 1921.79 0.00
1573 5904.42 422.57 0.00
1574 2736.85 5.22 0.00
1575 5079.35 22.83 0.00
1576 2700.10 6.94 0.00
1577 2134.12 10.02 0.00
1578 7.29 1137.03 0.00
1579 3.05 897.88 0.00
1580 2.33 0.00 0.00
1581 4.83 327.22 0.00
1582 4.17 1890.10 0.00
1583 3.00 64.78 0.00
1584 6.44 1243.37 0.00
1585 10.33 2700.77 0.00
1586 11.72 5157.30 0.00
1587 20.59 7613.60 0.00
1588 3459.02 5090.11 0.00
1589 10480.28 982.73 0.00
1590 9.83 4047.25 0.00
1591 10.23 4714.81 0.00
1592 16.12 8147.88 0.00
1593 4.65 1901.83 0.00
1594 8.91 2545.03 0.00
1595 4276.16 1377.84 0.00
1596 5305.02 1028.01 0.00
1597 5528.45 1597.37 0.00
1598 5606.72 3166.72 0.00
1599 2326.37 1356.50 0.00
1600 2213.66 3081.35 0.00
1601 657.43 4265.79 0.00
1602 266.11 2823.01 0.00
1603 1066.84 14510.09 0.00
1604 25.84 10815.41 0.00
1605 5.09 1541.46 0.00
1606 1.79 2.19 0.00
1607 16751.55 5334.10 0.00
1608 13559.05 8587.49 0.00
1609 6788.02 539.89 0.00
1610 13.77 2694.68 0.00
1611 2.28 2.16 0.00
1612 1.65 0.33 0.00
1613 1.85 0.82 0.00
1614 1.44 0.30 0.00
1615 1.95 0.30 0.00
1616 14.21 3026.19 0.00
1617 12640.67 10313.79 0.00
1618 9114.49 10147.66 0.00
1619 20.09 6500.86 0.00
1620 17346.47 3585.16 0.00
1621 10134.33 7826.88 0.00
1622 1547.10 7718.81 0.00
1623 12093.80 5711.08 0.00
1624 4685.08 3711.35 0.00
1625 1.58 65.85 0.00
1626 4788.83 1956.02 0.00
1627 6371.29 4198.56 0.00
1628 7142.47 2521.62 0.00
1629 7320.69 1663.06 0.00
1630 6850.71 2243.87 0.00
1631 5248.58 1661.35 0.00
1632 2675.36 2878.20 0.00
1633 1704.04 7.59 0.00
1634 1146.26 5.94 0.00
1635 1236.69 3.59 0.00
1636 1180.31 3.91 0.00
1637 909.78 4.00 0.00
1638 1199.51 1.92 0.00
1639 1.82 0.89 0.00
1640 2.66 0.50 0.00
1641 220.80 9710.23 0.00
1642 8191.99 12006.31 0.00
1643 2566.62 5.40 0.00
1644 3.37 2.17 0.00
1645 2.96 627.56 0.00
1646 4.52 1281.08 0.00
1647 1214.80 3937.05 0.00
1648 1417.95 5097.43 0.00
1649 542.03 5405.49 0.00
1650 20.68 7343.85 0.00
1651 26.35 10974.26 0.00
1652 11.53 5288.36 0.00
1653 21.04 7078.64 0.00
1654 7.24 1974.26 0.00
1655 3.57 4.38 0.00
1656 1.33 0.30 0.00
1657 4.20 617.29 0.00
1658 10.35 1414.21 0.00
1659 378.19 1162.23 0.00
1660 2136.05 497.96 0.00
1661 1982.49 2635.16 0.00
1662 3389.02 1676.77 0.00
1663 2472.20 1813.96 0.00
1664 1131.93 1946.90 0.00
1665 3862.15 7916.72 0.00
1666 2982.27 7988.66 0.00
1667 6.52 1244.74 0.00
1668 2.24 2.28 0.00
1669 1.10 0.87 0.00
1670 2.05 0.30 0.00
1671 10.71 5970.08 0.00
1672 1.65 97.24 0.00
1673 7349.09 23.63 0.00
1674 4904.82 8.25 0.00
1675 2.24 4.70 0.00
1676 0.83 0.37 0.00
1677 1.32 4.95 0.00
1678 911.53 11.49 0.00
1679 2.05 0.32 0.00
1680 1.18 0.30 0.00
1681 1.87 0.82 0.00
1682 1.08 0.30 0.00
1683 2.09 0.46 0.00
1684 3.12 2.17 0.00
1685 1.48 3.63 0.00
1686 2.51 5.02 0.00
1687 3.20 0.82 0.00
1688 2.06 2.06 0.00
1689 2.14 0.37 0.00
1690 3.95 0.82 0.00
1691 1.11 0.30 0.00
1692 2.32 0.30 0.00
1693 2.85 4.16 0.00
1694 23.68 13.79 0.00
1695 5514.56 7540.97 0.00
1696 5123.50 8448.46 0.00
1697 8048.37 2217.57 0.00
1698 5210.54 9003.90 0.00
1699 9399.33 9782.20 0.00
1700 8646.16 3164.80 0.00
1701 6861.83 488.48 0.00
1702 11786.99 7933.14 0.00
1703 12802.31 15223.05 0.00
1704 10350.49 9853.15 0.00
1705 1.99 5.47 0.00
1706 1.96 0.30 0.00
1707 2.66 0.30 0.00
1708 1.32 0.96 0.00
1709 1.87 3.50 0.00
1710 1.74 0.36 0.00
1711 1.05 0.82 0.00
1712 1.96 0.30 0.00
1713 1.30 0.30 0.00
1714 3.12 2.59 0.00
1715 3.10 4.95 0.00
1716 0.99 0.30 0.00
1717 2.14 0.82 0.00
1718 2.27 0.30 0.00
1719 1.52 1.90 0.00
1720 1.07 0.16 0.00
1721 2.89 0.00 0.00
1722 4.61 282.88 0.00
1723 8.09 1737.69 0.00
1724 6.60 1479.73 0.00
1725 5.10 842.80 0.00
1726 0.66 0.36 0.00
1727 3.19 355.38 0.00
1728 6.18 2610.81 0.00
1729 819.91 4252.37 0.00
1730 8275.51 2339.66 0.00
1731 4316.36 4972.53 0.00
1732 12.73 8037.32 0.00
1733 7.25 4208.30 0.00
1734 9.97 3379.72 0.00
1735 10.39 2248.49 0.00
1736 6.72 2869.53 0.00
1737 3.52 667.87 0.00
1738 6.44 432.25 0.00
1739 10.25 2156.39 0.00
1740 16.22 5271.08 0.00
1741 16.24 7673.14 0.00
1742 8.16 4930.09 0.00
1743 8.62 4495.84 0.00
1744 14709.56 1237.60 0.00
1745 14948.81 3956.04 0.00
1746 1954.49 6341.03 0.00
1747 8.39 3410.04 0.00
1748 3.75 1875.45 0.00
1749 5.36 2195.91 0.00
1750 3058.42 3531.97 0.00
1751 8094.48 2735.82 0.00
1752 9310.03 3534.37 0.00
1753 9431.48 2965.44 0.00
1754 13597.12 6049.84 0.00
1755 18581.62 4159.91 0.00
1756 10099.69 6166.90 0.00
1757 8804.13 8281.36 0.00
1758 127.02 45.62 0.00
1759 5.25 700.77 0.00
1760 8893.70 2700.54 0.00
1761 11404.86 24.73 0.00
1762 5042.29 10515.33 0.00
1763 9577.60 3998.59 0.00
1764 7629.68 5676.85 0.00
1765 15.27 5153.34 0.00
1766 20.69 8689.61 0.00
1767 8.25 2686.07 0.00
1768 8.02 2550.49 0.00
1769 4.00 1653.10 0.00
1770 1.41 0.30 0.00
1771 3.18 0.89 0.00
1772 1.94 1.71 0.00
1773 0.85 0.00 0.00
1774 2.55 0.87 0.00
1775 2.89 0.37 0.00
1776 0.98 0.32 0.00
1777 19.69 8422.50 0.00
1778 6.98 2181.29 0.00
1779 4.07 421.63 0.00
1780 6.76 1596.97 0.00
1781 10.23 3053.44 0.00
1782 5.81 1742.09 0.00
1783 12.58 3379.10 0.00
1784 8.33 2429.65 0.00
1785 10.53 2519.28 0.00
1786 9.20 1576.02 0.00
1787 5.97 887.72 0.00
1788 16.64 6241.74 0.00
1789 14.74 5660.93 0.00
1790 18.94 5918.73 0.00
1791 10.93 4685.09 0.00
1792 4.34 2506.68 0.00
1793 14.15 6648.94 0.00
1794 5.60 1270.31 0.00
1795 7.51 2041.00 0.00
1796 4.98 1585.85 0.00
1797 7.92 1549.56 0.00
1798 6427.86 8855.78 0.00
1799 11601.82 8203.20 0.00
1800 14959.10 5780.86 0.00
1801 21753.15 5495.40 0.00
1802 20711.95 4024.86 0.00
1803 8061.16 1434.75 0.00
1804 1.28 5.02 0.00
1805 6.01 1108.27 0.00
1806 6.02 1774.40 0.00
1807 3.07 493.11 0.00
1808 0.85 0.82 0.00
1809 1.25 0.30 0.00
1810 6.16 2.27 0.00
1811 1.67 0.89 0.00
1812 123.91 4117.56 0.00
1813 25393.23 4201.03 0.00
1814 13157.98 4268.32 0.00
1815 3593.40 1170.05 0.00
1816 20892.79 36.33 0.00
1817 0.87 0.51 0.00
1818 1.84 0.30 0.00
1819 1.47 1.79 0.00
1820 1.50 0.30 0.00
1821 3.37 4.33 0.00
1822 1.33 0.30 0.00
1823 1.30 0.30 0.00
1824 1.66 0.30 0.00
1825 1.59 4.19 0.00
1826 1.63 2.32 0.00
1827 2.21 0.30 0.00
1828 2.30 3.04 0.00
1829 1.77 4.88 0.00
1830 1.75 0.30 0.00
1831 1.86 2.84 0.00
1832 1.11 0.30 0.00
1833 0.52 0.30 0.00
1834 1.00 0.82 0.00
1835 2.26 3.91 0.00
1836 1.35 2.33 0.00
1837 1.59 5.39 0.00
1838 1.41 0.30 0.00
1839 0.77 0.30 0.00
1840 0.63 0.82 0.00
1841 1.74 2.19 0.00
1842 0.78 0.30 0.00
1843 1.25 2.39 0.00
1844 19.08 17.00 0.00
1845 27.67 3840.38 0.00
1846 469.87 4017.71 0.00
1847 742.31 2019.28 0.00
1848 2580.32 5013.94 0.00
1849 6819.40 3071.18 0.00
1850 6657.17 12.21 0.00
1851 8675.83 5579.74 0.00
1852 8959.33 17222.09 0.00
1853 11982.94 17430.54 0.00
1854 9779.39 14.42 0.00
1855 2.81 5.47 0.00
1856 5619.61 6138.34 0.00
1857 3017.72 5169.84 0.00
1858 2.18 116.69 0.00
1859 0.78 1.81 0.00
1860 0.29 0.30 0.00
1861 2.16 2.58 0.00
1862 7.05 2419.35 0.00
1863 2.35 511.33 0.00
1864 3777.77 78.89 0.00
1865 7451.98 17.85 0.00
1866 6304.88 12.65 0.00
1867 4195.03 12.22 0.00
1868 1908.15 4.82 0.00
1869 388.60 243.20 0.00
1870 6.11 972.46 0.00
1871 5.17 1225.23 0.00
1872 16.86 4799.11 0.00
1873 1.22 33.51 0.00
1874 9.35 1231.64 0.00
1875 6.26 945.07 0.00
1876 10.80 2017.68 0.00
1877 6.28 1295.30 0.00
1878 6.44 610.73 0.00
1879 9.04 1361.19 0.00
1880 4.25 465.20 0.00
1881 4.77 373.57 0.00
1882 5.30 1007.02 0.00
1883 4.90 637.99 0.00
1884 3.03 0.38 0.00
1885 8.35 1616.96 0.00
1886 8.33 914.77 0.00
1887 2.38 0.00 0.00
1888 7.16 813.61 0.00
1889 12.19 1972.32 0.00
1890 2.79 26.50 0.00
1891 31.81 8642.76 0.00
1892 7205.16 9252.36 0.00
1893 8087.17 5533.81 0.00
1894 9117.32 6181.81 0.00
1895 18507.51 7234.49 0.00
1896 2.55 1675.41 0.00
1897 6.35 1428.45 0.00
1898 7.03 2864.77 0.00
1899 1.75 189.85 0.00
1900 0.86 0.30 0.00
1901 997.62 692.63 0.00
1902 12.72 3340.13 0.00
1903 6049.13 4519.99 0.00
1904 3593.85 2799.10 0.00
1905 5369.90 5458.51 0.00
1906 2462.48 5144.07 0.00
1907 951.04 6334.78 0.00
1908 16.81 6479.53 0.00
1909 16.28 5190.83 0.00
1910 11.05 4259.83 0.00
1911 12.32 4065.02 0.00
1912 4044.18 2856.83 0.00
1913 8874.60 3835.08 0.00
1914 7985.02 6050.16 0.00
1915 7348.05 7704.33 0.00
1916 5083.50 7950.19 0.00
1917 11.01 2700.87 0.00
1918 17.25 8198.11 0.00
1919 2.49 1.81 0.00
1920 2.10 0.89 0.00
1921 2.66 0.51 0.00
1922 2.86 2.06 0.00
1923 1.58 0.89 0.00
1924 1.78 0.30 0.00
1925 5.53 257.57 0.00
1926 21.85 6397.01 0.00
1927 15.14 4293.69 0.00
1928 8.65 3111.07 0.00
1929 18.21 2073.40 0.00
1930 6601.66 1337.55 0.00
1931 5683.09 1969.56 0.00
1932 5860.74 1332.46 0.00
1933 8141.85 2374.98 0.00
1934 8701.87 949.30 0.00
1935 7043.85 1715.98 0.00
1936 6392.13 279.27 0.00
1937 5499.43 18.02 0.00
1938 9839.80 7949.29 0.00
1939 8252.02 8598.90 0.00
1940 8682.66 7201.61 0.00
1941 4892.94 46.13 0.00
1942 4714.53 5.74 0.00
1943 2816.77 5.37 0.00
1944 1004.33 2.22 0.00
1945 2.15 0.50 0.00
1946 1.09 0.50 0.00
1947 2.74 1.47 0.00
1948 3198.38 1196.04 0.00
1949 4215.54 25750.90 0.00
1950 8268.92 11237.60 0.00
1951 4.09 254.92 0.00
1952 1.02 0.43 0.00
1953 2.44 2.84 0.00
1954 2.03 1.14 0.00
1955 3.14 748.42 0.00
1956 4132.39 8102.89 0.00
1957 13658.40 5418.13 0.00
1958 5213.29 7645.95 0.00
1959 1599.22 2520.23 0.00
1960 2624.60 1357.19 0.00
1961 4651.13 4078.84 0.00
1962 2940.74 2028.47 0.00
1963 3328.59 2898.03 0.00
1964 6532.86 4004.48 0.00
1965 4265.95 2648.67 0.00
1966 4181.07 3213.33 0.00
1967 5045.34 4509.76 0.00
1968 4479.61 420.59 0.00
1969 0.43 0.33 0.00
1970 0.96 0.30 0.00
1971 3.13 0.82 0.00
1972 7.70 1640.64 0.00
1973 7.36 2231.65 0.00
1974 6.05 1945.03 0.00
1975 4.30 1114.85 0.00
1976 5.29 1092.59 0.00
1977 4.06 769.72 0.00
1978 1.87 2.34 0.00
1979 2.18 1.73 0.00
1980 1.40 0.82 0.00
1981 1.85 0.30 0.00
1982 1.55 0.30 0.00
1983 1.99 2.35 0.00
1984 1.55 0.40 0.00
1985 1.86 0.00 0.00
1986 1.76 0.82 0.00
1987 1.00 0.30 0.00
1988 3.96 2.04 0.00
1989 2.21 0.85 0.00
1990 1.53 4.38 0.00
1991 1.88 0.30 0.00
1992 1.65 0.82 0.00
1993 2.95 2.27 0.00
1994 1.21 1.73 0.00
1995 2.38 9.34 0.00
1996 2.21 0.30 0.00
1997 1.44 0.30 0.00
1998 2.04 11.56 0.00
1999 2.00 0.36 0.00
2000 1.51 0.30 0.00
2001 1.90 0.82 0.00
2002 1.95 0.37 0.00
2003 2.14 6.31 0.00
2004 2.57 0.83 0.00
2005 2.56 1.92 0.00
2006 1.21 0.30 0.00
2007 2.46 0.82 0.00
2008 2.34 3.47 0.00
2009 0.99 0.40 0.00
2010 2.11 0.82 0.00
2011 2.44 0.30 0.00
2012 16.15 4104.64 0.00
2013 18.54 9806.10 0.00
2014 15.36 9892.62 0.00
2015 64.54 12782.70 0.00
2016 21.66 11050.18 0.00
2017 13201.50 4687.09 0.00
2018 17239.38 3159.86 0.00
2019 6398.98 1207.79 0.00
2020 6002.14 2023.25 0.00
2021 5580.03 2414.04 0.00
2022 6729.75 2060.69 0.00
2023 5824.14 2951.32 0.00
2024 5688.69 2281.79 0.00
2025 4850.95 1979.58 0.00
2026 6840.43 9.93 0.00
2027 5775.90 9.39 0.00
2028 3678.50 9.10 0.00
2029 6265.38 10.80 0.00
2030 1.41 0.30 0.00
2031 1.54 0.82 0.00
2032 11.22 3584.70 0.00
2033 18.15 7007.45 0.00
2034 12.41 5858.39 0.00
2035 1.69 4.47 0.00
2036 19.05 6828.92 0.00
2037 16.64 5777.66 0.00
2038 3.73 147.75 0.00
2039 24.34 8959.91 0.00
2040 34.16 12486.19 0.00
2041 1.45 150.18 0.00
2042 2.09 0.92 0.00
2043 15.83 4451.12 0.00
2044 26.58 13821.27 0.00
2045 30.07 15097.11 0.00
2046 9.00 4915.16 0.00
2047 4.26 820.20 0.00
2048 2819.64 2583.82 0.00
2049 4918.93 1726.03 0.00
2050 4602.05 1718.87 0.00
2051 4422.47 1500.34 0.00
2052 3758.63 1872.71 0.00
2053 6185.72 3300.93 0.00
2054 6049.98 1969.37 0.00
2055 4078.10 3199.81 0.00
2056 6008.58 4437.50 0.00
2057 7627.05 2889.24 0.00
2058 6172.23 203.83 0.00
2059 7356.91 3709.38 0.00
2060 5738.50 1041.12 0.00
2061 13071.65 2472.79 0.00
2062 6674.36 5376.49 0.00
2063 26.61 13242.09 0.00
2064 4.01 18.32 0.00
2065 3.53 13.33 0.00
2066 1.10 0.30 0.00
2067 5.28 1.08 0.00
2068 2.98 3.58 0.00
2069 1.82 1.10 0.00
2070 1.56 3.67 0.00
2071 1.94 0.43 0.00
2072 1.20 0.30 0.00
2073 2.19 0.82 0.00
2074 1.43 0.30 0.00
2075 1.57 0.30 0.00
2076 2.53 0.82 0.00
2077 1.80 0.30 0.00
2078 1.24 0.30 0.00
2079 1.33 0.82 0.00
2080 0.74 0.30 0.00
2081 2.35 0.30 0.00
2082 1.73 0.82 0.00
2083 1.02 0.45 0.00
2084 1.81 1.73 0.00
2085 2.30 0.82 0.00
2086 1.88 0.30 0.00
2087 2.14 0.30 0.00
2088 2.52 0.82 0.00
2089 0.89 0.30 0.00
2090 0.92 0.30 0.00
2091 1.77 0.82 0.00
2092 1.67 0.30 0.00
2093 2.40 0.30 0.00
2094 1.73 0.82 0.00
2095 1.38 0.30 0.00
2096 1.66 0.30 0.00
2097 1.95 0.82 0.00
2098 1.69 0.45 0.00
2099 1.33 1.73 0.00
2100 1.84 0.82 0.00
2101 1.51 0.30 0.00
2102 1.77 0.30 0.00
2103 1.72 0.82 0.00
2104 1.32 0.30 0.00
2105 1.52 0.30 0.00
2106 1.72 0.82 0.00
2107 0.99 0.30 0.00
2108 1.74 0.30 0.00
2109 2.32 0.82 0.00
2110 2.19 0.30 0.00
2111 3.23 0.30 0.00
2112 1.54 0.82 0.00
2113 3.52 1.87 0.00
2114 2.53 0.30 0.00
2115 1.71 0.82 0.00
2116 1.89 0.30 0.00
2117 2.88 0.30 0.00
2118 1.17 0.81 0.00
2119 1.99 0.30 0.00
2120 3.23 0.30 0.00
2121 3.19 0.82 0.00
2122 2.63 0.30 0.00
2123 2.34 0.00 0.00
2124 1.73 0.82 0.00
2125 2.50 0.30 0.00
2126 2.93 0.30 0.00
2127 0.66 0.82 0.00
2128 2.23 0.45 0.00
2129 1.09 1.73 0.00
2130 0.52 0.82 0.00
2131 1.77 0.30 0.00
2132 1.41 0.30 0.00
2133 2.16 0.82 0.00
2134 1.56 0.30 0.00
2135 1.16 0.30 0.00
2136 2.52 0.82 0.00
2137 1.69 0.30 0.00
2138 1.57 0.30 0.00
2139 2.05 0.82 0.00
2140 1.33 0.30 0.00
2141 2.81 0.30 0.00
2142 2.33 0.82 0.00
2143 0.91 0.37 0.00
2144 1.77 1.81 0.00
2145 2.38 0.82 0.00
2146 0.88 0.30 0.00
2147 1.41 0.30 0.00
2148 2.86 0.82 0.00
2149 0.88 0.30 0.00
2150 1.08 0.30 0.00
2151 1.54 0.82 0.00
2152 1.30 0.30 0.00
2153 1.18 0.30 0.00
2154 1.11 0.82 0.00
2155 1.51 0.30 0.00
2156 1.44 0.30 0.00
2157 1.19 0.82 0.00
2158 0.69 0.45 0.00
2159 2.36 1.73 0.00
2160 0.96 0.82 0.00
2161 0.55 0.30 0.00
2162 2.47 0.30 0.00
2163 1.27 0.82 0.00
2164 1.88 0.30 0.00
2165 2.33 0.30 0.00
2166 0.55 0.82 0.00
2167 0.66 0.30 0.00
2168 1.30 0.30 0.00
2169 1.36 0.82 0.00
2170 1.26 0.30 0.00
2171 1.97 0.30 0.00
2172 1.66 0.82 0.00
2173 3.27 0.45 0.00
2174 1.23 1.73 0.00
2175 1.47 0.82 0.00
2176 2.50 0.30 0.00
2177 1.80 0.30 0.00
2178 1.70 0.82 0.00
2179 1.63 0.30 0.00
2180 0.96 0.30 0.00
2181 1.25 0.82 0.00
2182 2.51 0.30 0.00
2183 1.59 0.30 0.00
2184 1.07 0.82 0.00
2185 2.27 0.30 0.00
2186 1.55 0.30 0.00
2187 1.80 0.82 0.00
2188 2.02 0.37 0.00
2189 0.55 1.81 0.00
2190 1.58 0.82 0.00
2191 1.63 0.30 0.00
2192 0.99 0.30 0.00
2193 2.04 0.82 0.00
2194 1.40 0.30 0.00
2195 1.46 0.30 0.00
2196 2.21 0.82 0.00
2197 2.71 0.30 0.00
2198 1.07 0.30 0.00
2199 1.22 0.82 0.00
2200 2.00 0.30 0.00
2201 1.27 0.30 0.00
2202 1.77 0.82 0.00
2203 2.16 1.87 0.00
2204 1.01 0.00 0.00
2205 1.51 0.82 0.00
2206 1.17 0.30 0.00
2207 1.41 0.30 0.00
2208 1.95 0.82 0.00
2209 1.18 0.30 0.00
2210 0.74 0.30 0.00
2211 1.44 0.82 0.00
2212 0.55 0.30 0.00
2213 1.74 0.30 0.00
2214 0.88 0.82 0.00
2215 0.85 0.30 0.00
2216 2.21 0.30 0.00
2217 0.76 0.82 0.00
2218 0.91 0.45 0.00
2219 1.66 1.73 0.00
2220 0.85 0.82 0.00
2221 0.66 0.30 0.00
2222 1.22 0.30 0.00
2223 1.17 0.82 0.00
2224 0.77 0.30 0.00
2225 1.49 0.30 0.00
2226 0.66 0.82 0.00
2227 0.66 0.30 0.00
2228 1.39 0.30 0.00
2229 1.14 0.82 0.00
2230 0.41 0.30 0.00
2231 1.65 0.30 0.00
2232 0.88 0.82 0.00
2233 2.26 0.45 0.00
2234 0.66 1.73 0.00
2235 1.07 0.82 0.00
2236 2.70 0.30 0.00
2237 0.54 0.30 0.00
2238 1.25 0.82 0.00
2239 2.67 0.30 0.00
2240 1.40 0.30 0.00
2241 1.69 0.82 0.00
2242 3.03 0.30 0.00
2243 0.85 0.30 0.00
2244 1.84 0.82 0.00
2245 1.93 0.30 0.00
2246 1.43 0.30 0.00
2247 1.29 0.82 0.00
2248 2.24 0.45 0.00
2249 1.55 1.73 0.00
2250 1.62 0.82 0.00
2251 1.96 0.30 0.00
2252 1.22 0.30 0.00
2253 1.62 0.82 0.00
2254 1.44 0.30 0.00
2255 1.52 0.30 0.00
2256 2.77 0.82 0.00
2257 2.22 0.30 0.00
2258 1.19 0.30 0.00
2259 1.85 0.82 0.00
2260 0.74 0.30 0.00
2261 1.22 0.30 0.00
2262 1.77 0.82 0.00
2263 1.14 0.45 0.00
2264 1.33 1.73 0.00
2265 1.62 0.82 0.00
2266 0.89 0.30 0.00
2267 0.77 0.30 0.00
2268 1.51 0.82 0.00
2269 1.12 0.30 0.00
2270 1.08 0.30 0.00
2271 1.32 0.82 0.00
2272 0.55 0.30 0.00
2273 1.63 0.30 0.00
2274 0.99 0.82 0.00
2275 2.19 0.30 0.00
2276 1.33 0.30 0.00
2277 0.77 0.82 0.00
2278 3.27 0.45 0.00
2279 1.55 1.73 0.00
2280 1.73 0.82 0.00
2281 1.81 0.30 0.00
2282 1.33 0.30 0.00
2283 1.50 0.82 0.00
2284 1.10 0.30 0.00
2285 2.07 0.30 0.00
2286 1.32 0.82 0.00
2287 0.88 0.00 0.00
2288 1.41 0.30 0.00
2289 1.69 0.82 0.00
2290 1.89 0.30 0.00
2291 1.22 0.30 0.00
2292 0.99 0.82 0.00
2293 1.60 0.37 0.00
2294 1.45 1.81 0.00
2295 1.50 0.82 0.00
2296 1.21 0.30 0.00
2297 2.00 0.30 0.00
2298 0.63 0.82 0.00
2299 0.66 0.30 0.00
2300 1.30 0.30 0.00
2301 1.90 0.82 0.00
2302 0.99 0.30 0.00
2303 1.75 0.30 0.00
2304 0.88 0.82 0.00
2305 0.85 0.30 0.00
2306 1.56 0.30 0.00
2307 1.41 0.82 0.00
2308 1.02 0.37 0.00
2309 1.67 1.81 0.00
2310 0.85 0.82 0.00
2311 0.89 0.30 0.00
2312 1.88 0.30 0.00
2313 1.07 0.82 0.00
2314 2.26 0.30 0.00
2315 0.82 0.30 0.00
2316 1.07 0.82 0.00
2317 3.41 0.30 0.00
2318 1.36 0.30 0.00
2319 0.75 0.82 0.00
2320 2.45 0.30 0.00
2321 1.09 0.30 0.00
2322 0.96 0.82 0.00
2323 1.36 0.37 0.00
2324 0.55 1.81 0.00
2325 1.15 0.82 0.00
2326 1.11 0.30 0.00
2327 0.89 0.30 0.00
2328 1.06 0.82 0.00
2329 1.11 0.30 0.00
2330 1.05 0.30 0.00
2331 0.66 0.82 0.00
2332 1.33 0.30 0.00
2333 1.05 0.30 0.00
2334 1.22 0.82 0.00
2335 0.63 0.30 0.00
2336 1.00 0.30 0.00
2337 2.11 0.82 0.00
2338 1.02 0.45 0.00
2339 1.66 1.73 0.00
2340 1.84 0.82 0.00
2341 0.77 0.30 0.00
2342 0.66 0.30 0.00
2343 2.05 0.82 0.00
2344 0.97 0.30 0.00
2345 0.74 0.30 0.00
2346 2.04 0.82 0.00
2347 1.00 0.30 0.00
2348 1.19 0.30 0.00
2349 2.33 0.82 0.00
2350 1.05 0.30 0.00
2351 1.34 0.30 0.00
2352 2.25 0.82 0.00
2353 1.62 0.45 0.00
2354 1.11 1.73 0.00
2355 2.22 0.82 0.00
2356 0.88 0.30 0.00
2357 1.11 0.30 0.00
2358 2.30 0.82 0.00
2359 1.23 0.30 0.00
2360 1.75 0.30 0.00
2361 1.36 0.82 0.00
2362 1.22 0.30 0.00
2363 1.73 0.30 0.00
2364 0.66 0.82 0.00
2365 0.52 0.30 0.00
2366 1.56 0.30 0.00
2367 0.89 0.82 0.00
2368 0.58 0.45 0.00
2369 1.45 1.73 0.00
2370 0.74 0.82 0.00
2371 0.99 0.30 0.00
2372 1.22 0.30 0.00
2373 0.63 0.82 0.00
2374 2.08 0.30 0.00
2375 0.74 0.30 0.00
2376 0.88 0.82 0.00
2377 2.03 0.30 0.00
2378 0.94 0.30 0.00
2379 1.00 0.82 0.00
2380 1.30 0.30 0.00
2381 1.08 0.30 0.00
2382 0.77 0.82 0.00
2383 1.36 1.87 0.00
2384 0.55 0.30 0.00
2385 0.63 0.82 0.00
2386 1.11 0.00 0.00
2387 0.67 0.30 0.00
2388 1.29 0.82 0.00
2389 1.43 0.30 0.00
2390 0.97 0.30 0.00
2391 2.03 0.82 0.00
2392 1.22 0.30 0.00
2393 0.85 0.30 0.00
2394 2.48 0.82 0.00
2395 0.41 0.30 0.00
2396 0.55 0.30 0.00
2397 2.59 0.82 0.00
2398 0.69 0.45 0.00
2399 0.89 1.73 0.00
2400 1.40 0.82 0.00
2401 1.74 0.30 0.00
2402 0.75 0.30 0.00
2403 1.60 0.82 0.00
2404 0.55 0.30 0.00
2405 1.04 0.30 0.00
2406 1.86 0.82 0.00
2407 0.67 0.30 0.00
2408 0.74 0.30 0.00
2409 2.34 0.82 0.00
2410 1.08 0.30 0.00
2411 0.55 0.30 0.00
2412 1.56 0.30 0.00
2413 1.51 0.45 0.00
2414 1.78 1.73 0.00
2415 0.97 0.30 0.00
2416 0.44 0.30 0.00
2417 1.74 0.30 0.00
2418 0.85 0.82 0.00
2419 0.89 0.30 0.00
2420 1.41 0.30 0.00
2421 1.25 0.82 0.00
2422 1.45 0.30 0.00
2423 1.75 0.30 0.00
2424 1.21 0.82 0.00
2425 0.63 0.30 0.00
2426 1.56 0.30 0.00
2427 1.11 0.82 0.00
2428 0.69 0.45 0.00
2429 1.55 1.73 0.00
2430 2.34 0.82 0.00
2431 0.55 0.30 0.00
2432 1.33 0.30 0.00
2433 1.86 0.82 0.00
2434 1.23 0.30 0.00
2435 0.63 0.30 0.00
2436 1.80 0.82 0.00
2437 1.93 0.30 0.00
2438 1.20 0.30 0.00
2439 0.65 0.82 0.00
2440 1.31 0.30 0.00
2441 0.66 0.30 0.00
2442 0.65 0.82 0.00
2443 1.70 0.45 0.00
2444 0.55 1.73 0.00
2445 1.07 0.82 0.00
2446 1.33 0.30 0.00
2447 0.55 0.30 0.00
2448 0.74 0.82 0.00
2449 1.80 0.30 0.00
2450 0.97 0.30 0.00
2451 1.32 0.82 0.00
2452 1.78 0.30 0.00
2453 1.42 0.30 0.00
2454 1.55 0.82 0.00
2455 0.97 0.30 0.00
2456 0.44 0.30 0.00
2457 1.77 0.82 0.00
2458 0.58 1.87 0.00
2459 1.00 0.30 0.00
2460 1.30 0.51 0.00
2461 0.78 0.30 0.00
2462 2.06 0.30 0.00
2463 1.40 0.82 0.00
2464 1.04 0.37 0.00
2465 1.27 0.32 0.00
2466 1.11 0.82 0.00
2467 0.84 0.37 0.00
2468 1.90 0.30 0.00
2469 1.81 0.82 0.00
2470 0.86 0.30 0.00
2471 1.70 0.30 0.00
2472 1.22 0.82 0.00
2473 1.06 0.37 0.00
2474 2.38 1.81 0.00
2475 1.29 0.82 0.00
2476 0.77 0.30 0.00
2477 1.45 0.30 0.00
2478 0.85 0.82 0.00
2479 0.43 0.30 0.00
2480 1.30 0.30 0.00
2481 1.81 0.82 0.00
2482 0.67 0.30 0.00
2483 1.75 0.30 0.00
2484 1.00 0.82 0.00
2485 1.08 0.30 0.00
2486 2.00 0.30 0.00
2487 0.66 0.82 0.00
2488 1.48 0.37 0.00
2489 1.22 1.81 0.00
2490 0.85 0.82 0.00
2491 0.55 0.30 0.00
2492 1.90 0.30 0.00
2493 0.85 0.82 0.00
2494 1.33 0.30 0.00
2495 0.62 0.30 0.00
2496 1.00 0.82 0.00
2497 1.81 0.30 0.00
2498 0.62 0.30 0.00
2499 0.66 0.82 0.00
2500 1.64 0.30 0.00
2501 0.44 0.30 0.00
2502 4.83 4.24 0.00
2503 1.87 0.45 0.00
2504 0.55 1.73 0.00
2505 6.99 605.25 0.00
2506 1.33 0.30 0.00
2507 1.92 0.30 0.00
2508 0.85 0.82 0.00
2509 1.51 0.30 0.00
2510 1.67 0.30 0.00
2511 1.10 0.82 0.00
2512 1.90 0.30 0.00
2513 3.02 0.30 0.00
2514 1.43 0.82 0.00
2515 1.42 0.30 0.00
2516 1.22 0.30 0.00
2517 1.50 0.82 0.00
2518 1.26 0.45 0.00
2519 1.12 1.73 0.00
2520 1.29 0.82 0.00
2521 1.20 0.30 0.00
2522 0.86 0.30 0.00
2523 2.04 0.81 0.00
2524 1.74 0.30 0.00
2525 1.08 0.30 0.00
2526 1.65 0.82 0.00
2527 0.89 0.30 0.00
2528 7.63 227.35 0.00
2529 2.03 0.82 0.00
2530 4.62 3.53 0.00
2531 11.32 1508.62 0.00
2532 1.33 0.82 0.00
