0 1.76 1.73 0.00
1 2.11 2.08 0.00
2 1.55 0.30 0.00
3 1.32 0.30 0.00
4 2.24 0.82 0.00
5 5.09 3.53 0.00
6 4.58 2.13 0.00
7 3.48 0.82 0.00
8 2.00 0.30 0.00
9 0.85 0.30 0.00
10 5.94 1.09 0.00
11 1.68 4.00 0.00
12 1.34 0.30 0.00
13 1.31 0.82 0.00
14 3.16 0.45 0.00
15 3.82 5.06 0.00
16 1.71 2.02 0.00
17 0.83 0.44 0.00
18 2.56 3.36 0.00
19 18.21 17.69 0.00
20 89269.49 172.89 0.00
21 2.31 1.76 0.00
22 5.61 4.52 0.00
23 1.30 0.30 0.00
24 2.22 2.17 0.00
25 0.66 0.88 0.00
26 23.87 3.56 0.00
27 1.33 0.30 0.00
28 1.58 14.19 0.00
29 2.02 9.89 0.00
30 1.76 1.86 0.00
31 1.98 5.43 0.00
32 5.26 1.64 0.00
33 0.92 1.09 0.00
34 0.96 0.82 0.00
35 2.48 0.30 0.00
36 1.62 1.89 0.00
37 1.53 0.82 0.00
38 2.49 0.30 0.00
39 2.04 0.30 0.00
40 1.90 0.82 0.00
41 1.86 1.76 0.00
42 1.17 4.54 0.00
43 2.01 0.95 0.00
44 1.92 0.41 0.00
45 0.72 0.00 0.00
46 1.07 2.25 0.00
47 2.52 1.92 0.00
48 0.88 0.33 0.00
49 1.40 0.82 0.00
50 1.75 0.30 0.00
51 1.44 4.54 0.00
52 1.78 0.82 0.00
53 1.07 1.82 0.00
54 0.62 0.30 0.00
55 1.54 0.82 0.00
56 0.85 0.30 0.00
57 0.55 0.00 0.00
58 1.76 2.14 0.00
59 1.07 0.30 0.00
60 0.90 1.87 0.00
61 2.03 5.06 0.00
62 1.36 0.30 0.00
63 1.44 1.75 0.00
64 1.84 0.82 0.00
65 0.77 0.30 0.00
66 0.85 0.30 0.00
67 22.85 33.34 0.00
68 1.84 1.82 0.00
69 1.29 0.30 0.00
70 3.73 0.82 0.00
71 0.85 0.30 0.00
72 1.44 0.30 0.00
73 2.30 2.21 0.00
74 1.78 0.00 0.00
75 1.44 0.30 0.00
76 0.90 0.88 0.00
77 1.28 1.81 0.00
78 1.63 1.82 0.00
79 1.17 0.82 0.00
80 0.56 0.00 0.00
81 1.30 0.30 0.00
82 1.46 0.82 0.00
83 1.71 1.69 0.00
84 1.52 0.30 0.00
85 0.98 0.51 0.00
86 1.18 0.30 0.00
87 1.88 0.30 0.00
88 1.44 2.27 0.00
89 0.85 0.30 0.00
90 1.33 0.00 0.00
91 1.52 2.39 0.00
92 1.44 0.30 0.00
93 1.18 1.49 0.00
94 0.85 0.85 0.00
95 1.33 0.30 0.00
96 0.74 0.00 0.00
97 1.21 0.82 0.00
98 2.37 1.69 0.00
99 0.94 0.37 0.00
100 1.54 0.82 0.00
101 1.18 0.30 0.00
102 0.89 0.30 0.00
103 1.68 2.40 0.00
104 1.40 0.30 0.00
105 1.13 1.87 0.00
106 2.11 0.82 0.00
107 1.32 0.30 0.00
108 1.68 1.89 0.00
109 2.54 0.82 0.00
110 1.88 0.30 0.00
111 1.40 0.30 0.00
112 2.59 0.51 0.00
113 1.61 1.75 0.00
114 0.85 0.37 0.00
115 2.21 0.82 0.00
116 1.30 0.30 0.00
117 0.77 0.30 0.00
118 2.55 2.27 0.00
119 0.96 0.30 0.00
120 1.23 1.87 0.00
121 2.42 0.82 0.00
122 1.88 0.30 0.00
123 1.79 1.86 0.00
124 2.19 0.85 0.00
125 0.77 0.30 0.00
126 0.84 0.30 0.00
127 1.88 0.82 0.00
128 1.39 1.59 0.00
129 1.51 0.40 0.00
130 2.58 0.82 0.00
131 0.85 0.30 0.00
132 1.33 0.30 0.00
133 1.44 2.27 0.00
134 1.77 0.30 0.00
135 1.91 1.87 0.00
136 1.40 0.82 0.00
137 0.88 0.30 0.00
138 1.80 1.89 0.00
139 1.40 0.82 0.00
140 0.99 0.30 0.00
141 1.74 0.30 0.00
142 1.58 0.82 0.00
143 1.35 1.89 0.00
144 1.41 0.30 0.00
145 1.90 0.81 0.00
146 1.19 0.30 0.00
147 1.22 0.30 0.00
148 2.53 2.21 0.00
149 0.87 1.87 0.00
150 1.66 0.00 0.00
151 8.90 1600.80 0.00
152 9.71 4505.41 0.00
153 9.19 3798.68 0.00
154 4.94 2026.78 0.00
155 8.60 3757.08 0.00
156 9.77 4340.97 0.00
157 6.13 2338.70 0.00
158 8.53 3370.96 0.00
159 11.44 5783.35 0.00
160 6.95 3382.23 0.00
161 1.52 0.30 0.00
162 1.22 0.30 0.00
163 1.48 2.21 0.00
164 2.32 0.51 0.00
165 1.00 1.73 0.00
166 1.06 0.82 0.00
167 3.79 935.79 0.00
168 8.76 4127.30 0.00
169 8.72 3501.25 0.00
170 9.91 2727.21 0.00
171 7.43 3226.77 0.00
172 7.14 2643.05 0.00
173 7.68 3338.94 0.00
174 1.15 23.31 0.00
175 6.34 2065.44 0.00
176 9.62 4460.46 0.00
177 10.01 5545.67 0.00
178 6.20 2297.14 0.00
179 1.53 0.45 0.00
180 0.66 1.73 0.00
181 1.70 5.06 0.00
182 1.32 0.37 0.00
183 3.06 1.69 0.00
184 2.40 0.82 0.00
185 1.27 0.30 0.00
186 2.75 0.30 0.00
187 1.88 0.82 0.00
188 1.37 1.82 0.00
189 1.88 0.30 0.00
190 3.95 0.82 0.00
191 0.95 0.30 0.00
192 1.97 0.30 0.00
193 1.69 2.40 0.00
194 1.45 0.45 0.00
195 1.56 1.73 0.00
196 0.96 0.82 0.00
197 0.96 0.30 0.00
198 1.84 1.82 0.00
199 0.96 0.82 0.00
200 1.08 0.30 0.00
201 1.52 0.30 0.00
202 1.80 0.82 0.00
203 2.12 1.76 0.00
204 1.84 0.30 0.00
205 1.21 0.82 0.00
206 1.07 0.30 0.00
207 1.43 0.30 0.00
208 1.45 2.27 0.00
209 1.62 0.45 0.00
210 2.07 1.73 0.00
211 1.29 0.82 0.00
212 2.18 0.30 0.00
213 1.41 1.76 0.00
214 1.19 0.51 0.00
215 2.32 0.30 0.00
216 1.56 0.30 0.00
217 1.89 0.82 0.00
218 2.35 1.51 0.00
219 0.84 0.42 0.00
220 1.21 0.82 0.00
221 1.96 0.30 0.00
222 1.92 0.30 0.00
223 1.20 2.14 0.00
224 1.95 0.45 0.00
225 2.60 1.73 0.00
226 1.07 0.82 0.00
227 2.61 17.26 0.00
228 2.06 1.77 0.00
229 2.55 0.87 0.00
230 1.55 0.30 0.00
231 1.03 4.54 0.00
232 1.55 0.82 0.00
233 1.96 1.79 0.00
234 1.07 0.33 0.00
235 1.98 0.82 0.00
236 0.97 0.30 0.00
237 1.10 0.30 0.00
238 2.27 2.33 0.00
239 0.88 0.45 0.00
240 1.74 1.73 0.00
241 1.69 5.06 0.00
242 0.89 0.30 0.00
243 1.42 1.53 0.00
244 1.94 0.92 0.00
245 1.64 0.30 0.00
246 0.74 0.30 0.00
247 1.21 0.82 0.00
248 1.51 1.53 0.00
249 0.85 0.40 0.00
250 2.24 0.82 0.00
251 1.23 14.52 0.00
252 2.60 10.19 0.00
253 1.61 2.34 0.00
254 1.44 0.30 0.00
255 16.49 10.45 0.00
256 4.95 7.08 0.00
257 14.70 7.39 0.00
258 31.07 8849.69 0.00
259 4700.66 5942.83 0.00
260 1886.82 3432.43 0.00
261 2737.57 2058.50 0.00
262 2042.58 1273.01 0.00
263 764.51 981.70 0.00
264 2520.88 974.48 0.00
265 2047.02 1685.68 0.00
266 2535.73 1052.62 0.00
267 4764.41 1059.27 0.00
268 3479.22 1967.70 0.00
269 4362.06 1611.81 0.00
270 4047.33 1860.65 0.00
271 1385.37 397.59 0.00
272 1669.06 1.98 0.00
273 3430.09 561.31 0.00
274 1149.87 1.98 0.00
275 2373.12 1562.62 0.00
276 2410.60 2160.86 0.00
277 2056.24 771.87 0.00
278 3044.69 306.68 0.00
279 1996.22 3.08 0.00
280 2.79 2.72 0.00
281 1.71 0.50 0.00
282 1.00 0.30 0.00
283 0.79 0.95 0.00
284 886.50 1923.71 0.00
285 2727.00 3633.16 0.00
286 3825.85 3685.06 0.00
287 4056.02 2047.78 0.00
288 4299.21 1618.49 0.00
289 4168.76 1052.79 0.00
290 3515.23 1357.30 0.00
291 4257.72 1084.56 0.00
292 4571.13 1528.00 0.00
293 2045.97 1329.78 0.00
294 2393.33 1418.63 0.00
295 3839.67 948.30 0.00
296 2943.94 798.46 0.00
297 5326.35 2297.45 0.00
298 3328.90 1881.91 0.00
299 347.11 551.39 0.00
300 9.27 865.72 0.00
301 6.51 2181.60 0.00
302 9.61 3043.59 0.00
303 16.67 6157.02 0.00
304 12.47 2900.55 0.00
305 6.74 2306.69 0.00
306 6.21 1328.72 0.00
307 5.64 1394.72 0.00
308 5.24 2125.92 0.00
309 6.65 2317.41 0.00
310 6.56 854.78 0.00
311 2.99 971.28 0.00
312 4.51 1874.44 0.00
313 3.32 2818.12 0.00
314 5.90 576.67 0.00
315 3076.64 12.05 0.00
316 4937.55 9.04 0.00
317 3080.56 928.11 0.00
318 4481.17 1333.13 0.00
319 8067.28 28.25 0.00
320 7672.97 18.03 0.00
321 4335.76 6.53 0.00
322 1610.30 2.04 0.00
323 1.51 0.88 0.00
324 5357.55 1206.19 0.00
325 14182.00 3104.19 0.00
326 4595.50 8.84 0.00
327 1963.64 3.98 0.00
328 3447.32 6.81 0.00
329 5087.61 12.47 0.00
330 6633.62 8.42 0.00
331 4639.67 12.18 0.00
332 2963.35 5.52 0.00
333 1354.96 3.99 0.00
334 1.41 0.30 0.00
335 0.88 0.82 0.00
336 3.82 16.48 0.00
337 4.11 1846.40 0.00
338 4.77 1579.67 0.00
339 4.29 1222.77 0.00
340 4.78 1642.23 0.00
341 4.61 1446.91 0.00
342 2.87 383.53 0.00
343 4.08 467.42 0.00
344 1.19 0.96 0.00
345 2.92 1.73 0.00
346 1.24 1.69 0.00
347 1.44 0.82 0.00
348 2.11 0.30 0.00
349 1.62 0.30 0.00
350 0.88 0.82 0.00
351 2.65 4.89 0.00
352 2.28 0.30 0.00
353 1.95 0.82 0.00
354 1.86 0.30 0.00
355 5.05 4.58 0.00
356 2.00 1.90 0.00
357 1778.60 22.37 0.00
358 5351.54 28.42 0.00
359 1784.63 7.45 0.00
360 3018.08 6.30 0.00
361 2155.19 4.59 0.00
362 874.40 3.27 0.00
363 371.87 2.83 0.00
364 105.12 1.66 0.00
365 389.97 3.28 0.00
366 243.58 2.79 0.00
367 435.78 2.17 0.00
368 450.18 2.43 0.00
369 298.41 1.59 0.00
370 2.39 0.69 0.00
371 2.19 2.21 0.00
372 0.99 0.30 0.00
373 2.87 0.50 0.00
374 1.76 0.82 0.00
375 2.29 0.14 0.00
376 2.34 3.02 0.00
377 2.60 1.05 0.00
378 1.77 0.30 0.00
379 2.08 0.30 0.00
380 2.58 0.82 0.00
381 4395.87 7959.21 0.00
382 10992.83 26943.15 0.00
383 13699.21 17524.24 0.00
384 9602.85 8370.45 0.00
385 4143.50 1812.23 0.00
386 3700.42 6.02 0.00
387 3351.64 3.40 0.00
388 116.09 0.75 0.00
389 3.07 1.33 0.00
390 1.99 2.00 0.00
391 2.49 1.82 0.00
392 1.61 0.88 0.00
393 1.99 0.30 0.00
394 1.56 0.37 0.00
395 0.94 0.88 0.00
396 1.96 1.76 0.00
397 0.66 0.30 0.00
398 2068.15 1611.96 0.00
399 1369.86 11.00 0.00
400 712.99 2.56 0.00
401 908.26 4.01 0.00
402 520.72 1.33 0.00
403 1688.69 5.92 0.00
404 1665.23 3.22 0.00
405 1149.77 3.61 0.00
406 647.28 2.72 0.00
407 561.14 1.72 0.00
408 4.24 0.75 0.00
409 1.69 0.37 0.00
410 3.09 0.82 0.00
411 3.08 1.76 0.00
412 1.29 0.19 0.00
413 2.90 0.88 0.00
414 2.03 0.37 0.00
415 1.47 0.37 0.00
416 4.80 2.54 0.00
417 1.75 0.43 0.00
418 1.64 0.30 0.00
419 4.25 0.96 0.00
420 1.27 1.79 0.00
421 2.05 1.70 0.00
422 3.56 0.87 0.00
423 0.73 0.37 0.00
424 1.18 0.30 0.00
425 1.32 0.82 0.00
426 2.22 1.70 0.00
427 5036.77 7181.14 0.00
428 5130.95 15753.81 0.00
429 5523.85 772.57 0.00
430 12567.13 2461.06 0.00
431 1451.79 1297.24 0.00
432 2693.25 542.57 0.00
433 1168.33 3.22 0.00
434 2.94 0.88 0.00
435 6.54 2377.44 0.00
436 5.86 2683.14 0.00
437 3.44 1183.92 0.00
438 1.53 0.30 0.00
439 1.63 0.30 0.00
440 1.31 0.82 0.00
441 2.69 3.83 0.00
442 2.81 1.73 0.00
443 1.54 0.82 0.00
444 1.40 0.30 0.00
445 2.07 0.30 0.00
446 1.50 0.82 0.00
447 1.49 1.69 0.00
448 2.17 4.45 0.00
449 1.99 9.26 0.00
450 1.30 0.00 0.00
451 2.20 4.68 0.00
452 1.59 6.21 0.00
453 1.44 0.30 0.00
454 1.29 0.30 0.00
455 2.36 0.82 0.00
456 1.95 0.30 0.00
457 1.63 1.62 0.00
458 2.58 0.44 0.00
459 1.95 0.75 0.00
460 0.66 0.30 0.00
461 2.44 2.41 0.00
462 21.38 9924.60 0.00
463 18.25 13186.65 0.00
464 16.57 13941.91 0.00
465 25.08 4319.18 0.00
466 8.22 2108.69 0.00
467 19.98 8684.13 0.00
468 18.33 11287.13 0.00
469 996.22 10519.99 0.00
470 16478.85 8443.53 0.00
471 16034.37 5524.92 0.00
472 10552.03 941.42 0.00
473 4529.00 3.40 0.00
474 20089.71 6946.99 0.00
475 7403.11 2032.87 0.00
476 6793.48 17.71 0.00
477 10065.81 20.08 0.00
478 7509.80 11.33 0.00
479 6702.76 537.92 0.00
480 6052.99 3685.02 0.00
481 7023.82 2606.83 0.00
482 4926.28 4402.15 0.00
483 1863.02 3153.59 0.00
484 10.21 6653.12 0.00
485 24656.04 3396.99 0.00
486 8919.54 1135.59 0.00
487 7.84 4230.00 0.00
488 1.76 9.55 0.00
489 1.32 0.30 0.00
490 1.58 0.30 0.00
491 2.47 6.08 0.00
492 1.16 1.69 0.00
493 2.37 0.30 0.00
494 1.87 0.96 0.00
495 1.22 1.73 0.00
496 1.52 0.30 0.00
497 3.30 2.21 0.00
498 1.54 0.30 0.00
499 1.07 0.30 0.00
500 1.93 0.82 0.00
501 0.81 5.57 0.00
502 6.07 1463.93 0.00
503 0.55 11.93 0.00
504 11.30 3432.44 0.00
505 12.63 3133.86 0.00
506 0.96 0.82 0.00
507 3.16 457.81 0.00
508 4.87 2633.87 0.00
509 8.89 2944.98 0.00
510 7.61 4112.30 0.00
511 9.99 3398.48 0.00
512 2.88 1520.94 0.00
513 5.31 1736.72 0.00
514 6.31 2676.06 0.00
515 19.86 11564.16 0.00
516 2.23 140.53 0.00
517 1.81 8.68 0.00
518 10175.36 5483.02 0.00
519 9855.69 8377.67 0.00
520 10808.51 7381.88 0.00
521 9548.61 12741.34 0.00
522 8785.48 582.99 0.00
523 13424.01 6824.30 0.00
524 9455.93 2326.76 0.00
525 3266.07 434.90 0.00
526 600.32 1.40 0.00
527 1.81 2.15 0.00
528 1.99 0.36 0.00
529 1.29 0.30 0.00
530 876.26 2.75 0.00
531 680.48 2850.76 0.00
532 7.36 2611.33 0.00
533 3.65 8.35 0.00
534 6848.62 20.46 0.00
535 19244.74 950.79 0.00
536 5918.48 6932.11 0.00
537 1.95 1.76 0.00
538 2.84 0.51 0.00
539 2.08 0.96 0.00
540 1.10 1.73 0.00
541 2174.09 2.62 0.00
542 7369.86 8335.56 0.00
543 13610.45 4195.66 0.00
544 1.18 0.30 0.00
545 4736.43 5467.69 0.00
546 4563.80 1346.77 0.00
547 5151.99 12.02 0.00
548 3433.09 14287.55 0.00
549 5396.96 1333.86 0.00
550 15812.88 3839.33 0.00
551 11757.60 4089.52 0.00
552 5889.06 4677.16 0.00
553 1597.52 4342.14 0.00
554 6.84 1900.73 0.00
555 7.36 3753.35 0.00
556 7.93 3200.66 0.00
557 5.78 1408.68 0.00
558 5.47 1939.26 0.00
559 13.19 2205.86 0.00
560 11131.85 3812.16 0.00
561 3640.17 9.90 0.00
562 3.15 1.76 0.00
563 1.54 0.82 0.00
564 1.17 0.30 0.00
565 6562.92 11.15 0.00
566 6.59 1622.25 0.00
567 3309.41 2868.96 0.00
568 18039.14 217.54 0.00
569 8.55 4051.47 0.00
570 2.66 1.99 0.00
571 2.34 0.30 0.00
572 2.35 2.15 0.00
573 2.21 0.37 0.00
574 2.73 0.43 0.00
575 1.10 0.82 0.00
576 2.67 0.37 0.00
577 3.39 1.90 0.00
578 2.13 0.88 0.00
579 2.29 0.30 0.00
580 0.99 0.30 0.00
581 1.29 0.51 0.00
582 25.21 11404.94 0.00
583 10.83 5871.06 0.00
584 13.88 10690.26 0.00
585 1461.89 33.29 0.00
586 12221.46 17.84 0.00
587 3.94 475.04 0.00
588 5.80 3434.38 0.00
589 1.18 71.53 0.00
590 2.40 1.69 0.00
591 2318.12 1.85 0.00
592 963.82 2.27 0.00
593 699.07 1.60 0.00
594 31.93 4.85 0.00
595 0.98 0.30 0.00
596 2.44 2.31 0.00
597 1.59 1.64 0.00
598 1.10 0.36 0.00
599 2.09 0.96 0.00
600 1.22 1.73 0.00
601 1.25 5.45 0.00
602 2.42 2.11 0.00
603 0.83 0.47 0.00
604 1.51 4.88 0.00
605 1.99 0.82 0.00
606 0.97 0.30 0.00
607 1.61 1.77 0.00
608 1.32 0.87 0.00
609 2.71 4.50 0.00
610 1.90 0.30 0.00
611 2.20 9.46 0.00
612 1.53 1.46 0.00
613 3.01 0.40 0.00
614 21.98 26.42 0.00
615 9267.83 9806.63 0.00
616 9720.52 11853.40 0.00
617 10818.30 11254.47 0.00
618 2116.19 2647.63 0.00
619 2102.63 3469.01 0.00
620 8173.26 3458.91 0.00
621 1738.30 8.18 0.00
622 2.81 1.76 0.00
623 1.31 0.82 0.00
624 1.59 0.30 0.00
625 2.31 0.30 0.00
626 0.96 0.82 0.00
627 1.48 1.50 0.00
628 1.88 0.30 0.00
629 1.64 0.88 0.00
630 1.77 1.81 0.00
631 2.04 4.89 0.00
632 2.38 2.21 0.00
633 1.31 0.30 0.00
634 1746.76 776.05 0.00
635 3658.41 1096.02 0.00
636 8269.68 20.03 0.00
637 2373.75 6.98 0.00
638 1508.03 2.64 0.00
639 870.10 219.51 0.00
640 4.09 1189.29 0.00
641 737.81 643.71 0.00
642 3468.13 10.91 0.00
643 3826.41 3064.86 0.00
644 9.54 3729.81 0.00
645 5.98 3690.30 0.00
646 7.34 2854.63 0.00
647 13.32 6325.23 0.00
648 2.88 7.53 0.00
649 5.37 1825.97 0.00
650 1.33 19.46 0.00
651 2.82 4.91 0.00
652 3162.08 46.39 0.00
653 5315.28 2692.84 0.00
654 6419.70 4693.79 0.00
655 4833.94 5301.11 0.00
656 7232.91 1681.02 0.00
657 18295.56 26.53 0.00
658 21403.98 5568.61 0.00
659 17616.75 3044.99 0.00
660 10087.67 13.52 0.00
661 3615.89 3178.65 0.00
662 1.90 33.45 0.00
663 1.49 0.48 0.00
664 1.95 0.30 0.00
665 5051.60 2957.37 0.00
666 6899.32 2872.08 0.00
667 4617.21 3108.76 0.00
668 7910.49 5368.87 0.00
669 7054.43 7182.80 0.00
670 2079.79 4394.91 0.00
671 1820.22 5098.94 0.00
672 3085.00 6121.92 0.00
673 14.60 10129.91 0.00
674 16.23 7025.13 0.00
675 5.72 3459.44 0.00
676 1152.62 2374.87 0.00
677 1995.20 5083.22 0.00
678 17.77 7621.45 0.00
679 10.24 6134.49 0.00
680 1.10 39.42 0.00
681 10.37 5771.50 0.00
682 15.20 6475.95 0.00
683 7.42 2139.55 0.00
684 1.52 37.32 0.00
685 0.55 0.30 0.00
686 5.90 930.30 0.00
687 8.46 1808.93 0.00
688 14.86 3605.55 0.00
689 4950.84 3091.99 0.00
690 5231.27 455.85 0.00
691 565.28 17.27 0.00
692 10631.81 1745.60 0.00
693 5313.05 2761.04 0.00
694 4772.11 22.07 0.00
695 13336.40 3509.43 0.00
696 6043.72 11.31 0.00
697 8314.60 13.10 0.00
698 9859.99 22.55 0.00
699 2535.72 10.77 0.00
700 6326.02 20.56 0.00
701 452.05 2.11 0.00
702 1.61 1.74 0.00
703 0.89 0.33 0.00
704 1138.82 3.44 0.00
705 5.30 11.31 0.00
706 1523.29 1867.43 0.00
707 376.45 5139.11 0.00
708 4731.49 2035.34 0.00
709 2.14 1298.59 0.00
710 10156.10 5046.19 0.00
711 7549.79 7058.84 0.00
712 460.26 9370.54 0.00
713 2931.74 8445.33 0.00
714 2.38 897.42 0.00
715 1.56 0.30 0.00
716 257.29 1.72 0.00
717 4436.25 9.49 0.00
718 1800.11 685.95 0.00
719 3608.24 1197.34 0.00
720 1754.15 1927.68 0.00
721 1.32 29.62 0.00
722 2.46 2.15 0.00
723 962.78 3.20 0.00
724 129.04 0.50 0.00
725 1.65 0.82 0.00
726 9583.61 33.45 0.00
727 17398.05 2656.95 0.00
728 20156.44 4230.13 0.00
729 11422.34 3405.71 0.00
730 4.35 1845.05 0.00
731 2.47 53.67 0.00
732 2.82 1.69 0.00
733 1732.32 2.37 0.00
734 998.73 1.60 0.00
735 0.88 1.73 0.00
736 1.75 0.30 0.00
737 1.70 2.21 0.00
738 4583.51 1449.32 0.00
739 7527.45 1952.76 0.00
740 1006.18 8.44 0.00
741 10835.23 24.98 0.00
742 2.96 1.57 0.00
743 2.10 0.87 0.00
744 43.52 1.00 0.00
745 3169.08 4.88 0.00
746 1.97 0.82 0.00
747 1556.04 4.14 0.00
748 2.84 3.35 0.00
749 1.53 0.88 0.00
750 1.70 3.29 0.00
751 1.91 3.91 0.00
752 2.22 2.22 0.00
753 1.94 5.07 0.00
754 2.03 0.30 0.00
755 1.44 0.82 0.00
756 1.84 0.30 0.00
757 1.64 1.56 0.00
758 2.25 0.89 0.00
759 1.80 5.02 0.00
760 0.66 0.30 0.00
761 1.48 2.44 0.00
762 1.43 1.53 0.00
763 0.77 0.40 0.00
764 0.87 0.96 0.00
765 2.38 1.73 0.00
766 0.41 0.30 0.00
767 0.83 2.18 0.00
768 2.49 0.33 0.00
769 0.75 0.30 0.00
770 0.55 0.82 0.00
771 2.52 1.92 0.00
772 1.00 1.70 0.00
773 1.22 0.87 0.00
774 1.42 0.30 0.00
775 1.44 0.30 0.00
776 1.96 0.82 0.00
777 1.41 1.40 0.00
778 1.00 0.40 0.00
779 2.20 0.96 0.00
780 1.11 1.73 0.00
781 2.25 1.92 0.00
782 2.01 2.02 0.00
783 1125.58 286.84 0.00
784 3124.10 1312.44 0.00
785 2478.10 1324.73 0.00
786 1934.91 1572.33 0.00
787 5603.05 5121.63 0.00
788 7757.14 10908.27 0.00
789 6336.93 6754.69 0.00
790 5828.10 9604.03 0.00
791 5775.06 10737.46 0.00
792 11480.11 14302.93 0.00
793 5245.46 10733.75 0.00
794 28.78 16122.14 0.00
795 5.19 2557.49 0.00
796 2.24 98.36 0.00
797 1.26 2.14 0.00
798 6.60 2293.10 0.00
799 686.27 1366.12 0.00
800 3397.99 10.80 0.00
801 3959.78 6.49 0.00
802 3982.43 7.88 0.00
803 1300.30 4.31 0.00
804 1818.52 3.66 0.00
805 1197.79 2.43 0.00
806 1171.19 2.56 0.00
807 1.48 1.69 0.00
808 2.56 0.37 0.00
809 1015.50 1441.98 0.00
810 7.53 1686.11 0.00
811 10.52 3102.91 0.00
812 7.65 1327.33 0.00
813 7.19 1354.21 0.00
814 5.26 748.38 0.00
815 6.44 482.21 0.00
816 13.69 4847.24 0.00
817 12.66 4494.45 0.00
818 12.29 5751.55 0.00
819 14.50 6004.55 0.00
820 5.07 2461.18 0.00
821 3.98 782.86 0.00
822 3.91 632.04 0.00
823 2.13 434.97 0.00
824 1.75 2.39 0.00
825 4.87 116.23 0.00
826 6.69 1606.39 0.00
827 9.74 2151.67 0.00
828 8.72 2293.92 0.00
829 8.02 2551.04 0.00
830 2827.83 5560.12 0.00
831 11279.15 9725.65 0.00
832 3781.25 732.12 0.00
833 22.12 9060.22 0.00
834 2755.14 10740.25 0.00
835 2293.47 9350.42 0.00
836 3.51 477.29 0.00
837 4.86 2.05 0.00
838 4374.66 1961.37 0.00
839 5206.64 2354.59 0.00
840 6356.28 4155.83 0.00
841 5308.02 3125.76 0.00
842 4767.89 2619.13 0.00
843 4232.28 5118.48 0.00
844 3342.89 4741.41 0.00
845 4688.41 2030.21 0.00
846 3254.51 4251.85 0.00
847 4648.42 3965.90 0.00
848 9435.05 3240.31 0.00
849 11747.28 3213.39 0.00
850 4066.09 98.47 0.00
851 2602.28 3.20 0.00
852 3.19 2.08 0.00
853 6671.74 5290.48 0.00
854 10465.21 11090.17 0.00
855 10007.19 5095.46 0.00
856 14140.29 2915.10 0.00
857 2989.22 6.60 0.00
858 1896.23 1059.08 0.00
859 5975.51 5146.74 0.00
860 9789.98 3330.96 0.00
861 11.05 4095.74 0.00
862 13.91 5447.43 0.00
863 1027.90 6840.63 0.00
864 1507.22 5142.28 0.00
865 3862.91 2560.17 0.00
866 819.23 2.95 0.00
867 555.59 1624.67 0.00
868 21.03 5879.43 0.00
869 9597.81 20.68 0.00
870 1.55 1.73 0.00
871 13.83 7491.68 0.00
872 2930.15 18.20 0.00
873 1.88 0.33 0.00
874 25.06 14297.53 0.00
875 5286.17 10.93 0.00
876 4438.95 3792.22 0.00
877 16.76 5024.37 0.00
878 15.45 4270.10 0.00
879 14.12 4412.52 0.00
880 8.81 2834.33 0.00
881 8.75 2192.11 0.00
882 12.92 2921.47 0.00
883 13.20 5458.31 0.00
884 16.85 4497.52 0.00
885 9.95 4007.31 0.00
886 4.21 760.17 0.00
887 6.40 1371.25 0.00
888 13.09 5304.10 0.00
889 10.67 5644.06 0.00
890 1.62 38.95 0.00
891 2.72 0.43 0.00
892 2.59 0.56 0.00
893 3.94 2.40 0.00
894 1.87 0.37 0.00
895 25.75 9702.43 0.00
896 8007.34 16689.06 0.00
897 9088.90 11361.20 0.00
898 1949.10 3734.09 0.00
899 9709.29 100.67 0.00
900 4655.42 12.35 0.00
901 6612.12 17.69 0.00
902 5990.69 33.62 0.00
903 9308.36 19.96 0.00
904 5768.49 1266.96 0.00
905 3650.19 2076.71 0.00
906 6765.37 4207.55 0.00
907 3998.26 3554.69 0.00
908 2357.88 6.58 0.00
909 2749.85 11.99 0.00
910 11115.84 25.30 0.00
911 498.21 6.25 0.00
912 0.66 0.30 0.00
913 1.82 1.69 0.00
914 1.96 5.60 0.00
915 1.10 1.81 0.00
916 2.20 0.30 0.00
917 1.06 5.53 0.00
918 1.53 1.63 0.00
919 1.68 5.02 0.00
920 2.04 0.82 0.00
921 1.67 1.99 0.00
922 2.58 0.30 0.00
923 2.37 2.27 0.00
924 1.41 0.30 0.00
925 1.99 0.30 0.00
926 2.33 0.82 0.00
927 1.21 0.30 0.00
928 3.14 1.69 0.00
929 1.41 2.39 0.00
930 0.77 0.00 0.00
931 1.81 1.99 0.00
932 0.66 0.82 0.00
933 2.15 1.66 0.00
934 0.85 0.33 0.00
935 0.88 0.82 0.00
936 1.30 0.30 0.00
937 0.55 0.30 0.00
938 1.63 2.21 0.00
939 1.41 0.30 0.00
940 0.66 0.30 0.00
941 1.25 2.50 0.00
942 33.48 1069.20 0.00
943 1348.75 6496.87 0.00
944 7564.59 3104.76 0.00
945 6859.04 7973.19 0.00
946 8842.53 3549.07 0.00
947 10652.50 7531.66 0.00
948 8817.77 71.94 0.00
949 14954.99 6330.39 0.00
950 12134.02 19806.82 0.00
951 331.39 16803.25 0.00
952 1.61 520.94 0.00
953 2.93 3.69 0.00
954 1.52 0.30 0.00
955 0.77 0.30 0.00
956 1.62 0.82 0.00
957 0.99 0.30 0.00
958 2.70 1.76 0.00
959 1.85 0.96 0.00
960 3.41 229.07 0.00
961 10.69 3217.45 0.00
962 8.55 3457.58 0.00
963 3.03 1051.67 0.00
964 1.40 0.30 0.00
965 2.81 0.82 0.00
966 5.33 5.66 0.00
967 2526.58 16.93 0.00
968 5713.82 279.47 0.00
969 13313.27 4677.37 0.00
970 13804.15 3542.17 0.00
971 7448.33 2744.60 0.00
972 3781.98 3301.61 0.00
973 515.91 1004.95 0.00
974 3.71 1026.15 0.00
975 3.73 950.21 0.00
976 3.66 672.97 0.00
977 1.44 36.94 0.00
978 5.84 1220.03 0.00
979 5.66 1166.03 0.00
980 2519.84 315.73 0.00
981 3993.65 270.06 0.00
982 3959.01 41.18 0.00
983 3858.83 1430.50 0.00
984 5528.79 644.89 0.00
985 800.67 1.54 0.00
986 1495.77 7.60 0.00
987 1339.53 3.98 0.00
988 747.47 4.01 0.00
989 582.65 3.48 0.00
990 729.35 2.56 0.00
991 4158.26 1265.22 0.00
992 7454.98 11303.89 0.00
993 14.07 10490.58 0.00
994 4588.07 1532.80 0.00
995 4680.32 3607.46 0.00
996 2932.56 1879.50 0.00
997 11.84 5618.39 0.00
998 5.90 2121.20 0.00
999 6.58 1480.62 0.00
1000 9.30 5034.57 0.00
1001 12652.22 9978.79 0.00
1002 8722.26 9467.62 0.00
1003 10678.96 14877.11 0.00
1004 6936.30 17338.89 0.00
1005 7461.07 8193.63 0.00
1006 6641.22 7.99 0.00
1007 14792.73 61.79 0.00
1008 78.66 2.27 0.00
1009 19388.76 56.12 0.00
1010 8598.30 20.16 0.00
1011 4.67 996.13 0.00
1012 2239.88 3764.02 0.00
1013 1921.86 3460.44 0.00
1014 1508.19 3912.32 0.00
1015 1178.12 5454.60 0.00
1016 674.13 4469.89 0.00
1017 5259.79 7108.69 0.00
1018 2185.44 1143.55 0.00
1019 2048.62 3.48 0.00
1020 1.44 1.01 0.00
1021 1.91 0.37 0.00
1022 497.92 3268.40 0.00
1023 8365.69 8415.51 0.00
1024 12.34 5481.96 0.00
1025 8687.47 5723.39 0.00
1026 43.90 9168.49 0.00
1027 20.52 8974.88 0.00
1028 5.02 1761.47 0.00
1029 1.56 2.38 0.00
1030 2.25 0.30 0.00
1031 3.02 5.21 0.00
1032 6.32 1760.42 0.00
1033 2.97 383.90 0.00
1034 7.67 1793.74 0.00
1035 2273.79 1469.67 0.00
1036 5781.48 2066.67 0.00
1037 15784.85 2646.25 0.00
1038 14017.00 1406.17 0.00
1039 505.80 441.25 0.00
1040 1666.60 2.37 0.00
1041 2448.24 2.49 0.00
1042 1911.91 767.62 0.00
1043 2146.55 2.04 0.00
1044 6769.63 4464.25 0.00
1045 5178.95 2884.40 0.00
1046 2658.25 1986.12 0.00
1047 792.12 3406.85 0.00
1048 915.73 4114.36 0.00
1049 5354.04 2421.95 0.00
1050 9015.05 3664.54 0.00
1051 21488.99 7830.07 0.00
1052 14413.03 2984.75 0.00
1053 0.89 3.20 0.00
1054 2.33 1.82 0.00
1055 2915.26 2623.80 0.00
1056 10767.01 2621.42 0.00
1057 4753.10 5.27 0.00
1058 7.76 392.12 0.00
1059 3316.94 1894.39 0.00
1060 5597.81 12.61 0.00
1061 4448.70 14.18 0.00
1062 4097.45 775.17 0.00
1063 3183.06 1252.84 0.00
1064 15.22 5920.42 0.00
1065 9.01 5304.97 0.00
1066 7.08 3834.30 0.00
1067 3.47 795.76 0.00
1068 3.08 846.94 0.00
1069 8.98 2996.69 0.00
1070 2.05 28.49 0.00
1071 1.92 4.68 0.00
1072 1.33 0.30 0.00
1073 0.44 0.30 0.00
1074 2.24 1.95 0.00
1075 1.78 0.30 0.00
1076 0.74 0.30 0.00
1077 2.03 0.82 0.00
1078 1.96 0.30 0.00
1079 1.89 1.90 0.00
1080 1.32 2.25 0.00
1081 3.29 4.17 0.00
1082 1.55 0.30 0.00
1083 1.54 0.82 0.00
1084 2.75 6.47 0.00
1085 1.16 0.51 0.00
1086 1.84 4.87 0.00
1087 2.17 0.37 0.00
1088 1.20 4.95 0.00
1089 2.69 2.34 0.00
1090 2.47 0.30 0.00
1091 1.14 1.92 0.00
1092 1.87 0.82 0.00
1093 0.87 0.30 0.00
1094 3.22 1.82 0.00
1095 1.76 2.32 0.00
1096 0.84 0.30 0.00
1097 1.22 0.30 0.00
1098 1.21 0.82 0.00
1099 2.82 1.76 0.00
1100 1.10 0.30 0.00
1101 1.69 2.44 0.00
1102 2342.79 34.94 0.00
1103 6835.49 3964.66 0.00
1104 6197.61 4908.15 0.00
1105 6363.34 6018.89 0.00
1106 9676.59 4558.00 0.00
1107 10901.18 8369.14 0.00
1108 7347.50 12103.60 0.00
1109 7625.10 12298.28 0.00
1110 8686.62 15652.00 0.00
1111 3695.36 15371.66 0.00
1112 4.44 1628.71 0.00
1113 3.14 0.82 0.00
1114 1.65 1.57 0.00
1115 0.98 0.30 0.00
1116 3.22 0.82 0.00
1117 5.85 1797.57 0.00
1118 6.76 2411.39 0.00
1119 2057.40 1119.47 0.00
1120 4311.36 1288.41 0.00
1121 2935.47 1038.47 0.00
1122 2423.20 8.51 0.00
1123 0.44 0.30 0.00
1124 1.98 1.90 0.00
1125 4.64 728.74 0.00
1126 6.36 1356.92 0.00
1127 6.76 845.53 0.00
1128 9.11 1995.63 0.00
1129 3.47 696.70 0.00
1130 9.87 2285.63 0.00
1131 2.42 84.56 0.00
1132 6.84 1297.69 0.00
1133 7.88 2747.44 0.00
1134 9.62 2541.37 0.00
1135 4.73 1615.03 0.00
1136 12234.00 5550.44 0.00
1137 10154.10 5483.48 0.00
1138 3042.48 3033.80 0.00
1139 3.03 3.26 0.00
1140 9.62 5822.44 0.00
1141 9.94 3403.74 0.00
1142 1668.75 942.94 0.00
1143 2.76 247.07 0.00
1144 10.05 2315.90 0.00
1145 2272.08 3063.20 0.00
1146 3313.90 3806.34 0.00
1147 3526.93 4134.37 0.00
1148 2101.88 5343.01 0.00
1149 1694.41 2806.78 0.00
1150 2389.46 2122.58 0.00
1151 3727.21 2462.53 0.00
1152 4706.17 3043.32 0.00
1153 6563.78 4381.46 0.00
1154 11787.05 7065.09 0.00
1155 20804.60 2992.75 0.00
1156 10763.88 1986.47 0.00
1157 4864.99 4.31 0.00
1158 1627.75 2.43 0.00
1159 2.50 0.94 0.00
1160 1.45 1.12 0.00
1161 18329.36 10184.84 0.00
1162 5807.34 6693.93 0.00
1163 2933.31 8122.09 0.00
1164 9.18 4647.74 0.00
1165 11.82 5626.87 0.00
1166 10801.06 1710.34 0.00
1167 7904.43 5201.13 0.00
1168 7234.10 596.18 0.00
1169 9414.18 5943.58 0.00
1170 11900.83 4443.83 0.00
1171 1695.91 3429.80 0.00
1172 13.59 6658.31 0.00
1173 1741.24 2568.00 0.00
1174 1708.92 3311.05 0.00
1175 2707.94 4550.10 0.00
1176 2326.45 9.50 0.00
1177 3384.79 5.08 0.00
1178 3894.81 4.88 0.00
1179 1467.78 1386.26 0.00
1180 5.50 2342.90 0.00
1181 5.71 1838.00 0.00
1182 6.57 1712.91 0.00
1183 1.54 0.50 0.00
1184 2.21 1.90 0.00
1185 1.99 2.25 0.00
1186 1.06 0.30 0.00
1187 15.27 6030.44 0.00
1188 11.49 7241.35 0.00
1189 12.77 7134.58 0.00
1190 14.68 6588.27 0.00
1191 12.06 5759.33 0.00
1192 4.57 796.36 0.00
1193 2694.57 4014.77 0.00
1194 5678.40 1195.18 0.00
1195 7199.17 1674.73 0.00
1196 15541.47 5109.79 0.00
1197 7273.76 3561.07 0.00
1198 2645.60 2.31 0.00
1199 6.04 2.16 0.00
1200 0.95 2.31 0.00
1201 8624.39 11994.56 0.00
1202 4236.56 2308.43 0.00
1203 6207.43 4750.93 0.00
1204 15.75 7765.91 0.00
1205 5.75 2148.90 0.00
1206 11.77 3139.78 0.00
1207 16.23 5825.87 0.00
1208 2156.93 4288.28 0.00
1209 5026.81 13.38 0.00
1210 3565.62 2911.81 0.00
1211 4518.82 1944.80 0.00
1212 4713.56 2934.31 0.00
1213 4055.32 2841.15 0.00
1214 6263.34 5228.59 0.00
1215 5287.91 978.49 0.00
1216 7841.80 4062.53 0.00
1217 10552.83 13355.78 0.00
1218 6563.18 3445.14 0.00
1219 11.68 3900.76 0.00
1220 12007.04 93.96 0.00
1221 0.95 0.82 0.00
1222 2.43 0.30 0.00
1223 1.28 0.30 0.00
1224 1.40 2.17 0.00
1225 2.14 4.27 0.00
1226 0.96 0.30 0.00
1227 0.98 0.82 0.00
1228 1.23 0.30 0.00
1229 1.50 1.90 0.00
1230 1.58 2.25 0.00
1231 1.60 4.17 0.00
1232 1.77 0.30 0.00
1233 3.32 0.88 0.00
1234 2.12 5.73 0.00
1235 2.50 0.40 0.00
1236 3.55 0.82 0.00
1237 1.28 0.30 0.00
1238 1.36 0.30 0.00
1239 2.53 2.20 0.00
1240 0.67 0.37 0.00
1241 1.01 3.91 0.00
1242 2.36 5.53 0.00
1243 0.66 0.30 0.00
1244 2.31 6.68 0.00
1245 1.65 2.25 0.00
1246 1.62 0.30 0.00
1247 1.22 0.30 0.00
1248 6870.18 4790.62 0.00
1249 5923.91 6786.38 0.00
1250 9928.01 7495.88 0.00
1251 12975.51 6048.38 0.00
1252 12766.74 5255.16 0.00
1253 12211.01 8523.38 0.00
1254 12072.58 18850.94 0.00
1255 6531.58 8092.36 0.00
1256 2.15 0.30 0.00
1257 2.33 0.82 0.00
1258 2.22 0.30 0.00
1259 3.03 3.26 0.00
1260 2.67 0.82 0.00
1261 2.68 4.59 0.00
1262 2.75 0.30 0.00
1263 9.27 1830.43 0.00
1264 10.99 3576.55 0.00
1265 11.49 2628.92 0.00
1266 8.21 1955.75 0.00
1267 7.46 2057.28 0.00
1268 4.28 18.36 0.00
1269 1.66 2.21 0.00
1270 5.84 864.38 0.00
1271 9.70 2330.83 0.00
1272 3.98 965.16 0.00
1273 4.89 737.60 0.00
1274 5.50 476.00 0.00
1275 6.68 2263.03 0.00
1276 12.88 4849.19 0.00
1277 5695.15 4206.60 0.00
1278 7363.54 3127.54 0.00
1279 14.47 3809.82 0.00
1280 3.74 896.41 0.00
1281 5.92 3740.41 0.00
1282 11.72 3115.67 0.00
1283 3983.51 3091.79 0.00
1284 5333.42 1865.12 0.00
1285 2825.10 1608.03 0.00
1286 4.77 1634.00 0.00
1287 4.71 1613.25 0.00
1288 5.87 1845.49 0.00
1289 2.64 1.90 0.00
1290 1.71 7.47 0.00
1291 2.81 4.18 0.00
1292 6479.69 3105.85 0.00
1293 13279.38 14298.70 0.00
1294 15231.03 7966.63 0.00
1295 18689.16 18156.69 0.00
1296 18804.95 6427.10 0.00
1297 8157.50 15.75 0.00
1298 8830.27 1469.26 0.00
1299 4027.08 3675.91 0.00
1300 2031.41 1643.25 0.00
1301 1356.78 3822.60 0.00
1302 3592.31 3615.46 0.00
1303 3492.84 3104.19 0.00
1304 2083.04 2299.89 0.00
1305 5482.73 2603.60 0.00
1306 6015.98 4787.38 0.00
1307 5844.77 1398.19 0.00
1308 6332.27 7.33 0.00
1309 1852.17 5.43 0.00
1310 385.43 2.30 0.00
1311 643.00 2.49 0.00
1312 1070.01 2.30 0.00
1313 19723.22 13800.21 0.00
1314 43.49 25055.00 0.00
1315 11838.16 22.71 0.00
1316 13.42 4924.45 0.00
1317 1.18 0.82 0.00
1318 16304.20 9812.89 0.00
1319 4064.34 10723.32 0.00
1320 11088.34 7190.38 0.00
1321 647.55 9.57 0.00
1322 1.99 0.30 0.00
1323 1.65 0.82 0.00
1324 3.50 1.30 0.00
1325 2.00 0.40 0.00
1326 1.69 0.88 0.00
1327 8.62 3750.51 0.00
1328 9.71 4655.97 0.00
1329 7.77 3137.14 0.00
1330 4.54 2060.24 0.00
1331 3.69 14.20 0.00
1332 8.33 2945.23 0.00
1333 10.15 3741.55 0.00
1334 10.59 3600.82 0.00
1335 3.31 971.90 0.00
1336 5.70 1355.29 0.00
1337 9.90 4248.22 0.00
1338 10.55 4006.27 0.00
1339 3.49 628.08 0.00
1340 1.22 0.37 0.00
1341 1.69 4.98 0.00
1342 2.22 0.30 0.00
1343 10.22 5702.67 0.00
1344 3.00 1053.60 0.00
1345 5.59 632.13 0.00
1346 6.36 45.50 0.00
1347 2840.57 1119.86 0.00
1348 2574.25 1755.40 0.00
1349 14589.86 1378.15 0.00
1350 14364.58 283.88 0.00
1351 16202.21 6295.61 0.00
1352 10279.67 888.09 0.00
1353 3942.06 6.33 0.00
1354 8.03 2564.74 0.00
1355 2.45 976.11 0.00
1356 9.48 1915.12 0.00
1357 1489.65 2991.17 0.00
1358 16076.11 5629.64 0.00
1359 16604.86 3019.40 0.00
1360 4809.64 3110.61 0.00
1361 0.81 11.16 0.00
1362 1.54 0.82 0.00
1363 0.55 0.30 0.00
1364 1383.07 6.45 0.00
1365 4241.89 9.21 0.00
1366 7.39 3102.81 0.00
1367 7.40 3742.92 0.00
1368 12.86 5551.35 0.00
1369 1.17 1.63 0.00
1370 7.68 3693.50 0.00
1371 5.01 2371.47 0.00
1372 0.88 0.30 0.00
1373 1.32 0.30 0.00
1374 1.35 2.21 0.00
1375 1.10 0.30 0.00
1376 1.73 0.30 0.00
1377 1.11 0.51 0.00
1378 0.99 0.30 0.00
1379 2.29 1.77 0.00
1380 1.19 2.25 0.00
1381 1.41 0.30 0.00
1382 2.33 4.05 0.00
1383 1.10 5.39 0.00
1384 1.28 1.57 0.00
1385 3.24 0.36 0.00
1386 1.39 0.82 0.00
1387 1.54 0.30 0.00
1388 2.70 0.30 0.00
1389 2.14 6.97 0.00
1390 1.80 0.32 0.00
1391 3.74 1.92 0.00
1392 2.20 0.82 0.00
1393 1.21 0.30 0.00
1394 2.15 1.71 0.00
1395 21.25 15.51 0.00
1396 1739.62 5801.30 0.00
1397 6061.93 2974.90 0.00
1398 7012.22 4246.86 0.00
1399 7827.65 4397.53 0.00
1400 9140.44 4708.24 0.00
1401 6267.83 5353.45 0.00
1402 2398.17 1744.20 0.00
1403 4619.34 1296.02 0.00
1404 4133.18 1428.49 0.00
1405 5864.29 6360.26 0.00
1406 9848.22 12371.35 0.00
1407 10546.41 15278.81 0.00
1408 4777.49 14979.79 0.00
1409 1087.14 3.32 0.00
1410 1.75 2.22 0.00
1411 1.14 4.89 0.00
1412 1.56 0.30 0.00
1413 1.21 0.82 0.00
1414 1.01 1.62 0.00
1415 2.10 0.37 0.00
1416 1.51 0.82 0.00
1417 0.99 0.30 0.00
1418 2.25 0.30 0.00
1419 2.63 2.37 0.00
1420 0.65 0.33 0.00
1421 1.38 4.59 0.00
1422 0.66 0.82 0.00
1423 0.77 0.30 0.00
1424 3.29 1.84 0.00
1425 0.99 2.25 0.00
1426 0.96 0.00 0.00
1427 494.19 14.49 0.00
1428 2342.00 6.49 0.00
1429 3726.36 10.00 0.00
1430 2894.52 7.54 0.00
1431 2811.60 17.76 0.00
1432 2037.52 768.66 0.00
1433 2733.45 1233.13 0.00
1434 2204.26 644.89 0.00
1435 3004.01 695.64 0.00
1436 761.29 481.65 0.00
1437 5.59 1909.64 0.00
1438 2.29 747.41 0.00
1439 9.71 2291.54 0.00
1440 6.62 2432.10 0.00
1441 9.54 1563.43 0.00
1442 4.46 397.05 0.00
1443 3.72 257.16 0.00
1444 2.68 1.29 0.00
1445 7.88 2014.44 0.00
1446 14.56 5865.29 0.00
1447 12.99 4094.29 0.00
1448 5.69 1226.48 0.00
1449 5.11 751.10 0.00
1450 14.72 5042.51 0.00
1451 24.00 11540.80 0.00
1452 28.36 14533.67 0.00
1453 1.22 52.36 0.00
1454 13.92 5518.75 0.00
1455 22.63 12253.36 0.00
1456 5.00 2017.86 0.00
1457 9.81 4996.02 0.00
1458 12.71 4187.39 0.00
1459 9.77 3362.94 0.00
1460 8.98 3607.95 0.00
1461 10.14 4909.58 0.00
1462 11.65 5263.75 0.00
1463 11.66 4800.36 0.00
1464 16.51 8275.17 0.00
1465 14.26 6842.96 0.00
1466 16.42 9678.59 0.00
1467 10717.31 5085.28 0.00
1468 19535.45 1875.57 0.00
1469 10620.72 15.97 0.00
1470 1516.86 580.57 0.00
1471 8084.49 8774.08 0.00
1472 5506.87 8.04 0.00
1473 3093.39 27.28 0.00
1474 8129.18 22.14 0.00
1475 12932.82 31.20 0.00
1476 12821.83 19.11 0.00
1477 9066.19 9766.41 0.00
1478 10630.87 1207.70 0.00
1479 2104.82 1964.01 0.00
1480 3346.02 14.72 0.00
1481 7699.02 2171.48 0.00
1482 2690.75 3376.00 0.00
1483 2940.18 3051.51 0.00
1484 1831.68 4.87 0.00
1485 312.41 1.14 0.00
1486 1.30 0.30 0.00
1487 0.99 0.30 0.00
1488 5.32 440.11 0.00
1489 6.87 2814.45 0.00
1490 5.08 2771.01 0.00
1491 5.01 882.15 0.00
1492 6.24 2953.23 0.00
1493 13.07 6166.24 0.00
1494 18.15 8084.48 0.00
1495 7.63 3405.76 0.00
1496 5.77 1344.13 0.00
1497 14.67 8189.30 0.00
1498 7.83 4577.76 0.00
1499 2.63 531.88 0.00
1500 1.31 0.89 0.00
1501 4968.26 1158.20 0.00
1502 14804.48 8140.25 0.00
1503 12087.79 9591.89 0.00
1504 17279.88 6212.05 0.00
1505 4990.85 4196.92 0.00
1506 15771.62 851.80 0.00
1507 7996.19 776.04 0.00
1508 940.00 432.26 0.00
1509 1.68 2.18 0.00
1510 3.05 0.53 0.00
1511 1419.83 2.57 0.00
1512 3221.99 3420.20 0.00
1513 2702.54 7161.86 0.00
1514 6112.02 8091.90 0.00
1515 8073.32 4250.29 0.00
1516 5934.86 4283.23 0.00
1517 4781.58 568.05 0.00
1518 6213.19 15.40 0.00
1519 6325.23 15.01 0.00
1520 7249.94 1635.50 0.00
1521 9982.78 3014.40 0.00
1522 15447.15 3403.07 0.00
1523 1721.59 1296.90 0.00
1524 1.08 2.22 0.00
1525 1.53 0.36 0.00
1526 0.52 0.30 0.00
1527 0.56 0.82 0.00
1528 1.11 0.30 0.00
1529 1.18 3.30 0.00
1530 0.82 2.40 0.00
1531 1.37 4.51 0.00
1532 0.87 0.30 0.00
1533 1.99 0.82 0.00
1534 1.58 1.77 0.00
1535 1.20 0.36 0.00
1536 2.13 5.01 0.00
1537 1.50 5.02 0.00
1538 1.02 0.30 0.00
1539 3.33 2.18 0.00
1540 1.59 0.33 0.00
1541 1.14 3.97 0.00
1542 1.87 0.82 0.00
1543 2.03 0.30 0.00
1544 1.56 8.05 0.00
1545 1.87 0.87 0.00
1546 2.64 0.30 0.00
1547 1.18 0.30 0.00
1548 2.29 0.82 0.00
1549 1.52 1.70 0.00
1550 1.40 0.36 0.00
1551 2.31 7.22 0.00
1552 0.44 0.30 0.00
1553 4739.61 4334.21 0.00
1554 10641.22 5613.76 0.00
1555 8198.62 4450.05 0.00
1556 3405.18 1901.84 0.00
1557 1793.71 573.01 0.00
1558 2927.18 1202.77 0.00
1559 1809.61 1079.97 0.00
1560 2845.27 2362.49 0.00
1561 5739.89 13082.72 0.00
1562 8201.63 4031.58 0.00
1563 2847.81 12151.57 0.00
1564 27.78 14919.22 0.00
1565 10.77 6542.22 0.00
1566 1.61 1.60 0.00
1567 1.33 0.30 0.00
1568 2.09 0.30 0.00
1569 2.29 2.24 0.00
1570 1.81 0.33 0.00
1571 8.16 2352.90 0.00
1572 7.01 3816.47 0.00
1573 4.92 756.47 0.00
1574 4.79 1264.24 0.00
1575 2.46 259.57 0.00
1576 7.65 1486.78 0.00
1577 4.21 1089.65 0.00
1578 8.64 1115.43 0.00
1579 6.77 1039.16 0.00
1580 4.30 1438.96 0.00
1581 2.62 4.59 0.00
1582 9.47 903.42 0.00
1583 8.32 1527.35 0.00
1584 5.13 1455.57 0.00
1585 4.89 0.91 0.00
1586 1842.55 1704.21 0.00
1587 17167.97 1563.34 0.00
1588 19847.13 3503.98 0.00
1589 13140.63 2574.65 0.00
1590 882.65 3414.64 0.00
1591 10.89 5291.09 0.00
1592 15.08 6810.99 0.00
1593 13.92 7269.11 0.00
1594 4.03 2806.83 0.00
1595 1.73 1.45 0.00
1596 3470.56 2050.14 0.00
1597 4891.24 2186.51 0.00
1598 6325.42 690.30 0.00
1599 6909.33 2720.24 0.00
1600 4871.57 1305.14 0.00
1601 5877.20 3482.48 0.00
1602 3585.09 1492.68 0.00
1603 1378.18 7.71 0.00
1604 7248.94 8841.34 0.00
1605 3173.77 13211.03 0.00
1606 8.30 2881.18 0.00
1607 1.21 0.30 0.00
1608 12705.62 10366.62 0.00
1609 13684.61 3717.34 0.00
1610 8322.87 249.07 0.00
1611 10208.79 4015.96 0.00
1612 6037.07 3093.30 0.00
1613 692.33 0.75 0.00
1614 1.85 0.82 0.00
1615 1.82 1.69 0.00
1616 2.16 0.56 0.00
1617 411.19 2.70 0.00
1618 12708.70 6703.82 0.00
1619 15193.74 13142.35 0.00
1620 7735.99 3212.61 0.00
1621 5587.17 6719.07 0.00
1622 13854.81 6666.96 0.00
1623 3898.19 5665.29 0.00
1624 23.65 11283.61 0.00
1625 11.63 6197.43 0.00
1626 1.39 0.85 0.00
1627 10.62 2086.00 0.00
1628 15.51 7450.86 0.00
1629 6.28 2815.56 0.00
1630 7.67 2420.04 0.00
1631 10.81 4719.81 0.00
1632 6.68 3136.43 0.00
1633 11.34 3371.23 0.00
1634 6.87 2909.48 0.00
1635 13.66 2714.56 0.00
1636 5986.42 1662.80 0.00
1637 6126.29 358.09 0.00
1638 4633.28 4.94 0.00
1639 1014.92 1.98 0.00
1640 1013.93 2.04 0.00
1641 4072.70 5835.85 0.00
1642 3286.48 7623.03 0.00
1643 4288.15 2574.17 0.00
1644 2.77 1062.76 0.00
1645 2.64 0.37 0.00
1646 11.45 1947.88 0.00
1647 3.30 500.66 0.00
1648 3613.34 1495.11 0.00
1649 8336.42 1489.68 0.00
1650 6570.70 2425.30 0.00
1651 14148.33 6302.39 0.00
1652 16095.82 3516.44 0.00
1653 10448.16 3881.46 0.00
1654 13991.74 173.55 0.00
1655 14169.99 26.37 0.00
1656 18207.84 31.88 0.00
1657 1869.75 4.62 0.00
1658 6.05 1188.10 0.00
1659 3.55 26.71 0.00
1660 2.66 0.44 0.00
1661 1.04 1.83 0.00
1662 3.81 0.82 0.00
1663 667.71 2085.34 0.00
1664 4201.56 3281.97 0.00
1665 4794.39 2751.78 0.00
1666 15724.87 5176.30 0.00
1667 17497.20 3280.85 0.00
1668 7558.45 3800.53 0.00
1669 7.37 3317.60 0.00
1670 0.99 83.41 0.00
1671 2.90 6.43 0.00
1672 1418.07 4.24 0.00
1673 9202.22 14.66 0.00
1674 7.11 2118.77 0.00
1675 2.97 1242.69 0.00
1676 2.23 85.03 0.00
1677 0.88 0.82 0.00
1678 1.32 0.30 0.00
1679 1.97 0.45 0.00
1680 2.16 2.25 0.00
1681 1.86 5.85 0.00
1682 1.77 0.30 0.00
1683 1.25 5.53 0.00
1684 1.96 0.30 0.00
1685 3.02 0.30 0.00
1686 1.62 2.14 0.00
1687 2.44 0.30 0.00
1688 3.09 0.30 0.00
1689 1.78 0.96 0.00
1690 2.03 4.88 0.00
1691 4.57 5.24 0.00
1692 1.11 0.82 0.00
1693 2.32 0.30 0.00
1694 2.42 5.16 0.00
1695 19.27 15.55 0.00
1696 6319.63 6429.73 0.00
1697 6833.50 5948.89 0.00
1698 7617.85 8776.63 0.00
1699 9044.29 2361.79 0.00
1700 7647.78 1134.29 0.00
1701 10681.24 6114.53 0.00
1702 9899.08 9476.32 0.00
1703 13401.12 13322.72 0.00
1704 8876.72 16106.28 0.00
1705 5668.41 22831.94 0.00
1706 1.93 1.76 0.00
1707 2.02 0.82 0.00
1708 2.49 0.30 0.00
1709 1.28 1.87 0.00
1710 1.35 0.81 0.00
1711 2.48 6.34 0.00
1712 0.94 0.30 0.00
1713 2.07 0.82 0.00
1714 1.02 0.00 0.00
1715 2.56 0.30 0.00
1716 3.23 2.21 0.00
1717 0.99 0.30 0.00
1718 2.04 0.30 0.00
1719 2.38 0.82 0.00
1720 1.39 0.43 0.00
1721 5.53 831.82 0.00
1722 9.00 2297.35 0.00
1723 7.61 1717.88 0.00
1724 5.67 1459.73 0.00
1725 3.87 1179.06 0.00
1726 3.19 393.81 0.00
1727 4.43 955.49 0.00
1728 4.65 1801.71 0.00
1729 3.55 1552.96 0.00
1730 11.23 5807.97 0.00
1731 15.81 6521.55 0.00
1732 15.00 8909.99 0.00
1733 5.51 2371.45 0.00
1734 2.84 223.05 0.00
1735 14.05 2421.13 0.00
1736 8.26 1426.43 0.00
1737 10.53 2868.66 0.00
1738 5.09 1576.45 0.00
1739 7.75 2298.14 0.00
1740 8.99 1800.01 0.00
1741 3.62 1150.94 0.00
1742 12.14 6225.06 0.00
1743 15.77 10038.22 0.00
1744 14.87 9780.63 0.00
1745 13.71 3656.77 0.00
1746 3066.78 7853.50 0.00
1747 9312.69 4860.36 0.00
1748 1396.48 1674.88 0.00
1749 7.34 3140.82 0.00
1750 5.42 1385.57 0.00
1751 6513.22 2769.07 0.00
1752 6849.35 4183.27 0.00
1753 10710.92 4785.44 0.00
1754 7673.78 5538.96 0.00
1755 13659.55 2699.99 0.00
1756 11680.58 10486.65 0.00
1757 9779.84 8282.78 0.00
1758 4143.23 3071.23 0.00
1759 1600.74 1.27 0.00
1760 2.02 0.38 0.00
1761 3.10 2.61 0.00
1762 2.03 0.30 0.00
1763 6659.73 15099.80 0.00
1764 12527.75 13188.41 0.00
1765 20625.41 1403.02 0.00
1766 10329.64 2643.05 0.00
1767 22.54 12305.16 0.00
1768 8.20 3892.68 0.00
1769 8.17 3498.91 0.00
1770 5.36 1618.24 0.00
1771 2.15 22.34 0.00
1772 9.07 2758.72 0.00
1773 4.75 1360.65 0.00
1774 0.95 0.30 0.00
1775 2.57 0.30 0.00
1776 2041.34 20.59 0.00
1777 6290.31 12.88 0.00
1778 4547.94 9.11 0.00
1779 6482.53 1927.65 0.00
1780 7.77 3012.33 0.00
1781 2094.71 3340.22 0.00
1782 2718.73 3122.54 0.00
1783 2239.98 1720.76 0.00
1784 1509.74 1210.81 0.00
1785 1904.92 1528.16 0.00
1786 1755.24 2423.70 0.00
1787 4426.41 1997.57 0.00
1788 5300.77 1107.74 0.00
1789 10926.98 3334.77 0.00
1790 2998.65 5582.81 0.00
1791 17171.18 57.50 0.00
1792 8701.80 14.04 0.00
1793 2911.40 2.43 0.00
1794 1.36 0.88 0.00
1795 1.06 0.43 0.00
1796 1.81 1.28 0.00
1797 11.00 2604.95 0.00
1798 4315.26 3889.85 0.00
1799 10513.22 10066.09 0.00
1800 10820.99 8993.73 0.00
1801 9517.34 13522.10 0.00
1802 16058.12 10246.62 0.00
1803 3397.08 6168.43 0.00
1804 9.37 4088.48 0.00
1805 1.10 0.30 0.00
1806 2883.17 15.17 0.00
1807 3768.35 10.67 0.00
1808 670.05 1.35 0.00
1809 0.85 0.82 0.00
1810 1.52 0.43 0.00
1811 6.15 1.90 0.00
1812 5.78 255.16 0.00
1813 6649.53 7953.13 0.00
1814 1279.52 9323.80 0.00
1815 10.51 5950.65 0.00
1816 14.11 5661.10 0.00
1817 11.98 6234.14 0.00
1818 0.98 0.82 0.00
1819 1.95 0.30 0.00
1820 1.21 0.30 0.00
1821 2.36 10.25 0.00
1822 2.36 0.30 0.00
1823 1.28 5.02 0.00
1824 1.51 0.82 0.00
1825 1.66 0.30 0.00
1826 1.62 1.63 0.00
1827 1.10 0.82 0.00
1828 2.21 0.30 0.00
1829 2.09 1.87 0.00
1830 1.88 0.82 0.00
1831 2.49 3.38 0.00
1832 1.11 0.30 0.00
1833 1.22 0.82 0.00
1834 0.52 0.30 0.00
1835 0.89 0.30 0.00
1836 2.52 2.27 0.00
1837 0.77 0.30 0.00
1838 1.48 0.30 0.00
1839 1.51 0.82 0.00
1840 0.77 0.30 0.00
1841 1.14 3.25 0.00
1842 1.33 0.82 0.00
1843 0.78 0.30 0.00
1844 1.21 1.87 0.00
1845 15.33 0.95 0.00
1846 1920.34 1872.02 0.00
1847 2659.67 1328.87 0.00
1848 1596.05 799.67 0.00
1849 2810.57 2446.43 0.00
1850 5177.94 5843.23 0.00
1851 7708.99 8163.73 0.00
1852 9189.16 4604.49 0.00
1853 9524.27 7271.53 0.00
1854 12136.78 13175.85 0.00
1855 5181.17 14464.04 0.00
1856 2.93 2.14 0.00
1857 4681.53 6657.59 0.00
1858 2499.59 4472.41 0.00
1859 2.40 209.25 0.00
1860 0.89 0.82 0.00
1861 1.04 6.35 0.00
1862 1.67 0.30 0.00
1863 5.41 1734.23 0.00
1864 3.86 1319.59 0.00
1865 5.07 913.55 0.00
1866 4.52 1752.41 0.00
1867 4.38 2477.80 0.00
1868 4.23 844.69 0.00
1869 2189.77 80.40 0.00
1870 3639.99 386.70 0.00
1871 4088.50 1717.76 0.00
1872 5805.39 1000.64 0.00
1873 3382.53 1866.84 0.00
1874 1805.59 922.07 0.00
1875 316.70 277.69 0.00
1876 262.25 1184.97 0.00
1877 714.31 1878.22 0.00
1878 484.49 690.97 0.00
1879 256.49 543.76 0.00
1880 488.18 3.15 0.00
1881 228.55 8.17 0.00
1882 321.46 7.97 0.00
1883 6661.02 17.90 0.00
1884 3126.56 592.24 0.00
1885 2040.25 2587.12 0.00
1886 3103.56 2777.02 0.00
1887 1729.16 5903.22 0.00
1888 1837.25 3353.67 0.00
1889 2587.85 436.17 0.00
1890 2693.47 11.02 0.00
1891 2389.06 15.19 0.00
1892 8618.12 23.78 0.00
1893 10784.22 6713.56 0.00
1894 7377.89 4823.85 0.00
1895 11689.60 3952.30 0.00
1896 15863.04 2647.14 0.00
1897 5325.37 494.16 0.00
1898 531.78 0.82 0.00
1899 0.90 0.95 0.00
1900 1.82 0.37 0.00
1901 1.37 1.82 0.00
1902 2394.17 4720.32 0.00
1903 1715.24 6811.50 0.00
1904 13.82 4571.69 0.00
1905 10.89 1797.02 0.00
1906 9554.74 1439.89 0.00
1907 5642.61 7958.76 0.00
1908 6012.88 7061.14 0.00
1909 4511.26 5710.06 0.00
1910 5428.22 6338.56 0.00
1911 1522.01 4078.32 0.00
1912 1552.42 2065.55 0.00
1913 79.52 2631.15 0.00
1914 21.12 8356.08 0.00
1915 2711.80 7344.83 0.00
1916 3354.95 9224.74 0.00
1917 12.73 4777.94 0.00
1918 7658.49 542.96 0.00
1919 7626.76 6875.84 0.00
1920 2.55 35.22 0.00
1921 10.48 4235.95 0.00
1922 5143.30 4095.32 0.00
1923 197.48 1.08 0.00
1924 2664.09 5.72 0.00
1925 1994.16 2.62 0.00
1926 1425.72 3.56 0.00
1927 2.61 0.57 0.00
1928 1.43 0.30 0.00
1929 2.40 0.82 0.00
1930 3293.75 11.04 0.00
1931 5285.68 1989.69 0.00
1932 6033.90 1979.88 0.00
1933 6886.79 3405.22 0.00
1934 5554.81 3438.63 0.00
1935 6175.22 3956.88 0.00
1936 4344.03 2333.54 0.00
1937 2040.33 2451.27 0.00
1938 3358.46 3183.85 0.00
1939 8435.65 5372.76 0.00
1940 8238.63 8350.46 0.00
1941 10864.72 7156.38 0.00
1942 8334.08 7250.50 0.00
1943 5167.71 5953.87 0.00
1944 4460.15 6056.89 0.00
1945 6.22 3480.62 0.00
1946 2.41 22.64 0.00
1947 1.69 5.51 0.00
1948 4569.68 1867.98 0.00
1949 8076.29 6845.60 0.00
1950 2077.42 801.24 0.00
1951 1517.85 2.80 0.00
1952 3.27 0.69 0.00
1953 1.11 0.82 0.00
1954 1.82 0.37 0.00
1955 14.69 7735.15 0.00
1956 8.78 6724.15 0.00
1957 3170.31 7087.40 0.00
1958 1008.34 8099.82 0.00
1959 19.41 10283.59 0.00
1960 7.32 3216.22 0.00
1961 9.12 3536.39 0.00
1962 7.74 4100.46 0.00
1963 7.26 2469.04 0.00
1964 2.40 318.48 0.00
1965 2.35 2.45 0.00
1966 3.39 1.80 0.00
1967 0.65 0.37 0.00
1968 5.33 795.15 0.00
1969 15.26 7644.13 0.00
1970 0.43 67.56 0.00
1971 1.35 5.72 0.00
1972 3.42 5.05 0.00
1973 6.72 1608.56 0.00
1974 5.54 1990.10 0.00
1975 5.12 2096.09 0.00
1976 4.63 2195.60 0.00
1977 5.79 1875.23 0.00
1978 6.13 1957.87 0.00
1979 5.73 2697.82 0.00
1980 2.29 2.25 0.00
1981 2.04 5.03 0.00
1982 1.85 0.36 0.00
1983 1.54 0.82 0.00
1984 1.74 0.30 0.00
1985 1.61 0.45 0.00
1986 2.21 6.55 0.00
1987 1.77 0.40 0.00
1988 1.00 0.30 0.00
1989 3.68 0.82 0.00
1990 2.10 0.30 0.00
1991 1.86 3.28 0.00
1992 1.98 0.85 0.00
1993 1.55 0.30 0.00
1994 2.56 0.45 0.00
1995 1.31 2.25 0.00
1996 2.24 1.67 0.00
1997 1.88 0.33 0.00
1998 1.54 0.82 0.00
1999 1.62 0.30 0.00
2000 1.66 0.30 0.00
2001 2.25 2.44 0.00
2002 2.07 1.69 0.00
2003 1.99 0.30 0.00
2004 1.39 0.82 0.00
2005 2.80 0.30 0.00
2006 2.27 0.30 0.00
2007 1.51 2.02 0.00
2008 2.35 0.30 0.00
2009 2.08 0.45 0.00
2010 1.10 2.25 0.00
2011 2.29 1.92 0.00
2012 2.36 1.57 0.00
2013 22.73 3727.05 0.00
2014 24.93 8854.39 0.00
2015 17.78 7732.15 0.00
2016 55.41 17770.80 0.00
2017 43.98 9387.47 0.00
2018 9894.20 3023.49 0.00
2019 13908.32 4016.96 0.00
2020 5289.37 1557.64 0.00
2021 6587.70 1092.76 0.00
2022 7408.42 291.83 0.00
2023 6122.40 1041.99 0.00
2024 10946.04 2423.69 0.00
2025 6731.82 1501.47 0.00
2026 6290.34 1352.22 0.00
2027 5215.45 3743.58 0.00
2028 4297.80 1077.22 0.00
2029 2185.85 2.82 0.00
2030 8033.85 12.08 0.00
2031 3.29 6.43 0.00
2032 1.83 1.70 0.00
2033 13888.62 71.83 0.00
2034 24042.17 52.62 0.00
2035 32767.65 50.14 0.00
2036 1628.81 3.90 0.00
2037 25002.50 101.22 0.00
2038 30460.92 61.66 0.00
2039 3.12 4.01 0.00
2040 23758.32 1293.14 0.00
2041 13680.26 6582.43 0.00
2042 11.53 4941.63 0.00
2043 2.21 0.82 0.00
2044 12952.29 702.41 0.00
2045 19230.15 4449.65 0.00
2046 25905.47 6563.41 0.00
2047 13697.26 4597.72 0.00
2048 4688.90 2787.33 0.00
2049 9420.90 1936.43 0.00
2050 6471.91 1474.50 0.00
2051 5772.65 1018.38 0.00
2052 6215.82 1094.99 0.00
2053 7283.32 1164.09 0.00
2054 8508.75 560.10 0.00
2055 7355.54 2196.96 0.00
2056 6373.10 1653.69 0.00
2057 7597.87 3036.18 0.00
2058 6380.38 3311.19 0.00
2059 6332.91 2054.21 0.00
2060 8433.03 1564.64 0.00
2061 6546.43 2590.66 0.00
2062 7006.47 5521.71 0.00
2063 10599.56 7108.24 0.00
2064 30179.55 2767.20 0.00
2065 7450.15 13.07 0.00
2066 6.22 22.70 0.00
2067 1.59 2.21 0.00
2068 5.28 0.56 0.00
2069 2.15 0.30 0.00
2070 1.55 2.71 0.00
2071 1.96 1.08 0.00
2072 2.56 4.27 0.00
2073 1.20 0.82 0.00
2074 2.30 0.30 0.00
2075 1.27 0.37 0.00
2076 1.56 0.82 0.00
2077 2.64 0.30 0.00
2078 1.80 0.30 0.00
2079 1.35 0.82 0.00
2080 1.23 0.30 0.00
2081 0.74 0.30 0.00
2082 2.24 0.82 0.00
2083 1.84 0.30 0.00
2084 1.09 0.45 0.00
2085 1.91 2.25 0.00
2086 2.30 0.30 0.00
2087 1.77 0.30 0.00
2088 2.14 0.82 0.00
2089 2.63 0.30 0.00
2090 0.89 0.30 0.00
2091 1.03 0.82 0.00
2092 1.66 0.30 0.00
2093 1.67 0.30 0.00
2094 2.51 0.82 0.00
2095 1.62 0.30 0.00
2096 1.38 0.30 0.00
2097 1.76 0.82 0.00
2098 1.84 0.30 0.00
2099 1.75 0.45 0.00
2100 1.44 2.25 0.00
2101 1.73 0.30 0.00
2102 1.51 0.30 0.00
2103 1.87 0.82 0.00
2104 1.61 0.30 0.00
2105 1.32 0.30 0.00
2106 1.62 0.82 0.00
2107 1.62 0.30 0.00
2108 0.99 0.30 0.00
2109 1.84 0.82 0.00
2110 2.21 0.30 0.00
2111 2.07 0.30 0.00
2112 3.45 0.82 0.00
2113 1.44 0.30 0.00
2114 3.47 0.37 0.00
2115 2.75 2.32 0.00
2116 1.60 0.30 0.00
2117 1.89 0.30 0.00
2118 2.99 0.82 0.00
2119 1.08 0.30 0.00
2120 1.99 0.30 0.00
2121 3.34 0.82 0.00
2122 3.09 0.30 0.00
2123 2.63 0.30 0.00
2124 2.55 0.82 0.00
2125 1.62 0.30 0.00
2126 2.50 0.30 0.00
2127 3.03 0.82 0.00
2128 0.55 0.30 0.00
2129 2.29 0.45 0.00
2130 1.19 2.25 0.00
2131 0.41 0.30 0.00
2132 1.77 0.30 0.00
2133 1.51 0.82 0.00
2134 1.88 0.30 0.00
2135 1.39 0.30 0.00
2136 1.26 0.82 0.00
2137 2.24 0.30 0.00
2138 1.69 0.30 0.00
2139 1.68 0.82 0.00
2140 1.65 0.30 0.00
2141 1.45 0.30 0.00
2142 2.92 0.82 0.00
2143 2.22 0.30 0.00
2144 0.98 1.87 0.00
2145 1.88 0.82 0.00
2146 2.27 0.30 0.00
2147 0.88 0.30 0.00
2148 1.51 0.82 0.00
2149 2.58 0.30 0.00
2150 0.88 0.30 0.00
2151 0.96 0.51 0.00
2152 1.56 0.30 0.00
2153 1.30 0.30 0.00
2154 1.29 0.82 0.00
2155 1.01 0.30 0.00
2156 1.51 0.30 0.00
2157 1.55 0.82 0.00
2158 1.08 0.30 0.00
2159 0.76 0.45 0.00
2160 2.47 2.25 0.00
2161 0.86 0.30 0.00
2162 0.55 0.30 0.00
2163 2.58 0.82 0.00
2164 1.16 0.30 0.00
2165 1.60 0.30 0.00
2166 2.55 0.82 0.00
2167 0.44 0.30 0.00
2168 0.66 0.30 0.00
2169 1.40 0.82 0.00
2170 1.25 0.30 0.00
2171 1.26 0.30 0.00
2172 2.08 0.82 0.00
2173 1.56 0.30 0.00
2174 3.34 0.37 0.00
2175 1.33 2.32 0.00
2176 1.36 0.30 0.00
2177 2.16 0.30 0.00
2178 2.24 0.82 0.00
2179 1.48 0.30 0.00
2180 1.75 0.30 0.00
2181 1.06 0.82 0.00
2182 0.92 0.30 0.00
2183 2.63 0.30 0.00
2184 1.59 0.82 0.00
2185 1.07 0.30 0.00
2186 2.27 0.30 0.00
2187 1.54 0.82 0.00
2188 1.70 0.30 0.00
2189 2.19 0.45 0.00
2190 0.77 2.25 0.00
2191 1.36 0.30 0.00
2192 1.63 0.30 0.00
2193 0.99 0.82 0.00
2194 2.04 0.30 0.00
2195 1.40 0.30 0.00
2196 1.67 0.82 0.00
2197 1.94 0.30 0.00
2198 2.71 0.30 0.00
2199 1.17 0.82 0.00
2200 1.11 0.30 0.00
2201 1.77 0.30 0.00
2202 1.60 0.82 0.00
2203 1.67 0.30 0.00
2204 2.01 0.45 0.00
2205 1.44 2.25 0.00
2206 1.41 0.30 0.00
2207 1.17 0.30 0.00
2208 1.52 0.82 0.00
2209 1.84 0.30 0.00
2210 1.07 0.30 0.00
2211 0.96 0.82 0.00
2212 1.33 0.30 0.00
2213 0.55 0.30 0.00
2214 1.84 0.82 0.00
2215 0.77 0.30 0.00
2216 0.85 0.30 0.00
2217 2.32 0.82 0.00
2218 0.66 0.30 0.00
2219 0.87 0.45 0.00
2220 1.76 2.25 0.00
2221 0.74 0.30 0.00
2222 0.66 0.30 0.00
2223 1.33 0.82 0.00
2224 1.07 0.30 0.00
2225 0.88 0.30 0.00
2226 1.60 0.82 0.00
2227 0.55 0.30 0.00
2228 0.55 0.30 0.00
2229 1.51 0.82 0.00
2230 1.03 0.30 0.00
2231 0.52 0.30 0.00
2232 1.76 0.82 0.00
2233 0.78 0.30 0.00
2234 2.21 0.45 0.00
2235 0.88 2.25 0.00
2236 0.97 0.30 0.00
2237 2.70 0.30 0.00
2238 0.65 0.82 0.00
2239 1.04 0.30 0.00
2240 2.78 0.30 0.00
2241 1.50 0.82 0.00
2242 1.58 0.30 0.00
2243 3.03 0.30 0.00
2244 0.96 0.82 0.00
2245 1.73 0.30 0.00
2246 1.93 0.30 0.00
2247 1.42 0.82 0.00
2248 1.28 0.30 0.00
2249 2.30 0.45 0.00
2250 1.54 2.25 0.00
2251 1.62 0.30 0.00
2252 1.85 0.30 0.00
2253 1.43 0.82 0.00
2254 1.52 0.30 0.00
2255 1.44 0.30 0.00
2256 1.63 0.82 0.00
2257 2.66 0.30 0.00
2258 2.00 0.30 0.00
2259 1.40 0.82 0.00
2260 1.62 0.30 0.00
2261 0.86 0.30 0.00
2262 1.21 0.82 0.00
2263 1.66 0.30 0.00
2264 1.43 0.45 0.00
2265 1.32 2.25 0.00
2266 0.85 0.30 0.00
2267 1.34 0.30 0.00
2268 0.99 0.82 0.00
2269 0.84 0.30 0.00
2270 1.89 0.30 0.00
2271 1.18 0.82 0.00
2272 0.43 0.30 0.00
2273 1.33 0.30 0.00
2274 0.96 0.82 0.00
2275 1.55 0.30 0.00
2276 2.19 0.30 0.00
2277 0.88 0.82 0.00
2278 1.33 0.30 0.00
2279 3.34 0.37 0.00
2280 0.99 2.32 0.00
2281 2.29 0.30 0.00
2282 1.81 0.30 0.00
2283 0.77 0.82 0.00
2284 2.06 0.30 0.00
2285 1.10 0.30 0.00
2286 1.51 0.82 0.00
2287 1.89 0.30 0.00
2288 0.99 0.30 0.00
2289 0.85 0.82 0.00
2290 2.14 0.30 0.00
2291 2.00 0.30 0.00
2292 0.66 0.82 0.00
2293 1.55 0.30 0.00
2294 1.67 0.45 0.00
2295 1.55 2.25 0.00
2296 1.40 0.30 0.00
2297 1.21 0.30 0.00
2298 2.11 0.82 0.00
2299 0.52 0.30 0.00
2300 0.66 0.30 0.00
2301 1.29 0.82 0.00
2302 1.91 0.30 0.00
2303 0.99 0.30 0.00
2304 1.85 0.82 0.00
2305 0.66 0.30 0.00
2306 0.96 0.30 0.00
2307 1.66 0.82 0.00
2308 1.30 0.30 0.00
2309 1.09 0.45 0.00
2310 1.77 2.25 0.00
2311 0.63 0.30 0.00
2312 1.00 0.30 0.00
2313 1.87 0.82 0.00
2314 1.08 0.30 0.00
2315 2.26 0.30 0.00
2316 0.93 0.82 0.00
2317 0.86 0.30 0.00
2318 3.41 0.30 0.00
2319 1.27 0.82 0.00
2320 0.64 0.30 0.00
2321 2.65 0.30 0.00
2322 1.00 0.82 0.00
2323 1.17 0.30 0.00
2324 1.43 0.37 0.00
2325 0.66 2.32 0.00
2326 0.74 0.30 0.00
2327 1.42 0.30 0.00
2328 1.00 0.82 0.00
2329 0.96 0.30 0.00
2330 1.11 0.30 0.00
2331 1.15 0.82 0.00
2332 0.55 0.30 0.00
2333 1.33 0.30 0.00
2334 0.85 0.82 0.00
2335 1.42 0.30 0.00
2336 0.63 0.30 0.00
2337 1.11 0.82 0.00
2338 2.00 0.30 0.00
2339 1.09 0.45 0.00
2340 1.77 2.25 0.00
2341 1.74 0.30 0.00
2342 0.77 0.30 0.00
2343 0.77 0.82 0.00
2344 1.83 0.30 0.00
2345 1.08 0.30 0.00
2346 0.85 0.82 0.00
2347 1.93 0.30 0.00
2348 1.00 0.30 0.00
2349 1.29 0.82 0.00
2350 1.92 0.30 0.00
2351 1.36 0.30 0.00
2352 1.44 0.82 0.00
2353 2.15 0.30 0.00
2354 1.68 1.87 0.00
2355 1.22 0.82 0.00
2356 2.11 0.30 0.00
2357 0.88 0.30 0.00
2358 1.22 0.82 0.00
2359 2.20 0.30 0.00
2360 1.23 0.30 0.00
2361 1.85 0.82 0.00
2362 1.25 0.30 0.00
2363 1.22 0.30 0.00
2364 1.85 0.82 0.00
2365 0.55 0.30 0.00
2366 0.52 0.30 0.00
2367 1.66 0.82 0.00
2368 0.78 0.30 0.00
2369 0.65 1.87 0.00
2370 1.55 0.82 0.00
2371 0.63 0.30 0.00
2372 0.99 0.30 0.00
2373 1.33 0.82 0.00
2374 0.52 0.30 0.00
2375 2.08 0.30 0.00
2376 0.85 0.82 0.00
2377 0.77 0.30 0.00
2378 2.03 0.30 0.00
2379 1.04 0.82 0.00
2380 0.89 0.30 0.00
2381 1.30 0.30 0.00
2382 0.88 0.82 0.00
2383 0.97 0.30 0.00
2384 1.31 1.87 0.00
2385 0.78 0.82 0.00
2386 0.52 0.30 0.00
2387 1.21 0.30 0.00
2388 0.78 0.82 0.00
2389 1.19 0.30 0.00
2390 1.43 0.30 0.00
2391 1.07 0.82 0.00
2392 1.92 0.30 0.00
2393 1.22 0.30 0.00
2394 0.96 0.82 0.00
2395 2.37 0.30 0.00
2396 0.41 0.30 0.00
2397 0.66 0.82 0.00
2398 2.48 0.30 0.00
2399 0.76 1.87 0.00
2400 1.00 0.82 0.00
2401 1.30 0.30 0.00
2402 1.63 0.00 0.00
2403 0.85 0.82 0.00
2404 1.49 0.30 0.00
2405 0.55 0.30 0.00
2406 1.14 0.82 0.00
2407 1.64 0.30 0.00
2408 0.78 0.30 0.00
2409 0.85 0.82 0.00
2410 2.23 0.30 0.00
2411 1.08 0.30 0.00
2412 0.66 0.82 0.00
2413 1.56 0.30 0.00
2414 1.58 0.37 0.00
2415 1.88 2.32 0.00
2416 0.97 0.30 0.00
2417 0.44 0.30 0.00
2418 1.85 0.82 0.00
2419 0.74 0.30 0.00
2420 0.89 0.30 0.00
2421 1.51 0.82 0.00
2422 1.14 0.30 0.00
2423 1.45 0.30 0.00
2424 1.51 0.82 0.00
2425 1.10 0.30 0.00
2426 0.97 0.30 0.00
2427 1.33 0.82 0.00
2428 1.22 0.30 0.00
2429 0.88 0.45 0.00
2430 1.54 2.25 0.00
2431 1.88 0.30 0.00
2432 1.01 0.30 0.00
2433 1.44 0.82 0.00
2434 1.75 0.30 0.00
2435 1.23 0.30 0.00
2436 0.74 0.82 0.00
2437 1.70 0.30 0.00
2438 1.93 0.30 0.00
2439 0.96 0.82 0.00
2440 0.66 0.30 0.00
2441 1.52 0.30 0.00
2442 0.77 0.82 0.00
2443 0.54 0.30 0.00
2444 1.76 0.45 0.00
2445 0.66 2.25 0.00
2446 0.85 0.30 0.00
2447 1.45 0.30 0.00
2448 0.66 0.82 0.00
2449 0.63 0.30 0.00
2450 1.69 0.30 0.00
2451 1.18 0.82 0.00
2452 1.22 0.30 0.00
2453 1.67 0.30 0.00
2454 1.52 0.82 0.00
2455 1.11 0.30 0.00
2456 1.42 0.30 0.00
2457 0.55 0.82 0.00
2458 1.67 0.30 0.00
2459 0.54 0.45 0.00
2460 1.11 2.25 0.00
2461 1.30 0.30 0.00
2462 0.89 0.30 0.00
2463 2.05 0.82 0.00
2464 1.41 0.30 0.00
2465 1.04 0.37 0.00
2466 1.38 0.83 0.00
2467 1.00 0.30 0.00
2468 0.84 0.37 0.00
2469 2.01 0.82 0.00
2470 1.70 0.30 0.00
2471 0.74 0.30 0.00
2472 1.93 0.82 0.00
2473 1.11 0.30 0.00
2474 1.12 0.45 0.00
2475 2.49 2.25 0.00
2476 1.19 0.30 0.00
2477 0.77 0.30 0.00
2478 1.55 0.82 0.00
2479 0.74 0.30 0.00
2480 0.43 0.30 0.00
2481 1.40 0.82 0.00
2482 1.71 0.30 0.00
2483 0.67 0.30 0.00
2484 1.85 0.82 0.00
2485 0.89 0.30 0.00
2486 1.08 0.30 0.00
2487 1.77 0.82 0.00
2488 0.89 0.30 0.00
2489 1.54 0.45 0.00
2490 1.21 2.25 0.00
2491 0.86 0.30 0.00
2492 0.55 0.30 0.00
2493 1.88 0.82 0.00
2494 0.86 0.30 0.00
2495 1.33 0.30 0.00
2496 0.73 0.82 0.00
2497 0.90 0.30 0.00
2498 1.81 0.30 0.00
2499 0.73 0.82 0.00
2500 0.55 0.30 0.00
2501 1.64 0.30 0.00
2502 0.55 0.82 0.00
2503 0.62 0.30 0.00
2504 1.93 1.87 0.00
2505 0.66 0.82 0.00
2506 1.14 0.30 0.00
2507 1.44 0.30 0.00
2508 2.03 0.82 0.00
2509 0.62 0.30 0.00
2510 1.63 0.30 0.00
2511 1.78 0.82 0.00
2512 0.87 0.30 0.00
2513 2.01 0.30 0.00
2514 3.12 0.82 0.00
2515 1.21 0.00 0.00
2516 1.42 0.30 0.00
2517 1.32 0.82 0.00
2518 1.63 0.44 0.00
2519 5.18 3.66 0.00
2520 1.22 2.25 0.00
2521 1.18 0.30 0.00
2522 7.74 606.87 0.00
2523 0.96 0.82 0.00
2524 1.96 0.30 0.00
2525 1.74 0.30 0.00
2526 1.18 0.82 0.00
2527 1.55 0.30 0.00
2528 0.89 0.30 0.00
2529 1.15 0.82 0.00
2530 9.34 226.93 0.00
2531 0.52 0.30 0.00
2532 0.77 0.82 0.00
2533 21.29 1510.90 0.00
2534 1.98 0.45 0.00
2535 1.33 2.25 0.00
