0 18.42 10.48 0.00
1 4.44 0.82 0.00
2 9.23 4.78 0.00
3 4.34 1.01 0.00
4 4.63 1.12 0.00
5 2.28 0.53 0.00
6 31.12 33.12 0.00
7 5.19 2.22 0.00
8 3.85 1.19 0.00
9 4.88 4.56 0.00
10 3.93 1.35 0.00
11 26.69 24.14 0.00
12 4.72 1.78 0.00
13 10.92 10.56 0.00
14 360.14 152611.52 0.00
15 62.39 24090.12 0.00
16 29.52 36.47 0.00
17 10.65 8.68 0.00
18 11.05 3.08 0.00
19 3.62 0.85 0.00
20 92.45 32351.86 0.00
21 138.93 56027.12 0.00
22 217.01 88336.58 0.00
23 34.49 6218.61 0.00
24 103.00 82125.43 0.00
25 4.92 1.42 0.00
26 17.55 27.53 0.00
27 10.47 1.84 0.00
28 4.80 1.29 0.00
29 4.96 1.03 0.00
30 10.67 1.13 0.00
31 8.52 2.10 0.00
32 12.22 2.08 0.00
33 7.62 9.42 0.00
34 4.88 1.77 0.00
35 3.78 0.53 0.00
36 21.51 3.15 0.00
37 7.01 1.78 0.00
38 3.87 0.53 0.00
39 8.94 1.14 0.00
40 4.23 0.64 0.00
41 7.73 1.76 0.00
42 15.54 2.17 0.00
43 3.78 0.75 0.00
44 3.93 0.73 0.00
45 11.82 1.26 0.00
46 11.20 2.18 0.00
47 13.82 1.75 0.00
48 5.48 1.53 0.00
49 5.14 1.03 0.00
50 2.61 0.38 0.00
51 3.10 0.75 0.00
52 14.21 2.49 0.00
53 8.11 1.49 0.00
54 37.84 21.95 0.00
55 2.83 0.53 0.00
56 6.94 0.89 0.00
57 9.74 1.59 0.00
58 8.02 1.67 0.00
59 3.65 0.88 0.00
60 15.72 1.55 0.00
61 24.48 18.41 0.00
62 19.59 1.32 0.00
63 11.12 2.07 0.00
64 6.93 4.09 0.00
65 2.52 0.63 0.00
66 3.73 0.85 0.00
67 34.91 19.30 0.00
68 22.35 5.33 0.00
69 6.05 1.40 0.00
70 3.98 0.75 0.00
71 3.86 0.43 0.00
72 5.96 0.94 0.00
73 6.88 1.59 0.00
74 10.55 1.32 0.00
75 10.67 1.20 0.00
76 2.93 0.75 0.00
77 23.32 2.22 0.00
78 40.03 19.75 0.00
79 6.25 3.97 0.00
80 2.25 0.60 0.00
81 4.18 0.85 0.00
82 5.83 1.33 0.00
83 7.14 1.84 0.00
84 5.79 1.09 0.00
85 3.24 0.64 0.00
86 10.68 1.01 0.00
87 4.50 0.75 0.00
88 9.60 2.44 0.00
89 3.77 0.88 0.00
90 10.48 1.13 0.00
91 5.00 0.87 0.00
92 2.81 0.53 0.00
93 10.86 2.94 0.00
94 4.33 1.05 0.00
95 1.71 0.21 0.00
96 11.49 1.26 0.00
97 3.09 0.64 0.00
98 9.36 2.27 0.00
99 5.82 1.33 0.00
100 36.78 21.30 0.00
101 2.67 0.43 0.00
102 3.70 0.85 0.00
103 31.09 20.86 0.00
104 15.50 1.11 0.00
105 11.61 1.33 0.00
106 9.07 1.14 0.00
107 4.10 0.72 0.00
108 11.33 3.05 0.00
109 6.30 3.97 0.00
110 4.74 0.66 0.00
111 3.74 0.75 0.00
112 17.14 1.69 0.00
113 10.48 2.38 0.00
114 5.20 1.20 0.00
115 3.44 0.75 0.00
116 24.60 2.00 0.00
117 4.07 0.75 0.00
118 8.49 2.21 0.00
119 6.77 1.31 0.00
120 11.69 1.43 0.00
121 7.96 1.04 0.00
122 8.17 0.83 0.00
123 9.37 2.53 0.00
124 7.54 1.67 0.00
125 8.16 1.21 0.00
126 14.25 5.17 0.00
127 32.79 17.34 0.00
128 8.30 2.06 0.00
129 8.13 1.84 0.00
130 3.43 0.75 0.00
131 3.89 0.53 0.00
132 7.63 1.04 0.00
133 7.01 1.75 0.00
134 8.32 1.65 0.00
135 11.57 1.37 0.00
136 8.50 1.14 0.00
137 7.47 1.17 0.00
138 6.73 1.82 0.00
139 9.48 2.16 0.00
140 2.63 0.60 0.00
141 3.55 0.75 0.00
142 9.18 1.14 0.00
143 5.46 1.43 0.00
144 9.05 2.21 0.00
145 4.80 0.75 0.00
146 27.28 6.97 0.00
147 24.54 11.70 0.00
148 18.27 2.38 0.00
149 8.21 2.19 0.00
150 11.34 8.90 0.00
151 35.24 17.65 0.00
152 7.76 1.04 0.00
153 7.05 1.73 0.00
154 25.38 12.60 0.00
155 13.34 1.42 0.00
156 11.65 1.08 0.00
157 7.98 5.83 0.00
158 6.73 5.35 0.00
159 9.10 2.14 0.00
160 3.21 0.75 0.00
161 3.23 0.81 0.00
162 3.57 0.70 0.00
163 6.94 1.82 0.00
164 9.18 1.93 0.00
165 17.82 5.68 0.00
166 12.08 1.34 0.00
167 17.90 2.52 0.00
168 6.94 2.23 0.00
169 8.90 2.42 0.00
170 33.79 2.88 0.00
171 16.42 1.64 0.00
172 11.88 1.33 0.00
173 7.22 1.92 0.00
174 17.34 7.50 0.00
175 13.78 1.85 0.00
176 22.79 1.96 0.00
177 22.22 2.04 0.00
178 6.59 1.62 0.00
179 9.88 2.19 0.00
180 10.72 1.15 0.00
181 3.10 0.75 0.00
182 12.73 1.33 0.00
183 6.21 1.48 0.00
184 10.19 2.25 0.00
185 5.13 1.07 0.00
186 11.12 1.18 0.00
187 6.17 1.04 0.00
188 12.60 2.15 0.00
189 23.41 2.96 0.00
190 4.97 0.75 0.00
191 5.46 0.75 0.00
192 12.50 1.27 0.00
193 12.14 2.28 0.00
194 14.59 2.46 0.00
195 15.93 1.92 0.00
196 12.29 1.62 0.00
197 5.21 1.04 0.00
198 5.69 1.65 0.00
199 9.21 2.06 0.00
200 3.80 0.81 0.00
201 2.17 0.53 0.00
202 6.62 1.04 0.00
203 6.86 1.68 0.00
204 8.07 1.95 0.00
205 4.99 1.17 0.00
206 6.67 1.29 0.00
207 4.39 0.93 0.00
208 7.01 1.56 0.00
209 8.48 1.67 0.00
210 10.96 1.15 0.00
211 4.51 0.75 0.00
212 5.35 1.04 0.00
213 5.73 1.03 0.00
214 9.69 2.53 0.00
215 4.42 1.17 0.00
216 7.35 1.18 0.00
217 5.89 1.04 0.00
218 4.90 0.98 0.00
219 10.49 2.57 0.00
220 3.31 0.75 0.00
221 3.89 0.75 0.00
222 4.65 0.83 0.00
223 6.10 1.13 0.00
224 10.00 2.55 0.00
225 11.84 1.58 0.00
226 8.05 1.29 0.00
227 5.47 1.42 0.00
228 30.40 3.48 0.00
229 12.00 2.74 0.00
230 3.44 0.75 0.00
231 3.26 0.64 0.00
232 8.70 1.33 0.00
233 6.48 1.20 0.00
234 9.78 2.64 0.00
235 3.54 1.17 0.00
236 7.61 1.29 0.00
237 4.61 0.93 0.00
238 5.20 1.26 0.00
239 10.72 2.61 0.00
240 10.65 1.15 0.00
241 3.86 0.75 0.00
242 9.83 1.32 0.00
243 4.49 0.96 0.00
244 9.95 2.29 0.00
245 5.18 1.17 0.00
246 5.93 1.18 0.00
247 4.80 1.04 0.00
248 5.93 1.13 0.00
249 9.23 2.31 0.00
250 3.21 0.75 0.00
251 4.47 0.75 0.00
252 63.37 51.62 0.00
253 16.84 11.56 0.00
254 10.08 2.36 0.00
255 16.85 34.60 0.00
256 32.50 2.20 0.00
257 12.70 5.21 0.00
258 8.22 2.83 0.00
259 11.30 3.13 0.00
260 3.53 0.75 0.00
261 4.08 0.64 0.00
262 10.88 1.12 0.00
263 4.91 1.20 0.00
264 9.06 1.84 0.00
265 6.94 1.69 0.00
266 6.21 0.78 0.00
267 9.76 1.22 0.00
268 7.13 1.20 0.00
269 8.39 2.29 0.00
270 11.73 1.61 0.00
271 3.39 0.62 0.00
272 2.96 0.64 0.00
273 4.90 0.96 0.00
274 8.48 1.89 0.00
275 3.41 0.92 0.00
276 11.79 1.66 0.00
277 7.10 1.07 0.00
278 8.42 1.40 0.00
279 8.72 2.35 0.00
280 3.49 0.91 0.00
281 4.76 1.37 0.00
282 6.42 0.77 0.00
283 4.59 0.96 0.00
284 8.40 2.14 0.00
285 14.18 1.41 0.00
286 7.38 1.21 0.00
287 6.31 0.93 0.00
288 4.83 1.11 0.00
289 8.95 1.99 0.00
290 3.14 0.60 0.00
291 5.32 0.98 0.00
292 17.13 1.77 0.00
293 5.74 1.48 0.00
294 7.92 2.19 0.00
295 2.91 0.60 0.00
296 12.51 1.55 0.00
297 6.57 0.83 0.00
298 4.85 1.22 0.00
299 8.92 2.12 0.00
300 36.43 17.31 0.00
301 7.48 1.31 0.00
302 10.81 1.22 0.00
303 12.16 5.24 0.00
304 8.67 2.03 0.00
305 4.91 0.60 0.00
306 11.85 1.44 0.00
307 2.79 0.53 0.00
308 5.20 1.03 0.00
309 15.22 6.40 0.00
310 9.76 4.86 0.00
311 5.80 1.25 0.00
312 9.30 1.12 0.00
313 5.34 1.15 0.00
314 10.34 2.19 0.00
315 17.47 5.41 0.00
316 12.01 1.68 0.00
317 3.58 0.53 0.00
318 4.31 1.07 0.00
319 23.51 10.58 0.00
320 3.79 0.60 0.00
321 4.23 0.96 0.00
322 8.13 0.89 0.00
323 5.06 1.13 0.00
324 15.02 6.30 0.00
325 7.46 1.03 0.00
326 11.40 1.61 0.00
327 2.47 0.53 0.00
328 5.75 1.13 0.00
329 18.91 3.19 0.00
330 9.95 0.94 0.00
331 6.09 1.15 0.00
332 9.91 1.22 0.00
333 5.38 1.05 0.00
334 9.06 2.42 0.00
335 2.77 0.49 0.00
336 11.44 1.59 0.00
337 14.33 5.19 0.00
338 5.50 1.33 0.00
339 16.48 6.13 0.00
340 2.82 0.53 0.00
341 4.42 1.15 0.00
342 11.40 1.12 0.00
343 4.74 1.15 0.00
344 7.63 2.14 0.00
345 13.12 1.28 0.00
346 7.73 1.32 0.00
347 9.89 1.12 0.00
348 5.08 0.96 0.00
349 7.01 1.73 0.00
350 3.25 0.60 0.00
351 6.43 1.26 0.00
352 11.03 1.22 0.00
353 5.90 1.03 0.00
354 6.34 1.50 0.00
355 4.02 0.64 0.00
356 18.05 6.22 0.00
357 8.69 1.25 0.00
358 18.87 9.55 0.00
359 14.28 5.95 0.00
360 29.44 13.62 0.00
361 12.09 5.40 0.00
362 8.14 0.95 0.00
363 11.54 4.60 0.00
364 7.10 2.38 0.00
365 4.01 0.60 0.00
366 19.69 5.70 0.00
367 13.41 4.87 0.00
368 10.99 4.83 0.00
369 6.14 1.63 0.00
370 18.60 9.41 0.00
371 12.48 1.70 0.00
372 14.20 1.50 0.00
373 7.91 16.05 0.00
374 18.37 1.78 0.00
375 13.51 1.71 0.00
376 13.34 1.70 0.00
377 7.37 1.04 0.00
378 3.98 0.53 0.00
379 8.10 1.67 0.00
380 5.52 1.22 0.00
381 7.66 1.50 0.00
382 18.15 1.70 0.00
383 4.53 0.85 0.00
384 14.33 5.70 0.00
385 5.94 1.05 0.00
386 14.42 2.30 0.00
387 12.84 4.92 0.00
388 4.03 0.53 0.00
389 8.22 1.73 0.00
390 26.18 9.88 0.00
391 7.85 1.61 0.00
392 6.98 0.93 0.00
393 2.71 0.21 0.00
394 6.87 1.84 0.00
395 4.87 1.11 0.00
396 7.80 1.15 0.00
397 5.68 0.78 0.00
398 9.51 1.49 0.00
399 10.75 1.99 0.00
400 4.03 0.92 0.00
401 4.15 1.13 0.00
402 2.70 0.49 0.00
403 8.94 1.41 0.00
404 7.62 1.58 0.00
405 13.71 1.52 0.00
406 10.86 1.50 0.00
407 7.72 0.68 0.00
408 11.91 4.43 0.00
409 8.91 2.74 0.00
410 5.70 1.24 0.00
411 6.97 0.92 0.00
412 12.21 4.82 0.00
413 10.93 4.79 0.00
414 10.03 2.46 0.00
415 5.22 1.01 0.00
416 14.59 1.95 0.00
417 29.24 9.99 0.00
418 10.82 1.27 0.00
419 20.37 2.68 0.00
420 20.97 2.17 0.00
421 4.37 1.13 0.00
422 9.66 1.06 0.00
423 2.60 0.53 0.00
424 8.00 1.99 0.00
425 6.18 1.33 0.00
426 9.24 1.57 0.00
427 6.54 0.93 0.00
428 14.84 1.62 0.00
429 9.10 1.67 0.00
430 4.53 1.18 0.00
431 6.90 1.37 0.00
432 10.41 1.27 0.00
433 3.51 0.43 0.00
434 10.08 2.21 0.00
435 14.10 1.73 0.00
436 11.59 1.88 0.00
437 7.64 0.89 0.00
438 4.22 0.75 0.00
439 9.62 2.55 0.00
440 9.41 1.45 0.00
441 12.27 1.20 0.00
442 12.78 1.91 0.00
443 7.85 1.08 0.00
444 12.88 2.37 0.00
445 6.00 1.11 0.00
446 11.09 1.67 0.00
447 6.10 1.32 0.00
448 4.04 0.64 0.00
449 17.95 2.85 0.00
450 16.73 2.05 0.00
451 3.70 0.53 0.00
452 14.82 2.05 0.00
453 3.36 0.64 0.00
454 6.85 1.76 0.00
455 8.51 1.94 0.00
456 6.19 1.12 0.00
457 244.93 4.00 0.00
458 5.27 0.66 0.00
459 7.01 2.16 0.00
460 6.71 1.73 0.00
461 4.88 1.04 0.00
462 55.95 45.24 0.00
463 3.21 1.32 0.00
464 7.72 1.95 0.00
465 48.53 50.66 0.00
466 24.77 5.25 0.00
467 11.82 2.67 0.00
468 11.33 2.46 0.00
469 6.84 1.91 0.00
470 18.80 4.89 0.00
471 7.28 1.61 0.00
472 12.99 2.12 0.00
473 6.26 1.29 0.00
474 9.17 2.64 0.00
475 8.93 2.41 0.00
476 12.88 1.22 0.00
477 7.65 1.23 0.00
478 3.13 0.64 0.00
479 15.78 6.72 0.00
480 29.23 8.39 0.00
481 4.05 0.86 0.00
482 19.11 3.22 0.00
483 14.38 5.63 0.00
484 18.79 7.03 0.00
485 22.01 7.34 0.00
486 9.03 1.48 0.00
487 28.73 7.86 0.00
488 4.15 0.70 0.00
489 3.17 0.64 0.00
490 10.70 2.68 0.00
491 5.41 1.25 0.00
492 16.78 2.11 0.00
493 5.99 1.35 0.00
494 8.12 1.75 0.00
495 17.58 3.11 0.00
496 16.06 1.71 0.00
497 11.36 1.42 0.00
498 3.73 0.53 0.00
499 3.91 0.81 0.00
500 10.94 2.70 0.00
501 1.96 0.53 0.00
502 26.33 6.57 0.00
503 5.24 1.10 0.00
504 3.21 0.64 0.00
505 20.89 7.29 0.00
506 14.29 1.33 0.00
507 9.10 1.34 0.00
508 20.77 6.33 0.00
509 25.38 11.41 0.00
510 28.39 7.77 0.00
511 4.02 0.87 0.00
512 9.97 1.25 0.00
513 5.85 4.80 0.00
514 15.77 6.40 0.00
515 20.56 7.32 0.00
516 26.83 2.37 0.00
517 22.15 2.29 0.00
518 34.77 23.25 0.00
519 7.48 1.52 0.00
520 29.50 11.61 0.00
521 6.14 1.71 0.00
522 23.83 4.62 0.00
523 16.32 6.01 0.00
524 13.73 5.45 0.00
525 15.29 2.51 0.00
526 10.45 1.32 0.00
527 12.69 1.94 0.00
528 8.09 0.83 0.00
529 4.57 0.81 0.00
530 6.89 1.71 0.00
531 4.05 1.02 0.00
532 22.48 4.27 0.00
533 4.58 0.70 0.00
534 20.40 7.67 0.00
535 12.50 1.95 0.00
536 39.02 13.51 0.00
537 12.14 3.34 0.00
538 20.88 6.22 0.00
539 15.55 4.17 0.00
540 21.83 4.45 0.00
541 6.71 1.84 0.00
542 13.15 2.33 0.00
543 7.73 1.55 0.00
544 7.67 1.86 0.00
545 5.72 1.37 0.00
546 14.18 1.22 0.00
547 15.29 2.86 0.00
548 11.51 1.87 0.00
549 11.89 2.32 0.00
550 22.44 7.79 0.00
551 4.16 0.74 0.00
552 32.72 6.86 0.00
553 8.90 2.13 0.00
554 6.49 1.14 0.00
555 38.07 11.66 0.00
556 9.68 1.33 0.00
557 10.84 1.45 0.00
558 6.41 1.50 0.00
559 9.07 5.28 0.00
560 17.87 6.21 0.00
561 2.72 0.53 0.00
562 11.70 1.66 0.00
563 7.21 1.54 0.00
564 3.55 0.64 0.00
565 12.69 1.99 0.00
566 13.65 2.59 0.00
567 21.89 6.65 0.00
568 17.11 3.36 0.00
569 20.32 7.42 0.00
570 17.43 2.71 0.00
571 6.63 1.36 0.00
572 24.36 6.96 0.00
573 7.60 1.92 0.00
574 14.38 5.24 0.00
575 6.80 1.36 0.00
576 12.86 1.01 0.00
577 13.01 1.69 0.00
578 10.91 2.13 0.00
579 3.78 0.64 0.00
580 8.02 1.88 0.00
581 3.25 0.74 0.00
582 15.35 1.80 0.00
583 8.03 1.88 0.00
584 8.27 0.89 0.00
585 19.65 2.48 0.00
586 20.04 5.85 0.00
587 9.81 2.65 0.00
588 25.15 7.50 0.00
589 10.33 1.70 0.00
590 12.68 2.49 0.00
591 8.13 0.93 0.00
592 12.63 2.02 0.00
593 13.76 2.01 0.00
594 6.22 1.49 0.00
595 16.88 2.55 0.00
596 6.60 1.22 0.00
597 20.91 2.03 0.00
598 10.02 2.67 0.00
599 8.09 0.87 0.00
600 14.89 2.12 0.00
601 3.90 0.85 0.00
602 23.79 1.96 0.00
603 8.92 1.97 0.00
604 19.37 2.09 0.00
605 13.93 2.00 0.00
606 5.10 0.97 0.00
607 20.42 1.82 0.00
608 8.11 2.19 0.00
609 13.00 1.31 0.00
610 8.49 1.88 0.00
611 14.47 1.31 0.00
612 8.11 1.12 0.00
613 10.33 2.01 0.00
614 4.03 0.64 0.00
615 102.76 106.54 0.00
616 4.93 0.83 0.00
617 8.87 1.04 0.00
618 7.96 2.01 0.00
619 4.40 0.92 0.00
620 11.66 2.09 0.00
621 4.33 0.53 0.00
622 15.56 1.94 0.00
623 9.04 2.16 0.00
624 3.29 0.60 0.00
625 12.26 1.92 0.00
626 8.45 1.12 0.00
627 7.88 0.93 0.00
628 9.17 2.25 0.00
629 4.00 0.60 0.00
630 14.44 2.31 0.00
631 4.22 0.81 0.00
632 8.37 0.93 0.00
633 13.31 2.09 0.00
634 15.18 5.95 0.00
635 19.81 7.27 0.00
636 13.20 1.18 0.00
637 13.16 1.27 0.00
638 5.38 1.26 0.00
639 14.16 5.53 0.00
640 5.53 1.56 0.00
641 5.91 1.39 0.00
642 14.00 1.60 0.00
643 16.31 6.10 0.00
644 17.30 7.26 0.00
645 36.21 12.29 0.00
646 18.61 6.98 0.00
647 8.76 0.93 0.00
648 5.36 0.98 0.00
649 8.19 1.85 0.00
650 6.07 1.63 0.00
651 10.52 1.49 0.00
652 26.34 17.57 0.00
653 35.59 12.72 0.00
654 4.81 1.05 0.00
655 11.36 1.84 0.00
656 9.13 0.86 0.00
657 22.78 6.29 0.00
658 19.29 6.07 0.00
659 5.95 1.22 0.00
660 15.31 2.42 0.00
661 17.70 5.80 0.00
662 10.33 1.65 0.00
663 15.45 6.15 0.00
664 5.03 1.09 0.00
665 15.23 2.13 0.00
666 38.90 25.86 0.00
667 12.96 2.06 0.00
668 6.79 1.57 0.00
669 6.05 1.47 0.00
670 16.11 6.18 0.00
671 4.94 0.50 0.00
672 14.24 1.59 0.00
673 7.96 2.07 0.00
674 6.71 1.55 0.00
675 27.06 7.15 0.00
676 3.58 0.68 0.00
677 8.77 1.51 0.00
678 7.50 2.10 0.00
679 16.48 6.14 0.00
680 6.97 1.95 0.00
681 15.50 6.35 0.00
682 27.71 7.29 0.00
683 8.10 1.32 0.00
684 3.04 0.53 0.00
685 13.76 3.84 0.00
686 6.61 0.93 0.00
687 8.91 1.34 0.00
688 9.93 2.27 0.00
689 12.69 6.51 0.00
690 14.20 2.06 0.00
691 7.15 1.30 0.00
692 18.65 6.19 0.00
693 13.25 5.32 0.00
694 8.28 1.11 0.00
695 20.22 7.22 0.00
696 9.29 1.48 0.00
697 13.82 2.12 0.00
698 6.17 1.53 0.00
699 3.64 0.64 0.00
700 10.54 2.80 0.00
701 6.29 1.63 0.00
702 5.98 1.39 0.00
703 4.90 1.20 0.00
704 13.36 2.90 0.00
705 15.70 2.73 0.00
706 17.55 2.27 0.00
707 5.56 1.30 0.00
708 13.72 5.69 0.00
709 3.98 0.85 0.00
710 10.63 2.29 0.00
711 13.54 5.86 0.00
712 31.36 12.11 0.00
713 15.71 6.16 0.00
714 2.66 0.64 0.00
715 7.60 2.05 0.00
716 9.52 1.34 0.00
717 13.02 1.85 0.00
718 15.59 3.47 0.00
719 6.46 1.74 0.00
720 20.15 3.81 0.00
721 5.79 1.66 0.00
722 9.92 1.64 0.00
723 4.35 1.02 0.00
724 3.81 0.85 0.00
725 6.99 1.58 0.00
726 10.09 1.41 0.00
727 31.16 11.17 0.00
728 20.05 6.28 0.00
729 12.89 1.31 0.00
730 8.89 2.37 0.00
731 5.90 1.09 0.00
732 14.25 1.74 0.00
733 5.73 1.30 0.00
734 3.70 0.64 0.00
735 16.84 3.19 0.00
736 10.22 1.62 0.00
737 9.51 1.62 0.00
738 11.13 2.25 0.00
739 7.39 1.84 0.00
740 15.81 2.36 0.00
741 15.79 2.38 0.00
742 14.36 1.85 0.00
743 4.91 0.96 0.00
744 4.21 0.64 0.00
745 13.52 2.57 0.00
746 16.55 2.29 0.00
747 9.07 1.13 0.00
748 11.71 2.03 0.00
749 4.87 1.24 0.00
750 14.66 2.23 0.00
751 7.98 1.76 0.00
752 15.08 2.14 0.00
753 19.54 2.09 0.00
754 4.05 0.75 0.00
755 10.52 1.73 0.00
756 13.66 1.80 0.00
757 8.80 1.59 0.00
758 5.36 0.81 0.00
759 8.13 0.70 0.00
760 6.08 1.66 0.00
761 9.13 1.41 0.00
762 8.18 1.74 0.00
763 4.53 1.03 0.00
764 7.41 0.70 0.00
765 14.89 2.03 0.00
766 6.60 1.51 0.00
767 5.37 1.28 0.00
768 5.39 0.92 0.00
769 3.12 0.75 0.00
770 5.23 1.37 0.00
771 8.63 1.17 0.00
772 9.42 1.95 0.00
773 4.29 0.98 0.00
774 2.93 0.53 0.00
775 10.27 1.50 0.00
776 7.41 1.48 0.00
777 10.64 2.26 0.00
778 5.21 1.27 0.00
779 3.71 0.60 0.00
780 14.25 1.99 0.00
781 10.43 1.83 0.00
782 13.53 2.35 0.00
783 72.02 90.73 0.00
784 17.85 12.43 0.00
785 9.79 2.05 0.00
786 7.16 1.29 0.00
787 3.52 0.72 0.00
788 4.35 1.41 0.00
789 8.27 1.30 0.00
790 11.35 6.81 0.00
791 4.21 0.91 0.00
792 12.90 1.35 0.00
793 5.42 1.11 0.00
794 5.73 1.05 0.00
795 18.77 2.05 0.00
796 12.09 1.97 0.00
797 11.08 2.01 0.00
798 5.28 1.40 0.00
799 6.26 1.20 0.00
800 14.20 5.92 0.00
801 7.66 0.83 0.00
802 11.90 1.72 0.00
803 4.14 1.05 0.00
804 16.68 6.76 0.00
805 7.88 1.71 0.00
806 13.68 1.08 0.00
807 8.43 0.83 0.00
808 6.18 1.20 0.00
809 10.64 1.69 0.00
810 18.13 6.17 0.00
811 5.36 0.73 0.00
812 12.76 1.12 0.00
813 10.38 6.09 0.00
814 6.04 1.49 0.00
815 18.93 6.19 0.00
816 15.50 1.76 0.00
817 16.51 5.43 0.00
818 13.12 5.43 0.00
819 5.95 0.90 0.00
820 13.38 5.94 0.00
821 1.76 0.48 0.00
822 13.31 1.40 0.00
823 2.29 0.43 0.00
824 7.95 1.91 0.00
825 15.12 2.36 0.00
826 17.51 5.65 0.00
827 13.77 1.56 0.00
828 19.44 6.38 0.00
829 6.27 1.69 0.00
830 21.89 2.55 0.00
831 17.65 5.40 0.00
832 17.01 1.45 0.00
833 26.40 16.31 0.00
834 27.00 11.18 0.00
835 10.80 1.70 0.00
836 9.57 0.97 0.00
837 8.26 0.83 0.00
838 20.64 15.30 0.00
839 12.43 2.87 0.00
840 24.00 6.82 0.00
841 4.33 0.66 0.00
842 9.65 0.93 0.00
843 25.67 10.47 0.00
844 10.83 1.43 0.00
845 11.21 1.85 0.00
846 14.86 5.21 0.00
847 13.19 1.12 0.00
848 14.79 5.73 0.00
849 8.74 1.65 0.00
850 15.96 6.25 0.00
851 8.71 1.94 0.00
852 8.07 0.94 0.00
853 8.69 1.95 0.00
854 13.27 2.51 0.00
855 20.02 2.91 0.00
856 7.37 1.50 0.00
857 10.11 1.52 0.00
858 5.40 1.25 0.00
859 12.08 1.57 0.00
860 10.40 2.70 0.00
861 15.99 6.49 0.00
862 33.47 10.60 0.00
863 5.81 1.30 0.00
864 6.80 1.56 0.00
865 11.51 1.66 0.00
866 5.60 1.26 0.00
867 4.19 0.64 0.00
868 15.41 5.53 0.00
869 12.46 1.68 0.00
870 13.31 1.91 0.00
871 17.76 6.85 0.00
872 13.65 1.83 0.00
873 5.83 1.26 0.00
874 15.45 6.20 0.00
875 18.75 6.25 0.00
876 14.26 2.59 0.00
877 33.82 13.19 0.00
878 11.65 2.06 0.00
879 16.39 6.38 0.00
880 4.63 1.22 0.00
881 7.49 1.58 0.00
882 8.05 1.16 0.00
883 15.27 6.24 0.00
884 9.04 1.78 0.00
885 13.58 1.84 0.00
886 5.86 1.48 0.00
887 7.32 0.93 0.00
888 9.81 1.62 0.00
889 16.75 2.70 0.00
890 5.29 1.30 0.00
891 6.04 1.13 0.00
892 8.97 1.42 0.00
893 16.05 6.71 0.00
894 8.42 1.13 0.00
895 11.57 1.91 0.00
896 22.83 7.26 0.00
897 6.47 1.31 0.00
898 14.01 2.87 0.00
899 16.14 5.83 0.00
900 13.38 1.97 0.00
901 6.02 1.74 0.00
902 26.02 6.49 0.00
903 5.82 1.13 0.00
904 14.57 3.98 0.00
905 15.11 2.41 0.00
906 9.85 1.42 0.00
907 8.36 1.33 0.00
908 5.17 1.26 0.00
909 15.17 2.79 0.00
910 10.38 1.81 0.00
911 11.88 2.26 0.00
912 9.34 1.54 0.00
913 4.19 1.03 0.00
914 8.38 1.71 0.00
915 21.32 2.78 0.00
916 13.64 2.03 0.00
917 16.78 1.67 0.00
918 4.78 1.03 0.00
919 11.36 1.75 0.00
920 6.39 1.20 0.00
921 5.18 1.13 0.00
922 9.82 1.22 0.00
923 6.71 1.20 0.00
924 11.44 1.52 0.00
925 8.66 1.51 0.00
926 8.31 1.27 0.00
927 17.40 1.71 0.00
928 9.54 1.36 0.00
929 7.68 1.39 0.00
930 12.73 1.76 0.00
931 9.24 1.39 0.00
932 9.24 1.50 0.00
933 8.67 1.36 0.00
934 10.75 1.24 0.00
935 5.38 1.17 0.00
936 5.55 1.21 0.00
937 16.04 1.60 0.00
938 4.44 1.03 0.00
939 7.13 1.71 0.00
940 8.57 1.32 0.00
941 5.18 1.17 0.00
942 6.70 1.33 0.00
943 87.20 110.83 0.00
944 10.28 3.70 0.00
945 17.13 2.20 0.00
946 9.19 1.21 0.00
947 7.27 0.83 0.00
948 5.11 1.43 0.00
949 7.04 1.82 0.00
950 5.20 1.35 0.00
951 5.67 1.43 0.00
952 14.04 1.48 0.00
953 4.16 0.99 0.00
954 11.18 2.53 0.00
955 8.37 0.92 0.00
956 10.13 1.63 0.00
957 3.87 0.64 0.00
958 6.58 0.72 0.00
959 10.59 2.40 0.00
960 13.26 1.52 0.00
961 28.28 11.51 0.00
962 14.00 1.33 0.00
963 3.98 0.75 0.00
964 8.17 2.06 0.00
965 16.61 1.95 0.00
966 10.32 1.51 0.00
967 22.98 6.27 0.00
968 3.13 1.21 0.00
969 30.04 12.57 0.00
970 6.48 1.49 0.00
971 14.51 5.81 0.00
972 13.31 1.22 0.00
973 2.63 0.53 0.00
974 20.10 6.98 0.00
975 18.41 2.26 0.00
976 9.45 1.36 0.00
977 6.73 0.72 0.00
978 7.07 1.55 0.00
979 8.75 2.20 0.00
980 13.82 5.62 0.00
981 11.48 1.73 0.00
982 17.68 1.43 0.00
983 15.93 5.17 0.00
984 7.69 1.91 0.00
985 8.57 1.28 0.00
986 14.33 9.83 0.00
987 10.25 3.26 0.00
988 9.48 1.41 0.00
989 7.49 1.73 0.00
990 24.50 6.43 0.00
991 4.97 1.26 0.00
992 22.85 5.90 0.00
993 4.89 1.03 0.00
994 19.58 7.13 0.00
995 12.16 2.46 0.00
996 4.91 1.23 0.00
997 21.42 6.21 0.00
998 15.56 5.63 0.00
999 18.69 2.55 0.00
1000 19.57 2.96 0.00
1001 45.74 40.70 0.00
1002 21.91 6.04 0.00
1003 6.05 1.24 0.00
1004 6.42 1.18 0.00
1005 13.10 1.97 0.00
1006 15.27 2.01 0.00
1007 15.31 6.42 0.00
1008 5.38 1.33 0.00
1009 9.39 2.35 0.00
1010 3.83 1.22 0.00
1011 5.17 1.15 0.00
1012 15.55 2.38 0.00
1013 4.89 1.02 0.00
1014 13.48 3.57 0.00
1015 9.62 1.74 0.00
1016 9.82 1.27 0.00
1017 22.86 10.15 0.00
1018 10.53 1.67 0.00
1019 6.85 1.18 0.00
1020 13.22 1.71 0.00
1021 5.93 1.37 0.00
1022 7.45 0.83 0.00
1023 29.65 11.26 0.00
1024 8.80 1.89 0.00
1025 10.29 1.47 0.00
1026 13.77 2.98 0.00
1027 13.49 9.26 0.00
1028 8.56 4.25 0.00
1029 10.05 2.89 0.00
1030 5.58 1.30 0.00
1031 7.06 1.35 0.00
1032 26.02 7.64 0.00
1033 6.33 1.30 0.00
1034 21.22 5.31 0.00
1035 21.58 13.38 0.00
1036 36.72 19.70 0.00
1037 8.35 1.11 0.00
1038 5.48 1.37 0.00
1039 9.79 1.97 0.00
1040 6.20 1.64 0.00
1041 15.01 6.16 0.00
1042 19.60 11.69 0.00
1043 4.83 1.09 0.00
1044 29.70 17.78 0.00
1045 15.11 3.31 0.00
1046 8.74 1.38 0.00
1047 16.52 5.64 0.00
1048 10.57 1.40 0.00
1049 9.26 2.65 0.00
1050 15.71 6.13 0.00
1051 18.61 6.16 0.00
1052 24.50 6.04 0.00
1053 5.16 1.13 0.00
1054 7.86 1.92 0.00
1055 13.08 1.60 0.00
1056 12.99 1.75 0.00
1057 7.91 1.14 0.00
1058 9.00 2.25 0.00
1059 8.31 2.31 0.00
1060 5.38 1.37 0.00
1061 8.02 1.21 0.00
1062 9.92 0.91 0.00
1063 5.83 1.24 0.00
1064 6.66 1.65 0.00
1065 18.13 2.32 0.00
1066 5.84 1.45 0.00
1067 17.75 1.89 0.00
1068 9.45 1.28 0.00
1069 19.85 3.92 0.00
1070 3.83 0.81 0.00
1071 6.51 1.22 0.00
1072 19.67 2.88 0.00
1073 9.00 1.19 0.00
1074 11.79 1.66 0.00
1075 13.56 2.01 0.00
1076 8.23 1.38 0.00
1077 9.16 1.27 0.00
1078 6.85 1.15 0.00
1079 6.98 1.43 0.00
1080 12.63 1.73 0.00
1081 7.54 1.41 0.00
1082 7.35 0.83 0.00
1083 5.40 0.96 0.00
1084 12.44 1.98 0.00
1085 6.76 1.13 0.00
1086 12.37 1.82 0.00
1087 7.04 1.25 0.00
1088 18.19 1.88 0.00
1089 11.33 1.94 0.00
1090 6.80 1.34 0.00
1091 4.71 0.83 0.00
1092 8.42 1.22 0.00
1093 6.89 1.34 0.00
1094 6.47 1.48 0.00
1095 14.71 1.88 0.00
1096 8.30 1.80 0.00
1097 4.32 0.83 0.00
1098 4.68 1.03 0.00
1099 9.49 2.03 0.00
1100 8.23 1.28 0.00
1101 4.49 1.05 0.00
1102 11.27 1.54 0.00
1103 89.79 107.53 0.00
1104 7.10 2.74 0.00
1105 7.10 1.43 0.00
1106 12.53 1.46 0.00
1107 7.10 0.72 0.00
1108 7.02 1.47 0.00
1109 5.86 1.51 0.00
1110 12.60 1.52 0.00
1111 6.81 1.37 0.00
1112 12.09 1.12 0.00
1113 7.29 1.13 0.00
1114 8.64 1.58 0.00
1115 10.44 1.70 0.00
1116 9.98 1.42 0.00
1117 21.62 7.24 0.00
1118 13.30 5.49 0.00
1119 15.41 6.05 0.00
1120 7.02 1.43 0.00
1121 3.45 0.88 0.00
1122 12.28 1.22 0.00
1123 5.87 1.15 0.00
1124 6.55 1.52 0.00
1125 16.94 2.13 0.00
1126 13.27 2.00 0.00
1127 7.90 0.83 0.00
1128 16.96 7.67 0.00
1129 7.37 1.58 0.00
1130 19.84 9.77 0.00
1131 5.41 1.05 0.00
1132 12.18 1.12 0.00
1133 20.05 6.03 0.00
1134 4.15 0.66 0.00
1135 12.54 2.01 0.00
1136 15.71 6.38 0.00
1137 21.04 6.08 0.00
1138 11.51 1.75 0.00
1139 5.59 0.99 0.00
1140 19.97 6.86 0.00
1141 15.11 6.55 0.00
1142 13.77 1.27 0.00
1143 10.28 1.12 0.00
1144 17.84 9.79 0.00
1145 8.21 2.44 0.00
1146 28.92 6.61 0.00
1147 17.00 2.08 0.00
1148 5.20 0.88 0.00
1149 17.06 13.27 0.00
1150 6.85 1.72 0.00
1151 5.59 0.62 0.00
1152 20.85 6.27 0.00
1153 22.21 7.53 0.00
1154 4.77 1.45 0.00
1155 18.00 2.16 0.00
1156 22.56 6.30 0.00
1157 12.49 1.16 0.00
1158 15.06 6.05 0.00
1159 8.72 1.15 0.00
1160 5.69 1.24 0.00
1161 4.81 6.16 0.00
1162 25.74 6.64 0.00
1163 10.30 1.55 0.00
1164 6.83 1.82 0.00
1165 21.51 6.14 0.00
1166 5.86 1.32 0.00
1167 8.14 1.07 0.00
1168 7.27 1.41 0.00
1169 14.27 2.86 0.00
1170 24.99 6.97 0.00
1171 11.85 2.85 0.00
1172 9.70 1.83 0.00
1173 13.00 2.00 0.00
1174 16.34 5.93 0.00
1175 5.12 1.29 0.00
1176 5.00 0.75 0.00
1177 14.43 1.75 0.00
1178 4.32 0.96 0.00
1179 14.78 5.69 0.00
1180 10.78 2.97 0.00
1181 3.76 0.94 0.00
1182 27.67 6.61 0.00
1183 16.12 6.03 0.00
1184 6.44 1.70 0.00
1185 18.90 2.40 0.00
1186 10.35 1.61 0.00
1187 16.09 5.59 0.00
1188 10.46 1.27 0.00
1189 9.91 2.49 0.00
1190 11.46 6.43 0.00
1191 7.91 1.78 0.00
1192 13.32 1.54 0.00
1193 15.95 6.12 0.00
1194 24.49 11.13 0.00
1195 12.64 1.98 0.00
1196 17.74 6.27 0.00
1197 6.75 0.93 0.00
1198 7.00 1.41 0.00
1199 22.57 10.11 0.00
1200 13.29 2.06 0.00
1201 14.78 6.17 0.00
1202 10.32 1.01 0.00
1203 7.10 1.51 0.00
1204 8.54 1.96 0.00
1205 8.14 1.96 0.00
1206 14.79 2.22 0.00
1207 11.94 2.03 0.00
1208 18.33 7.11 0.00
1209 7.31 1.65 0.00
1210 6.92 1.73 0.00
1211 5.63 0.92 0.00
1212 11.62 1.22 0.00
1213 6.80 1.04 0.00
1214 5.36 1.11 0.00
1215 13.89 2.12 0.00
1216 19.53 6.51 0.00
1217 17.36 1.98 0.00
1218 15.17 2.28 0.00
1219 12.66 2.17 0.00
1220 6.69 1.96 0.00
1221 7.66 2.04 0.00
1222 17.93 2.72 0.00
1223 6.29 1.61 0.00
1224 4.63 1.22 0.00
1225 12.14 2.05 0.00
1226 11.47 1.61 0.00
1227 7.15 0.93 0.00
1228 9.35 1.29 0.00
1229 21.84 2.94 0.00
1230 18.86 2.19 0.00
1231 6.22 1.51 0.00
1232 7.97 1.12 0.00
1233 15.51 1.31 0.00
1234 12.54 2.43 0.00
1235 10.86 1.56 0.00
1236 8.61 1.50 0.00
1237 9.04 1.25 0.00
1238 2.89 0.53 0.00
1239 7.39 1.52 0.00
1240 7.14 1.74 0.00
1241 3.52 1.05 0.00
1242 8.68 1.12 0.00
1243 9.22 1.19 0.00
1244 10.94 1.94 0.00
1245 23.53 2.80 0.00
1246 12.88 2.08 0.00
1247 15.97 1.50 0.00
1248 89.34 111.63 0.00
1249 8.48 2.12 0.00
1250 5.25 1.39 0.00
1251 5.18 1.05 0.00
1252 13.81 1.54 0.00
1253 3.91 0.53 0.00
1254 5.73 1.33 0.00
1255 11.46 3.16 0.00
1256 14.36 1.76 0.00
1257 8.00 0.93 0.00
1258 7.12 1.46 0.00
1259 7.93 1.55 0.00
1260 16.24 2.64 0.00
1261 7.79 1.43 0.00
1262 12.99 1.01 0.00
1263 12.17 5.39 0.00
1264 15.45 6.09 0.00
1265 14.01 1.89 0.00
1266 15.06 1.48 0.00
1267 14.86 1.75 0.00
1268 4.22 0.43 0.00
1269 6.24 0.87 0.00
1270 31.77 13.34 0.00
1271 5.31 1.68 0.00
1272 12.72 1.01 0.00
1273 13.17 5.09 0.00
1274 6.31 1.13 0.00
1275 21.30 2.83 0.00
1276 10.45 1.53 0.00
1277 16.21 5.36 0.00
1278 11.34 5.08 0.00
1279 24.48 6.57 0.00
1280 8.10 2.08 0.00
1281 13.23 5.79 0.00
1282 15.50 2.03 0.00
1283 12.57 4.91 0.00
1284 4.72 1.05 0.00
1285 17.87 3.75 0.00
1286 26.35 6.93 0.00
1287 8.10 0.94 0.00
1288 9.74 1.29 0.00
1289 7.40 1.15 0.00
1290 19.14 2.52 0.00
1291 9.46 2.08 0.00
1292 43.42 35.97 0.00
1293 6.47 2.10 0.00
1294 26.02 10.63 0.00
1295 10.03 1.63 0.00
1296 31.46 11.27 0.00
1297 10.14 1.25 0.00
1298 13.77 1.16 0.00
1299 24.50 10.61 0.00
1300 7.99 2.12 0.00
1301 15.08 6.39 0.00
1302 12.55 1.71 0.00
1303 15.24 5.56 0.00
1304 6.61 1.70 0.00
1305 14.27 2.14 0.00
1306 14.73 6.72 0.00
1307 12.43 1.98 0.00
1308 3.85 0.64 0.00
1309 13.40 2.62 0.00
1310 5.45 1.62 0.00
1311 14.12 3.69 0.00
1312 12.84 2.24 0.00
1313 7.93 1.31 0.00
1314 6.48 1.15 0.00
1315 13.02 2.53 0.00
1316 9.01 2.35 0.00
1317 13.92 2.92 0.00
1318 10.20 1.75 0.00
1319 8.10 2.02 0.00
1320 27.61 7.98 0.00
1321 18.58 4.88 0.00
1322 15.60 1.98 0.00
1323 8.55 2.14 0.00
1324 7.17 1.95 0.00
1325 15.10 6.01 0.00
1326 11.59 1.73 0.00
1327 10.43 1.74 0.00
1328 2.74 0.53 0.00
1329 14.88 5.97 0.00
1330 11.48 2.09 0.00
1331 15.99 6.07 0.00
1332 13.20 1.39 0.00
1333 4.66 0.96 0.00
1334 13.44 5.14 0.00
1335 18.24 3.02 0.00
1336 13.89 2.45 0.00
1337 8.68 1.08 0.00
1338 3.02 0.77 0.00
1339 6.19 1.44 0.00
1340 8.42 2.19 0.00
1341 6.68 1.63 0.00
1342 14.45 1.54 0.00
1343 18.40 5.46 0.00
1344 3.21 0.80 0.00
1345 15.10 2.79 0.00
1346 15.61 5.52 0.00
1347 6.43 0.72 0.00
1348 12.75 4.84 0.00
1349 5.27 1.15 0.00
1350 16.02 2.51 0.00
1351 17.24 6.47 0.00
1352 11.20 1.12 0.00
1353 8.43 0.87 0.00
1354 13.50 5.67 0.00
1355 25.04 7.06 0.00
1356 21.69 2.92 0.00
1357 9.82 1.36 0.00
1358 20.41 6.44 0.00
1359 7.63 0.70 0.00
1360 23.60 3.72 0.00
1361 5.46 1.59 0.00
1362 6.28 0.93 0.00
1363 9.90 1.29 0.00
1364 2.03 0.53 0.00
1365 26.03 3.30 0.00
1366 14.98 3.22 0.00
1367 7.01 1.83 0.00
1368 6.22 1.61 0.00
1369 14.64 1.63 0.00
1370 8.62 2.19 0.00
1371 9.61 2.73 0.00
1372 15.27 2.54 0.00
1373 1.88 0.43 0.00
1374 3.44 0.64 0.00
1375 12.49 3.10 0.00
1376 9.62 1.53 0.00
1377 4.87 0.83 0.00
1378 4.57 0.96 0.00
1379 2.59 0.53 0.00
1380 16.17 2.49 0.00
1381 8.12 1.75 0.00
1382 10.34 1.08 0.00
1383 8.35 1.01 0.00
1384 4.43 0.96 0.00
1385 20.04 2.99 0.00
1386 10.72 1.86 0.00
1387 6.60 1.25 0.00
1388 3.66 0.53 0.00
1389 4.14 0.74 0.00
1390 14.68 2.82 0.00
1391 7.39 1.33 0.00
1392 9.63 1.22 0.00
1393 5.57 0.96 0.00
1394 8.06 0.70 0.00
1395 22.03 3.21 0.00
1396 96.63 112.52 0.00
1397 7.68 1.72 0.00
1398 2.83 0.53 0.00
1399 5.43 0.96 0.00
1400 7.53 2.19 0.00
1401 7.07 1.56 0.00
1402 15.33 1.44 0.00
1403 2.92 0.32 0.00
1404 3.55 0.64 0.00
1405 14.57 2.60 0.00
1406 10.81 1.75 0.00
1407 7.25 0.93 0.00
1408 5.46 0.96 0.00
1409 4.15 1.03 0.00
1410 15.33 2.42 0.00
1411 8.44 1.82 0.00
1412 11.54 1.12 0.00
1413 3.69 0.64 0.00
1414 4.21 0.96 0.00
1415 11.48 1.83 0.00
1416 12.43 1.86 0.00
1417 8.94 1.14 0.00
1418 2.77 0.53 0.00
1419 4.65 0.74 0.00
1420 9.26 2.61 0.00
1421 5.69 1.59 0.00
1422 11.88 1.12 0.00
1423 3.73 0.95 0.00
1424 3.23 0.32 0.00
1425 19.78 2.59 0.00
1426 12.96 2.20 0.00
1427 8.87 1.41 0.00
1428 19.00 6.06 0.00
1429 3.93 0.75 0.00
1430 7.36 1.67 0.00
1431 6.09 1.29 0.00
1432 22.46 5.99 0.00
1433 2.14 0.32 0.00
1434 1.96 0.43 0.00
1435 12.36 1.92 0.00
1436 11.47 2.11 0.00
1437 14.81 5.27 0.00
1438 3.91 0.96 0.00
1439 10.58 4.92 0.00
1440 22.81 6.85 0.00
1441 23.29 10.71 0.00
1442 12.40 1.18 0.00
1443 11.40 4.87 0.00
1444 9.86 1.19 0.00
1445 9.72 1.05 0.00
1446 17.62 6.84 0.00
1447 29.84 9.94 0.00
1448 13.67 5.45 0.00
1449 2.67 1.21 0.00
1450 8.70 4.24 0.00
1451 28.77 7.20 0.00
1452 12.33 1.22 0.00
1453 5.02 0.96 0.00
1454 12.81 10.16 0.00
1455 24.32 6.59 0.00
1456 17.75 2.30 0.00
1457 23.49 6.05 0.00
1458 15.37 1.97 0.00
1459 8.63 2.04 0.00
1460 15.65 6.34 0.00
1461 7.59 2.15 0.00
1462 24.48 6.25 0.00
1463 11.79 1.50 0.00
1464 15.29 6.09 0.00
1465 10.31 2.43 0.00
1466 13.94 2.15 0.00
1467 26.93 19.36 0.00
1468 5.35 0.96 0.00
1469 5.98 0.92 0.00
1470 14.65 2.31 0.00
1471 23.81 7.41 0.00
1472 6.98 0.83 0.00
1473 17.68 6.82 0.00
1474 11.04 2.71 0.00
1475 12.08 2.25 0.00
1476 16.20 2.65 0.00
1477 22.69 7.39 0.00
1478 2.86 0.57 0.00
1479 6.33 1.32 0.00
1480 16.88 4.82 0.00
1481 11.21 2.97 0.00
1482 13.02 1.71 0.00
1483 7.66 1.94 0.00
1484 4.41 0.85 0.00
1485 16.28 2.36 0.00
1486 12.20 2.22 0.00
1487 6.12 0.72 0.00
1488 5.36 1.27 0.00
1489 11.34 1.70 0.00
1490 15.23 6.17 0.00
1491 8.76 1.98 0.00
1492 17.25 1.67 0.00
1493 17.64 5.69 0.00
1494 14.75 5.86 0.00
1495 13.46 2.25 0.00
1496 15.95 2.00 0.00
1497 22.69 6.48 0.00
1498 14.86 5.83 0.00
1499 10.24 1.09 0.00
1500 18.53 2.49 0.00
1501 31.58 26.94 0.00
1502 15.85 1.59 0.00
1503 16.96 5.41 0.00
1504 8.25 2.19 0.00
1505 9.43 1.85 0.00
1506 20.54 6.32 0.00
1507 8.30 1.34 0.00
1508 8.99 0.87 0.00
1509 14.48 1.76 0.00
1510 7.59 1.47 0.00
1511 17.31 2.38 0.00
1512 8.24 1.60 0.00
1513 10.17 1.62 0.00
1514 15.25 3.04 0.00
1515 18.43 2.39 0.00
1516 12.57 2.00 0.00
1517 3.96 1.02 0.00
1518 2.90 0.60 0.00
1519 10.78 1.68 0.00
1520 7.69 2.13 0.00
1521 10.00 2.08 0.00
1522 16.40 2.69 0.00
1523 6.35 1.52 0.00
1524 12.12 3.78 0.00
1525 11.27 2.18 0.00
1526 5.91 1.60 0.00
1527 6.03 1.11 0.00
1528 4.58 0.96 0.00
1529 8.80 1.28 0.00
1530 14.73 2.46 0.00
1531 18.16 3.03 0.00
1532 13.84 1.52 0.00
1533 4.15 0.53 0.00
1534 6.48 1.41 0.00
1535 6.69 1.41 0.00
1536 15.30 2.10 0.00
1537 12.78 1.32 0.00
1538 2.25 0.59 0.00
1539 6.23 1.05 0.00
1540 11.98 1.60 0.00
1541 5.07 1.66 0.00
1542 8.75 1.08 0.00
1543 10.09 1.19 0.00
1544 8.95 1.28 0.00
1545 20.66 2.39 0.00
1546 12.78 2.23 0.00
1547 3.77 0.72 0.00
1548 3.75 0.64 0.00
1549 5.56 1.05 0.00
1550 10.60 1.96 0.00
1551 7.31 1.64 0.00
1552 16.24 2.00 0.00
1553 86.17 106.13 0.00
1554 7.41 5.95 0.00
1555 11.91 2.05 0.00
1556 11.36 1.72 0.00
1557 6.54 0.72 0.00
1558 3.69 0.64 0.00
1559 5.26 1.18 0.00
1560 11.84 1.59 0.00
1561 8.10 1.73 0.00
1562 12.24 1.01 0.00
1563 3.37 0.53 0.00
1564 5.66 1.13 0.00
1565 11.60 1.63 0.00
1566 10.77 1.83 0.00
1567 8.69 1.04 0.00
1568 3.61 0.53 0.00
1569 5.01 0.92 0.00
1570 7.38 1.65 0.00
1571 15.68 5.69 0.00
1572 12.53 1.08 0.00
1573 12.62 5.19 0.00
1574 5.29 1.05 0.00
1575 16.50 1.97 0.00
1576 14.10 2.26 0.00
1577 6.67 0.61 0.00
1578 3.06 0.64 0.00
1579 16.05 5.50 0.00
1580 6.24 1.48 0.00
1581 5.64 1.22 0.00
1582 13.14 0.80 0.00
1583 12.06 5.09 0.00
1584 12.63 5.22 0.00
1585 12.54 1.41 0.00
1586 32.18 11.06 0.00
1587 2.86 0.72 0.00
1588 12.40 5.19 0.00
1589 10.03 1.45 0.00
1590 21.86 6.17 0.00
1591 23.71 10.67 0.00
1592 34.28 12.94 0.00
1593 13.04 5.24 0.00
1594 9.24 1.10 0.00
1595 15.69 1.73 0.00
1596 24.69 18.29 0.00
1597 24.23 7.08 0.00
1598 5.19 1.02 0.00
1599 3.49 0.43 0.00
1600 14.90 5.64 0.00
1601 7.72 1.74 0.00
1602 10.31 1.17 0.00
1603 19.31 5.88 0.00
1604 9.17 0.70 0.00
1605 27.52 6.72 0.00
1606 13.34 2.36 0.00
1607 7.34 0.83 0.00
1608 12.72 10.53 0.00
1609 19.87 6.03 0.00
1610 4.40 0.66 0.00
1611 16.08 4.09 0.00
1612 14.60 1.40 0.00
1613 5.39 1.05 0.00
1614 2.50 0.43 0.00
1615 6.04 1.20 0.00
1616 17.95 2.58 0.00
1617 9.09 1.31 0.00
1618 8.78 1.66 0.00
1619 6.50 1.50 0.00
1620 9.49 1.53 0.00
1621 25.92 8.13 0.00
1622 28.59 7.39 0.00
1623 6.83 1.35 0.00
1624 17.94 6.59 0.00
1625 13.82 2.25 0.00
1626 18.38 2.85 0.00
1627 19.08 10.66 0.00
1628 16.80 6.26 0.00
1629 8.33 1.22 0.00
1630 14.20 5.53 0.00
1631 15.14 3.53 0.00
1632 13.67 2.00 0.00
1633 6.01 1.03 0.00
1634 4.36 0.64 0.00
1635 14.41 2.06 0.00
1636 27.27 7.62 0.00
1637 7.66 4.29 0.00
1638 8.77 2.06 0.00
1639 4.27 0.80 0.00
1640 7.19 1.64 0.00
1641 7.45 1.76 0.00
1642 13.51 1.60 0.00
1643 10.11 1.62 0.00
1644 3.14 0.53 0.00
1645 9.73 1.12 0.00
1646 17.96 3.31 0.00
1647 3.93 0.85 0.00
1648 13.43 5.30 0.00
1649 3.69 0.75 0.00
1650 24.89 7.38 0.00
1651 20.80 7.55 0.00
1652 13.42 1.79 0.00
1653 9.14 1.37 0.00
1654 9.56 5.35 0.00
1655 10.97 1.83 0.00
1656 17.46 2.45 0.00
1657 5.94 1.28 0.00
1658 14.53 6.23 0.00
1659 2.63 0.43 0.00
1660 18.01 5.93 0.00
1661 21.31 7.10 0.00
1662 3.41 0.75 0.00
1663 19.55 1.71 0.00
1664 8.74 2.11 0.00
1665 19.24 2.79 0.00
1666 17.42 2.61 0.00
1667 14.31 1.91 0.00
1668 3.95 1.02 0.00
1669 5.88 1.29 0.00
1670 7.50 1.52 0.00
1671 7.61 2.06 0.00
1672 13.00 1.33 0.00
1673 4.40 0.85 0.00
1674 8.17 2.03 0.00
1675 10.32 1.41 0.00
1676 21.94 3.35 0.00
1677 7.81 0.91 0.00
1678 3.64 0.75 0.00
1679 13.19 1.42 0.00
1680 18.97 2.37 0.00
1681 8.46 1.84 0.00
1682 12.09 1.42 0.00
1683 7.51 0.87 0.00
1684 8.76 1.08 0.00
1685 11.97 1.79 0.00
1686 15.42 2.37 0.00
1687 18.54 1.79 0.00
1688 5.69 0.85 0.00
1689 12.57 1.10 0.00
1690 12.59 1.73 0.00
1691 9.75 2.01 0.00
1692 11.05 1.12 0.00
1693 3.65 0.75 0.00
1694 6.18 0.85 0.00
1695 22.75 2.94 0.00
1696 105.34 108.93 0.00
1697 5.28 0.78 0.00
1698 3.98 0.53 0.00
1699 3.49 0.70 0.00
1700 8.22 1.43 0.00
1701 11.10 2.53 0.00
1702 13.83 1.22 0.00
1703 4.65 0.75 0.00
1704 3.11 0.53 0.00
1705 9.21 1.17 0.00
1706 20.01 3.20 0.00
1707 3.78 0.53 0.00
1708 5.73 1.25 0.00
1709 6.50 1.25 0.00
1710 13.38 1.61 0.00
1711 9.87 2.46 0.00
1712 13.64 1.29 0.00
1713 2.80 0.64 0.00
1714 10.28 1.41 0.00
1715 10.08 5.14 0.00
1716 20.52 3.22 0.00
1717 4.85 0.78 0.00
1718 4.25 0.75 0.00
1719 3.67 0.64 0.00
1720 13.76 5.46 0.00
1721 14.60 3.55 0.00
1722 12.31 1.10 0.00
1723 23.27 9.62 0.00
1724 13.97 5.73 0.00
1725 17.74 1.93 0.00
1726 18.61 2.84 0.00
1727 4.93 1.13 0.00
1728 1.68 0.32 0.00
1729 5.45 0.92 0.00
1730 24.01 11.10 0.00
1731 7.79 2.40 0.00
1732 14.27 1.68 0.00
1733 2.81 0.64 0.00
1734 5.00 0.75 0.00
1735 244.50 8.06 0.00
1736 18.36 3.66 0.00
1737 6.50 1.02 0.00
1738 12.99 5.38 0.00
1739 5.97 1.55 0.00
1740 16.13 2.25 0.00
1741 7.89 1.96 0.00
1742 15.09 1.87 0.00
1743 3.70 0.74 0.00
1744 3.72 0.75 0.00
1745 18.31 5.79 0.00
1746 30.76 8.53 0.00
1747 54.75 23.17 0.00
1748 9.74 0.97 0.00
1749 4.24 0.53 0.00
1750 15.58 1.44 0.00
1751 26.54 19.81 0.00
1752 34.43 11.19 0.00
1753 15.13 5.57 0.00
1754 4.37 0.65 0.00
1755 13.57 1.91 0.00
1756 17.38 3.17 0.00
1757 13.21 2.30 0.00
1758 5.22 1.19 0.00
1759 3.75 0.92 0.00
1760 6.02 1.15 0.00
1761 9.96 2.55 0.00
1762 12.52 2.46 0.00
1763 20.54 6.51 0.00
1764 5.18 1.23 0.00
1765 11.99 2.17 0.00
1766 22.82 4.67 0.00
1767 9.06 2.55 0.00
1768 20.71 6.41 0.00
1769 9.74 5.61 0.00
1770 16.80 2.56 0.00
1771 11.14 3.20 0.00
1772 24.18 6.39 0.00
1773 6.15 1.03 0.00
1774 3.88 0.64 0.00
1775 8.42 1.02 0.00
1776 14.22 2.61 0.00
1777 15.95 5.91 0.00
1778 9.38 1.35 0.00
1779 6.32 1.27 0.00
1780 16.01 6.32 0.00
1781 7.07 2.08 0.00
1782 12.32 1.68 0.00
1783 13.49 5.35 0.00
1784 2.56 0.60 0.00
1785 18.19 2.13 0.00
1786 13.57 2.92 0.00
1787 17.53 6.05 0.00
1788 12.63 5.24 0.00
1789 4.05 0.70 0.00
1790 10.60 1.87 0.00
1791 10.24 5.94 0.00
1792 15.31 2.36 0.00
1793 4.70 1.02 0.00
1794 13.22 5.46 0.00
1795 25.53 7.27 0.00
1796 17.97 1.93 0.00
1797 11.58 1.79 0.00
1798 7.14 1.82 0.00
1799 15.87 13.37 0.00
1800 31.17 11.12 0.00
1801 17.34 6.83 0.00
1802 30.35 3.51 0.00
1803 3.40 0.53 0.00
1804 6.52 1.44 0.00
1805 14.56 2.25 0.00
1806 9.95 2.56 0.00
1807 15.22 2.19 0.00
1808 3.12 0.64 0.00
1809 4.91 1.02 0.00
1810 10.34 1.64 0.00
1811 16.96 13.02 0.00
1812 18.96 3.25 0.00
1813 11.56 2.18 0.00
1814 50.24 39.12 0.00
1815 18.99 3.14 0.00
1816 24.41 4.25 0.00
1817 11.83 2.88 0.00
1818 2.92 0.64 0.00
1819 4.53 0.92 0.00
1820 5.84 1.28 0.00
1821 12.84 2.38 0.00
1822 11.28 2.07 0.00
1823 15.48 1.96 0.00
1824 6.89 0.83 0.00
1825 8.89 1.52 0.00
1826 13.81 1.83 0.00
1827 6.45 1.64 0.00
1828 8.75 1.08 0.00
1829 5.92 0.85 0.00
1830 22.47 2.30 0.00
1831 12.01 1.99 0.00
1832 13.26 2.59 0.00
1833 2.59 0.64 0.00
1834 8.50 1.08 0.00
1835 6.97 1.55 0.00
1836 11.54 2.09 0.00
1837 7.52 1.75 0.00
1838 9.03 1.08 0.00
1839 2.56 0.64 0.00
1840 5.60 1.20 0.00
1841 6.38 1.52 0.00
1842 10.36 2.06 0.00
1843 3.99 0.75 0.00
1844 3.52 0.75 0.00
1845 18.25 2.38 0.00
1846 92.91 108.17 0.00
1847 8.47 2.05 0.00
1848 3.60 1.63 0.00
1849 4.04 0.64 0.00
1850 5.38 0.94 0.00
1851 5.33 1.45 0.00
1852 16.13 2.26 0.00
1853 4.15 0.70 0.00
1854 3.00 0.90 0.00
1855 9.87 1.63 0.00
1856 11.39 1.80 0.00
1857 11.16 1.94 0.00
1858 6.08 1.75 0.00
1859 9.58 2.85 0.00
1860 14.82 2.17 0.00
1861 7.95 2.32 0.00
1862 15.46 2.13 0.00
1863 11.44 4.94 0.00
1864 4.41 0.85 0.00
1865 5.13 1.07 0.00
1866 28.06 6.56 0.00
1867 4.47 1.09 0.00
1868 2.73 0.60 0.00
1869 16.32 6.98 0.00
1870 5.17 1.20 0.00
1871 17.60 7.38 0.00
1872 14.53 1.80 0.00
1873 3.88 0.75 0.00
1874 12.11 5.05 0.00
1875 17.25 2.03 0.00
1876 16.30 2.32 0.00
1877 5.29 1.01 0.00
1878 4.07 0.88 0.00
1879 3.92 0.92 0.00
1880 5.67 1.28 0.00
1881 6.07 1.56 0.00
1882 14.35 1.63 0.00
1883 6.41 1.43 0.00
1884 11.04 5.10 0.00
1885 19.07 6.31 0.00
1886 23.16 6.14 0.00
1887 16.20 6.50 0.00
1888 13.97 5.60 0.00
1889 4.77 0.53 0.00
1890 12.23 1.31 0.00
1891 4.89 0.92 0.00
1892 17.30 2.02 0.00
1893 32.18 15.72 0.00
1894 3.77 0.53 0.00
1895 25.12 2.07 0.00
1896 24.48 7.08 0.00
1897 7.45 1.78 0.00
1898 11.26 1.66 0.00
1899 17.71 5.70 0.00
1900 5.68 1.15 0.00
1901 5.13 1.24 0.00
1902 38.15 25.24 0.00
1903 3.98 0.75 0.00
1904 17.98 6.83 0.00
1905 17.75 2.05 0.00
1906 31.29 7.36 0.00
1907 8.20 2.31 0.00
1908 6.22 1.62 0.00
1909 5.82 1.22 0.00
1910 18.11 6.54 0.00
1911 6.00 1.15 0.00
1912 15.59 2.26 0.00
1913 8.34 4.92 0.00
1914 8.97 2.16 0.00
1915 13.73 2.75 0.00
1916 16.19 2.00 0.00
1917 8.74 2.18 0.00
1918 3.44 0.64 0.00
1919 24.86 10.75 0.00
1920 11.54 1.22 0.00
1921 17.14 3.36 0.00
1922 17.41 6.60 0.00
1923 4.14 0.64 0.00
1924 8.83 1.13 0.00
1925 13.44 2.13 0.00
1926 9.88 2.32 0.00
1927 15.51 2.13 0.00
1928 6.97 1.35 0.00
1929 5.80 0.92 0.00
1930 13.01 5.45 0.00
1931 18.96 6.28 0.00
1932 13.78 2.58 0.00
1933 8.58 0.89 0.00
1934 8.54 1.36 0.00
1935 15.93 1.28 0.00
1936 16.86 2.45 0.00
1937 7.47 1.54 0.00
1938 13.00 5.52 0.00
1939 34.60 15.74 0.00
1940 3.48 0.58 0.00
1941 5.73 1.13 0.00
1942 26.34 7.42 0.00
1943 3.50 0.53 0.00
1944 13.70 5.46 0.00
1945 10.33 1.38 0.00
1946 17.86 2.01 0.00
1947 18.41 11.06 0.00
1948 7.26 1.84 0.00
1949 13.07 5.36 0.00
1950 16.85 2.07 0.00
1951 9.05 1.43 0.00
1952 22.16 8.44 0.00
1953 14.54 5.94 0.00
1954 3.34 0.64 0.00
1955 10.68 2.00 0.00
1956 8.95 1.59 0.00
1957 8.78 1.67 0.00
1958 11.06 2.02 0.00
1959 12.36 2.58 0.00
1960 9.55 1.45 0.00
1961 5.01 1.20 0.00
1962 17.64 3.06 0.00
1963 3.37 0.74 0.00
1964 5.17 1.25 0.00
1965 17.89 2.34 0.00
1966 15.04 2.17 0.00
1967 11.57 3.04 0.00
1968 3.10 0.75 0.00
1969 6.53 1.64 0.00
1970 10.96 1.62 0.00
1971 4.62 1.13 0.00
1972 17.20 2.07 0.00
1973 5.51 0.91 0.00
1974 7.04 1.73 0.00
1975 8.85 1.30 0.00
1976 17.58 2.08 0.00
1977 10.94 2.59 0.00
1978 6.60 0.87 0.00
1979 5.27 1.14 0.00
1980 15.39 2.23 0.00
1981 7.90 2.05 0.00
1982 20.93 2.75 0.00
1983 3.76 0.70 0.00
1984 3.43 0.64 0.00
1985 15.28 1.77 0.00
1986 14.19 1.80 0.00
1987 8.06 1.71 0.00
1988 3.49 0.70 0.00
1989 14.53 1.42 0.00
1990 6.42 1.03 0.00
1991 6.24 1.20 0.00
1992 22.87 3.44 0.00
1993 7.49 0.81 0.00
1994 10.04 1.25 0.00
1995 17.48 2.07 0.00
1996 15.25 2.25 0.00
1997 10.00 2.28 0.00
1998 4.10 0.70 0.00
1999 8.32 0.81 0.00
2000 10.31 1.83 0.00
2001 10.45 1.53 0.00
2002 12.38 2.64 0.00
2003 4.43 0.75 0.00
2004 7.79 0.97 0.00
2005 10.33 1.45 0.00
2006 9.12 1.65 0.00
2007 13.72 2.28 0.00
2008 4.51 0.64 0.00
2009 9.28 0.92 0.00
2010 12.97 1.81 0.00
2011 5.59 1.03 0.00
2012 51.60 51.21 0.00
2013 15.98 31.15 0.00
2014 5.05 1.90 0.00
2015 6.87 1.49 0.00
2016 33.46 33.23 0.00
2017 16.91 30.88 0.00
2018 7.25 3.31 0.00
2019 3.74 0.88 0.00
2020 7.24 2.05 0.00
2021 5.23 1.20 0.00
2022 14.84 2.32 0.00
2023 3.70 0.64 0.00
2024 5.43 1.61 0.00
2025 17.38 2.08 0.00
2026 10.13 1.55 0.00
2027 18.30 3.12 0.00
2028 7.82 3.01 0.00
2029 4.33 0.64 0.00
2030 11.74 5.17 0.00
2031 10.50 6.11 0.00
2032 16.70 2.43 0.00
2033 31.05 4.01 0.00
2034 16.49 16.75 0.00
2035 9.04 1.51 0.00
2036 13.80 1.81 0.00
2037 41.09 18.94 0.00
2038 13.08 5.60 0.00
2039 3.83 0.53 0.00
2040 43.07 15.75 0.00
2041 55.00 25.02 0.00
2042 17.33 3.83 0.00
2043 23.85 4.16 0.00
2044 17.23 16.33 0.00
2045 43.05 18.49 0.00
2046 21.96 6.22 0.00
2047 36.42 6.12 0.00
2048 4.54 1.37 0.00
2049 46.46 32.00 0.00
2050 8.40 1.49 0.00
2051 4.53 0.94 0.00
2052 15.58 2.14 0.00
2053 15.72 8.14 0.00
2054 3.76 0.68 0.00
2055 16.56 1.78 0.00
2056 26.17 8.35 0.00
2057 8.05 2.46 0.00
2058 7.31 2.55 0.00
2059 5.30 0.94 0.00
2060 13.31 6.48 0.00
2061 35.13 17.09 0.00
2062 24.56 4.23 0.00
2063 11.52 2.00 0.00
2064 21.76 15.95 0.00
2065 25.75 4.89 0.00
2066 81.02 13.40 0.00
2067 16.57 5.58 0.00
2068 55.32 10.14 0.00
2069 5.98 29.26 0.00
2070 13.67 2.15 0.00
2071 9.90 1.50 0.00
2072 14.25 2.68 0.00
2073 3.92 0.60 0.00
2074 3.81 0.94 0.00
2075 4.94 0.81 0.00
2076 3.54 0.64 0.00
2077 4.48 0.75 0.00
2078 4.91 0.75 0.00
2079 3.40 0.64 0.00
2080 2.80 0.64 0.00
2081 3.77 0.75 0.00
2082 2.78 0.64 0.00
2083 5.31 0.75 0.00
2084 3.96 0.75 0.00
2085 10.76 1.22 0.00
2086 4.81 0.75 0.00
2087 5.42 0.75 0.00
2088 3.16 0.77 0.00
2089 5.10 0.75 0.00
2090 4.22 0.75 0.00
2091 3.22 0.64 0.00
2092 3.40 0.75 0.00
2093 4.99 0.97 0.00
2094 3.33 0.64 0.00
2095 5.09 0.75 0.00
2096 4.08 0.75 0.00
2097 3.19 0.64 0.00
2098 4.54 0.75 0.00
2099 4.42 0.75 0.00
2100 10.99 1.22 0.00
2101 4.66 0.75 0.00
2102 3.72 0.75 0.00
2103 3.48 0.53 0.00
2104 4.51 0.75 0.00
2105 3.97 0.75 0.00
2106 3.04 0.64 0.00
2107 4.47 0.75 0.00
2108 3.87 0.75 0.00
2109 3.22 0.64 0.00
2110 4.13 0.64 0.00
2111 4.43 0.75 0.00
2112 4.23 0.64 0.00
2113 5.55 0.75 0.00
2114 4.33 0.75 0.00
2115 13.45 1.22 0.00
2116 3.97 0.75 0.00
2117 4.17 0.75 0.00
2118 4.10 0.75 0.00
2119 4.95 0.70 0.00
2120 3.76 0.75 0.00
2121 5.52 0.64 0.00
2122 5.41 0.75 0.00
2123 4.71 0.75 0.00
2124 5.71 0.64 0.00
2125 4.07 0.75 0.00
2126 3.32 0.75 0.00
2127 5.09 0.64 0.00
2128 4.71 0.75 0.00
2129 3.94 0.75 0.00
2130 11.21 1.22 0.00
2131 3.31 0.75 0.00
2132 2.96 0.75 0.00
2133 4.04 0.53 0.00
2134 4.05 0.75 0.00
2135 4.52 0.75 0.00
2136 3.03 0.64 0.00
2137 4.58 0.75 0.00
2138 4.91 0.75 0.00
2139 3.38 0.64 0.00
2140 3.13 0.75 0.00
2141 4.95 0.75 0.00
2142 2.40 0.64 0.00
2143 5.84 0.75 0.00
2144 4.29 0.75 0.00
2145 10.87 1.22 0.00
2146 4.33 0.75 0.00
2147 4.37 0.75 0.00
2148 2.97 0.75 0.00
2149 4.38 0.70 0.00
2150 4.33 0.75 0.00
2151 2.70 0.64 0.00
2152 3.63 0.75 0.00
2153 4.40 0.75 0.00
2154 2.56 0.64 0.00
2155 3.55 0.75 0.00
2156 4.10 0.75 0.00
2157 2.77 0.64 0.00
2158 4.11 0.75 0.00
2159 3.38 0.75 0.00
2160 11.47 1.22 0.00
2161 3.77 0.75 0.00
2162 3.07 0.75 0.00
2163 3.85 0.64 0.00
2164 3.85 0.75 0.00
2165 3.75 0.75 0.00
2166 4.51 0.64 0.00
2167 3.44 0.64 0.00
2168 2.99 0.75 0.00
2169 2.75 0.82 0.00
2170 3.65 0.75 0.00
2171 3.92 0.75 0.00
2172 3.08 0.64 0.00
2173 4.41 0.85 0.00
2174 4.67 0.75 0.00
2175 12.31 1.22 0.00
2176 3.95 0.75 0.00
2177 3.71 0.85 0.00
2178 4.12 0.75 0.00
2179 4.67 0.70 0.00
2180 3.44 0.75 0.00
2181 3.67 0.64 0.00
2182 3.66 0.75 0.00
2183 3.84 0.75 0.00
2184 4.22 0.64 0.00
2185 3.93 0.75 0.00
2186 3.43 0.75 0.00
2187 4.19 0.64 0.00
2188 4.59 0.75 0.00
2189 3.73 0.75 0.00
2190 10.88 1.22 0.00
2191 3.95 0.75 0.00
2192 3.17 0.75 0.00
2193 3.79 0.64 0.00
2194 3.92 0.75 0.00
2195 4.39 0.75 0.00
2196 3.12 0.64 0.00
2197 4.26 0.75 0.00
2198 4.65 0.75 0.00
2199 4.15 0.64 0.00
2200 2.77 0.75 0.00
2201 3.55 0.75 0.00
2202 4.12 0.64 0.00
2203 3.74 0.75 0.00
2204 4.08 0.75 0.00
2205 12.02 1.22 0.00
2206 3.55 0.75 0.00
2207 4.47 0.75 0.00
2208 2.61 0.53 0.00
2209 3.77 0.81 0.00
2210 4.29 0.75 0.00
2211 4.29 3.11 0.00
2212 3.45 1.88 0.00
2213 3.66 0.75 0.00
2214 2.88 0.64 0.00
2215 4.11 0.75 0.00
2216 3.21 0.75 0.00
2217 2.66 0.64 0.00
2218 4.66 0.75 0.00
2219 3.07 0.75 0.00
2220 10.75 1.22 0.00
2221 3.78 0.75 0.00
2222 3.26 0.74 0.00
2223 2.36 0.64 0.00
2224 3.88 0.64 0.00
2225 3.32 0.75 0.00
2226 2.66 0.64 0.00
2227 3.74 0.75 0.00
2228 2.99 0.75 0.00
2229 2.45 0.64 0.00
2230 3.66 0.75 0.00
2231 3.47 0.75 0.00
2232 2.34 0.64 0.00
2233 4.54 0.75 0.00
2234 3.66 0.75 0.00
2235 11.29 1.22 0.00
2236 3.55 0.75 0.00
2237 3.18 0.75 0.00
2238 4.63 0.64 0.00
2239 3.54 0.81 0.00
2240 3.10 0.75 0.00
2241 5.26 0.64 0.00
2242 3.99 0.75 0.00
2243 3.76 0.75 0.00
2244 4.71 0.64 0.00
2245 3.83 0.75 0.00
2246 3.85 0.75 0.00
2247 3.99 0.64 0.00
2248 3.62 0.75 0.00
2249 3.95 0.75 0.00
2250 12.09 1.22 0.00
2251 3.76 0.75 0.00
2252 3.71 0.75 0.00
2253 3.92 0.64 0.00
2254 3.28 0.75 0.00
2255 4.55 0.75 0.00
2256 3.37 0.64 0.00
2257 4.29 0.75 0.00
2258 5.22 0.75 0.00
2259 3.33 0.64 0.00
2260 3.62 0.75 0.00
2261 3.77 0.75 0.00
2262 3.00 0.64 0.00
2263 3.66 0.75 0.00
2264 4.06 0.75 0.00
2265 10.99 1.22 0.00
2266 3.55 0.75 0.00
2267 3.74 0.75 0.00
2268 2.81 0.64 0.00
2269 3.35 0.81 0.00
2270 4.22 0.75 0.00
2271 3.04 0.64 0.00
2272 3.07 0.75 0.00
2273 3.77 0.75 0.00
2274 2.78 0.64 0.00
2275 3.88 0.75 0.00
2276 4.67 0.75 0.00
2277 2.67 0.74 0.00
2278 3.88 0.75 0.00
2279 4.71 0.53 0.00
2280 10.54 1.22 0.00
2281 4.98 0.85 0.00
2282 4.21 0.75 0.00
2283 2.71 0.64 0.00
2284 4.50 0.75 0.00
2285 3.14 0.85 0.00
2286 3.35 0.53 0.00
2287 4.51 0.75 0.00
2288 3.31 0.75 0.00
2289 2.67 0.64 0.00
2290 3.99 0.75 0.00
2291 4.23 0.75 0.00
2292 3.16 0.64 0.00
2293 3.77 0.75 0.00
2294 4.43 0.75 0.00
2295 11.10 1.22 0.00
2296 3.65 0.75 0.00
2297 3.85 0.75 0.00
2298 3.70 0.64 0.00
2299 3.14 0.81 0.00
2300 3.22 0.75 0.00
2301 2.92 0.64 0.00
2302 3.67 0.75 0.00
2303 4.20 0.75 0.00
2304 3.77 0.64 0.00
2305 3.11 0.75 0.00
2306 3.21 0.75 0.00
2307 3.22 0.64 0.00
2308 3.46 0.75 0.00
2309 3.46 0.75 0.00
2310 11.32 1.22 0.00
2311 3.16 0.75 0.00
2312 3.52 0.75 0.00
2313 3.48 0.64 0.00
2314 3.50 0.75 0.00
2315 4.87 0.75 0.00
2316 2.37 0.64 0.00
2317 3.18 0.64 0.00
2318 6.16 0.75 0.00
2319 2.79 0.64 0.00
2320 3.39 0.75 0.00
2321 4.90 0.75 0.00
2322 2.45 0.64 0.00
2323 3.69 0.75 0.00
2324 4.04 0.75 0.00
2325 10.32 1.22 0.00
2326 2.88 0.75 0.00
2327 4.16 0.75 0.00
2328 2.71 0.64 0.00
2329 3.24 0.81 0.00
2330 3.78 0.75 0.00
2331 2.48 0.64 0.00
2332 3.37 0.75 0.00
2333 3.26 0.64 0.00
2334 2.67 0.64 0.00
2335 4.48 0.85 0.00
2336 2.07 0.53 0.00
2337 3.00 0.64 0.00
2338 4.62 0.85 0.00
2339 2.83 0.64 0.00
2340 10.77 1.22 0.00
2341 5.60 0.85 0.00
2342 2.67 0.64 0.00
2343 2.59 0.64 0.00
2344 4.59 0.85 0.00
2345 2.70 0.53 0.00
2346 2.89 0.64 0.00
2347 4.47 0.85 0.00
2348 3.31 0.64 0.00
2349 3.00 0.64 0.00
2350 4.51 0.85 0.00
2351 3.37 0.64 0.00
2352 3.43 0.64 0.00
2353 4.28 0.85 0.00
2354 4.30 0.64 0.00
2355 11.10 1.26 0.00
2356 4.06 0.81 0.00
2357 3.93 0.64 0.00
2358 3.04 0.64 0.00
2359 3.65 0.92 0.00
2360 4.72 0.64 0.00
2361 3.59 0.64 0.00
2362 4.28 0.85 0.00
2363 2.92 0.64 0.00
2364 3.79 0.64 0.00
2365 3.73 0.85 0.00
2366 2.25 0.64 0.00
2367 3.68 0.64 0.00
2368 3.63 0.85 0.00
2369 2.33 0.64 0.00
2370 11.11 1.20 0.00
2371 3.57 0.87 0.00
2372 2.44 0.64 0.00
2373 3.70 0.64 0.00
2374 3.55 0.84 0.00
2375 3.48 0.64 0.00
2376 3.00 0.64 0.00
2377 3.58 0.85 0.00
2378 4.06 0.64 0.00
2379 2.56 0.64 0.00
2380 4.15 0.85 0.00
2381 3.15 0.64 0.00
2382 2.67 0.64 0.00
2383 4.03 0.85 0.00
2384 3.22 0.64 0.00
2385 10.43 1.32 0.00
2386 3.40 0.85 0.00
2387 3.22 0.64 0.00
2388 2.48 0.64 0.00
2389 4.20 1.02 0.00
2390 3.59 0.64 0.00
2391 2.70 0.64 0.00
2392 3.81 0.85 0.00
2393 4.41 0.74 0.00
2394 2.66 0.64 0.00
2395 4.29 0.85 0.00
2396 3.41 0.64 0.00
2397 2.33 0.64 0.00
2398 4.51 0.85 0.00
2399 3.71 0.64 0.00
2400 10.43 1.22 0.00
2401 4.40 0.85 0.00
2402 3.33 0.64 0.00
2403 2.67 0.64 0.00
2404 4.45 0.85 0.00
2405 2.67 0.64 0.00
2406 2.81 0.64 0.00
2407 4.56 0.85 0.00
2408 2.68 0.64 0.00
2409 2.79 0.64 0.00
2410 4.40 0.85 0.00
2411 3.59 0.64 0.00
2412 3.01 0.64 0.00
2413 3.87 0.75 0.00
2414 2.69 0.53 0.00
2415 11.27 1.22 0.00
2416 3.73 0.85 0.00
2417 2.22 0.53 0.00
2418 3.37 0.64 0.00
2419 4.46 1.02 0.00
2420 1.97 0.53 0.00
2421 3.53 0.64 0.00
2422 4.57 0.96 0.00
2423 2.52 0.53 0.00
2424 3.56 0.64 0.00
2425 4.47 0.96 0.00
2426 2.52 0.53 0.00
2427 3.22 0.64 0.00
2428 4.36 0.96 0.00
2429 2.32 0.53 0.00
2430 10.90 1.11 0.00
2431 5.39 0.96 0.00
2432 2.38 0.53 0.00
2433 3.26 0.64 0.00
2434 5.14 0.96 0.00
2435 2.16 0.53 0.00
2436 3.04 0.64 0.00
2437 5.36 0.96 0.00
2438 2.44 0.53 0.00
2439 3.33 0.64 0.00
2440 4.59 0.96 0.00
2441 2.07 0.53 0.00
2442 3.01 0.64 0.00
2443 4.24 0.96 0.00
2444 2.15 0.53 0.00
2445 11.16 1.22 0.00
2446 4.24 0.96 0.00
2447 2.27 0.53 0.00
2448 3.15 0.64 0.00
2449 4.27 1.02 0.00
2450 1.85 0.53 0.00
2451 3.77 0.53 0.00
2452 4.33 0.96 0.00
2453 2.28 0.53 0.00
2454 4.35 0.64 0.00
2455 4.25 0.96 0.00
2456 2.96 0.53 0.00
2457 2.90 0.64 0.00
2458 4.36 0.96 0.00
2459 2.48 0.53 0.00
2460 10.55 1.22 0.00
2461 4.25 0.96 0.00
2462 2.70 0.53 0.00
2463 2.65 0.64 0.00
2464 5.44 0.96 0.00
2465 2.52 0.53 0.00
