0 2.06 2.46 0.00
1 2.07 1.66 0.00
2 1.55 0.30 0.00
3 1.42 0.82 0.00
4 2.13 0.30 0.00
5 5.09 3.53 0.00
6 4.62 2.83 0.00
7 3.00 0.30 0.00
8 2.00 0.30 0.00
9 0.96 0.82 0.00
10 5.84 3.07 0.00
11 2.00 2.07 0.00
12 3.22 4.14 0.00
13 18.86 20.24 0.00
14 89115.50 204.34 0.00
15 6.43 7.80 0.00
16 25.05 4.31 0.00
17 3.95 2.56 0.00
18 2.08 0.82 0.00
19 1.18 0.30 0.00
20 0.65 0.30 0.00
21 2.35 2.46 0.00
22 1.81 0.00 0.00
23 1.30 0.30 0.00
24 2.03 1.15 0.00
25 0.55 0.30 0.00
26 1.64 15.18 0.00
27 1.50 10.33 0.00
28 0.66 0.30 0.00
29 1.89 0.30 0.00
30 1.72 0.14 0.00
31 1.24 2.31 0.00
32 2.93 2.00 0.00
33 0.43 0.37 0.00
34 0.96 0.75 0.00
35 2.67 4.24 0.00
36 1.14 0.82 0.00
37 2.00 2.14 0.00
38 2.49 0.30 0.00
39 2.15 0.82 0.00
40 1.79 0.30 0.00
41 1.41 0.30 0.00
42 1.60 6.63 0.00
43 1.84 0.30 0.00
44 1.75 0.30 0.00
45 1.22 2.39 0.00
46 0.86 0.00 0.00
47 2.52 2.17 0.00
48 0.99 0.85 0.00
49 1.29 0.30 0.00
50 1.75 0.30 0.00
51 1.15 0.30 0.00
52 2.59 6.82 0.00
53 0.55 0.30 0.00
54 0.62 0.30 0.00
55 1.54 0.82 0.00
56 0.85 0.30 0.00
57 1.24 2.13 0.00
58 1.44 0.82 0.00
59 1.07 0.30 0.00
60 16.44 22.18 0.00
61 1.99 11.83 0.00
62 2.10 4.93 0.00
63 1.06 0.44 0.00
64 4.67 2.09 0.00
65 0.66 0.00 0.00
66 0.85 0.30 0.00
67 4.86 2.66 0.00
68 1.31 0.36 0.00
69 1.29 0.30 0.00
70 3.73 0.82 0.00
71 0.85 0.30 0.00
72 1.95 2.07 0.00
73 1.91 0.82 0.00
74 2.24 4.67 0.00
75 1.57 1.87 0.00
76 0.84 0.82 0.00
77 1.60 1.94 0.00
78 1.11 0.30 0.00
79 1.06 0.51 0.00
80 0.67 0.30 0.00
81 1.30 0.30 0.00
82 1.91 2.49 0.00
83 1.33 0.33 0.00
84 1.52 0.30 0.00
85 1.09 0.82 0.00
86 1.18 0.30 0.00
87 2.33 1.94 0.00
88 0.99 0.89 0.00
89 0.85 0.30 0.00
90 1.57 1.87 0.00
91 1.39 0.82 0.00
92 1.95 2.00 0.00
93 0.77 0.37 0.00
94 0.74 0.51 0.00
95 1.22 0.00 0.00
96 0.85 0.30 0.00
97 1.53 2.39 0.00
98 1.81 0.00 0.00
99 0.94 0.30 0.00
100 1.54 0.82 0.00
101 1.18 0.30 0.00
102 1.21 1.78 0.00
103 1.10 0.92 0.00
104 1.40 0.30 0.00
105 1.13 0.45 0.00
106 2.11 2.24 0.00
107 1.71 1.84 0.00
108 1.10 0.40 0.00
109 2.54 0.82 0.00
110 1.88 0.30 0.00
111 1.40 0.30 0.00
112 2.83 0.97 0.00
113 1.10 1.53 0.00
114 0.85 0.30 0.00
115 3.38 17.77 0.00
116 1.30 0.30 0.00
117 1.16 1.94 0.00
118 2.10 0.82 0.00
119 0.96 0.30 0.00
120 1.23 1.87 0.00
121 2.42 0.82 0.00
122 2.40 2.07 0.00
123 1.21 0.30 0.00
124 2.19 0.82 0.00
125 1.06 4.54 0.00
126 0.73 0.00 0.00
127 2.33 2.45 0.00
128 1.00 0.37 0.00
129 1.51 0.30 0.00
130 2.58 0.82 0.00
131 0.85 0.30 0.00
132 2.07 6.17 0.00
133 0.99 0.89 0.00
134 1.77 0.30 0.00
135 2.01 1.87 0.00
136 1.29 0.82 0.00
137 1.27 1.84 0.00
138 1.33 0.40 0.00
139 1.29 0.82 0.00
140 0.99 0.30 0.00
141 2.15 4.54 0.00
142 1.79 2.29 0.00
143 0.77 0.40 0.00
144 1.41 0.30 0.00
145 1.92 0.82 0.00
146 1.19 0.30 0.00
147 1.80 2.11 0.00
148 2.14 0.85 0.00
149 0.74 0.30 0.00
150 8.92 1763.29 0.00
151 20.41 7425.50 0.00
152 18.54 8355.21 0.00
153 21.58 5417.75 0.00
154 5.52 2253.32 0.00
155 6.22 2345.22 0.00
156 18.53 9015.23 0.00
157 21.38 6417.50 0.00
158 11.31 4169.21 0.00
159 18.61 9303.84 0.00
160 19.90 9489.81 0.00
161 8.95 3807.08 0.00
162 1.86 2.20 0.00
163 1.10 0.82 0.00
164 2.19 0.43 0.00
165 1.26 1.94 0.00
166 1.06 0.82 0.00
167 2193.43 19.43 0.00
168 6665.69 13.13 0.00
169 6279.92 13.26 0.00
170 5304.50 11.20 0.00
171 5726.90 15.24 0.00
172 5423.59 13.39 0.00
173 6129.12 11.91 0.00
174 1.41 0.63 0.00
175 4957.84 10.61 0.00
176 8068.57 23.08 0.00
177 11164.37 20.59 0.00
178 4141.99 8.62 0.00
179 1.41 0.31 0.00
180 0.79 0.45 0.00
181 1.70 6.48 0.00
182 1.83 2.24 0.00
183 2.68 0.33 0.00
184 2.40 0.82 0.00
185 1.25 0.30 0.00
186 2.75 0.30 0.00
187 2.40 2.52 0.00
188 0.85 0.37 0.00
189 1.88 0.30 0.00
190 3.95 0.82 0.00
191 1.24 4.54 0.00
192 2.10 5.46 0.00
193 1.69 7.52 0.00
194 1.32 0.30 0.00
195 1.81 6.95 0.00
196 0.96 5.76 0.00
197 0.96 0.30 0.00
198 1.78 2.01 0.00
199 0.96 0.82 0.00
200 1.08 0.30 0.00
201 1.81 1.92 0.00
202 1.90 0.81 0.00
203 1.94 1.94 0.00
204 1.84 0.30 0.00
205 1.21 0.82 0.00
206 1.07 0.30 0.00
207 1.43 0.30 0.00
208 1.32 2.39 0.00
209 1.60 0.30 0.00
210 2.08 1.87 0.00
211 1.58 2.44 0.00
212 2.18 0.30 0.00
213 1.24 1.54 0.00
214 1.19 0.61 0.00
215 2.32 0.30 0.00
216 1.56 0.30 0.00
217 1.89 0.82 0.00
218 2.48 2.01 0.00
219 0.84 0.30 0.00
220 1.21 0.82 0.00
221 2.26 1.92 0.00
222 1.92 0.30 0.00
223 1.26 2.46 0.00
224 1.82 0.30 0.00
225 2.73 1.87 0.00
226 1.07 0.82 0.00
227 1.43 0.30 0.00
228 3.15 2.01 0.00
229 1.40 0.82 0.00
230 1.55 0.30 0.00
231 1.03 1.92 0.00
232 1.77 0.82 0.00
233 1.67 2.01 0.00
234 1.07 0.30 0.00
235 1.98 0.82 0.00
236 0.97 0.30 0.00
237 1.10 0.30 0.00
238 2.27 2.59 0.00
239 0.75 0.30 0.00
240 1.87 1.87 0.00
241 1.69 2.44 0.00
242 0.89 0.30 0.00
243 1.42 1.88 0.00
244 1.94 0.82 0.00
245 1.64 0.30 0.00
246 0.74 0.30 0.00
247 1.21 0.82 0.00
248 1.57 1.94 0.00
249 0.85 0.30 0.00
250 2.24 0.82 0.00
251 1.03 1.92 0.00
252 20.71 14.84 0.00
253 1.48 2.46 0.00
254 1.44 0.30 0.00
255 2.52 3.29 0.00
256 2.01 1.33 0.00
257 205.46 25.80 0.00
258 6441.52 5342.75 0.00
259 6821.58 7877.99 0.00
260 2978.27 1791.60 0.00
261 1805.48 4189.09 0.00
262 3091.81 2895.37 0.00
263 3061.86 2331.47 0.00
264 3981.73 662.64 0.00
265 3776.64 3601.21 0.00
266 3583.98 916.18 0.00
267 2034.28 104.57 0.00
268 1.98 2.84 0.00
269 0.65 0.43 0.00
270 1.41 1.94 0.00
271 1.28 0.95 0.00
272 1.85 0.30 0.00
273 1.39 1.94 0.00
274 1.25 0.88 0.00
275 1.28 0.37 0.00
276 1.48 0.06 0.00
277 1.21 0.82 0.00
278 793.95 7540.42 0.00
279 672.23 3641.94 0.00
280 31.07 2463.73 0.00
281 9.67 2669.19 0.00
282 8.10 1434.42 0.00
283 5.76 1762.21 0.00
284 1695.07 4184.96 0.00
285 3444.32 2237.60 0.00
286 3732.37 2527.04 0.00
287 4223.88 460.28 0.00
288 3031.64 1161.35 0.00
289 1849.11 1586.69 0.00
290 1897.77 1926.48 0.00
291 3303.33 1318.36 0.00
292 6155.67 4356.55 0.00
293 4130.16 3395.20 0.00
294 3968.26 2433.60 0.00
295 2712.95 3504.01 0.00
296 3569.98 2671.39 0.00
297 9031.47 9380.20 0.00
298 2270.08 5903.83 0.00
299 2049.68 1112.08 0.00
300 2778.67 2159.92 0.00
301 2847.81 1875.01 0.00
302 2305.45 4557.24 0.00
303 4465.08 4841.46 0.00
304 2824.87 688.29 0.00
305 4293.82 38.48 0.00
306 203.89 235.55 0.00
307 114.75 535.19 0.00
308 330.59 830.80 0.00
309 3103.61 1636.50 0.00
310 4443.88 1260.68 0.00
311 2775.51 1623.40 0.00
312 5742.74 1969.24 0.00
313 3946.31 4.91 0.00
314 475.85 0.88 0.00
315 2.11 2.13 0.00
316 1.40 0.82 0.00
317 1363.46 3560.81 0.00
318 1839.78 4270.12 0.00
319 1669.99 5413.13 0.00
320 3374.15 1516.99 0.00
321 7522.18 751.61 0.00
322 4428.04 5.46 0.00
323 4781.95 19.97 0.00
324 10237.85 1462.55 0.00
325 8637.71 3981.39 0.00
326 7.37 4505.49 0.00
327 6.29 2597.04 0.00
328 1075.28 358.23 0.00
329 2773.09 5.14 0.00
330 6007.25 8.51 0.00
331 12192.78 29.99 0.00
332 2163.66 5.75 0.00
333 1634.21 5.10 0.00
334 1.41 0.51 0.00
335 0.77 0.30 0.00
336 523.28 12.52 0.00
337 4575.37 7.52 0.00
338 3494.40 6.78 0.00
339 2670.94 15.19 0.00
340 3977.14 8.94 0.00
341 3037.29 8.44 0.00
342 2431.93 6.63 0.00
343 2621.41 14.12 0.00
344 309.97 2.24 0.00
345 907.65 7.49 0.00
346 677.63 5.92 0.00
347 736.98 6.08 0.00
348 740.51 5.62 0.00
349 2030.14 10.81 0.00
350 1925.50 8.68 0.00
351 3932.32 17.60 0.00
352 2753.22 9.03 0.00
353 1657.66 6.58 0.00
354 1063.80 3.08 0.00
355 1602.56 6.69 0.00
356 2187.59 4.06 0.00
357 1485.91 664.49 0.00
358 5.41 1065.12 0.00
359 1733.17 5.25 0.00
360 1492.34 260.22 0.00
361 2673.16 1255.74 0.00
362 340.29 623.22 0.00
363 2243.12 682.33 0.00
364 5389.26 377.04 0.00
365 3566.03 650.49 0.00
366 2691.09 781.82 0.00
367 5623.76 1516.00 0.00
368 6335.07 461.02 0.00
369 1018.72 1804.50 0.00
370 2424.90 3252.74 0.00
371 10350.98 8659.80 0.00
372 8.34 5064.47 0.00
373 11.45 4153.15 0.00
374 1000.62 4877.85 0.00
375 2232.95 8965.08 0.00
376 15.72 9937.21 0.00
377 14.16 7876.77 0.00
378 1.77 0.30 0.00
379 2.71 2.56 0.00
380 3.98 0.40 0.00
381 2169.68 5733.95 0.00
382 6414.37 4249.28 0.00
383 21.87 12038.12 0.00
384 8543.48 6983.64 0.00
385 3355.11 2443.85 0.00
386 6029.39 1139.33 0.00
387 5310.93 1388.76 0.00
388 3116.44 7.38 0.00
389 4098.78 27.58 0.00
390 3910.98 6.74 0.00
391 7444.39 15.92 0.00
392 1.44 0.30 0.00
393 1481.68 4.24 0.00
394 2515.69 11.27 0.00
395 2165.12 4.91 0.00
396 2150.51 4.43 0.00
397 4227.29 8.42 0.00
398 3355.60 1712.46 0.00
399 2846.21 5.32 0.00
400 1410.34 2.03 0.00
401 0.54 0.43 0.00
402 2.14 0.37 0.00
403 2575.96 761.59 0.00
404 2209.75 1203.22 0.00
405 2443.03 1136.12 0.00
406 2183.42 625.67 0.00
407 2112.09 565.84 0.00
408 3454.53 18.07 0.00
409 5091.32 12.75 0.00
410 2511.84 9.77 0.00
411 5102.96 17.60 0.00
412 4307.94 388.99 0.00
413 1972.29 2200.02 0.00
414 2841.52 1950.56 0.00
415 2271.81 1738.06 0.00
416 7103.44 147.20 0.00
417 612.81 10067.95 0.00
418 2045.99 9101.58 0.00
419 797.84 88.08 0.00
420 1.66 3.54 0.00
421 2.07 4.25 0.00
422 3.45 0.30 0.00
423 0.73 0.37 0.00
424 1.28 0.82 0.00
425 1.78 2.01 0.00
426 1.65 0.30 0.00
427 2667.93 97.05 0.00
428 3729.59 4.75 0.00
429 540.13 1.54 0.00
430 2144.26 4.09 0.00
431 1411.02 2.04 0.00
432 405.54 0.82 0.00
433 2.09 0.37 0.00
434 3.28 0.88 0.00
435 2695.15 11.58 0.00
436 2402.30 3.01 0.00
437 1149.82 2.49 0.00
438 1.53 0.30 0.00
439 1.63 0.30 0.00
440 1.95 6.80 0.00
441 2.69 7.47 0.00
442 2.36 0.30 0.00
443 1.60 4.97 0.00
444 1.40 0.30 0.00
445 2.59 2.07 0.00
446 1.50 0.82 0.00
447 1.10 0.30 0.00
448 2.10 0.30 0.00
449 1.73 0.82 0.00
450 2.18 3.77 0.00
451 2.14 3.11 0.00
452 1.21 0.82 0.00
453 1.44 0.30 0.00
454 1.29 0.30 0.00
455 3.00 2.72 0.00
456 1.95 0.30 0.00
457 1.14 0.00 0.00
458 2.58 0.37 0.00
459 1.95 0.75 0.00
460 1.18 2.07 0.00
461 21.81 21.34 0.00
462 16496.36 2722.75 0.00
463 30698.44 9592.63 0.00
464 20823.87 7787.55 0.00
465 10747.62 11707.50 0.00
466 13.21 3723.20 0.00
467 19.31 7862.33 0.00
468 12.41 6594.31 0.00
469 4.61 527.75 0.00
470 2.63 2.65 0.00
471 14.06 2722.74 0.00
472 35.63 24047.21 0.00
473 28.21 20731.20 0.00
474 26.98 18200.67 0.00
475 11.96 6563.54 0.00
476 16.76 7406.34 0.00
477 15.08 9643.36 0.00
478 9.21 5563.33 0.00
479 19.01 5328.86 0.00
480 19.78 8068.57 0.00
481 23.73 10183.68 0.00
482 16.31 6636.59 0.00
483 336.75 5805.60 0.00
484 14446.79 2291.36 0.00
485 11494.73 13726.06 0.00
486 5102.09 3422.65 0.00
487 21614.73 38.43 0.00
488 1.76 0.82 0.00
489 1.32 0.30 0.00
490 1.92 1.60 0.00
491 3.10 9.16 0.00
492 0.77 0.30 0.00
493 2.63 1.86 0.00
494 1.74 0.82 0.00
495 1.93 3.71 0.00
496 2.67 0.30 0.00
497 1.77 0.82 0.00
498 1.54 0.30 0.00
499 1.07 0.30 0.00
500 2.49 2.52 0.00
501 0.81 5.68 0.00
502 5340.02 25.82 0.00
503 7686.05 13.71 0.00
504 2961.90 1168.27 0.00
505 8.85 4967.96 0.00
506 0.96 0.82 0.00
507 745.14 16.36 0.00
508 8050.95 37.10 0.00
509 7582.95 1293.38 0.00
510 7041.71 2970.45 0.00
511 7703.68 102.49 0.00
512 7998.55 6.81 0.00
513 1200.42 2.37 0.00
514 3.51 0.75 0.00
515 2.52 2.84 0.00
516 7220.87 16739.89 0.00
517 10.58 8365.41 0.00
518 23.09 9765.12 0.00
519 23.91 15792.74 0.00
520 17.71 12863.27 0.00
521 11043.35 13227.88 0.00
522 3047.40 14587.78 0.00
523 16820.42 12881.74 0.00
524 1007.17 3376.59 0.00
525 8.51 3093.80 0.00
526 1.62 147.75 0.00
527 1.32 0.51 0.00
528 1.99 0.30 0.00
529 1.29 0.30 0.00
530 1.56 2.65 0.00
531 10.32 1498.58 0.00
532 24.31 8039.20 0.00
533 2.35 17.90 0.00
534 11.55 7630.53 0.00
535 8.33 3809.65 0.00
536 19.97 14801.92 0.00
537 526.45 2962.84 0.00
538 11299.47 18.96 0.00
539 2.02 0.88 0.00
540 1.74 3.64 0.00
541 2.29 656.50 0.00
542 2.85 0.96 0.00
543 1.81 0.38 0.00
544 1.18 0.30 0.00
545 8782.46 8758.41 0.00
546 4454.18 4481.48 0.00
547 1679.90 2532.95 0.00
548 31.17 11938.47 0.00
549 16.67 4823.32 0.00
550 25.75 10444.59 0.00
551 1034.76 10594.17 0.00
552 8493.38 10730.95 0.00
553 11132.74 8292.80 0.00
554 4255.36 4820.27 0.00
555 10827.77 2407.76 0.00
556 11015.12 21.03 0.00
557 7590.04 16.72 0.00
558 9121.59 18.70 0.00
559 3281.27 1176.44 0.00
560 20.31 7002.41 0.00
561 15.82 7033.77 0.00
562 2.70 0.30 0.00
563 1.54 0.82 0.00
564 1.17 0.30 0.00
565 1509.09 5.56 0.00
566 1.91 0.88 0.00
567 26.62 12857.35 0.00
568 7.97 3145.97 0.00
569 10.92 4801.48 0.00
570 32813.30 91.21 0.00
571 2.89 6.97 0.00
572 8.04 2546.28 0.00
573 5.46 2220.49 0.00
574 9.25 3550.09 0.00
575 5.76 1468.32 0.00
576 10.35 2939.79 0.00
577 29.82 13023.70 0.00
578 2.13 104.43 0.00
579 2.29 0.30 0.00
580 1.63 2.20 0.00
581 1.39 0.82 0.00
582 2.20 0.56 0.00
583 501.99 7.93 0.00
584 10693.77 13.06 0.00
585 6.22 1487.97 0.00
586 6.33 4601.82 0.00
587 1.83 0.95 0.00
588 14.92 6145.09 0.00
589 1.70 3.28 0.00
590 2.41 2.71 0.00
591 1.81 5.56 0.00
592 1.43 0.30 0.00
593 1.88 0.82 0.00
594 0.85 0.30 0.00
595 1.39 1.74 0.00
596 2.18 0.85 0.00
597 1.21 0.30 0.00
598 1.10 0.30 0.00
599 1.96 0.82 0.00
600 1.86 3.57 0.00
601 1.32 5.69 0.00
602 2.10 0.82 0.00
603 0.83 0.45 0.00
604 1.51 6.02 0.00
605 2.57 8.44 0.00
606 0.97 0.30 0.00
607 1.10 0.30 0.00
608 1.32 0.82 0.00
609 2.71 0.45 0.00
610 2.54 6.92 0.00
611 2.14 7.07 0.00
612 1.27 0.30 0.00
613 3.01 0.30 0.00
614 21.01 15.52 0.00
615 6725.85 7627.96 0.00
616 9424.24 14368.87 0.00
617 5576.39 14849.88 0.00
618 13.52 8952.12 0.00
619 1705.50 6556.40 0.00
620 7678.17 2356.62 0.00
621 2.23 6.38 0.00
622 2.36 0.30 0.00
623 1.31 0.82 0.00
624 1.59 0.30 0.00
625 2.80 2.05 0.00
626 0.96 0.82 0.00
627 1.41 0.30 0.00
628 1.77 0.30 0.00
629 1.51 0.82 0.00
630 2.66 3.77 0.00
631 1.63 0.30 0.00
632 1.99 0.82 0.00
633 1.60 4.89 0.00
634 8.64 2530.89 0.00
635 5.93 1800.87 0.00
636 4.11 2032.04 0.00
637 1.97 377.70 0.00
638 3.57 988.55 0.00
639 5.13 1332.08 0.00
640 2.22 356.16 0.00
641 5.61 901.89 0.00
642 5.47 2045.24 0.00
643 7.48 2504.62 0.00
644 9462.97 3801.66 0.00
645 15754.22 1359.74 0.00
646 12392.94 34.15 0.00
647 22017.12 36.41 0.00
648 3691.82 6.59 0.00
649 5.30 1410.43 0.00
650 3.21 835.62 0.00
651 2.82 4.90 0.00
652 7.64 1337.23 0.00
653 771.18 4912.65 0.00
654 3656.56 5070.10 0.00
655 3275.08 1109.71 0.00
656 2995.03 2486.25 0.00
657 3441.95 10835.41 0.00
658 25.02 12020.92 0.00
659 23.23 14336.21 0.00
660 11.40 7783.19 0.00
661 15.92 8343.01 0.00
662 13.67 7372.68 0.00
663 9.04 3958.60 0.00
664 4.87 2930.66 0.00
665 13.25 6289.39 0.00
666 16.08 3851.38 0.00
667 18.61 3750.49 0.00
668 10.95 3554.37 0.00
669 18.24 5897.37 0.00
670 14.08 4684.18 0.00
671 9.67 4490.52 0.00
672 8.69 5072.03 0.00
673 11.16 4269.62 0.00
674 12.98 5020.38 0.00
675 12.82 4299.26 0.00
676 11.01 5234.15 0.00
677 27.05 13000.27 0.00
678 19.51 10624.50 0.00
679 17944.87 7257.34 0.00
680 336.31 5293.19 0.00
681 12314.99 21.53 0.00
682 8300.38 5081.83 0.00
683 5209.97 1879.12 0.00
684 1995.60 2239.32 0.00
685 2250.12 3222.58 0.00
686 2383.84 683.67 0.00
687 3340.87 1367.00 0.00
688 3933.58 1373.71 0.00
689 4780.92 3108.66 0.00
690 2028.31 3851.45 0.00
691 1409.18 1.53 0.00
692 2.64 1.08 0.00
693 1.81 0.30 0.00
694 2.37 0.33 0.00
695 1.68 2.65 0.00
696 9244.54 8263.06 0.00
697 5681.75 10639.43 0.00
698 11.44 7057.58 0.00
699 2.24 47.36 0.00
700 2.22 2.34 0.00
701 4.30 219.30 0.00
702 3.64 248.05 0.00
703 0.89 0.30 0.00
704 4854.00 5747.26 0.00
705 1226.35 288.09 0.00
706 4.44 1.72 0.00
707 1.77 0.82 0.00
708 1.40 0.43 0.00
709 1.18 0.30 0.00
710 10627.48 13779.32 0.00
711 1913.95 4608.56 0.00
712 2.80 0.63 0.00
713 1036.79 3.33 0.00
714 446.34 0.95 0.00
715 2.87 2.20 0.00
716 14.28 2466.01 0.00
717 27.55 13722.83 0.00
718 3470.01 7329.49 0.00
719 11.74 7752.68 0.00
720 10.31 5907.76 0.00
721 1.09 0.43 0.00
722 2.13 0.88 0.00
723 189.73 253.10 0.00
724 1.30 0.30 0.00
725 1.89 2.22 0.00
726 11.56 4666.93 0.00
727 34.57 19455.37 0.00
728 31.70 18879.65 0.00
729 23.83 12335.51 0.00
730 9.76 1904.67 0.00
731 2.47 4.73 0.00
732 2.37 0.30 0.00
733 1.44 0.30 0.00
734 1.78 0.96 0.00
735 1.33 3.41 0.00
736 1.75 0.33 0.00
737 1.31 0.82 0.00
738 10.41 2225.37 0.00
739 9.06 4334.46 0.00
740 5.97 1319.74 0.00
741 6.52 3763.20 0.00
742 2.63 28.28 0.00
743 2.10 0.82 0.00
744 1.62 0.30 0.00
745 2.73 2.07 0.00
746 1.98 10.25 0.00
747 1.10 0.30 0.00
748 2.33 0.30 0.00
749 1.40 0.82 0.00
750 2.08 3.64 0.00
751 1.91 1.92 0.00
752 1.77 0.82 0.00
753 1.88 0.30 0.00
754 2.03 0.30 0.00
755 1.96 2.58 0.00
756 1.84 0.30 0.00
757 1.32 0.30 0.00
758 2.25 0.82 0.00
759 1.74 0.30 0.00
760 1.18 2.07 0.00
761 1.48 2.44 0.00
762 1.11 0.30 0.00
763 0.77 0.30 0.00
764 0.87 0.96 0.00
765 2.77 3.37 0.00
766 0.41 0.30 0.00
767 0.44 0.82 0.00
768 2.49 0.30 0.00
769 0.75 0.30 0.00
770 1.00 2.52 0.00
771 2.52 1.92 0.00
772 0.55 0.30 0.00
773 1.22 0.82 0.00
774 1.42 0.30 0.00
775 1.89 2.01 0.00
776 1.96 0.82 0.00
777 1.22 0.30 0.00
778 1.00 0.30 0.00
779 2.07 0.82 0.00
780 1.62 3.51 0.00
781 2.15 1.62 0.00
782 1.87 0.82 0.00
783 32.05 1928.48 0.00
784 1263.40 1909.22 0.00
785 2533.84 1284.71 0.00
786 2191.90 1470.65 0.00
787 9264.23 4999.40 0.00
788 9524.60 6956.95 0.00
789 8863.45 6069.67 0.00
790 6733.18 10215.74 0.00
791 8922.26 7483.28 0.00
792 11760.30 10919.87 0.00
793 13266.17 11311.11 0.00
794 7321.80 1262.12 0.00
795 1.77 3.30 0.00
796 2.24 0.37 0.00
797 0.88 0.82 0.00
798 5.49 1828.29 0.00
799 5.88 827.26 0.00
800 4.27 1290.83 0.00
801 2.97 1517.90 0.00
802 3.97 1389.06 0.00
803 6.58 1662.35 0.00
804 5.02 2721.86 0.00
805 7.50 2645.19 0.00
806 3.18 57.01 0.00
807 1.09 0.30 0.00
808 2.56 0.30 0.00
809 1.83 24.98 0.00
810 6.10 992.30 0.00
811 5.31 1371.94 0.00
812 7.04 1805.68 0.00
813 8.61 2491.53 0.00
814 6.27 1488.69 0.00
815 9.33 2748.21 0.00
816 6.10 652.39 0.00
817 14.75 7464.46 0.00
818 17.81 8067.67 0.00
819 17.05 3645.31 0.00
820 4.68 598.91 0.00
821 604.00 1480.39 0.00
822 1779.78 584.97 0.00
823 3632.31 273.12 0.00
824 3474.76 1080.36 0.00
825 1704.51 1676.17 0.00
826 1107.25 2532.39 0.00
827 1396.88 1709.56 0.00
828 4145.20 916.60 0.00
829 9808.88 3785.09 0.00
830 5963.55 3476.52 0.00
831 5168.30 3852.47 0.00
832 8.88 2660.83 0.00
833 5911.04 5961.73 0.00
834 16078.82 4726.53 0.00
835 16813.57 3102.45 0.00
836 7616.96 8052.10 0.00
837 16.92 4732.21 0.00
838 3.93 1.08 0.00
839 3.31 1.23 0.00
840 2.71 3.37 0.00
841 2.03 0.30 0.00
842 4.18 0.95 0.00
843 1.62 0.43 0.00
844 16.81 2805.06 0.00
845 16.23 5683.26 0.00
846 1927.65 7344.14 0.00
847 10078.55 6122.68 0.00
848 8807.48 8243.96 0.00
849 9645.95 10661.61 0.00
850 3920.05 7895.54 0.00
851 28.96 12965.64 0.00
852 30.98 12897.42 0.00
853 1532.76 10763.32 0.00
854 14.63 8040.53 0.00
855 18.94 11150.40 0.00
856 14.38 7970.05 0.00
857 1.68 547.72 0.00
858 1.83 0.30 0.00
859 1.95 0.30 0.00
860 12.85 4214.50 0.00
861 16.00 3107.01 0.00
862 8164.76 2590.39 0.00
863 7778.90 2955.88 0.00
864 5087.42 1289.35 0.00
865 262.93 3712.23 0.00
866 3.79 1416.69 0.00
867 2527.64 24.54 0.00
868 10502.41 25.02 0.00
869 12855.02 24.70 0.00
870 2.24 3.56 0.00
871 2.48 0.38 0.00
872 799.70 685.34 0.00
873 539.36 1.08 0.00
874 2.39 0.33 0.00
875 224.55 4.46 0.00
876 3892.79 4240.97 0.00
877 2090.46 8646.41 0.00
878 12.83 3776.92 0.00
879 4596.35 3487.67 0.00
880 4526.34 2796.29 0.00
881 3469.28 1075.80 0.00
882 1837.94 7.03 0.00
883 2542.48 3.42 0.00
884 1423.22 2.12 0.00
885 2.33 3.36 0.00
886 0.96 0.37 0.00
887 937.80 1028.77 0.00
888 9558.71 10697.35 0.00
889 15409.51 14524.06 0.00
890 2559.99 18108.36 0.00
891 20.90 10902.09 0.00
892 8784.25 6969.01 0.00
893 11692.55 1509.79 0.00
894 6.83 2745.37 0.00
895 9437.97 3722.06 0.00
896 9218.51 7144.52 0.00
897 9066.05 4972.60 0.00
898 2633.90 1840.49 0.00
899 7.20 3059.50 0.00
900 6.30 3226.46 0.00
901 3.96 2024.41 0.00
902 6.20 1324.83 0.00
903 1883.37 2724.35 0.00
904 3032.67 3028.83 0.00
905 1169.03 3312.14 0.00
906 7426.83 3148.82 0.00
907 5718.11 1237.02 0.00
908 2916.46 10.33 0.00
909 2155.22 7.59 0.00
910 7.60 2608.66 0.00
911 1.51 23.30 0.00
912 0.66 0.30 0.00
913 1.43 0.30 0.00
914 1.90 0.96 0.00
915 1.86 3.43 0.00
916 2.19 4.44 0.00
917 0.99 0.82 0.00
918 1.21 0.30 0.00
919 1.62 0.30 0.00
920 2.42 2.46 0.00
921 1.67 4.44 0.00
922 2.47 0.00 0.00
923 1.92 0.82 0.00
924 1.41 0.30 0.00
925 2.18 1.53 0.00
926 2.33 1.03 0.00
927 1.60 0.45 0.00
928 2.42 4.36 0.00
929 1.41 0.96 0.00
930 1.46 3.53 0.00
931 1.81 4.22 0.00
932 0.66 0.82 0.00
933 1.83 0.45 0.00
934 0.74 0.00 0.00
935 1.26 7.03 0.00
936 1.36 5.02 0.00
937 0.61 4.97 0.00
938 1.25 0.82 0.00
939 1.41 0.30 0.00
940 0.98 1.88 0.00
941 1.25 2.44 0.00
942 1248.22 1690.80 0.00
943 8069.99 7287.61 0.00
944 8084.37 8329.22 0.00
945 7358.11 9695.48 0.00
946 8019.65 9972.33 0.00
947 8754.46 9934.29 0.00
948 11336.22 14361.05 0.00
949 11813.06 9299.83 0.00
950 13285.83 1725.01 0.00
951 5577.82 11.99 0.00
952 105.74 0.37 0.00
953 2.17 0.51 0.00
954 1.52 0.30 0.00
955 1.22 1.95 0.00
956 1.62 0.87 0.00
957 0.99 0.30 0.00
958 2.36 0.30 0.00
959 1.85 0.96 0.00
960 4.11 361.30 0.00
961 11.85 4527.97 0.00
962 5.65 2993.09 0.00
963 4.86 2417.34 0.00
964 1.40 27.32 0.00
965 3.28 2.32 0.00
966 2.56 0.74 0.00
967 3.53 1014.24 0.00
968 5.19 585.20 0.00
969 12.92 6847.12 0.00
970 16.21 7421.93 0.00
971 18.47 9808.87 0.00
972 15.08 7061.77 0.00
973 7396.77 285.69 0.00
974 6909.28 12.17 0.00
975 1374.49 6.01 0.00
976 711.92 1.33 0.00
977 1.54 0.82 0.00
978 563.72 203.49 0.00
979 5.71 1126.78 0.00
980 7.71 1551.44 0.00
981 9.85 3107.96 0.00
982 9.27 3049.62 0.00
983 4.90 2093.63 0.00
984 9.04 2775.34 0.00
985 4.78 877.51 0.00
986 3574.27 1949.21 0.00
987 7494.99 4587.59 0.00
988 1584.50 579.44 0.00
989 2.52 0.96 0.00
990 10.36 3565.73 0.00
991 1865.39 5673.84 0.00
992 17883.72 1728.92 0.00
993 5270.66 7.33 0.00
994 4915.25 1674.75 0.00
995 5039.71 3105.40 0.00
996 2723.27 2534.06 0.00
997 7183.85 2389.57 0.00
998 8993.53 646.37 0.00
999 6506.52 25.03 0.00
1000 17101.32 39.26 0.00
1001 7137.65 8602.89 0.00
1002 18.51 9693.72 0.00
1003 20.65 9283.43 0.00
1004 44.67 24118.89 0.00
1005 5874.74 9779.83 0.00
1006 8371.53 11343.12 0.00
1007 290.78 1.15 0.00
1008 1.83 0.43 0.00
1009 1.25 0.43 0.00
1010 1.70 2.19 0.00
1011 1.92 0.40 0.00
1012 18.24 6709.59 0.00
1013 1047.69 5926.57 0.00
1014 4568.24 5140.78 0.00
1015 7237.54 1974.37 0.00
1016 5069.55 1826.79 0.00
1017 9670.29 15158.39 0.00
1018 4788.58 16722.16 0.00
1019 2175.87 15329.74 0.00
1020 6.24 3480.14 0.00
1021 4.78 2495.40 0.00
1022 6.40 2517.83 0.00
1023 16.75 9063.32 0.00
1024 13.32 6708.78 0.00
1025 7.08 1183.67 0.00
1026 2.04 0.44 0.00
1027 5.04 0.51 0.00
1028 0.76 0.82 0.00
1029 1.09 0.00 0.00
1030 19.46 7119.56 0.00
1031 2872.98 7583.90 0.00
1032 5669.15 5586.49 0.00
1033 5664.62 5938.05 0.00
1034 6432.62 5202.77 0.00
1035 1786.16 6517.27 0.00
1036 1760.93 3163.63 0.00
1037 1176.66 7659.97 0.00
1038 14.19 10515.74 0.00
1039 2.78 500.84 0.00
1040 1.79 1.94 0.00
1041 11821.26 38.76 0.00
1042 9789.53 3002.12 0.00
1043 7157.29 3508.41 0.00
1044 10045.98 22.91 0.00
1045 7341.41 15.80 0.00
1046 8407.64 19.96 0.00
1047 5819.28 1864.22 0.00
1048 6084.24 3079.63 0.00
1049 1890.01 2373.36 0.00
1050 1160.71 5.38 0.00
1051 1159.23 2.17 0.00
1052 1065.56 2.36 0.00
1053 0.90 0.43 0.00
1054 1.77 0.37 0.00
1055 3014.65 8062.78 0.00
1056 2261.81 23909.60 0.00
1057 5.58 4444.01 0.00
1058 1339.92 3858.26 0.00
1059 3598.09 3796.28 0.00
1060 3812.02 4017.72 0.00
1061 3860.71 2336.33 0.00
1062 3734.52 1636.80 0.00
1063 5304.78 1383.35 0.00
1064 10468.01 976.74 0.00
1065 9140.29 21.55 0.00
1066 2689.04 3.78 0.00
1067 1.65 0.82 0.00
1068 1.17 4.50 0.00
1069 2722.38 7.79 0.00
1070 2.74 2.62 0.00
1071 1.81 4.20 0.00
1072 1.59 1.79 0.00
1073 0.55 0.82 0.00
1074 2.00 0.30 0.00
1075 2.23 2.01 0.00
1076 0.85 0.82 0.00
1077 1.92 0.30 0.00
1078 1.96 0.30 0.00
1079 1.54 0.96 0.00
1080 2.71 3.08 0.00
1081 1.84 0.36 0.00
1082 1.65 0.82 0.00
1083 1.44 0.30 0.00
1084 2.28 0.30 0.00
1085 1.72 2.57 0.00
1086 1.73 0.32 0.00
1087 2.21 0.30 0.00
1088 1.56 4.82 0.00
1089 2.07 4.88 0.00
1090 2.87 2.04 0.00
1091 1.25 4.43 0.00
1092 1.77 0.30 0.00
1093 0.98 0.30 0.00
1094 2.98 0.96 0.00
1095 2.06 3.44 0.00
1096 0.84 0.36 0.00
1097 1.21 0.82 0.00
1098 2.07 0.30 0.00
1099 1.40 0.30 0.00
1100 1.79 6.73 0.00
1101 2.25 3.69 0.00
1102 1567.15 1250.11 0.00
1103 6969.46 4766.16 0.00
1104 4726.37 4057.37 0.00
1105 6799.39 4831.79 0.00
1106 7004.99 8502.04 0.00
1107 10144.89 9264.05 0.00
1108 7673.66 10186.62 0.00
1109 8162.63 11857.16 0.00
1110 9745.34 17353.99 0.00
1111 7053.55 5824.25 0.00
1112 1.86 35.81 0.00
1113 3.04 0.30 0.00
1114 1.40 0.30 0.00
1115 1.54 2.52 0.00
1116 3.11 0.30 0.00
1117 5.62 1267.30 0.00
1118 6.71 1976.65 0.00
1119 7.69 1410.76 0.00
1120 7.08 2203.27 0.00
1121 5.22 1616.15 0.00
1122 7.50 2152.29 0.00
1123 5.53 1495.88 0.00
1124 3.72 547.20 0.00
1125 4.83 220.65 0.00
1126 8.58 1069.07 0.00
1127 6.10 1232.32 0.00
1128 8.31 1559.29 0.00
1129 2.46 503.58 0.00
1130 7.88 831.19 0.00
1131 9.25 2466.42 0.00
1132 6.20 1618.62 0.00
1133 9.41 2128.75 0.00
1134 8.09 2268.82 0.00
1135 13.54 5353.61 0.00
1136 13.83 6232.11 0.00
1137 6783.42 7382.09 0.00
1138 5063.25 4898.72 0.00
1139 2.77 2.57 0.00
1140 15440.92 38.46 0.00
1141 2164.35 2610.64 0.00
1142 647.08 730.68 0.00
1143 1427.03 2803.62 0.00
1144 1897.20 1543.96 0.00
1145 3068.06 2369.66 0.00
1146 4384.94 2944.12 0.00
1147 3218.21 4231.34 0.00
1148 3714.57 2443.13 0.00
1149 1880.96 3034.68 0.00
1150 715.15 3376.73 0.00
1151 806.47 4311.15 0.00
1152 1586.91 1942.83 0.00
1153 1139.87 7807.38 0.00
1154 3980.74 13381.26 0.00
1155 13393.29 14018.96 0.00
1156 11817.59 2669.81 0.00
1157 9339.05 5096.91 0.00
1158 3694.92 3867.30 0.00
1159 2.25 38.84 0.00
1160 1.90 2.08 0.00
1161 5896.48 11901.52 0.00
1162 1052.13 6738.56 0.00
1163 10814.75 9141.61 0.00
1164 13695.02 29.00 0.00
1165 3028.52 5418.01 0.00
1166 7.19 2038.00 0.00
1167 1.10 0.83 0.00
1168 3.14 0.63 0.00
1169 2.63 2.21 0.00
1170 2.51 2.66 0.00
1171 2.80 0.42 0.00
1172 7.54 327.04 0.00
1173 531.49 5201.26 0.00
1174 4816.24 3932.47 0.00
1175 4207.98 5781.33 0.00
1176 1070.96 4997.75 0.00
1177 1824.45 7127.71 0.00
1178 2562.68 6009.74 0.00
1179 2578.14 6382.05 0.00
1180 2700.23 4901.32 0.00
1181 3418.04 8063.68 0.00
1182 7399.01 8726.55 0.00
1183 165.89 0.58 0.00
1184 1.76 0.45 0.00
1185 2.31 3.72 0.00
1186 1.06 0.40 0.00
1187 9.97 3094.38 0.00
1188 28.94 12746.21 0.00
1189 10978.19 6424.43 0.00
1190 1261.50 6624.61 0.00
1191 16.04 7382.81 0.00
1192 1876.95 3672.63 0.00
1193 1233.32 6333.62 0.00
1194 11.68 4968.92 0.00
1195 15.13 5899.24 0.00
1196 15.36 8943.15 0.00
1197 23.96 14801.26 0.00
1198 11.77 6197.14 0.00
1199 8.50 2206.02 0.00
1200 7.45 1907.93 0.00
1201 10430.94 8935.07 0.00
1202 7191.51 568.36 0.00
1203 10784.60 5231.82 0.00
1204 8605.15 5539.41 0.00
1205 3071.31 3853.47 0.00
1206 8.72 2887.61 0.00
1207 2777.48 838.44 0.00
1208 5016.63 2401.29 0.00
1209 2553.18 4659.40 0.00
1210 3274.49 2515.46 0.00
1211 3132.67 5410.39 0.00
1212 2569.11 3915.85 0.00
1213 3034.69 3532.17 0.00
1214 4608.97 5824.80 0.00
1215 7.80 2543.62 0.00
1216 2056.20 4071.33 0.00
1217 3357.49 7321.12 0.00
1218 1525.95 3912.13 0.00
1219 10.90 3705.46 0.00
1220 8.09 3257.76 0.00
1221 1.24 5.03 0.00
1222 2.50 5.02 0.00
1223 1.39 0.30 0.00
1224 0.84 0.82 0.00
1225 2.41 1.94 0.00
1226 0.96 0.37 0.00
1227 0.93 0.96 0.00
1228 1.23 4.88 0.00
1229 1.18 9.88 0.00
1230 1.97 3.88 0.00
1231 1.71 1.92 0.00
1232 1.77 0.30 0.00
1233 3.15 0.82 0.00
1234 1.73 0.30 0.00
1235 2.95 2.01 0.00
1236 3.55 0.82 0.00
1237 1.17 0.00 0.00
1238 1.70 0.30 0.00
1239 2.08 0.82 0.00
1240 0.85 2.04 0.00
1241 1.35 1.95 0.00
1242 1.96 0.82 0.00
1243 0.66 0.30 0.00
1244 1.73 0.45 0.00
1245 2.44 3.89 0.00
1246 1.29 0.36 0.00
1247 16.88 12.95 0.00
1248 6153.23 6218.73 0.00
1249 7054.25 11.88 0.00
1250 8738.02 2715.03 0.00
1251 8472.80 7485.67 0.00
1252 11898.29 8494.21 0.00
1253 12969.30 11525.82 0.00
1254 13945.70 10360.23 0.00
1255 2887.64 13734.54 0.00
1256 2.15 0.36 0.00
1257 2.33 0.82 0.00
1258 2.74 3.28 0.00
1259 2.65 0.45 0.00
1260 3.25 4.05 0.00
1261 2.78 4.92 0.00
1262 2.75 0.30 0.00
1263 7.57 1508.30 0.00
1264 10.42 2553.51 0.00
1265 9.72 3333.96 0.00
1266 8.26 1634.95 0.00
1267 4.36 1725.60 0.00
1268 4.22 0.30 0.00
1269 1.50 0.51 0.00
1270 2199.07 536.51 0.00
1271 4357.17 1529.90 0.00
1272 4611.06 1573.64 0.00
1273 3381.64 1349.54 0.00
1274 2376.66 1851.10 0.00
1275 1929.18 1496.22 0.00
1276 1928.90 3968.25 0.00
1277 12.53 5818.12 0.00
1278 5.86 1936.05 0.00
1279 8.00 3678.30 0.00
1280 11626.72 40.64 0.00
1281 7098.04 16.40 0.00
1282 7052.40 662.99 0.00
1283 5178.78 3198.53 0.00
1284 2701.43 1927.48 0.00
1285 895.03 1963.57 0.00
1286 7623.82 128.26 0.00
1287 6341.20 16.10 0.00
1288 4642.90 9.13 0.00
1289 2.19 1.87 0.00
1290 2.17 2.58 0.00
1291 2.52 0.30 0.00
1292 5.95 1.14 0.00
1293 2.07 0.88 0.00
1294 1409.71 4.28 0.00
1295 4.01 2.46 0.00
1296 2.61 0.88 0.00
1297 43.62 17114.34 0.00
1298 47.84 32206.08 0.00
1299 21.78 12635.77 0.00
1300 832.81 9338.68 0.00
1301 3741.22 6411.49 0.00
1302 3325.88 6118.54 0.00
1303 2556.60 4795.77 0.00
1304 2298.44 4387.80 0.00
1305 4035.07 6839.68 0.00
1306 6296.60 6890.94 0.00
1307 4684.10 8104.43 0.00
1308 14046.97 12540.67 0.00
1309 14489.92 14266.92 0.00
1310 32.26 14996.40 0.00
1311 29.43 14966.57 0.00
1312 16.75 8274.40 0.00
1313 1685.07 4740.84 0.00
1314 0.95 42.95 0.00
1315 1.48 1.91 0.00
1316 2.75 0.48 0.00
1317 1.18 0.82 0.00
1318 2.13 0.43 0.00
1319 14917.42 12224.12 0.00
1320 27491.43 17198.47 0.00
1321 3.01 762.32 0.00
1322 1.99 0.30 0.00
1323 1.65 0.82 0.00
1324 6.26 1296.48 0.00
1325 4.96 1729.83 0.00
1326 2137.60 2558.25 0.00
1327 7129.77 1791.42 0.00
1328 4968.96 9.17 0.00
1329 2547.47 2007.42 0.00
1330 1935.81 2524.45 0.00
1331 11.83 2144.21 0.00
1332 11.88 4133.77 0.00
1333 9.14 3592.70 0.00
1334 10.26 3548.74 0.00
1335 7.31 1841.94 0.00
1336 7.32 1733.71 0.00
1337 1.38 9.58 0.00
1338 1.70 0.88 0.00
1339 1.95 0.37 0.00
1340 1.67 1.95 0.00
1341 5.28 1172.50 0.00
1342 13.48 6846.77 0.00
1343 17544.17 170.94 0.00
1344 3094.15 835.04 0.00
1345 369.20 512.09 0.00
1346 1750.93 6.12 0.00
1347 733.14 5.24 0.00
1348 261.91 160.86 0.00
1349 2232.39 5127.79 0.00
1350 2339.18 6937.42 0.00
1351 18887.44 5500.47 0.00
1352 8586.20 6864.16 0.00
1353 9.01 4147.35 0.00
1354 7.98 2732.90 0.00
1355 3.32 511.94 0.00
1356 2726.83 12.98 0.00
1357 5125.80 1874.23 0.00
1358 9689.25 7954.89 0.00
1359 2262.20 3.34 0.00
1360 1184.10 2.79 0.00
1361 0.52 0.36 0.00
1362 1.54 0.82 0.00
1363 0.55 0.30 0.00
1364 13.30 5313.14 0.00
1365 20.71 11613.28 0.00
1366 14.85 6826.80 0.00
1367 7.69 2490.41 0.00
1368 13.18 4638.25 0.00
1369 1.17 54.97 0.00
1370 15454.40 33.60 0.00
1371 9058.88 20.39 0.00
1372 0.87 0.30 0.00
1373 1.32 0.30 0.00
1374 0.96 0.82 0.00
1375 1.75 3.37 0.00
1376 1.73 0.36 0.00
1377 1.21 0.82 0.00
1378 0.99 0.30 0.00
1379 1.97 0.45 0.00
1380 1.58 3.85 0.00
1381 1.41 0.33 0.00
1382 2.27 3.89 0.00
1383 1.10 0.82 0.00
1384 0.96 0.30 0.00
1385 3.69 1.95 0.00
1386 1.39 0.87 0.00
1387 1.54 0.30 0.00
1388 2.70 0.30 0.00
1389 1.63 0.82 0.00
1390 2.25 1.95 0.00
1391 3.84 3.95 0.00
1392 2.09 0.82 0.00
1393 1.21 0.30 0.00
1394 1.96 5.16 0.00
1395 23.04 24.33 0.00
1396 4859.01 3849.28 0.00
1397 4995.81 3216.84 0.00
1398 7646.95 2056.29 0.00
1399 6966.99 4759.73 0.00
1400 7606.33 5157.09 0.00
1401 5977.60 1038.53 0.00
1402 2781.06 1504.08 0.00
1403 2718.54 1958.35 0.00
1404 3716.80 1787.02 0.00
1405 6146.03 4333.51 0.00
1406 8956.91 12438.85 0.00
1407 10444.72 12317.07 0.00
1408 3610.44 20978.76 0.00
1409 9.26 4497.78 0.00
1410 2.15 3.85 0.00
1411 1.14 4.92 0.00
1412 1.56 0.30 0.00
1413 1.21 0.82 0.00
1414 0.62 0.30 0.00
1415 2.62 2.04 0.00
1416 1.51 0.85 0.00
1417 0.99 0.30 0.00
1418 2.25 0.30 0.00
1419 2.05 0.82 0.00
1420 1.10 1.95 0.00
1421 1.48 4.95 0.00
1422 0.66 0.82 0.00
1423 0.77 0.30 0.00
1424 2.91 0.45 0.00
1425 1.44 3.89 0.00
1426 1.07 0.36 0.00
1427 4.69 0.44 0.00
1428 2.64 965.34 0.00
1429 3.07 1296.85 0.00
1430 4.18 704.90 0.00
1431 2.07 400.96 0.00
1432 4.04 555.18 0.00
1433 1.84 588.17 0.00
1434 3.23 834.24 0.00
1435 8.25 2861.64 0.00
1436 5.19 1581.66 0.00
1437 4.54 2270.85 0.00
1438 1.11 23.07 0.00
1439 7.61 2246.17 0.00
1440 10.15 4952.10 0.00
1441 2188.75 810.20 0.00
1442 2769.80 689.38 0.00
1443 3155.88 1670.59 0.00
1444 1755.71 2595.04 0.00
1445 2045.32 2054.27 0.00
1446 1499.97 263.41 0.00
1447 3210.84 2166.10 0.00
1448 3974.78 3109.04 0.00
1449 4026.16 2811.68 0.00
1450 4733.57 14.27 0.00
1451 16674.45 8517.21 0.00
1452 12782.85 10981.52 0.00
1453 138.30 4641.58 0.00
1454 13.16 3988.29 0.00
1455 20.34 9637.95 0.00
1456 13.95 8420.48 0.00
1457 30.99 11396.22 0.00
1458 3012.01 6700.42 0.00
1459 8047.46 1856.82 0.00
1460 9105.79 2169.71 0.00
1461 10685.70 2638.45 0.00
1462 8512.33 1165.29 0.00
1463 5323.05 1437.35 0.00
1464 6688.61 5303.40 0.00
1465 3848.69 4563.14 0.00
1466 7090.26 8905.12 0.00
1467 23.02 8171.16 0.00
1468 20.79 13678.24 0.00
1469 13.82 9722.21 0.00
1470 724.69 540.09 0.00
1471 154.46 2.39 0.00
1472 1.66 0.30 0.00
1473 2.72 1.09 0.00
1474 1.41 0.37 0.00
1475 2468.88 2511.25 0.00
1476 257.96 9125.47 0.00
1477 10848.72 17225.81 0.00
1478 17.96 7866.97 0.00
1479 4.07 1982.90 0.00
1480 6.76 1683.11 0.00
1481 4157.78 7592.13 0.00
1482 2685.11 2558.00 0.00
1483 7626.78 2476.64 0.00
1484 2372.98 847.30 0.00
1485 117.39 0.96 0.00
1486 1.82 2.07 0.00
1487 1.66 0.30 0.00
1488 1564.49 5.62 0.00
1489 8862.42 41.63 0.00
1490 10409.63 25.26 0.00
1491 6574.14 1761.32 0.00
1492 1718.10 2043.27 0.00
1493 9826.77 446.53 0.00
1494 18950.57 4772.00 0.00
1495 2.43 18.79 0.00
1496 3.04 2.07 0.00
1497 2.63 1.09 0.00
1498 2.44 0.30 0.00
1499 5.07 1359.98 0.00
1500 6.22 2725.28 0.00
1501 18.50 3104.26 0.00
1502 35.48 15733.77 0.00
1503 15.42 8184.93 0.00
1504 6381.24 10896.44 0.00
1505 6524.42 9733.34 0.00
1506 1348.00 15980.24 0.00
1507 14.21 7973.26 0.00
1508 3.18 1328.75 0.00
1509 1.36 0.88 0.00
1510 7107.25 2017.10 0.00
1511 4899.55 9712.97 0.00
1512 3515.54 6536.61 0.00
1513 3912.25 3657.06 0.00
1514 3946.92 4.99 0.00
1515 2077.19 2.62 0.00
1516 3.00 2.14 0.00
1517 0.94 0.43 0.00
1518 870.42 454.25 0.00
1519 13.93 5298.32 0.00
1520 14.70 6948.49 0.00
1521 16.00 7558.91 0.00
1522 24.78 12317.50 0.00
1523 27.40 14348.79 0.00
1524 0.63 28.26 0.00
1525 1.42 0.30 0.00
1526 1.22 2.14 0.00
1527 0.44 0.82 0.00
1528 1.11 0.30 0.00
1529 0.73 0.45 0.00
1530 0.62 2.39 0.00
1531 1.82 9.43 0.00
1532 0.87 0.30 0.00
1533 1.88 0.51 0.00
1534 1.07 0.42 0.00
1535 1.09 0.00 0.00
1536 2.48 2.28 0.00
1537 1.33 0.00 0.00
1538 1.03 0.00 0.00
1539 2.84 0.51 0.00
1540 1.66 0.06 0.00
1541 1.71 7.51 0.00
1542 1.43 0.51 0.00
1543 1.93 0.00 0.00
1544 0.98 0.14 0.00
1545 1.77 1.94 0.00
1546 3.12 1.78 0.00
1547 0.97 0.00 0.00
1548 2.18 0.57 0.00
1549 0.96 0.00 0.00
1550 1.41 0.00 0.00
1551 2.48 3.83 0.00
1552 0.34 0.00 0.00
1553 2314.91 5162.24 0.00
1554 6314.76 6311.22 0.00
1555 6880.59 4258.75 0.00
1556 2843.90 1676.21 0.00
1557 2349.58 513.24 0.00
1558 2600.62 1430.41 0.00
1559 2678.15 1547.65 0.00
1560 4344.01 533.33 0.00
1561 10123.39 4157.89 0.00
1562 7005.82 14129.26 0.00
1563 10285.51 11632.69 0.00
1564 5498.72 8674.76 0.00
1565 1180.26 1.48 0.00
1566 2.20 2.35 0.00
1567 1.33 0.00 0.00
1568 1.77 0.00 0.00
1569 1.74 0.51 0.00
1570 1.70 0.00 0.00
1571 9.57 2181.97 0.00
1572 4.93 1671.29 0.00
1573 7.31 1597.00 0.00
1574 9.39 1717.48 0.00
1575 3.09 1007.81 0.00
1576 5.33 1142.12 0.00
1577 2.24 265.13 0.00
1578 4.38 910.13 0.00
1579 4.63 823.09 0.00
1580 3.12 1047.16 0.00
1581 5.44 1504.97 0.00
1582 4.20 772.30 0.00
1583 4.00 1197.90 0.00
1584 2.33 49.69 0.00
1585 4.13 211.32 0.00
1586 8.47 1217.55 0.00
1587 9.91 5701.79 0.00
1588 16.55 9050.94 0.00
1589 9.82 3932.01 0.00
1590 1311.48 2599.58 0.00
1591 18998.76 413.07 0.00
1592 13045.89 4159.09 0.00
1593 22371.70 1927.94 0.00
1594 4203.87 7.35 0.00
1595 5086.74 12.47 0.00
1596 3430.68 3561.98 0.00
1597 3000.89 3304.25 0.00
1598 590.37 4725.39 0.00
1599 16.79 8891.12 0.00
1600 5.13 1270.67 0.00
1601 1.85 36.41 0.00
1602 3.51 0.63 0.00
1603 1.65 0.00 0.00
1604 2.35 0.41 0.00
1605 1.66 1.94 0.00
1606 1.79 1.58 0.00
1607 1.10 0.00 0.00
1608 4.23 1.10 0.00
1609 57.68 29351.76 0.00
1610 803.86 24679.65 0.00
1611 6091.19 12601.20 0.00
1612 2462.26 5398.48 0.00
1613 2.06 689.27 0.00
1614 1.74 0.51 0.00
1615 1.46 0.13 0.00
1616 3259.49 9003.01 0.00
1617 5122.54 3637.87 0.00
1618 10920.38 10340.52 0.00
1619 31.88 15115.87 0.00
1620 21.50 8446.84 0.00
1621 22.75 6545.99 0.00
1622 25.15 14050.67 0.00
1623 3920.70 7424.55 0.00
1624 12198.38 7277.45 0.00
1625 11.21 5429.39 0.00
1626 1.87 12.40 0.00
1627 277.18 4408.99 0.00
1628 8090.16 3333.14 0.00
1629 7254.16 4262.03 0.00
1630 6267.93 1686.67 0.00
1631 6162.76 2693.06 0.00
1632 5543.28 1359.24 0.00
1633 4797.94 1845.93 0.00
1634 2080.41 1729.62 0.00
1635 2986.99 783.58 0.00
1636 4962.60 1124.21 0.00
1637 5590.26 4073.97 0.00
1638 9944.40 8767.28 0.00
1639 154.44 1778.27 0.00
1640 8605.20 1038.00 0.00
1641 2285.02 6108.12 0.00
1642 1374.05 389.97 0.00
1643 601.05 0.92 0.00
1644 1.18 0.53 0.00
1645 2.16 0.06 0.00
1646 1.08 1.71 0.00
1647 1.72 1.08 0.00
1648 2631.32 4312.86 0.00
1649 2308.58 4111.77 0.00
1650 5502.83 3056.47 0.00
1651 11198.40 6184.78 0.00
1652 13241.24 5171.12 0.00
1653 9808.73 6200.58 0.00
1654 8369.81 4052.45 0.00
1655 3626.56 4523.46 0.00
1656 12.02 6846.79 0.00
1657 1.33 65.72 0.00
1658 5.58 580.84 0.00
1659 6.65 1143.78 0.00
1660 5.48 1535.55 0.00
1661 1.04 2.20 0.00
1662 3.81 0.93 0.00
1663 2.24 0.48 0.00
1664 3.03 2.19 0.00
1665 2.21 0.99 0.00
1666 9471.38 9602.92 0.00
1667 8101.70 14204.48 0.00
1668 19.79 9638.53 0.00
1669 8.23 2841.77 0.00
1670 1.10 0.93 0.00
1671 2.92 6.33 0.00
1672 1640.72 5.00 0.00
1673 735.05 1.83 0.00
1674 5.37 1302.25 0.00
1675 3.87 1657.68 0.00
1676 2.66 7.54 0.00
1677 0.77 0.42 0.00
1678 1.32 0.51 0.00
1679 1.97 0.56 0.00
1680 2.05 1.84 0.00
1681 2.09 6.50 0.00
1682 1.77 0.42 0.00
1683 1.14 0.56 0.00
1684 2.07 5.57 0.00
1685 3.02 0.42 0.00
1686 1.70 2.11 0.00
1687 2.55 1.00 0.00
1688 3.16 0.56 0.00
1689 1.61 4.47 0.00
1690 2.14 0.42 0.00
1691 4.63 5.42 0.00
1692 1.11 0.42 0.00
1693 2.43 0.93 0.00
1694 2.35 0.56 0.00
1695 25.43 20.95 0.00
1696 7437.74 8758.92 0.00
1697 5577.24 2257.24 0.00
1698 6546.85 6505.96 0.00
1699 6216.97 5035.49 0.00
1700 7110.80 9382.42 0.00
1701 6627.85 9410.50 0.00
1702 8023.61 8643.96 0.00
1703 4950.35 13186.48 0.00
1704 6897.05 14935.15 0.00
1705 4208.06 3765.60 0.00
1706 2.11 2.18 0.00
1707 1.79 0.42 0.00
1708 2.60 0.93 0.00
1709 1.28 1.98 0.00
1710 1.25 0.42 0.00
1711 2.44 6.36 0.00
1712 1.05 0.93 0.00
1713 1.96 0.42 0.00
1714 5.10 6.22 0.00
1715 2.56 0.42 0.00
1716 3.38 2.28 0.00
1717 1.10 0.96 0.00
1718 2.04 0.42 0.00
1719 2.27 0.42 0.00
1720 4.79 204.11 0.00
1721 1193.04 759.78 0.00
1722 2620.80 5.96 0.00
1723 1725.15 286.14 0.00
1724 3010.77 11.97 0.00
1725 3281.74 10.70 0.00
1726 2589.10 235.58 0.00
1727 3433.83 225.17 0.00
1728 5616.90 1297.39 0.00
1729 11046.12 17.75 0.00
1730 12731.04 2864.82 0.00
1731 10681.44 7424.26 0.00
1732 12384.14 3325.64 0.00
1733 10397.85 11.86 0.00
1734 4448.91 7.71 0.00
1735 6.08 1783.54 0.00
1736 1580.33 1532.73 0.00
1737 4322.42 1338.87 0.00
1738 3493.56 1334.49 0.00
1739 2776.32 1280.20 0.00
1740 4167.53 1136.05 0.00
1741 7809.05 2270.76 0.00
1742 16614.74 2081.97 0.00
1743 17773.37 4471.54 0.00
1744 6314.56 6219.75 0.00
1745 19.51 8502.87 0.00
1746 22.79 11601.20 0.00
1747 22.82 12654.67 0.00
1748 6.93 2972.98 0.00
1749 6.72 2291.81 0.00
1750 5.76 1315.19 0.00
1751 18.20 4264.77 0.00
1752 10.59 6296.00 0.00
1753 15.51 8353.29 0.00
1754 14.56 5200.83 0.00
1755 26.30 12700.34 0.00
1756 35.55 18022.91 0.00
1757 20.07 8411.05 0.00
1758 22.90 10333.81 0.00
1759 16.85 5981.86 0.00
1760 7.78 1761.02 0.00
1761 17.37 6210.38 0.00
1762 12.93 5550.85 0.00
1763 10586.45 7830.72 0.00
1764 5035.13 2988.12 0.00
1765 8.98 5101.55 0.00
1766 11.87 4989.70 0.00
1767 14098.35 6772.98 0.00
1768 10450.01 32.40 0.00
1769 14558.87 34.02 0.00
1770 4707.65 12.04 0.00
1771 2.28 6.27 0.00
1772 10.14 2109.49 0.00
1773 3.63 879.77 0.00
1774 0.85 0.00 0.00
1775 2.45 0.42 0.00
1776 3.75 2.76 0.00
1777 0.87 0.43 0.00
1778 7.85 1366.25 0.00
1779 7214.90 8690.99 0.00
1780 4230.13 561.34 0.00
1781 3596.08 2851.20 0.00
1782 3090.00 2590.31 0.00
1783 3292.71 2506.69 0.00
1784 5415.84 1685.91 0.00
1785 7990.47 16.49 0.00
1786 2668.66 1273.92 0.00
1787 1229.62 1120.47 0.00
1788 5738.95 3713.66 0.00
1789 11564.28 4307.79 0.00
1790 9798.98 3949.24 0.00
1791 1840.37 5748.33 0.00
1792 6406.01 2787.88 0.00
1793 3898.37 1431.02 0.00
1794 16.76 6916.04 0.00
1795 3814.41 2027.95 0.00
1796 4808.97 1577.66 0.00
1797 5883.39 19.64 0.00
1798 7020.42 1213.49 0.00
1799 12664.60 6246.08 0.00
1800 9959.84 11613.88 0.00
1801 4723.38 12803.59 0.00
1802 3100.25 12143.28 0.00
1803 36.09 16370.28 0.00
1804 12.62 5956.66 0.00
1805 1.10 0.42 0.00
1806 2.52 2.77 0.00
1807 1.08 0.42 0.00
1808 2.40 0.54 0.00
1809 0.85 0.93 0.00
1810 1.36 0.42 0.00
1811 9.55 426.91 0.00
1812 11.14 3204.96 0.00
1813 24.34 7898.53 0.00
1814 14.71 5131.96 0.00
1815 11630.62 4695.57 0.00
1816 12330.70 910.73 0.00
1817 11.92 4843.58 0.00
1818 0.98 0.93 0.00
1819 1.95 0.42 0.00
1820 1.10 0.00 0.00
1821 2.00 2.57 0.00
1822 2.36 0.42 0.00
1823 1.51 4.28 0.00
1824 1.51 0.93 0.00
1825 1.66 0.42 0.00
1826 1.68 1.95 0.00
1827 1.10 1.03 0.00
1828 2.21 0.42 0.00
1829 2.09 0.56 0.00
1830 1.88 2.36 0.00
1831 2.75 10.62 0.00
1832 1.11 0.42 0.00
1833 1.22 0.93 0.00
1834 0.58 5.13 0.00
1835 0.89 0.42 0.00
1836 2.59 2.70 0.00
1837 0.77 0.42 0.00
1838 1.46 0.41 0.00
1839 1.51 0.93 0.00
1840 0.77 0.42 0.00
1841 1.20 4.91 0.00
1842 1.33 0.93 0.00
1843 0.78 0.42 0.00
1844 1.21 0.56 0.00
1845 19.40 6.75 0.00
1846 3252.97 2050.93 0.00
1847 2404.96 969.82 0.00
1848 1099.42 6.28 0.00
1849 3941.82 926.97 0.00
1850 7674.25 1036.54 0.00
1851 6120.38 5242.50 0.00
1852 7621.21 5052.00 0.00
1853 12406.85 10415.06 0.00
1854 6241.06 20895.67 0.00
1855 2405.31 16045.58 0.00
1856 2.86 52.19 0.00
1857 4692.69 5295.36 0.00
1858 1508.04 6027.39 0.00
1859 7.55 3976.01 0.00
1860 0.89 2.36 0.00
1861 1.17 6.84 0.00
1862 1.67 0.42 0.00
1863 7174.92 28.47 0.00
1864 4649.12 9.12 0.00
1865 5.15 1066.37 0.00
1866 5.23 2425.39 0.00
1867 2.51 903.21 0.00
1868 3.17 1526.95 0.00
1869 5.83 2040.48 0.00
1870 5.27 1349.70 0.00
1871 7.45 2178.88 0.00
1872 6.81 3227.75 0.00
1873 1925.58 3345.12 0.00
1874 3257.86 2460.19 0.00
1875 2097.96 1199.64 0.00
1876 2815.05 631.00 0.00
1877 1958.51 622.74 0.00
1878 999.50 975.99 0.00
1879 831.87 1136.03 0.00
1880 238.60 104.94 0.00
1881 2.39 7.35 0.00
1882 3.53 0.86 0.00
1883 7.08 2254.20 0.00
1884 9.60 1209.43 0.00
1885 1659.53 2387.72 0.00
1886 2328.63 3790.22 0.00
1887 2951.64 1717.66 0.00
1888 2376.46 795.16 0.00
1889 1939.73 12.20 0.00
1890 1275.38 4308.84 0.00
1891 1780.49 1219.18 0.00
1892 1817.59 3193.45 0.00
1893 1526.67 2621.32 0.00
1894 24.53 11284.02 0.00
1895 16.65 8448.41 0.00
1896 24.77 15952.18 0.00
1897 2.83 3401.39 0.00
1898 6.65 2121.73 0.00
1899 7.04 3102.85 0.00
1900 8.13 1990.27 0.00
1901 2.05 198.90 0.00
1902 5148.97 3927.07 0.00
1903 7974.52 4208.26 0.00
1904 6114.48 5385.59 0.00
1905 5616.88 3996.20 0.00
1906 9361.01 9420.65 0.00
1907 7379.80 2773.07 0.00
1908 5589.71 6544.62 0.00
1909 4249.92 2690.41 0.00
1910 4935.57 5685.93 0.00
1911 5252.92 3258.26 0.00
1912 4297.78 2655.50 0.00
1913 2864.94 2530.72 0.00
1914 7608.70 4654.26 0.00
1915 11346.84 6735.90 0.00
1916 11710.26 7261.55 0.00
1917 18077.25 4351.27 0.00
1918 9098.20 3978.12 0.00
1919 1.20 1.98 0.00
1920 2.49 0.93 0.00
1921 1.91 1.99 0.00
1922 2.82 0.62 0.00
1923 2.21 0.93 0.00
1924 12.55 4575.53 0.00
1925 8.69 2724.53 0.00
1926 458.12 2390.04 0.00
1927 7788.42 2529.29 0.00
1928 5254.03 2957.93 0.00
1929 2183.94 423.34 0.00
1930 4.40 1.62 0.00
1931 4.09 2.64 0.00
1932 2.29 0.99 0.00
1933 1423.86 4189.54 0.00
1934 1594.76 7280.58 0.00
1935 2080.38 8395.80 0.00
1936 409.45 6050.53 0.00
1937 13.89 6083.66 0.00
1938 8.08 3463.95 0.00
1939 22.50 8487.37 0.00
1940 23.98 8123.95 0.00
1941 22.65 8937.96 0.00
1942 20.89 11696.26 0.00
1943 1860.91 9992.43 0.00
1944 11426.59 10889.84 0.00
1945 8010.92 10623.38 0.00
1946 5.00 1826.13 0.00
1947 2.03 1.29 0.00
1948 14.03 4878.24 0.00
1949 7768.66 8649.44 0.00
1950 10832.84 8565.38 0.00
1951 3916.75 15702.69 0.00
1952 2814.25 7528.24 0.00
1953 113.74 4178.14 0.00
1954 2.76 734.70 0.00
1955 6613.48 11.01 0.00
1956 11124.88 17.39 0.00
1957 2962.72 2.36 0.00
1958 2.37 0.80 0.00
1959 1.81 1.07 0.00
1960 1.55 0.42 0.00
1961 2569.54 594.60 0.00
1962 5043.89 2248.02 0.00
1963 4806.46 2174.18 0.00
1964 5463.13 1931.39 0.00
1965 6593.98 5250.58 0.00
1966 3691.04 3967.52 0.00
1967 4205.65 4853.13 0.00
1968 6126.16 11191.28 0.00
1969 3173.85 3694.40 0.00
1970 0.43 59.37 0.00
1971 1.26 2.16 0.00
1972 3.03 0.63 0.00
1973 420.70 2.03 0.00
1974 1.93 0.99 0.00
1975 1.18 0.42 0.00
1976 7.96 1198.57 0.00
1977 7.91 1912.12 0.00
1978 4.21 2225.11 0.00
1979 9.24 3765.06 0.00
1980 3.20 607.89 0.00
1981 1.78 5.75 0.00
1982 1.92 5.13 0.00
1983 1.65 0.93 0.00
1984 1.62 0.42 0.00
1985 1.55 0.42 0.00
1986 2.52 2.63 0.00
1987 1.66 0.42 0.00
1988 1.06 5.13 0.00
1989 3.68 0.93 0.00
1990 2.10 0.42 0.00
1991 1.92 5.45 0.00
1992 1.98 0.93 0.00
1993 1.61 0.56 0.00
1994 2.56 5.13 0.00
1995 1.31 2.36 0.00
1996 2.30 2.12 0.00
1997 1.88 0.42 0.00
1998 1.88 0.93 0.00
1999 1.29 0.42 0.00
2000 2.00 0.42 0.00
2001 2.30 4.19 0.00
2002 1.68 0.42 0.00
2003 1.99 0.42 0.00
2004 1.73 0.93 0.00
2005 2.46 0.42 0.00
2006 2.65 2.06 0.00
2007 1.31 0.93 0.00
2008 2.35 0.42 0.00
2009 2.08 0.56 0.00
2010 1.10 2.36 0.00
2011 2.62 3.61 0.00
2012 44.89 67.48 0.00
2013 10421.67 791.07 0.00
2014 19278.47 3642.20 0.00
2015 21182.46 3740.30 0.00
2016 14024.85 7678.87 0.00
2017 31.50 13437.10 0.00
2018 27.33 12575.34 0.00
2019 11.89 5294.35 0.00
2020 5.31 1567.23 0.00
2021 6.91 1581.96 0.00
2022 5.44 1961.33 0.00
2023 7.76 2846.15 0.00
2024 6.30 2325.92 0.00
2025 4.85 1051.20 0.00
2026 7.12 1976.33 0.00
2027 7.43 2836.60 0.00
2028 11.91 4890.58 0.00
2029 10.37 6066.78 0.00
2030 18.79 13848.65 0.00
2031 2.39 6.93 0.00
2032 1.44 0.42 0.00
2033 9.68 3219.76 0.00
2034 10.63 4931.81 0.00
2035 12.90 9784.40 0.00
2036 3.52 1132.26 0.00
2037 15.40 7271.96 0.00
2038 12.08 7331.48 0.00
2039 3.73 143.42 0.00
2040 6556.96 4826.79 0.00
2041 33193.35 5020.87 0.00
2042 15379.09 21.25 0.00
2043 2.10 0.93 0.00
2044 3786.00 2920.56 0.00
2045 19889.42 3659.23 0.00
2046 31364.11 7852.93 0.00
2047 18266.77 4077.63 0.00
2048 8848.06 1896.28 0.00
2049 3202.65 1974.83 0.00
2050 1421.72 3034.73 0.00
2051 1444.31 2535.35 0.00
2052 1016.04 2227.70 0.00
2053 6.19 1206.41 0.00
2054 5.76 1708.01 0.00
2055 216.39 2453.76 0.00
2056 4629.71 1756.78 0.00
2057 4919.34 2298.35 0.00
2058 4310.21 3887.72 0.00
2059 3122.90 3256.19 0.00
2060 735.67 3770.61 0.00
2061 8.41 3352.11 0.00
2062 19.09 9199.27 0.00
2063 37.99 23172.92 0.00
2064 20.20 12316.92 0.00
2065 5.06 37.02 0.00
2066 2.82 2.38 0.00
2067 1.10 0.42 0.00
2068 5.17 0.67 0.00
2069 2.52 0.99 0.00
2070 1.43 2.24 0.00
2071 2.46 4.51 0.00
2072 1.98 0.93 0.00
2073 1.26 0.48 0.00
2074 2.08 0.42 0.00
2075 1.42 0.93 0.00
2076 1.68 0.42 0.00
2077 2.42 0.42 0.00
2078 1.90 0.93 0.00
2079 1.24 0.42 0.00
2080 1.23 0.42 0.00
2081 0.85 0.93 0.00
2082 2.24 0.42 0.00
2083 1.63 0.42 0.00
2084 1.30 2.50 0.00
2085 1.81 0.42 0.00
2086 2.19 0.42 0.00
2087 1.99 0.93 0.00
2088 2.03 0.42 0.00
2089 2.52 0.42 0.00
2090 1.00 0.93 0.00
2091 0.92 0.42 0.00
2092 1.66 0.42 0.00
2093 1.78 0.93 0.00
2094 2.40 0.42 0.00
2095 1.62 0.42 0.00
2096 1.49 0.93 0.00
2097 1.55 0.06 0.00
2098 1.84 0.35 0.00
2099 1.86 1.07 0.00
2100 1.33 1.84 0.00
2101 1.73 0.42 0.00
2102 1.62 0.93 0.00
2103 1.77 0.42 0.00
2104 1.61 0.42 0.00
2105 1.42 0.93 0.00
2106 1.52 0.42 0.00
2107 1.62 0.42 0.00
2108 1.10 0.93 0.00
2109 1.74 0.42 0.00
2110 2.21 0.42 0.00
2111 2.30 0.93 0.00
2112 3.23 0.42 0.00
2113 1.44 0.42 0.00
2114 3.69 1.07 0.00
2115 2.53 1.84 0.00
2116 1.60 0.42 0.00
2117 1.99 0.93 0.00
2118 2.88 0.42 0.00
2119 1.08 0.42 0.00
2120 2.09 0.93 0.00
2121 3.23 0.42 0.00
2122 3.09 0.42 0.00
2123 2.74 0.93 0.00
2124 2.45 0.42 0.00
2125 1.61 0.41 0.00
2126 2.61 0.93 0.00
2127 2.93 0.42 0.00
2128 0.55 0.42 0.00
2129 2.40 1.07 0.00
2130 1.09 1.84 0.00
2131 0.41 0.42 0.00
2132 1.87 0.93 0.00
2133 1.41 0.30 0.00
2134 1.88 0.30 0.00
2135 1.49 0.82 0.00
2136 1.16 0.30 0.00
2137 2.24 0.30 0.00
2138 1.79 0.82 0.00
2139 1.57 0.30 0.00
2140 1.94 0.30 0.00
2141 1.26 0.82 0.00
2142 2.81 0.30 0.00
2143 2.22 0.30 0.00
2144 1.08 0.96 0.00
2145 1.77 1.73 0.00
2146 2.27 0.30 0.00
2147 0.99 0.82 0.00
2148 1.41 0.30 0.00
2149 2.58 0.30 0.00
2150 0.99 0.82 0.00
2151 1.08 0.30 0.00
2152 1.44 0.30 0.00
2153 1.40 0.82 0.00
2154 1.18 0.30 0.00
2155 1.01 0.30 0.00
2156 1.62 0.82 0.00
2157 1.44 0.30 0.00
2158 1.08 0.30 0.00
2159 0.87 0.96 0.00
2160 2.36 1.73 0.00
2161 0.86 0.30 0.00
2162 0.66 0.82 0.00
2163 2.47 0.30 0.00
2164 1.16 0.30 0.00
2165 1.82 0.82 0.00
2166 2.33 0.30 0.00
2167 0.44 0.30 0.00
2168 0.77 0.82 0.00
2169 1.30 0.30 0.00
2170 1.25 0.30 0.00
2171 1.37 0.82 0.00
2172 1.97 0.30 0.00
2173 1.56 0.30 0.00
2174 3.44 0.96 0.00
2175 1.23 1.73 0.00
2176 1.36 0.30 0.00
2177 2.26 0.82 0.00
2178 2.13 0.30 0.00
2179 1.48 0.30 0.00
2180 1.86 0.82 0.00
2181 0.96 0.30 0.00
2182 1.02 0.30 0.00
2183 2.73 0.82 0.00
2184 1.59 0.30 0.00
2185 0.96 0.30 0.00
2186 2.38 0.82 0.00
2187 1.55 0.30 0.00
2188 1.70 0.30 0.00
2189 2.19 2.39 0.00
2190 0.55 0.30 0.00
2191 1.47 0.30 0.00
2192 1.74 0.82 0.00
2193 0.99 0.30 0.00
2194 1.93 0.30 0.00
2195 1.51 0.82 0.00
2196 1.46 0.30 0.00
2197 1.94 0.30 0.00
2198 2.81 0.82 0.00
2199 1.07 0.30 0.00
2200 1.11 0.30 0.00
2201 2.11 0.82 0.00
2202 1.27 0.30 0.00
2203 1.67 0.30 0.00
2204 1.99 0.82 0.00
2205 1.46 1.87 0.00
2206 1.41 0.30 0.00
2207 1.28 0.82 0.00
2208 1.41 0.30 0.00
2209 1.84 0.30 0.00
2210 1.29 0.82 0.00
2211 0.74 0.30 0.00
2212 1.22 0.00 0.00
2213 0.66 0.82 0.00
2214 1.74 0.30 0.00
2215 0.77 0.30 0.00
2216 0.96 0.82 0.00
2217 2.21 0.30 0.00
2218 0.66 0.30 0.00
2219 1.08 0.88 0.00
2220 1.66 1.81 0.00
2221 0.74 0.30 0.00
2222 0.77 0.82 0.00
2223 1.22 0.30 0.00
2224 1.07 0.30 0.00
2225 0.88 0.82 0.00
2226 1.49 0.30 0.00
2227 0.55 0.30 0.00
2228 0.77 0.82 0.00
2229 1.41 0.30 0.00
2230 1.03 0.30 0.00
2231 0.52 0.82 0.00
2232 1.65 0.30 0.00
2233 0.78 0.30 0.00
2234 2.32 0.96 0.00
2235 0.77 1.73 0.00
2236 0.97 0.30 0.00
2237 2.81 0.82 0.00
2238 0.54 0.30 0.00
2239 1.15 0.30 0.00
2240 2.78 0.82 0.00
2241 1.40 0.30 0.00
2242 1.58 0.30 0.00
2243 3.13 0.82 0.00
2244 0.85 0.30 0.00
2245 1.73 0.30 0.00
2246 2.04 0.82 0.00
2247 1.43 0.30 0.00
2248 1.18 0.30 0.00
2249 2.41 0.88 0.00
2250 1.55 1.81 0.00
2251 1.51 0.30 0.00
2252 2.07 0.82 0.00
2253 1.22 0.30 0.00
2254 1.52 0.30 0.00
2255 1.54 0.82 0.00
2256 1.52 0.30 0.00
2257 2.66 0.30 0.00
2258 2.33 0.82 0.00
2259 1.19 0.30 0.00
2260 1.74 0.30 0.00
2261 0.85 0.82 0.00
2262 1.22 0.30 0.00
2263 1.67 0.30 0.00
2264 1.31 0.96 0.00
2265 1.33 1.73 0.00
2266 1.52 0.30 0.00
2267 0.98 0.81 0.00
2268 0.77 0.30 0.00
2269 1.40 0.30 0.00
2270 1.22 0.82 0.00
2271 1.08 0.30 0.00
2272 1.21 0.30 0.00
2273 0.66 0.82 0.00
2274 1.63 0.30 0.00
2275 0.88 0.30 0.00
2276 2.30 0.82 0.00
2277 1.33 0.30 0.00
2278 0.66 0.30 0.00
2279 3.44 0.96 0.00
2280 1.55 1.73 0.00
2281 1.62 0.30 0.00
2282 1.92 0.82 0.00
2283 1.33 0.30 0.00
2284 1.40 0.30 0.00
2285 1.21 0.82 0.00
2286 2.07 0.30 0.00
2287 1.22 0.30 0.00
2288 1.10 0.82 0.00
2289 1.41 0.30 0.00
2290 1.58 0.30 0.00
2291 2.00 0.82 0.00
2292 0.55 0.30 0.00
2293 1.55 0.30 0.00
2294 1.78 0.88 0.00
2295 1.45 1.81 0.00
2296 1.40 0.30 0.00
2297 1.32 0.82 0.00
2298 2.00 0.30 0.00
2299 0.52 0.30 0.00
2300 0.77 0.82 0.00
2301 1.30 0.30 0.00
2302 1.80 0.30 0.00
2303 1.10 0.82 0.00
2304 1.75 0.30 0.00
2305 0.77 0.30 0.00
2306 0.96 0.82 0.00
2307 1.56 0.30 0.00
2308 1.30 0.30 0.00
2309 1.19 0.96 0.00
2310 1.67 1.73 0.00
2311 0.74 0.30 0.00
2312 1.00 0.82 0.00
2313 1.88 0.30 0.00
2314 0.97 0.30 0.00
2315 2.37 0.82 0.00
2316 0.82 0.30 0.00
2317 0.97 0.30 0.00
2318 3.52 0.82 0.00
2319 1.36 0.30 0.00
2320 0.64 0.30 0.00
2321 2.56 0.82 0.00
2322 1.09 0.30 0.00
2323 0.86 0.30 0.00
2324 1.53 0.96 0.00
2325 0.55 1.73 0.00
2326 1.05 0.30 0.00
2327 1.22 0.82 0.00
2328 0.89 0.30 0.00
2329 0.96 0.30 0.00
2330 1.22 0.82 0.00
2331 1.05 0.30 0.00
2332 0.55 0.30 0.00
2333 1.33 0.30 0.00
2334 1.05 0.30 0.00
2335 1.22 0.82 0.00
2336 0.63 0.30 0.00
2337 1.00 0.30 0.00
2338 2.11 0.82 0.00
2339 1.09 0.45 0.00
2340 1.66 1.73 0.00
2341 1.84 0.82 0.00
2342 0.77 0.30 0.00
2343 0.66 0.30 0.00
2344 2.05 0.82 0.00
2345 0.97 0.30 0.00
2346 0.74 0.30 0.00
2347 2.04 0.82 0.00
2348 1.00 0.30 0.00
2349 1.19 0.30 0.00
2350 2.33 0.82 0.00
2351 1.05 0.30 0.00
2352 1.34 0.30 0.00
2353 2.25 0.82 0.00
2354 1.68 0.45 0.00
2355 1.11 1.73 0.00
2356 2.22 0.82 0.00
2357 0.88 0.30 0.00
2358 1.11 0.30 0.00
2359 2.30 0.82 0.00
2360 1.23 0.30 0.00
2361 1.75 0.30 0.00
2362 1.36 0.82 0.00
2363 1.22 0.30 0.00
2364 1.75 0.30 0.00
2365 0.66 0.82 0.00
2366 0.52 0.30 0.00
2367 1.56 0.30 0.00
2368 0.89 0.82 0.00
2369 0.65 0.45 0.00
2370 1.45 1.73 0.00
2371 0.74 0.82 0.00
2372 0.99 0.30 0.00
2373 1.22 0.30 0.00
2374 0.63 0.82 0.00
2375 2.08 0.30 0.00
2376 0.74 0.30 0.00
2377 0.88 0.82 0.00
2378 2.03 0.30 0.00
2379 0.94 0.30 0.00
2380 1.00 0.82 0.00
2381 1.30 0.30 0.00
2382 1.08 0.30 0.00
2383 0.77 0.82 0.00
2384 1.43 0.45 0.00
2385 0.55 1.73 0.00
2386 0.63 0.82 0.00
2387 1.21 0.30 0.00
2388 0.67 0.30 0.00
2389 1.29 0.82 0.00
2390 1.43 0.30 0.00
2391 0.97 0.30 0.00
2392 2.03 0.82 0.00
2393 1.22 0.30 0.00
2394 0.85 0.30 0.00
2395 2.48 0.82 0.00
2396 0.41 0.30 0.00
2397 0.55 0.30 0.00
2398 2.59 0.82 0.00
2399 0.76 0.45 0.00
2400 0.89 1.73 0.00
2401 1.40 0.82 0.00
2402 1.74 0.30 0.00
2403 0.75 0.30 0.00
2404 1.60 0.82 0.00
2405 0.55 0.30 0.00
2406 1.04 0.30 0.00
2407 1.86 0.82 0.00
2408 0.67 0.30 0.00
2409 0.74 0.30 0.00
2410 2.34 0.82 0.00
2411 1.08 0.30 0.00
2412 0.55 0.30 0.00
2413 1.66 0.82 0.00
2414 1.58 0.45 0.00
2415 1.78 1.73 0.00
2416 1.07 0.82 0.00
2417 0.44 0.30 0.00
2418 1.74 0.30 0.00
2419 0.85 0.82 0.00
2420 0.89 0.30 0.00
2421 1.41 0.30 0.00
2422 1.25 0.82 0.00
2423 1.45 0.30 0.00
2424 1.75 0.30 0.00
2425 1.21 0.82 0.00
2426 0.63 0.30 0.00
2427 1.56 0.30 0.00
2428 1.11 0.82 0.00
2429 0.76 1.87 0.00
2430 1.55 0.30 0.00
2431 2.34 0.82 0.00
2432 0.55 0.30 0.00
2433 1.33 0.30 0.00
2434 1.86 0.82 0.00
2435 1.23 0.30 0.00
2436 0.63 0.30 0.00
2437 1.80 0.82 0.00
2438 1.93 0.30 0.00
2439 1.20 0.30 0.00
2440 0.65 0.82 0.00
2441 1.31 0.30 0.00
2442 0.66 0.30 0.00
2443 0.65 0.82 0.00
2444 1.76 1.87 0.00
2445 0.55 0.30 0.00
2446 1.07 0.82 0.00
2447 1.33 0.30 0.00
2448 0.55 0.30 0.00
2449 0.74 0.82 0.00
2450 1.79 0.30 0.00
2451 0.97 0.30 0.00
2452 1.32 0.82 0.00
2453 1.78 0.30 0.00
2454 1.42 0.30 0.00
2455 1.55 0.82 0.00
2456 0.97 0.30 0.00
2457 0.44 0.30 0.00
2458 1.77 0.82 0.00
2459 0.65 1.87 0.00
2460 1.00 0.30 0.00
2461 1.40 0.82 0.00
2462 0.67 0.00 0.00
2463 2.06 0.30 0.00
2464 1.40 0.82 0.00
2465 1.04 0.37 0.00
2466 1.27 0.32 0.00
2467 1.17 0.88 0.00
2468 0.78 0.30 0.00
2469 1.90 0.30 0.00
2470 1.81 0.82 0.00
2471 0.86 0.30 0.00
2472 1.70 0.30 0.00
2473 1.22 0.82 0.00
2474 1.12 0.45 0.00
2475 2.38 1.73 0.00
2476 1.29 0.82 0.00
2477 0.77 0.30 0.00
2478 1.45 0.30 0.00
2479 0.85 0.82 0.00
2480 0.43 0.30 0.00
2481 1.30 0.30 0.00
2482 1.81 0.82 0.00
2483 0.67 0.30 0.00
2484 1.75 0.30 0.00
2485 1.00 0.82 0.00
2486 1.08 0.30 0.00
2487 2.00 0.30 0.00
2488 0.66 0.82 0.00
2489 1.54 0.45 0.00
2490 1.22 1.73 0.00
2491 0.85 0.82 0.00
2492 0.55 0.30 0.00
2493 1.90 0.30 0.00
2494 0.85 0.82 0.00
2495 1.33 0.30 0.00
2496 0.62 0.30 0.00
2497 1.00 0.82 0.00
2498 1.81 0.30 0.00
2499 0.62 0.30 0.00
2500 0.66 0.82 0.00
2501 1.64 0.30 0.00
2502 0.44 0.30 0.00
2503 0.73 0.82 0.00
2504 1.93 0.45 0.00
2505 0.55 1.73 0.00
2506 1.24 0.82 0.00
2507 1.44 0.30 0.00
2508 1.92 0.30 0.00
2509 0.73 0.82 0.00
2510 1.63 0.30 0.00
2511 1.67 0.30 0.00
2512 0.98 0.82 0.00
2513 2.01 0.30 0.00
2514 3.02 0.30 0.00
2515 1.43 0.82 0.00
2516 1.42 0.30 0.00
2517 1.22 0.30 0.00
2518 1.50 0.82 0.00
2519 1.32 0.37 0.00
2520 1.12 1.81 0.00
2521 1.29 0.82 0.00
2522 1.20 0.30 0.00
2523 0.86 0.30 0.00
2524 2.06 0.82 0.00
2525 1.99 0.44 0.00
2526 4.93 3.58 0.00
2527 1.65 0.82 0.00
2528 2.81 210.30 0.00
2529 4.49 399.13 0.00
2530 2.03 0.82 0.00
2531 7.77 227.49 0.00
2532 0.66 0.30 0.00
2533 1.33 0.82 0.00
2534 6.18 5.10 0.00
2535 9.87 1510.53 0.00
2536 0.74 0.82 0.00
2537 1.08 0.30 0.00
