0 2.17 2.46 0.00
1 2.00 0.88 0.00
2 1.79 0.37 0.00
3 1.42 0.82 0.00
4 2.13 0.30 0.00
5 5.09 3.53 0.00
6 4.79 2.97 0.00
7 3.00 0.30 0.00
8 1.67 0.30 0.00
9 1.09 0.82 0.00
10 5.77 3.07 0.00
11 2.13 2.34 0.00
12 1.44 0.82 0.00
13 1.21 0.30 0.00
14 3.20 0.30 0.00
15 2.28 2.39 0.00
16 1.73 2.01 0.00
17 0.83 0.44 0.00
18 3.58 3.94 0.00
19 1.18 0.30 0.00
20 1.31 3.50 0.00
21 2.61 2.85 0.00
22 18.85 17.43 0.00
23 88318.87 109.27 0.00
24 1.62 0.82 0.00
25 4.25 4.00 0.00
26 1.29 2.12 0.00
27 1.44 0.82 0.00
28 24.35 4.19 0.00
29 1.89 0.30 0.00
30 2.04 2.39 0.00
31 1.33 1.95 0.00
32 2.48 0.30 0.00
33 3.32 2.22 0.00
34 1.34 1.09 0.00
35 2.77 4.54 0.00
36 1.60 2.66 0.00
37 1.42 0.30 0.00
38 2.49 0.30 0.00
39 2.15 0.82 0.00
40 1.45 0.30 0.00
41 1.67 1.95 0.00
42 0.99 0.82 0.00
43 1.84 0.30 0.00
44 1.70 0.19 0.00
45 1.45 6.56 0.00
46 1.42 2.03 0.00
47 1.88 0.42 0.00
48 0.99 0.82 0.00
49 1.29 0.30 0.00
50 1.75 0.30 0.00
51 1.21 0.58 0.00
52 2.13 2.14 0.00
53 0.55 0.30 0.00
54 0.73 0.82 0.00
55 1.44 0.30 0.00
56 0.85 0.30 0.00
57 0.90 2.33 0.00
58 1.33 0.30 0.00
59 1.36 4.54 0.00
60 0.94 2.39 0.00
61 1.63 0.30 0.00
62 1.65 1.82 0.00
63 1.10 0.82 0.00
64 1.74 0.30 0.00
65 0.66 0.00 0.00
66 1.25 5.06 0.00
67 4.36 2.21 0.00
68 1.66 0.36 0.00
69 1.39 0.82 0.00
70 3.63 0.30 0.00
71 0.85 0.30 0.00
72 1.67 0.97 0.00
73 1.81 1.66 0.00
74 1.88 0.30 0.00
75 1.61 2.39 0.00
76 1.02 4.54 0.00
77 1.41 1.88 0.00
78 1.22 0.82 0.00
79 1.06 0.30 0.00
80 0.67 0.30 0.00
81 1.40 0.82 0.00
82 2.00 2.33 0.00
83 1.22 0.00 0.00
84 1.62 0.82 0.00
85 1.27 4.54 0.00
86 1.18 0.30 0.00
87 2.24 2.36 0.00
88 0.88 0.40 0.00
89 0.85 0.30 0.00
90 1.61 0.96 0.00
91 1.29 1.73 0.00
92 2.15 2.37 0.00
93 0.88 0.85 0.00
94 0.63 0.00 0.00
95 1.33 0.30 0.00
96 1.39 5.13 0.00
97 1.68 2.21 0.00
98 1.92 0.36 0.00
99 1.04 0.82 0.00
100 1.44 0.30 0.00
101 1.18 0.30 0.00
102 1.53 2.82 0.00
103 16.83 21.09 0.00
104 1.66 11.31 0.00
105 1.17 2.39 0.00
106 2.29 1.99 0.00
107 1.84 2.21 0.00
108 4.11 2.22 0.00
109 2.43 0.30 0.00
110 1.88 0.30 0.00
111 1.50 0.82 0.00
112 3.17 2.27 0.00
113 0.99 0.00 0.00
114 0.96 0.82 0.00
115 2.10 0.30 0.00
116 1.30 0.30 0.00
117 0.88 0.82 0.00
118 2.58 2.20 0.00
119 0.96 0.37 0.00
120 1.34 2.52 0.00
121 2.60 4.61 0.00
122 1.88 0.30 0.00
123 1.38 0.88 0.00
124 2.53 2.14 0.00
125 0.77 0.30 0.00
126 0.95 0.82 0.00
127 1.78 0.30 0.00
128 1.00 0.30 0.00
129 2.20 2.78 0.00
130 2.48 0.30 0.00
131 0.85 0.30 0.00
132 1.44 0.82 0.00
133 0.88 0.30 0.00
134 2.35 2.27 0.00
135 1.95 2.39 0.00
136 1.30 0.30 0.00
137 0.88 0.30 0.00
138 1.33 0.82 0.00
139 1.87 2.33 0.00
140 0.99 0.30 0.00
141 1.85 0.82 0.00
142 1.47 0.30 0.00
143 0.77 0.30 0.00
144 2.09 2.78 0.00
145 3.02 13.28 0.00
146 1.32 0.98 0.00
147 1.22 0.30 0.00
148 2.03 0.30 0.00
149 10.28 3977.46 0.00
150 14.14 6132.13 0.00
151 17.69 7764.10 0.00
152 26.51 12772.27 0.00
153 14.09 6852.43 0.00
154 1.74 2.59 0.00
155 1.85 5.06 0.00
156 21.11 10815.51 0.00
157 26.72 13891.24 0.00
158 19.72 8872.88 0.00
159 20.47 9868.31 0.00
160 19.03 9018.10 0.00
161 19.61 9052.29 0.00
162 12.89 5492.14 0.00
163 1.12 31.23 0.00
164 2.49 2.53 0.00
165 1.42 6.17 0.00
166 1.02 0.37 0.00
167 6.79 1145.10 0.00
168 6.06 2622.70 0.00
169 7.72 2695.26 0.00
170 7.25 2372.32 0.00
171 6.20 2750.88 0.00
172 6.70 2567.81 0.00
173 7.36 3053.51 0.00
174 12.50 5510.70 0.00
175 17.57 7842.25 0.00
176 25.29 9039.34 0.00
177 20.58 10096.10 0.00
178 19.70 9192.47 0.00
179 2.25 32.47 0.00
180 0.79 1.94 0.00
181 10.71 4728.24 0.00
182 1.42 32.19 0.00
183 2.68 0.30 0.00
184 2.81 2.20 0.00
185 1.67 5.12 0.00
186 2.82 0.30 0.00
187 1.67 0.37 0.00
188 1.21 15.92 0.00
189 2.33 7.09 0.00
190 3.84 0.30 0.00
191 1.05 0.82 0.00
192 1.97 0.30 0.00
193 1.00 0.30 0.00
194 1.94 2.72 0.00
195 1.91 3.49 0.00
196 0.85 0.30 0.00
197 1.07 0.82 0.00
198 1.33 0.30 0.00
199 1.24 2.08 0.00
200 1.18 0.82 0.00
201 1.41 0.30 0.00
202 1.81 0.30 0.00
203 1.60 0.82 0.00
204 2.21 2.27 0.00
205 1.51 1.92 0.00
206 1.17 0.82 0.00
207 1.54 0.30 0.00
208 0.89 0.30 0.00
209 1.73 2.33 0.00
210 2.13 1.87 0.00
211 1.08 0.30 0.00
212 2.29 0.82 0.00
213 0.96 0.00 0.00
214 1.77 2.27 0.00
215 2.72 2.44 0.00
216 1.56 0.30 0.00
217 1.78 0.30 0.00
218 2.13 0.82 0.00
219 1.42 2.27 0.00
220 1.10 0.30 0.00
221 2.07 0.82 0.00
222 1.92 0.30 0.00
223 0.66 0.00 0.00
224 2.45 2.72 0.00
225 2.96 3.49 0.00
226 0.97 0.30 0.00
227 1.54 0.82 0.00
228 1.55 0.30 0.00
229 2.96 2.18 0.00
230 1.65 0.85 0.00
231 0.74 0.30 0.00
232 1.44 0.30 0.00
233 1.55 0.82 0.00
234 1.65 2.24 0.00
235 2.00 1.95 0.00
236 1.07 0.82 0.00
237 1.10 0.30 0.00
238 1.65 0.30 0.00
239 1.43 2.78 0.00
240 1.81 0.45 0.00
241 1.29 1.73 0.00
242 0.99 0.82 0.00
243 1.10 0.30 0.00
244 2.03 0.82 0.00
245 2.04 3.50 0.00
246 0.74 0.30 0.00
247 1.10 0.30 0.00
248 1.29 0.82 0.00
249 1.36 2.18 0.00
250 2.14 0.33 0.00
251 0.85 0.82 0.00
252 2.54 0.30 0.00
253 0.99 0.30 0.00
254 1.74 2.18 0.00
255 16.65 12.36 0.00
256 4.83 6.68 0.00
257 5.69 2.52 0.00
258 3.87 2.31 0.00
259 1.76 2.33 0.00
260 1.42 0.82 0.00
261 2.67 0.30 0.00
262 4.08 2.54 0.00
263 11.03 5.77 0.00
264 102.91 5739.08 0.00
265 809.89 2542.94 0.00
266 731.20 4726.19 0.00
267 1123.34 6765.40 0.00
268 573.42 4904.66 0.00
269 777.05 5590.90 0.00
270 2067.89 5594.62 0.00
271 493.43 3427.72 0.00
272 4.62 3118.37 0.00
273 2492.36 2476.34 0.00
274 687.08 3.91 0.00
275 229.32 140.60 0.00
276 359.36 1.98 0.00
277 1261.92 161.25 0.00
278 790.77 200.19 0.00
279 1.88 2.53 0.00
280 0.84 0.37 0.00
281 1.52 0.88 0.00
282 1.13 0.43 0.00
283 0.55 0.30 0.00
284 180.93 4.14 0.00
285 593.04 3.29 0.00
286 357.60 1.27 0.00
287 1.38 0.88 0.00
288 1.85 0.37 0.00
289 1.36 2.21 0.00
290 2.20 0.88 0.00
291 1.30 0.30 0.00
292 3132.81 4002.64 0.00
293 5195.15 4211.59 0.00
294 5656.69 4746.33 0.00
295 4328.66 3851.67 0.00
296 3958.75 2180.78 0.00
297 13657.06 4081.08 0.00
298 13225.07 82.89 0.00
299 4728.68 30.51 0.00
300 3907.10 7.81 0.00
301 1803.29 4.17 0.00
302 1172.72 2.75 0.00
303 4107.97 921.99 0.00
304 1332.21 3040.88 0.00
305 2008.84 2273.25 0.00
306 1267.44 1239.75 0.00
307 2891.62 1607.60 0.00
308 2155.33 2201.28 0.00
309 1791.41 5770.85 0.00
310 2206.14 4031.55 0.00
311 6.61 3391.19 0.00
312 11.54 5261.24 0.00
313 1.54 63.24 0.00
314 2.39 2.72 0.00
315 5.50 1746.39 0.00
316 5.57 2506.89 0.00
317 1.54 0.82 0.00
318 2.79 169.40 0.00
319 14.41 4509.74 0.00
320 5.11 2036.43 0.00
321 3.95 1153.30 0.00
322 2.75 639.33 0.00
323 1.44 0.82 0.00
324 8.73 4234.96 0.00
325 2.17 8.85 0.00
326 0.96 0.82 0.00
327 1.13 0.30 0.00
328 1525.48 12.03 0.00
329 2942.43 7.81 0.00
330 6174.30 12.47 0.00
331 5899.35 8.68 0.00
332 2834.69 5.34 0.00
333 380.63 0.82 0.00
334 1.88 2.33 0.00
335 1.17 4.25 0.00
336 2.66 0.37 0.00
337 1.21 0.32 0.00
338 2.84 0.82 0.00
339 2.43 2.40 0.00
340 0.66 0.00 0.00
341 2.28 0.82 0.00
342 1.61 0.30 0.00
343 4.55 1046.65 0.00
344 1.80 17.51 0.00
345 5.38 264.38 0.00
346 3.09 337.68 0.00
347 3.91 443.34 0.00
348 3.72 434.19 0.00
349 5.04 668.04 0.00
350 5.54 908.77 0.00
351 11.68 3033.36 0.00
352 5.84 856.18 0.00
353 3.49 576.93 0.00
354 1.86 0.30 0.00
355 1.72 3.74 0.00
356 2.20 2.48 0.00
357 4.79 717.03 0.00
358 6.55 2626.61 0.00
359 1.61 277.94 0.00
360 8.51 1879.41 0.00
361 3.27 718.05 0.00
362 4.72 1727.81 0.00
363 4.50 1342.40 0.00
364 2.81 253.09 0.00
365 8.65 1593.98 0.00
366 12.12 5224.94 0.00
367 9.81 3350.34 0.00
368 15.83 7802.71 0.00
369 9.56 7222.14 0.00
370 10.65 5121.02 0.00
371 13.08 6906.07 0.00
372 1.18 12.74 0.00
373 807.93 28.84 0.00
374 4474.69 16.58 0.00
375 4445.67 14.88 0.00
376 3964.82 7.04 0.00
377 2132.08 3.65 0.00
378 564.14 2.17 0.00
379 981.68 1.98 0.00
380 18981.40 32.63 0.00
381 16759.35 2688.11 0.00
382 16565.42 3926.76 0.00
383 18065.70 6218.72 0.00
384 8387.13 1062.38 0.00
385 2932.86 1056.35 0.00
386 5104.59 1627.11 0.00
387 3614.77 1992.50 0.00
388 978.71 1390.69 0.00
389 1659.94 1917.41 0.00
390 3.35 676.63 0.00
391 7.32 2928.45 0.00
392 1.46 64.86 0.00
393 2.12 88.87 0.00
394 3.44 530.47 0.00
395 3.15 535.41 0.00
396 3.31 527.52 0.00
397 2.96 1062.56 0.00
398 1083.92 1126.94 0.00
399 2.54 479.66 0.00
400 0.89 0.51 0.00
401 0.41 0.30 0.00
402 2.07 0.30 0.00
403 1.68 2.66 0.00
404 2.08 0.00 0.00
405 2.53 5.31 0.00
406 1.97 0.00 0.00
407 2.31 0.51 0.00
408 3.44 2.34 0.00
409 6.58 1517.36 0.00
410 5.36 851.11 0.00
411 6.80 1322.07 0.00
412 4.91 732.70 0.00
413 7.53 2668.12 0.00
414 2.80 471.66 0.00
415 4.42 906.52 0.00
416 5.43 475.90 0.00
417 16.70 9947.91 0.00
418 5.44 2453.71 0.00
419 3.78 0.92 0.00
420 1.34 1.87 0.00
421 1.60 0.30 0.00
422 3.56 0.82 0.00
423 1.11 2.08 0.00
424 1.18 0.36 0.00
425 1.61 2.44 0.00
426 1.94 0.30 0.00
427 1.64 0.30 0.00
428 2.23 0.82 0.00
429 2.43 2.21 0.00
430 1.36 0.30 0.00
431 2.12 0.82 0.00
432 0.78 0.30 0.00
433 2.19 0.30 0.00
434 3.33 2.66 0.00
435 2.31 3.49 0.00
436 2.50 0.30 0.00
437 1.76 0.82 0.00
438 1.53 0.30 0.00
439 2.40 2.46 0.00
440 1.31 0.82 0.00
441 2.50 0.30 0.00
442 2.36 0.30 0.00
443 1.54 0.82 0.00
444 1.59 1.88 0.00
445 2.37 1.92 0.00
446 1.50 0.82 0.00
447 1.10 0.30 0.00
448 2.10 0.30 0.00
449 1.86 2.33 0.00
450 1.53 1.87 0.00
451 1.84 0.30 0.00
452 1.21 0.82 0.00
453 1.33 0.00 0.00
454 1.87 2.27 0.00
455 2.65 2.44 0.00
456 1.95 0.30 0.00
457 1.42 0.30 0.00
458 2.58 0.75 0.00
459 2.53 2.33 0.00
460 0.66 0.30 0.00
461 2.17 0.82 0.00
462 17.05 6431.50 0.00
463 22.73 14050.80 0.00
464 18.43 9513.51 0.00
465 21.34 18.12 0.00
466 9.50 2246.62 0.00
467 8317.01 6675.70 0.00
468 20130.22 4314.96 0.00
469 23613.71 5726.39 0.00
470 4058.10 683.94 0.00
471 4599.83 6.10 0.00
472 22834.09 851.37 0.00
473 24166.19 36.61 0.00
474 17984.72 6677.37 0.00
475 5439.60 3641.44 0.00
476 3407.27 4100.30 0.00
477 490.37 1897.39 0.00
478 3.37 1922.31 0.00
479 3.04 73.06 0.00
480 1.99 4.42 0.00
481 7.90 1831.96 0.00
482 9.25 3661.89 0.00
483 4.68 1244.12 0.00
484 9.77 4949.44 0.00
485 23.08 8683.53 0.00
486 11.38 3782.14 0.00
487 12.57 5290.45 0.00
488 1.66 6.94 0.00
489 1.60 0.82 0.00
490 2.09 2.21 0.00
491 2.07 0.30 0.00
492 0.88 0.82 0.00
493 2.37 0.30 0.00
494 1.64 0.30 0.00
495 2.13 9.47 0.00
496 1.52 0.30 0.00
497 2.81 0.30 0.00
498 1.64 0.82 0.00
499 1.07 0.30 0.00
500 2.34 2.21 0.00
501 0.52 0.51 0.00
502 6.98 959.97 0.00
503 5.34 1985.30 0.00
504 2.32 7.70 0.00
505 7.00 2891.40 0.00
506 0.85 0.30 0.00
507 2.43 229.64 0.00
508 4.94 1097.60 0.00
509 7.40 1915.42 0.00
510 6.48 1859.14 0.00
511 7.54 3560.01 0.00
512 2.38 2308.90 0.00
513 3.62 219.35 0.00
514 6.19 1989.66 0.00
515 17.40 8531.46 0.00
516 4.27 993.50 0.00
517 1.81 12.01 0.00
518 8689.68 5567.79 0.00
519 14383.90 6277.93 0.00
520 13347.18 5953.32 0.00
521 9682.21 4672.77 0.00
522 6622.09 2999.79 0.00
523 15671.33 6623.49 0.00
524 3365.25 238.13 0.00
525 3550.68 4.86 0.00
526 1179.89 4.01 0.00
527 98.37 863.92 0.00
528 891.78 2598.27 0.00
529 395.23 642.00 0.00
530 1464.87 43.49 0.00
531 340.83 3.27 0.00
532 2.14 0.33 0.00
533 2.24 0.30 0.00
534 1.52 0.95 0.00
535 8366.38 5441.01 0.00
536 20681.29 2611.60 0.00
537 1331.69 1353.90 0.00
538 7290.01 6175.07 0.00
539 3.14 7.78 0.00
540 1.33 2.39 0.00
541 9780.23 37.66 0.00
542 11092.56 29.48 0.00
543 4174.15 4686.11 0.00
544 1.18 32.70 0.00
545 1.94 0.37 0.00
546 2.51 2.86 0.00
547 819.96 680.15 0.00
548 21713.95 5173.79 0.00
549 3094.66 647.18 0.00
550 10085.34 8419.58 0.00
551 1672.55 4483.27 0.00
552 2869.86 4617.42 0.00
553 3300.36 1887.25 0.00
554 4099.60 200.84 0.00
555 2455.84 2014.62 0.00
556 4.91 1833.43 0.00
557 5.45 875.70 0.00
558 6.37 2382.34 0.00
559 8.77 2311.04 0.00
560 9.60 4350.66 0.00
561 1.17 0.82 0.00
562 3.15 2.07 0.00
563 1.44 0.37 0.00
564 1.28 0.82 0.00
565 5.33 1329.52 0.00
566 6.11 1860.20 0.00
567 6.64 2201.43 0.00
568 10.51 4011.96 0.00
569 4.50 1736.07 0.00
570 33.07 8134.35 0.00
571 2.34 0.30 0.00
572 9.45 1487.00 0.00
573 10.53 1465.80 0.00
574 4.75 373.58 0.00
575 4.14 971.77 0.00
576 7.67 1807.75 0.00
577 10.19 3398.59 0.00
578 8.21 2700.00 0.00
579 2.40 0.82 0.00
580 0.99 0.30 0.00
581 1.29 0.30 0.00
582 1.98 0.82 0.00
583 1.74 2.33 0.00
584 1.40 0.30 0.00
585 4.31 239.20 0.00
586 5.43 2640.69 0.00
587 990.31 15.48 0.00
588 13955.97 32.64 0.00
589 1.18 0.30 0.00
590 2.17 5.05 0.00
591 2399.61 4.62 0.00
592 521.95 0.95 0.00
593 1092.07 3.71 0.00
594 1.21 2.31 0.00
595 1.27 4.98 0.00
596 2.07 0.30 0.00
597 1.31 0.82 0.00
598 1.61 2.17 0.00
599 1.69 0.33 0.00
600 1.28 2.39 0.00
601 0.96 0.30 0.00
602 1.96 10.81 0.00
603 1.33 2.65 0.00
604 1.51 0.30 0.00
605 2.18 1.92 0.00
606 0.91 0.82 0.00
607 1.10 0.30 0.00
608 1.79 2.24 0.00
609 2.75 0.85 0.00
610 1.90 0.30 0.00
611 1.74 0.30 0.00
612 1.38 0.82 0.00
613 3.39 2.08 0.00
614 20.98 15.00 0.00
615 4700.33 8243.02 0.00
616 9558.89 12131.83 0.00
617 14527.36 9711.24 0.00
618 13363.26 369.29 0.00
619 2366.73 2850.08 0.00
620 7025.85 2905.70 0.00
621 7004.73 10.94 0.00
622 2.36 0.30 0.00
623 1.85 2.33 0.00
624 1.70 0.82 0.00
625 2.61 4.89 0.00
626 0.85 0.30 0.00
627 1.39 0.82 0.00
628 2.46 2.27 0.00
629 1.41 0.30 0.00
630 1.83 2.39 0.00
631 1.74 0.30 0.00
632 1.89 0.30 0.00
633 1.93 2.72 0.00
634 5.62 192.61 0.00
635 9.35 2472.51 0.00
636 4.71 1886.98 0.00
637 1.15 0.06 0.00
638 1.92 116.31 0.00
639 1.94 0.37 0.00
640 3.35 217.71 0.00
641 8.04 1048.15 0.00
642 6.15 1739.21 0.00
643 7.34 1935.77 0.00
644 9.60 2658.13 0.00
645 7.79 3120.09 0.00
646 9.18 3182.40 0.00
647 9.75 5050.83 0.00
648 3.52 452.51 0.00
649 3.55 592.05 0.00
650 4.18 1100.26 0.00
651 3.11 2.27 0.00
652 3.34 0.82 0.00
653 14.22 2739.65 0.00
654 9.37 2347.07 0.00
655 15.53 1993.17 0.00
656 22.65 5574.25 0.00
657 12.16 7099.91 0.00
658 7662.50 8843.35 0.00
659 425.47 3260.94 0.00
660 1.35 40.29 0.00
661 11.54 5122.49 0.00
662 5.40 1758.97 0.00
663 5.39 1348.15 0.00
664 11.24 2901.70 0.00
665 10.69 2175.47 0.00
666 1727.77 2977.94 0.00
667 4360.11 491.09 0.00
668 6237.45 582.58 0.00
669 6741.00 1218.56 0.00
670 5355.36 2204.97 0.00
671 5758.84 3265.29 0.00
672 6157.65 4656.41 0.00
673 7592.96 694.89 0.00
674 6455.66 2020.58 0.00
675 6813.21 2602.40 0.00
676 5419.77 2159.38 0.00
677 11921.84 4060.44 0.00
678 23590.01 3836.71 0.00
679 14544.40 5490.25 0.00
680 10978.47 228.89 0.00
681 3.20 2.41 0.00
682 394.18 77.18 0.00
683 1436.09 1.61 0.00
684 1879.34 1.92 0.00
685 287.33 1.33 0.00
686 1.16 0.50 0.00
687 3.68 2.27 0.00
688 1.07 1.08 0.00
689 1.63 0.43 0.00
690 2.94 1.87 0.00
691 1.49 0.88 0.00
692 2.85 2.53 0.00
693 1.81 0.30 0.00
694 7674.18 11543.54 0.00
695 102.35 13332.33 0.00
696 25.54 6337.96 0.00
697 18.34 5539.09 0.00
698 7.06 840.20 0.00
699 5.75 1487.63 0.00
700 8.16 2141.34 0.00
701 1555.83 12.57 0.00
702 1565.17 4.03 0.00
703 1573.44 2.30 0.00
704 3.73 1.09 0.00
705 2.72 2.84 0.00
706 4236.66 1529.07 0.00
707 11028.68 387.71 0.00
708 4623.26 3.66 0.00
709 2374.05 2.69 0.00
710 3687.33 6.84 0.00
711 3424.46 6.17 0.00
712 2.44 3.11 0.00
713 11319.02 10523.89 0.00
714 2305.17 1940.65 0.00
715 1.66 0.82 0.00
716 134.21 1.01 0.00
717 1836.27 4.20 0.00
718 1953.42 6690.66 0.00
719 2150.44 430.76 0.00
720 1835.89 3.16 0.00
721 1.20 0.95 0.00
722 2.67 2.40 0.00
723 258.32 2778.04 0.00
724 1.87 498.19 0.00
725 1.55 0.30 0.00
726 331.47 1.59 0.00
727 3414.98 5181.43 0.00
728 2243.19 9357.99 0.00
729 2.73 0.81 0.00
730 1.69 0.83 0.00
731 2.07 0.30 0.00
732 2.89 2.21 0.00
733 24.70 7669.34 0.00
734 4.70 1566.98 0.00
735 1.01 1.87 0.00
736 1.68 0.82 0.00
737 1.92 2.33 0.00
738 19.90 4620.36 0.00
739 11.55 3791.63 0.00
740 1.72 17.94 0.00
741 1.07 0.32 0.00
742 3.26 2.72 0.00
743 1.99 0.30 0.00
744 2.32 13.66 0.00
745 7.33 3172.78 0.00
746 2.12 1.79 0.00
747 1.29 1.88 0.00
748 2.43 0.82 0.00
749 1.29 0.30 0.00
750 1.57 1.87 0.00
751 1.72 0.82 0.00
752 2.18 2.21 0.00
753 1.88 0.30 0.00
754 1.86 0.51 0.00
755 1.46 4.32 0.00
756 1.83 0.30 0.00
757 1.77 2.66 0.00
758 2.14 0.36 0.00
759 1.74 0.30 0.00
760 0.77 0.82 0.00
761 0.92 0.30 0.00
762 1.69 2.24 0.00
763 0.88 0.85 0.00
764 0.63 0.30 0.00
765 2.51 1.87 0.00
766 0.52 0.82 0.00
767 0.78 2.14 0.00
768 2.32 0.30 0.00
769 0.69 0.82 0.00
770 0.44 0.30 0.00
771 2.52 4.32 0.00
772 1.24 2.79 0.00
773 1.11 0.30 0.00
774 1.42 0.30 0.00
775 1.84 4.84 0.00
776 1.92 0.37 0.00
777 1.73 6.34 0.00
778 1.11 0.82 0.00
779 1.96 0.30 0.00
780 1.30 2.01 0.00
781 2.07 5.39 0.00
782 2.29 6.46 0.00
783 23.45 710.78 0.00
784 13.15 2009.14 0.00
785 17.73 4509.57 0.00
786 1442.73 3173.62 0.00
787 6409.99 9563.06 0.00
788 5916.34 15446.33 0.00
789 5987.93 16884.91 0.00
790 10409.01 5674.74 0.00
791 10110.87 2891.61 0.00
792 15225.41 905.85 0.00
793 16374.95 30.99 0.00
794 7534.38 13.49 0.00
795 1.81 6.43 0.00
796 2.35 0.82 0.00
797 1.35 2.21 0.00
798 9203.50 20.50 0.00
799 3617.40 8.61 0.00
800 3.51 575.95 0.00
801 2.74 319.92 0.00
802 4.90 358.12 0.00
803 5.61 1234.78 0.00
804 6.83 2963.25 0.00
805 5.12 757.86 0.00
806 4.62 1183.43 0.00
807 1.16 26.21 0.00
808 3.25 2.77 0.00
809 1.21 0.32 0.00
810 2896.31 18.81 0.00
811 6450.09 15.08 0.00
812 4429.63 13.88 0.00
813 6602.24 24.89 0.00
814 143.26 0.32 0.00
815 3676.63 375.01 0.00
816 6176.12 1295.26 0.00
817 5842.47 6.59 0.00
818 6201.13 11.72 0.00
819 11802.62 4813.30 0.00
820 3319.69 981.89 0.00
821 4295.67 10.59 0.00
822 2504.23 1001.74 0.00
823 368.70 1490.97 0.00
824 1031.18 3230.23 0.00
825 2369.93 714.51 0.00
826 2634.41 1090.67 0.00
827 3001.91 10.78 0.00
828 3981.82 977.64 0.00
829 3554.68 4839.06 0.00
830 941.07 2849.73 0.00
831 144.22 0.64 0.00
832 1.39 0.13 0.00
833 4.09 2.25 0.00
834 25.35 8452.64 0.00
835 23.77 13788.46 0.00
836 12.77 7044.97 0.00
837 3.95 42.83 0.00
838 5554.58 1607.82 0.00
839 3395.96 3408.64 0.00
840 4952.10 3755.87 0.00
841 5151.55 3521.93 0.00
842 4592.66 2617.13 0.00
843 5180.52 3234.29 0.00
844 4997.66 1711.43 0.00
845 2236.02 1539.44 0.00
846 7426.62 648.26 0.00
847 6430.96 3178.71 0.00
848 4805.37 3742.53 0.00
849 4391.08 3175.46 0.00
850 4521.25 973.86 0.00
851 9689.27 4492.95 0.00
852 8676.79 4795.53 0.00
853 10805.48 8351.29 0.00
854 12254.05 4239.92 0.00
855 3105.68 17.40 0.00
856 6001.11 3872.46 0.00
857 2.26 805.13 0.00
858 1534.49 5.04 0.00
859 4845.51 7.98 0.00
860 10.74 3783.32 0.00
861 7.31 2070.57 0.00
862 14.43 4156.51 0.00
863 9.70 2309.77 0.00
864 9.93 3063.34 0.00
865 8.20 3097.36 0.00
866 4.22 992.59 0.00
867 2.27 499.30 0.00
868 12.85 5473.17 0.00
869 1.28 0.52 0.00
870 1.79 2.39 0.00
871 7535.40 22.88 0.00
872 7553.29 12.20 0.00
873 2.33 2.28 0.00
874 7948.70 5308.31 0.00
875 14446.77 24.73 0.00
876 11244.52 3895.78 0.00
877 8346.42 2281.04 0.00
878 7787.73 2106.42 0.00
879 8160.37 403.82 0.00
880 4065.17 803.63 0.00
881 3059.23 1113.17 0.00
882 3835.83 1118.50 0.00
883 4042.92 2916.08 0.00
884 2865.10 4.46 0.00
885 2596.88 4.77 0.00
886 42.52 0.43 0.00
887 258.49 1.22 0.00
888 4713.26 2805.33 0.00
889 12637.37 8822.38 0.00
890 7156.94 1815.01 0.00
891 6723.26 2598.94 0.00
892 11781.41 5117.80 0.00
893 12.98 4735.81 0.00
894 2908.28 737.79 0.00
895 12253.41 5575.07 0.00
896 7832.19 3720.37 0.00
897 4383.04 655.86 0.00
898 1671.74 4.05 0.00
899 6.48 1975.97 0.00
900 3.42 981.51 0.00
901 7.00 2185.85 0.00
902 9.69 1950.63 0.00
903 1416.74 1609.78 0.00
904 1718.34 1649.06 0.00
905 1077.12 989.90 0.00
906 408.94 6068.24 0.00
907 1286.10 1751.52 0.00
908 1.90 1.67 0.00
909 2.05 1.33 0.00
910 7.76 2036.16 0.00
911 3.15 493.45 0.00
912 0.77 0.82 0.00
913 1.43 0.30 0.00
914 2.18 2.21 0.00
915 1.63 6.27 0.00
916 2.37 0.30 0.00
917 0.89 0.30 0.00
918 1.31 0.82 0.00
919 2.07 2.14 0.00
920 1.93 0.30 0.00
921 1.48 0.82 0.00
922 2.58 0.30 0.00
923 1.81 0.30 0.00
924 1.77 7.11 0.00
925 2.28 3.91 0.00
926 2.28 0.37 0.00
927 1.31 5.47 0.00
928 2.75 0.30 0.00
929 1.37 1.88 0.00
930 1.12 2.39 0.00
931 1.58 5.02 0.00
932 0.55 0.30 0.00
933 1.66 0.00 0.00
934 0.98 1.82 0.00
935 1.06 1.92 0.00
936 1.40 0.82 0.00
937 0.55 0.30 0.00
938 1.25 0.82 0.00
939 1.86 2.14 0.00
940 0.66 0.30 0.00
941 0.96 0.82 0.00
942 2097.17 669.36 0.00
943 9347.11 6902.66 0.00
944 7901.04 6051.18 0.00
945 6214.06 9093.32 0.00
946 6823.99 10365.70 0.00
947 9859.96 6116.34 0.00
948 12415.65 11380.01 0.00
949 12793.28 12186.15 0.00
950 10304.98 8207.33 0.00
951 4890.37 6.75 0.00
952 1.10 0.30 0.00
953 2.28 0.82 0.00
954 2.04 2.20 0.00
955 1.06 4.89 0.00
956 1.62 0.82 0.00
957 0.99 0.30 0.00
958 2.25 0.30 0.00
959 2.37 2.85 0.00
960 2.26 2.25 0.00
961 13.44 4561.06 0.00
962 5.78 2240.15 0.00
963 1.10 39.57 0.00
964 1.85 2.14 0.00
965 3.10 5.41 0.00
966 1.40 0.30 0.00
967 2.46 137.34 0.00
968 6.65 799.95 0.00
969 18.76 7796.63 0.00
970 12.66 5570.85 0.00
971 8509.43 2056.91 0.00
972 13133.01 22.54 0.00
973 5.96 2069.00 0.00
974 6.23 2158.63 0.00
975 2.42 26.35 0.00
976 2.63 0.30 0.00
977 1.54 0.82 0.00
978 4.99 538.70 0.00
979 2.82 15.80 0.00
980 7.13 1141.62 0.00
981 10.99 3449.42 0.00
982 9.17 2464.72 0.00
983 5.66 639.13 0.00
984 10.52 4407.97 0.00
985 5.01 1783.82 0.00
986 12.12 3249.43 0.00
987 6.69 3225.97 0.00
988 1.39 9.44 0.00
989 2.84 2.66 0.00
990 10.10 3501.13 0.00
991 6.26 1058.53 0.00
992 10.67 6033.46 0.00
993 1.66 64.61 0.00
994 10.99 3535.44 0.00
995 13.59 4033.89 0.00
996 7.05 3205.91 0.00
997 13.18 4150.20 0.00
998 8.07 2364.45 0.00
999 14.24 2763.21 0.00
1000 20.68 5484.77 0.00
1001 8678.42 6276.43 0.00
1002 12065.70 7532.08 0.00
1003 19765.29 5811.31 0.00
1004 28278.36 8594.73 0.00
1005 15700.78 888.66 0.00
1006 21589.81 40.95 0.00
1007 13820.32 3630.10 0.00
1008 1.44 82.07 0.00
1009 17.20 6076.74 0.00
1010 8.21 3274.47 0.00
1011 2693.87 12.34 0.00
1012 9565.15 1354.90 0.00
1013 4642.86 1177.23 0.00
1014 5082.58 2985.86 0.00
1015 4564.47 3444.58 0.00
1016 4357.22 1262.74 0.00
1017 6874.15 5498.71 0.00
1018 6557.64 7196.87 0.00
1019 2124.53 2029.62 0.00
1020 1738.97 3.48 0.00
1021 902.10 1.79 0.00
1022 2.04 0.51 0.00
1023 2.68 0.57 0.00
1024 2.88 2.53 0.00
1025 521.73 10468.49 0.00
1026 16675.72 8208.27 0.00
1027 10718.48 6394.22 0.00
1028 1.15 75.35 0.00
1029 1.73 2.51 0.00
1030 2764.84 6.35 0.00
1031 5029.65 1505.82 0.00
1032 4060.06 1387.29 0.00
1033 4580.70 2224.36 0.00
1034 3719.12 2303.99 0.00
1035 2571.52 1618.34 0.00
1036 238.27 1096.55 0.00
1037 1.31 0.30 0.00
1038 2.00 0.30 0.00
1039 3.13 2.72 0.00
1040 5.99 1826.73 0.00
1041 16.18 7862.29 0.00
1042 26.68 5901.45 0.00
1043 7.47 2687.74 0.00
1044 11.44 3346.27 0.00
1045 9.38 3203.69 0.00
1046 9.54 2366.52 0.00
1047 13.50 3567.10 0.00
1048 13.24 3477.79 0.00
1049 7.59 1372.43 0.00
1050 15.63 5825.84 0.00
1051 24.22 10155.68 0.00
1052 12.62 5950.34 0.00
1053 0.65 45.25 0.00
1054 2.51 2.78 0.00
1055 2.06 4.46 0.00
1056 1.07 0.30 0.00
1057 1.06 0.82 0.00
1058 13.38 2341.24 0.00
1059 15.81 3922.71 0.00
1060 14.33 5176.08 0.00
1061 14.52 5424.03 0.00
1062 12.53 4424.20 0.00
1063 8.80 1705.37 0.00
1064 11.67 4717.52 0.00
1065 3.33 1449.97 0.00
1066 1.38 0.82 0.00
1067 1.85 0.30 0.00
1068 1.10 0.30 0.00
1069 2.12 2.91 0.00
1070 2.05 0.30 0.00
1071 1.52 0.30 0.00
1072 1.56 5.60 0.00
1073 0.51 9.67 0.00
1074 2.19 1.88 0.00
1075 2.18 2.44 0.00
1076 0.74 0.30 0.00
1077 1.92 0.30 0.00
1078 2.05 0.81 0.00
1079 1.76 2.14 0.00
1080 1.35 1.87 0.00
1081 3.10 0.82 0.00
1082 1.55 0.30 0.00
1083 1.44 0.30 0.00
1084 2.41 2.33 0.00
1085 1.39 1.92 0.00
1086 1.73 0.30 0.00
1087 2.21 0.82 0.00
1088 1.09 0.30 0.00
1089 2.46 2.14 0.00
1090 2.57 0.82 0.00
1091 0.85 0.30 0.00
1092 1.77 0.30 0.00
1093 0.98 0.82 0.00
1094 3.09 2.14 0.00
1095 1.41 3.49 0.00
1096 1.62 0.82 0.00
1097 1.11 0.00 0.00
1098 1.10 0.30 0.00
1099 2.99 2.67 0.00
1100 1.10 0.36 0.00
1101 1.29 0.30 0.00
1102 34.38 2433.99 0.00
1103 1367.77 9484.20 0.00
1104 4126.30 8806.90 0.00
1105 5643.99 11366.69 0.00
1106 7512.68 12960.33 0.00
1107 8671.15 10906.64 0.00
1108 11106.44 2014.35 0.00
1109 11569.86 20.25 0.00
1110 14753.10 28.84 0.00
1111 22433.03 35.74 0.00
1112 5149.44 8.23 0.00
1113 3.04 0.30 0.00
1114 1.70 2.40 0.00
1115 1.27 4.89 0.00
1116 3.11 0.30 0.00
1117 4.08 697.79 0.00
1118 5.07 1683.53 0.00
1119 9.62 1406.76 0.00
1120 10.06 2757.48 0.00
1121 2.12 235.33 0.00
1122 5.98 1205.92 0.00
1123 0.55 48.66 0.00
1124 1.78 2.08 0.00
1125 4.83 901.68 0.00
1126 5.05 1315.21 0.00
1127 1.95 379.96 0.00
1128 5.29 910.77 0.00
1129 2.12 559.06 0.00
1130 11.47 2025.35 0.00
1131 16.79 3913.27 0.00
1132 8.07 1725.98 0.00
1133 2.97 291.11 0.00
1134 2.89 250.14 0.00
1135 11.67 2712.00 0.00
1136 35.09 7573.68 0.00
1137 8.76 2895.22 0.00
1138 2.02 794.45 0.00
1139 2.54 1.88 0.00
1140 12.57 4668.92 0.00
1141 9.57 2975.25 0.00
1142 7.03 1567.60 0.00
1143 4.76 1968.39 0.00
1144 7.84 307.02 0.00
1145 4.68 259.28 0.00
1146 16.94 3475.72 0.00
1147 533.52 4271.86 0.00
1148 2548.65 3953.48 0.00
1149 2926.39 4219.20 0.00
1150 3090.72 2019.33 0.00
1151 4353.16 860.50 0.00
1152 3045.58 3727.03 0.00
1153 4496.60 3707.25 0.00
1154 11815.86 3049.96 0.00
1155 8924.03 8663.03 0.00
1156 2196.03 1958.97 0.00
1157 13.65 4769.49 0.00
1158 8.22 2089.42 0.00
1159 2.42 2.33 0.00
1160 1.32 0.30 0.00
1161 1129.05 21.55 0.00
1162 11072.89 23.55 0.00
1163 16432.83 5611.95 0.00
1164 11.83 4130.33 0.00
1165 12399.71 555.14 0.00
1166 3954.14 3655.66 0.00
1167 21.37 9328.15 0.00
1168 2559.39 5.93 0.00
1169 7158.48 7128.45 0.00
1170 2138.68 4272.92 0.00
1171 1556.06 2144.00 0.00
1172 7957.66 2427.03 0.00
1173 4805.33 1449.91 0.00
1174 2840.52 243.62 0.00
1175 2401.22 2.51 0.00
1176 1091.97 1.92 0.00
1177 934.09 3.60 0.00
1178 1.61 0.43 0.00
1179 2.65 2.27 0.00
1180 0.76 0.82 0.00
1181 1637.36 1441.77 0.00
1182 13628.06 8727.93 0.00
1183 8331.15 6704.69 0.00
1184 2.11 2.33 0.00
1185 2.31 5.96 0.00
1186 1.13 0.79 0.00
1187 6252.23 5476.59 0.00
1188 4265.38 11.40 0.00
1189 11.63 3212.29 0.00
1190 21465.59 47.60 0.00
1191 16990.21 26.51 0.00
1192 5899.48 14.91 0.00
1193 8847.46 415.85 0.00
1194 4860.47 1713.93 0.00
1195 7120.59 2622.43 0.00
1196 13458.05 7592.66 0.00
1197 5533.34 80.93 0.00
1198 1724.28 2.57 0.00
1199 612.63 2.73 0.00
1200 0.98 2.07 0.00
1201 5.96 1.70 0.00
1202 281.27 13360.06 0.00
1203 2809.71 5886.43 0.00
1204 17.88 7550.98 0.00
1205 2.95 325.99 0.00
1206 4064.07 20.94 0.00
1207 7661.14 278.32 0.00
1208 5906.77 2757.84 0.00
1209 3502.80 2586.11 0.00
1210 3633.69 2368.55 0.00
1211 3277.70 2684.26 0.00
1212 1501.53 210.57 0.00
1213 1508.38 2.43 0.00
1214 453.94 2.98 0.00
1215 1.63 2.00 0.00
1216 2.62 1.08 0.00
1217 10816.48 10896.99 0.00
1218 7795.31 9187.94 0.00
1219 8.26 2879.73 0.00
1220 6.50 2610.06 0.00
1221 0.84 29.71 0.00
1222 2.80 2.30 0.00
1223 1.39 0.30 0.00
1224 1.31 2.27 0.00
1225 2.35 4.68 0.00
1226 0.96 0.30 0.00
1227 0.76 0.30 0.00
1228 1.59 2.31 0.00
1229 1.43 2.21 0.00
1230 1.67 6.59 0.00
1231 1.52 0.82 0.00
1232 1.77 0.30 0.00
1233 3.04 0.30 0.00
1234 2.48 2.85 0.00
1235 2.79 3.89 0.00
1236 3.44 0.30 0.00
1237 1.38 0.82 0.00
1238 1.70 0.30 0.00
1239 2.23 1.95 0.00
1240 0.44 0.82 0.00
1241 1.06 0.30 0.00
1242 1.85 0.30 0.00
1243 0.77 0.82 0.00
1244 1.95 2.21 0.00
1245 2.37 5.60 0.00
1246 1.39 5.39 0.00
1247 16.30 4.69 0.00
1248 6207.48 6088.93 0.00
1249 5637.75 7216.64 0.00
1250 5687.40 10497.15 0.00
1251 7823.11 11414.30 0.00
1252 10140.19 15309.06 0.00
1253 10330.13 12820.89 0.00
1254 10211.95 4087.24 0.00
1255 3127.16 11.08 0.00
1256 2.15 0.30 0.00
1257 2.05 0.30 0.00
1258 1.99 0.82 0.00
1259 2.87 2.21 0.00
1260 2.52 1.87 0.00
1261 2.43 0.82 0.00
1262 2.64 0.00 0.00
1263 1145.62 1755.50 0.00
1264 8802.30 1822.01 0.00
1265 6992.32 988.24 0.00
1266 3207.47 686.55 0.00
1267 3596.42 546.09 0.00
1268 426.05 1.77 0.00
1269 1.70 1.88 0.00
1270 5.26 864.13 0.00
1271 10.64 2198.63 0.00
1272 10.86 2376.68 0.00
1273 6.47 2129.70 0.00
1274 8.95 1875.76 0.00
1275 8.02 1992.26 0.00
1276 7.22 1254.31 0.00
1277 14.62 3889.67 0.00
1278 8.93 3748.11 0.00
1279 5.60 2508.34 0.00
1280 9.67 3623.11 0.00
1281 2.42 762.90 0.00
1282 12.89 3141.51 0.00
1283 13.22 4428.22 0.00
1284 12.27 3061.25 0.00
1285 7.73 1452.87 0.00
1286 6.76 1382.93 0.00
1287 6.08 1375.58 0.00
1288 5.81 944.92 0.00
1289 2.60 2.41 0.00
1290 1.54 1.73 0.00
1291 2.63 0.82 0.00
1292 6723.05 6292.33 0.00
1293 14923.05 9304.64 0.00
1294 18872.98 8298.22 0.00
1295 24854.45 5502.49 0.00
1296 10782.10 8697.10 0.00
1297 3789.54 11.95 0.00
1298 4299.81 1633.66 0.00
1299 2435.67 1729.65 0.00
1300 2520.12 3163.28 0.00
1301 1786.28 1.99 0.00
1302 1802.11 2.12 0.00
1303 3.86 1.08 0.00
1304 2.71 2.67 0.00
1305 2.33 1.79 0.00
1306 1213.89 2082.72 0.00
1307 4090.83 7901.79 0.00
1308 11083.75 13822.20 0.00
1309 12851.70 8309.45 0.00
1310 11859.07 4355.73 0.00
1311 6432.15 5990.83 0.00
1312 20372.82 2351.92 0.00
1313 9530.07 9041.50 0.00
1314 12264.41 16.77 0.00
1315 10.74 5609.73 0.00
1316 13.00 4693.64 0.00
1317 45.38 75.87 0.00
1318 3777.38 4191.08 0.00
1319 19.42 9135.61 0.00
1320 12.86 6083.62 0.00
1321 2.01 88.34 0.00
1322 1.99 0.30 0.00
1323 1.55 0.30 0.00
1324 3.85 2.86 0.00
1325 2.00 0.30 0.00
1326 1.87 0.37 0.00
1327 1.42 0.83 0.00
1328 1.77 0.30 0.00
1329 14.35 3823.29 0.00
1330 12.06 5735.63 0.00
1331 3418.49 1409.78 0.00
1332 10012.34 796.06 0.00
1333 6379.74 2700.93 0.00
1334 7972.34 392.58 0.00
1335 4394.71 16.21 0.00
1336 6503.16 19.83 0.00
1337 7120.78 2433.96 0.00
1338 4558.43 924.28 0.00
1339 2011.59 8.46 0.00
1340 1.22 0.30 0.00
1341 1099.88 3.46 0.00
1342 10093.17 21.50 0.00
1343 434.98 4809.54 0.00
1344 1.42 96.03 0.00
1345 1854.66 18.92 0.00
1346 2483.71 8.68 0.00
1347 3006.29 394.09 0.00
1348 3275.03 6.68 0.00
1349 6266.74 4247.55 0.00
1350 2505.86 3649.29 0.00
1351 11.78 6303.69 0.00
1352 3.47 1315.53 0.00
1353 2.68 44.11 0.00
1354 7.97 2226.14 0.00
1355 4.00 1310.76 0.00
1356 6.72 1073.75 0.00
1357 12.57 2820.33 0.00
1358 22.17 11386.64 0.00
1359 17.50 7695.13 0.00
1360 0.66 45.40 0.00
1361 0.52 0.30 0.00
1362 1.44 0.30 0.00
1363 0.66 0.82 0.00
1364 1.38 3.85 0.00
1365 2.06 6.50 0.00
1366 12.62 4649.74 0.00
1367 6.14 2546.39 0.00
1368 10.52 4528.18 0.00
1369 1.54 30.57 0.00
1370 8.48 4030.55 0.00
1371 4.22 1733.22 0.00
1372 0.99 0.82 0.00
1373 1.32 0.30 0.00
1374 1.37 2.21 0.00
1375 1.50 2.44 0.00
1376 1.73 0.30 0.00
1377 1.11 0.30 0.00
1378 1.10 0.82 0.00
1379 2.48 2.27 0.00
1380 1.08 1.81 0.00
1381 1.51 0.82 0.00
1382 1.98 0.30 0.00
1383 1.00 0.30 0.00
1384 1.58 2.72 0.00
1385 3.53 1.92 0.00
1386 1.29 0.30 0.00
1387 1.64 0.82 0.00
1388 2.70 0.30 0.00
1389 2.04 2.21 0.00
1390 1.90 0.82 0.00
1391 3.55 0.30 0.00
1392 1.99 0.30 0.00
1393 1.31 0.82 0.00
1394 2.35 2.28 0.00
1395 22.65 19.41 0.00
1396 5337.58 4246.06 0.00
1397 5025.56 6438.30 0.00
1398 5185.62 9580.16 0.00
1399 7637.03 5188.98 0.00
1400 6573.11 10880.58 0.00
1401 5550.34 5406.03 0.00
1402 2338.92 1744.50 0.00
1403 2186.49 4585.85 0.00
1404 1460.40 4045.20 0.00
1405 6399.80 894.12 0.00
1406 9567.12 9052.18 0.00
1407 10368.65 9896.93 0.00
1408 6147.14 11.97 0.00
1409 737.46 3.11 0.00
1410 1.66 1.81 0.00
1411 0.96 0.82 0.00
1412 1.56 0.30 0.00
1413 1.10 0.30 0.00
1414 0.86 0.97 0.00
1415 2.40 6.25 0.00
1416 1.41 0.30 0.00
1417 1.10 0.82 0.00
1418 2.25 0.30 0.00
1419 2.50 2.19 0.00
1420 0.76 0.87 0.00
1421 1.19 0.30 0.00
1422 0.55 0.30 0.00
1423 0.88 0.82 0.00
1424 3.19 1.84 0.00
1425 1.17 6.39 0.00
1426 1.07 0.51 0.00
1427 4.69 0.68 0.00
1428 0.66 0.30 0.00
1429 2.42 336.01 0.00
1430 4.25 1059.73 0.00
1431 2.76 466.61 0.00
1432 1296.43 1320.78 0.00
1433 2318.04 1370.96 0.00
1434 3168.80 91.92 0.00
1435 3386.10 593.47 0.00
1436 2947.61 836.42 0.00
1437 4.39 1831.72 0.00
1438 1.22 51.02 0.00
1439 7.85 2110.06 0.00
1440 5.79 3393.92 0.00
1441 9.99 2193.48 0.00
1442 8.83 1610.05 0.00
1443 2840.34 1496.51 0.00
1444 3852.00 9.64 0.00
1445 2305.43 1725.44 0.00
1446 4140.22 702.29 0.00
1447 4779.69 853.75 0.00
1448 4312.99 2397.71 0.00
1449 4344.53 3265.22 0.00
1450 4443.00 2882.01 0.00
1451 15648.90 8149.93 0.00
1452 8781.84 409.23 0.00
1453 1.16 0.75 0.00
1454 14.38 5136.32 0.00
1455 16644.65 5112.29 0.00
1456 10821.08 19.10 0.00
1457 8.77 3641.16 0.00
1458 9.41 2423.31 0.00
1459 11.70 3510.79 0.00
1460 10.11 3347.04 0.00
1461 10.58 4234.39 0.00
1462 447.18 3482.41 0.00
1463 6126.63 1019.91 0.00
1464 5959.41 2146.82 0.00
1465 5670.39 3731.28 0.00
1466 11485.74 8573.30 0.00
1467 4575.57 7789.87 0.00
1468 12.90 5539.32 0.00
1469 3.12 193.32 0.00
1470 514.13 3.42 0.00
1471 1625.16 2.43 0.00
1472 2080.94 1.92 0.00
1473 79.22 0.96 0.00
1474 947.77 1296.28 0.00
1475 5197.23 12043.06 0.00
1476 9.08 3994.55 0.00
1477 16569.30 7109.02 0.00
1478 3630.47 698.99 0.00
1479 5.13 2018.66 0.00
1480 7.64 1312.26 0.00
1481 2784.92 3801.74 0.00
1482 2567.64 2052.40 0.00
1483 1284.79 2.49 0.00
1484 115.73 2.35 0.00
1485 1.09 1.73 0.00
1486 1.41 0.82 0.00
1487 1.66 0.30 0.00
1488 7.71 1616.94 0.00
1489 12.33 4605.86 0.00
1490 5.43 2119.40 0.00
1491 5435.54 1818.33 0.00
1492 7951.04 29.99 0.00
1493 3730.48 1515.42 0.00
1494 19.60 8538.51 0.00
1495 3.99 686.45 0.00
1496 6.30 1461.30 0.00
1497 10.90 4702.83 0.00
1498 6.59 3306.19 0.00
1499 4.95 1217.66 0.00
1500 1.23 0.14 0.00
1501 4590.68 1687.22 0.00
1502 13679.91 6796.47 0.00
1503 8121.80 10631.21 0.00
1504 2826.94 7790.23 0.00
1505 7.89 1335.97 0.00
1506 12.17 4544.07 0.00
1507 3.91 356.67 0.00
1508 3.11 569.07 0.00
1509 2.93 994.10 0.00
1510 13.56 5164.53 0.00
1511 4710.62 4625.42 0.00
1512 9280.16 831.90 0.00
1513 4947.11 605.29 0.00
1514 2260.91 5004.28 0.00
1515 15.19 4335.75 0.00
1516 20.31 5146.72 0.00
1517 7.07 2337.55 0.00
1518 6.38 2726.75 0.00
1519 7.12 1779.67 0.00
1520 7.42 2787.32 0.00
1521 7.55 3940.62 0.00
1522 8.04 2726.40 0.00
1523 1.32 47.57 0.00
1524 1.04 2.15 0.00
1525 1.82 4.20 0.00
1526 0.64 0.30 0.00
1527 0.33 0.30 0.00
1528 1.22 0.82 0.00
1529 0.92 6.68 0.00
1530 0.45 1.73 0.00
1531 1.19 0.82 0.00
1532 0.87 0.30 0.00
1533 1.87 0.30 0.00
1534 1.30 0.97 0.00
1535 1.49 3.28 0.00
1536 1.96 0.30 0.00
1537 1.54 0.82 0.00
1538 1.13 0.30 0.00
1539 3.03 1.67 0.00
1540 1.81 1.03 0.00
1541 0.96 0.30 0.00
1542 1.43 0.30 0.00
1543 2.14 0.82 0.00
1544 1.28 2.03 0.00
1545 2.06 3.35 0.00
1546 2.75 0.82 0.00
1547 1.08 0.30 0.00
1548 2.18 0.30 0.00
1549 1.43 2.46 0.00
1550 1.40 0.30 0.00
1551 1.84 0.30 0.00
1552 0.55 0.82 0.00
1553 8363.22 1699.41 0.00
1554 7679.15 5201.77 0.00
1555 6524.93 7089.50 0.00
1556 3534.85 422.69 0.00
1557 1624.02 2194.52 0.00
1558 2270.40 1658.19 0.00
1559 2285.71 1687.09 0.00
1560 4282.60 2062.37 0.00
1561 10630.89 2888.51 0.00
1562 7343.73 12286.95 0.00
1563 6441.78 14257.16 0.00
1564 5655.38 4998.87 0.00
1565 2.17 4.89 0.00
1566 1.45 0.30 0.00
1567 1.54 0.82 0.00
1568 1.88 0.30 0.00
1569 2.19 2.09 0.00
1570 1.91 0.87 0.00
1571 8824.31 31.55 0.00
1572 8832.55 17.58 0.00
1573 3752.27 1363.49 0.00
1574 3275.26 1303.08 0.00
1575 131.58 605.72 0.00
1576 5.86 1021.52 0.00
1577 1.70 538.79 0.00
1578 2.90 0.30 0.00
1579 8.61 2115.02 0.00
1580 3.61 878.48 0.00
1581 5.08 953.04 0.00
1582 2.25 0.32 0.00
1583 4.28 733.31 0.00
1584 3.83 377.29 0.00
1585 3.83 7.14 0.00
1586 11.87 2220.48 0.00
1587 23.93 5044.47 0.00
1588 15067.23 5149.85 0.00
1589 6322.53 2798.10 0.00
1590 5.74 1774.58 0.00
1591 11.42 5298.67 0.00
1592 14.24 6301.25 0.00
1593 13.48 5457.26 0.00
1594 1.79 54.79 0.00
1595 1.57 10.14 0.00
1596 3236.26 1222.50 0.00
1597 3623.74 3379.19 0.00
1598 3618.64 6243.30 0.00
1599 7037.45 3182.21 0.00
1600 2903.06 1819.59 0.00
1601 5458.00 1754.87 0.00
1602 4049.76 1089.42 0.00
1603 2378.56 749.64 0.00
1604 12309.94 4466.16 0.00
1605 4864.59 4803.04 0.00
1606 1.88 147.14 0.00
1607 1.10 0.30 0.00
1608 13767.09 10461.70 0.00
1609 16807.55 32.55 0.00
1610 6687.64 8.24 0.00
1611 1872.11 1.48 0.00
1612 2.00 0.95 0.00
1613 1.71 0.37 0.00
1614 2.19 2.07 0.00
1615 1.44 0.95 0.00
1616 4026.36 1730.25 0.00
1617 4164.01 1471.61 0.00
1618 14070.29 9663.35 0.00
1619 15870.54 8749.41 0.00
1620 13283.60 3310.27 0.00
1621 19.87 8797.50 0.00
1622 16.45 8644.95 0.00
1623 7.61 2639.17 0.00
1624 6599.56 7381.63 0.00
1625 10000.35 815.52 0.00
1626 1.81 8.37 0.00
1627 4910.08 1052.27 0.00
1628 6780.76 2281.41 0.00
1629 7276.31 2698.42 0.00
1630 2534.29 2016.36 0.00
1631 1550.45 2.17 0.00
1632 1628.19 1.85 0.00
1633 287.32 1.46 0.00
1634 773.80 273.33 0.00
1635 13.23 3374.31 0.00
1636 15.64 4795.87 0.00
1637 17.32 7541.69 0.00
1638 22.41 9888.38 0.00
1639 4.95 1377.29 0.00
1640 11.55 3587.13 0.00
1641 5325.78 26.82 0.00
1642 5510.05 12.75 0.00
1643 964.40 2880.36 0.00
1644 1.54 71.89 0.00
1645 4.40 393.90 0.00
1646 5.39 2127.53 0.00
1647 4.99 1372.57 0.00
1648 758.71 3153.27 0.00
1649 8.26 1812.76 0.00
1650 8.74 2378.15 0.00
1651 21.47 8353.65 0.00
1652 16.62 8446.14 0.00
1653 1.76 6.96 0.00
1654 8.33 1829.97 0.00
1655 5.11 1868.94 0.00
1656 3.28 0.30 0.00
1657 1.43 0.82 0.00
1658 3791.06 23.75 0.00
1659 4530.22 10.73 0.00
1660 4344.32 395.32 0.00
1661 2541.73 751.65 0.00
1662 3730.62 747.29 0.00
1663 4030.86 1723.57 0.00
1664 2944.58 2126.80 0.00
1665 1761.74 1158.02 0.00
1666 5535.12 5926.95 0.00
1667 7010.90 7578.58 0.00
1668 7898.47 21.57 0.00
1669 6149.30 18.78 0.00
1670 0.99 0.30 0.00
1671 1.88 0.30 0.00
1672 8337.68 16.33 0.00
1673 5910.29 9.08 0.00
1674 7.07 1881.31 0.00
1675 1.07 0.82 0.00
1676 1.95 0.30 0.00
1677 0.77 0.30 0.00
1678 1.31 0.82 0.00
1679 5.21 911.16 0.00
1680 1.94 0.30 0.00
1681 1.28 0.82 0.00
1682 1.77 0.30 0.00
1683 0.97 0.00 0.00
1684 2.42 2.69 0.00
1685 3.08 3.94 0.00
1686 1.08 0.45 0.00
1687 2.33 10.11 0.00
1688 2.93 0.30 0.00
1689 1.80 1.67 0.00
1690 2.24 1.03 0.00
1691 3.67 0.30 0.00
1692 0.94 0.30 0.00
1693 2.43 0.82 0.00
1694 2.93 2.33 0.00
1695 291.11 34.58 0.00
1696 9064.16 7761.23 0.00
1697 6841.28 4872.17 0.00
1698 7078.48 11212.56 0.00
1699 5272.82 7723.20 0.00
1700 8983.40 8771.64 0.00
1701 7523.26 9977.89 0.00
1702 9032.09 14280.94 0.00
1703 12449.70 10955.77 0.00
1704 11437.08 2216.58 0.00
1705 10720.03 21.52 0.00
1706 1.70 0.30 0.00
1707 2.11 1.79 0.00
1708 3.03 2.31 0.00
1709 1.66 2.22 0.00
1710 1.42 1.73 0.00
1711 1.84 0.82 0.00
1712 0.94 0.30 0.00
1713 1.96 0.30 0.00
1714 1.85 2.63 0.00
1715 2.68 4.92 0.00
1716 2.57 0.30 0.00
1717 1.10 0.82 0.00
1718 2.04 0.30 0.00
1719 2.46 1.67 0.00
1720 7.91 1326.63 0.00
1721 5.17 1052.56 0.00
1722 5.58 714.21 0.00
1723 5.75 648.33 0.00
1724 3.09 411.09 0.00
1725 6.76 805.83 0.00
1726 6.14 635.58 0.00
1727 3.54 984.84 0.00
1728 4.87 1442.08 0.00
1729 8.02 4116.58 0.00
1730 17.25 5516.88 0.00
1731 15.81 6044.09 0.00
1732 6.34 3141.44 0.00
1733 2.48 7.08 0.00
1734 1.31 2.21 0.00
1735 11.29 3322.76 0.00
1736 10.67 2192.52 0.00
1737 9.77 1884.24 0.00
1738 10.35 1643.71 0.00
1739 10.41 938.16 0.00
1740 6.88 1031.88 0.00
1741 15.75 4399.58 0.00
1742 22.17 7050.08 0.00
1743 21.69 7967.92 0.00
1744 5.57 1075.18 0.00
1745 9.29 1933.85 0.00
1746 20.03 8924.66 0.00
1747 9736.61 3200.75 0.00
1748 5908.20 15.19 0.00
1749 7244.10 15.52 0.00
1750 4717.73 10.58 0.00
1751 7645.55 2868.75 0.00
1752 5510.98 1789.24 0.00
1753 5004.59 5.85 0.00
1754 1578.71 4.86 0.00
1755 2.43 2.13 0.00
1756 1.81 0.88 0.00
1757 13068.08 11792.20 0.00
1758 19222.45 16600.27 0.00
1759 5358.32 2137.02 0.00
1760 2702.83 865.64 0.00
1761 4282.61 5624.98 0.00
1762 275.76 6511.57 0.00
1763 13731.90 4890.96 0.00
1764 11474.61 4483.86 0.00
1765 7146.99 2660.58 0.00
1766 3315.33 7227.35 0.00
1767 20667.77 4723.47 0.00
1768 5.32 1308.88 0.00
1769 9.59 3771.58 0.00
1770 4.65 893.25 0.00
1771 2.03 3.80 0.00
1772 8109.83 31.37 0.00
1773 3928.93 7.26 0.00
1774 1.19 0.97 0.00
1775 2.74 5.76 0.00
1776 7.59 1941.21 0.00
1777 4.00 1207.32 0.00
1778 5020.56 11.94 0.00
1779 2513.55 481.90 0.00
1780 1.87 0.97 0.00
1781 1.26 0.38 0.00
1782 1.89 0.37 0.00
1783 0.76 0.88 0.00
1784 4.55 861.53 0.00
1785 14.37 5467.71 0.00
1786 5320.47 1148.36 0.00
1787 3944.48 2739.17 0.00
1788 1484.68 2181.72 0.00
1789 1643.95 6645.13 0.00
1790 22.33 8051.05 0.00
1791 12.35 3693.31 0.00
1792 10.49 2641.59 0.00
1793 5.46 1821.71 0.00
1794 10.25 4850.29 0.00
1795 4.10 792.52 0.00
1796 3.71 676.96 0.00
1797 6.44 924.67 0.00
1798 11.29 3918.30 0.00
1799 9937.03 6084.02 0.00
1800 12742.84 8388.26 0.00
1801 10856.12 7241.79 0.00
1802 16.22 8911.60 0.00
1803 10.85 4961.98 0.00
1804 4.08 1527.76 0.00
1805 1.61 3.87 0.00
1806 6.17 1934.69 0.00
1807 6.33 1892.32 0.00
1808 2.90 84.52 0.00
1809 1.24 2.30 0.00
1810 1483.00 4.01 0.00
1811 1836.48 7.63 0.00
1812 5360.51 739.42 0.00
1813 10078.02 2473.75 0.00
1814 4547.21 6509.27 0.00
1815 13.07 5889.10 0.00
1816 8.57 3098.96 0.00
1817 11.00 5075.30 0.00
1818 0.87 129.47 0.00
1819 2.60 2.82 0.00
1820 1.21 0.33 0.00
1821 1.49 0.30 0.00
1822 2.46 0.82 0.00
1823 1.33 0.30 0.00
1824 1.81 2.15 0.00
1825 2.06 4.20 0.00
1826 1.30 0.30 0.00
1827 1.05 0.45 0.00
1828 2.32 5.39 0.00
1829 2.61 2.35 0.00
1830 1.77 1.73 0.00
1831 1.85 0.82 0.00
1832 1.11 0.30 0.00
1833 1.11 0.30 0.00
1834 1.14 2.67 0.00
1835 1.18 1.98 0.00
1836 1.96 0.30 0.00
1837 0.88 0.82 0.00
1838 1.48 0.30 0.00
1839 1.86 2.11 0.00
1840 0.87 0.85 0.00
1841 0.52 0.30 0.00
1842 1.22 0.30 0.00
1843 0.89 0.82 0.00
1844 1.66 2.28 0.00
1845 23.50 26.72 0.00
1846 3829.49 2367.90 0.00
1847 1820.58 2468.88 0.00
1848 935.10 1201.34 0.00
1849 2577.96 4050.05 0.00
1850 6358.95 6301.71 0.00
1851 6502.50 9612.47 0.00
1852 6319.27 15789.72 0.00
1853 9877.68 10858.05 0.00
1854 18147.96 754.74 0.00
1855 11742.26 25.97 0.00
1856 2.35 0.30 0.00
1857 6376.71 3808.22 0.00
1858 2870.98 1007.21 0.00
1859 2.85 5.26 0.00
1860 0.78 1.73 0.00
1861 0.40 0.82 0.00
1862 1.67 0.30 0.00
1863 6.17 1391.24 0.00
1864 3.69 1193.90 0.00
1865 5.37 744.18 0.00
1866 3.77 1850.83 0.00
1867 5.46 1709.37 0.00
1868 3.17 741.79 0.00
1869 2.81 328.12 0.00
1870 5.40 1211.44 0.00
1871 10.16 2159.31 0.00
1872 6.59 1100.53 0.00
1873 7.66 1055.50 0.00
1874 10.57 3008.00 0.00
1875 7.69 1534.55 0.00
1876 6.89 890.32 0.00
1877 2.38 582.77 0.00
1878 0.67 25.75 0.00
1879 2.27 2.79 0.00
1880 0.93 0.36 0.00
1881 1.24 0.30 0.00
1882 4.11 161.56 0.00
1883 524.54 1540.79 0.00
1884 1990.29 1032.69 0.00
1885 2318.74 1930.26 0.00
1886 3007.77 3118.07 0.00
1887 2993.08 589.97 0.00
1888 2655.90 1649.05 0.00
1889 935.99 2020.91 0.00
1890 3173.89 1207.66 0.00
1891 1651.15 2434.94 0.00
1892 3111.92 2766.49 0.00
1893 8418.62 8269.84 0.00
1894 9807.34 2118.32 0.00
1895 8642.95 3335.21 0.00
1896 4102.25 3334.45 0.00
1897 0.66 0.82 0.00
1898 5026.42 24.28 0.00
1899 9542.76 21.23 0.00
1900 2046.99 6.30 0.00
1901 156.35 0.63 0.00
1902 1654.64 4033.38 0.00
1903 5040.94 3785.71 0.00
1904 6442.10 4047.70 0.00
1905 4236.72 1732.63 0.00
1906 6476.44 7119.79 0.00
1907 4817.02 4407.15 0.00
1908 4240.09 970.01 0.00
1909 3364.18 7.12 0.00
1910 3013.74 3.98 0.00
1911 1137.92 1.93 0.00
1912 3.06 0.56 0.00
1913 2.21 0.44 0.00
1914 2.74 1.14 0.00
1915 9658.86 11541.00 0.00
1916 8887.72 9261.23 0.00
1917 1414.67 10471.05 0.00
1918 21.02 5931.00 0.00
1919 20.64 5181.02 0.00
1920 3.00 3.64 0.00
1921 9.85 2351.97 0.00
1922 3186.91 6260.67 0.00
1923 3.76 1014.05 0.00
1924 1730.79 54.50 0.00
1925 1111.20 11.41 0.00
1926 849.13 260.98 0.00
1927 4960.68 1145.60 0.00
1928 1134.64 1765.56 0.00
1929 4.06 1470.21 0.00
1930 5.11 12.53 0.00
1931 8.79 2800.89 0.00
1932 8.68 2028.07 0.00
1933 9.82 1922.94 0.00
1934 7.67 2275.14 0.00
1935 5.52 1002.61 0.00
1936 3.99 1022.39 0.00
1937 10.70 1474.03 0.00
1938 8.04 1978.28 0.00
1939 9683.57 4220.19 0.00
1940 9634.56 5318.92 0.00
1941 9066.66 6561.50 0.00
1942 4930.37 9009.05 0.00
1943 1339.38 5790.13 0.00
1944 13.05 6329.83 0.00
1945 4.23 1322.77 0.00
1946 2.08 5.08 0.00
1947 10.03 11.59 0.00
1948 7847.02 1833.25 0.00
1949 12899.25 4078.05 0.00
1950 19748.21 815.00 0.00
1951 10075.87 13.52 0.00
1952 8021.82 2899.61 0.00
1953 3899.83 6.95 0.00
1954 578.19 0.95 0.00
1955 1442.49 3.41 0.00
1956 2207.14 5.71 0.00
1957 1138.40 4.85 0.00
1958 414.80 2.24 0.00
1959 9789.23 4550.72 0.00
1960 7674.54 3047.92 0.00
1961 3401.32 3106.72 0.00
1962 5127.05 5240.17 0.00
1963 1610.18 3912.57 0.00
1964 15.06 5348.96 0.00
1965 4688.99 6144.83 0.00
1966 5187.15 2250.24 0.00
1967 4442.82 314.09 0.00
1968 4910.59 6.62 0.00
1969 1628.60 2.11 0.00
1970 0.50 0.37 0.00
1971 1.13 0.88 0.00
1972 3.65 2.21 0.00
1973 6149.07 435.63 0.00
1974 6254.98 14.82 0.00
1975 6569.59 16.89 0.00
1976 6479.23 15.51 0.00
1977 6578.14 20.06 0.00
1978 7229.81 15.50 0.00
1979 5466.09 15.19 0.00
1980 355.04 4.40 0.00
1981 1.30 0.30 0.00
1982 2.50 2.34 0.00
1983 1.44 0.00 0.00
1984 933.89 3.64 0.00
1985 2480.12 10.52 0.00
1986 1.90 0.82 0.00
1987 1.81 2.01 0.00
1988 0.89 0.00 0.00
1989 3.51 0.82 0.00
1990 2.10 0.30 0.00
1991 1.18 0.30 0.00
1992 2.56 2.78 0.00
1993 1.38 0.30 0.00
1994 2.56 0.45 0.00
1995 1.61 6.40 0.00
1996 1.85 0.30 0.00
1997 2.73 2.18 0.00
1998 1.54 0.85 0.00
1999 1.29 0.30 0.00
2000 2.06 0.37 0.00
2001 1.45 5.47 0.00
2002 2.55 2.33 0.00
2003 1.77 0.30 0.00
2004 1.73 0.82 0.00
2005 3.02 4.20 0.00
2006 2.21 0.45 0.00
2007 1.89 7.36 0.00
2008 2.35 0.30 0.00
2009 2.15 5.16 0.00
2010 1.10 2.25 0.00
2011 2.00 0.30 0.00
2012 44.53 22.39 0.00
2013 15.99 2832.98 0.00
2014 20.33 9603.63 0.00
2015 15.95 8685.47 0.00
2016 22840.28 9689.32 0.00
2017 33215.81 4588.26 0.00
2018 11603.24 7072.31 0.00
2019 2189.59 7183.47 0.00
2020 6.30 3005.67 0.00
2021 8.98 2585.73 0.00
2022 9.93 3641.14 0.00
2023 8.15 4160.67 0.00
2024 6.43 2264.06 0.00
2025 9.16 3155.03 0.00
2026 11.07 3526.14 0.00
2027 10.04 5289.21 0.00
2028 8.57 4201.08 0.00
2029 3.21 60.22 0.00
2030 0.99 0.37 0.00
2031 2.88 2.25 0.00
2032 1.63 1.88 0.00
2033 11.43 4141.00 0.00
2034 12.97 5879.05 0.00
2035 12.69 7684.22 0.00
2036 1.23 69.52 0.00
2037 17.40 6311.66 0.00
2038 15.07 7308.50 0.00
2039 3.60 378.73 0.00
2040 18.86 7452.47 0.00
2041 21.34 10437.13 0.00
2042 10.70 5093.24 0.00
2043 1.99 0.30 0.00
2044 15.65 4688.79 0.00
2045 15.69 7510.07 0.00
2046 24.90 12391.77 0.00
2047 15.58 6272.71 0.00
2048 12.46 5951.88 0.00
2049 16.42 4202.05 0.00
2050 10.93 3214.63 0.00
2051 10.27 3887.21 0.00
2052 14.05 3872.68 0.00
2053 8.94 2981.24 0.00
2054 10.12 4127.94 0.00
2055 11.18 3324.13 0.00
2056 13.79 4068.12 0.00
2057 12.54 4408.05 0.00
2058 10.31 3399.64 0.00
2059 12.12 5026.03 0.00
2060 500.53 3791.89 0.00
2061 3499.88 3869.52 0.00
2062 11124.77 5325.29 0.00
2063 30137.36 3354.26 0.00
2064 12332.82 7178.16 0.00
2065 4.70 2103.66 0.00
2066 2.86 0.74 0.00
2067 6.71 32.99 0.00
2068 5.17 0.56 0.00
2069 2.48 0.50 0.00
2070 1.99 3.10 0.00
2071 1.56 3.17 0.00
2072 2.26 0.95 0.00
2073 1.42 0.83 0.00
2074 2.03 0.37 0.00
2075 1.43 0.30 0.00
2076 1.67 0.82 0.00
2077 2.42 0.30 0.00
2078 1.80 0.30 0.00
2079 1.35 0.82 0.00
2080 1.23 0.30 0.00
2081 0.74 0.30 0.00
2082 2.46 0.82 0.00
2083 1.63 0.30 0.00
2084 1.09 0.37 0.00
2085 1.91 2.32 0.00
2086 2.19 0.30 0.00
2087 1.99 0.30 0.00
2088 2.14 0.82 0.00
2089 2.41 0.30 0.00
2090 0.89 0.30 0.00
2091 1.03 0.82 0.00
2092 1.66 0.30 0.00
2093 1.78 0.30 0.00
2094 2.51 0.82 0.00
2095 1.51 0.30 0.00
2096 1.38 0.30 0.00
2097 1.75 0.81 0.00
2098 1.68 0.30 0.00
2099 1.75 0.37 0.00
2100 1.44 2.32 0.00
2101 1.73 0.30 0.00
2102 1.51 0.30 0.00
2103 1.87 0.82 0.00
2104 1.61 0.30 0.00
2105 1.32 0.30 0.00
2106 1.62 0.82 0.00
2107 1.62 0.30 0.00
2108 0.99 0.30 0.00
2109 1.84 0.82 0.00
2110 2.21 0.30 0.00
2111 2.02 0.30 0.00
2112 3.00 0.82 0.00
2113 1.27 0.30 0.00
2114 3.76 0.45 0.00
2115 2.47 2.25 0.00
2116 1.26 0.30 0.00
2117 2.23 0.30 0.00
2118 2.48 0.82 0.00
2119 0.91 0.30 0.00
2120 1.99 0.30 0.00
2121 3.68 0.82 0.00
2122 2.75 0.30 0.00
2123 2.63 0.30 0.00
2124 2.55 0.82 0.00
2125 1.62 0.30 0.00
2126 2.33 0.30 0.00
2127 2.86 0.82 0.00
2128 0.55 0.30 0.00
2129 2.63 0.45 0.00
2130 0.86 2.25 0.00
2131 0.41 0.30 0.00
2132 1.77 0.30 0.00
2133 1.51 0.82 0.00
2134 2.05 0.30 0.00
2135 1.56 0.30 0.00
2136 1.26 0.82 0.00
2137 2.41 0.30 0.00
2138 1.69 0.30 0.00
2139 1.68 0.82 0.00
2140 1.94 0.30 0.00
2141 1.33 0.30 0.00
2142 2.75 0.82 0.00
2143 2.05 0.30 0.00
2144 0.98 0.45 0.00
2145 2.22 2.25 0.00
2146 1.93 0.30 0.00
2147 0.88 0.30 0.00
2148 1.51 0.82 0.00
2149 2.75 0.30 0.00
2150 0.88 0.30 0.00
2151 1.18 0.82 0.00
2152 1.44 0.30 0.00
2153 1.30 0.30 0.00
2154 1.29 0.82 0.00
2155 1.01 0.30 0.00
2156 1.51 0.30 0.00
2157 1.55 0.82 0.00
2158 1.08 0.30 0.00
2159 0.76 0.45 0.00
2160 2.47 2.25 0.00
2161 0.86 0.30 0.00
2162 0.55 0.30 0.00
2163 2.58 0.82 0.00
2164 1.16 0.30 0.00
2165 1.88 0.30 0.00
2166 2.44 0.82 0.00
2167 0.44 0.30 0.00
2168 0.66 0.30 0.00
2169 1.40 0.82 0.00
2170 1.25 0.30 0.00
2171 1.26 0.30 0.00
2172 2.08 0.82 0.00
2173 1.56 0.30 0.00
2174 3.17 1.87 0.00
2175 1.17 0.82 0.00
2176 1.36 0.30 0.00
2177 2.50 0.30 0.00
2178 1.90 0.82 0.00
2179 1.59 0.30 0.00
2180 1.63 0.30 0.00
2181 1.06 0.82 0.00
2182 1.14 0.30 0.00
2183 2.51 0.30 0.00
2184 1.70 0.82 0.00
2185 0.96 0.30 0.00
2186 2.27 0.30 0.00
2187 1.65 0.82 0.00
2188 1.70 0.30 0.00
2189 2.08 1.87 0.00
2190 0.66 0.82 0.00
2191 1.47 0.30 0.00
2192 1.63 0.30 0.00
2193 1.10 0.82 0.00
2194 1.93 0.30 0.00
2195 1.40 0.30 0.00
2196 1.56 0.82 0.00
2197 2.10 0.30 0.00
2198 2.71 0.30 0.00
2199 1.17 0.82 0.00
2200 1.11 0.30 0.00
2201 1.89 0.06 0.00
2202 1.38 0.75 0.00
2203 1.67 0.30 0.00
2204 2.23 0.45 0.00
2205 1.22 2.25 0.00
2206 1.52 0.30 0.00
2207 1.06 0.30 0.00
2208 1.52 0.82 0.00
2209 1.84 0.30 0.00
2210 1.18 0.30 0.00
2211 0.85 0.82 0.00
2212 1.33 0.30 0.00
2213 0.55 0.30 0.00
2214 1.84 0.82 0.00
2215 0.77 0.30 0.00
2216 0.85 0.30 0.00
2217 2.53 0.82 0.00
2218 0.44 0.30 0.00
2219 0.98 0.45 0.00
2220 1.76 2.25 0.00
2221 0.74 0.30 0.00
2222 0.66 0.30 0.00
2223 1.33 0.82 0.00
2224 1.07 0.30 0.00
2225 0.77 0.30 0.00
2226 1.60 0.82 0.00
2227 0.55 0.30 0.00
2228 0.66 0.30 0.00
2229 1.51 0.82 0.00
2230 1.03 0.30 0.00
2231 0.41 0.30 0.00
2232 1.76 0.82 0.00
2233 0.78 0.30 0.00
2234 2.32 0.37 0.00
2235 0.77 2.32 0.00
2236 0.97 0.30 0.00
2237 2.70 0.30 0.00
2238 0.65 0.82 0.00
2239 1.15 0.30 0.00
2240 2.67 0.30 0.00
2241 1.50 0.82 0.00
2242 1.58 0.30 0.00
2243 3.03 0.30 0.00
2244 0.96 0.82 0.00
2245 1.73 0.30 0.00
2246 1.93 0.30 0.00
2247 1.53 0.82 0.00
2248 1.18 0.30 0.00
2249 2.30 0.45 0.00
2250 1.65 2.25 0.00
2251 1.51 0.30 0.00
2252 1.96 0.30 0.00
2253 1.32 0.82 0.00
2254 1.52 0.30 0.00
2255 1.44 0.30 0.00
2256 1.61 0.81 0.00
2257 2.66 0.30 0.00
2258 2.22 0.30 0.00
2259 1.29 0.82 0.00
2260 1.74 0.30 0.00
2261 0.74 0.30 0.00
2262 1.32 0.82 0.00
2263 1.67 0.30 0.00
2264 1.20 0.45 0.00
2265 1.43 2.25 0.00
2266 1.63 0.30 0.00
2267 0.77 0.30 0.00
2268 0.88 0.82 0.00
2269 1.40 0.30 0.00
2270 1.12 0.30 0.00
2271 1.18 0.82 0.00
2272 1.21 0.30 0.00
2273 0.55 0.30 0.00
2274 1.73 0.82 0.00
2275 0.88 0.30 0.00
2276 2.19 0.30 0.00
2277 1.44 0.82 0.00
2278 0.74 0.30 0.00
2279 3.26 0.37 0.00
2280 1.65 2.32 0.00
2281 1.61 0.30 0.00
2282 1.81 0.30 0.00
2283 1.51 0.82 0.00
2284 1.32 0.30 0.00
2285 1.10 0.30 0.00
2286 2.18 0.82 0.00
2287 1.22 0.30 0.00
2288 1.07 0.30 0.00
2289 1.44 0.82 0.00
2290 1.58 0.30 0.00
2291 1.89 0.30 0.00
2292 1.33 0.82 0.00
2293 0.96 0.30 0.00
2294 2.26 0.45 0.00
2295 0.99 2.25 0.00
2296 1.29 0.30 0.00
2297 1.88 0.30 0.00
2298 1.52 0.82 0.00
2299 0.44 0.30 0.00
2300 1.33 0.30 0.00
2301 0.74 0.82 0.00
2302 1.80 0.30 0.00
2303 1.74 0.30 0.00
2304 1.11 0.82 0.00
2305 0.77 0.30 0.00
2306 0.85 0.30 0.00
2307 1.50 0.82 0.00
2308 1.21 0.30 0.00
2309 1.01 0.45 0.00
2310 1.60 2.25 0.00
2311 0.74 0.30 0.00
2312 0.89 0.30 0.00
2313 2.07 0.82 0.00
2314 1.87 0.30 0.00
2315 1.11 0.30 0.00
2316 0.93 0.82 0.00
2317 0.97 0.30 0.00
2318 3.49 0.30 0.00
2319 1.39 0.82 0.00
2320 0.64 0.30 0.00
2321 2.45 0.30 0.00
2322 1.02 0.82 0.00
2323 0.94 0.30 0.00
2324 1.35 0.45 0.00
2325 0.66 2.25 0.00
2326 1.05 0.30 0.00
2327 1.11 0.30 0.00
2328 1.07 0.82 0.00
2329 0.88 0.30 0.00
2330 1.11 0.30 0.00
2331 1.15 0.82 0.00
2332 0.55 0.30 0.00
2333 1.41 0.30 0.00
2334 1.07 0.82 0.00
2335 1.11 0.30 0.00
2336 0.63 0.30 0.00
2337 1.11 0.82 0.00
2338 1.91 0.30 0.00
2339 1.01 0.45 0.00
2340 1.88 2.25 0.00
2341 1.84 0.30 0.00
2342 0.55 0.30 0.00
2343 0.85 0.82 0.00
2344 1.86 0.30 0.00
2345 0.97 0.30 0.00
2346 0.85 0.82 0.00
2347 1.93 0.30 0.00
2348 1.08 0.30 0.00
2349 1.21 0.82 0.00
2350 2.23 0.30 0.00
2351 1.05 0.30 0.00
2352 1.44 0.82 0.00
2353 2.22 0.30 0.00
2354 1.61 0.45 0.00
2355 1.22 2.25 0.00
2356 2.11 0.30 0.00
2357 0.88 0.30 0.00
2358 1.29 0.82 0.00
2359 2.12 0.30 0.00
2360 1.23 0.30 0.00
2361 1.85 0.82 0.00
2362 1.25 0.30 0.00
2363 1.30 0.30 0.00
2364 1.77 0.82 0.00
2365 0.55 0.30 0.00
2366 0.52 0.30 0.00
2367 1.66 0.82 0.00
2368 0.86 0.30 0.00
2369 0.57 0.45 0.00
2370 1.39 2.25 0.00
2371 0.63 0.30 0.00
2372 0.99 0.30 0.00
2373 1.40 0.82 0.00
2374 0.55 0.30 0.00
2375 1.97 0.30 0.00
2376 0.85 0.82 0.00
2377 0.77 0.30 0.00
2378 2.11 0.30 0.00
2379 0.96 0.82 0.00
2380 0.89 0.30 0.00
2381 1.30 0.30 0.00
2382 1.18 0.82 0.00
2383 0.73 0.30 0.00
2384 1.35 0.45 0.00
2385 0.66 2.25 0.00
2386 0.52 0.30 0.00
2387 1.21 0.30 0.00
2388 0.85 0.82 0.00
2389 1.11 0.30 0.00
2390 1.43 0.30 0.00
2391 1.07 0.82 0.00
2392 1.92 0.30 0.00
2393 1.30 0.30 0.00
2394 0.88 0.82 0.00
2395 2.37 0.30 0.00
2396 0.41 0.30 0.00
2397 0.66 0.82 0.00
2398 2.56 0.30 0.00
2399 0.68 1.87 0.00
2400 1.00 0.82 0.00
2401 1.63 0.30 0.00
2402 1.40 0.30 0.00
2403 0.93 0.82 0.00
2404 1.42 0.30 0.00
2405 0.55 0.30 0.00
2406 1.14 0.82 0.00
2407 1.75 0.30 0.00
2408 0.64 0.00 0.00
2409 0.77 0.82 0.00
2410 2.23 0.30 0.00
2411 1.08 0.30 0.00
2412 0.66 0.82 0.00
2413 1.47 0.30 0.00
2414 1.33 0.45 0.00
2415 1.88 2.25 0.00
2416 0.80 0.30 0.00
2417 0.44 0.30 0.00
2418 1.93 0.82 0.00
2419 0.66 0.30 0.00
2420 0.72 0.30 0.00
2421 1.51 0.82 0.00
2422 1.14 0.30 0.00
2423 1.52 0.30 0.00
2424 1.77 0.82 0.00
2425 1.11 0.30 0.00
2426 0.63 0.30 0.00
2427 1.66 0.82 0.00
2428 0.91 0.30 0.00
2429 0.68 0.45 0.00
2430 1.65 2.25 0.00
2431 2.23 0.30 0.00
2432 0.55 0.30 0.00
2433 1.51 0.82 0.00
2434 1.79 0.30 0.00
2435 1.11 0.30 0.00
2436 0.74 0.82 0.00
2437 1.70 0.30 0.00
2438 2.00 0.30 0.00
2439 1.22 0.82 0.00
2440 0.54 0.30 0.00
2441 1.31 0.30 0.00
2442 0.77 0.82 0.00
2443 0.62 0.30 0.00
2444 1.52 0.45 0.00
2445 0.66 2.25 0.00
2446 0.97 0.30 0.00
2447 1.33 0.30 0.00
2448 0.74 0.82 0.00
2449 0.55 0.30 0.00
2450 1.80 0.30 0.00
2451 1.07 0.82 0.00
2452 1.22 0.30 0.00
2453 1.85 0.30 0.00
2454 1.44 0.82 0.00
2455 1.43 0.30 0.00
2456 0.97 0.30 0.00
2457 0.55 0.82 0.00
2458 1.75 0.30 0.00
2459 0.57 0.45 0.00
2460 1.11 2.25 0.00
2461 1.30 0.30 0.00
2462 0.61 0.30 0.00
2463 2.07 0.82 0.00
2464 1.22 0.30 0.00
2465 0.87 0.38 0.00
2466 1.38 0.82 0.00
2467 1.07 0.37 0.00
2468 0.86 0.30 0.00
2469 1.76 0.82 0.00
2470 1.70 0.30 0.00
2471 0.86 0.30 0.00
2472 1.81 0.82 0.00
2473 1.19 0.30 0.00
2474 1.16 0.45 0.00
2475 2.37 2.25 0.00
2476 1.02 0.30 0.00
2477 0.60 0.30 0.00
2478 1.74 0.82 0.00
2479 0.55 0.30 0.00
2480 0.43 0.30 0.00
2481 1.40 0.82 0.00
2482 1.71 0.30 0.00
2483 0.75 0.30 0.00
2484 1.77 0.82 0.00
2485 0.89 0.30 0.00
2486 1.08 0.30 0.00
2487 2.11 0.82 0.00
2488 0.63 0.30 0.00
2489 1.47 0.37 0.00
2490 1.33 2.32 0.00
2491 0.74 0.30 0.00
2492 0.55 0.30 0.00
2493 1.91 0.82 0.00
2494 0.66 0.30 0.00
2495 1.33 0.30 0.00
2496 0.73 0.82 0.00
2497 0.90 0.30 0.00
2498 1.89 0.30 0.00
2499 0.65 0.82 0.00
2500 0.55 0.30 0.00
2501 1.64 0.30 0.00
2502 0.55 0.82 0.00
2503 0.70 0.30 0.00
2504 1.86 0.45 0.00
2505 0.66 2.25 0.00
2506 1.25 0.30 0.00
2507 1.33 0.30 0.00
2508 2.11 0.82 0.00
2509 0.66 0.30 0.00
2510 1.51 0.30 0.00
2511 1.78 0.82 0.00
2512 0.99 0.30 0.00
2513 1.97 0.30 0.00
2514 3.04 0.82 0.00
2515 1.32 0.30 0.00
2516 1.42 0.30 0.00
2517 1.32 0.82 0.00
2518 1.47 0.30 0.00
2519 1.25 0.45 0.00
2520 1.22 2.25 0.00
2521 1.18 0.30 0.00
2522 5.29 3.53 0.00
2523 0.96 0.82 0.00
2524 2.29 0.30 0.00
2525 5.14 609.53 0.00
2526 1.18 0.82 0.00
2527 1.55 0.30 0.00
2528 0.97 0.30 0.00
2529 1.18 0.82 0.00
2530 6.02 3.53 0.00
2531 2.57 224.47 0.00
2532 0.77 0.82 0.00
2533 5.40 3.53 0.00
2534 10.18 1514.91 0.00
2535 1.22 0.82 0.00
