0 0.00 27.38 27.83 15.68 888.49 1031.35 88.23 2.61 59.43 32.73 106.82 1.94 8.44
1 0.00 0.00 17.00 0.00 164.00 0.00 19.29 0.32 21.18 21.18 0.00 3.53 6.00
2 0.00 0.00 8.00 0.00 32.00 0.00 8.00 0.06 8.00 8.00 0.00 1.00 0.80
3 0.00 0.00 8.00 12.00 32.00 48.00 8.00 0.08 4.20 10.00 0.33 2.40 4.80
4 0.00 0.00 0.00 0.00 0.00 0.00 0.00 0.00 0.00 0.00 0.00 0.00 0.00
5 0.00 0.00 414.00 0.00 1656.00 0.00 8.00 3.40 8.15 8.15 0.00 1.99 82.40
6 0.00 0.00 328.00 0.00 1312.00 0.00 8.00 2.22 6.84 6.84 0.00 1.70 55.60
7 0.00 0.00 0.00 0.00 0.00 0.00 0.00 0.00 0.00 0.00 0.00 0.00 0.00
8 0.00 0.00 11.00 5.00 44.00 20.00 8.00 0.08 5.00 6.91 0.80 2.75 4.40
9 0.00 0.00 80.00 0.00 320.00 0.00 8.00 0.85 10.60 10.60 0.00 1.30 10.40
10 0.00 0.00 12.00 0.00 48.00 0.00 8.00 0.08 7.00 7.00 0.00 4.00 4.80
11 0.00 0.00 19.00 2.00 76.00 8.00 8.00 0.12 5.52 6.11 0.00 2.67 5.60
12 0.00 0.00 66.00 0.00 264.00 0.00 8.00 0.58 8.79 8.79 0.00 3.64 24.00
13 0.00 0.00 46.00 24.00 184.00 96.00 8.00 0.37 5.26 6.00 3.83 0.97 6.80
14 0.00 0.00 78.00 0.00 312.00 0.00 8.00 0.44 5.69 5.69 0.00 0.82 6.40
15 0.00 0.00 2.00 0.00 8.00 0.00 8.00 0.01 4.00 4.00 0.00 2.00 0.40
16 0.00 0.00 11.00 4.00 148.00 56.00 27.20 0.11 7.20 8.36 4.00 3.20 4.80
17 0.00 0.00 3141.00 0.00 12564.00 0.00 8.00 25.54 1.32 1.32 0.00 0.24 76.80
18 0.00 0.00 9.00 210.00 56.00 88312.00 807.01 31.34 240.86 38.22 249.54 1.94 42.40
19 0.00 0.00 46.00 0.00 508.00 0.00 22.09 1.48 30.78 30.78 0.00 19.74 90.80
20 0.00 0.00 42.00 1.00 428.00 56.00 22.51 1.56 37.77 38.57 4.00 14.42 62.00
21 0.00 0.00 31.00 0.00 324.00 0.00 20.90 0.78 24.13 24.13 0.00 10.71 33.20
22 0.00 0.00 167.00 0.00 692.00 0.00 8.29 4.75 27.57 27.57 0.00 5.99 100.00
23 0.00 0.00 68.00 85.00 272.00 340.00 8.00 2.97 20.42 45.88 0.05 6.48 99.20
24 0.00 0.00 27.00 0.00 108.00 0.00 8.00 2.76 96.59 96.59 0.00 36.89 99.60
25 0.00 0.00 141.00 0.00 564.00 0.00 8.00 2.74 20.09 20.09 0.00 7.04 99.20
26 0.00 8.00 51.00 40.00 204.00 236.00 9.67 4.30 47.82 33.73 65.80 3.65 33.20
27 0.00 0.00 138.00 0.00 552.00 0.00 8.00 4.00 29.25 29.25 0.00 4.17 57.60
28 0.00 0.00 93.00 105.00 372.00 420.00 8.00 1.65 8.32 8.77 7.92 0.69 13.60
29 0.00 0.00 30.00 0.00 164.00 0.00 10.93 0.04 1.20 1.20 0.00 1.20 3.60
30 0.00 0.00 0.00 0.00 0.00 0.00 0.00 0.00 0.00 0.00 0.00 0.00 0.00
31 0.00 0.00 18.00 8.00 72.00 68.00 10.77 0.17 6.46 7.11 5.00 1.23 3.20
32 0.00 0.00 49.00 0.00 276.00 0.00 11.27 0.41 8.33 8.33 0.00 4.65 22.80
33 0.00 0.00 18.00 105.00 112.00 420.00 8.65 0.99 8.03 8.44 7.96 0.62 7.60
34 0.00 0.00 6.00 0.00 24.00 0.00 8.00 0.05 8.00 8.00 0.00 4.00 2.40
35 0.00 3.00 6.00 93.00 24.00 29320.00 592.81 15.10 102.87 8.00 108.99 1.58 15.60
36 0.00 0.00 0.00 68.00 0.00 25040.00 736.47 2.00 101.76 0.00 101.76 0.47 3.20
37 0.00 0.00 8.00 0.00 32.00 0.00 8.00 0.03 4.00 4.00 0.00 0.50 0.40
38 0.00 0.00 0.00 112.00 0.00 448.00 8.00 0.89 7.93 0.00 7.93 0.07 0.80
39 0.00 0.00 6.00 0.00 24.00 0.00 8.00 0.14 24.00 24.00 0.00 12.00 7.20
40 0.00 0.00 134.00 0.00 584.00 0.00 8.72 5.26 36.27 36.27 0.00 7.13 95.60
41 0.00 0.00 44.00 295.00 188.00 122756.00 725.33 28.99 86.50 54.18 91.32 1.27 43.20
42 0.00 0.00 5.00 0.00 20.00 0.00 8.00 0.09 32.80 32.80 0.00 8.80 4.40
43 0.00 0.00 8.00 113.00 32.00 452.00 8.00 1.70 14.08 44.50 11.93 0.53 6.40
44 0.00 0.00 6.00 0.00 24.00 0.00 8.00 0.01 2.00 2.00 0.00 0.67 0.40
45 0.00 0.00 0.00 0.00 0.00 0.00 0.00 0.00 0.00 0.00 0.00 0.00 0.00
46 0.00 4.00 1.00 183.00 4.00 53828.00 585.13 9.73 52.87 28.00 53.01 0.76 14.00
47 0.00 0.00 0.00 0.00 0.00 0.00 0.00 0.00 0.00 0.00 0.00 0.00 0.00
48 0.00 0.00 4.00 113.00 56.00 452.00 8.68 1.54 13.13 48.00 11.89 0.85 10.00
49 0.00 0.00 9.00 0.00 36.00 0.00 8.00 0.10 11.56 11.56 0.00 2.22 2.00
50 0.00 0.00 8.00 0.00 32.00 0.00 8.00 0.06 8.00 8.00 0.00 1.00 0.80
51 0.00 1.00 4.00 200.00 16.00 92708.00 909.06 29.58 145.00 44.00 147.02 1.49 30.40
52 0.00 0.00 12.00 0.00 48.00 0.00 8.00 0.00 0.00 0.00 0.00 0.00 0.00
53 0.00 3080.00 29.00 1278.00 228.00 70272.00 107.88 31.86 23.54 7.59 23.91 0.32 42.00
54 0.00 1.00 45.00 150.00 3496.00 57680.00 627.45 16.50 79.67 76.27 80.69 3.86 75.20
55 0.00 0.00 177.00 0.00 11552.00 0.00 130.53 17.94 93.67 93.67 0.00 5.65 100.00
56 0.00 0.00 164.00 0.00 10792.00 0.00 131.61 18.27 121.37 121.37 0.00 6.10 100.00
57 0.00 0.00 123.00 4.00 10664.00 16.00 168.19 8.62 72.66 74.57 14.00 7.78 98.80
58 0.00 1103.00 516.00 301.00 12592.00 46652.00 145.03 13.41 16.47 3.83 38.13 0.67 54.80
59 0.00 2.00 112.00 127.00 13656.00 24744.00 321.34 10.06 42.14 23.04 58.99 4.18 100.00
60 0.00 0.00 28.00 0.00 3712.00 0.00 265.14 1.40 44.43 44.43 0.00 35.43 99.20
61 0.00 0.00 10.00 0.00 556.00 0.00 111.20 0.17 34.40 34.40 0.00 12.00 12.00
62 0.00 0.00 10.00 0.00 40.00 0.00 8.00 0.20 20.00 20.00 0.00 6.40 6.40
63 0.00 675.00 7.00 186.00 808.00 3444.00 44.06 4.30 22.26 22.86 22.24 1.16 22.40
64 0.00 0.00 93.00 2.00 748.00 132.00 18.53 0.61 6.44 6.58 0.00 2.65 25.20
65 0.00 137.00 235.00 5.00 14988.00 568.00 129.63 3.40 9.62 9.79 1.60 2.73 65.60
66 0.00 18.00 120.00 197.00 11512.00 32192.00 275.74 8.64 30.59 29.97 30.96 2.46 78.00
67 0.00 284.00 6.00 91.00 24.00 19252.00 397.44 2.65 27.34 0.00 29.14 0.70 6.80
68 0.00 0.00 10.00 105.00 40.00 420.00 8.00 0.59 5.15 17.60 3.96 0.49 5.60
69 0.00 383.00 262.00 102.00 21908.00 18340.00 221.14 4.60 12.64 9.89 19.69 2.42 88.00
70 0.00 0.00 37.00 65.00 1456.00 15768.00 337.73 2.55 25.10 29.84 22.40 5.18 52.80
71 0.00 0.00 35.00 0.00 192.00 0.00 10.97 1.37 38.86 38.86 0.00 18.51 64.80
72 0.00 0.00 78.00 0.00 312.00 0.00 8.00 1.76 22.26 22.26 0.00 12.82 100.00
73 0.00 0.00 55.00 104.00 496.00 416.00 11.47 3.05 18.64 42.11 6.23 4.45 70.80
74 0.00 0.00 167.00 0.00 2204.00 0.00 26.40 6.75 41.20 41.20 0.00 3.83 64.00
75 0.00 0.00 0.99 0.00 3.96 0.00 8.00 0.02 12.00 12.00 0.00 16.00 1.58
76 0.00 458.00 251.00 10.00 16264.00 1872.00 138.97 3.79 13.87 14.23 4.80 3.62 94.40
77 0.00 413.00 337.00 9.00 35724.00 1688.00 216.25 3.96 11.85 12.00 6.22 2.07 71.60
78 0.00 119.00 299.00 121.00 36292.00 960.00 177.39 3.23 7.59 8.88 4.40 1.59 66.80
79 0.00 272.00 415.00 10.00 34304.00 1128.00 166.74 3.20 7.68 7.75 4.80 2.30 97.60
80 0.00 544.00 47.00 15.00 3872.00 2236.00 197.03 0.50 8.19 8.17 8.27 2.06 12.80
81 0.00 0.00 30.00 0.00 120.00 0.00 8.00 0.04 1.47 1.47 0.00 1.07 3.20
82 0.00 0.00 13.00 0.00 52.00 0.00 8.00 0.09 7.08 7.08 0.00 3.69 4.80
83 0.00 416.00 274.00 118.00 27104.00 2136.00 149.18 19.00 46.38 46.48 46.14 2.40 94.00
84 0.00 140.00 363.00 16.00 32788.00 624.00 176.32 13.51 37.65 37.92 31.50 2.64 100.00
85 0.00 481.00 115.00 12.00 8052.00 1972.00 157.86 1.67 13.67 14.16 9.00 3.37 42.80
86 0.00 0.00 7.00 0.00 604.00 0.00 172.57 0.32 33.14 33.14 0.00 13.71 9.60
87 0.00 0.00 64.00 0.00 7184.00 0.00 224.50 3.25 50.56 50.56 0.00 15.38 98.40
88 0.00 0.00 36.00 13.00 1024.00 52.00 43.92 0.79 18.12 24.33 0.92 7.67 37.60
89 0.00 0.00 22.00 0.00 2056.00 0.00 186.91 1.71 77.64 77.64 0.00 24.36 53.60
90 0.00 0.00 2.00 0.00 8.00 0.00 8.00 0.10 48.00 48.00 0.00 28.00 5.60
91 0.00 0.00 12.00 0.00 48.00 0.00 8.00 0.08 6.67 6.67 0.00 1.00 1.20
92 0.00 1716.00 46.00 518.00 5152.00 72252.00 274.48 17.80 31.01 49.48 29.37 1.28 72.00
93 0.00 0.00 175.00 124.00 17764.00 496.00 122.14 10.90 35.63 58.03 4.00 3.34 100.00
94 0.00 0.00 118.00 0.00 8512.00 0.00 144.27 7.88 68.31 68.31 0.00 8.47 100.00
95 0.00 0.00 97.00 0.00 5264.00 0.00 108.54 6.72 69.65 69.65 0.00 10.31 100.00
96 0.00 0.00 136.00 2.00 9628.00 8.00 139.65 6.37 45.94 46.06 38.00 7.25 100.00
97 0.00 0.00 171.00 0.00 13020.00 0.00 152.28 7.65 45.29 45.29 0.00 5.85 100.00
98 0.00 981.00 47.00 22.00 4168.00 4012.00 237.10 1.18 18.55 23.49 8.00 7.19 49.60
99 0.00 0.00 16.00 0.00 656.00 0.00 82.00 0.91 56.25 56.25 0.00 37.75 60.40
100 0.00 0.00 35.00 0.00 816.00 0.00 46.63 1.08 30.97 30.97 0.00 28.11 98.40
101 0.00 0.00 53.00 0.00 740.00 0.00 27.92 1.49 26.72 26.72 0.00 18.57 98.40
102 0.00 793.00 127.00 241.00 1916.00 34896.00 200.07 17.15 38.90 28.79 44.23 2.72 100.00
103 0.00 0.00 138.00 165.00 3420.00 13472.00 111.50 16.45 63.27 82.26 47.39 3.30 100.00
104 0.00 0.00 43.00 0.00 780.00 0.00 36.28 1.62 41.30 41.30 0.00 23.26 100.00
105 0.00 0.00 11.00 0.00 120.00 0.00 21.82 0.22 23.27 23.27 0.00 16.73 18.40
106 0.00 32.00 93.00 185.00 5516.00 23684.00 210.07 20.10 71.50 62.41 76.06 2.96 82.40
107 0.00 425.00 188.00 17.00 13640.00 1768.00 150.32 6.31 31.88 34.28 5.41 4.70 96.40
108 0.00 0.00 45.00 102.00 3436.00 408.00 52.30 0.48 3.29 1.69 4.00 0.38 5.60
109 0.00 0.00 10.00 0.00 40.00 0.00 8.00 0.06 6.40 6.40 0.00 2.00 2.00
110 0.00 0.00 5.00 0.00 20.00 0.00 8.00 0.05 10.40 10.40 0.00 4.00 2.00
111 0.00 16.00 62.00 0.00 1120.00 0.00 36.13 1.37 8.77 8.77 0.00 4.84 30.00
112 0.00 725.00 48.00 250.00 472.00 48404.00 328.03 7.54 28.07 8.50 31.82 1.21 36.00
113 0.00 10563.00 5.00 309.00 20.00 71024.00 452.51 9.88 31.48 2.40 31.95 0.66 20.80
114 0.00 616.00 57.00 81.00 228.00 21512.00 315.07 2.67 19.33 14.32 22.86 3.48 48.00
115 0.00 0.00 17.00 40.00 80.00 10636.00 376.00 1.52 26.67 12.47 32.70 3.72 21.20
116 0.00 3696.00 33.00 163.00 132.00 46060.00 471.35 7.69 39.18 19.15 43.24 2.49 48.80
117 0.00 0.00 127.00 76.00 592.00 21772.00 220.33 7.97 38.80 29.95 53.58 4.93 100.00
118 0.00 68.00 46.00 126.00 184.00 20600.00 241.67 4.04 24.00 19.57 25.62 2.67 46.00
119 0.00 0.00 192.00 0.00 4448.00 0.00 46.33 8.04 36.56 36.56 0.00 5.21 100.00
120 0.00 0.00 314.00 0.00 6748.00 0.00 42.98 18.84 62.82 62.82 0.00 3.18 100.00
121 0.00 6926.00 648.00 290.00 9956.00 38876.00 104.12 12.15 13.11 8.58 23.23 1.06 99.60
122 0.00 0.00 1284.00 0.00 6296.00 0.00 9.81 3.26 2.55 2.55 0.00 0.78 99.60
123 0.00 0.00 278.00 75.00 1180.00 300.00 8.39 1.16 3.31 3.14 3.95 1.61 56.80
124 0.00 0.00 169.00 0.00 2780.00 0.00 32.90 1.05 6.18 6.18 0.00 2.46 41.60
125 0.00 1782.00 1177.00 158.00 27272.00 20420.00 71.45 6.36 4.76 3.73 12.46 0.75 100.00
126 0.00 0.00 193.00 0.00 780.00 0.00 8.08 1.58 8.06 8.06 0.00 5.14 99.20
127 0.00 0.00 94.00 0.00 376.00 0.00 8.00 1.37 14.04 14.04 0.00 10.43 98.00
128 0.00 455.00 638.00 220.00 10896.00 15628.00 61.83 5.96 6.94 5.52 11.05 1.16 99.60
129 0.00 1172.00 975.00 125.00 22612.00 17620.00 73.15 32.37 27.78 28.72 20.45 0.91 100.00
130 0.00 1.00 887.00 48.00 15120.00 6960.00 47.23 18.15 20.33 20.49 17.33 1.07 100.00
131 0.00 0.00 459.00 0.00 6532.00 0.00 28.46 4.64 10.20 10.20 0.00 2.00 91.60
132 0.00 0.00 91.00 0.00 1260.00 0.00 27.69 1.06 11.56 11.56 0.00 6.59 60.00
133 0.00 0.00 110.00 100.00 440.00 400.00 8.00 2.23 10.65 13.13 7.92 2.11 44.40
134 0.00 0.00 44.00 0.00 176.00 0.00 8.00 0.17 3.91 3.91 0.00 1.91 8.40
135 0.00 0.00 31.00 0.00 224.00 0.00 14.45 0.14 4.39 4.39 0.00 1.94 6.00
136 0.00 0.00 30.69 0.00 411.88 0.00 26.84 0.13 4.13 4.13 0.00 1.68 5.15
137 0.00 0.00 28.00 0.00 508.00 0.00 36.29 0.34 12.00 12.00 0.00 3.57 10.00
138 0.00 0.00 325.00 6.00 1308.00 24.00 8.05 1.43 4.33 4.34 3.33 1.76 58.40
139 0.00 0.00 297.00 0.00 1220.00 0.00 8.22 1.16 3.88 3.88 0.00 1.72 51.20
140 0.00 0.00 319.00 0.00 1948.00 0.00 12.21 1.49 4.64 4.64 0.00 3.12 99.60
141 0.00 0.00 68.00 0.00 272.00 0.00 8.00 0.38 5.76 5.76 0.00 3.88 26.40
142 0.00 0.00 4.00 0.00 16.00 0.00 8.00 0.05 12.00 12.00 0.00 3.00 1.20
143 0.00 0.00 8.00 6.00 32.00 24.00 8.00 0.14 4.00 4.00 4.00 6.86 9.60
144 0.00 399.00 124.00 14.00 3976.00 1652.00 81.57 11.92 82.70 71.13 185.14 7.22 99.60
145 0.00 0.00 174.00 0.00 15092.00 0.00 173.47 10.12 59.93 59.93 0.00 5.75 100.00
146 0.00 389.00 147.00 23.00 12112.00 1648.00 161.88 15.74 92.14 76.27 193.57 5.88 100.00
147 0.00 0.00 151.00 0.00 9596.00 0.00 127.10 6.40 44.69 44.69 0.00 3.97 60.00
148 0.00 0.00 4.00 15.00 16.00 60.00 8.00 0.16 8.63 27.00 3.73 5.89 11.20
149 0.00 0.00 10.00 0.00 136.00 0.00 27.20 0.34 34.40 34.40 0.00 16.40 16.40
150 0.00 0.00 4.00 0.00 16.00 0.00 8.00 0.22 55.00 55.00 0.00 42.00 16.80
151 0.00 516.00 158.00 18.00 13168.00 2136.00 173.91 11.98 65.93 58.05 135.11 5.48 96.40
152 0.00 399.00 322.00 105.00 22928.00 14272.00 174.24 8.30 20.30 18.35 26.29 2.28 97.20
153 0.00 263.00 451.00 159.00 1804.00 25028.00 87.97 3.38 5.53 0.98 18.44 0.49 30.00
154 0.00 0.00 77.00 26.00 1772.00 5940.00 149.75 0.80 7.73 4.57 17.08 2.33 24.00
155 0.00 418.00 96.00 11.00 2952.00 1716.00 87.25 0.17 1.57 1.33 3.64 0.60 6.40
156 0.00 0.00 337.00 0.00 1540.00 0.00 9.14 1.01 2.99 2.99 0.00 1.74 58.80
157 0.00 0.00 44.00 0.00 608.00 0.00 27.64 0.22 4.91 4.91 0.00 3.73 16.40
158 0.00 0.00 177.00 15.00 1064.00 60.00 11.71 0.85 4.46 4.84 0.00 3.08 59.20
159 0.00 2.00 54.00 85.00 556.00 18752.00 277.81 2.48 17.27 15.26 18.54 4.32 60.00
160 0.00 424.00 86.00 110.00 1276.00 26528.00 283.71 3.68 19.06 20.84 17.67 5.08 99.60
161 0.00 176.00 429.00 9.00 16688.00 1296.00 82.12 17.81 37.69 38.36 5.78 2.28 100.00
162 0.00 201.00 416.00 6.00 9924.00 828.00 50.96 27.64 68.27 66.38 199.33 2.37 100.00
163 0.00 0.00 252.00 99.00 2832.00 396.00 18.39 13.49 38.87 48.27 14.95 2.85 100.00
164 0.00 0.00 41.00 0.00 608.00 0.00 29.66 0.76 18.54 18.54 0.00 13.37 54.80
165 0.00 0.00 23.00 0.00 636.00 0.00 55.30 1.07 46.61 46.61 0.00 28.87 66.40
166 0.00 60.00 201.00 28.00 4124.00 1412.00 48.35 27.67 72.23 76.10 44.43 3.14 72.00
167 0.00 143.00 815.00 144.00 3440.00 30576.00 70.94 23.88 36.39 27.04 89.28 1.03 99.20
168 0.00 797.00 653.00 158.00 4700.00 22840.00 67.92 22.58 27.96 24.92 40.53 1.23 100.00
169 0.00 15935.00 224.00 227.00 1104.00 85852.00 385.61 21.66 45.76 15.43 75.68 2.22 100.00
170 0.00 0.00 115.00 64.00 700.00 15736.00 183.64 2.73 15.31 11.55 22.06 5.56 99.60
171 0.00 0.00 349.00 0.00 1436.00 0.00 8.23 2.74 8.03 8.03 0.00 2.74 95.60
172 0.00 0.00 10.00 0.00 596.00 0.00 119.20 0.04 4.00 4.00 0.00 3.20 3.20
173 0.00 0.00 8.00 73.00 124.00 292.00 10.27 0.34 4.20 6.50 3.95 0.54 4.40
174 0.00 0.00 3.00 0.00 12.00 0.00 8.00 0.20 1.33 1.33 0.00 5.33 1.60
175 0.00 2738.00 524.00 100.00 8344.00 19768.00 90.10 19.89 31.28 33.65 18.88 1.30 81.20
176 0.00 35.00 601.00 5.00 18088.00 160.00 60.22 30.35 48.34 48.49 29.60 1.66 100.40
177 0.00 0.00 572.00 0.00 3532.00 0.00 12.35 69.50 120.36 120.36 0.00 1.74 99.60
178 0.00 0.00 104.00 104.00 1112.00 416.00 14.69 22.10 117.21 172.27 62.15 2.79 58.00
179 0.00 0.00 16.00 0.00 600.00 0.00 75.00 2.63 164.00 164.00 0.00 46.75 74.80
180 0.00 0.00 6.00 0.00 24.00 0.00 8.00 0.06 12.00 12.00 0.00 9.33 5.60
181 0.00 175.00 461.00 74.00 11996.00 8896.00 78.10 23.67 43.08 47.20 17.41 1.59 84.80
182 0.00 164.00 515.00 167.00 7584.00 45892.00 156.82 28.11 38.51 38.99 37.03 1.47 100.00
183 0.00 69.00 172.00 77.00 1536.00 8692.00 82.15 11.00 24.90 32.19 8.62 3.78 94.00
184 0.00 28.00 101.00 60.00 4960.00 8504.00 167.25 8.15 92.17 62.38 142.33 5.37 86.40
185 0.00 0.00 150.00 0.00 8424.00 0.00 112.32 9.34 63.84 63.84 0.00 6.69 100.40
186 0.00 0.00 102.00 0.00 6696.00 0.00 131.29 3.58 38.35 38.35 0.00 9.76 99.60
187 0.00 0.00 62.00 0.00 248.00 0.00 8.00 1.62 25.81 25.81 0.00 16.06 99.60
188 0.00 0.00 120.00 25.00 616.00 7412.00 110.73 1.36 9.52 8.17 16.00 5.02 72.80
189 0.00 0.00 174.00 0.00 696.00 0.00 8.00 0.98 5.66 5.66 0.00 3.93 68.40
190 0.00 39.00 62.00 9.00 1068.00 192.00 35.49 1.97 23.44 26.45 2.67 14.08 100.00
191 0.00 0.00 137.00 0.00 5796.00 0.00 84.61 4.70 34.83 34.83 0.00 7.30 100.00
192 0.00 11.00 407.00 6.00 3636.00 68.00 17.94 4.36 11.13 11.27 1.33 2.41 99.60
193 0.00 0.00 125.00 18.00 632.00 72.00 9.85 0.97 6.80 7.23 3.78 2.27 32.40
194 0.00 0.00 70.00 0.00 8232.00 0.00 235.20 0.42 6.06 6.06 0.00 3.26 22.80
195 0.00 0.00 276.00 0.00 4908.00 0.00 35.57 2.43 8.80 8.80 0.00 1.94 53.60
196 0.00 0.00 580.00 0.00 2620.00 0.00 9.03 7.00 9.80 9.80 0.00 1.72 100.00
197 0.00 0.00 418.00 0.00 1672.00 0.00 8.00 7.40 18.37 18.37 0.00 2.46 102.80
198 0.00 0.00 496.00 5.00 1984.00 20.00 8.00 7.77 16.42 16.33 25.60 2.00 100.00
199 0.00 87.00 428.00 40.00 1752.00 568.00 9.91 12.61 27.34 29.34 6.00 2.14 100.00
200 0.00 31.00 111.00 119.00 700.00 34312.00 304.45 4.23 18.66 11.64 25.21 4.33 99.60
201 0.00 123.00 26.00 68.00 104.00 16840.00 360.51 13.26 141.02 58.31 172.65 10.64 100.00
202 0.00 131.00 29.00 71.00 116.00 18024.00 362.80 12.48 76.84 35.31 93.80 9.92 99.20
203 0.00 183.00 111.00 193.00 444.00 17756.00 119.74 31.30 105.33 44.22 140.48 3.29 100.00
204 0.00 0.00 97.00 0.00 448.00 0.00 9.24 3.41 76.78 76.78 0.00 10.31 100.00
205 0.00 0.00 42.00 0.00 168.00 0.00 8.00 1.42 35.14 35.14 0.00 23.81 100.00
206 0.00 0.00 32.00 0.00 128.00 0.00 8.00 3.39 84.38 84.38 0.00 31.25 100.00
207 0.00 0.00 152.00 0.00 1660.00 0.00 21.84 19.70 92.55 92.55 0.00 6.58 100.00
208 0.00 0.00 1242.00 110.00 8068.00 5660.00 20.31 73.45 57.91 49.79 149.49 0.74 100.00
209 0.00 1.00 2429.00 4.00 17864.00 20.00 14.70 48.99 20.50 20.51 20.00 0.34 81.60
210 0.00 0.00 6.00 0.00 24.00 0.00 8.00 0.24 40.00 40.00 0.00 12.00 7.20
211 0.00 0.00 45.00 0.00 180.00 0.00 8.00 0.42 8.80 8.80 0.00 7.82 35.20
212 0.00 11.00 808.00 58.00 3292.00 8472.00 27.17 10.68 12.32 12.17 14.34 1.15 100.00
213 0.00 309.00 103.00 182.00 432.00 18224.00 130.92 5.41 19.09 22.17 17.34 3.49 99.60
214 0.00 0.00 116.00 0.00 1496.00 0.00 25.79 2.84 23.21 23.21 0.00 8.62 100.00
215 0.00 0.00 128.00 0.00 1320.00 0.00 20.62 4.10 32.47 32.47 0.00 7.81 100.00
216 0.00 0.00 141.00 0.00 1480.00 0.00 20.99 4.78 33.93 33.93 0.00 7.09 100.00
217 0.00 0.00 137.00 0.00 620.00 0.00 9.05 1.44 11.15 11.15 0.00 4.41 60.40
218 0.00 0.00 135.00 89.00 540.00 7500.00 71.79 1.39 6.21 4.80 8.36 2.80 62.80
219 0.00 0.00 74.00 0.00 1048.00 0.00 28.32 0.55 7.35 7.35 0.00 6.70 49.60
220 0.00 0.00 187.00 0.00 4476.00 0.00 47.87 2.92 15.64 15.64 0.00 3.25 60.80
221 0.00 0.00 5.00 0.00 20.00 0.00 8.00 0.05 9.60 9.60 0.00 9.60 4.80
222 0.00 38.00 15.00 62.00 108.00 8592.00 225.97 3.20 41.51 4.27 50.52 1.45 11.20
223 0.00 3.00 3.00 91.00 12.00 8508.00 181.28 3.40 29.57 26.67 29.67 1.66 15.60
224 0.00 0.00 23.00 26.00 388.00 12272.00 516.73 1.28 38.94 42.26 36.00 6.61 32.40
225 0.00 0.00 7.00 0.00 496.00 0.00 141.71 0.53 65.14 65.14 0.00 70.86 49.60
226 0.00 0.00 10.00 0.00 116.00 0.00 23.20 0.12 19.20 19.20 0.00 10.80 10.80
227 0.00 0.00 7.00 0.00 28.00 0.00 8.00 0.04 5.71 5.71 0.00 5.71 4.00
228 0.00 0.00 3.00 108.00 12.00 432.00 8.00 0.50 4.54 25.33 3.96 0.43 4.80
229 0.00 0.00 3.00 0.00 12.00 0.00 8.00 0.05 16.00 16.00 0.00 16.00 4.80
230 0.00 0.00 4.00 0.00 16.00 0.00 8.00 0.11 28.00 28.00 0.00 28.00 11.20
231 0.00 0.00 5.00 0.00 20.00 0.00 8.00 0.09 17.60 17.60 0.00 17.60 8.80
232 0.00 0.00 3.00 0.00 12.00 0.00 8.00 0.02 6.67 6.67 0.00 4.00 1.20
233 0.00 0.00 4.00 5.00 16.00 20.00 8.00 0.02 2.22 5.00 0.00 2.22 2.00
234 0.00 554.00 328.00 1.00 2600.00 24.00 15.95 19.76 57.09 56.90 120.00 1.50 49.20
235 0.00 67.33 674.26 107.92 11100.99 26998.02 97.42 52.40 66.78 42.71 217.17 1.27 99.01
236 0.00 187.00 1271.00 92.00 18976.00 24176.00 63.32 37.96 28.65 23.55 99.13 0.73 100.00
237 0.00 0.00 252.00 0.00 11336.00 0.00 89.97 1.65 6.78 6.78 0.00 0.73 18.40
238 0.00 0.00 0.00 56.00 0.00 224.00 8.00 0.22 3.93 0.00 3.93 0.07 0.40
239 0.00 0.00 23.00 0.00 388.00 0.00 33.74 0.71 30.78 30.78 0.00 10.09 23.20
240 0.00 0.00 108.00 0.00 2972.00 0.00 55.04 9.03 82.37 82.37 0.00 6.56 70.80
241 0.00 33.00 252.00 8.00 8224.00 3876.00 93.08 19.18 68.00 66.86 104.00 3.85 100.00
242 0.00 2707.00 91.00 92.00 5820.00 19480.00 276.50 51.40 229.84 108.66 349.70 6.23 114.00
243 0.00 6692.00 585.00 165.00 25520.00 40888.00 177.09 22.12 30.26 16.17 80.19 1.33 99.60
244 0.00 1.00 223.00 61.00 1260.00 16020.00 121.69 2.89 10.21 5.42 27.74 2.63 74.80
245 0.00 62.00 101.00 103.00 1568.00 24228.00 252.90 4.19 20.53 8.04 32.78 2.20 44.80
246 0.00 142.00 6.00 85.00 24.00 23728.00 522.02 1.72 18.95 8.67 19.67 1.14 10.40
247 0.00 0.00 11.00 72.00 44.00 20692.00 499.66 1.90 22.89 4.00 25.78 1.01 8.40
248 0.00 0.00 10.00 31.00 40.00 124.00 8.00 0.32 7.80 31.20 0.26 2.24 9.20
249 0.00 0.00 8.00 0.00 32.00 0.00 8.00 0.15 18.50 18.50 0.00 18.50 14.80
250 0.00 0.00 3.00 0.00 12.00 0.00 8.00 0.07 22.67 22.67 0.00 8.00 2.40
251 0.00 0.00 3.00 35.00 12.00 15400.00 811.16 1.69 44.42 12.00 47.20 1.79 6.80
252 0.00 5.00 139.00 47.00 820.00 5300.00 65.81 1.69 9.08 4.52 22.55 2.15 40.00
253 0.00 0.00 34.00 80.00 136.00 320.00 8.00 1.26 11.05 9.06 11.90 1.47 16.80
254 0.00 0.00 7.00 0.00 28.00 0.00 8.00 0.10 13.71 13.71 0.00 8.57 6.00
255 0.00 61.00 53.00 103.00 240.00 18704.00 242.87 3.35 21.00 21.58 20.70 2.33 36.40
256 0.00 0.00 148.00 0.00 592.00 0.00 8.00 3.25 22.05 22.05 0.00 6.68 98.80
257 0.00 0.00 185.00 0.00 748.00 0.00 8.09 2.88 15.72 15.72 0.00 5.36 99.20
258 0.00 0.00 114.00 73.00 456.00 4248.00 50.31 1.20 5.86 6.35 5.10 1.65 30.80
259 0.00 79.00 70.00 307.00 280.00 53192.00 283.67 8.48 22.81 16.80 24.18 1.81 68.40
260 0.00 707.00 129.00 31.00 572.00 8252.00 110.30 45.94 124.75 142.23 52.00 6.25 100.00
261 0.00 19.00 275.00 114.00 2120.00 31064.00 170.61 80.41 226.21 182.69 331.19 2.57 100.00
262 0.00 23.00 274.00 133.00 1392.00 26336.00 136.26 80.07 226.92 170.60 342.95 2.46 100.00
263 0.00 24.00 364.00 196.00 2340.00 14568.00 60.39 99.55 180.05 155.03 226.51 1.79 100.00
264 0.00 28.00 526.00 116.00 4092.00 20828.00 77.63 78.98 127.74 118.16 171.17 1.56 100.40
265 0.00 14.00 2715.00 0.00 21284.00 0.00 15.68 47.48 17.96 17.96 0.00 0.37 100.00
266 0.00 4011.00 2634.00 96.00 38164.00 29968.00 49.91 29.64 10.97 10.09 35.00 0.36 99.60
267 0.00 0.00 668.00 0.00 2672.00 0.00 8.00 4.34 6.86 6.86 0.00 0.36 24.00
268 0.00 0.00 0.00 78.00 0.00 312.00 8.00 0.92 11.85 0.00 11.85 0.15 1.20
269 0.00 0.00 11.00 0.00 44.00 0.00 8.00 0.18 16.00 16.00 0.00 3.64 4.00
270 0.00 0.00 12.00 0.00 48.00 0.00 8.00 0.08 7.00 7.00 0.00 5.00 6.00
271 0.00 88.00 5.00 87.00 20.00 19932.00 433.74 3.66 39.78 11.20 41.43 1.30 12.00
272 0.00 3.00 16.00 52.00 148.00 17504.00 519.18 2.14 31.53 8.50 38.62 1.88 12.80
273 0.00 35.00 39.00 122.00 608.00 23120.00 294.76 16.72 98.34 58.77 110.98 4.32 69.60
274 0.00 242.00 38.00 42.00 1464.00 11576.00 326.00 9.05 99.60 89.05 109.14 12.50 100.00
275 0.00 36.00 47.00 97.00 1260.00 26160.00 380.83 14.30 112.92 64.34 136.45 5.94 85.60
276 0.00 36.00 58.00 73.00 1328.00 24764.00 398.35 6.94 53.07 27.93 73.04 6.14 80.40
277 0.00 10.00 31.00 57.00 124.00 15504.00 355.18 8.40 49.00 20.90 64.28 5.82 51.20
278 0.00 33.00 53.00 149.00 516.00 29168.00 293.90 15.05 94.50 50.87 110.01 4.08 82.40
279 0.00 0.00 48.00 0.00 668.00 0.00 27.83 1.23 26.50 26.50 0.00 13.25 63.60
280 0.00 0.00 195.00 0.00 4472.00 0.00 45.87 3.70 19.04 19.04 0.00 5.07 98.80
281 0.00 0.00 123.00 0.00 560.00 0.00 9.11 0.83 6.76 6.76 0.00 5.37 66.00
282 0.00 35.00 140.00 100.00 608.00 22912.00 196.00 12.30 37.88 37.86 37.92 2.37 56.80
283 0.00 0.00 124.00 78.00 544.00 312.00 8.48 27.21 142.95 175.68 90.92 4.79 96.80
284 0.00 34.00 156.00 8.00 624.00 124.00 9.12 44.47 146.83 136.90 340.50 6.12 100.40
285 0.00 99.00 502.00 200.00 2008.00 57712.00 170.14 52.05 105.40 56.59 227.92 1.37 96.40
286 0.00 91.00 2288.00 57.00 9708.00 15748.00 21.71 41.78 17.53 17.20 30.74 0.39 92.00
287 0.00 10.00 4841.00 53.00 19372.00 15352.00 14.19 33.06 6.88 6.47 44.45 0.20 99.20
288 0.00 7556.00 97.00 233.00 500.00 51844.00 317.24 6.32 19.26 5.36 25.05 0.97 32.00
289 0.00 67.00 5.00 0.00 20.00 0.00 8.00 3.74 6.40 6.40 0.00 18.40 9.20
290 0.00 48.00 33.00 114.00 132.00 23228.00 317.82 20.50 164.38 64.61 193.26 6.10 89.60
291 0.00 17.00 158.00 68.00 632.00 23240.00 211.26 4.34 16.94 5.72 43.00 2.53 57.20
292 0.00 11.00 1.00 70.00 4.00 22400.00 631.10 2.17 35.89 8.00 36.29 1.01 7.20
293 0.00 12.00 23.00 160.00 92.00 36112.00 395.67 4.52 25.64 8.00 28.18 0.96 17.60
294 0.00 0.00 5.00 0.00 20.00 0.00 8.00 1.21 31.20 31.20 0.00 18.40 9.20
295 0.00 0.00 41.00 66.00 616.00 16528.00 320.45 1.27 21.72 8.10 30.18 1.35 14.40
296 0.00 0.00 197.03 0.00 788.12 0.00 8.00 1.22 6.17 6.17 0.00 3.86 76.04
297 0.00 0.00 137.00 0.00 548.00 0.00 8.00 1.19 8.73 8.73 0.00 7.24 99.20
298 0.00 0.00 151.00 18.00 616.00 72.00 8.14 1.98 11.29 12.61 0.22 5.87 99.20
299 0.00 0.00 161.00 29.00 948.00 13868.00 155.96 4.30 22.91 22.53 24.97 5.26 100.00
300 0.00 11.00 495.00 95.00 1980.00 16700.00 63.32 21.24 35.27 35.85 32.25 1.69 100.00
301 0.00 28.00 395.00 130.00 1580.00 33016.00 131.79 36.89 69.74 64.68 85.14 1.90 100.00
302 0.00 0.00 468.00 0.00 1872.00 0.00 8.00 19.91 42.97 42.97 0.00 2.13 99.60
303 0.00 0.00 582.00 106.00 2328.00 424.00 8.00 27.32 38.95 35.37 58.60 1.44 99.20
304 0.00 0.00 513.00 0.00 2248.00 0.00 8.76 20.40 38.28 38.28 0.00 1.67 85.60
305 0.00 29.00 282.00 154.00 1504.00 38524.00 183.61 48.12 110.86 80.50 166.47 2.29 100.00
306 0.00 0.00 719.00 0.00 3872.00 0.00 10.77 25.87 37.44 37.44 0.00 1.39 100.00
307 0.00 0.00 892.00 0.00 3824.00 0.00 8.57 12.46 14.58 14.58 0.00 1.06 94.40
308 0.00 54.00 9.00 164.00 36.00 14224.00 164.86 4.53 26.20 12.00 26.98 0.55 9.60
309 0.00 0.00 6.00 30.00 24.00 8248.00 459.56 0.99 27.56 5.33 32.00 1.33 4.80
310 0.00 0.00 0.00 0.00 0.00 0.00 0.00 0.00 0.00 0.00 0.00 0.00 0.00
311 0.00 0.00 175.00 0.00 700.00 0.00 8.00 1.02 5.85 5.85 0.00 1.78 31.20
312 0.00 0.00 27.00 0.00 164.00 0.00 12.15 0.96 30.07 30.07 0.00 7.56 20.40
313 0.00 0.00 63.00 24.00 268.00 96.00 8.37 1.88 23.31 30.73 3.83 8.92 77.60
314 0.00 533.00 10.00 133.00 40.00 40720.00 570.07 5.35 37.43 41.60 37.11 1.48 21.20
315 0.00 0.00 4.00 0.00 16.00 0.00 8.00 0.36 65.00 65.00 0.00 34.00 13.60
316 0.00 0.00 31.00 0.00 124.00 0.00 8.00 0.57 21.81 21.81 0.00 4.13 12.80
317 0.00 0.00 6.00 0.00 24.00 0.00 8.00 0.04 6.00 6.00 0.00 4.67 2.80
318 0.00 0.00 6.00 77.00 24.00 308.00 8.00 0.72 8.72 18.67 7.95 0.63 5.20
319 0.00 0.00 122.00 11.00 488.00 5392.00 88.42 1.06 8.00 7.31 15.64 4.06 54.00
320 0.00 0.00 275.00 0.00 5112.00 0.00 37.18 1.87 6.81 6.81 0.00 1.88 51.60
321 0.00 0.00 6.00 0.00 24.00 0.00 8.00 0.23 38.67 38.67 0.00 12.67 7.60
322 0.00 0.00 65.00 0.00 260.00 0.00 8.00 1.04 15.88 15.88 0.00 11.94 77.60
323 0.00 0.00 134.00 9.00 884.00 36.00 12.87 0.83 5.87 6.03 3.56 3.08 44.00
324 0.00 0.00 12.00 0.00 48.00 0.00 8.00 0.09 7.33 7.33 0.00 7.33 8.80
325 0.00 0.00 5.00 0.00 20.00 0.00 8.00 0.04 8.00 8.00 0.00 3.20 1.60
326 0.00 0.00 9.00 0.00 36.00 0.00 8.00 0.08 8.44 8.44 0.00 6.67 6.00
327 0.00 0.00 0.00 0.00 0.00 0.00 0.00 0.00 0.00 0.00 0.00 0.00 0.00
328 0.00 0.00 6.00 5.00 24.00 20.00 8.00 0.09 8.00 12.00 3.20 2.55 2.80
329 0.00 0.00 4.00 0.00 16.00 0.00 8.00 0.02 5.00 5.00 0.00 5.00 2.00
330 0.00 0.00 52.00 0.00 2936.00 0.00 112.92 2.26 38.77 38.77 0.00 3.77 19.60
331 0.00 0.00 149.00 0.00 16780.00 0.00 225.23 8.47 56.08 56.08 0.00 6.71 100.00
332 0.00 0.00 99.00 0.00 10068.00 0.00 203.39 10.11 101.41 101.41 0.00 10.10 100.00
333 0.00 1.00 92.00 11.00 9172.00 48.00 179.03 11.12 108.78 105.13 139.27 9.71 100.00
334 0.00 0.00 343.00 0.00 20492.00 0.00 119.49 9.95 29.48 29.48 0.00 2.92 100.00
335 0.00 0.00 334.00 0.00 14780.00 0.00 88.50 10.01 29.88 29.88 0.00 2.99 100.00
336 0.00 8.00 1081.00 6.00 32212.00 56.00 59.37 22.14 20.01 19.91 39.33 0.92 100.00
337 0.00 0.00 703.00 0.00 2824.00 0.00 8.03 13.54 18.92 18.92 0.00 1.42 100.00
338 0.00 0.00 224.00 18.00 896.00 72.00 8.00 9.72 38.99 36.80 66.22 4.13 100.00
339 0.00 43.00 116.00 54.00 464.00 492.00 11.25 5.88 35.62 38.90 28.59 5.88 100.00
340 0.00 0.00 197.00 0.00 6212.00 0.00 63.07 20.80 102.88 102.88 0.00 5.08 100.00
341 0.00 1.00 227.00 0.00 8556.00 0.00 75.38 20.42 91.30 91.30 0.00 4.41 100.00
342 0.00 0.00 478.00 2.00 9860.00 12.00 41.13 12.99 27.70 27.64 42.00 2.08 100.00
343 0.00 43.00 575.00 202.00 11532.00 22788.00 88.34 23.26 30.03 21.15 55.29 1.29 100.00
344 0.00 1.00 558.00 52.00 2244.00 15280.00 57.46 11.54 18.92 15.03 60.77 1.53 93.20
345 0.00 0.00 1011.00 50.00 4044.00 16344.00 38.43 8.90 8.39 6.04 56.00 0.87 92.00
346 0.00 0.00 176.00 3.00 1204.00 12.00 13.59 1.55 8.02 7.86 17.33 5.43 97.20
347 0.00 0.00 39.00 35.00 464.00 8272.00 236.11 2.75 36.27 43.69 28.00 13.51 100.00
348 0.00 0.00 43.00 117.00 172.00 468.00 8.00 1.58 10.85 29.58 3.97 6.20 99.20
349 0.00 0.00 83.00 0.00 332.00 0.00 8.00 1.03 12.63 12.63 0.00 11.76 97.60
350 0.00 0.00 136.63 0.00 546.53 0.00 8.00 1.26 9.19 9.19 0.00 7.19 98.22
351 0.00 3048.00 610.00 31.00 59520.00 12316.00 224.14 7.91 12.36 11.53 28.65 1.56 100.00
352 0.00 1.00 511.00 36.00 44784.00 15012.00 218.63 6.10 11.12 9.30 37.00 1.82 99.60
353 0.00 0.00 274.00 106.00 18640.00 424.00 100.34 4.99 13.18 16.74 3.96 2.61 99.20
354 0.00 0.00 143.00 0.00 17616.00 0.00 246.38 2.98 20.87 20.87 0.00 6.88 98.40
355 0.00 83.00 10.00 67.00 40.00 8792.00 229.40 1.02 13.30 3.60 14.75 0.73 5.60
356 0.00 0.00 6.00 29.00 24.00 8244.00 472.46 0.75 21.49 8.00 24.28 1.26 4.40
357 0.00 13.00 129.00 57.00 9744.00 8424.00 195.35 5.20 27.94 19.35 47.37 1.83 34.00
358 0.00 0.00 0.00 123.00 0.00 492.00 8.00 1.47 11.93 0.00 11.93 0.13 1.60
359 0.00 0.00 14.00 0.00 164.00 0.00 23.43 0.16 11.14 11.14 0.00 3.43 4.80
360 0.00 7.00 347.00 2.00 29356.00 36.00 168.44 3.17 9.03 9.07 2.00 1.07 37.20
361 0.00 18.00 639.00 36.00 30004.00 13900.00 130.09 4.60 6.84 5.18 36.33 0.98 66.40
362 0.00 83.00 8.00 88.00 32.00 17008.00 355.00 3.83 39.92 15.50 42.14 1.42 13.60
363 0.00 0.00 10.00 57.00 128.00 8360.00 253.37 2.75 41.07 104.40 29.96 4.48 30.00
364 0.00 3.00 18.00 95.00 316.00 24356.00 436.67 4.59 39.40 37.78 39.71 3.54 40.00
365 0.00 0.00 57.00 35.00 1536.00 8268.00 213.13 2.45 28.13 30.46 24.34 7.96 73.20
366 0.00 2.00 247.00 40.00 16204.00 17416.00 234.29 3.41 11.71 8.29 32.80 1.95 56.00
367 0.00 24.00 222.00 6.00 26612.00 120.00 234.49 1.32 6.04 6.14 2.00 2.05 46.80
368 0.00 83.00 7.00 216.00 28.00 20024.00 179.84 3.23 14.48 12.00 14.56 0.50 11.20
369 0.00 0.00 55.00 33.00 220.00 8256.00 192.64 1.20 13.68 5.09 28.00 1.45 12.80
370 0.00 0.00 21.00 0.00 260.00 0.00 24.76 0.18 8.38 8.38 0.00 4.00 8.40
371 0.00 0.00 10.00 0.00 40.00 0.00 8.00 0.18 17.60 17.60 0.00 4.80 4.80
372 0.00 0.00 3.00 0.00 12.00 0.00 8.00 0.02 8.00 8.00 0.00 2.67 0.80
373 0.00 0.00 9.00 100.00 164.00 400.00 10.35 1.63 14.94 4.89 15.84 0.29 3.20
374 0.00 0.00 13.00 29.00 52.00 13936.00 666.10 1.78 42.38 47.69 40.00 5.24 22.00
375 0.00 0.00 1.00 0.00 4.00 0.00 8.00 0.06 60.00 60.00 0.00 60.00 6.00
376 0.00 0.00 19.00 0.00 76.00 0.00 8.00 0.94 44.84 44.84 0.00 37.68 71.60
377 0.00 0.00 11.00 0.00 44.00 0.00 8.00 0.20 26.18 26.18 0.00 17.09 18.80
378 0.00 0.00 4.00 68.00 16.00 272.00 8.00 0.78 10.83 4.00 11.24 0.22 1.60
379 0.00 0.00 2.00 0.00 8.00 0.00 8.00 0.03 16.00 16.00 0.00 8.00 1.60
380 0.00 0.00 62.00 0.00 1448.00 0.00 46.71 3.45 44.19 44.19 0.00 2.52 15.60
381 0.00 0.00 987.00 0.00 26272.00 0.00 53.24 24.33 24.72 24.72 0.00 1.01 100.00
382 0.00 20.00 582.00 9.00 48344.00 116.00 163.99 9.93 17.87 18.08 4.89 1.69 100.00
383 0.00 29.00 1104.00 24.00 37352.00 212.00 66.60 16.57 14.54 14.72 6.00 0.70 79.20
384 0.00 217.00 426.00 11.00 33724.00 912.00 158.52 3.45 8.34 8.48 2.91 1.39 60.80
385 0.00 0.00 50.00 0.00 212.00 0.00 8.48 0.34 6.56 6.56 0.00 5.04 25.20
386 0.00 0.00 71.00 0.00 332.00 0.00 9.35 0.22 3.27 3.27 0.00 2.08 14.80
387 0.00 0.00 0.00 0.00 0.00 0.00 0.00 0.00 0.00 0.00 0.00 0.00 0.00
388 0.00 76.00 15.00 96.00 60.00 8932.00 162.02 0.91 8.18 6.67 8.42 0.72 8.00
389 0.00 1.00 6.00 40.00 24.00 19220.00 836.70 1.34 29.22 48.67 26.30 2.35 10.80
390 0.00 0.00 4.00 0.00 16.00 0.00 8.00 0.03 8.00 8.00 0.00 2.00 0.80
391 0.00 62.00 3.00 73.00 12.00 16808.00 442.63 2.42 31.84 30.67 31.89 1.84 14.00
392 0.00 70.00 9.00 45.00 36.00 11364.00 422.22 1.96 36.22 62.22 31.02 2.15 11.60
393 0.00 0.00 33.00 106.00 168.00 22772.00 330.07 2.20 15.80 9.58 17.74 1.41 19.60
394 0.00 95.00 31.00 18.00 1168.00 6080.00 295.84 2.59 15.43 16.90 12.89 5.80 28.40
395 0.00 170.00 73.00 95.00 1396.00 17336.00 223.00 2.82 27.71 16.22 36.55 3.95 66.40
396 0.00 138.00 11.00 75.00 96.00 21556.00 503.53 3.54 36.00 39.27 35.52 2.28 19.60
397 0.00 0.00 22.00 43.00 88.00 15616.00 483.20 1.42 28.55 9.45 38.33 1.78 11.60
398 0.00 117.00 20.00 99.00 120.00 19508.00 329.88 2.00 16.91 10.60 18.18 1.28 15.20
399 0.00 1.00 18.00 62.00 288.00 16500.00 419.70 3.41 42.35 20.89 48.58 5.30 42.40
400 0.00 129.00 43.00 28.00 748.00 9552.00 290.14 1.78 25.30 29.40 19.00 14.03 99.60
401 0.00 112.00 103.00 85.00 1676.00 26284.00 297.45 6.40 33.89 34.72 32.89 5.32 100.00
402 0.00 0.00 135.00 0.00 3004.00 0.00 44.50 5.87 43.70 43.70 0.00 6.76 91.20
403 0.00 0.00 3.00 27.00 12.00 108.00 8.00 0.18 6.13 26.67 3.85 2.80 8.40
404 0.00 0.00 8.00 0.00 32.00 0.00 8.00 0.28 32.50 32.50 0.00 26.50 21.20
405 0.00 288.00 184.00 175.00 848.00 53660.00 303.67 13.98 38.97 27.30 51.25 2.77 99.60
406 0.00 16.00 204.00 338.00 4148.00 41084.00 166.91 56.79 78.72 68.25 85.03 1.85 100.00
407 0.00 0.00 188.00 54.00 13288.00 22160.00 292.96 28.12 172.83 84.09 481.78 4.13 100.00
408 0.00 0.00 124.00 0.00 12388.00 0.00 199.81 12.43 75.32 75.32 0.00 8.06 100.00
409 0.00 32.67 410.89 127.72 49128.71 641.58 184.81 13.68 31.69 17.39 77.71 1.85 99.41
410 0.00 0.00 127.00 0.00 12412.00 0.00 195.46 9.06 69.98 69.98 0.00 7.84 99.60
411 0.00 127.00 189.00 12.00 19852.00 924.00 206.73 10.92 51.48 49.33 85.33 4.98 100.00
412 0.00 0.00 111.00 11.00 10116.00 5380.00 254.03 6.98 60.52 57.80 88.00 8.20 100.00
413 0.00 689.00 230.00 23.00 23364.00 2848.00 207.21 9.83 39.87 40.90 29.57 3.95 100.00
414 0.00 0.00 235.00 20.00 14012.00 80.00 110.53 4.50 18.42 18.26 20.20 3.92 100.00
415 0.00 86.00 153.00 105.00 676.00 27704.00 220.00 5.88 21.71 10.85 37.52 3.84 99.20
416 0.00 10.00 54.00 61.00 216.00 18276.00 321.60 3.25 28.31 18.00 37.44 2.05 23.60
417 0.00 0.00 6.00 22.00 24.00 10308.00 738.00 0.93 31.57 44.67 28.00 6.86 19.20
418 0.00 6.00 22.00 84.00 88.00 27120.00 513.36 4.37 41.66 23.45 46.43 2.83 30.00
419 0.00 14.00 54.00 47.00 520.00 244.00 15.13 0.32 3.13 5.70 0.17 1.94 19.60
420 0.00 5.00 24.00 85.00 128.00 18508.00 341.94 3.22 29.50 11.00 34.73 1.25 13.60
421 0.00 0.00 2.00 0.00 8.00 0.00 8.00 0.01 4.00 4.00 0.00 2.00 0.40
422 0.00 0.00 7.00 0.00 112.00 0.00 32.00 0.08 12.00 12.00 0.00 4.00 2.80
423 0.00 641.00 11.00 115.00 416.00 29516.00 475.11 4.66 36.38 24.36 37.53 2.44 30.80
424 0.00 77.00 46.00 259.00 4208.00 41912.00 302.43 11.31 37.21 51.65 34.64 3.13 95.60
425 0.00 7.00 167.00 59.00 18252.00 18532.00 325.52 4.86 21.72 15.28 39.93 4.16 94.00
426 0.00 0.00 174.00 53.00 17576.00 16468.00 299.95 3.15 13.89 4.30 45.36 1.60 36.40
427 0.00 42.00 5.00 62.00 20.00 18804.00 561.91 3.05 45.55 11.20 48.32 1.25 8.40
428 0.00 0.00 9.00 27.00 124.00 12440.00 698.00 1.06 29.44 50.22 22.52 4.44 16.00
429 0.00 31.00 30.00 143.00 2228.00 11016.00 153.11 4.06 22.89 35.47 20.25 2.50 43.20
430 0.00 61.00 101.00 342.00 8564.00 83596.00 416.07 22.34 49.17 51.52 48.48 2.23 98.80
431 0.00 0.00 348.00 0.00 12744.00 0.00 73.24 16.72 49.29 49.29 0.00 2.87 100.00
432 0.00 0.00 370.00 0.00 9628.00 0.00 52.04 22.79 61.18 61.18 0.00 2.70 100.00
433 0.00 11.00 219.00 8.00 10152.00 76.00 90.11 14.01 62.38 63.84 22.50 4.41 100.00
434 0.00 0.00 192.00 108.00 14532.00 432.00 99.76 11.76 38.28 37.44 39.78 3.37 101.20
435 0.00 10.00 115.00 4.00 13232.00 56.00 223.33 6.60 56.91 55.79 89.00 8.40 100.00
436 0.00 0.00 114.00 0.00 11120.00 0.00 195.09 7.34 63.09 63.09 0.00 8.77 100.00
437 0.00 120.00 181.00 18.00 21992.00 552.00 226.57 5.35 27.42 26.50 36.67 5.01 99.60
438 0.00 371.00 81.00 84.00 7264.00 17092.00 295.22 7.47 45.04 40.59 49.33 5.16 85.20
439 0.00 6.00 182.00 111.00 11876.00 16728.00 195.25 9.12 31.92 27.45 39.24 3.41 100.00
440 0.00 3.00 118.00 40.00 472.00 10412.00 137.77 2.48 15.80 12.51 25.50 6.18 97.60
441 0.00 43.00 49.00 53.00 980.00 21432.00 439.45 4.85 45.73 49.80 41.96 7.61 77.60
442 0.00 0.00 464.00 62.00 5300.00 17340.00 86.08 5.48 10.71 8.47 27.48 1.90 100.00
443 0.00 52.00 554.00 67.00 2224.00 8604.00 34.87 3.35 5.45 4.39 14.21 0.86 53.60
444 0.00 4.00 22.00 68.00 96.00 15620.00 349.24 2.65 29.47 4.00 37.71 1.24 11.20
445 0.00 0.00 4.00 44.00 16.00 13732.00 572.83 1.61 33.58 8.00 35.91 1.50 7.20
446 0.00 35.00 4.00 69.00 16.00 23112.00 633.64 2.60 35.62 18.00 36.64 2.19 16.00
447 0.00 53.00 4.00 68.00 16.00 16744.00 465.56 1.59 22.06 26.00 21.82 2.33 16.80
448 0.00 0.00 21.00 33.00 212.00 8260.00 313.78 1.26 23.33 10.10 31.76 1.63 8.80
449 0.00 0.00 7.00 23.00 28.00 92.00 8.00 0.14 4.67 7.43 3.83 1.60 4.80
450 0.00 0.00 7.00 0.00 28.00 0.00 8.00 0.06 8.57 8.57 0.00 2.29 1.60
451 0.00 0.00 6.00 0.00 24.00 0.00 8.00 0.28 47.33 47.33 0.00 20.00 12.00
452 0.00 0.00 4.00 0.00 16.00 0.00 8.00 0.03 7.00 7.00 0.00 4.00 1.60
453 0.00 0.00 12.00 29.00 48.00 13780.00 674.54 1.32 32.29 6.33 43.03 1.95 8.00
454 0.00 0.00 16.00 9.00 820.00 36.00 68.48 0.49 14.88 21.25 3.56 8.80 22.00
455 0.00 0.00 34.00 0.00 1024.00 0.00 60.24 1.60 49.06 49.06 0.00 21.06 71.60
456 0.00 0.00 37.00 0.00 640.00 0.00 34.59 0.33 10.16 10.16 0.00 4.54 16.80
457 0.00 0.00 9.00 0.00 104.00 0.00 23.11 0.14 15.56 15.56 0.00 3.11 2.80
458 0.00 0.00 8.00 0.00 32.00 0.00 8.00 0.13 16.00 16.00 0.00 2.00 1.60
459 0.00 0.00 17.00 5.00 108.00 20.00 11.64 0.36 9.64 11.53 3.20 3.82 8.40
460 0.00 0.00 64.00 0.00 1200.00 0.00 37.50 1.54 26.31 26.31 0.00 15.38 98.40
461 0.00 0.00 48.00 0.00 1552.00 0.00 64.67 1.96 37.42 37.42 0.00 20.75 99.60
462 0.00 0.00 94.00 0.00 2228.00 0.00 47.40 9.16 99.15 99.15 0.00 10.64 100.00
463 0.00 0.00 213.00 0.00 1272.00 0.00 11.94 1.50 7.06 7.06 0.00 4.54 96.80
464 0.00 0.00 245.00 11.00 1120.00 44.00 9.09 1.77 6.88 7.02 3.64 3.83 98.00
465 0.00 7.00 140.00 3.00 852.00 40.00 12.48 1.02 7.22 7.34 1.33 4.87 69.60
466 0.00 0.00 8.00 0.00 32.00 0.00 8.00 0.06 7.00 7.00 0.00 7.50 6.00
467 0.00 0.00 328.71 0.00 1853.47 0.00 11.28 1.52 4.63 4.63 0.00 2.96 97.43
468 0.00 0.00 248.00 0.00 992.00 0.00 8.00 1.07 4.24 4.24 0.00 3.32 82.40
469 0.00 0.00 349.00 6.00 1544.00 24.00 8.83 1.88 5.36 5.46 0.00 2.78 98.80
470 0.00 94.00 342.00 13.00 1380.00 428.00 10.19 1.72 4.85 4.78 6.46 2.10 74.40
471 0.00 0.00 25.00 0.00 504.00 0.00 40.32 0.27 10.72 10.72 0.00 4.80 12.00
472 0.00 0.00 2.00 0.00 8.00 0.00 8.00 0.02 8.00 8.00 0.00 4.00 0.80
473 0.00 4.00 6.00 35.00 24.00 256.00 13.66 0.29 7.12 7.33 7.09 1.17 4.80
474 0.00 6.00 84.00 135.00 560.00 29928.00 278.43 5.01 22.79 13.57 28.53 1.32 28.80
475 0.00 33.00 69.00 258.00 464.00 73820.00 454.34 8.69 26.19 12.64 29.81 2.13 69.60
476 0.00 0.00 71.00 0.00 1164.00 0.00 32.79 2.06 29.92 29.92 0.00 13.69 97.20
477 0.00 0.00 108.00 0.00 10420.00 0.00 192.96 6.13 53.81 53.81 0.00 8.96 96.80
478 0.00 0.00 303.00 0.00 38040.00 0.00 251.09 5.68 19.84 19.84 0.00 2.84 86.00
479 0.00 22.00 236.00 112.00 24076.00 536.00 141.45 8.06 22.25 30.75 4.36 2.87 100.00
480 0.00 4.00 290.00 12.00 31416.00 5392.00 243.76 6.66 22.70 23.10 13.00 2.77 83.60
481 0.00 6.00 295.00 4.00 26428.00 40.00 177.04 3.70 12.60 12.76 1.00 2.86 85.60
482 0.00 0.00 148.00 0.00 1776.00 0.00 24.00 1.19 8.05 8.05 0.00 5.22 77.20
483 0.00 0.00 9.00 0.00 36.00 0.00 8.00 0.07 8.00 8.00 0.00 2.67 2.40
484 0.00 0.00 12.00 19.00 116.00 76.00 12.39 0.20 5.81 8.67 4.00 1.81 5.60
485 0.00 5.00 114.00 5.00 1088.00 40.00 18.96 1.30 10.99 11.40 1.60 3.43 40.80
486 0.00 0.00 447.00 0.00 2080.00 0.00 9.31 3.54 7.95 7.95 0.00 2.24 100.00
487 0.00 0.00 89.00 0.00 356.00 0.00 8.00 1.31 13.71 13.71 0.00 11.10 98.80
488 0.00 0.00 62.00 0.00 248.00 0.00 8.00 1.48 25.23 25.23 0.00 16.06 99.60
489 0.00 0.00 94.00 13.00 376.00 52.00 8.00 2.87 26.36 29.49 3.69 9.27 99.20
490 0.00 0.00 150.00 0.00 740.00 0.00 9.87 3.22 21.55 21.55 0.00 6.67 100.00
491 0.00 0.00 126.00 0.00 504.00 0.00 8.00 1.19 9.87 9.87 0.00 7.84 98.80
492 0.00 0.00 518.00 0.00 2072.00 0.00 8.00 3.08 5.95 5.95 0.00 1.91 98.80
493 0.00 0.00 262.00 0.00 1060.00 0.00 8.09 1.75 6.55 6.55 0.00 3.77 98.80
494 0.00 0.00 288.00 12.00 1152.00 48.00 8.00 2.03 6.88 7.01 3.67 3.28 98.40
495 0.00 86.00 290.00 73.00 1160.00 14068.00 83.90 3.17 8.74 6.46 17.81 2.71 98.40
496 0.00 0.00 310.00 2.00 1240.00 8.00 8.00 2.03 6.46 6.48 4.00 3.15 98.40
497 0.00 0.00 402.00 56.00 1608.00 12556.00 61.85 6.18 13.47 8.68 47.86 2.14 98.00
498 0.00 1.00 594.00 93.00 2384.00 26876.00 85.18 11.08 16.14 12.28 40.82 1.35 92.80
499 0.00 30.00 380.00 148.00 1604.00 25944.00 104.35 17.72 33.11 33.20 32.86 1.89 100.00
500 0.00 0.00 167.00 0.00 668.00 0.00 8.00 3.34 20.36 20.36 0.00 5.99 100.00
501 0.00 0.00 137.00 0.00 640.00 0.00 9.34 3.70 27.27 27.27 0.00 7.30 100.00
502 0.00 36.00 178.00 7.00 14352.00 172.00 157.02 8.73 46.57 48.29 2.86 5.41 100.00
503 0.00 0.00 197.00 2.00 13188.00 8.00 132.62 10.20 51.02 51.51 2.00 5.03 100.00
504 0.00 24.00 693.00 29.00 59820.00 212.00 166.29 8.00 11.46 11.84 2.34 1.39 100.00
505 0.00 12.00 662.00 3.00 42252.00 60.00 127.25 7.22 10.93 10.98 0.00 1.50 100.00
506 0.00 14.00 447.00 101.00 3616.00 23440.00 98.74 6.00 10.86 7.85 24.20 1.84 100.80
507 0.00 8.00 869.00 46.00 3476.00 12068.00 33.98 6.05 6.61 5.40 29.48 1.09 99.60
508 0.00 1.00 690.00 38.00 2760.00 12604.00 42.21 10.64 13.57 12.27 37.05 1.37 100.00
509 0.00 63.00 335.00 160.00 1352.00 22664.00 97.03 12.54 26.89 24.20 32.52 2.02 100.00
510 0.00 0.00 142.00 60.00 568.00 16500.00 168.99 5.90 29.13 30.45 26.00 4.95 100.00
511 0.00 92.00 994.00 80.00 8456.00 21736.00 56.22 10.06 9.38 7.92 27.55 0.93 99.60
512 0.00 3693.00 755.00 87.00 20860.00 25580.00 110.31 11.23 12.00 9.56 33.15 1.19 100.40
513 0.00 1.00 561.00 47.00 24500.00 11664.00 118.96 7.26 11.96 10.31 31.66 1.64 100.00
514 0.00 13.00 158.00 90.00 2024.00 9812.00 95.45 8.08 33.94 36.46 29.51 4.02 99.60
515 0.00 0.00 153.00 55.00 1704.00 18752.00 196.69 5.46 26.73 26.09 28.51 4.77 99.20
516 0.00 4.00 463.00 37.00 6960.00 8304.00 61.06 5.18 10.29 8.67 30.59 1.99 99.60
517 0.00 27.00 442.00 88.00 14560.00 23524.00 143.71 7.28 13.75 9.42 35.50 1.55 82.40
518 0.00 35.00 324.00 93.00 12676.00 23596.00 173.97 5.67 13.59 10.36 24.86 1.97 82.00
519 0.00 20.00 371.00 48.00 17244.00 272.00 83.61 3.96 9.21 10.37 0.25 2.39 100.00
520 0.00 10.00 284.00 62.00 13316.00 11412.00 142.94 23.47 67.32 46.86 161.03 2.89 100.00
521 0.00 0.00 218.00 39.00 12468.00 8388.00 162.30 14.85 57.12 51.17 90.36 3.89 100.00
522 0.00 15.00 357.00 6.00 28012.00 84.00 154.80 9.76 27.16 27.60 1.33 2.75 100.00
523 0.00 101.00 484.00 63.00 28256.00 14572.00 156.59 9.10 17.12 17.69 12.76 1.63 89.20
524 0.00 149.00 54.00 152.00 248.00 17480.00 172.12 4.10 19.90 4.67 25.32 1.01 20.80
525 0.00 0.00 4.00 32.00 16.00 8256.00 459.56 1.06 29.56 10.00 32.00 1.33 4.80
526 0.00 5.00 9.00 67.00 40.00 18668.00 492.32 2.07 27.26 6.22 30.09 1.05 8.00
527 0.00 0.00 26.00 60.00 648.00 16508.00 398.98 1.88 21.86 5.69 28.87 2.19 18.80
528 0.00 0.00 72.00 0.00 288.00 0.00 8.00 2.19 22.39 22.39 0.00 4.56 32.80
529 0.00 0.00 99.00 24.00 460.00 96.00 9.04 2.62 25.76 31.96 0.17 8.03 98.80
530 0.00 68.00 161.00 58.00 652.00 9660.00 94.17 4.63 18.54 18.16 19.59 4.53 99.20
531 0.00 0.00 331.00 53.00 1408.00 12532.00 72.60 3.49 9.07 6.91 22.57 2.54 97.60
532 0.00 0.00 38.00 0.00 600.00 0.00 31.58 0.45 12.21 12.21 0.00 5.05 19.20
533 0.00 0.00 12.00 0.00 60.00 0.00 10.00 0.08 7.00 7.00 0.00 2.00 2.40
534 0.00 0.00 6.00 26.00 24.00 104.00 8.00 0.08 2.50 10.67 0.62 0.88 2.80
535 0.00 20.00 295.00 192.00 1184.00 45556.00 191.95 10.86 20.67 16.24 27.48 1.63 79.60
536 0.00 17.00 370.00 81.00 1992.00 18404.00 90.45 15.94 36.32 39.09 23.65 2.22 100.00
537 0.00 40.00 130.00 6.00 3644.00 184.00 56.29 4.80 35.15 36.52 5.33 7.35 100.00
538 0.00 0.00 115.00 0.00 5048.00 0.00 87.79 3.64 32.70 32.70 0.00 8.70 100.00
539 0.00 0.00 181.00 40.00 7768.00 160.00 71.75 5.22 23.66 25.44 15.60 4.52 100.00
540 0.00 90.00 167.00 7.00 4324.00 388.00 54.16 1.05 6.16 6.37 1.14 2.55 44.40
541 0.00 2.00 153.00 68.00 612.00 11476.00 109.39 2.38 10.79 6.69 20.00 2.03 44.80
542 0.00 0.00 65.00 34.00 260.00 8368.00 174.30 1.53 13.82 3.69 33.18 1.21 12.00
543 0.00 0.00 126.00 0.00 504.00 0.00 8.00 2.20 18.57 18.57 0.00 6.22 78.40
544 0.00 0.00 74.00 37.00 548.00 148.00 12.54 1.94 16.18 22.32 3.89 8.97 99.60
545 0.00 0.00 40.00 0.00 816.00 0.00 40.80 2.10 55.90 55.90 0.00 18.20 72.80
546 0.00 0.00 91.00 0.00 6704.00 0.00 147.34 1.96 21.67 21.67 0.00 8.62 78.40
547 0.00 3.00 64.00 21.00 7432.00 8016.00 363.48 1.15 13.65 10.19 24.19 3.67 31.20
548 0.00 0.00 1.00 0.00 4.00 0.00 8.00 0.01 8.00 8.00 0.00 8.00 0.80
549 0.00 0.00 9.00 10.00 36.00 40.00 8.00 0.09 4.63 5.78 3.60 1.68 3.20
550 0.00 0.00 0.00 0.00 0.00 0.00 0.00 0.00 0.00 0.00 0.00 0.00 0.00
551 0.00 0.00 235.00 0.00 940.00 0.00 8.00 1.67 7.13 7.13 0.00 1.65 38.80
552 0.00 0.00 3.00 0.00 12.00 0.00 8.00 0.01 2.67 2.67 0.00 1.33 0.40
553 0.00 0.00 6.00 0.00 24.00 0.00 8.00 0.03 5.33 5.33 0.00 2.00 1.20
554 0.00 0.00 35.00 14.00 224.00 56.00 11.43 1.66 32.98 43.20 7.43 9.14 44.80
555 0.00 0.00 98.00 0.00 1128.00 0.00 23.02 2.67 27.10 27.10 0.00 10.20 100.00
556 0.00 0.00 195.00 0.00 1020.00 0.00 10.46 4.06 20.74 20.74 0.00 5.15 100.40
557 0.00 0.00 184.00 0.00 1160.00 0.00 12.61 8.56 44.80 44.80 0.00 5.41 99.60
558 0.00 0.00 203.00 0.00 3248.00 0.00 32.00 4.07 21.97 21.97 0.00 4.93 100.00
559 0.00 0.00 271.00 101.00 2692.00 404.00 16.65 2.89 7.78 9.21 3.96 2.69 100.00
560 0.00 0.00 168.00 0.00 904.00 0.00 10.76 1.37 8.19 8.19 0.00 5.50 92.40
561 0.00 0.00 304.00 0.00 2404.00 0.00 15.82 4.12 13.54 13.54 0.00 2.87 87.20
562 0.00 0.00 474.00 0.00 2556.00 0.00 10.78 0.94 2.00 2.00 0.00 1.49 70.40
563 0.00 0.00 504.00 0.00 6120.00 0.00 24.29 2.28 4.53 4.53 0.00 1.12 56.40
564 0.00 0.00 10.00 18.00 60.00 72.00 9.43 0.12 4.29 11.60 0.22 2.29 6.40
565 0.00 0.00 2.00 0.00 8.00 0.00 8.00 0.02 12.00 12.00 0.00 6.00 1.20
566 0.00 0.00 6.00 0.00 24.00 0.00 8.00 0.09 14.67 14.67 0.00 4.00 2.40
567 0.00 69.00 8.00 67.00 32.00 680.00 18.99 3.23 43.09 2.00 48.00 0.85 6.40
568 0.00 0.00 0.00 0.00 0.00 0.00 0.00 0.00 0.00 0.00 0.00 0.00 0.00
569 0.00 0.00 0.00 24.00 0.00 96.00 8.00 0.09 3.83 0.00 3.83 0.17 0.40
570 0.00 0.00 13.00 0.00 52.00 0.00 8.00 0.14 10.77 10.77 0.00 2.46 3.20
571 0.00 0.00 2.00 0.00 8.00 0.00 8.00 0.02 8.00 8.00 0.00 4.00 0.80
572 0.00 0.00 2.00 0.00 8.00 0.00 8.00 0.02 8.00 8.00 0.00 4.00 0.80
573 0.00 0.00 25.00 0.00 1476.00 0.00 118.08 0.31 12.48 12.48 0.00 9.60 24.00
574 0.00 0.00 2.00 6.00 132.00 24.00 39.00 0.06 7.00 18.00 3.33 5.00 4.00
575 0.00 0.00 5.00 0.00 20.00 0.00 8.00 0.03 6.40 6.40 0.00 4.00 2.00
576 0.00 0.00 9.00 0.00 36.00 0.00 8.00 0.10 9.78 9.78 0.00 4.00 3.60
577 0.00 0.00 5.00 0.00 104.00 0.00 41.60 0.04 11.20 11.20 0.00 4.80 2.40
578 0.00 0.00 3.00 0.00 12.00 0.00 8.00 0.02 8.00 8.00 0.00 5.33 1.60
579 0.00 0.00 154.00 5.00 2076.00 20.00 26.36 1.16 7.22 7.45 0.00 3.97 63.20
580 0.00 0.00 17.00 0.00 360.00 0.00 42.35 0.17 10.12 10.12 0.00 5.65 9.60
581 0.00 0.00 1.98 0.00 7.92 0.00 8.00 0.01 10.00 10.00 0.00 6.00 1.19
582 0.00 0.00 24.00 0.00 732.00 0.00 61.00 0.32 13.17 13.17 0.00 8.33 20.00
583 0.00 0.00 246.00 0.00 996.00 0.00 8.10 2.37 9.66 9.66 0.00 3.30 81.20
584 0.00 0.00 2.00 13.00 8.00 52.00 8.00 0.02 1.60 12.00 0.00 0.80 1.20
585 0.00 0.00 4.00 0.00 16.00 0.00 8.00 0.03 8.00 8.00 0.00 2.00 0.80
586 0.00 0.00 4.00 0.00 16.00 0.00 8.00 0.05 12.00 12.00 0.00 6.00 2.40
587 0.00 0.00 6.00 0.00 24.00 0.00 8.00 0.02 4.00 4.00 0.00 1.33 0.80
588 0.00 0.00 8.00 0.00 32.00 0.00 8.00 0.06 8.00 8.00 0.00 3.50 2.80
589 0.00 0.00 2.00 5.00 8.00 20.00 8.00 0.02 2.29 8.00 0.00 2.29 1.60
590 0.00 0.00 2.00 0.00 8.00 0.00 8.00 0.02 8.00 8.00 0.00 8.00 1.60
591 0.00 0.00 7.00 0.00 28.00 0.00 8.00 0.06 8.00 8.00 0.00 3.43 2.40
592 0.00 0.00 23.00 0.00 348.00 0.00 30.26 0.20 8.70 8.70 0.00 2.61 6.00
593 0.00 0.00 1131.00 0.00 7608.00 0.00 13.45 11.61 10.18 10.18 0.00 0.88 100.00
594 0.00 0.00 1057.00 46.00 6028.00 184.00 11.26 6.51 5.94 6.03 3.91 0.88 96.80
595 0.00 0.00 843.00 0.00 6068.00 0.00 14.40 4.78 5.67 5.67 0.00 1.18 99.60
