0 0.00 27.37 28.82 27.87 837.93 1003.96 64.98 2.88 50.34 39.23 61.83 1.60 9.09
1 0.00 0.00 20.00 0.00 180.00 0.00 18.00 0.17 8.60 8.60 0.00 2.20 4.40
2 0.00 0.00 2.00 0.00 8.00 0.00 8.00 0.01 4.00 4.00 0.00 4.00 0.80
3 0.00 0.00 4.00 10.00 16.00 40.00 8.00 0.06 4.29 6.00 3.60 1.71 2.40
4 0.00 0.00 27.00 0.00 108.00 0.00 8.00 0.17 6.22 6.22 0.00 2.07 5.60
5 0.00 0.00 4.00 0.00 16.00 0.00 8.00 0.02 4.00 4.00 0.00 1.00 0.40
6 0.00 0.00 365.00 0.00 1460.00 0.00 8.00 2.73 7.48 7.48 0.00 1.69 61.60
7 0.00 0.00 207.00 0.00 828.00 0.00 8.00 1.30 6.26 6.26 0.00 3.85 79.60
8 0.00 5.00 6.00 38.00 24.00 196.00 10.00 0.94 21.27 8.00 23.37 1.09 4.80
9 0.00 0.00 72.00 0.00 288.00 0.00 8.00 0.41 5.78 5.78 0.00 0.89 6.40
10 0.00 0.00 0.00 0.00 0.00 0.00 0.00 0.00 0.00 0.00 0.00 0.00 0.00
11 0.00 0.00 38.00 0.00 152.00 0.00 8.00 0.33 8.63 8.63 0.00 4.00 15.20
12 0.00 0.00 43.00 0.00 172.00 0.00 8.00 0.27 6.42 6.42 0.00 3.53 15.20
13 0.00 1.00 50.00 42.00 200.00 200.00 8.70 0.62 6.74 6.56 6.95 1.65 15.20
14 0.00 0.00 15.00 0.00 60.00 0.00 8.00 0.12 8.27 8.27 0.00 2.40 3.60
15 0.00 0.00 4.00 0.00 16.00 0.00 8.00 0.03 8.00 8.00 0.00 2.00 0.80
16 0.00 0.00 25.00 0.00 204.00 0.00 16.32 0.21 8.32 8.32 0.00 3.04 7.60
17 0.00 0.00 2303.00 0.00 9212.00 0.00 8.00 19.79 2.08 2.08 0.00 0.42 96.00
18 0.00 0.00 19.00 220.00 84.00 88352.00 740.05 50.29 273.21 63.79 291.29 2.29 54.80
19 0.00 0.00 58.00 0.00 660.00 0.00 22.76 1.30 22.34 22.34 0.00 15.24 88.40
20 0.00 0.00 27.00 1.00 332.00 56.00 27.71 0.51 18.14 18.67 4.00 11.71 32.80
21 0.00 0.00 39.00 0.00 352.00 0.00 18.05 1.25 31.90 31.90 0.00 11.69 45.60
22 0.00 0.00 162.00 0.00 668.00 0.00 8.25 4.46 27.58 27.58 0.00 5.26 85.20
23 0.00 0.00 5.00 106.00 20.00 424.00 8.00 0.97 8.29 16.00 7.92 0.22 2.40
24 0.00 0.00 80.00 0.00 320.00 0.00 8.00 7.24 91.05 91.05 0.00 7.15 57.20
25 0.00 0.00 76.00 0.00 304.00 0.00 8.00 1.01 13.26 13.26 0.00 1.89 14.40
26 0.00 0.00 96.00 0.00 384.00 0.00 8.00 2.54 26.46 26.46 0.00 4.12 39.60
27 0.00 0.00 4.00 0.00 16.00 0.00 8.00 0.00 0.00 0.00 0.00 0.00 0.00
28 0.00 0.00 0.00 0.00 0.00 0.00 0.00 0.00 0.00 0.00 0.00 0.00 0.00
29 0.00 0.00 0.00 105.00 0.00 420.00 8.00 0.84 7.92 0.00 7.92 0.19 2.00
30 0.00 0.00 32.00 0.00 128.00 0.00 8.00 0.32 10.25 10.25 0.00 2.50 8.00
31 0.00 0.00 0.00 0.00 0.00 0.00 0.00 0.00 0.00 0.00 0.00 0.00 0.00
32 0.00 0.00 17.00 0.00 100.00 0.00 11.76 0.10 5.65 5.65 0.00 4.94 8.40
33 0.00 0.00 78.00 4.00 352.00 52.00 9.85 0.51 6.00 6.31 0.00 2.68 22.00
34 0.00 0.00 43.00 102.00 172.00 408.00 8.00 0.58 4.14 4.56 3.96 0.74 10.80
35 0.00 0.00 7.00 0.00 28.00 0.00 8.00 0.08 12.00 12.00 0.00 1.71 1.20
36 0.00 18.00 0.00 173.00 0.00 46944.00 542.71 12.20 70.54 0.00 70.54 0.74 12.80
37 0.00 0.00 8.00 0.00 32.00 0.00 8.00 0.06 8.00 8.00 0.00 1.00 0.80
38 0.00 0.00 0.00 0.00 0.00 0.00 0.00 0.00 0.00 0.00 0.00 0.00 0.00
39 0.00 0.00 0.00 124.00 0.00 496.00 8.00 1.48 11.90 0.00 11.90 0.10 1.20
40 0.00 0.00 18.00 0.00 132.00 0.00 14.67 0.92 43.56 43.56 0.00 16.89 30.40
41 0.00 0.00 8.00 357.00 44.00 144220.00 790.49 32.50 89.41 24.00 90.88 0.89 32.40
42 0.00 0.00 4.00 0.00 16.00 0.00 8.00 0.00 0.00 0.00 0.00 0.00 0.00
43 0.00 0.00 0.00 0.00 0.00 0.00 0.00 0.00 0.00 0.00 0.00 0.00 0.00
44 0.00 0.00 16.00 120.00 64.00 480.00 8.00 1.08 7.91 7.75 7.93 0.35 4.80
45 0.00 0.00 4.00 0.00 16.00 0.00 8.00 0.00 0.00 0.00 0.00 0.00 0.00
46 0.00 3.00 0.00 6.00 0.00 32.00 10.67 3.71 32.00 0.00 32.00 7.33 4.40
47 0.00 0.00 5.00 213.00 20.00 64632.00 593.14 10.70 65.23 11.20 66.50 0.50 10.80
48 0.00 0.00 1.00 0.00 8.00 0.00 16.00 0.05 48.00 48.00 0.00 48.00 4.80
49 0.00 0.00 11.00 118.00 60.00 472.00 8.25 1.18 9.18 3.27 9.73 0.19 2.40
50 0.00 0.00 12.00 0.00 48.00 0.00 8.00 0.06 5.33 5.33 0.00 1.00 1.20
51 0.00 1.00 3.00 206.00 12.00 77996.00 746.49 19.56 93.57 8.00 94.82 1.07 22.40
52 0.00 0.00 0.00 0.00 0.00 0.00 0.00 0.01 0.00 0.00 0.00 0.00 0.40
53 0.00 11.00 3.00 238.00 124.00 94560.00 785.76 20.89 86.72 16.00 87.61 1.06 25.60
54 0.00 0.00 85.00 115.00 5416.00 460.00 58.76 8.16 30.86 51.11 15.90 3.58 71.60
55 0.00 0.00 108.00 0.00 6956.00 0.00 128.81 13.20 134.70 134.70 0.00 9.26 100.00
56 0.00 0.00 134.00 0.00 11004.00 0.00 164.24 14.07 106.12 106.12 0.00 7.46 100.00
57 0.00 0.00 134.00 0.00 10404.00 0.00 155.28 10.12 76.48 76.48 0.00 7.46 100.00
58 0.00 699.00 53.00 20.00 5064.00 2876.00 217.53 1.50 25.48 33.06 5.40 6.03 44.00
59 0.00 1993.00 114.00 300.00 812.00 41976.00 206.71 12.22 29.39 22.11 32.16 2.01 83.20
60 0.00 0.00 116.00 0.00 472.00 0.00 8.14 1.82 15.34 15.34 0.00 8.55 99.20
61 0.00 0.00 97.00 0.00 404.00 0.00 8.33 2.31 22.06 22.06 0.00 10.23 99.20
62 0.00 243.00 335.00 243.00 7372.00 44300.00 178.80 25.71 41.36 48.62 31.36 1.73 100.00
63 0.00 223.00 658.00 72.00 26160.00 16836.00 117.80 17.60 26.92 27.88 18.17 1.37 100.00
64 0.00 0.00 250.00 114.00 6412.00 456.00 37.74 2.68 7.37 8.32 5.30 1.70 62.00
65 0.00 0.00 76.00 0.00 4056.00 0.00 106.74 1.05 13.42 13.42 0.00 5.53 42.00
66 0.00 1329.00 124.00 24.00 9092.00 5412.00 196.00 5.22 26.51 29.26 12.33 6.76 100.00
67 0.00 0.00 83.00 0.00 10472.00 0.00 252.34 4.27 66.99 66.99 0.00 12.05 100.00
68 0.00 26.00 4.00 116.00 516.00 20376.00 348.20 2.50 21.17 26.00 21.00 1.00 12.00
69 0.00 58.00 102.00 173.00 6892.00 17244.00 175.53 5.67 20.04 27.18 15.84 2.85 78.40
70 0.00 0.00 199.00 0.00 11972.00 0.00 120.32 4.85 24.94 24.94 0.00 5.03 100.00
71 0.00 0.00 96.00 0.00 820.00 0.00 17.08 1.78 18.88 18.88 0.00 10.46 100.40
72 0.00 0.00 114.00 0.00 456.00 0.00 8.00 2.75 22.56 22.56 0.00 8.77 100.00
73 0.00 0.00 169.00 0.00 676.00 0.00 8.00 5.81 35.48 35.48 0.00 5.92 100.00
74 0.00 0.00 100.00 87.00 412.00 4500.00 52.53 2.50 13.39 17.72 8.41 5.30 99.20
75 0.00 0.00 54.00 0.00 216.00 0.00 8.00 1.89 34.96 34.96 0.00 7.48 40.40
76 0.00 58.00 261.00 8.00 18572.00 264.00 140.04 3.70 13.35 13.64 4.00 3.38 90.80
77 0.00 33.00 240.00 3.00 25644.00 144.00 212.25 3.04 12.84 12.90 8.00 2.68 65.20
78 0.00 303.00 405.00 20.00 38692.00 1292.00 188.16 3.60 8.39 8.68 2.40 1.82 77.20
79 0.00 20.00 240.00 107.00 26716.00 508.00 156.91 2.86 8.43 10.43 3.93 2.07 72.00
80 0.00 0.00 75.00 0.00 9232.00 0.00 246.19 0.58 7.79 7.79 0.00 3.73 28.00
81 0.00 0.00 33.00 0.00 232.00 0.00 14.06 0.32 6.18 6.18 0.00 2.18 7.20
82 0.00 0.00 129.00 0.00 4464.00 0.00 69.21 0.89 7.75 7.75 0.00 3.57 46.00
83 0.00 0.00 154.00 0.00 18628.00 0.00 241.92 8.51 52.16 52.16 0.00 5.48 84.40
84 0.00 2667.00 302.00 131.00 27792.00 11192.00 180.06 23.49 55.05 43.51 81.65 2.31 100.00
85 0.00 9.00 228.00 175.00 21848.00 19440.00 204.90 7.18 18.15 15.74 21.30 1.58 63.60
86 0.00 236.00 1.00 13.00 4.00 996.00 142.86 0.11 8.00 8.00 8.00 2.86 4.00
87 0.00 0.00 18.00 0.00 172.00 0.00 19.11 1.02 56.67 56.67 0.00 17.78 32.00
88 0.00 0.00 13.00 0.00 64.00 0.00 9.85 0.21 16.00 16.00 0.00 13.54 17.60
89 0.00 61.00 155.00 348.00 9136.00 25616.00 138.18 28.31 54.87 63.66 50.95 1.75 88.00
90 0.00 57.00 172.00 102.00 12104.00 12304.00 178.16 22.00 76.67 102.51 33.10 3.65 100.00
91 0.00 247.00 210.00 48.00 13288.00 7900.00 164.25 18.72 75.89 89.81 15.00 3.88 100.00
92 0.00 0.00 152.00 2.00 7952.00 8.00 103.38 16.07 94.47 95.71 0.00 6.49 100.00
93 0.00 374.00 133.00 14.00 8820.00 1552.00 141.12 10.72 82.26 87.25 34.86 6.80 100.00
94 0.00 0.00 167.00 111.00 7908.00 444.00 60.09 13.76 51.15 77.44 11.60 3.60 100.00
95 0.00 3024.00 183.00 298.00 5588.00 50904.00 234.89 28.30 55.46 52.96 56.99 2.07 99.60
96 0.00 0.00 269.00 38.00 12704.00 8056.00 135.24 28.35 93.95 91.93 108.32 3.26 100.00
97 0.00 0.00 172.00 0.00 3488.00 0.00 40.56 11.73 75.40 75.40 0.00 5.65 97.20
98 0.00 997.00 26.00 6.00 188.00 1040.00 76.75 1.34 41.25 49.54 5.33 10.50 33.60
99 0.00 4721.00 71.00 169.00 284.00 22532.00 190.13 5.54 23.17 26.82 21.63 4.15 99.60
100 0.00 70.00 232.00 54.00 12740.00 8328.00 147.33 8.87 29.12 29.10 29.19 3.48 99.60
101 0.00 0.00 241.00 0.00 21676.00 0.00 179.88 11.30 47.82 47.82 0.00 4.15 100.00
102 0.00 0.00 142.00 88.00 9576.00 12976.00 196.10 9.02 37.50 43.63 27.59 4.35 100.00
103 0.00 0.00 195.00 0.00 8212.00 0.00 84.23 11.29 60.10 60.10 0.00 5.13 100.00
104 0.00 212.87 100.00 112.87 3231.68 463.37 34.72 4.09 20.48 39.17 3.93 2.94 62.57
105 0.00 243.00 48.00 7.00 192.00 1848.00 74.18 0.95 17.89 19.08 9.71 9.09 50.00
106 0.00 0.00 4.00 0.00 16.00 0.00 8.00 0.17 42.00 42.00 0.00 29.00 11.60
107 0.00 0.00 8.00 10.00 32.00 4172.00 467.11 0.17 9.33 3.00 14.40 1.56 2.80
108 0.00 0.00 38.00 0.00 2188.00 0.00 115.16 0.27 7.05 7.05 0.00 4.63 17.60
109 0.00 0.00 18.00 70.00 72.00 280.00 8.00 0.44 4.95 5.33 4.86 0.82 7.20
110 0.00 0.00 216.00 0.00 864.00 0.00 8.00 1.09 5.07 5.07 0.00 4.30 92.80
111 0.00 10.00 110.00 134.00 5652.00 22212.00 228.39 7.26 29.51 12.84 43.19 1.84 44.80
112 0.00 853.00 88.00 143.00 1692.00 33460.00 304.35 3.56 15.69 10.05 19.16 1.45 33.60
113 0.00 1471.00 10.00 104.00 56.00 28468.00 500.42 3.50 26.14 21.60 26.58 2.00 22.80
114 0.00 89.00 23.00 245.00 160.00 31580.00 236.87 5.83 23.69 27.65 23.31 1.09 29.20
115 0.00 4431.00 7.00 160.00 28.00 46944.00 562.54 4.93 29.51 9.14 30.40 0.84 14.00
116 0.00 250.00 30.00 90.00 120.00 21652.00 362.87 7.53 36.90 78.13 23.16 3.63 43.60
117 0.00 0.00 304.00 0.00 1228.00 0.00 8.08 22.82 81.67 81.67 0.00 3.29 100.00
118 0.00 0.00 168.00 0.00 672.00 0.00 8.00 18.68 96.00 96.00 0.00 5.95 100.00
119 0.00 0.00 353.00 34.00 1456.00 136.00 8.23 15.48 49.44 52.32 19.53 1.81 70.00
120 0.00 0.00 18.00 0.00 72.00 0.00 8.00 0.91 37.56 37.56 0.00 18.89 34.00
121 0.00 0.00 42.00 13.00 216.00 6108.00 229.96 1.24 25.31 25.71 24.00 8.80 48.40
122 0.00 0.00 3.00 0.00 32.00 0.00 21.33 0.02 32.00 32.00 0.00 4.00 1.20
123 0.00 0.00 17.00 0.00 884.00 0.00 104.00 0.17 8.94 8.94 0.00 6.12 10.40
124 0.00 896.00 148.00 83.00 10504.00 12084.00 195.57 1.98 8.64 6.81 11.90 2.25 52.00
125 0.00 0.00 71.00 0.00 1576.00 0.00 44.39 0.21 2.99 2.99 0.00 1.18 8.40
126 0.00 0.00 90.00 61.00 512.00 12564.00 173.19 4.14 24.98 27.02 21.97 4.93 74.40
127 0.00 0.00 146.00 10.00 4100.00 4100.00 105.13 5.07 34.05 35.56 12.00 6.41 100.00
128 0.00 0.00 51.00 0.00 2264.00 0.00 88.78 2.65 50.75 50.75 0.00 19.61 100.00
129 0.00 0.00 38.00 101.00 3544.00 404.00 56.81 3.39 25.47 70.21 8.63 7.11 98.80
130 0.00 0.00 32.00 0.00 2424.00 0.00 151.50 1.48 47.25 47.25 0.00 30.88 98.80
131 0.00 0.00 26.00 0.00 936.00 0.00 72.00 1.11 41.85 41.85 0.00 24.92 64.80
132 0.00 0.00 54.00 20.00 332.00 8316.00 233.73 1.78 15.95 11.93 26.80 5.68 42.00
133 0.00 0.00 11.00 0.00 168.00 0.00 30.55 0.12 67.64 67.64 0.00 4.73 5.20
134 0.00 0.00 8.00 12.00 32.00 48.00 8.00 0.06 2.80 7.00 0.00 1.00 2.00
135 0.00 0.00 75.00 0.00 312.00 0.00 8.32 0.36 4.85 4.85 0.00 2.08 15.60
136 0.00 0.00 8.00 0.00 32.00 0.00 8.00 0.08 10.50 10.50 0.00 4.50 3.60
137 0.00 0.00 12.00 0.00 48.00 0.00 8.00 0.10 8.00 8.00 0.00 4.67 5.60
138 0.00 0.00 12.00 0.00 184.00 0.00 30.67 0.09 7.33 7.33 0.00 4.67 5.60
139 0.00 0.00 9.00 7.00 36.00 28.00 8.00 0.06 3.50 5.78 0.57 3.50 5.60
140 0.00 0.00 3.00 0.00 12.00 0.00 8.00 0.02 8.00 8.00 0.00 2.67 0.80
141 0.00 0.00 174.00 0.00 696.00 0.00 8.00 0.86 4.97 4.97 0.00 3.01 52.40
142 0.00 0.00 51.00 0.00 204.00 0.00 8.00 0.33 6.35 6.35 0.00 4.31 22.00
143 0.00 0.00 172.00 0.00 688.00 0.00 8.00 1.93 10.40 10.40 0.00 5.79 99.60
144 0.00 0.00 358.00 8.00 1628.00 32.00 9.07 47.01 126.11 128.93 0.00 2.73 100.00
145 0.00 0.00 475.00 0.00 2152.00 0.00 9.06 79.25 165.25 165.25 0.00 2.11 100.00
146 0.00 0.00 365.00 0.00 2136.00 0.00 11.70 93.71 209.60 209.60 0.00 2.74 100.00
147 0.00 0.00 427.00 0.00 2060.00 0.00 9.65 91.07 234.15 234.15 0.00 2.34 100.00
148 0.00 1447.00 502.00 26.00 2916.00 5892.00 33.36 102.75 200.73 183.89 525.85 1.89 100.00
149 0.00 0.00 587.00 18.00 3752.00 72.00 12.64 84.29 135.41 135.15 144.00 1.65 100.00
150 0.00 0.00 567.00 0.00 3508.00 0.00 12.37 74.62 137.62 137.62 0.00 1.76 100.00
151 0.00 0.00 694.00 0.00 4632.00 0.00 13.35 76.02 110.20 110.20 0.00 1.44 100.00
152 0.00 66.00 1903.00 38.00 10368.00 520.00 11.22 62.36 34.87 33.17 119.89 0.52 100.00
153 0.00 96.00 234.00 61.00 1532.00 10724.00 83.09 2.57 8.76 7.11 15.08 3.38 99.60
154 0.00 31.00 283.00 151.00 1132.00 8856.00 46.03 5.04 11.62 4.30 25.35 2.29 99.20
155 0.00 0.00 304.00 0.00 1852.00 0.00 12.18 1.26 4.12 4.12 0.00 3.24 98.40
156 0.00 0.00 322.00 0.00 1288.00 0.00 8.00 1.33 4.14 4.14 0.00 3.04 98.00
157 0.00 0.00 362.00 0.00 1448.00 0.00 8.00 1.66 4.53 4.53 0.00 2.67 96.80
158 0.00 0.00 65.00 0.00 308.00 0.00 9.48 0.28 4.74 4.74 0.00 2.77 18.00
159 0.00 405.00 38.00 78.00 3556.00 16200.00 340.62 3.21 27.31 44.42 18.97 6.83 79.20
160 0.00 190.00 59.00 102.00 5276.00 24624.00 371.43 5.92 36.77 41.69 33.92 6.14 98.80
161 0.00 236.00 53.00 99.00 960.00 24592.00 336.21 5.04 32.58 22.64 37.90 6.58 100.00
162 0.00 221.00 69.00 78.00 508.00 17136.00 240.05 20.91 137.58 83.48 185.44 6.75 99.20
163 0.00 50.00 190.00 100.00 4448.00 25876.00 209.13 8.92 33.26 38.97 22.40 3.45 100.00
164 0.00 0.00 262.00 46.00 11192.00 184.00 73.87 9.85 32.12 37.74 0.09 3.25 100.00
165 0.00 0.00 104.00 0.00 416.00 0.00 8.00 1.64 16.27 16.27 0.00 3.04 31.60
166 0.00 0.00 2.00 0.00 8.00 0.00 8.00 0.06 28.00 28.00 0.00 14.00 2.80
167 0.00 0.00 4.00 0.00 16.00 0.00 8.00 0.11 28.00 28.00 0.00 7.00 2.80
168 0.00 0.00 44.00 19.00 4388.00 7568.00 379.56 4.14 51.49 63.55 23.58 7.17 45.20
169 0.00 170.30 139.60 85.15 13469.31 1021.78 128.95 6.76 33.73 52.00 3.77 4.44 99.80
170 0.00 159.00 27.00 10.00 2576.00 676.00 175.78 1.21 34.38 46.22 2.40 8.76 32.40
171 0.00 0.00 10.00 0.00 40.00 0.00 8.00 0.30 30.40 30.40 0.00 14.80 14.80
172 0.00 0.00 4.00 0.00 16.00 0.00 8.00 0.02 4.00 4.00 0.00 1.00 0.40
173 0.00 784.00 12.00 31.00 48.00 3260.00 153.86 0.41 9.58 6.00 10.97 1.40 6.00
174 0.00 105.00 81.00 245.00 432.00 32124.00 199.73 4.30 13.19 4.94 15.92 1.01 32.80
175 0.00 127.00 9.00 88.00 36.00 20972.00 433.15 2.44 22.43 8.89 23.82 1.90 18.40
176 0.00 565.00 2.00 84.00 8.00 22608.00 525.95 8.38 33.77 132.00 31.43 5.58 48.00
177 0.00 0.00 35.00 92.00 200.00 22956.00 364.66 26.33 249.64 81.49 313.61 7.87 100.00
178 0.00 0.00 353.00 0.00 3920.00 0.00 22.21 36.52 94.98 94.98 0.00 2.83 100.00
179 0.00 0.00 162.00 111.00 1668.00 444.00 15.47 35.28 140.00 176.99 86.02 3.66 100.00
180 0.00 0.00 190.00 0.00 804.00 0.00 8.46 2.85 16.97 16.97 0.00 5.20 98.80
181 0.00 0.00 66.00 0.00 284.00 0.00 8.61 1.23 19.21 19.21 0.00 15.03 99.20
182 0.00 0.00 56.00 14.00 224.00 6012.00 178.17 1.21 16.06 16.43 14.57 14.23 99.60
183 0.00 0.00 234.00 0.00 1432.00 0.00 12.24 18.59 74.44 74.44 0.00 1.93 45.20
184 0.00 0.00 476.00 10.00 5496.00 40.00 22.78 55.47 102.41 102.75 86.40 2.06 100.00
185 0.00 1572.00 331.00 23.00 3808.00 6380.00 57.56 62.96 179.84 176.40 229.39 2.82 100.00
186 0.00 0.00 814.00 0.00 7020.00 0.00 17.25 58.45 75.61 75.61 0.00 1.23 100.00
187 0.00 0.00 938.00 0.00 7704.00 0.00 16.43 50.32 56.87 56.87 0.00 1.07 100.00
188 0.00 2708.00 858.00 164.00 4028.00 38708.00 83.63 13.92 13.77 12.74 19.17 0.93 95.20
189 0.00 49.00 241.00 148.00 1024.00 19912.00 107.64 4.29 11.00 5.59 19.81 2.48 96.40
190 0.00 152.00 28.00 66.00 1728.00 13084.00 315.15 2.77 24.00 44.29 15.39 4.94 46.40
191 0.00 0.00 69.00 0.00 7852.00 0.00 227.59 4.35 68.93 68.93 0.00 14.49 100.00
192 0.00 0.00 222.00 0.00 6344.00 0.00 57.15 3.64 16.92 16.92 0.00 4.02 89.20
193 0.00 0.00 57.00 0.00 352.00 0.00 12.35 0.20 3.58 3.58 0.00 1.54 8.80
194 0.00 0.00 12.00 29.00 48.00 116.00 8.00 0.20 4.78 7.00 3.86 1.85 7.60
195 0.00 0.00 81.00 25.00 324.00 11536.00 223.77 0.96 9.02 5.63 20.00 2.60 27.60
196 0.00 0.00 36.00 0.00 148.00 0.00 8.22 0.70 3.89 3.89 0.00 3.11 11.20
197 0.00 3889.00 108.00 40.00 9576.00 15716.00 341.78 6.47 46.81 56.89 19.60 6.76 100.00
198 0.00 0.00 101.00 40.00 2768.00 4292.00 100.14 5.88 41.48 48.32 24.20 3.63 51.20
199 0.00 0.00 11.00 102.00 44.00 408.00 8.00 1.50 14.41 37.82 11.88 0.88 10.00
200 0.00 0.00 6.00 0.00 24.00 0.00 8.00 0.09 17.33 17.33 0.00 15.33 9.20
201 0.00 453.00 162.00 22.00 2336.00 10188.00 136.13 32.29 113.89 99.23 221.82 4.59 84.40
202 0.00 0.00 70.00 119.00 7460.00 18576.00 275.51 15.33 133.21 71.66 169.41 5.29 100.00
203 0.00 747.00 52.00 53.00 3004.00 10656.00 260.19 21.87 205.45 88.77 319.92 9.52 100.00
204 0.00 33.00 56.00 106.00 360.00 7472.00 96.69 39.33 178.27 82.64 228.79 6.17 100.00
205 0.00 0.00 99.00 110.00 1316.00 20120.00 205.13 26.82 186.30 87.35 275.35 4.78 100.00
206 0.00 0.00 61.00 0.00 2108.00 0.00 69.11 7.43 117.90 117.90 0.00 16.39 100.00
207 0.00 0.00 90.00 0.00 1800.00 0.00 40.00 5.22 59.96 59.96 0.00 11.16 100.40
208 0.00 0.00 212.00 0.00 848.00 0.00 8.00 5.98 28.15 28.15 0.00 4.72 100.00
209 0.00 0.00 988.00 44.00 4200.00 176.00 8.48 9.57 9.32 8.86 19.73 0.97 100.00
210 0.00 61.00 981.00 36.00 11452.00 13492.00 49.05 10.28 10.15 9.55 26.56 0.88 89.20
211 0.00 290.00 28.00 60.00 456.00 9564.00 227.73 1.08 12.27 19.14 9.07 1.91 16.80
212 0.00 0.00 8.00 58.00 32.00 12436.00 377.82 0.94 14.30 16.00 14.07 0.91 6.00
213 0.00 431.00 41.00 107.00 164.00 29480.00 400.59 3.17 21.00 3.61 27.66 1.65 24.40
214 0.00 0.00 67.00 106.00 268.00 424.00 8.00 2.06 12.14 25.01 4.00 5.76 99.60
215 0.00 0.00 18.00 0.00 368.00 0.00 40.89 0.96 40.89 40.89 0.00 32.00 57.60
216 0.00 0.00 26.00 0.00 644.00 0.00 49.54 1.06 49.85 49.85 0.00 22.62 58.80
217 0.00 0.00 8.00 0.00 32.00 0.00 8.00 0.06 8.00 8.00 0.00 1.00 0.80
218 0.00 0.00 4.00 4.00 16.00 1948.00 491.00 0.06 8.00 8.00 8.00 4.00 3.20
219 0.00 0.00 11.00 10.00 44.00 40.00 8.00 0.13 6.10 11.64 0.00 1.52 3.20
220 0.00 0.00 75.00 0.00 1248.00 0.00 33.28 0.73 9.44 9.44 0.00 8.80 66.00
221 0.00 0.00 130.00 0.00 3188.00 0.00 49.05 1.69 13.14 13.14 0.00 3.69 48.00
222 0.00 0.00 8.00 0.00 32.00 0.00 8.00 0.13 16.50 16.50 0.00 2.50 2.00
223 0.00 0.00 4.00 0.00 16.00 0.00 8.00 0.18 44.00 44.00 0.00 11.00 4.40
224 0.00 0.00 0.00 13.00 0.00 52.00 8.00 0.05 4.00 0.00 4.00 0.62 0.80
225 0.00 0.00 8.00 0.00 32.00 0.00 8.00 0.86 108.00 108.00 0.00 27.00 21.60
226 0.00 0.00 5.00 0.00 20.00 0.00 8.00 0.04 8.00 8.00 0.00 3.20 1.60
227 0.00 0.00 2.00 0.00 8.00 0.00 8.00 0.02 12.00 12.00 0.00 6.00 1.20
228 0.00 0.00 9.00 0.00 36.00 0.00 8.00 0.08 8.89 8.89 0.00 2.67 2.40
229 0.00 0.00 3.00 17.00 12.00 68.00 8.00 0.15 7.60 8.00 7.53 0.80 1.60
230 0.00 0.00 6.00 0.00 24.00 0.00 8.00 0.28 46.67 46.67 0.00 16.00 9.60
231 0.00 0.00 2.00 0.00 8.00 0.00 8.00 0.05 24.00 24.00 0.00 12.00 2.40
232 0.00 0.00 4.00 0.00 16.00 0.00 8.00 0.02 4.00 4.00 0.00 1.00 0.40
233 0.00 0.00 8.00 12.00 32.00 48.00 8.00 0.08 4.20 10.50 0.00 1.40 2.80
234 0.00 0.00 107.00 6.00 744.00 24.00 13.59 8.65 71.36 75.33 0.67 3.86 43.60
235 0.00 0.00 985.00 0.00 6652.00 0.00 13.51 79.93 75.40 75.40 0.00 1.02 100.00
236 0.00 0.00 1046.00 0.00 6804.00 0.00 13.01 63.39 64.30 64.30 0.00 0.96 100.00
237 0.00 157.00 1947.00 10.00 13164.00 668.00 14.14 44.81 23.70 23.49 64.00 0.45 88.40
238 0.00 7590.00 3529.00 4.00 23728.00 92.00 13.48 75.11 20.95 20.97 11.00 0.28 100.00
239 0.00 11.00 943.00 91.00 11024.00 30692.00 80.69 54.71 53.75 51.16 80.62 0.97 100.00
240 0.00 0.00 697.00 0.00 7868.00 0.00 22.58 55.78 77.16 77.16 0.00 1.43 100.00
241 0.00 179.00 395.00 13.00 4060.00 768.00 23.67 62.73 142.55 138.33 270.77 2.45 100.00
242 0.00 0.00 381.00 0.00 4376.00 0.00 22.97 53.10 150.55 150.55 0.00 2.62 100.00
243 0.00 409.00 1181.00 84.00 9572.00 11364.00 33.10 29.56 26.00 26.40 20.29 0.78 98.40
244 0.00 0.00 88.00 39.00 364.00 156.00 8.19 0.84 6.61 7.82 3.90 1.10 14.00
245 0.00 0.00 31.00 0.00 608.00 0.00 39.23 0.32 10.45 10.45 0.00 7.87 24.40
246 0.00 0.00 12.00 0.00 48.00 0.00 8.00 0.46 34.00 34.00 0.00 7.33 8.80
247 0.00 3.00 106.00 52.00 672.00 8152.00 111.70 14.36 87.24 75.70 110.77 1.65 26.00
248 0.00 80.00 98.00 84.00 476.00 27556.00 308.04 6.40 38.62 49.84 25.52 1.45 26.40
249 0.00 137.00 9.00 185.00 36.00 31016.00 320.12 4.20 21.32 37.78 20.52 1.61 31.20
250 0.00 0.00 87.00 60.00 348.00 15748.00 218.99 2.40 16.73 15.03 19.20 6.78 99.60
251 0.00 2.00 32.00 70.00 1160.00 17828.00 372.31 1.73 16.98 9.75 20.29 2.39 24.40
252 0.00 27.00 26.00 101.00 352.00 26384.00 421.04 2.19 17.23 3.69 20.71 1.35 17.20
253 0.00 0.00 266.00 0.00 1684.00 0.00 12.66 1.84 6.92 6.92 0.00 3.76 100.00
254 0.00 0.00 152.00 37.00 608.00 148.00 8.00 0.71 3.79 3.76 3.89 1.93 36.40
255 0.00 0.00 58.00 0.00 232.00 0.00 8.00 2.08 30.97 30.97 0.00 10.97 63.60
256 0.00 0.00 38.00 0.00 152.00 0.00 8.00 0.91 31.37 31.37 0.00 6.63 25.20
257 0.00 0.00 214.00 26.00 856.00 10800.00 97.13 2.65 10.97 9.96 19.23 2.62 62.80
258 0.00 0.00 15.00 0.00 60.00 0.00 8.00 0.10 7.47 7.47 0.00 4.27 6.40
259 0.00 7.92 86.14 114.85 344.55 23461.39 236.89 21.72 55.82 2.99 95.45 1.93 38.81
260 0.00 1.00 10.00 65.00 40.00 8400.00 225.07 19.57 150.03 40.40 166.89 10.29 77.20
261 0.00 0.00 5.00 94.00 20.00 29560.00 597.58 27.52 469.21 212.00 482.89 6.55 64.80
262 0.00 0.00 6.00 40.00 24.00 11440.00 498.43 23.26 505.65 238.67 545.70 15.57 71.60
263 0.00 0.00 1.00 0.00 4.00 0.00 8.00 0.01 8.00 8.00 0.00 8.00 0.80
264 0.00 0.00 5.00 83.00 20.00 332.00 8.00 2.87 32.41 19.20 33.20 0.95 8.40
265 0.00 2.00 34.00 42.00 1080.00 17248.00 482.32 1.76 23.42 20.94 25.43 4.21 32.00
266 0.00 33.00 8.00 93.00 32.00 16780.00 332.91 8.73 86.46 11.50 92.90 1.74 17.60
267 0.00 11.00 7.00 85.00 28.00 26692.00 580.87 3.48 37.78 8.00 40.24 1.30 12.00
268 0.00 1.00 11.00 36.00 68.00 8280.00 355.23 1.83 38.13 61.09 31.11 4.85 22.80
269 0.00 0.00 98.00 32.00 392.00 128.00 8.00 3.51 27.29 36.16 0.12 1.42 18.40
270 0.00 0.00 13.00 0.00 52.00 0.00 8.00 0.02 1.85 1.85 0.00 0.92 1.20
271 0.00 0.00 10.00 0.00 40.00 0.00 8.00 0.06 6.40 6.40 0.00 2.00 2.00
272 0.00 15.00 1845.00 367.00 7560.00 76352.00 75.87 37.69 16.59 12.27 38.32 0.39 85.20
273 0.00 0.00 1259.00 0.00 5036.00 0.00 8.00 73.10 57.46 57.46 0.00 0.79 100.00
274 0.00 0.00 799.00 110.00 3196.00 440.00 8.00 80.82 84.53 89.66 47.31 1.10 100.00
275 0.00 0.00 763.00 0.00 3220.00 0.00 8.44 76.53 101.45 101.45 0.00 1.31 100.00
276 0.00 0.00 1417.00 0.00 6296.00 0.00 8.89 69.86 52.74 52.74 0.00 0.70 99.60
277 0.00 5819.00 909.00 135.00 3776.00 43948.00 91.43 76.61 65.76 57.53 121.21 0.85 88.40
278 0.00 0.00 940.00 34.00 3768.00 8272.00 24.72 80.73 88.10 84.31 192.94 1.03 100.00
279 0.00 0.00 529.00 60.00 2120.00 8368.00 35.61 48.24 84.86 83.85 93.80 1.11 65.60
280 0.00 0.00 64.00 0.00 1584.00 0.00 49.50 0.67 10.44 10.44 0.00 7.88 50.40
281 0.00 0.00 147.00 0.00 3036.00 0.00 41.31 2.02 13.74 13.74 0.00 3.43 50.40
282 0.00 0.00 1.00 0.00 4.00 0.00 8.00 0.09 32.00 32.00 0.00 88.00 8.80
283 0.00 16.00 68.00 0.00 280.00 0.00 8.24 51.69 273.35 273.35 0.00 9.65 65.60
284 0.00 1.00 242.00 93.00 1052.00 8560.00 57.39 152.10 367.26 379.09 336.47 2.99 100.00
285 0.00 960.00 2034.00 81.00 8136.00 22636.00 29.10 66.86 46.04 32.83 377.58 0.47 100.00
286 0.00 0.00 550.00 14.00 2200.00 3896.00 21.62 9.73 19.46 19.13 32.57 1.07 60.40
287 0.00 0.00 8.00 0.00 32.00 0.00 8.00 0.04 4.50 4.50 0.00 3.50 2.80
288 0.00 0.00 11.00 0.00 44.00 0.00 8.00 0.28 24.73 24.73 0.00 18.91 20.80
289 0.00 37.00 113.00 60.00 456.00 240.00 8.05 23.47 56.07 83.75 3.93 5.78 100.00
290 0.00 0.00 534.00 101.00 2144.00 22156.00 76.54 67.24 126.37 111.20 206.61 1.57 100.00
291 0.00 39.00 215.00 68.00 1040.00 20804.00 154.37 4.04 16.99 10.57 37.29 1.75 49.60
292 0.00 20.00 6.00 107.00 24.00 33704.00 596.96 3.63 32.11 9.33 33.38 1.06 12.00
293 0.00 43.00 6.00 68.00 24.00 20584.00 556.97 2.58 34.92 14.67 36.71 1.19 8.80
294 0.00 14.00 5.00 113.00 20.00 24248.00 411.32 3.44 29.15 16.00 29.73 1.05 12.40
295 0.00 5.00 9.00 83.00 36.00 16616.00 362.00 3.03 33.00 6.22 35.90 1.17 10.80
296 0.00 5.00 6.00 45.00 24.00 14800.00 581.33 2.76 31.53 9.33 34.49 1.96 10.00
297 0.00 17.00 3.00 95.00 12.00 29860.00 609.63 2.29 35.06 14.67 35.71 0.78 7.60
298 0.00 0.00 7.00 52.00 28.00 16464.00 559.05 2.69 45.69 18.29 49.38 1.83 10.80
299 0.00 1.00 8.00 96.00 32.00 13332.00 257.00 2.02 19.38 35.00 18.08 1.58 16.40
300 0.00 0.00 0.00 0.00 0.00 0.00 0.00 0.01 0.00 0.00 0.00 0.00 0.40
301 0.00 0.00 6.00 0.00 24.00 0.00 8.00 0.36 60.67 60.67 0.00 33.33 20.00
302 0.00 0.00 0.00 0.00 0.00 0.00 0.00 0.00 0.00 0.00 0.00 0.00 0.00
303 0.00 0.00 75.00 0.00 300.00 0.00 8.00 3.33 18.24 18.24 0.00 7.20 54.00
304 0.00 67.00 140.00 341.00 700.00 64596.00 271.50 29.77 64.42 78.06 58.83 1.91 92.00
305 0.00 0.00 321.00 0.00 1788.00 0.00 11.14 26.40 81.63 81.63 0.00 3.12 100.00
306 0.00 0.00 538.00 0.00 2824.00 0.00 10.50 25.70 48.97 48.97 0.00 1.86 100.00
307 0.00 0.00 1319.00 0.00 5444.00 0.00 8.25 17.85 13.59 13.59 0.00 0.62 81.20
308 0.00 350.00 2806.00 73.00 11232.00 20544.00 22.07 28.58 9.93 8.71 56.66 0.33 96.40
309 0.00 0.00 2510.00 147.00 10412.00 16860.00 20.53 15.80 5.92 5.15 19.02 0.28 73.20
310 0.00 278.00 568.00 94.00 2312.00 21104.00 70.74 9.34 14.24 7.01 57.91 0.42 27.60
311 0.00 51.00 13.00 123.00 592.00 40176.00 599.53 6.08 44.50 8.92 48.26 1.68 22.80
312 0.00 12.00 93.00 12.00 920.00 3200.00 78.48 1.78 16.95 17.55 12.33 6.40 67.20
313 0.00 0.00 74.00 50.00 356.00 14436.00 238.58 7.92 63.61 33.51 108.16 8.06 100.00
314 0.00 65.00 95.00 77.00 380.00 8704.00 105.63 7.39 41.60 60.34 18.49 5.79 99.60
315 0.00 0.00 51.00 45.00 252.00 21916.00 461.83 2.93 33.50 33.02 34.04 4.33 41.60
316 0.00 36.00 16.00 7.00 64.00 172.00 20.52 0.18 7.83 10.00 2.86 7.30 16.80
317 0.00 0.00 2.00 0.00 8.00 0.00 8.00 0.01 6.00 6.00 0.00 6.00 1.20
318 0.00 0.00 3.00 0.00 12.00 0.00 8.00 0.02 6.67 6.67 0.00 8.00 2.40
319 0.00 55.00 16.00 247.00 236.00 38140.00 291.83 8.07 30.69 13.75 31.79 0.85 22.40
320 0.00 7.00 12.00 113.00 48.00 38384.00 614.91 5.78 46.21 7.67 50.30 1.47 18.40
321 0.00 0.00 3.00 0.00 12.00 0.00 8.00 0.02 5.33 5.33 0.00 6.67 2.00
322 0.00 0.00 82.00 0.00 328.00 0.00 8.00 0.63 7.71 7.71 0.00 6.88 56.40
323 0.00 0.00 26.00 0.00 104.00 0.00 8.00 0.10 3.69 3.69 0.00 3.69 9.60
324 0.00 0.00 33.00 106.00 572.00 424.00 14.33 1.87 13.44 9.58 14.64 1.67 23.20
325 0.00 0.00 36.00 11.00 1660.00 5420.00 301.28 0.62 13.11 9.78 24.00 5.45 25.60
326 0.00 0.00 4.00 0.00 16.00 0.00 8.00 0.03 7.00 7.00 0.00 3.00 1.20
327 0.00 0.00 723.00 0.00 3660.00 0.00 10.12 8.96 12.37 12.37 0.00 1.10 79.60
328 0.00 0.00 1507.00 0.00 6028.00 0.00 8.00 7.47 4.96 4.96 0.00 0.62 94.00
329 0.00 0.00 247.00 13.00 988.00 52.00 8.00 2.20 8.42 8.66 3.69 3.57 92.80
330 0.00 0.00 74.00 0.00 528.00 0.00 14.27 2.16 24.49 24.49 0.00 13.19 97.60
331 0.00 0.00 125.00 0.00 6168.00 0.00 98.69 9.59 71.87 71.87 0.00 8.00 100.00
332 0.00 0.00 106.00 1.00 9100.00 4.00 170.17 13.40 129.42 129.96 72.00 9.35 100.00
333 0.00 0.00 86.00 0.00 5676.00 0.00 132.00 14.61 172.74 172.74 0.00 11.63 100.00
334 0.00 1.00 381.00 12.00 16900.00 52.00 86.27 12.23 31.16 31.22 29.00 2.55 100.40
335 0.00 12.00 494.00 5.00 26308.00 68.00 105.72 14.92 29.52 29.20 61.60 2.04 101.60
336 0.00 20736.00 236.00 142.00 11056.00 52172.00 334.54 59.85 115.82 44.54 234.28 2.65 100.00
337 0.00 4441.00 266.00 183.00 14568.00 79624.00 419.56 24.74 91.30 31.25 178.58 2.23 100.00
338 0.00 137.00 51.00 7.00 3240.00 576.00 131.59 3.30 57.03 54.82 73.14 17.24 100.00
339 0.00 0.00 28.00 83.00 124.00 25452.00 460.83 11.80 86.63 48.57 99.47 9.01 100.00
340 0.00 81.00 22.00 118.00 244.00 14436.00 209.71 48.94 362.97 195.45 394.20 7.14 100.00
341 0.00 0.00 100.00 0.00 3252.00 0.00 65.04 7.12 72.24 72.24 0.00 10.00 100.00
342 0.00 0.00 238.00 0.00 5612.00 0.00 47.16 4.32 19.11 19.11 0.00 4.20 100.00
343 0.00 0.00 222.00 0.00 3708.00 0.00 33.41 4.39 19.89 19.89 0.00 4.50 100.00
344 0.00 0.00 148.00 0.00 604.00 0.00 8.16 1.17 7.89 7.89 0.00 6.73 99.60
345 0.00 39.00 241.00 137.00 11172.00 21812.00 174.52 6.00 15.68 10.94 24.03 2.63 99.60
346 0.00 0.00 375.00 2.00 31508.00 8.00 167.19 5.65 14.53 14.59 2.00 2.65 100.00
347 0.00 0.00 101.00 0.00 7052.00 0.00 139.64 5.31 53.86 53.86 0.00 9.90 100.00
348 0.00 39.00 58.00 83.00 1200.00 16796.00 255.26 4.15 29.93 37.03 24.96 7.06 99.60
349 0.00 72.00 253.00 4.00 19732.00 304.00 155.92 4.32 16.95 17.15 4.00 3.89 100.00
350 0.00 6.00 567.00 114.00 51244.00 480.00 151.91 6.59 9.67 10.84 3.89 1.46 99.60
351 0.00 0.00 147.00 0.00 588.00 0.00 8.00 1.98 13.55 13.55 0.00 3.07 45.20
352 0.00 0.00 3.00 0.00 12.00 0.00 8.00 0.02 5.33 5.33 0.00 5.33 1.60
353 0.00 0.00 10.00 46.00 40.00 22052.00 789.00 2.81 50.14 48.00 50.61 5.71 32.00
354 0.00 6.00 111.00 3.00 13284.00 36.00 233.68 2.40 21.02 21.51 2.67 6.21 70.80
355 0.00 77.00 4.00 67.00 16.00 8752.00 246.99 1.47 20.68 27.00 20.30 1.07 7.60
356 0.00 0.00 7.00 27.00 28.00 8240.00 486.35 0.67 19.76 11.43 21.93 1.65 5.60
357 0.00 121.00 1781.00 7.00 47904.00 512.00 54.16 15.23 8.49 8.52 1.71 0.42 74.40
358 0.00 16.00 742.00 6.00 34520.00 88.00 92.53 4.78 6.46 6.50 2.00 0.90 67.20
359 0.00 0.00 8.00 0.00 32.00 0.00 8.00 0.05 6.00 6.00 0.00 4.50 3.60
360 0.00 0.00 2.00 114.00 8.00 456.00 8.00 1.82 15.72 8.00 15.86 0.28 3.20
361 0.00 0.00 86.00 46.00 10312.00 21932.00 488.55 3.25 23.82 15.40 39.57 2.15 28.40
362 0.00 10.00 169.00 2.00 19856.00 48.00 232.80 4.72 26.55 26.84 2.00 5.19 88.80
363 0.00 5.00 155.00 57.00 18848.00 8472.00 257.74 7.63 36.68 36.59 36.91 4.72 100.00
364 0.00 1.00 39.00 33.00 4620.00 8260.00 357.78 3.52 50.72 67.38 31.03 6.28 45.20
365 0.00 0.00 54.46 108.91 1374.26 435.64 22.16 4.13 25.12 35.71 19.82 4.36 71.29
366 0.00 0.00 45.00 0.00 960.00 0.00 42.67 0.34 8.09 8.09 0.00 4.27 19.20
367 0.00 0.00 5.00 0.00 20.00 0.00 8.00 0.06 8.00 8.00 0.00 4.00 2.00
368 0.00 6.00 126.00 51.00 12100.00 22060.00 385.99 3.50 19.84 11.59 40.24 2.96 52.40
369 0.00 12.87 4.95 67.33 19.80 8411.88 233.32 2.51 22.41 10.40 23.29 1.32 9.50
370 0.00 32.00 4.00 145.00 16.00 8832.00 118.77 4.39 35.49 6.00 36.30 0.62 9.20
371 0.00 49.00 193.00 15.00 15460.00 256.00 151.12 1.30 6.25 6.45 3.73 2.71 56.40
372 0.00 0.00 27.00 52.00 656.00 16480.00 433.82 2.62 33.11 5.48 47.46 1.82 14.40
373 0.00 0.00 12.00 0.00 152.00 0.00 25.33 0.13 11.00 11.00 0.00 4.00 4.80
374 0.00 0.00 20.00 0.00 120.00 0.00 12.00 1.17 58.60 58.60 0.00 12.00 24.00
375 0.00 0.00 23.00 22.00 92.00 88.00 8.00 0.42 9.24 14.43 3.82 1.96 8.80
376 0.00 0.00 147.00 0.00 964.00 0.00 13.12 3.00 20.24 20.24 0.00 4.79 70.40
377 0.00 0.00 9.00 11.00 36.00 5504.00 554.00 0.43 23.00 26.67 20.00 5.60 11.20
378 0.00 0.00 6.00 46.00 24.00 8380.00 323.23 2.03 39.00 8.00 43.04 1.15 6.00
379 0.00 0.00 0.00 57.43 0.00 16324.75 568.55 2.38 28.41 0.00 28.41 1.10 6.34
380 0.00 62.00 20.00 151.00 204.00 8980.00 107.42 3.94 24.09 25.00 23.97 1.19 20.40
381 0.00 43.00 383.00 12.00 28332.00 220.00 144.57 12.80 33.43 33.42 33.67 2.52 99.60
382 0.00 272.00 348.00 11.00 33248.00 1132.00 191.53 7.14 20.35 20.85 4.36 2.80 100.40
383 0.00 0.00 118.00 0.00 472.00 0.00 8.00 1.27 10.51 10.51 0.00 8.24 97.20
384 0.00 0.00 3.00 0.00 12.00 0.00 8.00 0.06 30.67 30.67 0.00 18.67 5.60
385 0.00 0.00 29.00 83.00 1092.00 6012.00 126.86 1.13 10.07 12.97 9.06 1.43 16.00
386 0.00 0.00 221.00 0.00 21896.00 0.00 198.15 2.18 9.77 9.77 0.00 1.38 30.40
387 0.00 163.00 2202.00 19.00 70768.00 728.00 64.38 4.70 2.08 2.06 4.84 0.35 77.60
388 0.00 78.00 166.00 71.00 4844.00 8760.00 114.80 2.22 9.79 2.70 26.37 0.81 19.20
389 0.00 3.00 13.00 78.00 52.00 22888.00 504.18 2.96 32.48 54.15 28.87 1.67 15.20
390 0.00 138.00 0.00 104.00 0.00 9104.00 175.08 1.86 17.85 0.00 17.85 0.46 4.80
391 0.00 0.00 7.00 28.00 28.00 13108.00 750.63 0.85 24.34 18.29 25.86 2.17 7.60
392 0.00 61.00 13.00 81.00 52.00 21344.00 455.23 2.36 25.15 36.92 23.26 2.64 24.80
393 0.00 43.00 27.00 40.00 108.00 8460.00 255.76 1.12 16.18 10.52 20.00 1.79 12.00
394 0.00 63.00 23.00 85.00 92.00 22876.00 425.33 2.93 27.15 10.61 31.62 1.89 20.40
395 0.00 83.00 75.00 116.00 2032.00 17056.00 199.87 4.14 21.70 22.13 21.41 3.31 63.20
396 0.00 0.00 36.00 54.00 500.00 13388.00 308.62 2.76 25.82 22.22 28.22 6.18 55.60
397 0.00 59.00 12.00 82.00 48.00 24940.00 531.66 1.78 23.53 32.00 22.29 3.70 34.80
398 0.00 0.00 6.00 0.00 36.00 0.00 12.00 0.03 4.67 4.67 0.00 3.33 2.00
399 0.00 0.00 16.00 0.00 104.00 0.00 13.00 0.23 14.25 14.25 0.00 8.75 14.00
400 0.00 0.00 35.00 16.00 748.00 64.00 31.84 1.40 26.90 39.09 0.25 19.61 100.00
401 0.00 0.00 43.00 0.00 884.00 0.00 41.12 1.40 32.00 32.00 0.00 22.70 97.60
402 0.00 93.00 100.00 34.00 2248.00 14168.00 245.01 5.76 34.21 35.60 30.12 7.46 100.00
403 0.00 44.00 144.00 45.00 1880.00 8508.00 109.93 16.28 91.07 66.44 169.87 5.29 100.00
404 0.00 615.00 207.00 412.00 1232.00 78092.00 256.30 16.49 26.68 20.58 29.74 1.62 100.00
405 0.00 4.00 312.00 186.00 11532.00 17168.00 115.26 13.64 26.50 29.94 20.73 2.01 100.00
406 0.00 30.00 162.00 124.00 6600.00 22796.00 205.57 33.54 118.10 90.05 154.74 3.50 100.00
407 0.00 0.00 156.00 0.00 13272.00 0.00 170.15 12.55 79.03 79.03 0.00 6.41 100.00
408 0.00 0.00 142.00 0.00 12100.00 0.00 170.42 10.26 74.48 74.48 0.00 7.04 100.00
409 0.00 1410.00 602.00 43.00 55732.00 5812.00 190.83 8.17 13.11 13.63 5.77 1.59 102.40
410 0.00 0.00 172.00 108.00 11848.00 432.00 87.71 9.56 33.69 50.77 6.48 3.49 97.60
411 0.00 249.00 168.00 18.00 14312.00 6360.00 222.28 10.46 55.10 56.48 42.22 5.38 100.00
412 0.00 0.00 115.00 0.00 9884.00 0.00 171.90 9.41 82.26 82.26 0.00 8.70 100.00
413 0.00 2140.00 162.00 31.00 14008.00 8684.00 235.15 9.70 51.83 55.38 33.29 5.18 100.00
414 0.00 71.00 241.00 89.00 9572.00 22624.00 195.13 8.91 27.19 19.27 48.63 3.02 99.60
415 0.00 147.00 506.00 106.00 2088.00 11324.00 43.83 7.23 11.86 6.86 35.70 1.63 100.00
416 0.00 0.00 391.00 44.00 1564.00 12892.00 66.46 4.31 9.89 6.95 36.00 2.28 99.20
417 0.00 0.00 125.00 0.00 500.00 0.00 8.00 1.93 15.55 15.55 0.00 7.97 99.60
418 0.00 0.00 55.00 0.00 220.00 0.00 8.00 0.77 14.11 14.11 0.00 6.84 37.60
419 0.00 0.00 10.00 0.00 40.00 0.00 8.00 0.06 6.00 6.00 0.00 6.00 6.00
420 0.00 0.00 27.00 23.00 128.00 92.00 8.80 0.24 4.72 2.07 7.83 0.64 3.20
421 0.00 1.00 70.00 71.00 308.00 18716.00 269.84 2.37 16.79 8.23 25.24 2.35 33.20
422 0.00 3.00 9.00 86.00 36.00 26792.00 564.80 2.98 31.41 38.22 30.70 3.03 28.80
423 0.00 15.00 3.00 49.00 16.00 12936.00 498.15 1.56 27.92 9.33 29.06 1.38 7.20
424 0.00 0.00 28.00 0.00 248.00 0.00 17.71 1.03 40.71 40.71 0.00 8.71 24.40
425 0.00 0.00 40.00 33.00 872.00 132.00 27.51 1.72 23.45 39.40 4.12 6.25 45.60
426 0.00 0.00 62.00 0.00 1416.00 0.00 45.68 0.42 6.90 6.90 0.00 4.65 28.80
427 0.00 0.00 2.00 0.00 8.00 0.00 8.00 0.02 8.00 8.00 0.00 8.00 1.60
428 0.00 0.00 4.00 18.00 16.00 7908.00 720.36 0.54 24.36 8.00 28.00 2.73 6.00
429 0.00 10.00 4.00 66.00 16.00 13756.00 393.49 3.18 45.37 33.00 46.12 2.74 19.20
430 0.00 38.00 7.00 237.00 28.00 33324.00 273.38 8.54 35.02 58.86 34.31 0.69 16.80
431 0.00 2.00 4.00 39.00 264.00 9304.00 445.02 23.33 149.30 74.00 157.03 14.88 64.00
432 0.00 0.00 6.00 42.00 440.00 14672.00 629.67 40.13 493.67 282.00 523.90 20.92 100.40
433 0.00 0.00 51.00 44.00 628.00 11280.00 250.69 30.39 669.35 240.71 1166.18 10.53 100.00
434 0.00 9.00 64.00 48.00 372.00 12244.00 225.29 16.71 104.25 54.44 170.67 8.93 100.00
435 0.00 0.00 64.00 84.00 324.00 16208.00 223.41 37.28 283.27 98.94 423.71 6.76 100.00
436 0.00 0.00 91.00 0.00 2008.00 0.00 44.13 5.78 68.13 68.13 0.00 10.99 100.00
437 0.00 445.54 454.46 367.33 16938.61 88982.18 257.78 31.32 38.17 16.41 65.09 1.21 99.41
438 0.00 0.00 398.00 0.00 35032.00 0.00 176.04 8.10 19.83 19.83 0.00 2.51 100.00
439 0.00 7.00 381.00 2.00 35624.00 36.00 186.21 8.30 22.02 22.08 10.00 2.61 100.00
440 0.00 11.00 297.00 122.00 33676.00 532.00 163.28 8.17 19.19 25.23 4.49 2.39 100.00
441 0.00 0.00 174.00 0.00 7640.00 0.00 87.82 6.27 37.56 37.56 0.00 4.34 75.60
442 0.00 0.00 14.00 0.00 136.00 0.00 19.43 0.35 25.14 25.14 0.00 7.43 10.40
443 0.00 0.00 21.00 0.00 84.00 0.00 8.00 0.20 9.33 9.33 0.00 4.19 8.80
444 0.00 0.00 8.00 0.00 32.00 0.00 8.00 0.06 8.00 8.00 0.00 2.00 1.60
445 0.00 693.00 311.00 35.00 28672.00 2912.00 182.57 4.10 11.75 12.68 3.43 1.51 52.40
446 0.00 64.00 141.00 71.00 2500.00 13404.00 150.04 2.83 13.55 4.77 30.99 2.00 42.40
447 0.00 9.00 10.00 53.00 40.00 15448.00 491.68 1.66 26.16 13.60 28.53 1.71 10.80
448 0.00 0.00 5.00 50.00 20.00 15532.00 565.53 1.51 27.71 25.60 27.92 2.04 11.20
449 0.00 3.00 49.00 94.00 492.00 26852.00 382.43 4.24 29.68 15.84 36.89 1.54 22.00
450 0.00 41.00 17.00 104.00 68.00 8712.00 145.12 2.62 21.69 6.59 24.15 0.86 10.40
451 0.00 0.00 6.00 75.00 124.00 22904.00 568.59 2.32 28.59 28.00 28.64 1.78 14.40
452 0.00 112.00 59.00 53.00 640.00 12536.00 235.29 2.02 18.00 9.42 27.55 2.11 23.60
453 0.00 0.00 22.00 37.00 88.00 17160.00 584.68 1.26 21.42 3.64 32.00 0.95 5.60
454 0.00 33.00 6.00 54.00 24.00 15096.00 504.00 1.64 27.33 5.33 29.78 1.20 7.20
455 0.00 9.00 34.00 116.00 832.00 16756.00 234.51 5.41 35.49 69.76 25.45 4.59 68.80
456 0.00 34.00 105.00 105.00 1732.00 30536.00 307.31 6.27 22.93 10.90 34.97 3.37 70.80
457 0.00 26.00 203.00 341.00 936.00 87428.00 324.87 14.37 29.23 8.35 41.65 1.82 98.80
458 0.00 0.00 1515.00 0.00 9928.00 0.00 13.11 8.58 5.61 5.61 0.00 0.66 100.00
459 0.00 0.00 812.00 0.00 3412.00 0.00 8.40 9.32 11.01 11.01 0.00 1.23 100.00
460 0.00 0.00 310.00 105.00 1692.00 420.00 10.18 9.31 23.58 27.52 11.92 2.41 100.00
461 0.00 0.00 73.00 0.00 1212.00 0.00 33.21 1.68 21.15 21.15 0.00 13.48 98.40
462 0.00 0.00 127.00 11.00 2076.00 5420.00 108.64 8.79 64.43 66.20 44.00 7.25 100.00
463 0.00 0.00 27.00 0.00 924.00 0.00 68.44 0.36 14.52 14.52 0.00 10.07 27.20
464 0.00 0.00 3.00 0.00 12.00 0.00 8.00 0.03 10.67 10.67 0.00 10.67 3.20
465 0.00 0.00 22.00 17.00 128.00 68.00 10.05 0.28 7.28 10.00 3.76 2.36 9.20
466 0.00 0.00 8.00 0.00 32.00 0.00 8.00 0.08 9.50 9.50 0.00 1.50 1.20
467 0.00 0.00 14.00 0.00 56.00 0.00 8.00 0.07 5.14 5.14 0.00 1.14 1.60
468 0.00 0.00 0.00 0.00 0.00 0.00 0.00 0.00 0.00 0.00 0.00 0.00 0.00
469 0.00 0.00 0.00 0.00 0.00 0.00 0.00 0.00 0.00 0.00 0.00 0.00 0.00
470 0.00 0.00 7.00 7.00 28.00 28.00 8.00 0.07 4.86 6.29 3.43 1.71 2.40
471 0.00 0.00 0.00 0.00 0.00 0.00 0.00 0.00 0.00 0.00 0.00 0.00 0.00
472 0.00 0.00 2.00 0.00 8.00 0.00 8.00 0.01 4.00 4.00 0.00 2.00 0.40
473 0.00 0.00 14.00 0.00 56.00 0.00 8.00 0.11 8.00 8.00 0.00 1.14 1.60
474 0.00 0.00 10.00 0.00 40.00 0.00 8.00 0.08 8.40 8.40 0.00 4.00 4.00
475 0.00 0.00 12.00 6.00 272.00 24.00 32.89 0.37 15.56 21.67 3.33 14.67 26.40
476 0.00 0.00 52.00 0.00 756.00 0.00 29.08 1.88 37.23 37.23 0.00 19.08 99.20
477 0.00 0.00 30.00 0.00 468.00 0.00 31.20 1.50 50.80 50.80 0.00 33.20 99.60
478 0.00 0.00 393.00 4.00 28312.00 16.00 142.71 6.00 14.51 14.65 1.00 2.40 95.20
479 0.00 9.00 566.00 11.00 40008.00 80.00 138.95 14.43 23.67 23.98 7.64 1.73 100.00
480 0.00 24.00 415.00 23.00 19452.00 188.00 89.68 7.95 20.33 20.62 15.13 1.65 72.40
481 0.00 0.00 4.00 0.00 16.00 0.00 8.00 0.06 16.00 16.00 0.00 4.00 1.60
482 0.00 0.00 0.00 0.00 0.00 0.00 0.00 0.00 0.00 0.00 0.00 0.00 0.00
483 0.00 0.00 4.00 0.00 16.00 0.00 8.00 0.05 12.00 12.00 0.00 3.00 1.20
484 0.00 1.00 751.00 8.00 45552.00 36.00 120.13 5.86 7.73 7.80 1.00 0.84 64.00
485 0.00 103.00 82.00 104.00 840.00 17196.00 193.94 2.11 11.23 7.61 14.08 3.25 60.40
486 0.00 37.00 148.00 37.00 592.00 8432.00 97.56 2.19 11.96 7.78 28.65 5.36 99.20
487 0.00 0.00 124.00 0.00 1296.00 0.00 20.90 2.29 18.35 18.35 0.00 8.03 99.60
488 0.00 0.00 159.00 0.00 784.00 0.00 9.86 4.27 26.39 26.39 0.00 6.29 100.00
489 0.00 0.00 95.00 0.00 768.00 0.00 16.17 2.36 25.56 25.56 0.00 10.53 100.00
490 0.00 0.00 70.00 38.00 536.00 152.00 12.74 1.76 16.30 25.09 0.11 8.93 96.40
491 0.00 0.00 262.00 28.00 2064.00 13724.00 108.88 5.40 18.65 17.39 30.43 3.45 100.00
492 0.00 31.00 5446.00 8.00 22356.00 156.00 8.26 12.20 2.24 2.24 2.50 0.18 99.60
493 0.00 0.00 310.00 0.00 1368.00 0.00 8.83 2.68 8.53 8.53 0.00 3.21 99.60
494 0.00 0.00 623.00 0.00 3276.00 0.00 10.52 5.64 9.14 9.14 0.00 1.60 99.60
495 0.00 0.00 378.00 10.00 1512.00 40.00 8.00 1.79 4.61 4.72 0.40 2.58 100.00
496 0.00 0.00 227.00 0.00 908.00 0.00 8.00 1.32 5.78 5.78 0.00 4.33 98.40
497 0.00 0.00 214.00 0.00 996.00 0.00 9.31 1.52 7.14 7.14 0.00 4.65 99.60
498 0.00 0.00 124.00 0.00 496.00 0.00 8.00 1.22 9.10 9.10 0.00 8.03 99.60
499 0.00 0.00 50.00 0.00 200.00 0.00 8.00 1.22 26.24 26.24 0.00 20.00 100.00
500 0.00 0.00 78.00 13.00 312.00 52.00 8.00 1.55 16.92 19.08 4.00 10.95 99.60
501 0.00 0.00 42.00 0.00 168.00 0.00 8.00 1.75 41.24 41.24 0.00 23.71 99.60
502 0.00 0.00 42.00 0.00 168.00 0.00 8.00 1.29 31.05 31.05 0.00 23.81 100.00
503 0.00 0.00 59.00 0.00 236.00 0.00 8.00 1.40 22.58 22.58 0.00 16.81 99.20
504 0.00 0.00 120.00 0.00 480.00 0.00 8.00 1.27 11.03 11.03 0.00 8.33 100.00
505 0.00 0.00 152.00 6.00 1416.00 24.00 18.23 1.84 11.77 12.11 3.33 6.33 100.00
506 0.00 0.00 177.00 0.00 708.00 0.00 8.00 1.18 6.67 6.67 0.00 5.56 98.40
507 0.00 0.00 526.00 0.00 2116.00 0.00 8.05 3.40 6.41 6.41 0.00 1.87 98.40
508 0.00 34.00 372.00 70.00 1496.00 14476.00 72.27 5.89 13.38 10.89 26.57 2.24 99.20
509 0.00 0.00 140.00 0.00 560.00 0.00 8.00 2.77 19.40 19.40 0.00 7.11 99.60
510 0.00 0.00 62.00 30.00 248.00 120.00 8.00 2.92 31.30 46.39 0.13 10.83 99.60
511 0.00 0.00 548.00 0.00 2204.00 0.00 8.04 3.73 6.85 6.85 0.00 1.81 99.20
512 0.00 1.00 747.00 68.00 3092.00 12384.00 37.98 7.44 9.25 7.38 29.71 1.22 99.20
513 0.00 233.00 981.00 173.00 3924.00 49128.00 91.94 12.06 10.19 7.66 24.55 0.86 99.60
514 0.00 0.00 330.00 0.00 1320.00 0.00 8.00 6.23 19.73 19.73 0.00 3.03 100.00
515 0.00 0.00 486.00 29.00 2208.00 116.00 9.03 6.40 12.38 13.11 0.14 1.93 99.60
516 0.00 418.00 1045.00 21.00 67648.00 1756.00 130.21 8.40 7.87 7.98 2.29 0.94 100.00
517 0.00 50.50 678.22 7.92 37338.61 233.66 109.52 6.32 9.26 9.31 4.50 1.47 100.99
518 0.00 355.00 1554.00 12.00 29408.00 1468.00 39.43 7.07 4.51 4.53 2.33 0.60 94.00
519 0.00 22.00 412.00 90.00 4864.00 16992.00 87.08 4.96 9.34 7.12 19.51 1.22 61.20
520 0.00 0.00 168.00 67.00 1420.00 5308.00 57.26 6.48 27.83 33.26 14.21 3.69 86.80
521 0.00 0.00 107.00 0.00 1132.00 0.00 21.16 3.95 34.65 34.65 0.00 9.35 100.00
522 0.00 0.00 251.00 0.00 2580.00 0.00 20.56 8.15 34.12 34.12 0.00 3.98 100.00
523 0.00 0.00 36.00 0.00 1580.00 0.00 87.78 0.63 18.11 18.11 0.00 11.00 39.60
524 0.00 109.00 229.00 119.00 1080.00 22996.00 138.37 6.10 17.53 9.05 33.85 1.17 40.80
525 0.00 112.00 1689.00 189.00 7748.00 32788.00 43.17 12.98 6.85 5.11 22.39 0.51 96.00
526 0.00 201.00 741.00 102.00 53820.00 19768.00 174.59 8.24 9.90 8.25 21.92 1.13 95.20
527 0.00 0.00 413.00 61.00 3624.00 16520.00 85.00 2.96 6.27 2.68 30.56 1.54 72.80
528 0.00 32.00 77.00 73.00 308.00 17876.00 242.45 1.78 11.89 2.13 22.19 0.80 12.00
529 0.00 11.00 6.00 64.00 24.00 16552.00 473.60 1.67 23.89 23.33 23.94 2.17 15.20
530 0.00 0.00 128.00 67.00 896.00 9804.00 109.74 3.08 15.79 19.91 7.94 4.76 92.80
531 0.00 76.00 414.00 16.00 48360.00 368.00 226.64 4.55 10.55 10.89 1.75 1.80 77.20
532 0.00 31.00 360.00 142.00 12424.00 29504.00 167.04 5.46 10.90 6.94 20.93 1.43 72.00
533 0.00 6.00 118.00 48.00 536.00 9788.00 124.39 1.87 11.25 6.27 23.50 0.96 16.00
534 0.00 10.00 136.00 76.00 544.00 20004.00 193.85 2.70 12.75 5.79 25.21 1.15 24.40
535 0.00 13.00 125.00 124.00 1112.00 14236.00 123.28 3.58 13.85 15.33 12.35 2.52 62.80
536 0.00 24.00 204.00 94.00 816.00 27672.00 191.19 5.92 20.30 17.14 27.15 3.01 89.60
537 0.00 1.00 76.00 66.00 348.00 19648.00 281.63 3.28 22.82 17.63 28.79 2.45 34.80
538 0.00 9.00 293.00 5.00 9304.00 56.00 62.82 6.10 19.37 19.69 0.80 3.36 100.00
539 0.00 0.00 199.00 0.00 10836.00 0.00 108.90 7.16 37.69 37.69 0.00 5.03 100.00
540 0.00 34.00 590.00 147.00 15492.00 20540.00 97.78 7.63 10.35 7.65 21.17 1.14 84.00
541 0.00 3.00 372.00 79.00 6564.00 20576.00 120.35 4.37 9.72 6.15 26.53 1.17 52.80
542 0.00 6738.00 463.00 100.00 28716.00 37372.00 234.77 5.87 10.38 7.41 24.12 1.43 80.40
543 0.00 0.00 172.00 40.00 10608.00 10072.00 195.09 6.47 30.04 30.05 30.00 4.02 85.20
544 0.00 0.00 125.00 1.00 6048.00 4.00 96.06 3.68 30.16 30.37 4.00 7.90 99.60
545 0.00 0.00 81.00 39.00 6092.00 156.00 104.13 3.68 30.53 43.36 3.90 7.13 85.60
546 0.00 46.00 265.00 71.00 4036.00 9008.00 77.64 7.26 21.71 18.73 32.85 2.81 94.40
547 0.00 0.00 170.00 38.00 680.00 8368.00 87.00 2.50 12.04 7.65 31.68 1.21 25.20
548 0.00 15.00 193.00 69.00 808.00 16424.00 131.54 2.67 10.20 4.19 27.01 0.75 19.60
549 0.00 40.00 195.00 79.00 780.00 17292.00 131.91 2.83 10.34 4.66 24.35 1.07 29.20
550 0.00 2.00 187.00 120.00 848.00 18436.00 125.63 3.07 9.99 3.91 19.47 0.79 24.40
551 0.00 0.00 8.00 0.00 32.00 0.00 8.00 0.06 8.00 8.00 0.00 2.00 1.60
552 0.00 0.00 205.00 0.00 1360.00 0.00 13.27 1.30 6.32 6.32 0.00 2.42 49.60
553 0.00 0.00 7.00 0.00 28.00 0.00 8.00 0.03 4.00 4.00 0.00 0.57 0.40
554 0.00 34.00 15.00 7.00 688.00 164.00 77.45 0.71 31.27 44.00 4.00 21.64 47.60
555 0.00 0.00 125.00 26.00 1156.00 104.00 16.69 4.52 29.85 34.46 7.69 6.62 100.00
556 0.00 0.00 97.00 0.00 648.00 0.00 13.36 7.11 63.79 63.79 0.00 10.31 100.00
557 0.00 0.00 103.00 0.00 536.00 0.00 10.41 4.92 57.05 57.05 0.00 9.67 99.60
558 0.00 0.00 135.00 0.00 1020.00 0.00 15.11 3.69 27.05 27.05 0.00 7.02 94.80
559 0.00 0.00 52.00 0.00 1140.00 0.00 43.85 0.89 18.00 18.00 0.00 11.85 61.60
560 0.00 0.00 501.00 135.00 5772.00 540.00 19.85 7.35 11.54 12.65 7.41 1.36 86.80
561 0.00 0.00 537.00 0.00 4820.00 0.00 17.95 2.03 3.80 3.80 0.00 1.18 63.60
562 0.00 0.00 15.00 0.00 60.00 0.00 8.00 0.09 5.87 5.87 0.00 4.80 7.20
563 0.00 0.00 1.00 0.00 4.00 0.00 8.00 0.00 4.00 4.00 0.00 4.00 0.40
564 0.00 0.00 9.00 0.00 36.00 0.00 8.00 0.11 12.44 12.44 0.00 4.00 3.60
565 0.00 0.00 32.00 20.00 1204.00 80.00 49.38 0.41 7.85 10.38 3.80 2.23 11.60
566 0.00 0.00 0.00 0.00 0.00 0.00 0.00 0.00 0.00 0.00 0.00 0.00 0.00
567 0.00 0.00 6.00 0.00 24.00 0.00 8.00 0.04 6.00 6.00 0.00 2.00 1.20
568 0.00 0.00 87.00 0.00 348.00 0.00 8.00 0.52 5.98 5.98 0.00 4.09 35.60
569 0.00 0.00 10.00 0.00 40.00 0.00 8.00 0.05 5.20 5.20 0.00 2.00 2.00
570 0.00 0.00 7.00 7.00 28.00 28.00 8.00 0.03 2.29 4.00 0.57 1.43 2.00
571 0.00 0.00 8.00 0.00 32.00 0.00 8.00 0.08 10.50 10.50 0.00 1.50 1.20
572 0.00 0.00 8.00 0.00 32.00 0.00 8.00 0.02 2.50 2.50 0.00 1.50 1.20
573 0.00 0.00 5.00 0.00 20.00 0.00 8.00 0.13 26.40 26.40 0.00 7.20 3.60
574 0.00 0.00 8.00 0.00 32.00 0.00 8.00 0.06 8.00 8.00 0.00 1.00 0.80
575 0.00 85.00 11.00 82.00 232.00 1452.00 36.22 2.28 24.56 7.27 26.88 0.65 6.00
576 0.00 0.00 15.00 0.00 384.00 0.00 51.20 0.05 3.20 3.20 0.00 0.80 1.20
577 0.00 0.00 0.00 0.00 0.00 0.00 0.00 0.00 0.00 0.00 0.00 0.00 0.00
578 0.00 0.00 5.00 0.00 20.00 0.00 8.00 0.04 8.00 8.00 0.00 1.60 0.80
579 0.00 0.00 8.00 0.00 32.00 0.00 8.00 0.05 6.50 6.50 0.00 3.00 2.40
580 0.00 0.00 197.00 35.00 4820.00 140.00 42.76 1.96 8.26 9.02 4.00 2.69 62.40
581 0.00 0.00 318.00 0.00 2652.00 0.00 16.68 2.86 9.14 9.14 0.00 1.12 35.60
582 0.00 0.00 17.00 0.00 152.00 0.00 17.88 0.27 15.76 15.76 0.00 4.94 8.40
583 0.00 0.00 205.00 0.00 820.00 0.00 8.00 1.66 8.12 8.12 0.00 3.61 74.00
584 0.00 0.00 8.00 0.00 32.00 0.00 8.00 0.14 17.50 17.50 0.00 7.00 5.60
585 0.00 0.00 15.00 14.00 60.00 56.00 8.00 0.16 5.38 6.93 3.71 0.83 2.40
586 0.00 0.00 4.00 0.00 16.00 0.00 8.00 0.05 12.00 12.00 0.00 3.00 1.20
587 0.00 0.00 0.00 0.00 0.00 0.00 0.00 0.00 0.00 0.00 0.00 0.00 0.00
588 0.00 0.00 3.00 0.00 96.00 0.00 64.00 0.03 9.33 9.33 0.00 4.00 1.20
589 0.00 0.00 0.00 0.00 0.00 0.00 0.00 0.00 0.00 0.00 0.00 0.00 0.00
590 0.00 0.00 8.00 6.00 32.00 24.00 8.00 0.09 6.57 8.50 4.00 2.00 2.80
591 0.00 0.00 3.00 0.00 12.00 0.00 8.00 0.02 8.00 8.00 0.00 2.67 0.80
592 0.00 0.00 0.00 0.00 0.00 0.00 0.00 0.00 0.00 0.00 0.00 0.00 0.00
593 0.00 0.00 4.00 0.00 16.00 0.00 8.00 0.03 8.00 8.00 0.00 2.00 0.80
594 0.00 0.00 8.00 0.00 32.00 0.00 8.00 0.05 6.00 6.00 0.00 1.50 1.20
595 0.00 0.00 2.00 6.00 8.00 24.00 8.00 0.03 4.00 6.00 3.33 1.50 1.20
596 0.00 0.00 4.00 0.00 16.00 0.00 8.00 0.06 16.00 16.00 0.00 4.00 1.60
597 0.00 0.00 0.00 0.00 0.00 0.00 0.00 0.00 0.00 0.00 0.00 0.00 0.00
598 0.00 0.00 6.00 0.00 24.00 0.00 8.00 0.04 7.33 7.33 0.00 2.67 1.60
599 0.00 0.00 0.00 0.00 0.00 0.00 0.00 0.00 0.00 0.00 0.00 0.00 0.00
600 0.00 0.00 8.00 6.00 32.00 24.00 8.00 0.13 9.14 16.00 0.00 2.29 3.20
601 0.00 0.00 6.00 0.00 24.00 0.00 8.00 0.05 8.00 8.00 0.00 4.00 2.40
602 0.00 0.00 4.00 0.00 16.00 0.00 8.00 0.02 4.00 4.00 0.00 1.00 0.40
603 0.00 0.00 13.00 0.00 52.00 0.00 8.00 0.08 6.15 6.15 0.00 1.85 2.40
604 0.00 0.00 0.00 0.00 0.00 0.00 0.00 0.00 0.00 0.00 0.00 0.00 0.00
605 0.00 0.00 4.00 12.00 16.00 56.00 9.00 0.06 4.00 10.00 2.00 1.25 2.00
606 0.00 0.00 5.00 0.00 20.00 0.00 8.00 0.03 6.40 6.40 0.00 1.60 0.80
607 0.00 0.00 4.00 0.00 16.00 0.00 8.00 0.18 44.00 44.00 0.00 11.00 4.40
608 0.00 0.00 11.00 0.00 44.00 0.00 8.00 0.16 13.82 13.82 0.00 6.55 7.20
609 0.00 0.00 20.00 0.00 80.00 0.00 8.00 0.47 23.80 23.80 0.00 13.00 26.00
610 0.00 2.00 8.00 34.00 32.00 240.00 12.95 0.91 21.62 48.00 15.41 1.71 7.20
611 0.00 0.00 10.00 0.00 40.00 0.00 8.00 0.24 10.00 10.00 0.00 13.60 13.60
612 0.00 0.00 3.00 0.00 12.00 0.00 8.00 0.02 53.33 53.33 0.00 4.00 1.20
613 0.00 0.00 8.00 0.00 32.00 0.00 8.00 0.08 10.00 10.00 0.00 3.50 2.80
614 0.00 0.00 0.00 0.00 0.00 0.00 0.00 0.00 0.00 0.00 0.00 0.00 0.00
615 0.00 0.00 3.00 25.00 12.00 100.00 8.00 0.06 2.29 20.00 0.16 0.86 2.40
616 0.00 0.00 54.00 0.00 216.00 0.00 8.00 2.25 39.19 39.19 0.00 8.37 45.20
617 0.00 0.00 158.00 0.00 632.00 0.00 8.00 3.59 23.24 23.24 0.00 6.33 100.00
618 0.00 0.00 68.00 0.00 272.00 0.00 8.00 1.72 25.94 25.94 0.00 14.71 100.00
619 0.00 0.00 136.00 0.00 544.00 0.00 8.00 3.45 23.88 23.88 0.00 7.38 100.40
620 0.00 0.00 149.00 7.00 596.00 28.00 8.00 3.58 24.18 25.15 3.43 6.38 99.60
621 0.00 0.00 436.63 0.00 2534.65 0.00 11.61 5.87 13.39 13.39 0.00 2.23 97.43
622 0.00 0.00 876.00 0.00 6556.00 0.00 14.97 8.59 9.78 9.78 0.00 1.14 100.00
623 0.00 0.00 777.00 0.00 4452.00 0.00 11.46 6.57 8.51 8.51 0.00 1.21 94.40
624 0.00 0.00 528.00 0.00 5936.00 0.00 22.48 5.66 10.60 10.60 0.00 1.85 97.60
