0 0.00 32.78 32.53 18.82 905.11 1023.39 75.12 3.13 60.35 34.18 105.61 1.70 8.75
1 0.00 0.00 9.00 10.00 76.00 40.00 12.21 0.12 10.74 22.22 0.40 2.32 4.40
2 0.00 0.00 9.00 0.00 36.00 0.00 8.00 0.10 11.56 11.56 0.00 2.67 2.40
3 0.00 0.00 0.00 0.00 0.00 0.00 0.00 0.00 0.00 0.00 0.00 0.00 0.00
4 0.00 0.00 0.00 0.00 0.00 0.00 0.00 0.00 0.00 0.00 0.00 0.00 0.00
5 0.00 0.00 12.00 0.00 48.00 0.00 8.00 0.13 10.67 10.67 0.00 1.67 2.00
6 0.00 0.00 8.00 5.00 32.00 20.00 8.00 0.06 4.92 8.00 0.00 0.62 0.80
7 0.00 0.00 0.00 0.00 0.00 0.00 0.00 0.00 0.00 0.00 0.00 0.00 0.00
8 0.00 0.00 4.00 0.00 16.00 0.00 8.00 0.06 16.00 16.00 0.00 4.00 1.60
9 0.00 0.00 4.00 0.00 16.00 0.00 8.00 0.05 12.00 12.00 0.00 3.00 1.20
10 0.00 0.00 6.00 0.00 24.00 0.00 8.00 0.05 8.00 8.00 0.00 1.33 0.80
11 0.00 0.00 4.00 6.00 16.00 24.00 8.00 0.00 0.40 0.00 0.67 0.40 0.40
12 0.00 0.00 89.00 0.00 356.00 0.00 8.00 0.51 5.71 5.71 0.00 1.39 12.40
13 0.00 0.00 52.00 1.00 208.00 4.00 8.00 0.36 6.19 6.31 0.00 2.42 12.80
14 0.00 0.00 42.00 0.00 168.00 0.00 8.00 0.30 7.90 7.90 0.00 1.43 6.00
15 0.00 0.00 10.00 0.00 40.00 0.00 8.00 0.04 4.40 4.40 0.00 0.80 0.80
16 0.00 0.00 37.00 43.00 252.00 172.00 10.60 0.52 6.40 9.30 3.91 1.65 13.20
17 0.00 0.00 1491.00 183.00 5964.00 88204.00 112.51 36.43 21.77 2.35 179.96 0.58 97.20
18 0.00 0.00 262.00 0.00 1256.00 0.00 9.59 1.25 4.63 4.63 0.00 1.66 43.60
19 0.00 0.00 61.00 0.00 728.00 0.00 23.87 1.18 19.93 19.93 0.00 11.67 71.20
20 0.00 0.00 15.00 1.00 256.00 56.00 39.00 0.48 30.25 32.27 0.00 13.25 21.20
21 0.00 0.00 168.00 34.00 704.00 136.00 8.32 4.41 21.82 25.45 3.88 4.18 84.40
22 0.00 0.00 41.00 0.00 164.00 0.00 8.00 1.32 32.10 32.10 0.00 3.02 12.40
23 0.00 1.00 41.00 7.00 164.00 112.00 11.50 3.38 53.67 61.46 8.00 8.00 38.40
24 0.00 0.00 54.00 0.00 216.00 0.00 8.00 4.12 90.67 90.67 0.00 18.52 100.00
25 0.00 0.00 94.00 0.00 376.00 0.00 8.00 2.21 23.83 23.83 0.00 10.60 99.60
26 0.00 0.00 18.00 130.00 72.00 520.00 8.00 1.93 13.05 21.78 11.85 1.27 18.80
27 0.00 0.00 4.00 0.00 16.00 0.00 8.00 0.05 12.00 12.00 0.00 3.00 1.20
28 0.00 87.00 22.00 75.00 88.00 648.00 15.18 5.29 54.56 36.00 60.00 3.92 38.00
29 0.00 0.00 5.00 0.00 20.00 0.00 8.00 0.04 8.00 8.00 0.00 3.20 1.60
30 0.00 0.00 8.00 0.00 32.00 0.00 8.00 0.05 6.00 6.00 0.00 1.50 1.20
31 0.00 0.00 21.00 115.00 116.00 460.00 8.47 1.03 7.56 5.33 7.97 0.74 10.00
32 0.00 0.00 18.00 0.00 112.00 0.00 12.44 0.12 6.89 6.89 0.00 3.78 6.80
33 0.00 0.00 2.00 5.00 8.00 48.00 16.00 0.02 2.29 8.00 0.00 1.14 0.80
34 0.00 0.00 2.00 0.00 8.00 0.00 8.00 0.01 6.00 6.00 0.00 6.00 1.20
35 0.00 0.00 10.00 0.00 40.00 0.00 8.00 0.09 8.80 8.80 0.00 1.60 1.60
36 0.00 0.00 4.00 116.00 16.00 464.00 8.00 1.42 11.80 8.00 11.93 0.20 2.40
37 0.00 0.00 0.00 0.00 0.00 0.00 0.00 0.00 0.00 0.00 0.00 0.00 0.00
38 0.00 68.00 0.00 198.00 0.00 53700.00 542.42 16.35 82.57 0.00 82.57 0.77 15.20
39 0.00 0.00 12.00 0.00 48.00 0.00 8.00 1.02 84.67 84.67 0.00 8.67 10.40
40 0.00 0.00 15.00 0.00 132.00 0.00 17.60 0.67 44.53 44.53 0.00 21.87 32.80
41 0.00 0.00 11.00 139.00 44.00 556.00 8.00 1.64 10.96 13.09 10.79 0.32 4.80
42 0.00 0.00 6.00 0.00 24.00 0.00 8.00 0.05 8.00 8.00 0.00 1.33 0.80
43 0.00 0.00 3.00 203.00 12.00 93916.00 911.92 16.65 80.83 20.00 81.73 1.01 20.80
44 0.00 0.00 0.00 0.00 0.00 0.00 0.00 0.00 0.00 0.00 0.00 0.00 0.00
45 0.00 0.00 0.00 0.00 0.00 0.00 0.00 0.00 0.00 0.00 0.00 0.00 0.00
46 0.00 0.00 0.00 121.00 0.00 484.00 8.00 1.44 11.90 0.00 11.90 0.10 1.20
47 0.00 0.00 8.00 0.00 32.00 0.00 8.00 0.13 16.00 16.00 0.00 2.00 1.60
48 0.00 0.00 11.00 0.00 64.00 0.00 11.64 0.16 14.55 14.55 0.00 5.09 5.60
49 0.00 0.00 1.00 0.00 4.00 0.00 8.00 0.00 0.00 0.00 0.00 0.00 0.00
50 0.00 0.00 0.00 20.00 0.00 80.00 8.00 0.05 2.00 0.00 2.00 1.00 2.00
51 0.00 3.00 2.00 868.00 8.00 76648.00 176.22 21.80 25.01 38.00 24.98 0.58 50.40
52 0.00 0.00 8.00 0.00 32.00 0.00 8.00 0.13 16.00 16.00 0.00 3.00 2.40
53 0.00 134.00 1.00 714.00 4.00 71212.00 199.21 28.13 26.37 52.00 26.34 0.60 43.20
54 0.00 0.00 115.00 53.00 7500.00 10036.00 208.76 6.74 81.81 57.77 133.96 4.62 77.60
55 0.00 0.00 56.00 0.00 4696.00 0.00 167.71 4.55 92.71 92.71 0.00 17.57 98.40
56 0.00 0.00 3.00 126.00 12.00 504.00 8.00 20.27 157.12 116.00 158.10 1.86 24.00
57 0.00 0.00 4.00 0.00 16.00 0.00 8.00 0.19 48.00 48.00 0.00 12.00 4.80
58 0.00 29.00 106.00 164.00 5720.00 4860.00 78.37 2.84 10.50 13.62 8.49 1.64 44.40
59 0.00 15.00 4.00 23.00 16.00 152.00 12.44 0.06 2.22 4.00 1.91 0.74 2.00
60 0.00 0.00 8.00 0.00 32.00 0.00 8.00 0.18 22.00 22.00 0.00 7.00 5.60
61 0.00 0.00 4.00 0.00 16.00 0.00 8.00 0.06 16.00 16.00 0.00 4.00 1.60
62 0.00 0.00 4.00 11.00 16.00 44.00 8.00 0.08 5.33 10.00 3.64 1.07 1.60
63 0.00 170.00 48.00 539.00 3128.00 29192.00 110.12 5.46 9.29 21.67 8.19 0.75 44.00
64 0.00 11176.00 48.00 923.00 660.00 48404.00 101.06 19.79 20.39 16.83 20.57 0.42 40.40
65 0.00 0.00 77.00 0.00 2152.00 0.00 55.90 0.85 10.96 10.96 0.00 4.83 37.20
66 0.00 554.00 206.00 39.00 5956.00 5712.00 95.25 7.07 26.64 28.33 17.74 2.94 72.00
67 0.00 71.00 488.00 357.00 14304.00 38448.00 124.86 17.19 20.70 20.16 21.45 1.18 100.00
68 0.00 3.00 87.00 102.00 2600.00 19852.00 237.59 4.53 25.25 32.32 19.22 2.50 47.20
69 0.00 0.00 147.00 0.00 12672.00 0.00 172.41 4.21 27.92 27.92 0.00 6.37 93.60
70 0.00 0.00 14.00 0.00 1116.00 0.00 159.43 0.40 36.29 36.29 0.00 20.00 28.00
71 0.00 0.00 25.00 0.00 364.00 0.00 29.12 0.82 32.00 32.00 0.00 12.32 30.80
72 0.00 0.00 109.00 122.00 612.00 488.00 9.52 4.11 17.77 30.53 6.36 3.55 82.00
73 0.00 0.00 47.00 0.00 940.00 0.00 40.00 1.01 21.96 21.96 0.00 16.09 75.60
74 0.00 0.00 14.00 0.00 56.00 0.00 8.00 0.41 29.14 29.14 0.00 19.71 27.60
75 0.00 0.00 53.00 0.00 504.00 0.00 19.02 0.38 6.87 6.87 0.00 2.11 11.20
76 0.00 0.00 335.00 0.00 21188.00 0.00 126.50 4.65 13.85 13.85 0.00 2.89 96.80
77 0.00 0.00 218.00 29.00 24780.00 116.00 201.59 3.25 12.96 14.17 3.86 2.48 61.20
78 0.00 0.00 210.00 0.00 23336.00 0.00 222.25 2.32 11.39 11.39 0.00 2.74 57.60
79 0.00 0.00 143.00 0.00 16300.00 0.00 227.97 1.93 13.48 13.48 0.00 5.73 82.00
80 0.00 0.00 9.00 0.00 152.00 0.00 33.78 0.08 8.44 8.44 0.00 4.00 3.60
81 0.00 0.00 137.00 0.00 16540.00 0.00 241.46 0.52 3.77 3.77 0.00 1.99 27.20
82 0.00 0.00 11.00 117.00 176.00 468.00 10.06 1.09 8.50 14.55 7.93 0.31 4.00
83 0.00 8.00 207.00 73.00 25180.00 324.00 182.17 13.97 48.91 46.42 56.00 3.07 86.00
84 0.00 1.00 124.00 14.00 14112.00 60.00 205.39 6.28 47.45 40.16 112.00 6.67 92.00
85 0.00 0.00 4.00 0.00 132.00 0.00 66.00 0.00 0.00 0.00 0.00 0.00 0.00
86 0.00 1843.00 1284.00 500.00 19740.00 74552.00 105.71 21.75 12.13 4.69 31.24 0.33 58.80
87 0.00 0.00 117.00 140.00 9052.00 560.00 74.80 5.16 20.28 36.82 6.46 3.33 85.60
88 0.00 0.00 16.00 0.00 1740.00 0.00 217.50 0.34 25.50 25.50 0.00 12.00 19.20
89 0.00 0.00 50.00 0.00 4116.00 0.00 164.64 2.71 52.08 52.08 0.00 18.96 94.80
90 0.00 0.00 43.00 0.00 5280.00 0.00 245.58 3.32 79.16 79.16 0.00 20.09 86.40
91 0.00 16126.00 56.00 144.00 1172.00 65080.00 662.52 11.64 58.30 37.93 66.22 4.94 98.80
92 0.00 0.00 1.00 79.00 4.00 316.00 8.00 0.35 4.40 36.00 4.00 0.55 4.40
93 0.00 0.00 23.00 0.00 164.00 0.00 14.26 1.19 50.26 50.26 0.00 15.48 35.60
94 0.00 90.00 161.00 401.00 7352.00 44552.00 184.71 28.69 49.65 56.22 47.01 1.67 93.60
95 0.00 5.00 281.00 116.00 13384.00 17096.00 153.55 25.65 64.87 52.88 93.90 2.52 100.00
96 0.00 0.00 124.00 34.00 6604.00 7200.00 174.73 20.77 135.57 70.42 373.18 6.33 100.00
97 0.00 0.00 67.00 131.00 2124.00 524.00 26.75 19.58 99.05 63.40 117.28 5.03 99.60
98 0.00 0.00 79.00 0.00 316.00 0.00 8.00 1.07 13.22 13.22 0.00 12.61 99.60
99 0.00 0.00 51.00 0.00 1444.00 0.00 56.63 1.76 34.27 34.27 0.00 19.37 98.80
100 0.00 0.00 80.00 0.00 4636.00 0.00 115.90 2.70 34.15 34.15 0.00 12.45 99.60
101 0.00 13.00 72.00 115.00 816.00 13424.00 152.30 7.89 42.16 31.61 48.77 5.35 100.00
102 0.00 0.00 117.00 108.00 1144.00 432.00 14.01 2.92 13.05 21.40 4.00 4.43 99.60
103 0.00 0.00 111.00 0.00 2172.00 0.00 39.14 4.39 39.06 39.06 0.00 9.01 100.00
104 0.00 54.00 186.00 211.00 3260.00 32748.00 181.40 20.70 52.35 60.69 45.00 2.17 86.00
105 0.00 0.00 4.00 0.00 16.00 0.00 8.00 0.05 13.00 13.00 0.00 11.00 4.40
106 0.00 0.00 48.00 0.00 3072.00 0.00 128.00 1.98 37.17 37.17 0.00 18.08 86.80
107 0.00 0.00 7.00 120.00 152.00 480.00 9.95 1.73 14.39 56.57 11.93 2.30 29.20
108 0.00 10.00 5.00 131.00 20.00 21640.00 318.53 5.34 39.29 6.40 40.55 0.94 12.80
109 0.00 0.00 0.00 0.00 0.00 0.00 0.00 0.00 0.00 0.00 0.00 0.00 0.00
110 0.00 0.00 12.00 0.00 48.00 0.00 8.00 0.09 7.67 7.67 0.00 1.67 2.00
111 0.00 0.00 6.00 0.00 24.00 0.00 8.00 0.04 6.00 6.00 0.00 4.00 2.40
112 0.00 0.00 10.00 0.00 176.00 0.00 35.20 0.11 10.80 10.80 0.00 3.60 3.60
113 0.00 0.00 3.00 92.00 12.00 444.00 9.60 1.71 18.02 88.00 15.74 1.14 10.80
114 0.00 0.00 9.00 0.00 36.00 0.00 8.00 0.14 15.56 15.56 0.00 4.89 4.40
115 0.00 0.00 4.00 0.00 16.00 0.00 8.00 0.14 36.00 36.00 0.00 9.00 3.60
116 0.00 0.00 0.00 0.00 0.00 0.00 0.00 0.58 0.00 0.00 0.00 0.00 7.20
117 0.00 0.00 12.00 0.00 48.00 0.00 8.00 0.38 80.00 80.00 0.00 5.33 6.40
118 0.00 0.00 9.00 7.00 36.00 28.00 8.00 0.25 15.50 26.67 1.14 5.00 8.00
119 0.00 0.00 3.00 0.00 640.00 0.00 426.67 0.14 46.67 46.67 0.00 37.33 11.20
120 0.00 0.00 22.00 0.00 2456.00 0.00 223.27 1.23 56.00 56.00 0.00 26.18 57.60
121 0.00 0.00 57.00 0.00 3104.00 0.00 108.91 0.81 13.82 13.82 0.00 5.19 29.60
122 0.00 0.00 29.00 0.00 460.00 0.00 31.72 0.43 15.72 15.72 0.00 5.38 15.60
123 0.00 0.00 18.00 7.00 816.00 28.00 67.52 0.19 7.04 8.44 3.43 4.64 11.60
124 0.00 0.00 6.00 0.00 272.00 0.00 90.67 0.03 7.33 7.33 0.00 2.00 1.20
125 0.00 0.00 23.00 0.00 1668.00 0.00 145.04 0.24 10.43 10.43 0.00 9.91 22.80
126 0.00 0.00 0.00 0.00 0.00 0.00 0.00 0.00 0.00 0.00 0.00 0.00 0.00
127 0.00 0.00 10.89 0.00 43.56 0.00 8.00 0.29 26.18 26.18 0.00 8.73 9.50
128 0.00 15025.00 0.00 5.00 0.00 20.00 8.00 3.90 1.60 0.00 1.60 13.60 6.80
129 0.00 291.00 63.00 130.00 2832.00 61784.00 669.60 13.82 91.67 37.02 118.15 4.41 85.20
130 0.00 3.00 68.00 81.00 804.00 14712.00 208.27 9.32 62.60 30.53 89.53 6.12 91.20
131 0.00 0.00 0.00 0.00 0.00 0.00 0.00 0.00 0.00 0.00 0.00 0.00 0.00
132 0.00 0.00 8.00 0.00 32.00 0.00 8.00 0.35 43.50 43.50 0.00 11.50 9.20
133 0.00 0.00 12.00 99.00 48.00 396.00 8.00 1.28 11.50 8.33 11.88 0.36 4.00
134 0.00 0.00 6.00 0.00 328.00 0.00 109.33 0.04 6.67 6.67 0.00 6.00 3.60
135 0.00 0.00 8.00 0.00 32.00 0.00 8.00 0.10 12.00 12.00 0.00 1.50 1.20
136 0.00 0.00 21.00 0.00 92.00 0.00 8.76 0.17 8.00 8.00 0.00 3.05 6.40
137 0.00 396.00 66.00 230.00 1332.00 42032.00 293.00 5.49 18.54 8.36 21.46 1.51 44.80
138 0.00 51.00 56.00 290.00 360.00 29904.00 174.94 6.34 18.32 6.21 20.66 0.88 30.40
139 0.00 7001.00 0.00 173.00 0.00 53644.00 620.16 8.42 48.72 0.00 48.72 1.06 18.40
140 0.00 0.00 19.00 30.00 228.00 7480.00 314.61 1.05 21.39 8.00 29.87 2.04 10.00
141 0.00 0.00 5.00 0.00 20.00 0.00 8.00 0.02 3.20 3.20 0.00 1.60 0.80
142 0.00 0.00 7.00 0.00 28.00 0.00 8.00 0.04 5.71 5.71 0.00 1.71 1.20
143 0.00 18935.00 157.00 305.00 1284.00 97216.00 426.41 24.42 51.49 13.38 71.11 1.14 52.80
144 0.00 0.00 197.00 0.00 1552.00 0.00 15.76 19.40 97.95 97.95 0.00 5.08 100.00
145 0.00 0.00 117.00 0.00 692.00 0.00 11.83 13.88 112.75 112.75 0.00 8.55 100.00
146 0.00 0.00 182.00 0.00 4244.00 0.00 46.64 34.10 181.32 181.32 0.00 5.49 100.00
147 0.00 0.00 199.00 0.00 5040.00 0.00 50.65 33.83 169.15 169.15 0.00 5.03 100.00
148 0.00 0.00 236.00 93.00 5832.00 372.00 37.71 65.26 198.84 142.44 341.98 3.04 100.00
149 0.00 0.00 248.00 0.00 7120.00 0.00 57.42 30.45 107.71 107.71 0.00 4.03 100.00
150 0.00 0.00 121.00 0.00 2716.00 0.00 44.89 13.90 162.18 162.18 0.00 8.26 100.00
151 0.00 0.00 28.00 0.00 112.00 0.00 8.00 1.70 76.86 76.86 0.00 16.86 47.20
152 0.00 0.00 9.00 0.00 36.00 0.00 8.00 0.26 28.89 28.89 0.00 9.78 8.80
153 0.00 0.00 458.00 15.00 4820.00 60.00 20.63 4.47 9.45 9.45 9.33 0.57 26.80
154 0.00 1100.00 10.00 93.00 40.00 17892.00 348.19 2.56 24.85 13.20 26.11 1.20 12.40
155 0.00 0.00 77.00 0.00 1800.00 0.00 46.75 0.58 7.53 7.53 0.00 3.53 27.20
156 0.00 0.00 0.00 0.00 0.00 0.00 0.00 0.00 0.00 0.00 0.00 0.00 0.00
157 0.00 0.00 0.00 0.00 0.00 0.00 0.00 0.00 0.00 0.00 0.00 0.00 0.00
158 0.00 1.00 16.00 161.00 88.00 14624.00 166.24 1.70 9.58 4.00 10.14 0.38 6.80
159 0.00 6.00 22.00 146.00 248.00 31156.00 373.86 5.98 35.60 23.27 37.45 2.31 38.80
160 0.00 1.00 75.00 76.00 5128.00 23620.00 380.77 4.24 27.21 35.15 19.37 6.04 91.20
161 0.00 0.00 64.00 0.00 2172.00 0.00 67.88 2.45 39.62 39.62 0.00 15.56 99.60
162 0.00 0.00 120.00 0.00 2412.00 0.00 40.20 13.96 116.23 116.23 0.00 8.33 100.00
163 0.00 0.00 19.00 114.00 648.00 456.00 16.60 2.82 21.65 80.21 11.89 5.59 74.40
164 0.00 0.00 28.00 0.00 2468.00 0.00 176.29 1.48 51.86 51.86 0.00 23.43 65.60
165 0.00 0.00 17.00 0.00 672.00 0.00 79.06 0.63 38.59 38.59 0.00 15.29 26.00
166 0.00 57.00 48.00 80.00 244.00 8264.00 132.94 4.05 31.66 24.17 36.15 1.78 22.80
167 0.00 0.00 20.00 0.00 92.00 0.00 9.20 0.83 40.60 40.60 0.00 17.00 34.00
168 0.00 0.00 15.00 0.00 60.00 0.00 8.00 0.31 21.60 21.60 0.00 12.53 18.80
169 0.00 0.00 4.00 78.00 100.00 7328.00 181.17 1.68 20.44 16.00 20.67 1.17 9.60
170 0.00 0.00 1.00 58.00 4.00 15696.00 532.20 1.14 19.32 68.00 18.48 1.83 10.80
171 0.00 0.00 8.00 0.00 32.00 0.00 8.00 0.11 14.00 14.00 0.00 3.50 2.80
172 0.00 0.00 4.00 0.00 16.00 0.00 8.00 0.03 8.00 8.00 0.00 2.00 0.80
173 0.00 19.00 11.00 1.00 44.00 80.00 20.67 0.04 3.33 2.91 8.00 1.67 2.00
174 0.00 0.00 187.00 98.00 22140.00 392.00 158.12 2.05 7.19 4.73 11.88 1.66 47.20
175 0.00 0.00 5.00 0.00 20.00 0.00 8.00 0.06 11.20 11.20 0.00 9.60 4.80
176 0.00 0.00 20.00 0.00 1332.00 0.00 133.20 2.31 112.60 112.60 0.00 41.00 82.00
177 0.00 0.00 42.00 0.00 1600.00 0.00 76.19 3.62 86.67 86.67 0.00 23.71 99.60
178 0.00 0.00 22.00 0.00 88.00 0.00 8.00 1.94 88.91 88.91 0.00 45.45 100.00
179 0.00 0.00 8.00 6.00 60.00 24.00 12.00 2.80 200.86 211.00 187.33 57.43 80.40
180 0.00 0.00 12.00 0.00 48.00 0.00 8.00 0.46 37.00 37.00 0.00 28.67 34.40
181 0.00 2.00 16.00 67.00 188.00 8492.00 209.16 2.45 29.64 27.00 30.27 4.19 34.80
182 0.00 0.00 4.00 0.00 16.00 0.00 8.00 0.07 18.00 18.00 0.00 16.00 6.40
183 0.00 0.00 7.00 0.00 28.00 0.00 8.00 0.47 67.43 67.43 0.00 25.71 18.00
184 0.00 0.00 2.00 93.00 8.00 372.00 8.00 18.41 193.81 152.00 194.71 3.37 32.00
185 0.00 0.00 42.00 0.00 848.00 0.00 40.38 1.97 42.48 42.48 0.00 16.76 70.40
186 0.00 35.00 7.00 17.00 184.00 1400.00 132.00 43.99 505.67 189.14 636.00 41.50 99.60
187 0.00 0.00 25.00 89.00 184.00 15044.00 267.16 64.30 829.93 258.24 990.52 8.77 100.00
188 0.00 2877.00 318.00 251.00 8360.00 54724.00 221.74 13.25 26.32 8.14 49.35 0.86 48.80
189 0.00 29.00 1602.00 222.00 26196.00 25376.00 56.55 7.49 4.11 1.71 21.39 0.19 34.80
190 0.00 0.00 2.00 0.00 8.00 0.00 8.00 0.07 36.00 36.00 0.00 18.00 3.60
191 0.00 0.00 41.00 0.00 164.00 0.00 8.00 3.50 84.88 84.88 0.00 6.93 28.40
192 0.00 24671.00 22.00 231.00 212.00 99608.00 789.09 17.73 70.17 12.91 75.62 1.36 34.40
193 0.00 0.00 46.00 0.00 504.00 0.00 21.91 0.50 10.96 10.96 0.00 3.91 18.00
194 0.00 0.00 7.00 68.00 76.00 7132.00 192.21 0.55 7.31 16.00 6.41 0.59 4.40
195 0.00 0.00 7.00 0.00 28.00 0.00 8.00 0.04 6.29 6.29 0.00 3.43 2.40
196 0.00 0.00 0.00 0.00 0.00 0.00 0.00 0.00 0.00 0.00 0.00 0.00 0.00
197 0.00 0.00 31.00 0.00 1204.00 0.00 77.68 1.79 48.65 48.65 0.00 15.87 49.20
198 0.00 7.00 76.00 88.00 5908.00 12804.00 228.20 6.68 42.24 43.74 40.95 6.10 100.00
199 0.00 2.00 37.00 93.00 4452.00 14348.00 289.23 20.72 99.29 68.32 111.61 6.77 88.00
200 0.00 103.00 165.00 33.00 2524.00 6904.00 95.23 5.32 26.85 26.16 30.30 3.21 63.60
201 0.00 0.00 33.00 0.00 3108.00 0.00 188.36 2.35 69.21 69.21 0.00 27.64 91.20
202 0.00 0.00 8.00 0.00 336.00 0.00 84.00 0.50 71.00 71.00 0.00 36.00 28.80
203 0.00 0.00 1.00 0.00 4.00 0.00 8.00 0.39 56.00 56.00 0.00 140.00 14.00
204 0.00 1.00 59.00 112.00 2260.00 4496.00 79.02 19.92 117.89 62.03 147.32 5.85 100.00
205 0.00 0.00 45.00 0.00 2408.00 0.00 107.02 3.20 66.67 66.67 0.00 22.22 100.00
206 0.00 0.00 30.00 0.00 1856.00 0.00 123.73 3.35 119.33 119.33 0.00 33.33 100.00
207 0.00 37.62 26.73 0.00 1825.74 0.00 136.59 10.66 78.96 78.96 0.00 37.48 100.20
208 0.00 0.00 17.17 112.12 391.92 18533.33 292.75 106.06 888.31 427.06 958.95 7.72 99.80
209 0.00 0.00 9.00 25.00 36.00 100.00 8.00 0.76 21.29 16.00 23.20 3.65 12.40
210 0.00 0.00 71.00 0.00 292.00 0.00 8.23 0.93 13.58 13.58 0.00 9.58 68.00
211 0.00 0.00 7.00 0.00 28.00 0.00 8.00 0.06 8.00 8.00 0.00 6.86 4.80
212 0.00 0.00 64.00 0.00 4124.00 0.00 128.88 1.41 19.88 19.88 0.00 9.81 62.80
213 0.00 0.00 40.00 0.00 4320.00 0.00 216.00 1.58 43.00 43.00 0.00 20.50 82.00
214 0.00 0.00 0.00 71.00 0.00 284.00 8.00 0.34 3.94 0.00 3.94 0.28 2.00
215 0.00 8.00 45.00 83.00 2284.00 14040.00 255.06 4.81 37.06 53.07 28.39 6.12 78.40
216 0.00 0.00 62.00 0.00 4492.00 0.00 144.90 3.13 47.03 47.03 0.00 16.06 99.60
217 0.00 0.00 33.00 0.00 3256.00 0.00 197.33 0.98 40.00 40.00 0.00 11.52 38.00
218 0.00 0.00 71.00 0.00 8528.00 0.00 240.23 0.31 4.23 4.23 0.00 2.65 18.80
219 0.00 0.00 49.00 130.00 2816.00 28504.00 349.94 7.71 43.11 14.45 53.91 2.30 41.20
220 0.00 0.00 152.00 118.00 3676.00 472.00 30.73 4.00 14.84 14.05 15.86 2.80 75.60
221 0.00 0.00 5.00 0.00 32.00 0.00 12.80 0.04 7.20 7.20 0.00 6.40 3.20
222 0.00 40.00 337.00 256.00 17264.00 29176.00 156.63 15.22 25.56 12.52 42.73 0.74 43.60
223 0.00 2.00 122.00 104.00 1672.00 29436.00 275.29 6.46 28.67 24.82 33.19 2.67 60.40
224 0.00 0.00 29.00 0.00 140.00 0.00 9.66 0.63 21.38 21.38 0.00 18.62 54.00
225 0.00 0.00 4.00 58.00 16.00 232.00 8.00 0.56 9.94 39.00 7.93 1.68 10.40
226 0.00 8.00 301.00 80.00 4380.00 14384.00 98.50 5.23 13.65 8.17 34.25 0.85 32.40
227 0.00 3120.00 2077.00 372.00 29300.00 86400.00 94.49 24.61 9.88 4.46 40.10 0.40 97.20
228 0.00 2.00 3025.00 333.00 42572.00 73592.00 69.19 31.59 9.12 5.52 41.81 0.30 100.00
229 0.00 0.00 919.00 132.00 13208.00 38328.00 98.07 11.86 12.29 8.90 35.88 0.95 100.00
230 0.00 0.00 125.00 129.00 1960.00 516.00 19.50 7.04 26.16 49.22 3.81 3.94 100.00
231 0.00 0.00 121.78 0.00 1635.64 0.00 26.86 3.48 34.70 34.70 0.00 3.84 46.73
232 0.00 0.00 3.00 0.00 12.00 0.00 8.00 0.01 2.67 2.67 0.00 2.67 0.80
233 0.00 69.00 1100.00 217.00 15548.00 43484.00 89.65 17.53 13.25 6.22 48.85 0.62 81.20
234 0.00 0.00 764.00 212.00 13192.00 45340.00 119.94 28.07 28.42 23.89 44.75 0.91 88.80
235 0.00 0.00 462.00 118.00 12264.00 472.00 43.92 59.90 100.61 68.67 225.66 1.72 100.00
236 0.00 45.00 823.00 0.00 21772.00 0.00 52.91 54.30 44.46 44.46 0.00 1.22 100.00
237 0.00 1.00 1830.00 152.00 34572.00 37960.00 73.19 40.96 30.25 19.87 155.16 0.50 100.00
238 0.00 0.00 1184.00 34.00 14276.00 8272.00 37.02 30.12 25.30 23.11 101.53 0.46 56.00
239 0.00 0.00 0.00 0.00 0.00 0.00 0.00 0.00 0.00 0.00 0.00 0.00 0.00
240 0.00 0.00 16.00 43.00 156.00 172.00 11.12 3.22 50.85 156.00 11.72 8.68 51.20
241 0.00 0.00 26.00 0.00 692.00 0.00 53.23 23.77 213.69 213.69 0.00 22.15 57.60
242 0.00 0.00 45.00 33.00 1912.00 15056.00 435.08 18.47 473.13 383.02 596.00 7.18 56.00
243 0.00 0.00 8.00 0.00 32.00 0.00 8.00 0.10 12.00 12.00 0.00 1.50 1.20
244 0.00 0.00 4.00 0.00 16.00 0.00 8.00 0.02 4.00 4.00 0.00 1.00 0.40
245 0.00 0.00 369.00 10.00 7684.00 40.00 40.76 11.25 29.04 29.81 0.80 1.11 42.00
246 0.00 7159.00 953.00 279.00 20508.00 84920.00 171.15 21.40 16.72 11.27 35.37 0.81 100.00
247 0.00 1.00 86.00 79.00 7616.00 23736.00 380.02 6.33 38.72 41.21 36.00 6.06 100.00
248 0.00 46.00 24.00 85.00 2224.00 26440.00 525.94 4.60 42.28 57.00 38.12 6.13 66.80
249 0.00 0.00 11.00 0.00 44.00 0.00 8.00 0.16 14.55 14.55 0.00 5.09 5.60
250 0.00 0.00 4.00 104.00 16.00 416.00 8.00 1.12 10.33 72.00 7.96 0.78 8.40
251 0.00 0.00 3.00 0.00 12.00 0.00 8.00 0.03 10.67 10.67 0.00 5.33 1.60
252 0.00 0.00 1237.00 0.00 7464.00 0.00 12.07 8.64 6.82 6.82 0.00 0.34 41.60
253 0.00 0.00 2947.00 13.00 28348.00 6152.00 23.31 16.53 5.65 5.62 12.00 0.34 100.40
254 0.00 35.00 113.00 141.00 2124.00 26564.00 225.89 10.14 39.94 24.67 52.17 3.51 89.20
255 0.00 0.00 162.00 30.00 12252.00 120.00 128.88 7.37 36.67 42.94 2.80 5.19 99.60
256 0.00 0.00 112.00 0.00 5392.00 0.00 96.29 4.81 44.32 44.32 0.00 9.14 102.40
257 0.00 0.00 73.00 0.00 352.00 0.00 9.64 1.06 14.68 14.68 0.00 13.53 98.80
258 0.00 0.00 605.00 0.00 2420.00 0.00 8.00 0.86 1.42 1.42 0.00 0.27 16.40
259 0.00 0.00 3.00 8.00 12.00 3064.00 559.27 0.78 27.64 16.00 32.00 10.91 12.00
260 0.00 0.00 34.00 11.00 2148.00 44.00 97.42 2.34 60.00 77.88 4.73 10.31 46.40
261 0.00 0.00 8.00 0.00 156.00 0.00 39.00 1.32 115.50 115.50 0.00 41.00 32.80
262 0.00 0.00 191.00 0.00 764.00 0.00 8.00 6.05 29.68 29.68 0.00 4.48 85.60
263 0.00 0.00 384.00 0.00 1536.00 0.00 8.00 7.58 21.92 21.92 0.00 2.60 100.00
264 0.00 0.00 548.00 0.00 2192.00 0.00 8.00 7.36 13.54 13.54 0.00 1.80 98.40
265 0.00 0.00 113.00 44.00 452.00 176.00 8.00 0.57 3.62 3.47 4.00 0.33 5.20
266 0.00 0.00 4.00 0.00 16.00 0.00 8.00 0.03 8.00 8.00 0.00 2.00 0.80
267 0.00 23208.00 115.00 282.00 9392.00 109856.00 600.75 9.98 25.13 17.46 28.26 1.23 48.80
268 0.00 0.00 828.00 0.00 3312.00 0.00 8.00 2.64 3.19 3.19 0.00 0.38 31.60
269 0.00 0.00 5.00 0.00 20.00 0.00 8.00 0.07 13.60 13.60 0.00 5.60 2.80
270 0.00 0.00 186.00 93.00 904.00 372.00 9.15 2.22 7.96 6.00 11.87 2.34 65.20
271 0.00 10.00 146.00 156.00 18428.00 28240.00 309.06 5.14 17.02 8.03 25.44 1.96 59.20
272 0.00 0.00 50.00 0.00 320.00 0.00 12.80 0.48 9.60 9.60 0.00 6.80 34.00
273 0.00 0.00 20.00 0.00 356.00 0.00 35.60 1.20 60.00 60.00 0.00 23.40 46.80
274 0.00 0.00 0.00 0.00 0.00 0.00 0.00 0.13 0.00 0.00 0.00 0.00 4.40
275 0.00 40.00 25.00 106.00 1528.00 424.00 29.80 33.25 192.70 119.20 210.04 5.47 71.60
276 0.00 0.00 613.00 125.00 5976.00 26460.00 87.90 81.66 121.65 20.13 619.52 1.36 100.00
277 0.00 35363.00 66.00 307.00 7040.00 142680.00 802.79 49.56 132.09 52.61 149.17 2.68 100.00
278 0.00 1.00 37.00 53.00 3000.00 16472.00 432.71 25.12 215.24 67.35 318.49 11.07 99.60
279 0.00 0.00 55.00 92.00 5020.00 31724.00 499.92 8.10 95.89 47.93 124.57 6.78 99.60
280 0.00 3.00 227.00 95.00 16888.00 15640.00 202.04 6.11 19.07 10.91 38.57 3.11 100.00
281 0.00 1.00 123.00 94.00 3468.00 30128.00 309.64 6.44 29.77 21.43 40.68 1.94 42.00
282 0.00 0.00 76.00 20.00 8624.00 8332.00 353.25 3.31 31.21 32.05 28.00 10.25 98.40
283 0.00 0.00 9.00 0.00 36.00 0.00 8.00 45.13 36.89 36.89 0.00 111.11 100.00
284 0.00 0.00 34.00 32.00 1360.00 8272.00 291.88 9.65 830.06 639.65 1032.38 11.09 73.20
285 0.00 0.00 3.00 27.00 12.00 108.00 8.00 3.70 123.20 32.00 133.33 9.47 28.40
286 0.00 0.00 5.00 0.00 20.00 0.00 8.00 0.11 22.40 22.40 0.00 12.00 6.00
287 0.00 0.00 823.00 0.00 13152.00 0.00 31.96 7.47 8.87 8.87 0.00 0.44 36.00
288 0.00 0.00 1093.07 37.62 17164.36 17691.09 61.65 16.06 13.86 13.32 29.79 0.88 99.01
289 0.00 0.00 1422.00 0.00 5688.00 0.00 8.00 18.43 13.10 13.10 0.00 0.70 100.00
290 0.00 0.00 453.00 119.00 1812.00 476.00 8.00 44.28 76.90 39.43 219.53 1.77 101.20
291 0.00 0.00 13627.00 0.00 54560.00 0.00 8.01 19.87 1.48 1.48 0.00 0.07 96.80
292 0.00 77.00 3832.00 332.00 35100.00 73472.00 52.15 22.60 5.02 2.61 32.77 0.22 91.60
293 0.00 0.00 219.00 0.00 25496.00 0.00 232.84 9.01 43.14 43.14 0.00 4.57 100.00
294 0.00 0.00 199.00 0.00 23376.00 0.00 234.93 7.12 37.09 37.09 0.00 5.03 100.00
295 0.00 78.00 2390.00 244.00 48884.00 16672.00 49.78 19.70 7.46 4.38 37.66 0.35 92.00
296 0.00 0.00 6661.00 0.00 26644.00 0.00 8.00 16.57 2.42 2.42 0.00 0.14 96.40
297 0.00 0.00 7559.00 0.00 48788.00 0.00 12.91 10.06 1.35 1.35 0.00 0.12 92.80
298 0.00 0.00 73.00 63.00 8348.00 17288.00 377.00 3.02 15.29 3.56 28.89 1.53 20.80
299 0.00 1.00 31.00 121.00 4112.00 38732.00 563.74 5.69 43.42 56.39 40.10 3.84 58.40
300 0.00 1.00 65.00 127.00 8452.00 21704.00 314.12 13.26 68.79 56.31 75.18 5.21 100.00
301 0.00 0.00 31.00 86.00 3720.00 26984.00 524.85 7.22 62.50 64.00 61.95 8.51 99.60
302 0.00 0.00 83.00 85.00 5168.00 26824.00 380.86 8.96 53.14 46.55 59.58 5.95 100.00
303 0.00 12755.00 42.00 89.00 3644.00 25704.00 448.06 27.01 57.31 61.90 55.15 7.63 100.00
304 0.00 1951.00 23.00 184.00 2944.00 69612.00 701.02 28.96 231.63 143.83 242.61 4.83 100.00
305 0.00 0.00 51.00 65.00 2292.00 8388.00 184.14 19.89 150.52 94.43 194.52 8.59 99.60
306 0.00 0.00 163.00 30.00 3856.00 13540.00 180.27 18.57 111.13 65.23 360.53 5.18 100.00
307 0.00 0.00 6347.00 0.00 26540.00 0.00 8.36 16.28 2.58 2.58 0.00 0.16 99.20
308 0.00 0.00 6410.00 0.00 26272.00 0.00 8.20 15.88 2.48 2.48 0.00 0.14 92.40
309 0.00 0.00 25.00 0.00 536.00 0.00 42.88 0.15 5.92 5.92 0.00 2.24 5.60
310 0.00 0.00 6.00 12.00 160.00 48.00 23.11 0.19 10.44 9.33 11.00 2.00 3.60
311 0.00 0.00 50.00 0.00 244.00 0.00 9.76 0.52 10.40 10.40 0.00 1.44 7.20
312 0.00 847.00 229.00 52.00 5096.00 10736.00 112.68 6.96 23.74 24.79 19.15 2.25 63.20
313 0.00 4194.00 486.00 140.00 17060.00 41792.00 188.03 27.22 40.50 41.96 35.43 1.60 100.00
314 0.00 2.00 479.00 114.00 9972.00 30428.00 136.26 14.65 27.36 26.16 32.39 1.59 94.40
315 0.00 72.00 118.00 362.00 12788.00 50820.00 265.03 22.16 46.83 51.69 45.25 2.08 100.00
316 0.00 0.00 287.00 36.00 36756.00 9360.00 285.55 4.86 15.80 14.06 29.67 2.53 81.60
317 0.00 0.00 874.00 130.00 62472.00 36080.00 196.32 6.78 6.20 2.61 30.31 0.63 63.20
318 0.00 0.00 30.00 59.00 216.00 16500.00 375.64 1.87 20.99 9.60 26.78 1.62 14.40
319 0.00 0.00 5.00 65.00 72.00 17888.00 513.14 1.60 22.86 4.80 24.25 0.97 6.80
320 0.00 42.00 4.00 226.00 340.00 17332.00 153.67 6.12 26.59 7.00 26.94 0.52 12.00
321 0.00 0.00 29.00 44.00 356.00 15088.00 423.12 1.59 21.81 14.62 26.55 2.30 16.80
322 0.00 0.00 11.00 90.00 44.00 24748.00 490.93 2.60 25.78 42.55 23.73 2.02 20.40
323 0.00 0.00 104.00 32.00 1852.00 8256.00 148.65 1.38 10.03 2.04 36.00 0.97 13.20
324 0.00 0.00 472.00 42.00 16240.00 10984.00 105.93 2.88 5.62 4.55 17.62 1.12 57.60
325 0.00 0.00 5.00 30.00 364.00 120.00 27.66 0.00 0.11 0.80 0.00 0.11 0.40
326 0.00 0.00 10.00 0.00 116.00 0.00 23.20 0.03 2.80 2.80 0.00 1.20 1.20
327 0.00 0.00 8.00 0.00 32.00 0.00 8.00 0.19 24.00 24.00 0.00 3.00 2.40
328 0.00 0.00 77.23 0.00 431.68 0.00 11.18 0.25 1.28 1.28 0.00 0.77 5.94
329 0.00 26132.00 11.00 407.00 84.00 154760.00 740.88 21.19 51.08 19.27 51.94 0.94 39.20
330 0.00 2.00 151.00 146.00 2732.00 48468.00 344.78 11.86 38.84 46.38 31.04 2.72 80.80
331 0.00 0.00 189.00 130.00 17184.00 520.00 111.00 13.33 40.63 58.50 14.65 3.13 100.00
332 0.00 0.00 134.00 0.00 8844.00 0.00 132.00 17.51 123.52 123.52 0.00 7.46 100.00
333 0.00 0.00 149.00 0.00 4192.00 0.00 56.27 25.42 181.53 181.53 0.00 6.63 98.80
334 0.00 0.00 425.00 0.00 1700.00 0.00 8.00 13.62 31.14 31.14 0.00 2.33 99.20
335 0.00 0.00 499.00 22.00 2588.00 10736.00 51.15 17.42 34.21 33.78 44.00 1.91 99.60
336 0.00 0.00 618.00 14.00 2568.00 56.00 8.30 11.76 18.61 18.84 8.57 1.57 99.20
337 0.00 0.00 344.00 0.00 20484.00 0.00 119.09 11.99 34.37 34.37 0.00 2.88 99.20
338 0.00 0.00 118.00 0.00 9948.00 0.00 168.61 10.69 90.41 90.41 0.00 8.47 100.00
339 0.00 0.00 180.00 0.00 13792.00 0.00 153.24 15.93 67.53 67.53 0.00 5.56 100.00
340 0.00 0.00 191.00 0.00 12512.00 0.00 131.02 13.94 90.81 90.81 0.00 5.24 100.00
341 0.00 0.00 162.00 23.00 12392.00 92.00 134.96 16.68 92.22 100.81 31.65 5.41 100.00
342 0.00 0.00 355.00 0.00 22720.00 0.00 128.00 8.85 23.38 23.38 0.00 2.82 100.00
343 0.00 12.00 417.00 177.00 12328.00 39648.00 175.00 19.06 33.30 25.59 51.46 1.67 99.20
344 0.00 0.00 150.00 33.00 600.00 8264.00 96.87 2.10 11.56 6.80 33.21 5.25 96.00
345 0.00 2038.00 1466.00 95.00 6000.00 31776.00 48.40 15.65 10.01 8.33 35.87 0.62 96.40
346 0.00 41.00 1713.00 226.00 8116.00 17328.00 26.24 16.13 8.27 3.71 42.90 0.50 96.40
347 0.00 0.00 191.00 0.00 16892.00 0.00 176.88 8.50 45.13 45.13 0.00 5.24 100.00
348 0.00 0.00 126.00 0.00 13728.00 0.00 217.90 7.04 51.37 51.37 0.00 7.94 100.00
349 0.00 8.00 239.00 61.00 26116.00 15236.00 275.68 5.28 19.51 19.73 18.62 2.16 64.80
350 0.00 0.00 6.00 61.00 720.00 17104.00 532.06 2.57 30.75 19.33 31.87 2.39 16.00
351 0.00 0.00 2.00 168.00 8.00 15016.00 176.75 0.94 8.52 0.00 8.62 0.19 3.20
352 0.00 83.00 109.00 102.00 13564.00 17540.00 294.82 3.71 17.59 10.97 24.67 2.96 62.40
353 0.00 0.00 762.00 33.00 3480.00 8264.00 29.54 3.32 3.85 2.78 28.61 0.63 50.00
354 0.00 20.00 2042.00 1.00 8264.00 84.00 8.17 3.48 1.83 1.83 4.00 0.42 84.80
355 0.00 324.00 59.00 5.00 908.00 1316.00 69.50 0.78 12.19 12.61 7.20 2.88 18.40
356 0.00 0.00 17.00 104.00 120.00 416.00 8.86 1.29 10.68 3.29 11.88 0.26 3.20
357 0.00 0.00 13.00 0.00 116.00 0.00 17.85 0.32 24.92 24.92 0.00 5.23 6.80
358 0.00 0.00 55.00 15.00 740.00 7352.00 231.20 0.91 12.97 11.93 16.80 2.29 16.00
359 0.00 0.00 7.00 0.00 28.00 0.00 8.00 0.04 6.29 6.29 0.00 2.86 2.00
360 0.00 0.00 8.00 0.00 32.00 0.00 8.00 0.08 9.50 9.50 0.00 3.50 2.80
361 0.00 0.00 137.00 108.00 16584.00 432.00 138.91 2.94 11.92 8.82 15.85 2.63 64.40
362 0.00 0.00 106.00 0.00 12816.00 0.00 241.81 3.16 29.17 29.17 0.00 9.43 100.00
363 0.00 0.00 44.00 0.00 4920.00 0.00 223.64 2.19 51.64 51.64 0.00 22.73 100.00
364 0.00 0.00 73.00 0.00 6820.00 0.00 186.85 2.32 31.89 31.89 0.00 12.88 94.00
365 0.00 0.00 58.00 0.00 1772.00 0.00 61.10 1.46 25.24 25.24 0.00 11.03 64.00
366 0.00 0.00 31.00 6.00 536.00 24.00 30.27 0.24 6.59 7.61 1.33 5.30 19.60
367 0.00 0.00 112.00 0.00 13552.00 0.00 242.00 0.74 6.61 6.61 0.00 3.11 34.80
368 0.00 0.00 3.00 0.00 12.00 0.00 8.00 0.01 2.67 2.67 0.00 1.33 0.40
369 0.00 0.00 114.00 0.00 13596.00 0.00 238.53 0.57 5.02 5.02 0.00 2.39 27.20
370 0.00 0.00 123.00 0.00 13648.00 0.00 221.92 0.57 4.65 4.65 0.00 2.28 28.00
371 0.00 0.00 108.00 5.00 13656.00 20.00 242.05 0.73 6.44 6.70 0.80 3.43 38.80
372 0.00 0.00 11.00 0.00 224.00 0.00 40.73 0.13 12.00 12.00 0.00 4.00 4.40
373 0.00 0.00 8.00 0.00 32.00 0.00 8.00 0.04 4.50 4.50 0.00 2.00 1.60
374 0.00 0.00 0.00 0.00 0.00 0.00 0.00 0.00 0.00 0.00 0.00 0.00 0.00
375 0.00 0.00 12.00 0.00 48.00 0.00 8.00 0.38 32.00 32.00 0.00 4.33 5.20
376 0.00 0.00 0.00 6.00 0.00 24.00 8.00 0.02 3.33 0.00 3.33 0.67 0.40
377 0.00 0.00 6.00 0.00 24.00 0.00 8.00 0.04 6.67 6.67 0.00 2.00 1.20
378 0.00 0.00 2.00 0.00 8.00 0.00 8.00 0.02 8.00 8.00 0.00 4.00 0.80
379 0.00 0.00 19.00 0.00 100.00 0.00 10.53 0.16 8.42 8.42 0.00 4.84 9.20
380 0.00 0.00 39.00 0.00 992.00 0.00 50.87 1.46 30.77 30.77 0.00 4.51 17.60
381 0.00 0.00 303.00 9.00 33128.00 36.00 212.59 8.69 28.27 28.08 34.67 3.21 100.00
382 0.00 0.00 386.00 0.00 47728.00 0.00 247.30 4.79 12.66 12.66 0.00 2.05 79.20
383 0.00 0.00 880.00 6.00 68164.00 60.00 154.00 9.97 11.06 11.11 4.00 1.13 100.00
384 0.00 0.00 140.00 0.00 2740.00 0.00 39.14 0.42 4.49 4.49 0.00 0.40 5.60
385 0.00 0.00 0.00 0.00 0.00 0.00 0.00 0.00 0.00 0.00 0.00 0.00 0.00
386 0.00 0.00 7.00 19.00 28.00 76.00 8.00 0.07 2.77 10.29 0.00 0.92 2.40
387 0.00 0.00 9.00 0.00 36.00 0.00 8.00 0.09 9.78 9.78 0.00 3.11 2.80
388 0.00 63.00 14.00 107.00 72.00 17064.00 283.24 2.66 22.02 6.29 24.07 1.09 13.20
389 0.00 0.00 0.00 0.00 0.00 0.00 0.00 0.00 0.00 0.00 0.00 0.00 0.00
390 0.00 0.00 8.00 0.00 32.00 0.00 8.00 0.05 6.00 6.00 0.00 1.50 1.20
391 0.00 0.00 0.00 36.00 0.00 144.00 8.00 0.00 0.00 0.00 0.00 0.00 0.00
392 0.00 3.00 0.00 56.00 0.00 8376.00 299.14 2.46 44.00 0.00 44.00 0.79 4.40
393 0.00 0.00 11.00 64.00 44.00 21236.00 567.47 1.56 20.85 7.64 23.12 1.07 8.00
394 0.00 0.00 8.00 57.00 32.00 16480.00 508.06 1.96 30.15 14.50 32.35 1.42 9.20
395 0.00 206.00 16.00 73.00 576.00 20456.00 472.63 2.70 30.29 15.00 33.64 3.69 32.80
396 0.00 4.00 8.00 106.00 32.00 16692.00 293.40 2.60 22.81 25.50 22.60 0.81 9.20
397 0.00 0.00 0.00 62.00 0.00 17836.00 575.35 2.03 32.71 0.00 32.71 1.10 6.80
398 0.00 0.00 5.00 58.00 20.00 21156.00 672.25 2.08 33.08 8.00 35.24 1.40 8.80
399 0.00 0.00 2.00 35.00 8.00 8268.00 447.35 1.32 35.68 18.00 36.69 1.19 4.40
400 0.00 0.00 39.00 64.00 540.00 21016.00 418.56 3.42 32.66 36.41 30.38 5.75 59.20
401 0.00 1.00 53.00 106.00 1052.00 16672.00 222.94 3.85 23.40 26.34 21.92 6.26 99.60
402 0.00 0.00 70.00 38.00 1108.00 9712.00 200.37 5.53 52.93 63.77 32.95 9.26 100.00
403 0.00 113.00 123.00 3.00 2304.00 464.00 43.94 11.30 89.27 89.79 68.00 7.94 100.00
404 0.00 0.00 35.00 0.00 968.00 0.00 55.31 1.33 39.54 39.54 0.00 18.06 63.20
405 0.00 0.00 35.00 42.00 272.00 9768.00 260.78 2.40 31.12 28.34 33.43 3.64 28.00
406 0.00 275.00 4.00 101.00 16.00 17756.00 338.51 23.01 219.16 61.00 225.43 4.72 49.60
407 0.00 0.00 54.00 33.00 488.00 8260.00 201.10 7.72 87.31 99.70 67.03 7.08 61.60
408 0.00 0.00 129.00 0.00 1472.00 0.00 22.82 7.62 59.16 59.16 0.00 7.75 100.00
409 0.00 7.00 2144.00 523.00 36968.00 111148.00 111.07 24.70 9.29 3.94 31.24 0.33 87.60
410 0.00 0.00 104.00 0.00 2172.00 0.00 41.77 5.92 50.73 50.73 0.00 9.62 100.00
411 0.00 0.00 158.00 140.00 19184.00 560.00 132.51 11.31 38.89 54.13 21.69 3.36 100.00
412 0.00 0.00 165.00 0.00 15784.00 0.00 191.32 10.59 62.72 62.72 0.00 6.06 100.00
413 0.00 0.00 270.00 0.00 24980.00 0.00 185.04 12.03 46.44 46.44 0.00 3.70 100.00
414 0.00 0.00 307.00 0.00 35872.00 0.00 233.69 5.63 18.74 18.74 0.00 3.01 92.40
415 0.00 0.00 541.00 0.00 62076.00 0.00 229.49 6.11 11.30 11.30 0.00 1.79 96.80
416 0.00 81.00 11.00 131.00 368.00 21048.00 301.63 4.15 29.21 7.27 31.05 1.01 14.40
417 0.00 0.00 8.00 64.00 32.00 18560.00 516.44 2.24 31.06 29.00 31.31 1.33 9.60
418 0.00 0.00 21.00 32.00 148.00 8252.00 316.98 2.62 49.51 28.38 63.38 4.60 24.40
419 0.00 0.00 50.00 0.00 468.00 0.00 18.72 0.47 9.44 9.44 0.00 5.52 27.60
420 0.00 0.00 1.00 0.00 4.00 0.00 8.00 0.00 0.00 0.00 0.00 0.00 0.00
421 0.00 0.00 6292.00 39.00 25168.00 156.00 8.00 4.64 0.73 0.69 7.79 0.10 62.40
422 0.00 0.00 5943.00 0.00 23772.00 0.00 8.00 5.65 0.95 0.95 0.00 0.13 79.60
423 0.00 0.00 36.00 18.00 224.00 8008.00 304.89 0.84 15.63 13.44 20.00 2.30 12.40
424 0.00 4.00 11.00 94.00 56.00 17192.00 328.53 3.54 33.26 22.55 34.51 1.56 16.40
425 0.00 0.00 42.57 75.25 1152.48 18007.92 325.24 3.26 28.03 38.98 21.84 4.47 52.67
426 0.00 8.00 93.00 141.00 1144.00 24576.00 219.83 3.69 15.76 10.54 19.21 1.47 34.40
427 0.00 0.00 60.00 74.00 352.00 18584.00 282.63 2.14 16.00 6.13 24.00 1.22 16.40
428 0.00 1.00 23.00 75.00 300.00 18240.00 378.37 3.02 26.86 17.04 29.87 2.00 19.60
429 0.00 2.00 314.00 38.00 3200.00 8336.00 65.55 6.89 20.12 21.25 10.84 2.68 94.40
430 0.00 6.00 112.00 190.00 1596.00 37604.00 259.60 10.53 31.36 51.82 19.31 2.93 88.40
431 0.00 16.00 378.00 256.00 7584.00 18196.00 81.32 70.89 112.38 95.35 137.52 1.58 100.00
432 0.00 2.00 295.00 30.00 5784.00 6136.00 73.35 45.98 131.48 122.36 221.20 3.08 100.00
433 0.00 0.00 356.00 27.00 6932.00 6424.00 69.74 41.21 115.22 109.24 194.07 2.61 100.00
434 0.00 4.00 538.00 58.00 10420.00 12728.00 77.68 38.58 63.50 60.82 88.41 1.68 100.00
435 0.00 0.00 328.00 28.00 6884.00 5960.00 72.16 44.97 125.88 114.48 259.43 2.81 100.00
436 0.00 18.00 369.00 140.00 6256.00 7740.00 54.99 49.64 99.12 83.65 139.89 1.96 100.00
437 0.00 0.00 751.00 72.00 38112.00 6728.00 108.97 20.91 26.80 20.11 96.61 1.22 100.00
438 0.00 0.00 623.00 0.00 38672.00 0.00 124.15 12.13 19.49 19.49 0.00 1.61 100.00
439 0.00 0.00 732.00 1.00 47320.00 4.00 129.12 12.69 17.39 17.40 8.00 1.36 100.00
440 0.00 0.00 487.00 0.00 30616.00 0.00 125.73 7.12 14.77 14.77 0.00 1.69 82.40
441 0.00 0.00 26.00 101.00 352.00 404.00 11.91 1.62 12.16 43.85 4.00 3.46 44.00
442 0.00 37.00 16.00 78.00 144.00 6120.00 133.28 2.21 24.26 19.75 25.18 1.70 16.00
443 0.00 0.00 7.00 0.00 352.00 0.00 100.57 0.03 4.57 4.57 0.00 1.14 0.80
444 0.00 0.00 92.00 0.00 7768.00 0.00 168.87 0.79 8.57 8.57 0.00 2.13 19.60
445 0.00 0.00 19.00 75.00 76.00 17228.00 368.17 2.67 28.38 5.47 34.19 1.49 14.00
446 0.00 3.00 0.00 185.00 0.00 28224.00 305.12 4.42 23.91 0.00 23.91 0.91 16.80
447 0.00 0.00 15.00 95.00 72.00 23748.00 433.09 2.18 19.82 16.53 20.34 1.60 17.60
448 0.00 0.00 78.00 51.00 1028.00 12900.00 215.94 2.06 15.94 6.67 30.12 2.17 28.00
449 0.00 1.00 85.00 68.00 536.00 16612.00 224.16 2.27 14.85 9.65 21.35 1.46 22.40
450 0.00 63.00 4.00 72.00 16.00 17800.00 468.84 1.75 23.05 8.00 23.89 1.16 8.80
451 0.00 3.00 20.00 105.00 416.00 12880.00 212.74 3.03 23.55 28.40 22.63 2.18 27.20
452 0.00 0.00 179.00 0.00 2820.00 0.00 31.51 4.69 26.68 26.68 0.00 4.80 86.00
453 0.00 8.00 2669.00 400.00 49528.00 106976.00 101.99 17.71 5.77 3.82 18.76 0.22 67.60
454 0.00 0.00 47.00 0.00 536.00 0.00 22.81 0.38 8.51 8.51 0.00 3.57 16.80
455 0.00 0.00 17.00 0.00 888.00 0.00 104.47 0.71 39.06 39.06 0.00 29.88 50.80
456 0.00 0.00 64.00 151.00 1228.00 604.00 17.04 0.88 4.33 6.50 3.42 1.38 29.60
457 0.00 0.00 11.00 0.00 44.00 0.00 8.00 0.13 11.64 11.64 0.00 2.18 2.40
458 0.00 90.00 4.00 3.00 96.00 1036.00 323.43 2.60 9.71 5.00 16.00 7.43 5.20
459 0.00 0.00 0.00 73.00 0.00 4200.00 115.07 0.58 42.63 0.00 42.63 0.11 0.80
460 0.00 0.00 27.00 0.00 596.00 0.00 44.15 0.59 21.19 21.19 0.00 14.07 38.00
461 0.00 0.00 40.00 21.00 884.00 84.00 31.74 1.12 18.49 28.20 0.00 16.20 98.80
462 0.00 0.00 125.00 0.00 2288.00 0.00 36.61 5.34 42.53 42.53 0.00 8.00 100.00
463 0.00 0.00 28.00 0.00 872.00 0.00 62.29 0.22 8.71 8.71 0.00 4.71 13.20
464 0.00 0.00 9.00 0.00 36.00 0.00 8.00 0.05 5.33 5.33 0.00 0.89 0.80
465 0.00 0.00 2.00 0.00 8.00 0.00 8.00 0.10 52.00 52.00 0.00 28.00 5.60
466 0.00 0.00 0.00 11.00 0.00 44.00 8.00 0.00 0.00 0.00 0.00 0.00 0.00
467 0.00 0.00 4.00 0.00 16.00 0.00 8.00 0.03 8.00 8.00 0.00 2.00 0.80
468 0.00 0.00 0.00 0.00 0.00 0.00 0.00 0.00 0.00 0.00 0.00 0.00 0.00
469 0.00 0.00 12.00 0.00 80.00 0.00 13.33 0.06 5.33 5.33 0.00 1.33 1.60
470 0.00 0.00 0.00 0.00 0.00 0.00 0.00 0.00 0.00 0.00 0.00 0.00 0.00
471 0.00 0.00 8.00 6.00 32.00 24.00 8.00 0.06 4.57 8.00 0.00 1.14 1.60
472 0.00 0.00 8.00 0.00 32.00 0.00 8.00 0.06 8.00 8.00 0.00 2.00 1.60
473 0.00 0.00 6.00 0.00 24.00 0.00 8.00 0.04 6.67 6.67 0.00 2.00 1.20
474 0.00 0.00 4.00 0.00 16.00 0.00 8.00 0.02 4.00 4.00 0.00 1.00 0.40
475 0.00 0.00 7.00 0.00 28.00 0.00 8.00 0.50 43.43 43.43 0.00 44.57 31.20
476 0.00 0.00 74.00 6.00 1252.00 24.00 31.90 2.02 27.70 29.95 0.00 12.30 98.40
477 0.00 0.00 99.00 0.00 8784.00 0.00 177.45 4.42 41.82 41.82 0.00 9.74 96.40
478 0.00 0.00 253.00 0.00 30524.00 0.00 241.30 5.29 21.44 21.44 0.00 3.26 82.40
479 0.00 0.00 290.00 0.00 33896.00 0.00 233.77 7.54 25.77 25.77 0.00 3.45 100.00
480 0.00 0.00 224.00 0.00 25724.00 0.00 229.68 4.00 18.84 18.84 0.00 2.96 66.40
481 0.00 0.00 12.00 22.00 48.00 88.00 8.00 0.12 3.53 9.33 0.36 0.71 2.40
482 0.00 0.00 1.00 0.00 16.00 0.00 32.00 0.01 8.00 8.00 0.00 8.00 0.80
483 0.00 0.00 16.00 0.00 320.00 0.00 40.00 0.34 12.25 12.25 0.00 4.00 6.40
484 0.00 7.00 259.00 79.00 30476.00 13168.00 258.25 3.77 11.55 10.21 15.95 1.59 53.60
485 0.00 0.00 27.00 70.00 628.00 18020.00 384.49 1.98 20.54 13.78 23.14 2.60 25.20
486 0.00 3.00 48.00 125.00 1024.00 17484.00 213.97 4.01 23.19 9.92 28.29 2.61 45.20
487 0.00 0.00 90.00 94.00 996.00 22936.00 260.13 3.96 21.33 23.11 19.62 5.30 97.60
488 0.00 0.00 136.00 0.00 1764.00 0.00 25.94 4.58 33.35 33.35 0.00 7.24 98.40
489 0.00 282.00 181.00 3.00 1272.00 1140.00 26.22 5.63 30.13 30.50 8.00 5.41 99.60
490 0.00 0.00 152.00 0.00 964.00 0.00 12.68 3.81 26.05 26.05 0.00 3.39 51.60
491 0.00 0.00 6.00 29.00 112.00 116.00 13.03 0.26 7.43 20.67 4.69 1.60 5.60
492 0.00 0.00 25.00 2.00 296.00 588.00 65.48 0.72 12.59 13.28 4.00 3.85 10.40
493 0.00 0.00 677.00 48.00 3104.00 5628.00 24.09 7.59 10.99 9.06 38.17 1.22 88.80
494 0.00 0.00 228.00 0.00 1052.00 0.00 9.23 2.39 10.49 10.49 0.00 4.35 99.20
495 0.00 94.00 428.00 103.00 2200.00 18932.00 79.59 4.95 9.33 6.66 20.39 1.69 89.60
496 0.00 4.00 390.00 198.00 1884.00 27924.00 101.39 7.37 12.45 7.95 21.31 1.47 86.40
497 0.00 0.00 747.00 168.00 3376.00 32940.00 79.38 8.91 9.73 6.98 21.98 1.10 100.40
498 0.00 841.00 546.00 10.00 43564.00 3404.00 168.95 6.08 10.39 10.37 11.20 1.80 100.00
499 0.00 0.00 197.00 0.00 21368.00 0.00 216.93 8.31 41.10 41.10 0.00 5.08 100.00
500 0.00 1.00 118.00 2.00 8392.00 12.00 140.07 4.08 37.57 38.17 2.00 8.33 100.00
501 0.00 0.00 33.00 31.00 2832.00 124.00 92.38 1.92 31.56 61.09 0.13 11.94 76.40
502 0.00 0.00 12.00 0.00 296.00 0.00 49.33 0.41 31.00 31.00 0.00 18.67 22.40
503 0.00 0.00 10.00 0.00 364.00 0.00 72.80 0.20 24.40 24.40 0.00 8.40 8.40
504 0.00 0.00 167.00 62.00 772.00 10172.00 95.58 2.05 8.87 6.61 14.97 1.87 42.80
505 0.00 0.00 177.00 99.00 796.00 21764.00 163.48 4.18 15.20 12.86 19.39 2.25 62.00
506 0.00 8.00 101.00 175.00 408.00 19816.00 146.55 4.03 14.61 6.50 19.29 1.67 46.00
507 0.00 182.00 53.00 35.00 360.00 6600.00 158.18 1.28 14.00 11.77 17.37 2.68 23.60
508 0.00 0.00 277.00 56.00 5396.00 9936.00 92.08 5.78 17.03 16.20 21.14 2.70 90.00
509 0.00 0.00 72.00 0.00 3884.00 0.00 107.89 2.97 43.11 43.11 0.00 13.89 100.00
510 0.00 0.00 82.00 0.00 3676.00 0.00 89.66 3.48 42.54 42.54 0.00 12.20 100.00
511 0.00 134.00 567.00 236.00 9480.00 33960.00 108.19 9.62 11.83 6.92 23.63 1.04 83.20
512 0.00 0.00 523.00 112.00 2516.00 22220.00 77.91 5.55 8.97 5.78 23.86 1.23 78.40
513 0.00 0.00 500.00 0.00 2464.00 0.00 9.86 1.91 3.80 3.80 0.00 1.47 73.60
514 0.00 0.00 100.00 0.00 400.00 0.00 8.00 1.51 14.84 14.84 0.00 9.92 99.20
515 0.00 0.00 296.00 0.00 2520.00 0.00 17.03 2.89 9.38 9.38 0.00 3.23 95.60
516 0.00 2411.88 88.12 213.86 1556.44 29794.06 207.63 4.36 14.45 9.17 16.63 1.59 47.92
517 0.00 0.00 7.00 76.00 40.00 15664.00 378.41 1.38 18.41 5.71 19.58 1.11 9.20
518 0.00 0.00 204.00 71.00 1584.00 13116.00 106.91 2.51 9.12 6.82 15.72 2.12 58.40
519 0.00 0.00 185.00 46.00 1580.00 9540.00 96.28 3.15 12.69 11.42 17.83 3.08 71.20
520 0.00 0.00 138.00 0.00 1508.00 0.00 21.86 4.38 32.55 32.55 0.00 7.25 100.00
521 0.00 0.00 167.00 29.00 1760.00 116.00 19.14 7.68 37.96 43.19 7.86 5.18 101.60
522 0.00 0.00 145.00 0.00 3084.00 0.00 42.54 4.73 31.06 31.06 0.00 6.90 100.00
523 0.00 0.00 152.00 0.00 14944.00 0.00 196.63 2.24 16.84 16.84 0.00 5.66 86.00
524 0.00 0.00 4.00 0.00 16.00 0.00 8.00 0.05 12.00 12.00 0.00 6.00 2.40
525 0.00 0.00 1.00 0.00 4.00 0.00 8.00 0.00 4.00 4.00 0.00 4.00 0.40
526 0.00 0.00 125.00 11.00 13588.00 44.00 200.47 0.82 6.06 6.59 0.00 2.94 40.00
527 0.00 0.00 16.00 0.00 196.00 0.00 24.50 0.24 15.00 15.00 0.00 3.75 6.00
528 0.00 0.00 37.00 2.00 4100.00 8.00 210.67 0.58 14.15 14.70 4.00 8.10 31.60
529 0.00 0.00 57.00 0.00 5816.00 0.00 204.07 2.21 38.74 38.74 0.00 17.47 99.60
530 0.00 0.00 34.00 0.00 3756.00 0.00 220.94 1.30 39.29 39.29 0.00 19.76 67.20
531 0.00 0.00 5.00 5.00 56.00 20.00 15.20 0.02 2.40 1.60 3.20 1.20 1.20
532 0.00 0.00 15.00 0.00 60.00 0.00 8.00 0.17 11.47 11.47 0.00 2.93 4.40
533 0.00 0.00 7.00 0.00 28.00 0.00 8.00 0.07 10.29 10.29 0.00 3.43 2.40
534 0.00 0.00 0.00 0.00 0.00 0.00 0.00 0.00 0.00 0.00 0.00 0.00 0.00
535 0.00 0.00 138.00 2.00 15396.00 8.00 220.06 1.81 12.86 12.99 4.00 6.31 88.40
536 0.00 0.00 38.00 5.00 4368.00 20.00 204.09 2.18 50.33 56.95 0.00 23.16 99.60
537 0.00 0.00 65.00 0.00 7488.00 0.00 230.40 2.08 32.37 32.37 0.00 14.03 91.20
538 0.00 0.00 1.00 0.00 4.00 0.00 8.00 0.05 48.00 48.00 0.00 48.00 4.80
539 0.00 0.00 6.00 0.00 24.00 0.00 8.00 0.18 29.33 29.33 0.00 11.33 6.80
540 0.00 0.00 224.00 0.00 27220.00 0.00 243.04 2.35 10.43 10.43 0.00 3.21 72.00
541 0.00 0.00 4.00 5.00 16.00 20.00 8.00 0.05 5.78 12.00 0.80 1.78 1.60
542 0.00 0.00 1.00 0.00 4.00 0.00 8.00 0.00 0.00 0.00 0.00 0.00 0.00
543 0.00 0.00 7.00 0.00 28.00 0.00 8.00 0.06 9.14 9.14 0.00 2.86 2.00
544 0.00 0.00 7.00 0.00 28.00 0.00 8.00 0.08 12.00 12.00 0.00 4.00 2.80
545 0.00 0.00 18.00 0.00 332.00 0.00 36.89 0.83 46.00 46.00 0.00 29.78 53.60
546 0.00 0.00 104.00 5.00 10160.00 20.00 186.79 1.77 16.04 16.77 0.80 6.57 71.60
547 0.00 0.00 40.00 0.00 3864.00 0.00 193.20 0.31 8.40 8.40 0.00 3.80 15.20
548 0.00 0.00 2.00 0.00 8.00 0.00 8.00 0.02 12.00 12.00 0.00 6.00 1.20
549 0.00 0.00 0.00 12.00 0.00 2076.00 346.00 0.19 16.00 0.00 16.00 1.33 1.60
550 0.00 0.00 4.00 0.00 16.00 0.00 8.00 0.03 8.00 8.00 0.00 2.00 0.80
551 0.00 0.00 45.00 19.00 180.00 76.00 8.00 0.54 8.50 11.91 0.42 1.31 8.40
552 0.00 0.00 5.00 0.00 20.00 0.00 8.00 0.00 0.00 0.00 0.00 0.00 0.00
553 0.00 0.00 15.00 0.00 60.00 0.00 8.00 0.62 34.93 34.93 0.00 13.60 20.40
554 0.00 2.00 15.00 40.00 68.00 236.00 11.05 1.18 19.49 21.33 18.80 2.25 12.40
555 0.00 0.00 100.00 0.00 1128.00 0.00 22.56 2.42 25.92 25.92 0.00 10.00 100.00
556 0.00 0.00 179.00 0.00 716.00 0.00 8.00 10.58 28.85 28.85 0.00 5.59 100.00
557 0.00 0.00 105.00 79.00 420.00 316.00 8.00 5.69 60.28 34.21 94.94 5.43 100.00
558 0.00 0.00 233.00 0.00 1996.00 0.00 17.13 3.13 13.61 13.61 0.00 4.29 100.00
559 0.00 0.00 248.00 0.00 3812.00 0.00 30.74 3.96 15.97 15.97 0.00 4.03 100.00
560 0.00 0.00 224.00 1.00 2104.00 8.00 18.77 2.04 9.07 9.09 4.00 4.44 100.00
561 0.00 0.00 149.00 127.00 1088.00 508.00 11.57 1.74 6.38 5.05 7.94 2.12 58.40
562 0.00 0.00 4.00 0.00 16.00 0.00 8.00 0.02 4.00 4.00 0.00 4.00 1.60
563 0.00 0.00 4.00 0.00 16.00 0.00 8.00 0.02 6.00 6.00 0.00 4.00 1.60
564 0.00 0.00 366.00 0.00 2652.00 0.00 14.49 4.24 11.56 11.56 0.00 2.60 95.20
565 0.00 0.00 395.00 0.00 1816.00 0.00 9.19 1.50 3.78 3.78 0.00 2.51 99.20
566 0.00 0.00 96.00 0.00 824.00 0.00 17.17 0.34 3.62 3.62 0.00 3.08 29.60
567 0.00 0.00 7.00 6.00 28.00 24.00 8.00 0.04 2.77 4.57 0.67 1.54 2.00
568 0.00 0.00 5.00 0.00 20.00 0.00 8.00 0.02 4.80 4.80 0.00 3.20 1.60
569 0.00 0.00 1.00 0.00 4.00 0.00 8.00 0.00 0.00 0.00 0.00 0.00 0.00
570 0.00 0.00 4.00 0.00 16.00 0.00 8.00 0.02 4.00 4.00 0.00 2.00 0.80
571 0.00 0.00 4.00 0.00 16.00 0.00 8.00 0.03 7.00 7.00 0.00 2.00 0.80
572 0.00 0.00 4.00 5.00 16.00 20.00 8.00 0.02 1.78 3.00 0.80 1.78 1.60
573 0.00 0.00 8.00 0.00 32.00 0.00 8.00 0.04 5.50 5.50 0.00 3.00 2.40
574 0.00 0.00 4.00 0.00 16.00 0.00 8.00 0.01 2.00 2.00 0.00 1.00 0.40
575 0.00 0.00 16.00 0.00 576.00 0.00 72.00 0.02 1.25 1.25 0.00 1.25 2.00
576 0.00 0.00 13.00 0.00 64.00 0.00 9.85 0.08 6.46 6.46 0.00 6.15 8.00
577 0.00 0.00 7.00 6.00 28.00 24.00 8.00 0.07 5.54 9.71 0.67 2.77 3.60
578 0.00 0.00 4.00 0.00 16.00 0.00 8.00 0.02 4.00 4.00 0.00 4.00 1.60
579 0.00 60.00 2.00 74.00 8.00 628.00 16.74 4.11 54.11 12.00 55.24 1.05 8.00
580 0.00 0.00 46.00 0.00 1108.00 0.00 48.17 0.50 10.87 10.87 0.00 6.87 31.60
581 0.00 0.00 3.00 0.00 12.00 0.00 8.00 0.03 9.33 9.33 0.00 6.67 2.00
582 0.00 0.00 22.00 27.00 172.00 108.00 11.43 0.36 7.35 11.64 3.85 3.18 15.60
583 0.00 0.00 186.00 0.00 772.00 0.00 8.30 1.18 6.37 6.37 0.00 4.09 76.00
584 0.00 0.00 6.00 0.00 24.00 0.00 8.00 0.03 5.33 5.33 0.00 3.33 2.00
585 0.00 0.00 3.00 0.00 12.00 0.00 8.00 0.00 1.33 1.33 0.00 1.33 0.40
586 0.00 0.00 4.00 0.00 16.00 0.00 8.00 0.01 3.00 3.00 0.00 2.00 0.80
587 0.00 0.00 2.00 6.00 8.00 24.00 8.00 0.02 2.50 0.00 3.33 0.50 0.40
588 0.00 0.00 5.00 0.00 20.00 0.00 8.00 0.07 13.60 13.60 0.00 6.40 3.20
589 0.00 0.00 7.00 0.00 28.00 0.00 8.00 0.02 2.29 2.29 0.00 2.29 1.60
590 0.00 0.00 2.00 0.00 8.00 0.00 8.00 0.02 8.00 8.00 0.00 4.00 0.80
591 0.00 0.00 6.00 0.00 24.00 0.00 8.00 0.06 9.33 9.33 0.00 2.67 1.60
592 0.00 0.00 5.00 5.00 20.00 20.00 8.00 0.06 6.00 8.80 3.20 2.00 2.00
593 0.00 0.00 8.00 0.00 32.00 0.00 8.00 0.06 7.00 7.00 0.00 2.00 1.60
594 0.00 0.00 2.00 0.00 8.00 0.00 8.00 0.02 8.00 8.00 0.00 4.00 0.80
595 0.00 0.00 6.00 0.00 24.00 0.00 8.00 0.11 18.67 18.67 0.00 5.33 3.20
596 0.00 0.00 5.00 0.00 20.00 0.00 8.00 0.04 8.00 8.00 0.00 3.20 1.60
597 0.00 0.00 6.00 5.00 24.00 20.00 8.00 0.08 7.27 13.33 0.00 2.55 2.80
598 0.00 0.00 10.00 0.00 40.00 0.00 8.00 0.12 12.00 12.00 0.00 2.00 2.00
599 0.00 0.00 0.00 0.00 0.00 0.00 0.00 0.00 0.00 0.00 0.00 0.00 0.00
600 0.00 0.00 8.00 0.00 32.00 0.00 8.00 0.08 10.50 10.50 0.00 4.50 3.60
601 0.00 0.00 1.00 0.00 4.00 0.00 8.00 0.01 8.00 8.00 0.00 8.00 0.80
602 0.00 0.00 671.00 6.00 6168.00 24.00 18.29 7.59 11.19 11.29 0.00 1.28 86.40
603 0.00 0.00 546.00 0.00 3868.00 0.00 14.17 5.03 9.24 9.24 0.00 1.63 89.20
604 0.00 0.00 322.00 0.00 4008.00 0.00 24.89 3.60 11.18 11.18 0.00 2.67 86.00
