0 0.00 1.24 0.68 25.96 4.81 199.26 15.32 0.62 23.27 9.00 23.64 0.80 2.14
1 0.00 0.00 12.00 0.00 64.00 0.00 10.67 0.09 8.00 8.00 0.00 3.00 3.60
2 0.00 0.00 14.00 0.00 76.00 0.00 10.86 0.20 13.14 13.14 0.00 2.86 4.00
3 0.00 0.00 152.00 33.00 3152.00 144.00 35.63 1.17 6.16 7.39 0.48 3.83 70.80
4 0.00 0.00 108.00 0.00 2568.00 0.00 47.56 0.96 9.37 9.37 0.00 4.70 50.80
5 0.00 0.00 54.00 0.00 420.00 0.00 15.56 0.34 6.30 6.30 0.00 4.96 26.80
6 0.00 0.00 102.00 1.00 716.00 4.00 13.98 0.64 6.17 6.24 0.00 3.15 32.40
7 0.00 0.00 0.00 3.00 0.00 40.00 26.67 0.00 1.33 0.00 1.33 0.00 0.00
8 0.00 0.00 17.00 224.00 68.00 1704.00 14.71 16.32 67.72 4.24 72.54 0.80 19.20
9 0.00 0.00 112.00 1.00 1488.00 32.00 26.90 0.86 7.47 7.54 0.00 3.61 40.80
10 0.00 0.00 26.00 0.00 292.00 0.00 22.46 0.24 10.15 10.15 0.00 5.38 14.00
11 0.00 0.00 76.00 0.00 652.00 0.00 17.16 0.54 7.05 7.05 0.00 3.32 25.20
12 0.00 0.00 50.00 0.00 480.00 0.00 19.20 0.35 6.96 6.96 0.00 4.24 21.20
13 0.00 0.00 181.00 46.00 9232.00 188.00 83.00 1.49 6.56 6.32 7.48 1.85 42.00
14 0.00 0.00 23.00 1.00 472.00 56.00 44.00 0.07 3.17 3.30 0.00 2.00 4.80
15 0.00 0.00 8.00 0.00 32.00 0.00 8.00 0.05 6.50 6.50 0.00 6.50 5.20
16 0.00 0.00 8.00 0.00 32.00 0.00 8.00 0.06 8.00 8.00 0.00 1.00 0.80
17 0.00 0.00 162.00 1.00 660.00 4.00 8.15 0.69 4.25 4.25 4.00 1.30 21.20
18 0.00 12.00 0.00 259.00 0.00 17636.00 136.19 51.60 175.49 0.00 175.49 1.96 50.80
19 0.00 0.00 75.00 151.00 300.00 1188.00 13.17 7.25 59.17 47.09 65.17 2.04 46.00
20 0.00 0.00 52.00 0.00 208.00 0.00 8.00 1.94 36.23 36.23 0.00 19.15 99.60
21 0.00 0.00 47.00 0.00 188.00 0.00 8.00 0.82 19.15 19.15 0.00 10.81 50.80
22 0.00 0.00 18.00 0.00 72.00 0.00 8.00 0.44 24.67 24.67 0.00 3.56 6.40
23 0.00 0.00 5.00 166.00 20.00 71892.00 841.08 11.80 69.01 10.40 70.77 1.03 17.60
24 0.00 0.00 16.00 23.00 64.00 336.00 20.51 3.22 72.00 120.25 38.43 9.74 38.00
25 0.00 0.00 33.00 0.00 132.00 0.00 8.00 2.10 74.91 74.91 0.00 11.15 36.80
26 0.00 0.00 25.00 0.00 100.00 0.00 8.00 0.57 24.32 24.32 0.00 6.08 15.20
27 0.00 0.00 40.00 0.00 160.00 0.00 8.00 0.91 22.70 22.70 0.00 3.90 15.60
28 0.00 0.00 4.00 208.00 16.00 1640.00 15.62 15.87 74.87 52.00 75.31 0.72 15.20
29 0.00 0.00 6.00 0.00 24.00 0.00 8.00 6.14 0.00 0.00 0.00 8.00 4.80
30 0.00 0.00 0.00 598.00 0.00 4820.00 16.12 46.78 88.50 0.00 88.50 0.66 39.60
31 0.00 0.00 7.00 0.00 28.00 0.00 8.00 0.11 16.00 16.00 0.00 2.29 1.60
32 0.00 0.00 0.00 0.00 0.00 0.00 0.00 0.00 0.00 0.00 0.00 0.00 0.00
33 0.00 0.00 0.00 18.00 0.00 76.00 8.44 0.01 0.44 0.00 0.44 0.44 0.80
34 0.00 0.00 0.00 0.00 0.00 0.00 0.00 0.00 0.00 0.00 0.00 0.00 0.00
35 0.00 0.00 8.00 0.00 32.00 0.00 8.00 0.00 0.00 0.00 0.00 0.00 0.00
36 0.00 0.00 6.00 0.00 24.00 0.00 8.00 0.00 0.00 0.00 0.00 0.00 0.00
37 0.00 0.00 3.00 0.00 12.00 0.00 8.00 0.00 0.00 0.00 0.00 0.00 0.00
38 0.00 0.00 0.00 256.00 0.00 1696.00 13.25 21.20 82.83 0.00 82.83 0.73 18.80
39 0.00 0.00 17.00 0.00 68.00 0.00 8.00 0.28 16.47 16.47 0.00 5.65 9.60
40 0.00 0.00 2.00 0.00 16.00 0.00 16.00 0.08 40.00 40.00 0.00 34.00 6.80
41 0.00 0.00 8.00 0.00 32.00 0.00 8.00 0.19 24.00 24.00 0.00 7.50 6.00
42 0.00 0.00 0.00 0.00 0.00 0.00 0.00 0.00 0.00 0.00 0.00 0.00 0.00
43 0.00 0.00 0.00 34.00 0.00 140.00 8.24 0.01 0.24 0.00 0.24 0.24 0.80
44 0.00 0.00 0.00 0.00 0.00 0.00 0.00 0.00 0.00 0.00 0.00 0.00 0.00
45 0.00 0.00 7.00 0.00 28.00 0.00 8.00 0.02 2.86 2.86 0.00 1.14 0.80
46 0.00 0.00 0.00 0.00 0.00 0.00 0.00 0.00 0.00 0.00 0.00 0.00 0.00
47 0.00 0.00 0.00 0.00 0.00 0.00 0.00 0.00 0.00 0.00 0.00 0.00 0.00
48 0.00 0.00 6.00 221.00 24.00 1756.00 15.68 16.87 74.31 0.00 76.33 0.83 18.80
49 0.00 0.00 104.00 0.00 416.00 0.00 8.00 0.64 6.12 6.12 0.00 2.81 29.20
50 0.00 0.00 0.00 0.00 0.00 0.00 0.00 0.00 0.00 0.00 0.00 0.00 0.00
51 0.00 0.00 0.00 0.00 0.00 0.00 0.00 0.00 0.00 0.00 0.00 0.00 0.00
52 0.00 0.00 0.00 0.00 0.00 0.00 0.00 0.00 0.00 0.00 0.00 0.00 0.00
53 0.00 12.00 8.00 98.00 32.00 1044.00 20.30 3.08 29.06 37.00 28.41 1.28 13.60
54 0.00 0.00 3.00 0.00 12.00 0.00 8.00 0.20 68.00 68.00 0.00 22.67 6.80
55 0.00 0.00 0.00 0.00 0.00 0.00 0.00 0.00 0.00 0.00 0.00 0.00 0.00
56 0.00 0.00 4.00 0.00 16.00 0.00 8.00 0.32 81.00 81.00 0.00 21.00 8.40
57 0.00 0.00 4.00 0.00 16.00 0.00 8.00 0.16 41.00 41.00 0.00 12.00 4.80
58 0.00 0.00 0.00 251.00 0.00 1660.00 13.23 21.76 86.71 0.00 86.71 0.73 18.40
59 0.00 0.00 0.00 0.00 0.00 0.00 0.00 0.00 0.00 0.00 0.00 0.00 0.00
60 0.00 0.00 0.00 0.00 0.00 0.00 0.00 0.00 0.00 0.00 0.00 0.00 0.00
61 0.00 0.00 8.00 0.00 32.00 0.00 8.00 0.35 44.00 44.00 0.00 12.00 9.60
62 0.00 0.00 0.00 0.00 0.00 0.00 0.00 0.00 0.00 0.00 0.00 0.00 0.00
63 0.00 0.00 0.00 25.00 0.00 104.00 8.32 0.09 3.52 0.00 3.52 0.32 0.80
64 0.00 0.00 0.00 0.00 0.00 0.00 0.00 0.00 0.00 0.00 0.00 0.00 0.00
65 0.00 0.00 8.00 0.00 32.00 0.00 8.00 0.02 2.00 2.00 0.00 0.50 0.40
66 0.00 0.00 1.00 0.00 4.00 0.00 8.00 0.03 32.00 32.00 0.00 32.00 3.20
67 0.00 0.00 3.00 0.00 12.00 0.00 8.00 0.02 8.00 8.00 0.00 2.67 0.80
68 0.00 0.00 0.00 101.00 0.00 540.00 10.69 16.51 91.45 0.00 91.45 1.43 14.40
69 0.00 0.00 10.00 116.00 40.00 1120.00 18.41 2.01 73.68 29.60 77.48 0.79 10.00
70 0.00 0.00 0.00 0.00 0.00 0.00 0.00 0.00 0.00 0.00 0.00 0.00 0.00
71 0.00 0.00 0.00 0.00 0.00 0.00 0.00 0.00 0.00 0.00 0.00 0.00 0.00
72 0.00 0.00 0.00 0.00 0.00 0.00 0.00 0.00 0.00 0.00 0.00 0.00 0.00
73 0.00 0.00 0.00 22.00 0.00 92.00 8.36 0.08 3.45 0.00 3.45 0.18 0.40
74 0.00 0.00 0.00 0.00 0.00 0.00 0.00 0.00 0.00 0.00 0.00 0.00 0.00
75 0.00 0.00 0.00 0.00 0.00 0.00 0.00 0.00 0.00 0.00 0.00 0.00 0.00
76 0.00 0.00 0.00 0.00 0.00 0.00 0.00 0.00 0.00 0.00 0.00 0.00 0.00
77 0.00 0.00 0.00 0.00 0.00 0.00 0.00 0.00 0.00 0.00 0.00 0.00 0.00
78 0.00 0.00 8.00 22.00 32.00 156.00 12.53 0.33 11.07 14.00 10.00 0.93 2.80
79 0.00 0.00 47.00 250.00 188.00 1656.00 12.42 22.45 75.52 12.94 87.28 1.25 37.20
80 0.00 0.00 328.00 0.00 1312.00 0.00 8.00 2.17 6.66 6.66 0.00 3.04 99.60
81 0.00 0.00 140.00 0.00 560.00 0.00 8.00 0.67 4.86 4.86 0.00 1.89 26.40
82 0.00 0.00 0.00 0.00 0.00 0.00 0.00 0.00 0.00 0.00 0.00 0.00 0.00
83 0.00 0.00 0.00 27.00 0.00 112.00 8.30 0.10 3.85 0.00 3.85 0.30 0.80
84 0.00 0.00 4.00 22.00 16.00 336.00 27.08 0.43 16.46 57.00 9.09 4.31 11.20
85 0.00 0.00 3.00 0.00 12.00 0.00 8.00 0.05 16.00 16.00 0.00 5.33 1.60
86 0.00 0.00 0.00 0.00 0.00 0.00 0.00 0.00 0.00 0.00 0.00 0.00 0.00
87 0.00 0.00 0.00 0.00 0.00 0.00 0.00 0.00 0.00 0.00 0.00 0.00 0.00
88 0.00 4.00 1.00 234.00 4.00 1908.00 16.27 16.97 72.22 28.00 72.41 0.89 20.80
89 0.00 0.00 4.00 24.00 16.00 96.00 8.00 0.43 15.43 13.00 15.83 1.57 4.40
90 0.00 0.00 0.00 0.00 0.00 0.00 0.00 68.10 0.00 0.00 0.00 0.00 53.20
91 0.00 0.00 7.00 592.00 28.00 4832.00 16.23 87.42 259.64 195.43 260.40 1.17 70.00
92 0.00 0.00 0.00 0.00 0.00 0.00 0.00 0.00 0.00 0.00 0.00 0.00 0.00
93 0.00 0.00 4.00 19.00 16.00 80.00 8.35 0.22 9.74 40.00 3.37 1.91 4.40
94 0.00 0.00 0.00 0.00 0.00 0.00 0.00 0.00 0.00 0.00 0.00 0.00 0.00
95 0.00 0.00 11.00 0.00 44.00 0.00 8.00 0.28 25.45 25.45 0.00 7.27 8.00
96 0.00 0.00 0.00 0.00 0.00 0.00 0.00 0.00 0.00 0.00 0.00 0.00 0.00
97 0.00 0.00 4.00 0.00 16.00 0.00 8.00 0.12 30.00 30.00 0.00 11.00 4.40
98 0.00 0.00 6.00 242.00 36.00 1616.00 13.32 20.67 83.35 21.33 84.89 1.05 26.00
99 0.00 0.00 0.00 0.00 0.00 0.00 0.00 0.00 0.00 0.00 0.00 0.00 0.00
100 0.00 0.00 0.00 0.00 0.00 0.00 0.00 0.00 0.00 0.00 0.00 0.00 0.00
101 0.00 0.00 12.00 0.00 48.00 0.00 8.00 0.66 55.00 55.00 0.00 10.67 12.80
102 0.00 0.00 0.00 0.00 0.00 0.00 0.00 0.48 0.00 0.00 0.00 0.00 12.00
103 0.00 0.00 4.00 22.00 16.00 92.00 8.31 0.15 24.15 137.00 3.64 0.92 2.40
104 0.00 0.00 4.00 0.00 16.00 0.00 8.00 0.03 8.00 8.00 0.00 2.00 0.80
105 0.00 0.00 0.00 0.00 0.00 0.00 0.00 0.00 0.00 0.00 0.00 0.00 0.00
106 0.00 0.00 1.00 0.00 4.00 0.00 8.00 0.06 56.00 56.00 0.00 56.00 5.60
107 0.00 0.00 14.00 0.00 112.00 0.00 16.00 0.88 62.57 62.57 0.00 46.29 64.80
108 0.00 0.00 0.00 217.00 0.00 1916.00 17.66 19.15 88.26 0.00 88.26 0.77 16.80
109 0.00 0.00 8.00 0.00 32.00 0.00 8.00 0.08 10.50 10.50 0.00 1.50 1.20
110 0.00 0.00 0.00 0.00 0.00 0.00 0.00 0.00 0.00 0.00 0.00 0.00 0.00
111 0.00 0.00 0.00 0.00 0.00 0.00 0.00 0.00 0.00 0.00 0.00 0.00 0.00
112 0.00 0.00 0.00 0.00 0.00 0.00 0.00 0.00 0.00 0.00 0.00 0.00 0.00
113 0.00 0.00 0.00 29.00 0.00 120.00 8.28 0.01 0.28 0.00 0.28 0.28 0.80
114 0.00 0.00 0.00 0.00 0.00 0.00 0.00 0.00 0.00 0.00 0.00 0.00 0.00
115 0.00 0.00 0.00 0.00 0.00 0.00 0.00 0.00 0.00 0.00 0.00 0.00 0.00
116 0.00 0.00 0.00 0.00 0.00 0.00 0.00 0.00 0.00 0.00 0.00 0.00 0.00
117 0.00 0.00 0.00 0.00 0.00 0.00 0.00 0.00 0.00 0.00 0.00 0.00 0.00
118 0.00 0.00 0.00 5.00 0.00 20.00 8.00 16.16 0.00 0.00 0.00 25.60 12.80
119 0.00 0.00 7.00 239.00 28.00 1608.00 13.30 15.30 127.89 12.00 131.28 0.57 14.00
120 0.00 0.00 1.00 0.00 4.00 0.00 8.00 0.43 72.00 72.00 0.00 120.00 12.00
121 0.00 0.00 3.00 0.00 12.00 0.00 8.00 0.15 169.33 169.33 0.00 22.67 6.80
122 0.00 0.00 0.00 0.00 0.00 0.00 0.00 0.00 0.00 0.00 0.00 0.00 0.00
123 0.00 0.00 0.00 21.00 0.00 88.00 8.38 0.01 0.38 0.00 0.38 0.38 0.80
124 0.00 3.00 2.00 50.00 8.00 380.00 14.92 1.99 38.31 12.00 39.36 1.00 5.20
125 0.00 0.00 0.00 0.00 0.00 0.00 0.00 0.00 0.00 0.00 0.00 0.00 0.00
126 0.00 0.00 0.00 0.00 0.00 0.00 0.00 0.00 0.00 0.00 0.00 0.00 0.00
127 0.00 0.00 10.00 0.00 40.00 0.00 8.00 0.32 32.00 32.00 0.00 7.60 7.60
128 0.00 0.00 4.00 216.00 16.00 1656.00 15.20 16.30 74.07 16.00 75.15 0.80 17.60
129 0.00 0.00 2.00 0.00 8.00 0.00 8.00 0.05 24.00 24.00 0.00 12.00 2.40
130 0.00 0.00 2.00 0.00 8.00 0.00 8.00 0.11 54.00 54.00 0.00 54.00 10.80
131 0.00 0.00 6.00 0.00 24.00 0.00 8.00 0.10 16.00 16.00 0.00 2.67 1.60
132 0.00 0.00 0.00 0.00 0.00 0.00 0.00 0.00 0.00 0.00 0.00 0.00 0.00
133 0.00 0.00 4.00 26.00 16.00 108.00 8.27 0.19 6.27 23.00 3.69 3.20 9.60
134 0.00 0.00 0.00 0.00 0.00 0.00 0.00 0.00 0.00 0.00 0.00 0.00 0.00
135 0.00 0.00 0.00 0.00 0.00 0.00 0.00 0.00 0.00 0.00 0.00 0.00 0.00
136 0.00 0.00 4.00 0.00 16.00 0.00 8.00 0.05 12.00 12.00 0.00 3.00 1.20
137 0.00 0.00 0.00 0.00 0.00 0.00 0.00 0.00 0.00 0.00 0.00 0.00 0.00
138 0.00 0.00 0.00 251.00 0.00 1660.00 13.23 21.64 86.23 0.00 86.23 0.78 19.60
139 0.00 0.00 0.00 0.00 0.00 0.00 0.00 0.00 0.00 0.00 0.00 0.00 0.00
140 0.00 0.00 11.00 0.00 44.00 0.00 8.00 0.09 8.00 8.00 0.00 2.91 3.20
141 0.00 0.00 4.00 0.00 16.00 0.00 8.00 0.03 8.00 8.00 0.00 2.00 0.80
142 0.00 0.00 0.00 0.00 0.00 0.00 0.00 0.00 0.00 0.00 0.00 0.00 0.00
143 0.00 0.00 0.00 25.00 0.00 104.00 8.32 0.09 3.68 0.00 3.68 0.16 0.40
144 0.00 0.00 3.00 22.00 12.00 336.00 27.84 0.66 26.40 20.00 27.27 3.52 8.80
145 0.00 0.00 7.00 0.00 28.00 0.00 8.00 0.38 53.71 53.71 0.00 9.71 6.80
146 0.00 0.00 0.00 0.00 0.00 0.00 0.00 0.00 0.00 0.00 0.00 0.00 0.00
147 0.00 0.00 0.00 0.00 0.00 0.00 0.00 0.00 0.00 0.00 0.00 0.00 0.00
148 0.00 0.00 4.00 128.00 16.00 648.00 10.06 57.35 389.64 70.00 399.62 4.30 56.80
149 0.00 0.00 2.00 92.00 8.00 1024.00 21.96 25.06 117.15 146.00 116.52 2.47 23.20
150 0.00 0.00 4.00 582.00 16.00 4852.00 16.61 98.61 202.35 8.00 203.68 1.45 85.20
151 0.00 0.00 7.00 0.00 28.00 0.00 8.00 0.13 18.29 18.29 0.00 2.86 2.00
152 0.00 0.00 0.00 0.00 0.00 0.00 0.00 0.00 0.00 0.00 0.00 0.00 0.00
153 0.00 0.00 0.00 18.00 0.00 76.00 8.44 0.08 4.22 0.00 4.22 0.89 1.60
154 0.00 0.00 4.00 9.00 16.00 100.00 17.85 0.10 8.00 8.00 8.00 1.23 1.60
155 0.00 0.00 0.00 0.00 0.00 0.00 0.00 0.00 0.00 0.00 0.00 0.00 0.00
156 0.00 0.00 8.00 0.00 32.00 0.00 8.00 0.05 6.00 6.00 0.00 1.00 0.80
157 0.00 0.00 4.00 0.00 16.00 0.00 8.00 0.03 8.00 8.00 0.00 2.00 0.80
158 0.00 0.00 0.00 244.00 0.00 1632.00 13.38 22.62 92.70 0.00 92.70 0.80 19.60
159 0.00 3.00 4.00 37.00 16.00 284.00 14.63 0.93 22.63 16.00 23.35 0.98 4.00
160 0.00 0.00 0.00 0.00 0.00 0.00 0.00 0.00 0.00 0.00 0.00 0.00 0.00
161 0.00 0.00 6.00 0.00 24.00 0.00 8.00 0.13 22.00 22.00 0.00 4.67 2.80
162 0.00 0.00 0.00 0.00 0.00 0.00 0.00 0.00 0.00 0.00 0.00 0.00 0.00
163 0.00 0.00 0.00 31.00 0.00 128.00 8.26 1.85 59.61 0.00 59.61 5.42 16.80
164 0.00 0.00 0.00 1.00 0.00 140.00 280.00 0.00 0.00 0.00 0.00 0.00 0.00
165 0.00 0.00 0.00 0.00 0.00 0.00 0.00 0.00 0.00 0.00 0.00 0.00 0.00
166 0.00 0.00 8.00 0.00 32.00 0.00 8.00 0.11 14.00 14.00 0.00 2.00 1.60
167 0.00 0.00 0.00 0.00 0.00 0.00 0.00 0.00 0.00 0.00 0.00 0.00 0.00
168 0.00 0.00 6.00 216.00 24.00 1656.00 15.14 18.58 83.68 58.67 84.37 1.03 22.80
169 0.00 0.00 0.00 0.00 0.00 0.00 0.00 0.00 0.00 0.00 0.00 0.00 0.00
170 0.00 0.00 0.00 0.00 0.00 0.00 0.00 0.00 0.00 0.00 0.00 0.00 0.00
171 0.00 0.00 2.00 0.00 8.00 0.00 8.00 0.04 18.00 18.00 0.00 10.00 2.00
172 0.00 0.00 6.00 0.00 24.00 0.00 8.00 0.08 12.67 12.67 0.00 4.67 2.80
173 0.00 0.00 0.00 25.00 0.00 304.00 24.32 0.09 3.68 0.00 3.68 0.48 1.20
174 0.00 0.00 6.00 2.00 60.00 8.00 17.00 0.11 14.00 18.67 0.00 2.50 2.00
175 0.00 0.00 4.00 0.00 16.00 0.00 8.00 0.02 4.00 4.00 0.00 1.00 0.40
176 0.00 0.00 0.00 0.00 0.00 0.00 0.00 0.00 0.00 0.00 0.00 0.00 0.00
177 0.00 0.00 8.00 0.00 32.00 0.00 8.00 1.02 110.50 110.50 0.00 20.50 16.40
178 0.00 0.00 2.00 18.00 8.00 72.00 8.00 66.45 92.20 230.00 76.89 33.80 67.60
179 0.00 0.00 0.00 96.00 0.00 460.00 9.58 128.00 649.38 0.00 649.38 10.42 100.00
180 0.00 0.00 9.00 150.00 136.00 1180.00 16.55 19.26 941.28 132.89 989.79 2.82 44.80
181 0.00 0.00 4.00 0.00 16.00 0.00 8.00 0.11 28.00 28.00 0.00 7.00 2.80
182 0.00 0.00 0.00 0.00 0.00 0.00 0.00 0.00 0.00 0.00 0.00 0.00 0.00
183 0.00 0.00 0.00 21.00 0.00 88.00 8.38 0.08 3.62 0.00 3.62 0.19 0.40
184 0.00 0.00 0.00 11.00 0.00 108.00 19.64 0.92 84.00 0.00 84.00 7.64 8.40
185 0.00 0.00 0.00 0.00 0.00 0.00 0.00 0.00 0.00 0.00 0.00 0.00 0.00
186 0.00 0.00 0.00 0.00 0.00 0.00 0.00 0.00 0.00 0.00 0.00 0.00 0.00
187 0.00 0.00 0.00 0.00 0.00 0.00 0.00 0.00 0.00 0.00 0.00 0.00 0.00
188 0.00 0.00 0.00 213.00 0.00 1644.00 15.44 22.04 103.46 0.00 103.46 1.09 23.20
189 0.00 0.00 0.00 0.00 0.00 0.00 0.00 0.00 0.00 0.00 0.00 0.00 0.00
190 0.00 0.00 12.00 0.00 48.00 0.00 8.00 0.14 12.00 12.00 0.00 3.67 4.40
191 0.00 0.00 0.00 0.00 0.00 0.00 0.00 0.00 0.00 0.00 0.00 0.00 0.00
192 0.00 0.00 0.00 0.00 0.00 0.00 0.00 0.00 0.00 0.00 0.00 0.00 0.00
193 0.00 0.00 0.00 23.00 0.00 96.00 8.35 0.09 4.00 0.00 4.00 0.52 1.20
194 0.00 2.00 0.00 37.00 0.00 292.00 15.78 1.04 28.00 0.00 28.00 0.76 2.80
195 0.00 0.00 7.00 0.00 28.00 0.00 8.00 0.11 16.00 16.00 0.00 2.29 1.60
196 0.00 0.00 1.00 0.00 4.00 0.00 8.00 0.01 8.00 8.00 0.00 8.00 0.80
197 0.00 0.00 0.00 0.00 0.00 0.00 0.00 0.00 0.00 0.00 0.00 0.00 0.00
198 0.00 0.00 0.00 259.00 0.00 1696.00 13.10 20.84 80.46 0.00 80.46 0.73 18.80
199 0.00 0.00 0.00 1.00 0.00 4.00 8.00 0.00 0.00 0.00 0.00 0.00 0.00
200 0.00 0.00 27.00 0.00 108.00 0.00 8.00 1.07 39.56 39.56 0.00 7.70 20.80
201 0.00 0.00 4.00 0.00 16.00 0.00 8.00 0.11 27.00 27.00 0.00 7.00 2.80
202 0.00 0.00 15.00 0.00 60.00 0.00 8.00 1.40 93.33 93.33 0.00 22.93 34.40
203 0.00 0.00 0.00 25.00 0.00 104.00 8.32 0.10 3.84 0.00 3.84 0.32 0.80
204 0.00 0.00 0.00 13.00 0.00 300.00 46.15 0.02 1.54 0.00 1.54 1.54 2.00
205 0.00 0.00 2.00 0.00 8.00 0.00 8.00 0.14 68.00 68.00 0.00 34.00 6.80
206 0.00 0.00 0.00 0.00 0.00 0.00 0.00 0.00 0.00 0.00 0.00 0.00 0.00
207 0.00 0.00 0.00 0.00 0.00 0.00 0.00 0.00 0.00 0.00 0.00 0.00 0.00
208 0.00 0.00 0.00 0.00 0.00 0.00 0.00 14.34 0.00 0.00 0.00 0.00 11.20
209 0.00 0.00 0.00 212.00 0.00 1640.00 15.47 112.22 551.09 0.00 551.09 4.66 98.80
210 0.00 0.00 0.00 588.00 0.00 4828.00 16.42 104.93 194.99 0.00 194.99 1.46 86.00
211 0.00 0.00 8.00 0.00 32.00 0.00 8.00 0.11 14.00 14.00 0.00 3.50 2.80
212 0.00 0.00 0.00 0.00 0.00 0.00 0.00 0.00 0.00 0.00 0.00 0.00 0.00
213 0.00 0.00 0.00 18.00 0.00 76.00 8.44 0.07 3.78 0.00 3.78 0.44 0.80
214 0.00 0.00 4.00 9.00 16.00 104.00 18.46 0.30 22.77 56.00 8.00 4.31 5.60
215 0.00 0.00 4.00 0.00 16.00 0.00 8.00 0.06 16.00 16.00 0.00 4.00 1.60
216 0.00 0.00 0.00 0.00 0.00 0.00 0.00 0.00 0.00 0.00 0.00 0.00 0.00
217 0.00 0.00 12.00 0.00 48.00 0.00 8.00 0.34 28.33 28.33 0.00 6.33 7.60
218 0.00 0.00 0.00 9.00 0.00 36.00 8.00 8.22 3.56 0.00 3.56 7.56 6.80
219 0.00 0.00 0.00 236.00 0.00 1608.00 13.63 12.47 87.54 0.00 87.54 0.49 11.60
220 0.00 0.00 12.00 0.00 48.00 0.00 8.00 0.18 15.33 15.33 0.00 3.00 3.60
221 0.00 0.00 0.00 0.00 0.00 0.00 0.00 0.00 0.00 0.00 0.00 0.00 0.00
222 0.00 0.00 0.00 0.00 0.00 0.00 0.00 0.00 0.00 0.00 0.00 0.00 0.00
223 0.00 0.00 12.00 25.00 48.00 104.00 8.22 0.08 2.27 6.67 0.16 0.43 1.60
224 0.00 0.00 4.00 0.00 16.00 0.00 8.00 0.05 12.00 12.00 0.00 3.00 1.20
225 0.00 0.00 0.00 0.00 0.00 0.00 0.00 0.00 0.00 0.00 0.00 0.00 0.00
226 0.00 0.00 15.00 0.00 60.00 0.00 8.00 1.00 66.67 66.67 0.00 9.87 14.80
227 0.00 0.00 0.00 0.00 0.00 0.00 0.00 0.00 0.00 0.00 0.00 0.00 0.00
228 0.00 0.00 2.00 211.00 8.00 1628.00 15.36 18.30 85.90 8.00 86.64 0.79 16.80
229 0.00 2.00 8.00 26.00 32.00 240.00 16.00 0.60 17.76 10.50 20.00 1.53 5.20
230 0.00 0.00 8.00 0.00 32.00 0.00 8.00 0.10 13.00 13.00 0.00 5.00 4.00
231 0.00 0.00 0.00 0.00 0.00 0.00 0.00 0.00 0.00 0.00 0.00 0.00 0.00
232 0.00 0.00 8.00 0.00 32.00 0.00 8.00 0.04 4.50 4.50 0.00 1.00 0.80
233 0.00 0.00 0.00 30.00 0.00 124.00 8.27 0.00 0.13 0.00 0.13 0.13 0.40
234 0.00 0.00 8.00 0.00 32.00 0.00 8.00 0.06 8.00 8.00 0.00 1.00 0.80
235 0.00 0.00 8.00 0.00 32.00 0.00 8.00 0.33 41.50 41.50 0.00 8.50 6.80
236 0.00 0.00 0.00 0.00 0.00 0.00 0.00 0.00 0.00 0.00 0.00 0.00 0.00
237 0.00 0.00 8.00 0.00 32.00 0.00 8.00 0.34 43.00 43.00 0.00 5.50 4.40
238 0.00 0.00 8.00 258.00 32.00 1692.00 12.96 24.15 90.78 44.00 92.23 0.81 21.60
239 0.00 0.00 8.00 1.00 32.00 4.00 8.00 0.28 30.67 34.00 4.00 6.67 6.00
240 0.00 0.00 0.00 0.00 0.00 0.00 0.00 0.00 0.00 0.00 0.00 0.00 0.00
241 0.00 0.00 8.00 0.00 32.00 0.00 8.00 0.77 96.00 96.00 0.00 13.00 10.40
242 0.00 0.00 0.00 0.00 0.00 0.00 0.00 0.00 0.00 0.00 0.00 0.00 0.00
243 0.00 0.00 0.00 24.00 0.00 100.00 8.33 0.58 24.17 0.00 24.17 3.17 7.60
244 0.00 0.00 20.00 9.00 80.00 96.00 12.14 0.36 12.28 14.20 8.00 2.21 6.40
245 0.00 0.00 0.00 0.00 0.00 0.00 0.00 0.00 0.00 0.00 0.00 0.00 0.00
246 0.00 0.00 0.00 0.00 0.00 0.00 0.00 0.00 0.00 0.00 0.00 0.00 0.00
247 0.00 0.00 12.00 0.00 48.00 0.00 8.00 0.19 16.00 16.00 0.00 3.33 4.00
248 0.00 0.00 0.00 212.00 0.00 1632.00 15.40 17.23 81.28 0.00 81.28 0.77 16.40
249 0.00 0.00 0.00 0.00 0.00 0.00 0.00 0.00 0.00 0.00 0.00 0.00 0.00
250 0.00 0.00 0.00 0.00 0.00 0.00 0.00 0.00 0.00 0.00 0.00 0.00 0.00
251 0.00 0.00 8.00 0.00 32.00 0.00 8.00 0.08 10.00 10.00 0.00 1.50 1.20
252 0.00 0.00 0.00 0.00 0.00 0.00 0.00 0.00 0.00 0.00 0.00 0.00 0.00
253 0.00 0.00 8.00 25.00 32.00 104.00 8.24 0.16 4.97 8.50 3.84 0.61 2.00
254 0.00 0.00 8.00 5.00 32.00 156.00 28.92 0.05 4.00 4.00 4.00 0.62 0.80
255 0.00 0.00 0.00 0.00 0.00 0.00 0.00 0.00 0.00 0.00 0.00 0.00 0.00
256 0.00 0.00 0.00 0.00 0.00 0.00 0.00 0.00 0.00 0.00 0.00 0.00 0.00
257 0.00 0.00 8.00 0.00 32.00 0.00 8.00 0.35 44.00 44.00 0.00 5.50 4.40
258 0.00 0.00 0.00 256.00 0.00 1684.00 13.16 21.13 82.55 0.00 82.55 0.73 18.80
259 0.00 0.00 0.00 0.00 0.00 0.00 0.00 0.00 0.00 0.00 0.00 0.00 0.00
260 0.00 0.00 26.00 0.00 104.00 0.00 8.00 3.86 130.00 130.00 0.00 22.00 57.20
261 0.00 0.00 23.00 0.00 92.00 0.00 8.00 3.12 136.70 136.70 0.00 43.13 99.20
262 0.00 0.00 57.00 0.00 228.00 0.00 8.00 5.70 107.02 107.02 0.00 17.54 100.00
263 0.00 0.00 20.00 24.00 80.00 100.00 8.18 4.20 96.82 112.20 84.00 22.64 99.60
264 0.00 3.00 9.00 0.00 36.00 0.00 8.00 31.04 85.33 85.33 0.00 111.11 100.00
265 0.00 0.00 14.00 62.00 56.00 640.00 18.32 21.96 687.26 144.86 809.74 7.00 53.20
266 0.00 0.00 0.00 0.00 0.00 0.00 0.00 0.00 0.00 0.00 0.00 0.00 0.00
267 0.00 0.00 0.00 0.00 0.00 0.00 0.00 0.00 0.00 0.00 0.00 0.00 0.00
268 0.00 0.00 8.00 0.00 32.00 0.00 8.00 0.50 19.00 19.00 0.00 4.00 3.20
269 0.00 0.00 0.00 214.00 0.00 1824.00 17.05 16.52 78.84 0.00 78.84 0.73 15.60
270 0.00 0.00 0.00 437.00 0.00 2348.00 10.75 52.50 98.22 0.00 98.22 0.94 41.20
271 0.00 0.00 8.00 145.00 32.00 2688.00 35.56 1.86 74.82 12.00 78.29 0.21 3.20
272 0.00 0.00 0.00 0.00 0.00 0.00 0.00 0.00 0.00 0.00 0.00 0.00 0.00
273 0.00 0.00 0.00 18.00 0.00 76.00 8.44 0.00 0.22 0.00 0.22 0.22 0.40
274 0.00 0.00 8.00 9.00 32.00 100.00 15.53 0.87 51.06 45.50 56.00 6.35 10.80
275 0.00 0.00 0.00 0.00 0.00 0.00 0.00 0.00 0.00 0.00 0.00 0.00 0.00
276 0.00 0.00 3.00 0.00 12.00 0.00 8.00 0.97 89.33 89.33 0.00 46.67 14.00
277 0.00 0.00 17.00 0.00 68.00 0.00 8.00 0.36 62.35 62.35 0.00 5.41 9.20
278 0.00 0.00 0.00 106.00 0.00 524.00 9.89 98.37 535.17 0.00 535.17 7.74 82.00
279 0.00 0.00 0.00 153.00 0.00 1272.00 16.63 26.64 446.30 0.00 446.30 1.59 24.40
280 0.00 0.00 12.00 0.00 48.00 0.00 8.00 0.00 0.00 0.00 0.00 0.00 0.00
281 0.00 0.00 0.00 0.00 0.00 0.00 0.00 0.00 0.00 0.00 0.00 0.00 0.00
282 0.00 0.00 0.00 0.00 0.00 0.00 0.00 0.00 0.00 0.00 0.00 0.00 0.00
283 0.00 0.00 8.00 29.00 32.00 120.00 8.22 1.22 33.08 139.50 3.72 4.11 15.20
284 0.00 0.00 4.00 0.00 16.00 0.00 8.00 0.46 116.00 116.00 0.00 29.00 11.60
285 0.00 0.00 4.00 0.00 16.00 0.00 8.00 0.13 32.00 32.00 0.00 8.00 3.20
286 0.00 0.00 8.00 0.00 32.00 0.00 8.00 0.12 15.00 15.00 0.00 4.50 3.60
287 0.00 0.00 8.00 0.00 32.00 0.00 8.00 0.06 8.00 8.00 0.00 1.00 0.80
288 0.00 0.00 0.00 227.00 0.00 1656.00 14.59 18.14 79.93 0.00 79.93 0.78 17.60
289 0.00 0.00 0.00 2.00 0.00 12.00 12.00 0.00 0.00 0.00 0.00 0.00 0.00
290 0.00 0.00 0.00 0.00 0.00 0.00 0.00 0.00 0.00 0.00 0.00 0.00 0.00
291 0.00 0.00 12.00 0.00 48.00 0.00 8.00 0.24 19.67 19.67 0.00 5.00 6.00
292 0.00 0.00 8.00 0.00 32.00 0.00 8.00 0.03 4.00 4.00 0.00 0.50 0.40
293 0.00 0.00 8.00 26.00 32.00 108.00 8.24 0.33 9.65 40.50 0.15 1.41 4.80
294 0.00 0.00 4.00 1.00 16.00 4.00 8.00 0.05 9.60 12.00 0.00 2.40 1.20
295 0.00 0.00 4.00 0.00 16.00 0.00 8.00 0.05 13.00 13.00 0.00 4.00 1.60
296 0.00 0.00 0.00 0.00 0.00 0.00 0.00 0.00 0.00 0.00 0.00 0.00 0.00
297 0.00 0.00 8.00 0.00 32.00 0.00 8.00 0.06 8.00 8.00 0.00 1.00 0.80
298 0.00 0.00 0.00 247.00 0.00 1648.00 13.34 21.32 86.30 0.00 86.30 0.74 18.40
299 0.00 2.00 5.00 28.00 20.00 260.00 16.97 0.76 23.15 21.60 23.43 2.30 7.60
300 0.00 0.00 2.00 0.00 8.00 0.00 8.00 0.06 32.00 32.00 0.00 16.00 3.20
301 0.00 0.00 6.00 0.00 24.00 0.00 8.00 0.63 105.33 105.33 0.00 36.67 22.00
302 0.00 0.00 0.00 0.00 0.00 0.00 0.00 0.00 0.00 0.00 0.00 0.00 0.00
303 0.00 0.00 5.00 30.00 20.00 124.00 8.23 0.65 8.23 34.40 3.87 1.94 6.80
304 0.00 0.00 7.00 9.00 28.00 88.00 14.50 0.97 83.50 93.14 76.00 9.50 15.20
305 0.00 0.00 0.00 0.00 0.00 0.00 0.00 0.00 0.00 0.00 0.00 0.00 0.00
306 0.00 0.00 0.00 0.00 0.00 0.00 0.00 0.00 0.00 0.00 0.00 0.00 0.00
307 0.00 0.00 8.00 0.00 32.00 0.00 8.00 0.06 8.00 8.00 0.00 1.00 0.80
308 0.00 0.00 0.00 231.00 0.00 1772.00 15.34 18.54 80.29 0.00 80.29 0.73 16.80
309 0.00 0.00 0.00 0.00 0.00 0.00 0.00 0.00 0.00 0.00 0.00 0.00 0.00
310 0.00 0.00 8.00 0.00 32.00 0.00 8.00 0.00 0.00 0.00 0.00 0.00 0.00
311 0.00 0.00 0.00 0.00 0.00 0.00 0.00 0.00 0.00 0.00 0.00 0.00 0.00
312 0.00 0.00 6.00 0.00 24.00 0.00 8.00 0.46 54.00 54.00 0.00 11.33 6.80
313 0.00 0.00 6.00 24.00 24.00 100.00 8.27 0.32 15.20 74.67 0.33 4.40 13.20
314 0.00 0.00 6.00 0.00 24.00 0.00 8.00 0.06 9.33 9.33 0.00 3.33 2.00
315 0.00 0.00 0.00 0.00 0.00 0.00 0.00 0.00 0.00 0.00 0.00 0.00 0.00
316 0.00 0.00 12.00 0.00 48.00 0.00 8.00 0.34 28.67 28.67 0.00 6.67 8.00
317 0.00 0.00 0.00 0.00 0.00 0.00 0.00 0.00 0.00 0.00 0.00 0.00 0.00
318 0.00 0.00 0.00 133.00 0.00 636.00 9.56 19.44 95.34 0.00 95.34 1.26 16.80
319 0.00 0.00 8.00 118.00 32.00 1032.00 16.89 1.74 67.43 8.00 71.46 0.22 2.80
320 0.00 0.00 0.00 0.00 0.00 0.00 0.00 0.00 0.00 0.00 0.00 0.00 0.00
321 0.00 0.00 36.00 0.00 144.00 0.00 8.00 0.34 9.44 9.44 0.00 3.00 10.80
322 0.00 0.00 0.00 0.00 0.00 0.00 0.00 0.00 0.00 0.00 0.00 0.00 0.00
323 0.00 0.00 12.00 22.00 48.00 92.00 8.24 0.15 4.47 12.33 0.18 0.71 2.40
324 0.00 0.00 3.00 15.00 12.00 316.00 36.44 0.09 4.89 12.00 3.47 1.11 2.00
325 0.00 0.00 7.92 0.00 31.68 0.00 8.00 0.12 15.50 15.50 0.00 2.50 1.98
326 0.00 0.00 8.00 0.00 32.00 0.00 8.00 0.10 12.00 12.00 0.00 1.50 1.20
327 0.00 0.00 0.00 0.00 0.00 0.00 0.00 0.00 0.00 0.00 0.00 0.00 0.00
328 0.00 0.00 0.00 0.00 0.00 0.00 0.00 0.00 0.00 0.00 0.00 0.00 0.00
329 0.00 0.00 5.00 219.00 20.00 1640.00 14.82 17.68 78.91 8.80 80.51 0.80 18.00
330 0.00 0.00 2.00 577.00 8.00 4856.00 16.80 52.28 90.29 12.00 90.56 0.77 44.40
331 0.00 0.00 12.00 0.00 48.00 0.00 8.00 0.37 31.00 31.00 0.00 20.00 24.00
332 0.00 0.00 2.00 0.00 8.00 0.00 8.00 0.20 100.00 100.00 0.00 50.00 10.00
333 0.00 0.00 0.00 32.00 0.00 132.00 8.25 1.82 56.88 0.00 56.88 6.12 19.60
334 0.00 4.00 8.00 0.00 32.00 0.00 8.00 31.05 82.00 82.00 0.00 86.00 68.80
335 0.00 0.00 0.00 51.00 0.00 560.00 21.96 6.94 732.00 0.00 732.00 2.67 13.60
336 0.00 0.00 8.00 0.00 32.00 0.00 8.00 0.45 56.00 56.00 0.00 7.00 5.60
337 0.00 0.00 0.00 0.00 0.00 0.00 0.00 0.06 0.00 0.00 0.00 0.00 1.60
338 0.00 0.00 4.00 128.00 16.00 620.00 9.64 97.30 98.58 35.00 100.56 5.94 78.40
339 0.00 0.00 14.00 132.00 56.00 1104.00 15.89 14.30 675.73 35.14 743.67 1.73 25.20
340 0.00 0.00 0.00 0.00 0.00 0.00 0.00 0.00 0.00 0.00 0.00 0.00 0.00
341 0.00 0.00 0.00 0.00 0.00 0.00 0.00 0.00 0.00 0.00 0.00 0.00 0.00
342 0.00 0.00 4.00 0.00 16.00 0.00 8.00 0.05 12.00 12.00 0.00 3.00 1.20
343 0.00 0.00 0.00 25.00 0.00 104.00 8.32 0.00 0.16 0.00 0.16 0.16 0.40
344 0.00 0.00 8.00 1.00 32.00 4.00 8.00 0.00 0.00 0.00 0.00 0.00 0.00
345 0.00 0.00 0.00 0.00 0.00 0.00 0.00 0.00 0.00 0.00 0.00 0.00 0.00
346 0.00 0.00 0.00 0.00 0.00 0.00 0.00 0.00 0.00 0.00 0.00 0.00 0.00
347 0.00 0.00 0.00 0.00 0.00 0.00 0.00 0.00 0.00 0.00 0.00 0.00 0.00
348 0.00 0.00 16.00 215.00 64.00 1620.00 14.58 18.24 78.98 39.00 81.95 1.06 24.40
349 0.00 0.00 8.00 0.00 32.00 0.00 8.00 0.30 37.50 37.50 0.00 7.50 6.00
350 0.00 0.00 3.00 0.00 12.00 0.00 8.00 0.02 8.00 8.00 0.00 6.67 2.00
351 0.00 0.00 4.00 0.00 16.00 0.00 8.00 0.06 16.00 16.00 0.00 4.00 1.60
352 0.00 0.00 0.00 0.00 0.00 0.00 0.00 0.00 0.00 0.00 0.00 0.00 0.00
353 0.00 0.00 0.00 21.00 0.00 88.00 8.38 0.00 0.19 0.00 0.19 0.19 0.40
354 0.00 0.00 8.00 0.00 32.00 0.00 8.00 0.30 37.00 37.00 0.00 6.50 5.20
355 0.00 0.00 0.00 0.00 0.00 0.00 0.00 0.00 0.00 0.00 0.00 0.00 0.00
356 0.00 0.00 10.00 0.00 40.00 0.00 8.00 0.08 8.00 8.00 0.00 1.60 1.60
357 0.00 0.00 4.00 0.00 16.00 0.00 8.00 0.00 1.00 1.00 0.00 1.00 0.40
358 0.00 0.00 6.00 247.00 24.00 1656.00 13.28 23.21 91.73 8.00 93.77 0.77 19.60
359 0.00 0.00 4.00 3.00 16.00 20.00 10.29 0.06 8.57 12.00 4.00 2.29 1.60
360 0.00 0.00 0.00 0.00 0.00 0.00 0.00 0.00 0.00 0.00 0.00 0.00 0.00
361 0.00 0.00 8.00 0.00 32.00 0.00 8.00 0.13 16.00 16.00 0.00 2.00 1.60
362 0.00 0.00 0.00 0.00 0.00 0.00 0.00 0.00 0.00 0.00 0.00 0.00 0.00
363 0.00 0.00 4.00 27.00 16.00 112.00 8.26 0.06 2.06 16.00 0.00 0.52 1.60
364 0.00 0.00 0.00 0.00 0.00 0.00 0.00 0.00 0.00 0.00 0.00 0.00 0.00
365 0.00 0.00 0.00 0.00 0.00 0.00 0.00 0.00 0.00 0.00 0.00 0.00 0.00
366 0.00 0.00 8.00 0.00 32.00 0.00 8.00 0.06 8.00 8.00 0.00 1.00 0.80
367 0.00 0.00 0.00 0.00 0.00 0.00 0.00 0.00 0.00 0.00 0.00 0.00 0.00
368 0.00 0.00 0.00 214.00 0.00 1616.00 15.10 19.34 90.36 0.00 90.36 0.77 16.40
369 0.00 1.00 0.00 35.00 0.00 332.00 18.97 0.84 24.00 0.00 24.00 0.69 2.40
370 0.00 0.00 0.00 0.00 0.00 0.00 0.00 0.00 0.00 0.00 0.00 0.00 0.00
371 0.00 0.00 8.00 0.00 32.00 0.00 8.00 0.06 8.00 8.00 0.00 1.00 0.80
372 0.00 0.00 0.00 0.00 0.00 0.00 0.00 0.00 0.00 0.00 0.00 0.00 0.00
373 0.00 0.00 0.00 33.00 0.00 136.00 8.24 0.01 0.24 0.00 0.24 0.24 0.80
374 0.00 0.00 0.00 1.00 0.00 4.00 8.00 0.00 0.00 0.00 0.00 0.00 0.00
375 0.00 0.00 0.00 0.00 0.00 0.00 0.00 0.00 0.00 0.00 0.00 0.00 0.00
376 0.00 0.00 4.00 0.00 16.00 0.00 8.00 0.03 8.00 8.00 0.00 2.00 0.80
377 0.00 0.00 0.00 0.00 0.00 0.00 0.00 0.00 0.00 0.00 0.00 0.00 0.00
378 0.00 0.00 0.00 247.00 0.00 1668.00 13.51 20.56 83.24 0.00 83.24 0.76 18.80
379 0.00 0.00 0.00 0.00 0.00 0.00 0.00 0.00 0.00 0.00 0.00 0.00 0.00
380 0.00 0.00 0.00 0.00 0.00 0.00 0.00 0.00 0.00 0.00 0.00 0.00 0.00
381 0.00 0.00 32.00 0.00 128.00 0.00 8.00 1.41 44.00 44.00 0.00 8.75 28.00
382 0.00 0.00 8.00 0.00 32.00 0.00 8.00 0.08 10.50 10.50 0.00 2.00 1.60
383 0.00 0.00 0.00 31.00 0.00 128.00 8.26 0.24 7.87 0.00 7.87 0.65 2.00
384 0.00 0.00 0.00 13.00 0.00 296.00 45.54 0.00 0.31 0.00 0.31 0.31 0.40
385 0.00 0.00 4.00 0.00 16.00 0.00 8.00 0.03 8.00 8.00 0.00 2.00 0.80
386 0.00 0.00 0.00 0.00 0.00 0.00 0.00 0.00 0.00 0.00 0.00 0.00 0.00
387 0.00 0.00 8.00 0.00 32.00 0.00 8.00 0.11 14.00 14.00 0.00 2.00 1.60
388 0.00 0.00 8.00 0.00 32.00 0.00 8.00 5.22 12.00 12.00 0.00 6.50 5.20
389 0.00 0.00 0.00 220.00 0.00 1640.00 14.91 12.21 78.78 0.00 78.78 0.55 12.00
390 0.00 0.00 8.00 444.00 32.00 2372.00 10.64 50.87 95.26 39.00 96.27 0.99 44.80
391 0.00 0.00 2.00 143.00 8.00 2480.00 34.32 2.77 72.99 8.00 73.90 0.30 4.40
392 0.00 0.00 0.00 0.00 0.00 0.00 0.00 0.00 0.00 0.00 0.00 0.00 0.00
393 0.00 0.00 0.00 26.00 0.00 108.00 8.31 0.01 0.31 0.00 0.31 0.31 0.80
394 0.00 0.00 0.00 1.00 0.00 12.00 24.00 0.00 0.00 0.00 0.00 0.00 0.00
395 0.00 0.00 0.00 0.00 0.00 0.00 0.00 0.00 0.00 0.00 0.00 0.00 0.00
396 0.00 0.00 0.00 0.00 0.00 0.00 0.00 0.00 0.00 0.00 0.00 0.00 0.00
397 0.00 0.00 0.00 0.00 0.00 0.00 0.00 0.00 0.00 0.00 0.00 0.00 0.00
398 0.00 0.00 0.00 248.00 0.00 1668.00 13.45 20.59 83.02 0.00 83.02 0.74 18.40
399 0.00 0.00 0.00 9.00 0.00 108.00 24.00 0.07 8.00 0.00 8.00 0.89 0.80
400 0.00 0.00 3.00 0.00 12.00 0.00 8.00 0.07 24.00 24.00 0.00 8.00 2.40
401 0.00 0.00 0.00 0.00 0.00 0.00 0.00 0.00 0.00 0.00 0.00 0.00 0.00
402 0.00 0.00 0.00 0.00 0.00 0.00 0.00 0.00 0.00 0.00 0.00 0.00 0.00
403 0.00 0.00 0.00 27.00 0.00 112.00 8.30 0.07 2.67 0.00 2.67 0.30 0.80
404 0.00 4.00 0.00 38.00 0.00 304.00 16.00 1.19 31.37 0.00 31.37 0.84 3.20
405 0.00 0.00 0.00 0.00 0.00 0.00 0.00 0.00 0.00 0.00 0.00 0.00 0.00
406 0.00 0.00 0.00 0.00 0.00 0.00 0.00 0.00 0.00 0.00 0.00 0.00 0.00
407 0.00 0.00 0.00 0.00 0.00 0.00 0.00 0.00 0.00 0.00 0.00 0.00 0.00
408 0.00 0.00 0.00 16.00 0.00 64.00 8.00 85.20 76.75 0.00 76.75 47.75 76.40
409 0.00 0.00 12.00 209.00 48.00 1596.00 14.88 100.36 834.08 177.67 871.77 3.89 86.00
410 0.00 0.00 0.00 0.00 0.00 0.00 0.00 0.00 0.00 0.00 0.00 0.00 0.00
411 0.00 0.00 0.00 0.00 0.00 0.00 0.00 0.00 0.00 0.00 0.00 0.00 0.00
412 0.00 0.00 0.00 0.00 0.00 0.00 0.00 0.00 0.00 0.00 0.00 0.00 0.00
413 0.00 0.00 0.00 23.00 0.00 96.00 8.35 0.40 17.22 0.00 17.22 3.30 7.60
414 0.00 0.00 4.00 1.00 16.00 124.00 56.00 0.13 26.40 32.00 4.00 8.00 4.00
415 0.00 0.00 2.00 0.00 8.00 0.00 8.00 0.02 8.00 8.00 0.00 4.00 0.80
416 0.00 0.00 0.00 0.00 0.00 0.00 0.00 0.00 0.00 0.00 0.00 0.00 0.00
417 0.00 0.00 0.00 0.00 0.00 0.00 0.00 0.00 0.00 0.00 0.00 0.00 0.00
418 0.00 0.00 8.00 136.00 32.00 648.00 9.44 12.94 89.86 19.50 94.00 1.36 19.60
419 0.00 0.00 0.00 103.00 0.00 980.00 19.03 7.76 75.30 0.00 75.30 0.78 8.00
420 0.00 0.00 6.00 0.00 24.00 0.00 8.00 0.06 10.00 10.00 0.00 3.33 2.00
421 0.00 0.00 2.00 0.00 8.00 0.00 8.00 0.02 8.00 8.00 0.00 4.00 0.80
422 0.00 0.00 0.00 0.00 0.00 0.00 0.00 0.00 0.00 0.00 0.00 0.00 0.00
423 0.00 0.00 0.00 21.00 0.00 88.00 8.38 0.00 0.00 0.00 0.00 0.00 0.00
424 0.00 0.00 4.00 1.00 16.00 4.00 8.00 0.08 16.00 20.00 0.00 4.00 2.00
425 0.00 0.00 0.00 0.00 0.00 0.00 0.00 0.00 0.00 0.00 0.00 0.00 0.00
426 0.00 0.00 8.00 0.00 32.00 0.00 8.00 0.20 25.00 25.00 0.00 3.50 2.80
427 0.00 0.00 0.00 0.00 0.00 0.00 0.00 0.00 0.00 0.00 0.00 0.00 0.00
428 0.00 0.00 0.00 223.00 0.00 1652.00 14.82 17.76 79.62 0.00 79.62 0.79 17.60
429 0.00 0.00 7.00 10.00 28.00 100.00 15.06 0.20 11.53 16.57 8.00 1.65 2.80
430 0.00 0.00 0.00 0.00 0.00 0.00 0.00 0.00 0.00 0.00 0.00 0.00 0.00
431 0.00 0.00 0.00 0.00 0.00 0.00 0.00 0.00 0.00 0.00 0.00 0.00 0.00
432 0.00 0.00 0.00 0.00 0.00 0.00 0.00 0.00 0.00 0.00 0.00 0.00 0.00
433 0.00 0.00 0.00 28.00 0.00 116.00 8.29 0.92 32.71 0.00 32.71 3.86 10.80
434 0.00 0.00 8.00 1.00 32.00 4.00 8.00 0.40 44.89 49.50 8.00 7.11 6.40
435 0.00 0.00 0.00 0.00 0.00 0.00 0.00 0.00 0.00 0.00 0.00 0.00 0.00
436 0.00 0.00 0.00 0.00 0.00 0.00 0.00 0.00 0.00 0.00 0.00 0.00 0.00
437 0.00 0.00 0.00 0.00 0.00 0.00 0.00 0.00 0.00 0.00 0.00 0.00 0.00
438 0.00 0.00 4.00 239.00 16.00 1628.00 13.53 23.06 94.86 27.00 96.00 0.99 24.00
439 0.00 2.00 0.00 24.00 0.00 248.00 20.67 0.98 40.67 0.00 40.67 2.00 4.80
440 0.00 0.00 0.00 0.00 0.00 0.00 0.00 0.00 0.00 0.00 0.00 0.00 0.00
441 0.00 0.00 25.00 0.00 100.00 0.00 8.00 0.84 33.44 33.44 0.00 7.20 18.00
442 0.00 0.00 0.00 0.00 0.00 0.00 0.00 0.00 0.00 0.00 0.00 0.00 0.00
443 0.00 0.00 0.00 35.00 0.00 144.00 8.23 0.01 0.23 0.00 0.23 0.23 0.80
444 0.00 0.00 0.00 13.00 0.00 300.00 46.15 0.04 3.38 0.00 3.38 0.31 0.40
445 0.00 0.00 8.00 0.00 32.00 0.00 8.00 0.06 8.00 8.00 0.00 1.00 0.80
446 0.00 0.00 0.00 0.00 0.00 0.00 0.00 0.00 0.00 0.00 0.00 0.00 0.00
447 0.00 0.00 0.00 0.00 0.00 0.00 0.00 0.00 0.00 0.00 0.00 0.00 0.00
448 0.00 0.00 0.00 209.00 0.00 1596.00 15.27 17.36 83.06 0.00 83.06 0.75 15.60
449 0.00 0.00 0.00 15.00 0.00 60.00 8.00 0.06 3.73 0.00 3.73 0.27 0.40
450 0.00 0.00 4.00 567.00 16.00 4788.00 16.83 52.58 92.09 84.00 92.15 0.74 42.40
451 0.00 0.00 24.00 0.00 96.00 0.00 8.00 0.62 24.00 24.00 0.00 9.00 21.60
452 0.00 0.00 27.00 0.00 108.00 0.00 8.00 0.83 32.59 32.59 0.00 14.96 40.40
453 0.00 0.00 0.00 24.00 0.00 100.00 8.33 0.00 0.17 0.00 0.17 0.17 0.40
454 0.00 0.00 0.00 0.00 0.00 0.00 0.00 0.00 0.00 0.00 0.00 0.00 0.00
455 0.00 0.00 0.00 0.00 0.00 0.00 0.00 0.00 0.00 0.00 0.00 0.00 0.00
456 0.00 0.00 0.00 0.00 0.00 0.00 0.00 0.00 0.00 0.00 0.00 0.00 0.00
457 0.00 0.00 0.00 0.00 0.00 0.00 0.00 0.00 0.00 0.00 0.00 0.00 0.00
458 0.00 0.00 0.00 247.00 0.00 1660.00 13.44 21.64 87.60 0.00 87.60 0.76 18.80
459 0.00 0.00 0.00 9.00 0.00 100.00 22.22 0.06 6.22 0.00 6.22 0.89 0.80
460 0.00 0.00 25.00 0.00 164.00 0.00 13.12 0.83 33.28 33.28 0.00 10.40 26.00
461 0.00 0.00 0.00 0.00 0.00 0.00 0.00 0.00 0.00 0.00 0.00 0.00 0.00
462 0.00 0.00 5.00 0.00 20.00 0.00 8.00 0.06 12.00 12.00 0.00 11.20 5.60
463 0.00 0.00 2.00 33.00 8.00 136.00 8.23 0.02 0.57 8.00 0.12 0.57 2.00
464 0.00 0.00 0.00 2.00 0.00 12.00 12.00 0.00 0.00 0.00 0.00 0.00 0.00
465 0.00 0.00 4.00 0.00 16.00 0.00 8.00 0.04 11.00 11.00 0.00 3.00 1.20
466 0.00 0.00 0.00 0.00 0.00 0.00 0.00 0.00 0.00 0.00 0.00 0.00 0.00
467 0.00 0.00 0.00 0.00 0.00 0.00 0.00 0.00 0.00 0.00 0.00 0.00 0.00
468 0.00 0.00 0.00 105.00 0.00 452.00 8.61 14.16 85.52 0.00 85.52 1.14 12.00
469 0.00 0.00 0.00 115.00 0.00 1280.00 22.26 4.94 88.07 0.00 88.07 0.42 4.80
470 0.00 0.00 0.00 0.00 0.00 0.00 0.00 0.00 0.00 0.00 0.00 0.00 0.00
471 0.00 0.00 0.00 0.00 0.00 0.00 0.00 0.00 0.00 0.00 0.00 0.00 0.00
472 0.00 0.00 5.00 0.00 20.00 0.00 8.00 0.04 8.00 8.00 0.00 1.60 0.80
473 0.00 0.00 0.00 25.00 0.00 104.00 8.32 0.09 3.68 0.00 3.68 0.16 0.40
474 0.00 2.97 3.96 43.56 15.84 304.95 13.50 1.41 29.58 8.00 31.55 0.83 3.96
475 0.00 0.00 0.00 0.00 0.00 0.00 0.00 0.00 0.00 0.00 0.00 0.00 0.00
476 0.00 0.00 0.00 0.00 0.00 0.00 0.00 0.00 0.00 0.00 0.00 0.00 0.00
477 0.00 0.00 0.00 0.00 0.00 0.00 0.00 0.00 0.00 0.00 0.00 0.00 0.00
478 0.00 0.00 0.00 264.00 0.00 1740.00 13.18 19.84 75.17 0.00 75.17 0.67 17.60
479 0.00 0.00 0.00 1.00 0.00 4.00 8.00 0.01 8.00 0.00 8.00 8.00 0.80
480 0.00 0.00 8.00 0.00 32.00 0.00 8.00 0.39 49.00 49.00 0.00 6.50 5.20
481 0.00 0.00 0.00 0.00 0.00 0.00 0.00 0.00 0.00 0.00 0.00 0.00 0.00
482 0.00 0.00 28.00 3.00 112.00 12.00 8.00 0.31 10.06 11.14 0.00 1.16 3.60
483 0.00 0.00 9.00 30.00 36.00 124.00 8.21 0.13 3.38 2.67 3.60 0.72 2.80
484 0.00 0.00 0.00 0.00 0.00 0.00 0.00 0.00 0.00 0.00 0.00 0.00 0.00
485 0.00 0.00 0.00 0.00 0.00 0.00 0.00 0.00 0.00 0.00 0.00 0.00 0.00
486 0.00 3.00 23.00 82.00 92.00 528.00 11.81 2.98 28.38 8.00 34.10 0.84 8.80
487 0.00 0.00 12.00 6.00 48.00 24.00 8.00 0.28 15.56 22.33 2.00 3.33 6.00
488 0.00 0.00 0.00 242.00 0.00 1816.00 15.01 17.23 71.21 0.00 71.21 0.66 16.00
489 0.00 2.00 16.00 362.00 64.00 1504.00 8.30 6.99 18.50 64.00 16.49 0.50 18.80
490 0.00 0.00 13.00 3.00 52.00 16.00 8.50 0.18 11.25 13.54 1.33 7.50 12.00
491 0.00 0.00 0.00 0.00 0.00 0.00 0.00 0.00 0.00 0.00 0.00 0.00 0.00
492 0.00 0.00 0.00 0.00 0.00 0.00 0.00 0.00 0.00 0.00 0.00 0.00 0.00
493 0.00 0.00 30.00 39.00 120.00 160.00 8.12 0.28 4.00 4.80 3.38 0.70 4.80
494 0.00 0.00 0.00 0.00 0.00 0.00 0.00 0.00 0.00 0.00 0.00 0.00 0.00
495 0.00 0.00 0.00 0.00 0.00 0.00 0.00 0.00 0.00 0.00 0.00 0.00 0.00
496 0.00 0.00 57.00 7.00 228.00 32.00 8.12 0.44 6.94 7.51 2.29 1.06 6.80
497 0.00 0.00 12.00 0.00 48.00 0.00 8.00 0.11 9.33 9.33 0.00 1.67 2.00
498 0.00 0.00 58.00 244.00 232.00 1652.00 12.48 22.82 75.58 33.10 85.67 0.94 28.40
499 0.00 0.00 4.00 113.00 16.00 452.00 8.00 1.15 9.85 40.00 8.78 0.44 5.20
500 0.00 0.00 12.00 0.00 48.00 0.00 8.00 0.31 26.00 26.00 0.00 4.00 4.80
501 0.00 0.00 38.00 3.00 152.00 12.00 8.00 1.29 31.51 33.89 1.33 4.10 16.80
502 0.00 0.00 68.00 4.00 272.00 20.00 8.11 1.38 19.17 20.24 1.00 2.00 14.40
503 0.00 0.00 0.00 25.00 0.00 104.00 8.32 0.10 3.84 0.00 3.84 0.32 0.80
504 0.00 0.00 0.00 19.00 0.00 324.00 34.11 0.04 1.89 0.00 1.89 0.42 0.80
505 0.00 0.00 22.00 2.00 88.00 8.00 8.00 0.60 24.83 26.73 4.00 3.50 8.40
506 0.00 0.00 10.00 2.00 40.00 8.00 8.00 0.12 9.67 11.20 2.00 2.00 2.40
507 0.00 0.00 26.00 2.00 104.00 8.00 8.00 0.18 6.29 6.77 0.00 2.86 8.00
508 0.00 0.00 34.00 228.00 136.00 1672.00 13.80 19.44 74.21 9.53 83.86 0.79 20.80
509 0.00 0.00 31.00 4.00 124.00 20.00 8.23 2.72 77.83 87.48 3.00 10.97 38.40
510 0.00 0.00 0.00 384.00 0.00 1864.00 9.71 42.10 102.43 0.00 102.43 0.86 33.20
511 0.00 0.00 20.00 204.00 80.00 2952.00 27.07 12.80 69.52 101.00 66.43 1.73 38.80
512 0.00 0.00 79.00 9.00 316.00 36.00 8.00 0.91 10.32 11.39 0.89 1.77 15.60
513 0.00 0.00 115.00 32.00 460.00 136.00 8.11 1.71 11.65 14.71 0.62 1.50 22.00
514 0.00 0.00 0.00 0.00 0.00 0.00 0.00 0.00 0.00 0.00 0.00 0.00 0.00
515 0.00 0.00 12.00 0.00 48.00 0.00 8.00 0.77 64.33 64.33 0.00 10.00 12.00
516 0.00 0.00 78.00 8.00 312.00 32.00 8.00 0.70 8.09 8.67 2.50 1.81 15.60
517 0.00 0.00 19.00 2.00 76.00 8.00 8.00 0.11 5.14 5.47 2.00 0.95 2.00
518 0.00 0.00 12.00 140.00 48.00 668.00 9.42 19.29 87.82 12.00 94.31 1.32 20.00
519 0.00 0.00 86.00 138.00 344.00 1188.00 13.68 3.56 42.41 17.35 58.03 1.25 28.00
520 0.00 0.00 74.00 8.00 296.00 36.00 8.10 3.10 37.80 41.68 2.00 6.24 51.20
521 0.00 0.00 16.00 2.00 64.00 8.00 8.00 0.14 7.56 8.00 4.00 1.33 2.40
522 0.00 0.00 0.00 2.00 0.00 8.00 8.00 0.00 0.00 0.00 0.00 0.00 0.00
523 0.00 0.00 0.00 32.00 0.00 132.00 8.25 0.01 0.25 0.00 0.25 0.25 0.80
524 0.00 3.00 0.00 38.00 0.00 312.00 16.42 0.86 22.74 0.00 22.74 0.63 2.40
525 0.00 0.00 0.00 0.00 0.00 0.00 0.00 0.00 0.00 0.00 0.00 0.00 0.00
526 0.00 0.00 20.00 6.00 80.00 24.00 8.00 0.13 5.08 5.60 3.33 1.69 4.40
527 0.00 0.00 24.00 10.00 96.00 44.00 8.24 0.11 3.18 4.00 1.20 0.71 2.40
528 0.00 0.00 0.00 241.00 0.00 1720.00 14.27 19.36 80.33 0.00 80.33 0.78 18.80
529 0.00 0.00 0.00 6.00 0.00 24.00 8.00 0.01 2.00 0.00 2.00 2.00 1.20
530 0.00 0.00 8.00 0.00 32.00 0.00 8.00 1.05 131.50 131.50 0.00 16.50 13.20
531 0.00 0.00 16.00 8.00 64.00 36.00 8.33 0.04 1.50 1.25 2.00 0.83 2.00
532 0.00 0.00 16.00 4.00 64.00 16.00 8.00 0.02 0.80 0.75 1.00 0.40 0.80
533 0.00 0.00 0.00 28.00 0.00 116.00 8.29 0.11 3.86 0.00 3.86 0.29 0.80
534 0.00 0.00 0.00 0.00 0.00 0.00 0.00 0.00 0.00 0.00 0.00 0.00 0.00
535 0.00 0.00 8.00 4.00 32.00 16.00 8.00 0.01 1.00 0.00 3.00 1.00 1.20
536 0.00 0.00 0.00 0.00 0.00 0.00 0.00 0.00 0.00 0.00 0.00 0.00 0.00
537 0.00 0.00 0.00 2.00 0.00 8.00 8.00 0.00 0.00 0.00 0.00 0.00 0.00
538 0.00 0.00 9.00 257.00 36.00 1712.00 13.14 20.68 77.76 8.44 80.19 0.74 19.60
539 0.00 0.00 8.00 6.00 32.00 24.00 8.00 0.01 0.57 0.00 1.33 0.57 0.80
540 0.00 0.00 4.00 4.00 16.00 20.00 9.00 0.00 0.00 0.00 0.00 0.00 0.00
541 0.00 0.00 34.00 4.00 136.00 16.00 8.00 1.00 26.42 29.29 2.00 1.37 5.20
542 0.00 0.00 0.00 4.00 0.00 16.00 8.00 0.01 2.00 0.00 2.00 2.00 0.80
543 0.00 0.00 0.00 34.00 0.00 144.00 8.47 0.02 0.71 0.00 0.71 0.71 2.40
544 0.00 0.00 0.00 1.00 0.00 4.00 8.00 0.00 0.00 0.00 0.00 0.00 0.00
545 0.00 0.00 0.00 4.00 0.00 16.00 8.00 0.01 3.00 0.00 3.00 3.00 1.20
546 0.00 0.00 0.00 1.00 0.00 4.00 8.00 0.00 4.00 0.00 4.00 4.00 0.40
547 0.00 0.00 0.00 1.00 0.00 4.00 8.00 0.00 0.00 0.00 0.00 0.00 0.00
548 0.00 0.00 0.00 244.00 0.00 1728.00 14.16 19.49 79.87 0.00 79.87 0.92 22.40
549 0.00 0.00 0.00 11.00 0.00 88.00 16.00 0.07 6.55 0.00 6.55 0.73 0.80
550 0.00 0.00 0.00 1.00 0.00 4.00 8.00 0.00 0.00 0.00 0.00 0.00 0.00
551 0.00 0.00 0.00 4.00 0.00 16.00 8.00 0.01 2.00 0.00 2.00 2.00 0.80
552 0.00 0.00 0.00 0.00 0.00 0.00 0.00 0.00 0.00 0.00 0.00 0.00 0.00
553 0.00 0.00 0.00 27.00 0.00 112.00 8.30 0.00 0.15 0.00 0.15 0.15 0.40
554 0.00 0.00 33.00 12.00 132.00 64.00 8.71 4.36 96.89 131.64 1.33 4.00 18.00
555 0.00 0.00 8.00 61.00 44.00 260.00 8.81 0.22 2.09 7.50 1.38 1.97 13.60
556 0.00 0.00 187.00 0.00 764.00 0.00 8.17 6.62 35.81 35.81 0.00 4.53 84.80
557 0.00 0.00 0.00 0.00 0.00 0.00 0.00 0.00 0.00 0.00 0.00 0.00 0.00
558 0.00 0.00 0.00 297.00 0.00 1864.00 12.55 26.56 89.44 0.00 89.44 0.75 22.40
559 0.00 9.00 0.00 54.00 0.00 404.00 14.96 2.16 40.00 0.00 40.00 0.74 4.00
560 0.00 0.00 0.00 0.00 0.00 0.00 0.00 0.00 0.00 0.00 0.00 0.00 0.00
561 0.00 0.00 12.00 1.00 48.00 268.00 48.62 0.19 13.85 15.00 0.00 3.69 4.80
562 0.00 0.00 11.00 0.00 44.00 0.00 8.00 0.14 13.82 13.82 0.00 4.36 4.80
563 0.00 0.00 0.00 41.00 0.00 168.00 8.20 0.01 0.20 0.00 0.20 0.20 0.80
564 0.00 0.00 0.00 12.00 0.00 292.00 48.67 0.00 0.33 0.00 0.33 0.33 0.40
565 0.00 0.00 7.00 0.00 28.00 0.00 8.00 0.06 8.00 8.00 0.00 1.14 0.80
566 0.00 0.00 0.00 0.00 0.00 0.00 0.00 0.00 0.00 0.00 0.00 0.00 0.00
567 0.00 0.00 2.00 0.00 8.00 0.00 8.00 0.01 4.00 4.00 0.00 2.00 0.40
568 0.00 0.00 0.00 32.00 0.00 136.00 8.50 12.48 98.88 0.00 98.88 3.12 10.00
569 0.00 0.00 0.00 192.00 0.00 1504.00 15.67 6.30 81.35 0.00 81.35 0.35 6.80
570 0.00 0.00 0.00 570.00 0.00 4816.00 16.90 53.35 93.60 0.00 93.60 0.75 42.80
571 0.00 0.00 4.00 0.00 16.00 0.00 8.00 0.05 12.00 12.00 0.00 3.00 1.20
572 0.00 0.00 0.00 0.00 0.00 0.00 0.00 0.00 0.00 0.00 0.00 0.00 0.00
573 0.00 0.00 0.00 23.00 0.00 96.00 8.35 0.08 3.65 0.00 3.65 0.17 0.40
574 0.00 0.00 0.00 0.00 0.00 0.00 0.00 0.00 0.00 0.00 0.00 0.00 0.00
575 0.00 0.00 0.00 0.00 0.00 0.00 0.00 0.00 0.00 0.00 0.00 0.00 0.00
576 0.00 0.00 0.00 0.00 0.00 0.00 0.00 0.00 0.00 0.00 0.00 0.00 0.00
577 0.00 0.00 0.00 0.00 0.00 0.00 0.00 0.00 0.00 0.00 0.00 0.00 0.00
578 0.00 0.00 8.00 235.00 32.00 1612.00 13.53 21.88 90.06 68.00 90.81 0.76 18.40
579 0.00 0.00 0.00 7.00 0.00 84.00 24.00 0.06 8.00 0.00 8.00 1.14 0.80
580 0.00 0.00 0.00 0.00 0.00 0.00 0.00 0.00 0.00 0.00 0.00 0.00 0.00
581 0.00 0.00 0.00 0.00 0.00 0.00 0.00 0.00 0.00 0.00 0.00 0.00 0.00
