0 1.51 0.00 0.75 0.75 0.00 0.00 0.00 0.00 0.00 96.98
1 0.50 0.00 0.50 0.50 0.00 0.00 0.00 0.00 0.00 98.49
2 6.63 0.00 3.06 17.60 0.00 0.00 0.26 0.00 0.00 72.45
3 19.21 0.00 3.68 12.37 0.00 0.00 0.00 0.00 0.00 64.74
4 33.33 0.00 2.65 7.67 0.00 0.00 0.53 0.00 0.00 55.82
5 16.93 0.00 2.34 7.55 0.00 0.00 0.52 0.00 0.00 72.66
6 37.50 0.00 3.53 0.00 0.00 0.00 0.54 0.00 0.00 58.42
7 35.84 0.00 2.86 2.60 0.00 0.00 0.26 0.00 0.00 58.44
8 15.21 0.00 4.64 10.05 0.00 0.26 0.26 0.00 0.00 69.59
9 29.12 0.00 3.61 3.35 0.00 0.00 0.00 0.00 0.00 63.92
10 32.41 0.00 2.03 6.33 0.00 0.00 0.00 0.00 0.00 59.24
11 28.83 0.00 5.19 4.42 0.00 0.00 0.00 0.00 0.00 61.56
12 19.07 0.00 10.82 9.79 0.00 0.00 0.26 0.00 0.00 60.05
13 43.01 0.00 4.92 1.30 0.00 0.00 0.26 0.00 0.00 50.52
14 33.50 0.00 2.81 1.28 0.00 0.00 0.00 0.00 0.00 62.40
15 32.20 0.00 14.14 0.26 0.00 0.26 0.26 0.00 0.00 52.88
16 30.13 0.00 5.87 4.27 0.00 0.53 0.53 0.00 0.00 58.67
17 3.90 0.00 2.60 19.74 0.00 0.26 0.00 0.00 0.00 73.51
18 3.56 0.00 2.29 10.43 0.00 0.00 0.00 0.00 0.00 83.72
19 3.50 0.00 0.50 23.50 0.00 0.00 0.25 0.00 0.00 72.25
20 2.78 0.00 1.52 11.87 0.00 0.00 0.00 0.00 0.00 83.84
21 1.76 0.00 0.75 2.01 0.00 0.00 0.25 0.00 0.00 95.23
22 0.77 0.00 1.02 1.28 0.00 0.26 0.26 0.00 0.00 96.42
23 18.49 0.00 1.56 8.07 0.00 0.00 0.52 0.00 0.00 71.35
24 9.23 0.00 0.77 6.15 0.00 0.26 0.77 0.00 0.00 82.82
25 13.12 0.00 0.26 2.36 0.00 0.00 1.31 0.00 0.00 82.94
26 14.43 0.00 0.76 1.77 0.00 0.25 0.76 0.00 0.00 82.03
27 8.59 0.00 1.04 3.12 0.00 0.00 0.00 0.00 0.00 87.24
28 4.87 0.00 1.28 1.28 0.00 0.00 0.00 0.00 0.00 92.56
29 15.06 0.00 6.23 4.68 0.00 0.26 0.26 0.00 0.00 73.51
30 26.74 0.00 1.07 0.27 0.00 0.00 1.34 0.00 0.00 70.59
31 15.45 0.00 1.05 0.00 0.00 0.26 0.79 0.00 0.00 82.46
32 7.49 0.00 1.03 0.26 0.00 0.26 0.78 0.00 0.00 90.18
33 5.19 0.00 0.52 0.00 0.00 0.00 1.04 0.00 0.00 93.25
34 7.57 0.00 0.52 0.00 0.00 0.00 2.09 0.00 0.00 89.82
35 6.88 0.00 1.06 1.06 0.00 0.00 1.06 0.00 0.00 89.95
36 6.53 0.00 1.04 0.00 0.00 0.26 0.78 0.00 0.00 91.38
37 3.69 0.00 1.06 6.07 0.00 0.26 0.53 0.00 0.00 88.39
38 4.85 0.00 1.02 2.55 0.00 0.00 0.26 0.00 0.00 91.33
39 3.36 0.00 0.26 1.55 0.00 0.00 0.26 0.00 0.00 94.57
40 1.27 0.00 0.76 1.27 0.00 0.25 0.51 0.00 0.00 95.93
41 3.07 0.00 0.51 0.00 0.00 0.00 0.77 0.00 0.00 95.65
42 4.33 0.00 0.51 0.00 0.00 0.00 0.00 0.00 0.00 95.17
43 5.64 0.00 0.77 0.00 0.00 0.00 0.77 0.00 0.00 92.82
44 2.49 0.00 0.75 0.25 0.00 0.25 0.00 0.00 0.00 96.26
45 2.54 0.00 0.51 0.00 0.00 0.00 0.76 0.00 0.00 96.19
46 3.85 0.00 0.77 0.00 0.00 0.00 0.51 0.00 0.00 94.87
47 1.76 0.00 0.25 4.28 0.00 0.00 0.25 0.00 0.00 93.45
48 6.94 0.00 1.80 6.94 0.00 0.00 0.26 0.00 0.00 84.06
49 0.51 0.00 0.51 0.00 0.00 0.00 0.25 0.00 0.00 98.73
50 0.51 0.00 0.51 0.00 0.00 0.00 0.25 0.00 0.00 98.74
51 7.32 0.00 1.26 0.00 0.00 0.51 0.00 0.00 0.00 90.91
52 0.76 0.00 0.25 3.03 0.00 0.00 0.25 0.00 0.00 95.71
53 3.09 0.00 0.52 1.55 0.00 0.00 0.52 0.00 0.00 94.33
54 1.01 0.00 0.50 0.00 0.00 0.00 0.00 0.00 0.00 98.49
55 1.27 0.00 0.76 1.77 0.00 0.00 0.00 0.00 0.00 96.20
56 0.76 0.00 0.50 0.76 0.00 0.00 0.00 0.00 0.00 97.98
57 3.85 0.00 2.05 4.87 0.00 0.00 0.26 0.00 0.00 88.97
58 6.20 0.00 2.58 0.00 0.00 0.26 0.26 0.00 0.00 90.70
59 1.01 0.00 0.50 0.00 0.00 0.00 0.00 0.00 0.00 98.49
60 0.76 0.00 0.25 2.27 0.00 0.00 0.00 0.00 0.00 96.72
61 2.01 0.00 0.75 0.00 0.00 0.00 0.00 0.00 0.00 97.24
62 1.77 0.00 0.51 0.25 0.00 0.00 0.25 0.00 0.00 97.22
63 0.51 0.00 0.00 0.00 0.00 0.00 0.00 0.00 0.00 99.49
64 0.25 0.00 0.51 0.25 0.00 0.00 0.00 0.00 0.00 98.99
65 1.54 0.00 0.26 1.79 0.00 0.00 0.77 0.00 0.00 95.64
66 0.76 0.00 0.50 0.50 0.00 0.00 0.25 0.00 0.00 97.98
67 4.55 0.00 1.26 3.28 0.00 0.00 0.25 0.00 0.00 90.66
68 1.52 0.00 0.76 2.53 0.00 0.00 0.00 0.00 0.00 95.20
69 1.26 0.00 0.50 0.00 0.00 0.00 0.00 0.00 0.00 98.24
70 2.02 0.00 0.51 0.00 0.00 0.00 0.00 0.00 0.00 97.47
71 0.75 0.00 0.25 0.00 0.00 0.00 0.25 0.00 0.00 98.75
72 1.26 0.00 0.50 0.00 0.00 0.25 0.00 0.00 0.00 97.99
73 0.76 0.00 0.25 0.00 0.00 0.00 0.00 0.00 0.00 98.99
74 0.76 0.00 0.25 0.00 0.00 0.00 0.00 0.00 0.00 98.99
75 12.15 0.00 2.78 0.00 0.00 0.00 0.25 0.00 0.00 84.81
76 2.02 0.00 0.76 0.00 0.00 0.00 0.00 0.00 0.00 97.22
77 3.92 0.00 0.78 0.78 0.00 0.00 0.00 0.00 0.00 94.52
78 10.10 0.00 1.30 10.62 0.26 0.26 1.30 0.00 0.00 76.17
79 2.29 0.00 0.51 24.68 0.00 0.25 0.25 0.00 0.00 72.01
80 3.32 0.00 1.02 6.38 0.00 0.00 0.26 0.00 0.00 89.03
81 2.55 0.00 0.51 0.00 0.00 0.00 0.26 0.00 0.00 96.68
82 8.42 0.00 0.77 0.00 0.00 0.00 0.26 0.00 0.00 90.56
83 8.93 0.00 0.51 2.55 0.00 0.00 0.00 0.00 0.00 88.01
84 1.50 0.00 0.75 0.50 0.00 0.00 0.25 0.00 0.00 97.00
85 0.51 0.00 0.25 0.00 0.00 0.00 0.25 0.00 0.00 98.98
86 1.52 0.00 0.51 0.00 0.00 0.25 0.00 0.00 0.00 97.72
87 0.51 0.00 0.51 4.33 0.00 0.00 0.25 0.00 0.00 94.40
88 7.11 0.00 0.76 1.02 0.00 0.25 0.00 0.00 0.00 90.86
89 2.54 0.00 0.51 12.69 0.00 0.00 0.00 0.00 0.00 84.26
90 2.03 0.00 1.27 18.73 0.00 0.00 0.51 0.00 0.00 77.47
91 1.00 0.00 0.50 0.00 0.00 0.00 0.00 0.00 0.00 98.50
92 2.28 0.00 0.25 1.27 0.00 0.00 0.25 0.00 0.00 95.94
93 0.76 0.00 0.25 0.00 0.00 0.00 0.00 0.00 0.00 98.98
94 1.53 0.00 0.76 1.78 0.00 0.25 0.25 0.00 0.00 95.42
95 1.52 0.00 0.76 1.01 0.00 0.00 0.00 0.00 0.00 96.72
96 0.51 0.00 0.25 1.27 0.00 0.00 0.00 0.00 0.00 97.97
97 2.55 0.00 0.51 5.36 0.00 0.00 0.00 0.00 0.00 91.58
98 1.26 0.00 0.51 0.00 0.00 0.00 0.51 0.00 0.00 97.73
99 1.01 0.00 0.51 0.00 0.00 0.00 0.00 0.00 0.00 98.48
100 0.51 0.00 0.25 1.52 0.00 0.00 0.00 0.00 0.00 97.72
101 0.75 0.00 0.75 3.02 0.00 0.00 0.00 0.00 0.00 95.48
102 1.27 0.00 0.00 0.25 0.00 0.00 0.25 0.00 0.00 98.22
103 1.50 0.00 0.75 0.25 0.00 0.00 0.00 0.00 0.00 97.49
104 1.01 0.00 0.50 0.00 0.00 0.25 0.25 0.00 0.00 97.99
105 0.76 0.00 0.76 1.27 0.00 0.00 0.00 0.00 0.00 97.21
106 4.86 0.00 1.79 16.37 0.00 0.00 0.00 0.00 0.00 76.98
107 6.09 0.00 1.27 3.81 0.00 0.00 0.00 0.00 0.00 88.83
108 0.76 0.00 1.01 0.25 0.00 0.00 0.25 0.00 0.00 97.72
109 1.00 0.00 0.50 0.00 0.00 0.00 0.00 0.00 0.00 98.50
110 0.50 0.00 0.50 0.00 0.00 0.00 0.00 0.00 0.00 98.99
111 1.02 0.00 0.51 0.00 0.00 0.00 0.25 0.00 0.00 98.22
112 1.02 0.00 0.51 0.00 0.00 0.00 0.26 0.00 0.00 98.21
113 0.50 0.00 0.50 0.00 0.00 0.00 0.00 0.00 0.00 98.99
114 1.27 0.00 0.51 0.00 0.00 0.00 0.00 0.00 0.00 98.23
115 0.51 0.00 0.00 0.00 0.00 0.00 0.00 0.00 0.00 99.49
116 0.51 0.00 0.25 0.00 0.00 0.00 0.25 0.00 0.00 98.99
117 4.03 0.00 1.26 5.04 0.00 0.00 0.25 0.00 0.00 89.42
118 0.77 0.00 0.26 4.34 0.00 0.00 0.00 0.00 0.00 94.64
119 1.00 0.00 0.50 3.01 0.00 0.00 0.25 0.00 0.00 95.24
120 1.01 0.00 0.50 0.50 0.00 0.00 0.00 0.00 0.00 97.98
121 1.01 0.00 0.25 0.00 0.00 0.00 0.00 0.00 0.00 98.74
122 0.51 0.00 0.51 0.00 0.00 0.00 0.25 0.00 0.00 98.74
123 1.01 0.00 0.25 2.02 0.00 0.00 0.00 0.00 0.00 96.72
124 0.76 0.00 0.25 0.00 0.00 0.00 0.51 0.00 0.00 98.48
125 2.56 0.00 0.51 1.03 0.00 0.00 0.26 0.00 0.00 95.64
126 1.02 0.00 0.51 1.53 0.00 0.00 0.00 0.00 0.00 96.95
127 2.27 0.00 0.50 4.28 0.00 0.00 0.25 0.00 0.00 92.70
128 1.00 0.00 0.75 0.75 0.00 0.00 0.00 0.00 0.00 97.49
129 3.30 0.00 0.76 5.33 0.00 0.25 0.00 0.00 0.00 90.36
130 2.53 0.00 0.25 0.51 0.00 0.00 0.25 0.00 0.00 96.46
131 1.25 0.00 0.75 0.00 0.00 0.00 0.00 0.00 0.00 98.00
132 0.76 0.00 0.25 2.28 0.00 0.00 0.00 0.00 0.00 96.71
133 1.02 0.00 0.25 0.00 0.00 0.00 0.00 0.00 0.00 98.73
134 0.51 0.00 0.25 0.00 0.00 0.00 0.00 0.00 0.00 99.24
135 0.75 0.00 0.25 0.25 0.00 0.00 0.00 0.00 0.00 98.74
136 0.51 0.00 0.00 0.00 0.00 0.00 0.00 0.00 0.00 99.49
137 1.52 0.00 0.25 4.80 0.00 0.00 0.00 0.00 0.00 93.43
138 2.26 0.00 0.25 0.00 0.00 0.00 0.25 0.00 0.00 97.24
139 2.78 0.00 0.51 0.76 0.00 0.00 0.00 0.00 0.00 95.95
140 0.51 0.00 0.25 0.00 0.00 0.00 0.00 0.00 0.00 99.24
141 0.75 0.00 0.50 0.00 0.00 0.00 0.00 0.00 0.00 98.74
142 2.03 0.00 0.76 0.25 0.00 0.00 0.00 0.00 0.00 96.96
143 11.73 0.00 1.79 2.04 0.00 0.00 0.26 0.00 0.00 84.18
144 1.01 0.00 0.25 1.01 0.00 0.00 0.00 0.00 0.00 97.73
145 0.75 0.00 0.50 0.00 0.00 0.00 0.00 0.00 0.00 98.75
146 0.76 0.00 0.00 0.00 0.00 0.00 0.00 0.00 0.00 99.24
147 0.76 0.00 0.51 19.95 0.00 0.00 0.00 0.00 0.00 78.79
148 3.02 0.00 1.51 7.54 0.00 0.00 0.00 0.00 0.00 87.94
149 5.57 0.00 1.01 18.48 0.00 0.00 0.00 0.00 0.00 74.94
150 0.76 0.00 0.25 0.25 0.00 0.00 0.25 0.00 0.00 98.48
151 1.01 0.00 0.25 0.00 0.00 0.00 0.00 0.00 0.00 98.74
152 1.01 0.00 0.76 0.50 0.00 0.00 0.00 0.00 0.00 97.73
153 0.76 0.00 0.76 0.00 0.00 0.00 0.00 0.00 0.00 98.48
154 0.25 0.00 0.51 0.00 0.00 0.00 0.25 0.00 0.00 98.99
155 1.25 0.00 0.75 1.25 0.00 0.00 0.25 0.00 0.00 96.49
156 0.51 0.00 0.25 0.25 0.00 0.00 0.00 0.00 0.00 98.99
157 0.76 0.00 0.51 4.57 0.00 0.25 0.00 0.00 0.00 93.91
158 2.02 0.00 1.01 1.26 0.00 0.00 0.00 0.00 0.00 95.72
159 1.02 0.00 0.76 0.00 0.00 0.00 0.51 0.00 0.00 97.72
160 1.76 0.00 0.76 0.25 0.00 0.00 0.00 0.00 0.00 97.23
161 0.51 0.00 0.25 0.00 0.00 0.00 0.25 0.00 0.00 98.99
162 0.76 0.00 0.76 4.04 0.00 0.00 0.25 0.00 0.00 94.19
163 1.77 0.00 0.51 0.00 0.00 0.00 0.00 0.00 0.00 97.73
164 0.51 0.00 0.25 0.00 0.00 0.00 0.00 0.00 0.00 99.24
165 0.51 0.00 0.25 0.25 0.00 0.00 0.00 0.00 0.00 98.99
166 1.01 0.00 0.25 0.00 0.00 0.00 0.25 0.00 0.00 98.49
167 1.01 0.00 0.51 5.32 0.00 0.25 0.00 0.00 0.00 92.91
168 3.28 0.00 0.76 0.00 0.00 0.25 0.00 0.00 0.00 95.71
169 1.01 0.00 0.50 0.00 0.00 0.00 0.25 0.00 0.00 98.24
170 0.76 0.00 0.50 0.50 0.00 0.00 0.00 0.00 0.00 98.24
171 1.26 0.00 0.50 0.50 0.00 0.00 0.00 0.00 0.00 97.74
172 7.14 0.00 1.02 0.26 0.00 0.00 0.26 0.00 0.00 91.33
173 0.76 0.00 0.25 0.50 0.00 0.00 0.00 0.00 0.00 98.49
174 1.02 0.00 0.51 0.25 0.00 0.00 0.00 0.00 0.00 98.22
175 0.51 0.00 0.25 0.00 0.00 0.00 0.00 0.00 0.00 99.24
176 1.26 0.00 0.25 3.78 0.00 0.00 0.00 0.00 0.00 94.71
177 1.77 0.00 0.51 16.67 0.00 0.25 0.25 0.00 0.00 80.56
178 0.50 0.00 0.50 24.94 0.00 0.00 0.00 0.00 0.00 74.06
179 1.78 0.00 0.51 10.94 0.00 0.00 0.00 0.00 0.00 86.77
180 0.25 0.00 0.25 0.51 0.00 0.00 0.00 0.00 0.00 98.99
181 1.50 0.00 0.50 0.00 0.00 0.25 0.00 0.00 0.00 97.76
182 1.01 0.00 0.50 0.25 0.00 0.00 0.00 0.00 0.00 98.24
183 0.50 0.00 0.50 0.00 0.00 0.00 0.25 0.00 0.00 98.74
184 0.51 0.00 0.51 0.00 0.00 0.00 0.00 0.00 0.00 98.98
185 0.77 0.00 0.00 1.02 0.00 0.00 0.77 0.00 0.00 97.45
186 0.25 0.00 0.00 0.00 0.00 0.00 1.02 0.00 0.00 98.73
187 0.76 0.00 0.51 5.57 0.00 0.00 0.51 0.00 0.00 92.66
188 1.51 0.00 0.50 0.00 0.00 0.00 0.00 0.00 0.00 97.98
189 1.01 0.00 0.51 0.25 0.00 0.00 0.00 0.00 0.00 98.23
190 0.76 0.00 0.00 0.00 0.00 0.00 0.25 0.00 0.00 98.99
191 0.51 0.00 0.25 0.00 0.00 0.00 0.00 0.00 0.00 99.24
192 4.35 0.00 0.77 0.26 0.00 0.00 0.26 0.00 0.00 94.37
193 0.76 0.00 0.50 0.00 0.00 0.00 0.00 0.00 0.00 98.74
194 0.76 0.00 0.00 0.50 0.00 0.00 0.00 0.00 0.00 98.74
195 1.01 0.00 0.51 0.00 0.00 0.00 0.25 0.00 0.00 98.23
196 1.02 0.00 0.00 0.00 0.00 0.00 0.25 0.00 0.00 98.73
197 2.02 0.00 1.01 4.55 0.00 0.00 0.25 0.00 0.00 92.17
198 0.51 0.00 0.00 0.00 0.00 0.00 0.00 0.00 0.00 99.49
199 1.02 0.00 1.02 6.09 0.00 0.25 0.00 0.00 0.00 91.62
200 0.51 0.00 0.25 0.76 0.00 0.00 0.25 0.00 0.00 98.22
201 0.25 0.00 0.00 7.11 0.00 0.00 0.25 0.00 0.00 92.39
202 1.76 0.00 0.50 0.00 0.00 0.00 0.00 0.00 0.00 97.73
203 10.20 0.00 1.28 0.51 0.00 0.00 0.00 0.00 0.00 88.01
204 0.51 0.00 0.25 1.52 0.00 0.00 0.00 0.00 0.00 97.72
205 1.01 0.00 0.25 0.00 0.00 0.00 0.00 0.00 0.00 98.74
206 0.25 0.00 0.51 0.00 0.00 0.00 0.00 0.00 0.00 99.24
207 1.52 0.00 0.51 3.04 0.00 0.00 0.00 0.00 0.00 94.94
208 1.78 0.00 0.76 23.86 0.00 0.00 0.25 0.00 0.00 73.35
209 1.79 0.00 0.77 20.66 0.00 0.00 0.26 0.00 0.00 76.53
210 0.75 0.00 0.50 0.75 0.00 0.00 0.00 0.00 0.00 97.99
211 2.30 0.00 0.77 0.00 0.00 0.00 0.00 0.00 0.00 96.93
212 1.02 0.00 0.76 0.25 0.00 0.00 0.00 0.00 0.00 97.97
213 0.76 0.00 0.51 1.26 0.00 0.00 0.00 0.00 0.00 97.47
214 1.27 0.00 0.51 0.51 0.00 0.25 0.25 0.00 0.00 97.22
215 1.26 0.00 0.75 1.01 0.00 0.00 0.25 0.00 0.00 96.73
216 0.76 0.00 0.50 1.26 0.00 0.00 0.00 0.00 0.00 97.48
217 1.25 0.00 0.75 2.01 0.00 0.00 0.00 0.00 0.00 95.99
218 0.76 0.00 1.01 2.52 0.00 0.00 0.00 0.00 0.00 95.72
219 1.01 0.00 0.51 0.76 0.00 0.00 0.25 0.00 0.00 97.47
220 0.51 0.00 0.25 0.00 0.00 0.00 0.00 0.00 0.00 99.24
221 2.02 0.00 0.76 0.00 0.00 0.00 0.25 0.00 0.00 96.97
222 2.01 0.00 0.50 0.25 0.00 0.00 0.00 0.00 0.00 97.24
223 1.02 0.00 0.25 0.25 0.00 0.00 0.00 0.00 0.00 98.48
224 1.01 0.00 0.76 0.00 0.00 0.00 0.00 0.00 0.00 98.24
225 13.04 0.00 1.02 2.30 0.00 0.00 0.26 0.00 0.00 83.38
226 0.75 0.00 0.50 0.00 0.00 0.00 0.00 0.00 0.00 98.74
227 3.36 0.00 1.29 5.17 0.00 0.00 0.00 0.00 0.00 90.18
228 1.25 0.00 0.75 0.50 0.00 0.00 0.25 0.00 0.00 97.24
229 5.09 0.00 0.51 0.76 0.00 0.00 0.00 0.00 0.00 93.64
230 0.50 0.00 0.50 0.00 0.00 0.00 0.00 0.00 0.00 98.99
231 0.51 0.00 0.25 0.00 0.00 0.00 0.00 0.00 0.00 99.24
232 1.00 0.00 0.50 0.25 0.00 0.00 0.00 0.00 0.00 98.25
233 4.02 0.00 0.50 0.00 0.00 0.50 0.25 0.00 0.00 94.72
234 0.76 0.00 0.25 0.76 0.00 0.00 0.00 0.00 0.00 98.23
235 0.76 0.00 0.51 0.00 0.00 0.00 0.00 0.00 0.00 98.74
236 1.01 0.00 0.25 1.01 0.00 0.00 0.00 0.00 0.00 97.73
237 1.52 0.00 0.76 5.06 0.00 0.00 0.25 0.00 0.00 92.41
238 1.01 0.00 1.01 1.51 0.00 0.00 0.00 0.00 0.00 96.48
239 5.82 0.00 0.25 0.00 0.00 0.00 0.25 0.00 0.00 93.67
240 2.54 0.00 0.51 2.28 0.00 0.00 0.00 0.00 0.00 94.67
241 0.25 0.00 0.25 0.00 0.00 0.00 0.25 0.00 0.00 99.24
242 1.26 0.00 0.50 1.76 0.00 0.00 0.50 0.00 0.00 95.98
243 1.01 0.00 0.25 1.01 0.00 0.00 0.00 0.00 0.00 97.73
244 0.25 0.00 0.76 0.00 0.00 0.00 0.00 0.00 0.00 98.98
245 2.29 0.00 0.51 1.02 0.00 0.00 0.25 0.00 0.00 95.93
246 0.76 0.00 0.51 1.02 0.00 0.00 0.76 0.00 0.00 96.95
247 1.29 0.00 0.00 3.86 0.00 0.00 0.26 0.00 0.00 94.60
248 1.26 0.00 0.25 0.00 0.00 0.00 0.00 0.00 0.00 98.49
249 0.25 0.00 0.51 0.00 0.00 0.00 0.25 0.00 0.00 98.99
250 0.76 0.00 0.00 0.25 0.00 0.00 0.00 0.00 0.00 98.99
251 0.76 0.00 0.51 0.00 0.00 0.00 0.00 0.00 0.00 98.74
252 0.76 0.00 0.51 0.25 0.00 0.25 0.25 0.00 0.00 97.97
253 1.27 0.00 0.51 0.25 0.00 0.00 0.51 0.00 0.00 97.46
254 1.02 0.00 0.25 0.00 0.00 0.00 0.00 0.00 0.00 98.73
255 1.01 0.00 0.25 0.00 0.00 0.25 0.00 0.00 0.00 98.49
256 0.76 0.00 0.25 1.01 0.00 0.00 0.00 0.00 0.00 97.98
257 2.05 0.00 0.51 4.35 0.00 0.00 0.26 0.00 0.00 92.84
258 1.01 0.00 0.51 0.00 0.00 0.00 0.00 0.00 0.00 98.48
259 2.53 0.00 0.51 20.45 0.00 0.00 0.51 0.00 0.00 76.01
260 1.01 0.00 0.51 28.79 0.00 0.00 0.25 0.00 0.00 69.44
261 0.75 0.00 0.50 32.58 0.00 0.00 0.25 0.00 0.00 65.91
262 1.26 0.00 0.50 30.65 0.00 0.25 0.00 0.00 0.00 67.34
263 9.69 0.00 0.26 33.67 0.00 0.00 0.26 0.00 0.00 56.12
264 1.27 0.00 0.51 37.47 0.00 0.00 0.76 0.00 0.00 60.00
265 0.75 0.00 0.25 0.00 0.00 0.25 0.25 0.00 0.00 98.50
266 0.51 0.00 0.51 0.00 0.00 0.00 0.51 0.00 0.00 98.48
267 1.77 0.00 0.51 0.76 0.00 0.00 0.00 0.00 0.00 96.97
268 1.01 0.00 0.76 3.78 0.00 0.00 0.00 0.00 0.00 94.46
269 1.27 0.00 1.27 10.13 0.00 0.00 0.00 0.00 0.00 87.34
270 0.51 0.00 1.01 0.51 0.00 0.00 0.00 0.00 0.00 97.98
271 1.00 0.00 0.50 0.00 0.00 0.00 0.25 0.00 0.00 98.25
272 2.50 0.00 1.00 0.00 0.00 0.00 0.00 0.00 0.00 96.50
273 1.01 0.00 0.50 0.50 0.00 0.00 0.00 0.00 0.00 97.98
274 1.25 0.00 1.00 0.25 0.00 0.00 0.25 0.00 0.00 97.24
275 1.52 0.00 0.25 4.80 0.00 0.00 0.51 0.00 0.00 92.93
276 2.30 0.00 1.02 0.77 0.00 0.00 0.26 0.00 0.00 95.66
277 1.02 0.00 0.76 20.30 0.00 0.00 0.25 0.00 0.00 77.66
278 1.01 0.00 0.50 5.28 0.00 0.00 0.25 0.00 0.00 92.96
279 0.75 0.00 1.25 0.00 0.00 0.00 0.00 0.00 0.00 97.99
280 0.76 0.00 0.76 0.00 0.00 0.00 0.25 0.00 0.00 98.24
281 1.51 0.00 0.50 0.00 0.00 0.00 0.75 0.00 0.00 97.24
282 1.27 0.00 0.25 3.30 0.00 0.00 0.00 0.00 0.00 95.18
283 0.50 0.00 0.50 3.02 0.00 0.00 0.00 0.00 0.00 95.98
284 1.02 0.00 0.00 0.77 0.00 0.00 0.26 0.00 0.00 97.96
285 4.82 0.00 0.51 0.76 0.00 0.00 0.00 0.00 0.00 93.91
286 1.27 0.00 0.51 0.00 0.00 0.25 0.00 0.00 0.00 97.96
287 0.76 0.00 0.25 4.31 0.00 0.00 0.25 0.00 0.00 94.42
288 0.50 0.00 1.01 0.00 0.00 0.00 0.00 0.00 0.00 98.49
289 0.76 0.00 0.25 0.00 0.00 0.00 0.00 0.00 0.00 98.99
290 0.76 0.00 0.25 0.76 0.00 0.00 0.00 0.00 0.00 98.23
291 1.01 0.00 0.25 0.25 0.00 0.00 0.76 0.00 0.00 97.73
292 1.52 0.00 0.51 1.01 0.00 0.00 0.00 0.00 0.00 96.96
293 1.25 0.00 0.75 0.25 0.00 0.00 0.00 0.00 0.00 97.74
294 1.00 0.00 0.50 0.25 0.00 0.00 0.25 0.00 0.00 97.99
295 1.02 0.00 0.51 0.00 0.00 0.00 0.00 0.00 0.00 98.48
296 1.53 0.00 0.51 0.25 0.00 0.00 0.00 0.00 0.00 97.71
297 2.55 0.00 1.02 4.59 0.00 0.00 0.26 0.00 0.00 91.58
298 1.27 0.00 0.51 1.77 0.00 0.00 0.25 0.00 0.00 96.20
299 1.27 0.00 0.51 0.76 0.00 0.00 0.51 0.00 0.00 96.96
300 1.75 0.00 0.50 4.76 0.00 0.25 0.00 0.00 0.00 92.73
301 1.01 0.00 0.25 0.00 0.00 0.00 0.25 0.00 0.00 98.49
302 0.51 0.00 0.76 1.53 0.00 0.00 0.25 0.00 0.00 96.95
303 0.76 0.00 0.51 0.00 0.00 0.00 0.00 0.00 0.00 98.74
304 0.76 0.00 0.00 0.00 0.00 0.00 0.25 0.00 0.00 98.99
305 1.27 0.00 0.51 1.02 0.00 0.25 0.25 0.00 0.00 96.70
306 1.26 0.00 0.50 0.25 0.00 0.00 0.25 0.00 0.00 97.74
307 1.76 0.00 0.50 4.02 0.00 0.00 0.00 0.00 0.00 93.72
308 0.51 0.00 0.00 0.00 0.00 0.00 0.00 0.00 0.00 99.49
309 6.60 0.00 0.76 0.00 0.00 0.00 0.25 0.00 0.00 92.39
310 0.50 0.00 0.25 0.00 0.00 0.25 0.00 0.00 0.00 98.99
311 0.75 0.00 0.25 1.25 0.00 0.00 0.00 0.00 0.00 97.74
312 0.76 0.00 0.51 0.76 0.00 0.00 0.00 0.00 0.00 97.98
313 1.00 0.00 0.75 0.50 0.00 0.00 0.00 0.00 0.00 97.74
314 0.51 0.00 0.25 0.00 0.00 0.00 0.00 0.00 0.00 99.24
315 0.76 0.00 0.76 0.51 0.00 0.00 0.00 0.00 0.00 97.98
316 1.01 0.00 0.25 0.00 0.00 0.00 0.25 0.00 0.00 98.49
317 4.35 0.00 0.77 3.58 0.00 0.00 0.00 0.00 0.00 91.30
318 1.26 0.00 0.75 0.50 0.00 0.00 0.00 0.00 0.00 97.49
319 1.52 0.00 0.25 0.00 0.00 0.00 0.00 0.00 0.00 98.23
320 1.76 0.00 0.50 2.77 0.00 0.00 0.00 0.00 0.00 94.96
321 1.01 0.00 0.25 0.00 0.00 0.00 0.00 0.00 0.00 98.74
322 2.30 0.00 0.51 0.26 0.00 0.00 0.00 0.00 0.00 96.94
323 8.42 0.00 0.77 0.51 0.00 0.00 0.26 0.00 0.00 90.05
324 1.01 0.00 0.50 0.50 0.00 0.00 0.00 0.00 0.00 97.99
325 1.00 0.00 1.00 0.25 0.00 0.00 0.00 0.00 0.00 97.76
326 0.25 0.00 0.25 0.00 0.00 0.00 0.00 0.00 0.00 99.49
327 0.25 0.00 0.50 0.00 0.00 0.00 0.00 0.00 0.00 99.24
328 2.76 0.00 0.75 4.52 0.00 0.00 0.00 0.00 0.00 91.96
329 3.06 0.00 1.28 10.20 0.00 0.00 0.26 0.00 0.00 85.20
330 3.02 0.00 1.01 6.05 0.00 0.00 0.00 0.00 0.00 89.92
331 0.25 0.00 0.75 2.51 0.00 0.00 0.00 0.00 0.00 96.49
332 1.01 0.00 0.50 4.77 0.00 0.00 0.00 0.00 0.00 93.72
333 0.25 0.00 0.75 30.75 0.00 0.00 0.25 0.00 0.00 68.00
334 1.50 0.00 0.75 4.75 0.00 0.00 0.25 0.00 0.00 92.75
335 0.76 0.00 0.51 2.54 0.00 0.00 0.25 0.00 0.00 95.94
336 1.50 0.00 0.25 0.50 0.00 0.00 0.50 0.00 0.00 97.25
337 1.79 0.00 0.51 23.08 0.00 0.00 0.00 0.00 0.00 74.62
338 0.76 0.00 0.25 12.18 0.00 0.00 0.00 0.00 0.00 86.80
339 3.05 0.00 0.51 0.00 0.00 0.00 0.25 0.00 0.00 96.19
340 2.78 0.00 0.76 0.00 0.00 0.00 0.00 0.00 0.00 96.46
341 0.51 0.00 0.76 0.25 0.00 0.00 0.51 0.00 0.00 97.97
342 0.76 0.00 0.00 0.25 0.00 0.00 0.00 0.00 0.00 98.99
343 1.01 0.00 0.50 0.00 0.00 0.00 0.00 0.00 0.00 98.49
344 0.51 0.00 0.00 0.00 0.00 0.00 0.00 0.00 0.00 99.49
345 1.02 0.00 0.25 0.00 0.00 0.00 0.00 0.00 0.00 98.73
346 1.51 0.00 0.76 0.00 0.00 0.25 0.25 0.00 0.00 97.23
347 1.79 0.00 0.77 5.87 0.00 0.00 0.00 0.00 0.00 91.58
348 1.01 0.00 0.76 0.76 0.00 0.25 0.00 0.00 0.00 97.22
349 0.50 0.00 0.50 0.50 0.00 0.00 0.00 0.00 0.00 98.49
350 1.76 0.00 0.50 0.25 0.00 0.00 0.25 0.00 0.00 97.24
351 0.77 0.00 0.00 0.00 0.00 0.00 0.00 0.00 0.00 99.23
352 1.25 0.00 0.50 0.00 0.00 0.25 0.25 0.00 0.00 97.74
353 1.51 0.00 0.25 0.76 0.00 0.00 0.00 0.00 0.00 97.48
354 0.51 0.00 0.25 0.00 0.00 0.00 0.25 0.00 0.00 98.99
355 1.01 0.00 0.25 0.50 0.00 0.00 0.00 0.00 0.00 98.24
356 1.79 0.00 0.51 0.00 0.00 0.00 0.00 0.00 0.00 97.70
357 3.29 0.00 0.25 4.81 0.00 0.00 0.25 0.00 0.00 91.39
358 2.01 0.00 0.75 0.50 0.00 0.00 0.00 0.00 0.00 96.73
359 0.76 0.00 0.25 0.00 0.00 0.00 0.00 0.00 0.00 98.99
360 0.51 0.00 0.26 0.26 0.00 0.00 0.00 0.00 0.00 98.98
361 1.27 0.00 0.25 0.00 0.00 0.00 0.00 0.00 0.00 98.48
362 2.26 0.00 0.50 0.50 0.00 0.25 0.00 0.00 0.00 96.48
363 0.50 0.00 0.50 0.00 0.00 0.00 0.25 0.00 0.00 98.74
364 0.76 0.00 0.51 0.00 0.00 0.00 0.00 0.00 0.00 98.74
365 0.76 0.00 0.00 1.27 0.00 0.00 0.51 0.00 0.00 97.46
366 1.01 0.00 0.51 0.00 0.00 0.00 0.00 0.00 0.00 98.48
367 1.02 0.00 0.00 4.06 0.00 0.00 0.00 0.00 0.00 94.92
368 0.51 0.00 0.76 1.01 0.00 0.00 0.00 0.00 0.00 97.73
369 2.54 0.00 0.51 0.00 0.00 0.00 0.25 0.00 0.00 96.70
370 1.26 0.00 0.51 0.00 0.00 0.00 0.00 0.00 0.00 98.23
371 1.25 0.00 0.25 0.00 0.00 0.00 0.00 0.00 0.00 98.50
372 1.01 0.00 0.50 0.25 0.00 0.00 0.00 0.00 0.00 98.24
373 1.01 0.00 0.50 0.00 0.00 0.00 0.00 0.00 0.00 98.49
374 0.00 0.00 0.25 0.00 0.00 0.25 0.00 0.00 0.00 99.49
375 1.01 0.00 0.50 0.25 0.00 0.00 0.25 0.00 0.00 97.99
376 0.76 0.00 0.25 0.00 0.00 0.00 0.00 0.00 0.00 98.99
377 2.07 0.00 1.30 4.40 0.00 0.00 0.00 0.00 0.00 92.23
378 1.01 0.00 0.25 0.00 0.00 0.00 0.00 0.00 0.00 98.74
379 0.50 0.00 0.50 0.00 0.00 0.00 0.00 0.00 0.00 99.00
380 3.87 0.00 0.52 6.70 0.00 0.00 0.26 0.00 0.00 88.66
381 0.51 0.00 0.51 0.25 0.00 0.00 0.25 0.00 0.00 98.48
382 1.01 0.00 0.00 0.50 0.00 0.00 0.25 0.00 0.00 98.24
383 9.69 0.00 1.02 0.26 0.00 0.00 0.00 0.00 0.00 89.03
384 0.51 0.00 0.25 0.25 0.00 0.00 0.25 0.00 0.00 98.73
385 0.76 0.00 0.25 0.00 0.00 0.00 0.00 0.00 0.00 98.99
386 0.51 0.00 0.51 0.25 0.00 0.00 0.25 0.00 0.00 98.48
387 2.28 0.00 0.76 1.27 0.00 0.00 0.25 0.00 0.00 95.44
388 0.76 0.00 0.51 2.79 0.00 0.00 0.00 0.00 0.00 95.94
389 1.76 0.00 0.75 10.55 0.00 0.25 0.00 0.00 0.00 86.68
390 7.11 0.00 0.00 0.76 0.00 0.00 0.00 0.00 0.00 92.13
391 0.50 0.00 0.25 0.00 0.00 0.00 0.25 0.00 0.00 98.99
392 0.25 0.00 0.76 0.25 0.00 0.00 0.00 0.00 0.00 98.74
393 0.50 0.00 0.76 0.00 0.00 0.00 0.00 0.00 0.00 98.74
394 0.51 0.00 0.25 0.00 0.00 0.00 0.25 0.00 0.00 98.98
395 0.51 0.00 0.76 1.01 0.00 0.25 0.00 0.00 0.00 97.47
396 0.25 0.00 0.25 0.00 0.00 0.00 0.00 0.00 0.00 99.49
397 1.52 0.00 0.25 4.30 0.00 0.00 0.00 0.00 0.00 93.92
398 0.75 0.00 0.50 0.00 0.00 0.00 0.25 0.00 0.00 98.49
399 1.28 0.00 0.51 0.77 0.00 0.00 0.00 0.00 0.00 97.45
400 1.01 0.00 0.75 0.00 0.00 0.00 0.00 0.00 0.00 98.24
401 3.64 0.00 0.52 0.00 0.00 0.00 0.26 0.00 0.00 95.58
402 1.01 0.00 0.51 0.25 0.00 0.00 0.25 0.00 0.00 97.98
403 0.51 0.00 0.25 0.00 0.00 0.25 0.00 0.00 0.00 98.99
404 6.08 0.00 0.51 0.00 0.00 0.00 0.25 0.00 0.00 93.16
405 2.54 0.00 0.51 0.00 0.00 0.00 0.00 0.00 0.00 96.95
406 1.52 0.00 0.25 0.00 0.00 0.00 0.25 0.00 0.00 97.97
407 0.76 0.00 0.25 32.23 0.00 0.00 0.00 0.00 0.00 66.75
408 3.55 0.00 1.02 35.28 0.00 0.00 0.51 0.00 0.00 59.64
409 2.28 0.00 0.51 0.00 0.00 0.00 0.00 0.00 0.00 97.21
410 0.76 0.00 0.51 0.00 0.00 0.00 0.25 0.00 0.00 98.48
411 0.25 0.00 0.00 0.00 0.00 0.00 0.00 0.00 0.00 99.75
412 0.51 0.00 0.51 1.77 0.00 0.00 0.00 0.00 0.00 97.22
413 0.76 0.00 0.25 0.76 0.00 0.00 0.00 0.00 0.00 98.24
414 2.27 0.00 0.76 0.25 0.00 0.00 0.25 0.00 0.00 96.46
415 0.51 0.00 0.51 0.00 0.00 0.00 0.00 0.00 0.00 98.98
416 0.51 0.00 0.25 0.00 0.00 0.00 0.00 0.00 0.00 99.24
417 3.31 0.00 1.02 4.83 0.00 0.00 0.25 0.00 0.00 90.59
418 0.51 0.00 0.51 1.52 0.00 0.00 0.00 0.00 0.00 97.46
419 0.76 0.00 0.25 0.51 0.00 0.00 0.00 0.00 0.00 98.48
420 3.54 0.00 0.76 0.25 0.00 0.00 0.25 0.00 0.00 95.19
421 1.01 0.00 0.50 0.00 0.00 0.00 0.00 0.00 0.00 98.49
422 0.51 0.00 0.25 0.25 0.00 0.00 0.00 0.00 0.00 98.99
423 1.51 0.00 0.50 0.25 0.00 0.00 0.00 0.00 0.00 97.73
424 1.01 0.00 0.51 0.00 0.00 0.00 0.25 0.00 0.00 98.23
425 1.01 0.00 0.76 2.02 0.00 0.00 0.00 0.00 0.00 96.22
426 1.01 0.00 0.25 0.00 0.00 0.00 0.25 0.00 0.00 98.48
427 1.51 0.00 1.26 4.02 0.00 0.00 0.00 0.00 0.00 93.22
428 1.50 0.00 0.50 0.25 0.00 0.25 0.00 0.00 0.00 97.49
429 1.76 0.00 0.50 0.00 0.00 0.00 0.00 0.00 0.00 97.74
430 1.51 0.00 0.75 0.00 0.00 0.00 0.00 0.00 0.00 97.74
431 0.76 0.00 0.76 0.00 0.00 0.00 0.25 0.00 0.00 98.24
432 0.50 0.00 0.50 2.76 0.00 0.00 0.25 0.00 0.00 95.99
433 2.03 0.00 1.01 1.01 0.00 0.00 0.00 0.00 0.00 95.95
434 1.52 0.00 0.00 0.00 0.00 0.00 0.00 0.00 0.00 98.48
435 1.01 0.00 0.76 0.00 0.00 0.00 0.00 0.00 0.00 98.24
436 1.52 0.00 0.25 0.00 0.00 0.00 0.25 0.00 0.00 97.97
437 1.77 0.00 1.01 5.56 0.00 0.25 0.00 0.00 0.00 91.41
438 1.50 0.00 0.50 1.25 0.00 0.00 0.00 0.00 0.00 96.76
439 0.75 0.00 0.50 0.00 0.00 0.00 0.00 0.00 0.00 98.74
440 5.81 0.00 1.01 4.29 0.00 0.00 0.00 0.00 0.00 88.89
441 0.76 0.00 0.25 0.00 0.00 0.00 0.00 0.00 0.00 98.99
442 0.75 0.00 0.25 0.25 0.00 0.00 0.00 0.00 0.00 98.74
443 9.84 0.00 0.78 0.00 0.00 0.00 0.26 0.00 0.00 89.12
444 1.00 0.00 0.50 0.25 0.00 0.00 0.00 0.00 0.00 98.25
445 0.51 0.00 0.25 0.00 0.00 0.00 0.25 0.00 0.00 98.99
446 1.01 0.00 0.50 0.00 0.00 0.00 0.00 0.00 0.00 98.49
447 0.76 0.00 0.76 3.78 0.00 0.00 0.25 0.00 0.00 94.46
448 0.76 0.00 0.51 0.25 0.00 0.00 0.00 0.00 0.00 98.48
449 2.81 0.00 0.77 12.02 0.00 0.00 0.00 0.00 0.00 84.40
450 0.75 0.00 0.75 5.51 0.00 0.00 0.25 0.00 0.00 92.73
451 0.75 0.00 1.01 9.80 0.00 0.00 0.00 0.00 0.00 88.44
452 0.50 0.00 0.75 0.00 0.00 0.25 0.00 0.00 0.00 98.49
453 1.01 0.00 0.25 0.00 0.00 0.00 0.00 0.00 0.00 98.73
454 0.00 0.00 0.26 0.00 0.00 0.00 0.26 0.00 0.00 99.49
455 1.26 0.00 0.50 1.26 0.00 0.00 0.00 0.00 0.00 96.98
456 2.05 0.00 0.51 0.00 0.00 0.00 0.77 0.00 0.00 96.68
457 0.76 0.00 0.76 4.55 0.00 0.00 0.00 0.00 0.00 93.94
458 0.50 0.00 0.76 0.00 0.00 0.00 0.00 0.00 0.00 98.74
459 0.25 0.00 1.53 4.07 0.00 0.00 0.25 0.00 0.00 93.89
460 0.51 0.00 0.76 0.00 0.00 0.00 0.00 0.00 0.00 98.73
461 0.25 0.00 0.51 1.52 0.00 0.00 0.00 0.00 0.00 97.73
462 1.01 0.00 0.50 0.25 0.00 0.00 0.00 0.00 0.00 98.24
463 0.51 0.00 0.25 0.00 0.00 0.00 0.00 0.00 0.00 99.24
464 0.50 0.00 0.50 0.50 0.00 0.25 0.25 0.00 0.00 97.99
465 1.77 0.00 0.51 0.00 0.00 0.00 0.00 0.00 0.00 97.73
466 0.50 0.00 0.25 0.00 0.00 0.00 0.00 0.00 0.00 99.24
467 1.04 0.00 0.26 2.87 0.00 0.00 0.00 0.00 0.00 95.82
468 1.51 0.00 0.76 1.01 0.00 0.00 0.25 0.00 0.00 96.47
469 2.53 0.00 0.76 0.00 0.00 0.00 0.00 0.00 0.00 96.72
470 1.01 0.00 0.75 0.00 0.00 0.00 0.00 0.00 0.00 98.24
471 0.51 0.00 0.25 0.25 0.00 0.00 0.00 0.00 0.00 98.99
472 1.26 0.00 0.25 0.25 0.00 0.00 0.25 0.00 0.00 97.98
473 0.51 0.00 0.76 0.00 0.00 0.00 0.00 0.00 0.00 98.73
474 2.03 0.00 0.76 0.00 0.00 0.00 0.00 0.00 0.00 97.22
475 2.52 0.00 1.26 0.00 0.00 0.00 0.00 0.00 0.00 96.22
476 2.77 0.00 0.50 0.00 0.00 0.00 0.00 0.00 0.00 96.73
477 1.26 0.00 0.75 4.27 0.00 0.00 0.00 0.00 0.00 93.72
478 4.03 0.00 0.76 0.00 0.00 0.00 0.00 0.00 0.00 95.21
479 1.50 0.00 0.50 1.25 0.00 0.25 0.00 0.00 0.00 96.51
480 5.56 0.00 0.00 0.00 0.00 0.00 0.25 0.00 0.00 94.19
481 2.04 0.00 0.51 0.76 0.00 0.00 0.00 0.00 0.00 96.69
482 0.76 0.00 0.51 0.76 0.00 0.00 0.00 0.00 0.00 97.98
483 0.25 0.00 0.25 0.00 0.00 0.00 0.25 0.00 0.00 99.24
484 5.68 0.00 0.52 0.00 0.00 0.00 0.52 0.00 0.00 93.28
485 3.62 0.00 2.84 3.10 0.00 0.00 1.03 0.00 0.00 89.41
486 0.78 0.00 0.00 1.04 0.00 0.00 1.81 0.00 0.00 96.37
487 1.26 0.00 0.50 4.03 0.00 0.00 0.50 0.00 0.00 93.70
488 5.56 0.00 3.54 4.29 0.00 0.00 0.00 0.00 0.00 86.62
489 1.01 0.00 0.51 2.78 0.00 0.00 0.00 0.00 0.00 95.71
490 0.51 0.00 0.25 0.00 0.00 0.00 0.00 0.00 0.00 99.24
491 1.25 0.00 0.25 0.00 0.00 0.00 0.00 0.00 0.00 98.50
492 1.26 0.00 0.25 1.01 0.00 0.00 0.25 0.00 0.00 97.22
493 0.76 0.00 0.25 0.00 0.00 0.00 0.00 0.00 0.00 98.99
494 0.76 0.00 0.00 0.00 0.00 0.00 0.00 0.00 0.00 99.24
495 0.50 0.00 1.01 1.51 0.00 0.25 0.00 0.00 0.00 96.73
496 1.50 0.00 0.25 0.50 0.00 0.00 0.00 0.00 0.00 97.74
497 2.03 0.00 0.76 12.94 0.00 0.00 0.25 0.00 0.00 84.01
498 2.54 0.00 1.78 1.02 0.00 0.00 0.25 0.00 0.00 94.42
499 0.50 0.00 0.50 0.76 0.00 0.00 0.00 0.00 0.00 98.24
500 2.53 0.00 1.52 5.57 0.00 0.00 0.00 0.00 0.00 90.38
501 0.76 0.00 0.76 4.56 0.00 0.00 0.00 0.00 0.00 93.92
502 1.00 0.00 0.50 0.25 0.00 0.00 0.00 0.00 0.00 98.25
503 9.69 0.00 1.53 0.26 0.00 0.00 0.00 0.00 0.00 88.52
504 0.75 0.00 1.01 1.51 0.00 0.00 0.00 0.00 0.00 96.73
505 1.53 0.00 0.51 0.51 0.00 0.00 0.25 0.00 0.00 97.20
506 1.01 0.00 0.50 2.01 0.00 0.00 0.00 0.00 0.00 96.48
507 1.02 0.00 0.25 5.09 0.00 0.00 0.00 0.00 0.00 93.64
508 0.76 0.00 0.25 9.32 0.00 0.00 0.00 0.00 0.00 89.67
509 3.04 0.00 1.27 8.10 0.00 0.00 0.25 0.00 0.00 87.34
510 0.76 0.00 0.76 8.35 0.00 0.00 0.00 0.00 0.00 90.13
511 2.53 0.00 0.51 4.55 0.00 0.25 0.00 0.00 0.00 92.17
512 1.53 0.00 0.51 5.10 0.00 0.00 0.26 0.00 0.00 92.60
513 0.50 0.00 0.50 0.00 0.00 0.00 0.50 0.00 0.00 98.49
514 1.53 0.00 0.51 2.30 0.00 0.00 0.51 0.00 0.00 95.15
515 5.18 0.00 1.04 3.63 0.00 0.00 0.52 0.00 0.00 89.64
516 1.01 0.00 0.50 0.76 0.00 0.00 0.00 0.00 0.00 97.73
517 1.02 0.00 0.26 4.85 0.00 0.00 0.77 0.00 0.00 93.11
518 3.62 0.00 1.29 6.46 0.00 0.00 0.52 0.00 0.00 88.11
519 2.28 0.00 1.02 8.12 0.00 0.00 0.25 0.00 0.00 88.32
520 0.76 0.00 0.51 0.76 0.00 0.00 0.00 0.00 0.00 97.97
521 1.25 0.00 0.50 0.00 0.00 0.25 0.00 0.00 0.00 97.99
522 0.51 0.00 0.51 0.00 0.00 0.00 0.00 0.00 0.00 98.99
523 0.25 0.00 0.51 0.76 0.00 0.00 0.00 0.00 0.00 98.48
524 1.28 0.00 0.51 0.00 0.00 0.00 0.26 0.00 0.00 97.95
525 2.51 0.00 0.75 0.75 0.00 0.00 0.00 0.00 0.00 95.98
526 1.02 0.00 0.26 0.51 0.00 0.00 0.51 0.00 0.00 97.70
527 1.01 0.00 0.51 4.56 0.00 0.00 0.76 0.00 0.00 93.16
528 0.51 0.00 0.51 0.25 0.00 0.00 0.76 0.00 0.00 97.97
529 0.76 0.00 0.51 3.03 0.00 0.00 0.51 0.00 0.00 95.20
530 2.54 0.00 0.25 0.25 0.00 0.00 0.00 0.00 0.00 96.95
531 1.01 0.00 0.76 0.25 0.00 0.00 0.51 0.00 0.00 97.47
532 0.51 0.00 0.76 0.00 0.00 0.00 0.00 0.00 0.00 98.73
533 1.52 0.00 0.76 0.00 0.00 0.00 0.00 0.00 0.00 97.72
534 1.02 0.00 0.00 0.25 0.00 0.00 0.25 0.00 0.00 98.48
535 1.01 0.00 0.25 0.00 0.00 0.00 0.00 0.00 0.00 98.74
536 0.76 0.00 0.25 0.00 0.00 0.00 0.00 0.00 0.00 98.99
537 1.28 0.00 0.77 11.22 0.00 0.00 0.77 0.00 0.00 85.97
538 2.53 0.00 0.51 0.25 0.00 0.00 0.25 0.00 0.00 96.46
539 1.52 0.00 0.00 0.25 0.00 0.00 0.00 0.00 0.00 98.23
540 1.50 0.00 1.00 1.00 0.00 0.25 0.25 0.00 0.00 95.99
541 0.76 0.00 0.25 0.25 0.00 0.00 0.25 0.00 0.00 98.47
542 3.56 0.00 0.25 0.51 0.00 0.00 0.00 0.00 0.00 95.67
543 0.50 0.00 0.25 0.00 0.00 0.00 0.00 0.00 0.00 99.24
544 1.76 0.00 0.50 0.00 0.00 0.25 0.50 0.00 0.00 96.98
545 2.29 0.00 0.51 1.53 0.00 0.00 0.25 0.00 0.00 95.42
546 0.51 0.00 0.76 0.00 0.00 0.00 0.00 0.00 0.00 98.74
547 2.28 0.00 1.02 7.87 0.00 0.00 0.51 0.00 0.00 88.32
548 1.49 0.00 0.75 0.25 0.00 0.00 0.50 0.00 0.00 97.01
549 1.01 0.00 0.25 0.00 0.00 0.00 0.00 0.00 0.00 98.74
550 1.27 0.00 0.51 0.00 0.00 0.00 0.00 0.00 0.00 98.23
551 0.76 0.00 0.76 0.00 0.00 0.00 0.00 0.00 0.00 98.49
552 0.75 0.00 0.50 0.25 0.00 0.00 0.25 0.00 0.00 98.25
553 5.38 0.00 1.03 4.36 0.00 0.00 0.26 0.00 0.00 88.97
554 30.48 0.00 4.81 3.21 0.00 0.00 0.00 0.00 0.00 61.50
555 10.63 0.00 1.27 17.47 0.00 0.00 0.25 0.00 0.00 70.38
556 0.50 0.00 0.25 0.00 0.00 0.00 0.00 0.00 0.00 99.24
557 0.51 0.00 0.51 5.56 0.00 0.00 0.00 0.00 0.00 93.43
558 2.02 0.00 0.51 0.00 0.00 0.00 0.25 0.00 0.00 97.22
559 4.28 0.00 0.50 0.00 0.00 0.00 0.00 0.00 0.00 95.21
560 7.56 0.00 0.76 1.26 0.00 0.00 0.00 0.00 0.00 90.43
561 4.26 0.00 1.00 1.00 0.00 0.00 0.00 0.00 0.00 93.73
562 0.50 0.00 0.25 0.00 0.00 0.25 0.00 0.00 0.00 98.99
563 10.74 0.00 1.79 0.00 0.00 0.00 0.00 0.00 0.00 87.47
564 0.50 0.00 0.25 0.25 0.00 0.00 0.00 0.00 0.00 98.99
565 0.75 0.00 0.50 0.00 0.00 0.00 0.00 0.00 0.00 98.75
566 0.76 0.00 0.25 0.00 0.00 0.00 0.00 0.00 0.00 98.99
567 0.75 0.00 0.50 2.76 0.00 0.00 0.00 0.00 0.00 95.99
568 0.75 0.00 0.75 1.25 0.00 0.00 0.00 0.00 0.00 97.24
569 2.80 0.00 1.02 10.69 0.00 0.00 0.00 0.00 0.00 85.50
570 0.50 0.00 0.25 0.25 0.00 0.00 0.00 0.00 0.00 98.99
571 2.27 0.00 0.51 0.25 0.00 0.00 0.00 0.00 0.00 96.97
572 0.50 0.00 0.25 0.00 0.00 0.00 0.25 0.00 0.00 98.99
573 0.50 0.00 0.25 0.00 0.00 0.00 0.00 0.00 0.00 99.25
574 0.51 0.00 0.51 1.27 0.00 0.00 0.00 0.00 0.00 97.72
575 0.50 0.00 0.75 0.00 0.00 0.00 0.00 0.00 0.00 98.74
576 0.25 0.00 0.50 0.00 0.00 0.00 0.00 0.00 0.00 99.25
577 1.25 0.00 0.50 7.77 0.00 0.25 0.25 0.00 0.00 89.97
578 1.00 0.00 1.25 0.00 0.00 0.00 0.00 0.00 0.00 97.75
579 0.50 0.00 0.50 0.00 0.00 0.00 0.00 0.00 0.00 98.99
580 1.77 0.00 0.51 0.00 0.00 0.00 0.25 0.00 0.00 97.47
581 0.76 0.00 0.76 0.00 0.00 0.00 0.00 0.00 0.00 98.48
