0 0.00 0.00 0.00 1.01 0.00 0.00 0.00 0.00 0.00 98.99
1 0.00 0.00 0.25 0.75 0.00 0.00 0.00 0.00 0.00 99.00
2 0.25 0.00 0.25 0.00 0.00 0.00 0.00 0.00 0.00 99.50
3 0.00 0.00 0.00 0.00 0.00 0.00 0.00 0.00 0.00 100.00
4 0.25 0.00 0.25 1.01 0.00 0.00 0.00 0.00 0.00 98.49
5 0.00 0.00 0.25 0.25 0.00 0.00 0.00 0.00 0.00 99.50
6 0.00 0.00 0.25 0.00 0.00 0.00 0.00 0.00 0.00 99.75
7 2.30 0.00 2.05 0.51 0.00 0.00 0.26 0.00 0.00 94.88
8 0.76 0.00 1.02 0.25 0.00 0.00 0.00 0.00 0.00 97.97
9 0.00 0.00 0.00 0.00 0.00 0.00 0.00 0.00 0.00 100.00
10 0.50 0.00 0.25 0.25 0.00 0.00 0.00 0.00 0.00 99.00
11 0.50 0.00 0.75 3.01 0.00 0.00 0.00 0.00 0.00 95.74
12 0.50 0.00 0.25 3.51 0.00 0.00 0.00 0.00 0.00 95.74
13 22.69 0.00 2.99 0.90 0.00 0.00 0.00 0.00 0.00 73.43
14 29.40 0.00 2.20 0.27 0.00 0.00 0.00 0.00 0.00 68.13
15 21.98 0.00 4.56 3.22 0.00 0.00 0.00 0.00 0.00 70.24
16 9.41 0.00 8.24 33.24 0.00 1.47 0.00 0.00 0.00 47.65
17 13.46 0.00 5.54 10.29 0.00 0.00 0.00 0.00 0.00 70.71
18 6.30 0.00 1.05 16.01 0.00 0.00 0.00 0.00 0.00 76.64
19 23.18 0.00 3.77 4.58 0.00 0.00 0.00 0.00 0.00 68.46
20 5.66 0.00 1.29 39.85 0.00 0.00 0.00 0.00 0.00 53.21
21 96.00 0.00 2.77 0.00 0.00 0.00 0.31 0.00 0.00 0.92
22 60.51 0.00 10.23 18.47 0.00 0.00 0.00 0.00 0.00 10.80
23 71.93 0.00 3.48 16.58 0.00 0.53 0.00 0.00 0.00 7.49
24 1.51 0.00 0.50 24.69 0.00 0.00 0.00 0.00 0.00 73.30
25 0.75 0.00 0.50 4.27 0.00 0.00 0.00 0.00 0.00 94.47
26 0.25 0.00 0.25 0.25 0.00 0.00 0.00 0.00 0.00 99.25
27 1.00 0.00 0.25 7.27 0.00 0.00 0.00 0.00 0.00 91.48
28 6.67 0.00 1.28 0.26 0.00 0.00 0.00 0.00 0.00 91.79
29 82.10 0.00 5.25 0.31 0.00 0.31 0.00 0.00 0.00 12.04
30 86.31 0.00 2.98 2.38 0.00 0.30 0.00 0.00 0.00 8.04
31 87.04 0.00 5.86 0.93 0.00 0.31 0.31 0.00 0.00 5.56
32 94.81 0.00 3.17 0.00 0.00 0.00 0.00 0.00 0.00 2.02
33 88.25 0.00 6.63 0.30 0.00 0.30 0.00 0.00 0.00 4.52
34 2.30 0.00 0.51 1.02 0.00 0.26 0.26 0.00 0.00 95.66
35 2.27 0.00 0.76 0.76 0.00 0.00 0.00 0.00 0.00 96.22
36 2.76 0.00 0.50 0.00 0.00 0.00 0.00 0.00 0.00 96.73
37 1.01 0.00 0.25 5.81 0.00 0.00 0.00 0.00 0.00 92.93
38 0.75 0.00 0.25 2.51 0.00 0.00 0.00 0.00 0.00 96.49
39 45.23 0.00 1.36 3.54 0.00 0.27 0.00 0.00 0.00 49.59
40 94.53 0.00 3.65 0.00 0.00 0.00 0.00 0.00 0.00 1.82
41 87.86 0.00 5.75 0.00 0.00 0.64 0.00 0.00 0.00 5.75
42 56.40 0.00 12.80 0.00 0.00 0.00 0.30 0.00 0.00 30.49
43 1.76 0.00 0.50 0.00 0.00 0.25 0.00 0.00 0.00 97.49
44 1.76 0.00 0.50 0.00 0.00 0.00 0.00 0.00 0.00 97.73
45 0.76 0.00 0.00 0.25 0.00 0.00 0.00 0.00 0.00 98.99
46 0.50 0.00 0.50 0.50 0.00 0.00 0.25 0.00 0.00 98.24
47 6.35 0.00 0.51 1.52 0.00 0.25 0.00 0.00 0.00 91.37
48 92.51 0.00 5.19 0.00 0.00 0.29 0.00 0.00 0.00 2.02
49 82.08 0.00 15.72 0.00 0.00 0.00 0.31 0.00 0.00 1.89
50 71.55 0.00 19.61 3.59 0.00 0.55 0.00 0.00 0.00 4.70
51 88.89 0.00 9.31 0.00 0.00 0.60 0.00 0.00 0.00 1.20
52 59.18 0.00 25.36 8.75 0.00 0.00 0.29 0.00 0.00 6.41
53 3.30 0.00 1.78 35.53 0.00 0.25 0.00 0.00 0.00 59.14
54 0.50 0.00 0.75 39.15 0.00 0.00 0.00 0.00 0.00 59.60
55 0.75 0.00 0.25 8.52 0.00 0.00 0.00 0.00 0.00 90.48
56 16.88 0.00 0.50 1.26 0.00 0.25 0.00 0.00 0.00 81.11
57 44.71 0.00 3.24 8.53 0.00 0.29 0.29 0.00 0.00 42.94
58 19.12 0.00 1.29 0.00 0.00 0.00 0.00 0.00 0.00 79.59
59 3.04 0.00 0.00 1.52 0.00 0.00 0.00 0.00 0.00 95.44
60 2.50 0.00 0.25 0.50 0.00 0.00 0.00 0.00 0.00 96.75
61 3.02 0.00 0.00 0.25 0.00 0.00 0.00 0.00 0.00 96.73
62 22.88 0.00 6.21 8.47 0.00 0.00 0.28 0.00 0.00 62.15
63 20.92 0.00 17.48 12.03 0.00 0.00 0.00 0.00 0.00 49.57
64 18.68 0.00 0.00 9.89 0.00 0.00 0.00 0.00 0.00 71.43
65 32.76 0.00 5.75 25.29 0.00 0.57 0.00 0.00 0.00 35.63
66 16.37 0.00 3.58 64.19 0.00 0.00 0.26 0.00 0.00 15.60
67 18.02 0.00 1.27 8.88 0.00 0.00 0.00 0.00 0.00 71.83
68 0.51 0.00 0.25 43.69 0.00 0.25 0.00 0.00 0.00 55.30
69 0.25 0.00 0.00 8.79 0.00 0.00 0.00 0.00 0.00 90.95
70 0.25 0.00 0.25 11.03 0.00 0.00 0.00 0.00 0.00 88.47
71 0.50 0.00 0.50 24.25 0.00 0.00 0.00 0.00 0.00 74.75
72 0.50 0.00 0.00 19.05 0.00 0.00 0.00 0.00 0.00 80.45
73 0.50 0.00 0.25 7.00 0.00 0.00 0.75 0.00 0.00 91.50
74 2.00 0.00 0.25 2.75 0.00 0.00 0.00 0.00 0.00 95.00
75 20.26 0.00 1.84 42.63 0.00 0.00 0.00 0.00 0.00 35.26
76 58.84 0.00 3.87 26.24 0.00 0.28 0.00 0.00 0.00 10.77
77 43.24 0.00 1.33 21.49 0.00 0.00 0.00 0.00 0.00 33.95
78 0.76 0.00 0.25 21.97 0.00 0.25 0.00 0.00 0.00 76.77
79 0.25 0.00 0.50 1.00 0.00 0.00 0.00 0.00 0.00 98.25
80 1.75 0.00 0.50 6.73 0.00 0.00 0.25 0.00 0.00 90.77
81 1.01 0.00 0.25 0.76 0.00 0.00 0.00 0.00 0.00 97.97
82 31.88 0.00 1.63 63.22 0.00 0.27 0.00 0.00 0.00 3.00
83 27.47 0.00 1.92 32.69 0.00 0.27 0.00 0.00 0.00 37.64
84 40.00 0.00 0.53 0.00 0.00 0.26 0.00 0.00 0.00 59.21
85 59.52 0.00 5.06 27.68 0.00 0.30 0.30 0.00 0.00 7.14
86 29.49 0.00 1.28 45.38 0.00 0.00 0.00 0.00 0.00 23.85
87 6.33 0.00 0.51 4.05 0.00 0.00 0.00 0.00 0.00 89.11
88 14.58 0.00 1.28 31.46 0.00 0.00 0.00 0.00 0.00 52.69
89 24.66 0.00 0.80 36.19 0.00 0.00 0.00 0.00 0.00 38.34
90 32.19 0.00 6.25 10.31 0.00 0.00 0.00 0.00 0.00 51.25
91 12.02 0.00 0.59 1.17 0.00 0.00 0.00 0.00 0.00 86.22
92 11.66 0.00 0.87 11.37 0.00 0.00 0.00 0.00 0.00 76.09
93 44.54 0.00 5.74 31.15 0.00 0.00 0.27 0.00 0.00 18.31
94 5.67 0.00 1.29 76.29 0.00 0.00 0.00 0.00 0.00 16.75
95 7.58 0.00 1.26 72.73 0.00 0.00 0.25 0.00 0.00 18.18
96 12.69 0.00 1.02 54.06 0.00 0.25 0.00 0.00 0.00 31.98
97 26.12 0.00 0.53 23.48 0.00 0.00 0.00 0.00 0.00 49.87
98 9.09 0.00 0.25 30.56 0.00 0.25 0.00 0.00 0.00 59.85
99 17.72 0.00 0.53 33.60 0.00 0.00 0.00 0.00 0.00 48.15
100 45.35 0.00 1.50 22.22 0.00 0.00 0.30 0.00 0.00 30.63
101 10.48 0.00 0.60 52.10 0.00 0.00 0.00 0.00 0.00 36.83
102 11.41 0.00 0.30 79.88 0.00 0.00 0.00 0.00 0.00 8.41
103 14.51 0.00 2.37 40.37 0.00 0.00 0.26 0.00 0.00 42.48
104 0.25 0.00 0.25 1.25 0.00 0.00 0.00 0.00 0.00 98.25
105 1.52 0.00 0.51 36.36 0.00 0.25 0.00 0.00 0.00 61.36
106 0.50 0.00 0.25 7.00 0.00 0.00 0.00 0.00 0.00 92.25
107 17.66 0.00 1.56 2.86 0.00 0.00 0.00 0.00 0.00 77.92
108 0.50 0.00 0.00 0.00 0.00 0.00 0.00 0.00 0.00 99.50
109 0.00 0.00 0.25 0.50 0.00 0.00 0.00 0.00 0.00 99.24
110 0.25 0.00 0.25 0.50 0.00 0.00 0.00 0.00 0.00 99.00
111 1.25 0.00 0.50 1.75 0.00 0.00 0.00 0.00 0.00 96.51
112 0.50 0.00 0.00 2.01 0.00 0.00 0.00 0.00 0.00 97.49
113 0.25 0.00 0.25 1.01 0.00 0.00 0.00 0.00 0.00 98.49
114 0.00 0.00 0.00 0.76 0.00 0.00 0.00 0.00 0.00 99.24
115 0.25 0.00 0.25 2.26 0.00 0.00 0.00 0.00 0.00 97.24
116 0.00 0.00 0.00 1.01 0.00 0.00 0.00 0.00 0.00 98.99
117 0.25 0.00 0.25 1.76 0.00 0.00 0.00 0.00 0.00 97.73
118 0.50 0.00 0.25 3.00 0.00 0.00 0.00 0.00 0.00 96.25
119 0.75 0.00 0.00 11.00 0.00 0.00 0.00 0.00 0.00 88.25
120 1.79 0.00 1.03 11.54 0.00 0.26 0.00 0.00 0.00 85.38
121 3.75 0.00 0.25 4.25 0.00 0.00 0.00 0.00 0.00 91.75
122 1.01 0.00 0.25 2.78 0.00 0.00 0.00 0.00 0.00 95.96
123 1.76 0.00 0.00 0.25 0.00 0.00 0.00 0.00 0.00 97.98
124 1.52 0.00 0.00 6.09 0.00 0.00 0.00 0.00 0.00 92.39
125 0.25 0.00 0.25 0.00 0.00 0.00 0.00 0.00 0.00 99.50
126 0.50 0.00 0.00 2.51 0.00 0.00 0.00 0.00 0.00 96.98
127 9.74 0.00 4.47 0.26 0.00 0.53 0.00 0.00 0.00 85.00
128 41.28 0.00 1.53 33.33 0.00 0.31 0.00 0.00 0.00 23.55
129 32.08 0.00 1.45 8.09 0.00 0.00 0.29 0.00 0.00 58.09
130 12.09 0.00 0.00 0.00 0.00 0.00 0.00 0.00 0.00 87.91
131 6.85 0.00 0.00 2.49 0.00 0.00 0.31 0.00 0.00 90.34
132 14.61 0.00 0.57 1.15 0.00 0.00 0.00 0.00 0.00 83.67
133 24.84 0.00 0.62 0.62 0.00 0.00 0.31 0.00 0.00 73.60
134 12.87 0.00 0.00 0.29 0.00 0.00 0.00 0.00 0.00 86.84
135 13.37 0.00 0.29 1.74 0.00 0.00 0.00 0.00 0.00 84.59
136 18.62 0.00 2.87 13.47 0.00 0.00 0.29 0.00 0.00 64.76
137 15.88 0.00 1.67 3.90 0.00 0.00 0.00 0.00 0.00 78.55
138 10.69 0.00 2.31 1.73 0.00 0.00 0.29 0.00 0.00 84.97
139 7.90 0.00 0.61 2.13 0.00 0.00 0.00 0.00 0.00 89.36
140 14.73 0.00 0.28 0.28 0.00 0.00 0.00 0.00 0.00 84.70
141 6.29 0.00 0.31 0.31 0.00 0.00 0.00 0.00 0.00 93.08
142 9.12 0.00 3.59 22.93 0.00 0.00 0.28 0.00 0.00 64.09
143 1.00 0.00 0.50 73.93 0.00 0.25 0.00 0.00 0.00 24.31
144 1.25 0.00 0.50 57.25 0.00 0.00 0.00 0.00 0.00 41.00
145 2.52 0.00 0.50 82.87 0.00 0.00 0.25 0.00 0.00 13.85
146 3.02 0.00 0.50 79.90 0.00 0.00 0.00 0.00 0.00 16.58
147 5.32 0.00 1.27 93.42 0.00 0.00 0.00 0.00 0.00 0.00
148 3.79 0.00 0.51 95.71 0.00 0.00 0.00 0.00 0.00 0.00
149 4.71 0.00 0.59 67.65 0.00 0.00 0.00 0.00 0.00 27.06
150 18.03 0.00 0.27 17.49 0.00 0.00 0.00 0.00 0.00 64.21
151 5.08 0.00 0.32 2.54 0.00 0.00 0.00 0.00 0.00 92.06
152 29.31 0.00 1.44 6.90 0.00 0.00 0.00 0.00 0.00 62.36
153 30.52 0.00 2.62 1.74 0.00 0.00 0.29 0.00 0.00 64.83
154 8.31 0.00 0.31 7.69 0.00 0.00 0.31 0.00 0.00 83.38
155 12.83 0.00 0.29 0.00 0.00 0.00 0.00 0.00 0.00 86.88
156 3.55 0.00 0.00 0.00 0.00 0.00 0.00 0.00 0.00 96.45
157 30.93 0.00 1.50 1.20 0.00 0.00 0.30 0.00 0.00 66.07
158 36.15 0.00 3.21 9.62 0.00 0.00 0.00 0.00 0.00 51.02
159 22.48 0.00 3.10 34.88 0.00 0.00 0.00 0.00 0.00 39.53
160 14.32 0.00 0.81 31.08 0.00 0.00 0.00 0.00 0.00 53.78
161 20.32 0.00 0.53 50.80 0.00 0.00 0.27 0.00 0.00 28.07
162 20.97 0.00 0.27 19.35 0.00 0.00 0.00 0.00 0.00 59.41
163 16.34 0.00 0.56 17.75 0.00 0.00 0.28 0.00 0.00 65.07
164 15.45 0.00 2.98 5.42 0.00 0.54 0.00 0.00 0.00 75.61
165 27.62 0.00 3.20 6.98 0.00 0.58 0.00 0.00 0.00 61.63
166 8.56 0.00 0.31 10.70 0.00 0.00 0.00 0.00 0.00 80.43
167 7.14 0.00 0.31 6.52 0.00 0.00 0.62 0.00 0.00 85.40
168 46.97 0.00 2.02 0.58 0.00 0.00 0.00 0.00 0.00 50.43
169 24.23 0.00 1.23 2.15 0.00 0.00 0.00 0.00 0.00 72.39
170 14.57 0.00 0.29 0.86 0.00 0.00 0.00 0.00 0.00 84.29
171 12.32 0.00 0.29 0.29 0.00 0.00 0.00 0.00 0.00 87.10
172 9.66 0.00 0.85 0.28 0.00 0.28 0.00 0.00 0.00 88.92
173 0.75 0.00 1.01 11.31 0.00 0.00 0.00 0.00 0.00 86.93
174 0.50 0.00 0.00 1.25 0.00 0.00 0.00 0.00 0.00 98.25
175 0.25 0.00 0.50 20.25 0.00 0.25 0.00 0.00 0.00 78.75
176 0.75 0.00 0.25 25.00 0.00 0.00 0.00 0.00 0.00 74.00
177 1.25 0.00 0.50 26.18 0.00 0.00 0.00 0.00 0.00 72.07
178 0.50 0.00 0.75 22.94 0.00 0.00 0.00 0.00 0.00 75.81
179 3.77 0.00 0.50 9.30 0.00 0.00 0.00 0.00 0.00 86.43
180 15.53 0.00 1.05 11.32 0.00 0.00 0.00 0.00 0.00 72.11
181 14.57 0.00 0.29 2.00 0.00 0.00 0.29 0.00 0.00 82.86
182 9.88 0.00 0.60 5.39 0.00 0.00 0.00 0.00 0.00 84.13
183 1.96 0.00 0.65 16.01 0.00 0.00 0.00 0.00 0.00 81.37
184 16.76 0.00 1.12 21.79 0.00 0.00 0.28 0.00 0.00 60.06
185 4.86 0.00 0.30 42.25 0.00 0.00 0.00 0.00 0.00 52.58
186 7.67 0.00 0.77 51.15 0.00 0.00 0.26 0.00 0.00 40.15
187 3.25 0.00 2.37 21.89 0.00 0.00 0.30 0.00 0.00 72.19
188 0.51 0.00 1.02 10.91 0.00 0.00 0.00 0.00 0.00 87.56
189 0.25 0.00 0.25 1.01 0.00 0.25 0.00 0.00 0.00 98.24
190 0.00 0.00 0.00 7.30 0.00 0.00 0.00 0.00 0.00 92.70
191 1.53 0.00 5.85 4.33 0.00 0.51 0.00 0.00 0.00 87.79
192 9.40 0.00 2.61 4.44 0.00 0.00 0.00 0.00 0.00 83.55
193 22.50 0.00 0.83 0.28 0.00 0.00 0.28 0.00 0.00 76.11
194 9.39 0.00 0.30 0.91 0.00 0.00 0.00 0.00 0.00 89.39
195 16.10 0.00 0.28 0.00 0.00 0.00 0.00 0.00 0.00 83.62
196 12.05 0.00 1.10 24.38 0.00 0.27 0.00 0.00 0.00 62.19
197 7.18 0.00 1.44 39.94 0.00 0.00 0.00 0.00 0.00 51.44
198 16.84 0.00 1.05 21.58 0.00 0.00 0.00 0.00 0.00 60.53
199 17.01 0.00 1.03 15.46 0.00 0.00 0.00 0.00 0.00 66.49
200 12.35 0.00 0.90 33.43 0.00 0.60 0.30 0.00 0.00 52.41
201 15.06 0.00 0.28 7.67 0.00 0.00 0.00 0.00 0.00 76.99
202 9.15 0.00 0.00 4.57 0.00 0.00 0.00 0.00 0.00 86.28
203 36.13 0.00 0.87 38.44 0.00 0.00 0.00 0.00 0.00 24.57
204 11.54 0.00 0.30 60.95 0.00 0.00 0.30 0.00 0.00 26.92
205 5.40 0.00 0.32 62.86 0.00 0.00 0.00 0.00 0.00 31.43
206 17.09 0.00 0.84 63.59 0.00 0.00 0.28 0.00 0.00 18.21
207 7.97 0.00 0.27 86.26 0.00 0.00 0.27 0.00 0.00 5.22
208 13.62 0.00 0.00 3.77 0.00 0.00 0.00 0.00 0.00 82.61
209 10.78 0.00 0.00 21.86 0.00 0.00 0.00 0.00 0.00 67.37
210 6.58 0.00 0.00 1.25 0.00 0.00 0.00 0.00 0.00 92.16
211 28.23 0.00 1.58 9.76 0.00 0.26 0.26 0.00 0.00 59.89
212 4.18 0.00 0.32 0.64 0.00 0.00 0.00 0.00 0.00 94.86
213 5.40 0.00 0.00 0.95 0.00 0.00 0.00 0.00 0.00 93.65
214 39.90 0.00 1.30 16.32 0.00 0.26 0.52 0.00 0.00 41.71
215 4.19 0.00 0.32 19.35 0.00 0.00 0.32 0.00 0.00 75.81
216 9.70 0.00 0.00 0.61 0.00 0.00 0.00 0.00 0.00 89.70
217 30.38 0.00 1.08 5.11 0.00 0.00 0.27 0.00 0.00 63.17
218 31.93 0.00 3.01 11.45 0.00 0.00 0.30 0.00 0.00 53.31
219 12.32 0.00 1.17 26.39 0.00 0.00 0.59 0.00 0.00 59.53
220 8.05 0.00 0.00 0.93 0.00 0.00 0.00 0.00 0.00 91.02
221 36.36 0.00 2.27 7.95 0.00 0.28 0.00 0.00 0.00 53.12
222 28.66 0.00 2.09 13.43 0.00 0.00 0.00 0.00 0.00 55.82
223 5.38 0.00 0.00 17.09 0.00 0.00 0.32 0.00 0.00 77.22
224 15.58 0.00 0.00 2.55 0.00 0.00 0.00 0.00 0.00 81.87
225 25.78 0.00 1.24 10.56 0.00 0.00 0.00 0.00 0.00 62.42
226 55.59 0.00 8.76 29.31 0.00 0.00 0.30 0.00 0.00 6.04
227 15.32 0.00 5.20 48.84 0.00 0.00 0.29 0.00 0.00 30.35
228 7.65 0.00 2.14 3.06 0.00 0.00 0.61 0.00 0.00 86.54
229 16.94 0.00 0.56 31.94 0.00 0.00 0.00 0.00 0.00 50.56
230 5.66 0.00 0.63 14.47 0.00 0.00 0.00 0.00 0.00 79.25
231 9.64 0.00 0.30 0.30 0.00 0.00 0.30 0.00 0.00 89.46
232 13.77 0.00 3.03 27.82 0.00 0.00 0.00 0.00 0.00 55.37
233 1.03 0.00 1.80 55.78 0.00 0.00 0.00 0.00 0.00 41.39
234 2.54 0.00 0.51 85.50 0.00 0.25 0.00 0.00 0.00 11.20
235 9.40 0.00 1.04 88.51 0.00 0.00 0.00 0.00 0.00 1.04
236 31.55 0.00 2.98 58.04 0.00 0.00 0.30 0.00 0.00 7.14
237 19.77 0.00 2.29 32.95 0.00 0.00 0.00 0.00 0.00 44.99
238 6.56 0.00 0.31 0.00 0.00 0.00 0.00 0.00 0.00 93.12
239 11.50 0.00 0.29 10.03 0.00 0.00 0.29 0.00 0.00 77.88
240 7.74 0.00 0.62 34.98 0.00 0.00 0.31 0.00 0.00 56.35
241 10.12 0.00 1.19 36.01 0.00 0.00 0.00 0.00 0.00 52.68
242 6.83 0.00 0.62 0.31 0.00 0.00 0.00 0.00 0.00 92.24
243 1.97 0.00 0.00 0.33 0.00 0.00 0.00 0.00 0.00 97.70
244 10.49 0.00 3.09 21.30 0.00 0.00 0.31 0.00 0.00 64.81
245 24.45 0.00 7.97 29.67 0.00 0.00 0.27 0.00 0.00 37.64
246 6.92 0.00 0.63 34.59 0.00 0.00 0.00 0.00 0.00 57.86
247 16.02 0.00 2.76 14.09 0.00 0.00 0.28 0.00 0.00 66.85
248 4.76 0.00 0.32 1.90 0.00 0.00 0.00 0.00 0.00 93.02
249 14.37 0.00 0.00 2.30 0.00 0.00 0.00 0.00 0.00 83.33
250 9.88 0.00 0.30 0.30 0.00 0.00 0.30 0.00 0.00 89.22
251 1.76 0.00 0.59 19.12 0.00 0.00 0.00 0.00 0.00 78.53
252 11.17 0.00 0.80 39.89 0.00 0.27 0.00 0.00 0.00 47.87
253 40.52 0.00 2.87 27.01 0.00 0.00 0.29 0.00 0.00 29.31
254 30.40 0.00 2.27 57.10 0.00 0.00 0.00 0.00 0.00 10.23
255 18.29 0.00 0.86 28.86 0.00 0.29 0.00 0.00 0.00 51.71
256 5.68 0.00 0.00 1.89 0.00 0.00 0.32 0.00 0.00 92.11
257 17.85 0.00 0.26 4.20 0.00 0.00 0.00 0.00 0.00 77.69
258 11.08 0.00 0.00 2.40 0.00 0.00 0.00 0.00 0.00 86.53
259 25.27 0.00 0.54 21.74 0.00 0.00 0.00 0.00 0.00 52.45
260 16.29 0.00 0.00 8.99 0.00 0.00 0.00 0.00 0.00 74.72
261 5.32 0.00 0.51 20.00 0.00 0.00 0.00 0.00 0.00 74.18
262 0.00 0.00 0.00 24.56 0.00 0.00 0.00 0.00 0.00 75.44
263 1.01 0.00 0.50 29.65 0.00 0.00 0.25 0.00 0.00 68.59
264 9.25 0.00 0.30 1.79 0.00 0.00 0.00 0.00 0.00 88.66
265 17.86 0.00 0.27 0.27 0.00 0.00 0.00 0.00 0.00 81.59
266 28.19 0.00 8.01 7.42 0.00 0.00 0.00 0.00 0.00 56.38
267 11.26 0.00 0.27 6.87 0.00 0.00 0.00 0.00 0.00 81.59
268 11.28 0.00 0.00 0.30 0.00 0.00 0.00 0.00 0.00 88.43
269 7.81 0.00 0.31 19.38 0.00 0.00 0.31 0.00 0.00 72.19
270 38.19 0.00 3.21 3.50 0.00 0.00 0.00 0.00 0.00 55.10
271 6.03 0.00 0.32 9.52 0.00 0.00 0.00 0.00 0.00 84.13
272 9.94 0.00 0.00 10.24 0.00 0.00 0.00 0.00 0.00 79.82
273 5.66 0.00 0.31 0.00 0.00 0.00 0.31 0.00 0.00 93.71
274 30.87 0.00 0.55 26.78 0.00 0.00 0.00 0.00 0.00 41.80
275 5.88 0.00 2.24 89.64 0.00 0.00 0.28 0.00 0.00 1.96
276 17.80 0.00 6.81 54.71 0.00 0.00 0.00 0.00 0.00 20.68
277 15.79 0.00 1.66 11.91 0.00 0.00 0.00 0.00 0.00 70.64
278 8.28 0.00 0.92 34.66 0.00 0.00 0.31 0.00 0.00 55.83
279 8.25 0.00 4.13 48.89 0.00 0.00 0.00 0.00 0.00 38.73
280 15.32 0.00 3.18 16.18 0.00 0.58 0.29 0.00 0.00 64.45
281 12.07 0.00 1.55 25.39 0.00 0.00 0.00 0.00 0.00 60.99
282 4.36 0.00 3.12 52.02 0.00 0.00 0.00 0.00 0.00 40.50
283 13.88 0.00 1.70 21.81 0.00 0.00 0.00 0.00 0.00 62.61
284 4.47 0.00 0.32 9.27 0.00 0.00 0.32 0.00 0.00 85.62
285 12.35 0.00 0.00 1.76 0.00 0.00 0.00 0.00 0.00 85.88
286 28.17 0.00 1.69 14.65 0.00 0.28 0.00 0.00 0.00 55.21
287 18.59 0.00 2.76 75.63 0.00 0.00 0.00 0.00 0.00 3.02
288 0.51 0.00 0.25 99.24 0.00 0.00 0.00 0.00 0.00 0.00
289 1.27 0.00 0.51 89.57 0.00 0.00 0.00 0.00 0.00 8.65
290 4.88 0.00 1.36 72.36 0.00 0.00 0.00 0.00 0.00 21.41
291 21.87 0.00 5.33 56.53 0.00 0.27 0.27 0.00 0.00 15.73
292 6.35 0.00 0.51 77.41 0.00 0.00 0.00 0.00 0.00 15.74
293 7.16 0.00 0.51 84.65 0.00 0.00 0.00 0.00 0.00 7.67
294 28.77 0.00 2.19 61.64 0.00 0.27 0.00 0.00 0.00 7.12
295 3.88 0.00 2.33 77.78 0.00 0.00 0.00 0.00 0.00 16.02
296 15.61 0.00 2.02 58.67 0.00 0.00 0.29 0.00 0.00 23.41
297 6.81 0.00 2.79 3.72 0.00 0.00 0.00 0.00 0.00 86.69
298 16.71 0.00 2.47 22.47 0.00 0.00 0.00 0.00 0.00 58.36
299 11.97 0.00 1.71 56.70 0.00 0.00 0.28 0.00 0.00 29.34
300 18.55 0.00 2.15 26.34 0.00 0.00 0.00 0.00 0.00 52.96
301 16.16 0.00 2.47 27.12 0.00 0.00 0.00 0.00 0.00 54.25
302 9.06 0.00 3.80 52.63 0.00 0.00 0.00 0.00 0.00 34.50
303 7.51 0.00 3.76 46.24 0.00 0.00 0.29 0.00 0.00 42.20
304 11.30 0.00 0.28 49.72 0.00 0.00 0.00 0.00 0.00 38.70
305 6.74 0.00 1.30 59.59 0.00 0.00 0.00 0.00 0.00 32.38
306 13.98 0.00 1.08 74.46 0.00 0.00 0.00 0.00 0.00 10.48
307 8.49 0.00 1.06 77.19 0.00 0.00 0.00 0.00 0.00 13.26
308 16.34 0.00 0.28 0.83 0.00 0.00 0.28 0.00 0.00 82.27
309 9.04 0.00 0.30 1.20 0.00 0.00 0.00 0.00 0.00 89.46
310 6.25 0.00 0.62 1.88 0.00 0.00 0.00 0.00 0.00 91.25
311 26.05 0.00 2.80 33.05 0.00 0.28 0.00 0.00 0.00 37.82
312 7.49 0.00 4.28 81.82 0.00 0.27 0.27 0.00 0.00 5.88
313 24.74 0.00 5.21 60.16 0.00 0.00 0.00 0.00 0.00 9.90
314 20.35 0.00 2.95 62.24 0.00 0.00 0.00 0.00 0.00 14.45
315 38.89 0.00 4.68 38.01 0.00 0.00 0.00 0.00 0.00 18.42
316 32.00 0.00 4.00 17.43 0.00 0.00 0.29 0.00 0.00 46.29
317 6.48 0.00 0.93 3.70 0.00 0.00 0.00 0.00 0.00 88.89
318 30.82 0.00 0.94 0.63 0.00 0.00 0.00 0.00 0.00 67.61
319 13.18 0.00 2.01 2.29 0.00 0.00 0.00 0.00 0.00 82.52
320 5.31 0.00 1.25 3.12 0.00 0.00 0.31 0.00 0.00 90.00
321 15.82 0.00 0.28 3.39 0.00 0.00 0.00 0.00 0.00 80.51
322 6.12 0.00 0.92 5.50 0.00 0.00 0.00 0.00 0.00 87.46
323 36.78 0.00 1.63 24.25 0.00 0.00 0.00 0.00 0.00 37.33
324 11.99 0.00 0.29 0.29 0.00 0.00 0.29 0.00 0.00 87.13
325 4.79 0.00 0.00 0.32 0.00 0.00 0.00 0.00 0.00 94.89
326 15.25 0.00 0.28 0.56 0.00 0.00 0.28 0.00 0.00 83.62
327 17.37 0.00 0.30 1.20 0.00 0.00 0.30 0.00 0.00 80.84
328 18.37 0.00 9.34 8.13 0.00 0.00 0.00 0.00 0.00 64.16
329 29.53 0.00 2.51 35.10 0.00 0.00 0.00 0.00 0.00 32.87
330 3.03 0.00 0.51 77.27 0.00 0.00 0.00 0.00 0.00 19.19
331 2.02 0.00 0.50 72.54 0.00 0.00 0.00 0.00 0.00 24.94
332 8.26 0.00 0.83 48.21 0.00 0.00 0.28 0.00 0.00 42.42
333 4.19 0.00 0.00 30.97 0.00 0.32 0.32 0.00 0.00 64.19
334 1.66 0.00 0.66 47.51 0.00 0.00 0.66 0.00 0.00 49.50
335 1.34 0.00 0.00 36.12 0.00 0.00 0.33 0.00 0.00 62.21
336 5.71 0.00 1.36 66.58 0.00 0.00 0.00 0.00 0.00 26.36
337 4.81 0.00 0.51 69.87 0.00 0.00 0.00 0.00 0.00 24.81
338 7.77 0.00 1.00 77.94 0.00 0.00 0.00 0.00 0.00 13.28
339 6.57 0.00 1.01 92.17 0.00 0.00 0.25 0.00 0.00 0.00
340 13.84 0.00 0.78 85.38 0.00 0.00 0.00 0.00 0.00 0.00
341 37.32 0.00 3.42 55.27 0.00 0.00 0.00 0.00 0.00 3.99
342 8.52 0.00 2.52 57.10 0.00 0.00 0.32 0.00 0.00 31.55
343 3.56 0.00 1.94 30.42 0.00 0.00 0.00 0.00 0.00 64.08
344 13.82 0.00 2.94 32.35 0.00 0.00 0.29 0.00 0.00 50.59
345 37.35 0.00 3.01 31.02 0.00 0.60 0.00 0.00 0.00 28.01
346 10.87 0.00 1.90 75.54 0.00 0.00 0.00 0.00 0.00 11.68
347 20.26 0.00 0.78 61.82 0.00 0.00 0.00 0.00 0.00 17.14
348 9.09 0.00 1.93 39.94 0.00 0.00 0.00 0.00 0.00 49.04
349 22.59 0.00 2.20 0.00 0.00 0.28 0.00 0.00 0.00 74.93
350 9.06 0.00 1.51 0.30 0.00 0.00 0.00 0.00 0.00 89.12
351 34.71 0.00 0.88 18.53 0.00 0.00 0.29 0.00 0.00 45.59
352 9.64 0.00 0.78 18.75 0.00 0.00 0.00 0.00 0.00 70.83
353 3.86 0.00 1.29 25.96 0.00 0.26 0.00 0.00 0.00 68.64
354 32.67 0.00 1.70 3.69 0.00 0.57 0.00 0.00 0.00 61.36
355 4.78 0.00 0.00 1.59 0.00 0.00 0.32 0.00 0.00 93.31
356 12.36 0.00 0.00 2.01 0.00 0.00 0.00 0.00 0.00 85.63
357 36.86 0.00 0.81 2.98 0.00 0.00 0.00 0.00 0.00 59.35
358 1.51 0.00 0.25 0.25 0.00 0.00 0.00 0.00 0.00 97.99
359 0.25 0.00 0.50 0.75 0.00 0.00 0.00 0.00 0.00 98.50
360 0.51 0.00 0.51 15.99 0.00 0.00 0.00 0.00 0.00 82.99
361 0.25 0.00 0.75 36.93 0.00 0.00 0.00 0.00 0.00 62.06
362 0.25 0.00 0.25 27.32 0.00 0.00 0.00 0.00 0.00 72.18
363 0.76 0.00 0.50 24.43 0.00 0.00 0.00 0.00 0.00 74.31
364 0.50 0.00 0.50 16.00 0.00 0.00 0.25 0.00 0.00 82.75
365 0.76 0.00 0.25 4.79 0.00 0.00 0.00 0.00 0.00 94.21
366 0.25 0.00 0.50 8.56 0.00 0.00 0.00 0.00 0.00 90.68
367 0.25 0.00 0.25 0.25 0.00 0.00 0.00 0.00 0.00 99.25
368 0.50 0.00 0.50 6.78 0.00 0.00 0.00 0.00 0.00 92.21
369 0.50 0.00 0.25 7.04 0.00 0.00 0.00 0.00 0.00 92.21
370 0.50 0.00 0.50 9.30 0.00 0.00 0.00 0.00 0.00 89.70
371 0.25 0.00 0.50 1.00 0.00 0.00 0.00 0.00 0.00 98.25
372 0.25 0.00 0.00 0.25 0.00 0.00 0.00 0.00 0.00 99.50
373 0.50 0.00 0.50 0.00 0.00 0.00 0.00 0.00 0.00 99.00
374 0.00 0.00 0.50 1.25 0.00 0.00 0.00 0.00 0.00 98.25
375 0.25 0.00 0.25 0.25 0.00 0.00 0.00 0.00 0.00 99.25
376 0.00 0.00 0.00 0.25 0.00 0.00 0.00 0.00 0.00 99.75
377 0.50 0.00 0.00 0.25 0.00 0.00 0.00 0.00 0.00 99.25
378 0.00 0.00 0.25 2.26 0.00 0.00 0.00 0.00 0.00 97.49
379 1.51 0.00 0.25 10.83 0.00 0.00 0.00 0.00 0.00 87.41
380 8.59 0.00 1.26 65.66 0.00 0.00 0.00 0.00 0.00 24.49
381 39.33 0.00 1.12 54.78 0.00 0.00 0.00 0.00 0.00 4.78
382 21.79 0.00 2.82 66.15 0.00 0.00 0.00 0.00 0.00 9.23
383 1.77 0.00 0.51 1.26 0.00 0.25 0.00 0.00 0.00 96.21
384 0.50 0.00 0.25 0.00 0.00 0.00 0.00 0.00 0.00 99.25
385 0.50 0.00 0.25 0.50 0.00 0.00 0.00 0.00 0.00 98.74
386 0.25 0.00 0.25 0.75 0.00 0.00 0.00 0.00 0.00 98.74
387 15.07 0.00 2.19 1.37 0.00 0.00 0.00 0.00 0.00 81.37
388 40.36 0.00 0.60 0.00 0.00 0.00 0.30 0.00 0.00 58.73
389 8.02 0.00 0.00 0.31 0.00 0.00 0.00 0.00 0.00 91.67
390 13.26 0.00 0.58 0.29 0.00 0.00 0.00 0.00 0.00 85.88
391 7.41 0.00 0.62 0.93 0.00 0.00 0.00 0.00 0.00 91.05
392 8.46 0.00 1.81 0.91 0.00 0.30 0.30 0.00 0.00 88.22
393 6.23 0.00 0.62 0.00 0.00 0.00 0.31 0.00 0.00 92.83
394 12.86 0.00 3.43 8.00 0.00 0.00 0.00 0.00 0.00 75.71
395 18.65 0.00 0.54 1.08 0.00 0.00 0.00 0.00 0.00 79.73
396 6.81 0.00 1.24 0.00 0.00 0.00 0.31 0.00 0.00 91.64
397 18.38 0.00 1.62 0.27 0.00 0.00 0.00 0.00 0.00 79.73
398 17.36 0.00 1.10 1.10 0.00 0.00 0.00 0.00 0.00 80.44
399 9.09 0.00 2.56 22.16 0.00 0.00 0.28 0.00 0.00 65.91
400 14.81 0.00 0.85 29.63 0.00 0.00 0.00 0.00 0.00 54.70
401 13.07 0.00 0.57 30.11 0.00 0.00 0.00 0.00 0.00 56.25
402 3.56 0.00 0.32 51.78 0.00 0.00 0.32 0.00 0.00 44.01
403 7.81 0.00 0.90 16.82 0.00 0.00 0.00 0.00 0.00 74.47
404 4.73 0.00 0.32 6.62 0.00 0.00 0.00 0.00 0.00 88.33
405 10.12 0.00 1.79 12.80 0.00 0.00 0.00 0.00 0.00 75.30
406 17.39 0.00 1.45 24.35 0.00 0.00 0.00 0.00 0.00 56.81
407 20.00 0.00 0.27 61.33 0.00 0.00 0.00 0.00 0.00 18.40
408 40.05 0.00 8.45 38.42 0.00 0.00 0.00 0.00 0.00 13.08
409 0.75 0.00 0.50 62.56 0.00 0.00 0.00 0.00 0.00 36.18
410 3.28 0.00 0.00 71.21 0.00 0.00 0.25 0.00 0.00 25.25
411 4.60 0.00 0.00 74.94 0.00 0.00 0.00 0.00 0.00 20.46
412 8.02 0.00 1.00 88.22 0.00 0.00 0.00 0.00 0.00 2.76
413 27.98 0.00 1.55 55.70 0.00 0.00 0.00 0.00 0.00 14.77
414 20.00 0.00 2.60 68.05 0.00 0.00 0.00 0.00 0.00 9.35
415 9.39 0.00 1.52 0.91 0.00 0.00 0.00 0.00 0.00 88.18
416 9.88 0.00 0.60 0.30 0.00 0.00 0.30 0.00 0.00 88.92
417 36.06 0.00 0.30 6.06 0.00 0.00 0.00 0.00 0.00 57.58
418 16.99 0.00 0.00 6.96 0.00 0.00 0.00 0.00 0.00 76.04
419 10.51 0.00 0.00 0.00 0.00 0.00 0.00 0.00 0.00 89.49
420 2.73 0.00 0.82 15.57 0.00 0.00 0.27 0.00 0.00 80.60
421 1.84 0.00 1.32 20.79 0.00 0.00 0.00 0.00 0.00 76.05
422 4.13 0.00 0.63 3.17 0.00 0.00 0.00 0.00 0.00 92.06
423 9.88 0.00 0.60 2.99 0.00 0.00 0.30 0.00 0.00 86.23
424 0.67 0.00 0.67 17.00 0.00 0.00 0.00 0.00 0.00 81.67
425 19.15 0.00 2.39 4.79 0.00 0.00 0.00 0.00 0.00 73.67
426 13.96 0.00 0.85 2.85 0.00 0.00 0.00 0.00 0.00 82.34
427 13.17 0.00 1.50 4.19 0.00 0.00 0.30 0.00 0.00 80.84
428 34.44 0.00 1.39 35.28 0.00 0.00 0.28 0.00 0.00 28.61
429 38.00 0.00 3.14 36.00 0.00 0.29 0.00 0.00 0.00 22.57
430 2.52 0.00 1.26 89.92 0.00 0.00 0.00 0.00 0.00 6.30
431 0.00 0.00 0.50 99.50 0.00 0.00 0.00 0.00 0.00 0.00
432 0.25 0.00 0.25 86.62 0.00 0.00 0.00 0.00 0.00 12.88
433 0.26 0.00 2.06 62.98 0.00 0.00 0.26 0.00 0.00 34.45
434 0.00 0.00 0.76 96.98 0.00 0.00 0.00 0.00 0.00 2.27
435 0.76 0.00 0.50 80.10 0.00 0.00 0.00 0.00 0.00 18.64
436 10.33 0.00 1.51 84.89 0.00 0.00 0.00 0.00 0.00 3.27
437 22.87 0.00 1.86 58.51 0.00 0.00 0.27 0.00 0.00 16.49
438 12.66 0.00 1.81 81.14 0.00 0.00 0.00 0.00 0.00 4.39
439 26.67 0.00 1.67 56.11 0.00 0.00 0.00 0.00 0.00 15.56
440 11.63 0.00 0.00 12.47 0.00 0.00 0.00 0.00 0.00 75.90
441 17.79 0.00 0.27 2.70 0.00 0.27 0.00 0.00 0.00 78.98
442 5.68 0.00 0.32 0.32 0.00 0.00 0.00 0.00 0.00 93.69
443 9.09 0.00 0.94 7.52 0.00 0.00 0.31 0.00 0.00 82.13
444 8.48 0.00 1.21 0.91 0.00 0.00 0.30 0.00 0.00 89.09
445 8.46 0.00 1.51 0.91 0.00 0.00 0.00 0.00 0.00 89.12
446 10.91 0.00 1.77 2.36 0.00 0.00 0.29 0.00 0.00 84.66
447 14.53 0.00 1.16 5.52 0.00 0.00 0.29 0.00 0.00 78.49
448 8.21 0.00 1.22 4.86 0.00 0.00 0.00 0.00 0.00 85.71
449 9.09 0.00 0.91 0.30 0.00 0.00 0.00 0.00 0.00 89.70
450 7.88 0.00 1.21 6.36 0.00 0.00 0.00 0.00 0.00 84.55
451 23.47 0.00 0.77 34.95 0.00 0.00 0.00 0.00 0.00 40.82
452 59.36 0.00 8.77 21.35 0.00 0.00 0.29 0.00 0.00 10.23
453 0.50 0.00 0.50 4.02 0.00 0.00 0.00 0.00 0.00 94.97
454 0.50 0.00 0.25 14.00 0.00 0.00 0.00 0.00 0.00 85.25
455 0.25 0.00 0.50 8.31 0.00 0.00 0.00 0.00 0.00 90.93
456 0.25 0.00 0.25 0.50 0.00 0.00 0.00 0.00 0.00 99.00
457 0.50 0.00 0.25 1.00 0.00 0.00 0.00 0.00 0.00 98.25
458 0.00 0.00 0.25 0.00 0.00 0.00 0.00 0.00 0.00 99.75
459 0.00 0.00 0.00 9.30 0.00 0.00 0.00 0.00 0.00 90.70
460 0.25 0.00 0.50 24.75 0.00 0.00 0.00 0.00 0.00 74.50
461 0.50 0.00 0.50 27.25 0.00 0.00 0.00 0.00 0.00 71.75
462 0.25 0.00 0.50 3.01 0.00 0.00 0.00 0.00 0.00 96.24
463 0.50 0.00 0.25 0.25 0.00 0.00 0.00 0.00 0.00 99.00
464 0.25 0.00 0.25 1.25 0.00 0.00 0.00 0.00 0.00 98.25
465 0.25 0.00 0.00 0.00 0.00 0.00 0.00 0.00 0.00 99.75
466 0.25 0.00 0.00 0.25 0.00 0.00 0.00 0.00 0.00 99.50
467 0.00 0.00 0.00 0.00 0.00 0.00 0.00 0.00 0.00 100.00
468 0.25 0.00 0.25 0.25 0.00 0.00 0.00 0.00 0.00 99.25
469 0.00 0.00 0.25 0.00 0.00 0.00 0.00 0.00 0.00 99.75
470 0.00 0.00 0.00 0.50 0.00 0.00 0.00 0.00 0.00 99.50
471 0.25 0.00 0.00 0.50 0.00 0.00 0.00 0.00 0.00 99.25
472 0.00 0.00 0.00 0.25 0.00 0.00 0.00 0.00 0.00 99.75
473 0.00 0.00 0.00 0.25 0.00 0.00 0.00 0.00 0.00 99.75
474 0.25 0.00 0.25 7.79 0.00 0.00 0.00 0.00 0.00 91.71
475 1.01 0.00 0.25 24.18 0.00 0.00 0.00 0.00 0.00 74.56
476 5.68 0.00 1.55 61.50 0.00 0.00 0.00 0.00 0.00 31.27
477 23.86 0.00 2.14 57.10 0.00 0.00 0.27 0.00 0.00 16.62
478 8.27 0.00 1.81 76.74 0.00 0.00 0.00 0.00 0.00 13.18
479 37.44 0.00 0.77 38.21 0.00 0.26 0.00 0.00 0.00 23.33
480 13.87 0.00 0.00 0.58 0.00 0.00 0.00 0.00 0.00 85.55
481 7.43 0.00 0.00 0.31 0.00 0.00 0.00 0.00 0.00 92.26
482 13.29 0.00 0.29 2.60 0.00 0.00 0.29 0.00 0.00 83.53
483 36.69 0.00 3.08 28.01 0.00 0.00 0.00 0.00 0.00 32.21
484 16.76 0.00 1.40 5.87 0.00 0.00 0.00 0.00 0.00 75.98
485 14.12 0.00 0.86 12.97 0.00 0.29 0.29 0.00 0.00 71.47
486 11.48 0.00 0.91 30.82 0.00 0.00 0.30 0.00 0.00 56.50
487 10.05 0.00 0.54 46.20 0.00 0.00 0.00 0.00 0.00 43.21
488 65.00 0.00 0.29 13.82 0.00 0.00 0.00 0.00 0.00 20.88
489 61.63 0.00 0.30 1.21 0.00 0.00 0.00 0.00 0.00 36.86
490 9.67 0.00 0.30 0.30 0.00 0.00 0.30 0.00 0.00 89.43
491 11.99 0.00 0.29 2.05 0.00 0.00 0.00 0.00 0.00 85.67
492 85.20 0.00 1.12 2.23 0.00 0.00 0.00 0.00 0.00 11.45
493 1.51 0.00 1.01 42.96 0.00 0.00 0.25 0.00 0.00 54.27
494 11.20 0.00 3.65 36.98 0.00 0.26 0.00 0.00 0.00 47.92
495 90.46 0.00 4.34 1.45 0.00 0.29 0.29 0.00 0.00 3.18
496 48.82 0.00 3.82 27.65 0.00 0.29 0.29 0.00 0.00 19.12
497 18.25 0.00 2.31 54.76 0.00 0.26 0.00 0.00 0.00 24.42
498 4.05 0.00 0.76 73.92 0.00 0.00 0.00 0.00 0.00 21.27
499 2.82 0.00 1.03 53.59 0.00 0.00 0.00 0.00 0.00 42.56
500 1.26 0.00 0.50 18.39 0.00 0.00 0.00 0.00 0.00 79.85
501 1.86 0.00 0.27 6.38 0.00 0.00 0.00 0.00 0.00 91.49
502 0.25 0.00 0.00 2.01 0.00 0.00 0.00 0.00 0.00 97.74
503 32.74 0.00 2.65 7.37 0.00 0.29 0.00 0.00 0.00 56.93
504 72.26 0.00 2.74 7.93 0.00 0.30 0.30 0.00 0.00 16.46
505 73.27 0.00 0.90 3.00 0.00 0.00 0.00 0.00 0.00 22.82
506 9.67 0.00 0.91 7.25 0.00 0.00 0.00 0.00 0.00 82.18
507 61.26 0.00 4.19 18.32 0.00 0.00 0.26 0.00 0.00 15.97
508 24.33 0.00 1.07 37.43 0.00 0.00 0.00 0.00 0.00 37.17
509 2.78 0.00 0.51 46.08 0.00 0.00 0.00 0.00 0.00 50.63
510 68.66 0.00 5.41 10.54 0.00 0.28 0.00 0.00 0.00 15.10
511 42.39 0.00 3.28 19.10 0.00 0.30 0.00 0.00 0.00 34.93
512 1.26 0.00 0.76 19.70 0.00 0.00 0.00 0.00 0.00 78.28
513 0.25 0.00 0.75 25.50 0.00 0.00 0.00 0.00 0.00 73.50
514 4.47 0.00 1.32 32.37 0.00 0.00 0.00 0.00 0.00 61.84
515 24.47 0.00 1.58 8.42 0.00 0.00 0.00 0.00 0.00 65.53
516 12.79 0.00 0.87 0.87 0.00 0.00 0.29 0.00 0.00 85.17
517 20.96 0.00 1.42 14.73 0.00 0.28 0.00 0.00 0.00 62.61
518 15.57 0.00 1.50 30.54 0.00 0.00 0.30 0.00 0.00 52.10
519 0.50 0.00 1.00 67.75 0.00 0.00 0.00 0.00 0.00 30.75
520 0.50 0.00 0.00 59.45 0.00 0.00 0.00 0.00 0.00 40.05
521 0.76 0.00 0.25 31.99 0.00 0.00 0.00 0.00 0.00 67.00
522 0.51 0.00 0.51 29.37 0.00 0.00 0.00 0.00 0.00 69.62
523 0.00 0.00 0.25 0.50 0.00 0.00 0.00 0.00 0.00 99.25
524 0.75 0.00 0.25 0.00 0.00 0.00 0.00 0.00 0.00 99.00
525 0.00 0.00 0.51 10.10 0.00 0.00 0.00 0.00 0.00 89.39
526 0.25 0.00 0.00 1.50 0.00 0.00 0.00 0.00 0.00 98.25
527 0.50 0.00 0.75 8.00 0.00 0.00 0.00 0.00 0.00 90.75
528 0.25 0.00 0.00 26.88 0.00 0.00 0.00 0.00 0.00 72.86
529 0.00 0.00 0.00 16.58 0.00 0.00 0.00 0.00 0.00 83.42
530 0.00 0.00 0.25 0.25 0.00 0.00 0.00 0.00 0.00 99.50
531 0.25 0.00 0.00 0.75 0.00 0.00 0.00 0.00 0.00 98.99
532 0.00 0.00 0.25 0.75 0.00 0.00 0.00 0.00 0.00 98.99
533 0.25 0.00 0.00 0.00 0.00 0.00 0.00 0.00 0.00 99.75
534 0.25 0.00 0.50 21.66 0.00 0.25 0.00 0.00 0.00 77.33
535 0.25 0.00 0.25 25.81 0.00 0.00 0.00 0.00 0.00 73.68
536 0.25 0.00 0.50 24.12 0.00 0.00 0.00 0.00 0.00 75.13
537 0.75 0.00 0.25 1.25 0.00 0.00 0.00 0.00 0.00 97.76
538 0.00 0.00 0.50 1.50 0.00 0.00 0.00 0.00 0.00 98.00
539 0.76 0.00 0.50 22.17 0.00 0.00 0.00 0.00 0.00 76.57
540 0.75 0.00 0.00 0.50 0.00 0.00 0.00 0.00 0.00 98.75
541 0.00 0.00 0.50 0.00 0.00 0.00 0.00 0.00 0.00 99.50
542 0.00 0.00 0.50 0.50 0.00 0.00 0.00 0.00 0.00 99.00
543 0.50 0.00 0.50 0.50 0.00 0.00 0.00 0.00 0.00 98.50
544 0.00 0.00 0.25 12.85 0.00 0.00 0.25 0.00 0.00 86.65
545 0.25 0.00 1.01 20.35 0.00 0.00 0.25 0.00 0.00 78.14
546 0.25 0.00 0.75 3.76 0.00 0.00 0.00 0.00 0.00 95.24
547 0.75 0.00 0.00 0.25 0.00 0.00 0.00 0.00 0.00 99.00
548 0.50 0.00 0.25 0.00 0.00 0.00 0.00 0.00 0.00 99.25
549 0.00 0.00 0.25 0.00 0.00 0.00 0.00 0.00 0.00 99.75
550 0.00 0.00 0.25 2.01 0.00 0.00 0.00 0.00 0.00 97.74
551 0.25 0.00 0.25 0.00 0.00 0.00 0.00 0.00 0.00 99.50
552 0.50 0.00 0.50 4.98 0.00 0.00 0.00 0.00 0.00 94.03
553 0.00 0.00 0.50 5.51 0.00 0.00 0.00 0.00 0.00 93.98
554 0.50 0.00 0.25 53.27 0.00 0.00 0.00 0.00 0.00 45.98
555 0.50 0.00 0.50 51.13 0.00 0.00 0.00 0.00 0.00 47.87
556 0.25 0.00 0.75 50.13 0.00 0.00 0.00 0.00 0.00 48.87
557 1.00 0.00 1.00 55.89 0.00 0.00 0.00 0.00 0.00 42.11
558 0.25 0.00 0.25 34.01 0.00 0.00 0.00 0.00 0.00 65.49
559 1.31 0.00 3.40 28.80 0.00 0.00 0.00 0.00 0.00 66.49
560 0.25 0.00 0.25 17.00 0.00 0.00 0.00 0.00 0.00 82.50
561 0.00 0.00 0.00 0.25 0.00 0.00 0.00 0.00 0.00 99.75
562 0.00 0.00 0.00 0.25 0.00 0.00 0.00 0.00 0.00 99.75
563 0.00 0.00 0.50 24.06 0.00 0.00 0.00 0.00 0.00 75.44
564 0.76 0.00 0.25 26.01 0.00 0.00 0.00 0.00 0.00 72.98
565 0.76 0.00 0.00 7.30 0.00 0.00 0.00 0.00 0.00 91.94
566 0.00 0.00 0.00 0.50 0.00 0.00 0.00 0.00 0.00 99.50
567 0.00 0.00 0.00 0.50 0.00 0.00 0.00 0.00 0.00 99.50
568 0.00 0.00 0.00 0.00 0.00 0.00 0.00 0.00 0.00 100.00
569 0.00 0.00 0.00 0.00 0.00 0.00 0.00 0.00 0.00 100.00
570 0.00 0.00 0.00 0.25 0.00 0.00 0.00 0.00 0.00 99.75
571 0.25 0.00 0.25 0.50 0.00 0.00 0.00 0.00 0.00 99.00
572 0.00 0.00 0.00 0.50 0.00 0.00 0.00 0.00 0.00 99.50
573 0.00 0.00 0.00 0.25 0.00 0.00 0.00 0.00 0.00 99.75
574 0.00 0.00 0.25 0.76 0.00 0.00 0.00 0.00 0.00 98.99
575 0.25 0.00 0.00 2.01 0.00 0.00 0.00 0.00 0.00 97.74
576 0.00 0.00 0.00 0.75 0.00 0.00 0.00 0.00 0.00 99.25
577 0.25 0.00 0.00 0.25 0.00 0.00 0.00 0.00 0.00 99.50
578 0.00 0.00 0.00 1.00 0.00 0.00 0.00 0.00 0.00 99.00
579 0.25 0.00 0.50 7.81 0.00 0.00 0.00 0.00 0.00 91.44
580 0.00 0.00 0.00 0.50 0.00 0.00 0.00 0.00 0.00 99.50
581 0.25 0.00 0.00 3.51 0.00 0.00 0.00 0.00 0.00 96.24
582 0.25 0.00 0.50 19.30 0.00 0.00 0.00 0.00 0.00 79.95
583 0.00 0.00 0.00 0.50 0.00 0.00 0.00 0.00 0.00 99.50
584 0.00 0.00 0.00 0.25 0.00 0.00 0.00 0.00 0.00 99.75
585 0.25 0.00 0.25 0.25 0.00 0.00 0.00 0.00 0.00 99.25
586 0.00 0.00 0.25 0.00 0.00 0.00 0.00 0.00 0.00 99.75
587 0.00 0.00 0.00 0.50 0.00 0.00 0.00 0.00 0.00 99.50
588 0.00 0.00 0.00 0.50 0.00 0.00 0.00 0.00 0.00 99.50
589 0.25 0.00 0.25 0.25 0.00 0.00 0.00 0.00 0.00 99.25
590 0.00 0.00 0.25 0.25 0.00 0.00 0.00 0.00 0.00 99.50
591 0.25 0.00 0.00 0.50 0.00 0.00 0.00 0.00 0.00 99.25
592 0.25 0.00 0.00 0.50 0.00 0.00 0.00 0.00 0.00 99.25
593 0.00 0.00 0.00 0.25 0.00 0.00 0.00 0.00 0.00 99.75
594 0.25 0.00 0.00 0.50 0.00 0.00 0.00 0.00 0.00 99.25
595 0.00 0.00 0.00 0.50 0.00 0.00 0.00 0.00 0.00 99.50
596 0.00 0.00 0.00 0.75 0.00 0.00 0.00 0.00 0.00 99.25
597 0.25 0.00 0.25 0.50 0.00 0.00 0.00 0.00 0.00 99.00
598 0.00 0.00 0.25 0.00 0.00 0.00 0.00 0.00 0.00 99.75
599 0.00 0.00 0.00 0.50 0.00 0.00 0.00 0.00 0.00 99.50
600 0.25 0.00 0.50 0.25 0.00 0.00 0.25 0.00 0.00 98.75
601 0.50 0.00 0.76 23.43 0.00 0.00 0.00 0.00 0.00 75.31
602 1.76 0.00 1.26 22.17 0.00 0.00 0.00 0.00 0.00 74.81
603 2.02 0.00 1.77 21.72 0.00 0.00 0.00 0.00 0.00 74.49
604 1.76 0.00 1.51 22.92 0.00 0.00 0.00 0.00 0.00 73.80
605 2.26 0.00 1.76 25.38 0.00 0.00 0.00 0.00 0.00 70.60
606 0.50 0.00 0.00 26.07 0.00 0.00 0.00 0.00 0.00 73.43
607 0.00 0.00 0.25 26.07 0.00 0.00 0.00 0.00 0.00 73.68
608 0.00 0.00 0.25 26.32 0.00 0.00 0.00 0.00 0.00 73.43
609 0.00 0.00 0.00 24.87 0.00 0.00 0.00 0.00 0.00 75.13
610 0.00 0.00 0.25 24.87 0.00 0.00 0.00 0.00 0.00 74.87
611 0.00 0.00 0.25 25.06 0.00 0.00 0.00 0.00 0.00 74.69
612 0.25 0.00 0.00 25.13 0.00 0.00 0.00 0.00 0.00 74.62
613 0.25 0.00 0.25 24.62 0.00 0.00 0.00 0.00 0.00 74.87
614 6.20 0.00 0.26 16.80 0.00 0.26 0.00 0.00 0.00 76.49
615 0.00 0.00 0.25 24.81 0.00 0.00 0.00 0.00 0.00 74.94
616 0.25 0.00 0.25 25.44 0.00 0.00 0.00 0.00 0.00 74.06
617 0.25 0.00 0.00 24.81 0.00 0.00 0.25 0.00 0.00 74.69
618 3.29 0.00 0.55 5.48 0.00 0.00 0.00 0.00 0.00 90.68
619 0.00 0.00 0.25 2.25 0.00 0.00 0.00 0.00 0.00 97.50
620 0.25 0.00 0.00 0.00 0.00 0.00 0.00 0.00 0.00 99.75
621 0.00 0.00 0.00 0.25 0.00 0.00 0.00 0.00 0.00 99.75
622 0.00 0.00 0.00 0.25 0.00 0.00 0.00 0.00 0.00 99.75
623 0.25 0.00 0.00 0.00 0.00 0.00 0.00 0.00 0.00 99.75
624 0.00 0.00 0.00 0.50 0.00 0.00 0.00 0.00 0.00 99.50
625 0.00 0.00 0.00 0.00 0.00 0.00 0.00 0.00 0.00 100.00
626 2.64 0.00 2.11 1.32 0.00 0.00 0.00 0.00 0.00 93.93
