0 0.25 0.00 0.25 2.01 0.00 0.00 0.00 0.00 0.00 97.49
1 0.00 0.00 0.25 0.00 0.00 0.00 0.00 0.00 0.00 99.75
2 0.25 0.00 0.00 0.50 0.00 0.00 0.00 0.00 0.00 99.25
3 0.00 0.00 0.25 0.75 0.00 0.00 0.00 0.00 0.00 98.99
4 0.00 0.00 0.00 0.76 0.00 0.00 0.25 0.00 0.00 98.99
5 0.25 0.00 0.00 0.25 0.00 0.00 0.25 0.00 0.00 99.25
6 0.00 0.00 0.25 0.00 0.00 0.00 0.00 0.00 0.00 99.75
7 3.27 0.00 1.76 0.25 0.00 0.00 0.00 0.00 0.00 94.72
8 2.77 0.00 1.26 1.01 0.00 0.00 0.00 0.00 0.00 94.96
9 0.00 0.00 0.25 0.25 0.00 0.00 0.00 0.00 0.00 99.50
10 0.50 0.00 0.25 0.25 0.00 0.00 0.00 0.00 0.00 98.99
11 0.00 0.00 0.25 1.76 0.00 0.00 0.00 0.00 0.00 97.99
12 0.25 0.00 0.25 2.01 0.00 0.00 0.00 0.00 0.00 97.49
13 30.00 0.00 4.36 2.31 0.00 0.00 0.00 0.00 0.00 63.33
14 38.17 0.00 1.53 1.02 0.00 0.00 0.25 0.00 0.00 59.03
15 25.52 0.00 5.41 1.29 0.00 0.00 0.00 0.00 0.00 67.78
16 20.93 0.00 10.59 18.09 0.00 0.52 0.26 0.00 0.00 49.61
17 15.05 0.00 9.95 7.40 0.00 0.00 0.00 0.00 0.00 67.60
18 2.79 0.00 0.51 21.57 0.00 0.00 0.00 0.00 0.00 75.13
19 27.41 0.00 4.82 4.06 0.00 0.00 0.25 0.00 0.00 63.45
20 14.99 0.00 2.07 20.67 0.00 0.00 0.00 0.00 0.00 62.27
21 70.65 0.00 3.90 15.58 0.00 0.26 0.00 0.00 0.00 9.61
22 97.12 0.00 2.36 0.00 0.00 0.00 0.00 0.00 0.00 0.52
23 61.83 0.00 10.43 11.20 0.00 0.25 0.51 0.00 0.00 15.78
24 92.21 0.00 4.42 0.78 0.00 0.00 0.00 0.00 0.00 2.60
25 91.26 0.00 4.63 0.51 0.00 0.00 0.26 0.00 0.00 3.34
26 53.08 0.00 3.85 0.77 0.00 0.00 0.00 0.00 0.00 42.31
27 0.25 0.00 0.25 1.01 0.00 0.00 0.00 0.00 0.00 98.49
28 3.30 0.00 0.76 0.25 0.00 0.00 0.76 0.00 0.00 94.92
29 83.03 0.00 7.83 0.00 0.00 0.52 0.00 0.00 0.00 8.62
30 88.19 0.00 7.09 0.26 0.00 0.26 0.00 0.00 0.00 4.20
31 89.84 0.00 6.51 0.26 0.00 0.52 0.26 0.00 0.00 2.60
32 89.23 0.00 2.05 2.05 0.00 0.51 0.00 0.00 0.00 6.15
33 94.06 0.00 2.84 0.00 0.00 0.26 0.00 0.00 0.00 2.84
34 91.33 0.00 6.50 0.00 0.00 0.27 0.27 0.00 0.00 1.63
35 92.86 0.00 5.10 0.00 0.00 0.26 0.00 0.00 0.00 1.79
36 92.25 0.00 4.13 0.00 0.00 0.00 0.00 0.00 0.00 3.62
37 89.11 0.00 5.06 0.00 0.00 0.51 0.25 0.00 0.00 5.06
38 93.99 0.00 4.70 0.00 0.00 0.26 0.00 0.00 0.00 1.04
39 63.61 0.00 2.54 3.31 0.00 0.25 0.00 0.00 0.00 30.28
40 93.86 0.00 3.07 0.51 0.00 0.00 0.00 0.00 0.00 2.56
41 92.13 0.00 5.58 0.00 0.00 0.51 0.00 0.00 0.00 1.78
42 92.31 0.00 6.67 0.00 0.00 0.00 0.26 0.00 0.00 0.77
43 91.91 0.00 5.74 0.00 0.00 0.26 0.00 0.00 0.00 2.09
44 90.62 0.00 6.25 0.00 0.00 0.52 0.26 0.00 0.00 2.34
45 93.96 0.00 4.72 0.00 0.00 0.00 0.00 0.00 0.00 1.31
46 91.99 0.00 5.68 0.00 0.00 0.00 0.00 0.00 0.00 2.33
47 66.15 0.00 4.10 1.03 0.00 0.00 0.26 0.00 0.00 28.46
48 91.33 0.00 5.61 0.26 0.00 1.53 0.00 0.00 0.00 1.28
49 66.92 0.00 22.05 6.67 0.00 0.00 0.00 0.00 0.00 4.36
50 77.63 0.00 14.74 0.26 0.00 0.26 0.00 0.00 0.00 7.11
51 76.73 0.00 2.56 15.35 0.00 0.51 0.00 0.00 0.00 4.86
52 71.10 0.00 26.85 1.53 0.00 0.00 0.00 0.00 0.00 0.51
53 64.16 0.00 11.95 18.44 0.00 0.52 0.00 0.00 0.00 4.94
54 3.59 0.00 0.51 77.95 0.00 0.00 0.26 0.00 0.00 17.69
55 5.41 0.00 0.52 79.12 0.00 0.00 0.00 0.00 0.00 14.95
56 12.37 0.00 0.77 72.68 0.00 0.26 0.00 0.00 0.00 13.92
57 68.81 0.00 8.25 15.72 0.00 0.26 0.00 0.00 0.00 6.96
58 28.46 0.00 5.22 21.93 0.00 0.00 0.52 0.00 0.00 43.86
59 23.25 0.00 0.50 2.00 0.00 0.00 0.00 0.00 0.00 74.25
60 31.89 0.00 0.77 4.08 0.00 0.00 0.00 0.00 0.00 63.27
61 36.72 0.00 5.47 42.97 0.00 0.00 0.00 0.00 0.00 14.84
62 33.77 0.00 2.90 46.70 0.00 0.53 0.53 0.00 0.00 15.57
63 18.30 0.00 4.12 12.11 0.00 0.00 0.00 0.00 0.00 65.46
64 19.54 0.00 0.51 2.31 0.00 0.00 0.00 0.00 0.00 77.63
65 66.58 0.00 3.92 18.80 0.00 0.26 0.26 0.00 0.00 10.18
66 0.51 0.00 0.25 49.49 0.00 0.00 0.00 0.00 0.00 49.75
67 0.25 0.00 0.25 48.48 0.00 0.00 0.00 0.00 0.00 51.01
68 0.51 0.00 0.51 22.98 0.00 0.00 0.00 0.00 0.00 76.01
69 0.25 0.00 0.50 21.86 0.00 0.00 0.00 0.00 0.00 77.39
70 0.25 0.00 0.00 25.25 0.00 0.00 0.00 0.00 0.00 74.49
71 0.00 0.00 0.25 20.60 0.00 0.00 0.25 0.00 0.00 78.89
72 0.50 0.00 0.50 11.53 0.00 0.00 0.00 0.00 0.00 87.47
73 0.25 0.00 0.25 4.77 0.00 0.00 0.00 0.00 0.00 94.72
74 0.25 0.00 0.50 1.51 0.00 0.00 0.00 0.00 0.00 97.73
75 22.68 0.00 2.32 46.91 0.00 0.26 0.26 0.00 0.00 27.58
76 61.03 0.00 3.08 25.13 0.00 0.00 0.00 0.00 0.00 10.77
77 62.30 0.00 3.93 26.44 0.00 0.52 0.26 0.00 0.00 6.54
78 38.72 0.00 4.87 4.10 0.00 0.00 0.00 0.00 0.00 52.31
79 25.06 0.00 0.25 0.25 0.00 0.00 0.00 0.00 0.00 74.44
80 63.61 0.00 6.54 1.31 0.00 1.05 0.26 0.00 0.00 27.23
81 69.55 0.00 3.67 9.19 0.00 0.52 0.26 0.00 0.00 16.80
82 19.31 0.00 1.06 55.82 0.00 0.26 0.53 0.00 0.00 23.02
83 32.73 0.00 1.56 52.21 0.00 0.26 0.00 0.00 0.00 13.25
84 63.75 0.00 0.51 16.71 0.00 0.26 0.26 0.00 0.00 18.51
85 66.15 0.00 5.68 3.36 0.00 0.26 0.00 0.00 0.00 24.55
86 24.87 0.00 0.25 1.01 0.00 0.00 0.00 0.00 0.00 73.87
87 25.00 0.00 0.00 1.26 0.00 0.00 0.00 0.00 0.00 73.74
88 10.70 0.00 2.35 78.59 0.00 0.00 0.26 0.00 0.00 8.09
89 15.84 0.00 1.30 80.00 0.00 0.00 0.26 0.00 0.00 2.60
90 37.31 0.00 0.52 25.13 0.00 0.00 0.26 0.00 0.00 36.79
91 16.11 0.00 1.53 30.18 0.00 0.26 0.26 0.00 0.00 51.66
92 35.29 0.00 1.02 21.48 0.00 0.00 0.00 0.00 0.00 42.20
93 25.25 0.00 0.00 2.53 0.00 0.00 0.00 0.00 0.00 72.22
94 24.87 0.00 0.50 21.61 0.00 0.00 0.00 0.00 0.00 53.02
95 25.06 0.00 0.25 13.92 0.00 0.00 0.00 0.00 0.00 60.76
96 41.78 0.00 2.87 41.25 0.00 0.26 0.26 0.00 0.00 13.58
97 8.51 0.00 2.06 61.34 0.00 0.00 0.26 0.00 0.00 27.84
98 50.13 0.00 3.17 32.98 0.00 0.00 0.26 0.00 0.00 13.46
99 16.33 0.00 1.53 64.29 0.00 0.26 0.00 0.00 0.00 17.60
100 19.28 0.00 2.06 44.22 0.00 0.00 0.26 0.00 0.00 34.19
101 23.60 0.00 2.54 48.73 0.00 0.00 0.00 0.00 0.00 25.13
102 23.27 0.00 2.56 47.83 0.00 0.26 0.00 0.00 0.00 26.09
103 23.47 0.00 2.30 23.98 0.00 0.00 0.00 0.00 0.00 50.26
104 58.78 0.00 1.78 1.53 0.00 0.00 0.00 0.00 0.00 37.91
105 17.22 0.00 2.53 40.00 0.00 0.00 0.25 0.00 0.00 40.00
106 27.32 0.00 2.84 25.26 0.00 0.00 0.26 0.00 0.00 44.33
107 23.48 0.00 2.02 1.26 0.00 0.00 0.00 0.00 0.00 73.23
108 43.00 0.00 3.56 0.25 0.00 0.00 0.00 0.00 0.00 53.18
109 24.94 0.00 0.25 0.00 0.00 0.00 0.00 0.00 0.00 74.81
110 24.87 0.00 0.25 0.50 0.00 0.00 0.00 0.00 0.00 74.37
111 17.54 0.00 5.76 6.52 0.00 0.00 0.00 0.00 0.00 70.18
112 22.40 0.00 2.34 14.58 0.00 0.00 0.26 0.00 0.00 60.42
113 22.34 0.00 2.79 20.30 0.00 0.00 0.25 0.00 0.00 54.31
114 21.07 0.00 2.54 21.83 0.00 0.00 0.25 0.00 0.00 54.31
115 22.84 0.00 2.28 14.21 0.00 0.00 0.00 0.00 0.00 60.66
116 21.27 0.00 3.04 2.28 0.00 0.00 0.00 0.00 0.00 73.42
117 15.70 0.00 1.01 12.91 0.00 0.00 0.00 0.00 0.00 70.38
118 22.90 0.00 2.04 26.97 0.00 0.00 0.00 0.00 0.00 48.09
119 18.99 0.00 2.28 44.05 0.00 0.00 0.25 0.00 0.00 34.43
120 13.85 0.00 1.54 36.67 0.00 0.00 0.00 0.00 0.00 47.95
121 25.13 0.00 0.00 10.05 0.00 0.00 0.25 0.00 0.00 64.57
122 23.60 0.00 0.51 17.01 0.00 0.00 0.25 0.00 0.00 58.63
123 24.75 0.00 0.00 24.75 0.00 0.00 0.00 0.00 0.00 50.51
124 31.71 0.00 0.51 13.04 0.00 0.00 0.00 0.00 0.00 54.73
125 25.32 0.00 0.00 5.82 0.00 0.00 0.00 0.00 0.00 68.86
126 15.68 0.00 0.59 3.85 0.00 0.00 0.00 0.00 0.00 79.88
127 20.63 0.00 5.22 60.57 0.00 0.00 0.26 0.00 0.00 13.32
128 2.03 0.00 0.51 69.11 0.00 0.25 0.00 0.00 0.00 28.10
129 10.89 0.00 0.00 40.51 0.00 0.25 0.25 0.00 0.00 48.10
130 24.94 0.00 0.00 3.78 0.00 0.00 0.00 0.00 0.00 71.28
131 24.94 0.00 0.50 5.04 0.00 0.00 0.00 0.00 0.00 69.52
132 25.06 0.00 0.00 1.00 0.00 0.00 0.00 0.00 0.00 73.93
133 28.06 0.00 3.06 13.27 0.00 0.00 0.00 0.00 0.00 55.61
134 0.25 0.00 0.00 0.76 0.00 0.00 0.00 0.00 0.00 98.99
135 0.00 0.00 0.25 0.00 0.00 0.00 0.00 0.00 0.00 99.75
136 0.50 0.00 0.00 1.26 0.00 0.00 0.00 0.00 0.00 98.24
137 0.75 0.00 0.25 0.75 0.00 0.00 0.00 0.00 0.00 98.25
138 0.25 0.00 0.00 0.25 0.00 0.00 0.00 0.00 0.00 99.50
139 0.25 0.00 0.00 3.03 0.00 0.00 0.00 0.00 0.00 96.72
140 0.25 0.00 0.25 0.75 0.00 0.00 0.25 0.00 0.00 98.50
141 0.25 0.00 0.00 0.25 0.00 0.00 0.00 0.00 0.00 99.50
142 5.82 0.00 0.00 1.27 0.00 0.00 0.00 0.00 0.00 92.91
143 7.91 0.00 0.26 66.84 0.00 0.00 0.00 0.00 0.00 25.00
144 3.58 0.00 1.53 72.38 0.00 0.00 0.00 0.00 0.00 22.51
145 2.56 0.00 0.26 71.03 0.00 0.00 0.00 0.00 0.00 26.15
146 5.56 0.00 3.28 45.96 0.00 0.00 0.25 0.00 0.00 44.95
147 24.04 0.00 2.05 50.90 0.00 0.00 0.00 0.00 0.00 23.02
148 23.35 0.00 2.79 46.95 0.00 0.00 0.25 0.00 0.00 26.65
149 21.16 0.00 3.27 28.46 0.00 0.00 0.00 0.00 0.00 47.10
150 23.29 0.00 2.03 28.61 0.00 0.00 0.00 0.00 0.00 46.08
151 22.73 0.00 3.54 23.23 0.00 0.00 0.00 0.00 0.00 50.51
152 37.24 0.00 1.28 5.87 0.00 0.00 0.00 0.00 0.00 55.61
153 24.81 0.00 0.25 0.50 0.00 0.00 0.00 0.00 0.00 74.44
154 14.61 0.00 0.29 0.57 0.00 0.00 0.29 0.00 0.00 84.24
155 16.24 0.00 1.71 9.97 0.00 0.00 0.28 0.00 0.00 71.79
156 13.47 0.00 1.30 11.40 0.00 0.00 0.26 0.00 0.00 73.58
157 0.76 0.00 0.25 1.27 0.00 0.00 0.00 0.00 0.00 97.72
158 16.41 0.00 0.76 27.27 0.00 0.00 0.00 0.00 0.00 55.56
159 24.81 0.00 0.50 28.32 0.00 0.00 0.00 0.00 0.00 46.37
160 24.94 0.00 0.25 26.95 0.00 0.00 0.25 0.00 0.00 47.61
161 22.90 0.00 1.78 51.15 0.00 0.00 0.00 0.00 0.00 24.17
162 0.25 0.00 0.76 66.84 0.00 0.00 0.00 0.00 0.00 32.15
163 0.50 0.00 0.75 48.24 0.00 0.00 0.00 0.00 0.00 50.50
164 0.25 0.00 0.51 26.77 0.00 0.25 0.25 0.00 0.00 71.97
165 24.74 0.00 4.34 7.40 0.00 0.00 0.26 0.00 0.00 63.27
166 25.58 0.00 3.32 11.00 0.00 0.00 0.00 0.00 0.00 60.10
167 25.19 0.00 0.25 13.60 0.00 0.00 0.00 0.00 0.00 60.96
168 25.13 0.00 0.50 22.11 0.00 0.25 0.00 0.00 0.00 52.01
169 25.13 0.00 0.25 0.75 0.00 0.00 0.00 0.00 0.00 73.87
170 25.00 0.00 0.50 1.50 0.00 0.00 0.00 0.00 0.00 73.00
171 27.13 0.00 2.39 32.18 0.00 0.00 0.27 0.00 0.00 38.03
172 25.38 0.00 1.27 11.17 0.00 0.00 0.00 0.00 0.00 62.18
173 25.19 0.00 0.00 0.25 0.00 0.00 0.00 0.00 0.00 74.56
174 25.06 0.00 0.25 0.75 0.00 0.00 0.00 0.00 0.00 73.93
175 15.74 0.00 1.02 35.79 0.00 0.00 0.00 0.00 0.00 47.46
176 17.26 0.00 3.81 73.86 0.00 0.00 0.00 0.00 0.00 5.08
177 22.54 0.00 2.85 74.35 0.00 0.26 0.00 0.00 0.00 0.00
178 2.77 0.00 0.76 81.11 0.00 0.00 0.00 0.00 0.00 15.37
179 15.38 0.00 1.79 70.77 0.00 0.00 0.26 0.00 0.00 11.79
180 25.90 0.00 0.77 18.21 0.00 0.00 0.26 0.00 0.00 54.87
181 24.81 0.00 0.25 9.02 0.00 0.00 0.00 0.00 0.00 65.91
182 25.31 0.00 0.25 21.80 0.00 0.00 0.00 0.00 0.00 52.63
183 25.06 0.00 2.03 20.25 0.00 0.00 0.00 0.00 0.00 52.66
184 17.99 0.00 3.86 77.12 0.00 0.00 0.26 0.00 0.00 0.77
185 24.24 0.00 1.26 37.37 0.00 0.00 0.51 0.00 0.00 36.62
186 5.34 0.00 0.76 44.27 0.00 0.00 1.53 0.00 0.00 48.09
187 0.77 0.00 0.26 26.92 0.00 0.00 0.26 0.00 0.00 71.79
188 19.69 0.00 4.09 16.11 0.00 0.00 0.00 0.00 0.00 60.10
189 24.56 0.00 0.51 13.92 0.00 0.00 0.00 0.00 0.00 61.01
190 25.13 0.00 0.00 10.55 0.00 0.00 0.00 0.00 0.00 64.32
191 24.87 0.00 0.25 18.27 0.00 0.00 0.00 0.00 0.00 56.60
192 8.16 0.00 0.26 9.18 0.00 0.00 0.26 0.00 0.00 82.14
193 1.27 0.00 1.02 1.78 0.00 0.25 0.00 0.00 0.00 95.69
194 13.27 0.00 0.77 0.51 0.00 0.00 0.00 0.00 0.00 85.46
195 24.30 0.00 3.80 9.37 0.00 0.00 0.00 0.00 0.00 62.53
196 18.18 0.00 3.03 17.68 0.00 0.76 0.00 0.00 0.00 60.35
197 24.56 0.00 0.25 1.27 0.00 0.00 0.00 0.00 0.00 73.92
198 24.87 0.00 0.25 3.02 0.00 0.00 0.00 0.00 0.00 71.86
199 25.38 0.00 0.00 2.01 0.00 0.00 0.00 0.00 0.00 72.61
200 25.00 0.00 2.55 30.61 0.00 0.00 0.26 0.00 0.00 41.58
201 23.29 0.00 2.53 25.32 0.00 0.00 0.00 0.00 0.00 48.86
202 15.78 0.00 1.02 25.19 0.00 0.00 0.25 0.00 0.00 57.76
203 2.54 0.00 0.51 28.24 0.00 0.25 0.25 0.00 0.00 68.19
204 0.76 0.00 0.25 27.85 0.00 0.00 0.00 0.00 0.00 71.14
205 0.51 0.00 0.25 39.14 0.00 0.00 0.00 0.00 0.00 60.10
206 14.36 0.00 4.62 33.59 0.00 0.00 0.00 0.00 0.00 47.44
207 24.81 0.00 0.50 12.28 0.00 0.00 0.25 0.00 0.00 62.16
208 24.94 0.00 0.25 1.76 0.00 0.00 0.00 0.00 0.00 73.05
209 24.94 0.00 0.25 1.51 0.00 0.00 0.00 0.00 0.00 73.30
210 31.61 0.00 3.63 25.91 0.00 0.00 0.00 0.00 0.00 38.86
211 39.05 0.00 2.11 40.90 0.00 0.00 0.26 0.00 0.00 17.68
212 22.45 0.00 2.81 62.24 0.00 0.00 0.26 0.00 0.00 12.24
213 22.19 0.00 3.32 68.37 0.00 0.00 0.26 0.00 0.00 5.87
214 36.76 0.00 1.62 50.27 0.00 0.27 0.54 0.00 0.00 10.54
215 34.26 0.00 0.76 43.91 0.00 0.00 0.00 0.00 0.00 21.07
216 25.32 0.00 0.25 10.63 0.00 0.00 0.00 0.00 0.00 63.80
217 25.06 0.00 0.25 0.25 0.00 0.00 0.00 0.00 0.00 74.44
218 28.13 0.00 6.39 17.14 0.00 0.26 0.00 0.00 0.00 48.08
219 29.97 0.00 2.58 28.94 0.00 0.00 0.00 0.00 0.00 38.50
220 28.32 0.00 1.53 10.97 0.00 0.00 0.26 0.00 0.00 58.93
221 7.07 0.00 1.26 1.26 0.00 0.00 0.00 0.00 0.00 90.40
222 21.43 0.00 3.57 35.46 0.00 0.00 0.00 0.00 0.00 39.54
223 23.99 0.00 1.01 6.31 0.00 0.00 0.00 0.00 0.00 68.69
224 18.39 0.00 0.50 2.27 0.00 0.00 0.00 0.00 0.00 78.84
225 0.00 0.00 0.25 1.77 0.00 0.00 0.00 0.00 0.00 97.98
226 0.25 0.00 0.50 0.00 0.00 0.00 0.25 0.00 0.00 99.00
227 0.00 0.00 0.00 3.54 0.00 0.00 0.00 0.00 0.00 96.46
228 0.50 0.00 0.25 0.50 0.00 0.25 0.00 0.00 0.00 98.49
229 0.25 0.00 0.25 3.01 0.00 0.00 0.00 0.00 0.00 96.49
230 0.00 0.00 0.00 3.03 0.00 0.00 0.00 0.00 0.00 96.97
231 0.00 0.00 0.00 2.26 0.00 0.00 0.00 0.00 0.00 97.74
232 0.25 0.00 0.00 0.50 0.00 0.00 0.00 0.00 0.00 99.25
233 2.80 0.00 0.51 33.33 0.00 0.00 0.00 0.00 0.00 63.36
234 17.97 0.00 1.04 75.00 0.00 0.00 0.00 0.00 0.00 5.99
235 31.17 0.00 1.82 49.87 0.00 0.00 0.00 0.00 0.00 17.14
236 35.29 0.00 3.32 37.34 0.00 0.00 0.26 0.00 0.00 23.79
237 23.27 0.00 1.79 1.28 0.00 0.00 0.00 0.00 0.00 73.66
238 23.04 0.00 2.03 1.27 0.00 0.00 0.00 0.00 0.00 73.67
239 13.78 0.00 1.28 44.13 0.00 0.00 0.00 0.00 0.00 40.82
240 19.24 0.00 2.03 37.22 0.00 0.25 0.25 0.00 0.00 41.01
241 55.41 0.00 6.76 12.70 0.00 0.00 0.00 0.00 0.00 25.14
242 27.20 0.00 8.79 28.57 0.00 0.00 0.27 0.00 0.00 35.16
243 25.00 0.00 0.51 16.16 0.00 0.00 0.00 0.00 0.00 58.33
244 25.13 0.00 3.05 8.88 0.00 0.00 0.00 0.00 0.00 62.94
245 24.69 0.00 0.25 2.27 0.00 0.00 0.00 0.00 0.00 72.80
246 26.46 0.00 1.02 1.02 0.00 0.00 0.51 0.00 0.00 70.99
247 24.23 0.00 1.02 1.02 0.00 0.00 0.00 0.00 0.00 73.72
248 23.10 0.00 2.28 2.79 0.00 0.00 0.00 0.00 0.00 71.83
249 23.29 0.00 1.52 1.77 0.00 0.00 0.00 0.00 0.00 73.42
250 22.45 0.00 2.30 1.53 0.00 0.00 0.00 0.00 0.00 73.72
251 24.24 0.00 2.02 12.63 0.00 0.00 0.25 0.00 0.00 60.86
252 24.30 0.00 1.52 3.54 0.00 0.00 0.25 0.00 0.00 70.38
253 23.23 0.00 2.53 7.32 0.00 0.00 0.00 0.00 0.00 66.92
254 23.93 0.00 2.52 1.51 0.00 0.00 0.00 0.00 0.00 72.04
255 27.96 0.00 0.00 10.33 0.00 0.00 0.25 0.00 0.00 61.46
256 25.06 0.00 0.25 10.53 0.00 0.00 0.00 0.00 0.00 64.16
257 42.32 0.00 0.50 0.50 0.00 0.00 0.00 0.00 0.00 56.68
258 45.71 0.00 9.87 35.32 0.00 0.26 0.52 0.00 0.00 8.31
259 1.79 0.00 0.51 86.92 0.00 0.00 0.26 0.00 0.00 10.51
260 1.28 0.00 0.26 98.47 0.00 0.00 0.00 0.00 0.00 0.00
261 1.52 0.00 0.51 97.72 0.00 0.00 0.25 0.00 0.00 0.00
262 2.56 0.00 0.00 91.28 0.00 0.00 0.26 0.00 0.00 5.90
263 2.57 0.00 0.00 93.32 0.00 0.00 0.00 0.00 0.00 4.11
264 25.41 0.00 1.62 68.65 0.00 0.00 0.27 0.00 0.00 4.05
265 44.53 0.00 1.82 35.68 0.00 0.00 0.26 0.00 0.00 17.71
266 16.28 0.00 1.02 11.96 0.00 0.00 0.00 0.00 0.00 70.74
267 1.77 0.00 0.00 9.34 0.00 0.00 0.00 0.00 0.00 88.89
268 0.00 0.00 0.25 0.75 0.00 0.00 0.00 0.00 0.00 98.99
269 0.00 0.00 0.00 0.76 0.00 0.00 0.00 0.00 0.00 99.24
270 29.85 0.00 4.34 0.51 0.00 0.00 0.26 0.00 0.00 65.05
271 23.43 0.00 1.51 0.50 0.00 0.00 0.00 0.00 0.00 74.56
272 23.10 0.00 2.03 7.87 0.00 0.00 0.00 0.00 0.00 67.01
273 19.75 0.00 0.76 4.30 0.00 0.00 0.00 0.00 0.00 75.19
274 20.56 0.00 2.54 22.08 0.00 0.00 0.00 0.00 0.00 54.82
275 23.86 0.00 1.52 12.44 0.00 0.00 0.51 0.00 0.00 61.68
276 44.53 0.00 1.27 11.70 0.00 0.00 0.00 0.00 0.00 42.49
277 24.69 0.00 0.50 24.69 0.00 0.00 0.00 0.00 0.00 50.13
278 24.94 0.00 0.76 39.04 0.00 0.00 0.00 0.00 0.00 35.26
279 24.23 0.00 1.28 49.74 0.00 0.00 0.00 0.00 0.00 24.74
280 78.05 0.00 8.40 9.76 0.00 0.00 0.27 0.00 0.00 3.52
281 14.58 0.00 2.60 66.41 0.00 0.00 0.00 0.00 0.00 16.41
282 4.59 0.00 2.55 88.01 0.00 0.00 0.00 0.00 0.00 4.85
283 3.60 0.00 0.26 77.38 0.00 0.00 0.00 0.00 0.00 18.77
284 21.73 0.00 1.31 59.95 0.00 0.00 0.52 0.00 0.00 16.49
285 48.01 0.00 2.39 34.22 0.00 0.00 0.00 0.00 0.00 15.38
286 24.10 0.00 2.31 2.31 0.00 0.00 0.00 0.00 0.00 71.28
287 29.26 0.00 2.54 2.29 0.00 0.00 0.25 0.00 0.00 65.65
288 22.03 0.00 2.28 4.81 0.00 0.00 0.00 0.00 0.00 70.89
289 24.87 0.00 2.54 7.11 0.00 0.00 0.00 0.00 0.00 65.48
290 25.57 0.00 0.76 0.51 0.00 0.00 0.00 0.00 0.00 73.16
291 48.98 0.00 0.00 0.51 0.00 0.00 0.00 0.00 0.00 50.51
292 24.56 0.00 0.25 2.53 0.00 0.00 0.00 0.00 0.00 72.66
293 24.81 0.00 0.25 2.01 0.00 0.00 0.00 0.00 0.00 72.93
294 39.49 0.00 3.59 2.31 0.00 0.26 0.00 0.00 0.00 54.36
295 20.72 0.00 2.81 15.60 0.00 0.00 0.00 0.00 0.00 60.87
296 25.38 0.00 3.05 1.78 0.00 0.00 0.00 0.00 0.00 69.80
297 28.68 0.00 1.27 1.52 0.00 0.00 0.00 0.00 0.00 68.53
298 56.44 0.00 0.77 2.84 0.00 0.00 0.26 0.00 0.00 39.69
299 16.11 0.00 4.86 12.79 0.00 0.51 0.00 0.00 0.00 65.73
300 0.00 0.00 0.25 1.26 0.00 0.00 0.00 0.00 0.00 98.49
301 0.00 0.00 0.00 0.00 0.00 0.00 0.00 0.00 0.00 100.00
302 31.20 0.00 0.26 0.26 0.00 0.00 0.26 0.00 0.00 68.03
303 24.62 0.00 0.00 23.60 0.00 0.00 0.00 0.00 0.00 51.78
304 24.69 0.00 0.25 42.57 0.00 0.00 0.00 0.00 0.00 32.49
305 20.38 0.00 0.27 33.97 0.00 0.00 0.27 0.00 0.00 45.11
306 0.26 0.00 0.26 9.46 0.00 0.00 0.26 0.00 0.00 89.77
307 0.00 0.00 0.25 0.00 0.00 0.00 0.00 0.00 0.00 99.75
308 0.00 0.00 0.00 15.52 0.00 0.00 0.00 0.00 0.00 84.48
309 0.25 0.00 0.25 14.61 0.00 0.00 0.00 0.00 0.00 84.89
310 0.25 0.00 0.50 4.77 0.00 0.00 0.00 0.00 0.00 94.47
311 0.25 0.00 0.25 31.31 0.00 0.00 0.00 0.00 0.00 68.18
312 0.25 0.00 0.00 34.94 0.00 0.00 0.00 0.00 0.00 64.81
313 0.25 0.00 0.00 16.37 0.00 0.00 0.00 0.00 0.00 83.38
314 0.00 0.00 2.27 10.58 0.00 0.00 0.00 0.00 0.00 87.15
315 0.25 0.00 0.00 12.34 0.00 0.00 0.25 0.00 0.00 87.15
316 0.00 0.00 0.00 5.04 0.00 0.00 0.00 0.00 0.00 94.96
317 0.25 0.00 0.00 0.25 0.00 0.00 0.00 0.00 0.00 99.50
318 0.25 0.00 0.25 0.50 0.00 0.00 0.00 0.00 0.00 98.99
319 0.25 0.00 0.00 0.00 0.00 0.00 0.00 0.00 0.00 99.75
320 0.25 0.00 0.50 0.25 0.00 0.00 0.00 0.00 0.00 99.00
321 0.50 0.00 0.00 1.75 0.00 0.00 0.00 0.00 0.00 97.74
322 0.00 0.00 0.25 11.11 0.00 0.00 0.00 0.00 0.00 88.64
323 0.25 0.00 1.51 27.46 0.00 0.00 0.50 0.00 0.00 70.28
324 0.25 0.00 1.78 30.96 0.00 0.00 0.00 0.00 0.00 67.01
325 0.51 0.00 4.56 25.06 0.00 0.00 0.25 0.00 0.00 69.62
326 0.50 0.00 0.25 25.38 0.00 0.00 0.00 0.00 0.00 73.87
327 0.51 0.00 0.25 20.20 0.00 0.00 0.25 0.00 0.00 78.79
328 0.00 0.00 0.00 4.79 0.00 0.00 0.00 0.00 0.00 95.21
329 1.26 0.00 0.25 7.29 0.00 0.00 0.00 0.00 0.00 91.21
330 2.57 0.00 0.26 97.17 0.00 0.00 0.00 0.00 0.00 0.00
331 2.27 0.00 0.25 97.22 0.00 0.00 0.25 0.00 0.00 0.00
332 2.53 0.00 0.25 97.22 0.00 0.00 0.00 0.00 0.00 0.00
333 23.33 0.00 1.54 68.97 0.00 0.00 0.26 0.00 0.00 5.90
334 24.59 0.00 2.70 59.46 0.00 0.00 0.54 0.00 0.00 12.70
335 29.84 0.00 1.05 56.54 0.00 0.00 0.79 0.00 0.00 11.78
336 34.10 0.00 1.79 45.90 0.00 0.00 0.26 0.00 0.00 17.95
337 23.45 0.00 2.06 53.87 0.00 0.26 0.26 0.00 0.00 20.10
338 37.47 0.00 1.77 55.70 0.00 0.00 0.00 0.00 0.00 5.06
339 23.10 0.00 1.52 74.37 0.00 0.00 0.00 0.00 0.00 1.02
340 3.28 0.00 1.01 95.71 0.00 0.00 0.00 0.00 0.00 0.00
341 34.55 0.00 0.52 58.90 0.00 0.00 0.26 0.00 0.00 5.76
342 25.19 0.00 0.51 59.80 0.00 0.00 0.00 0.00 0.00 14.50
343 25.25 0.00 0.51 15.15 0.00 0.00 0.00 0.00 0.00 59.09
344 23.66 0.00 0.76 22.65 0.00 0.00 0.25 0.00 0.00 52.67
345 30.37 0.00 3.14 44.76 0.00 0.26 0.00 0.00 0.00 21.47
346 37.79 0.00 1.80 43.70 0.00 0.00 0.51 0.00 0.00 16.20
347 30.59 0.00 1.29 57.58 0.00 0.00 0.00 0.00 0.00 10.54
348 36.50 0.00 1.03 24.16 0.00 0.00 0.26 0.00 0.00 38.05
349 30.03 0.00 2.29 0.51 0.00 0.00 0.00 0.00 0.00 67.18
350 23.43 0.00 2.02 1.01 0.00 0.00 0.00 0.00 0.00 73.55
351 20.57 0.00 2.08 32.03 0.00 0.00 0.00 0.00 0.00 45.31
352 36.15 0.00 3.08 45.38 0.00 0.26 0.26 0.00 0.00 14.87
353 29.58 0.00 3.93 13.87 0.00 0.00 0.00 0.00 0.00 52.62
354 46.55 0.00 0.77 2.30 0.00 0.00 0.00 0.00 0.00 50.38
355 24.62 0.00 0.50 1.01 0.00 0.00 0.25 0.00 0.00 73.62
356 25.06 0.00 0.25 0.00 0.00 0.00 0.00 0.00 0.00 74.69
357 25.94 0.00 0.76 0.50 0.00 0.00 0.00 0.00 0.00 72.80
358 24.24 0.00 1.26 0.51 0.00 0.00 0.00 0.00 0.00 73.99
359 30.28 0.00 1.27 1.27 0.00 0.00 0.00 0.00 0.00 67.18
360 27.34 0.00 0.76 0.00 0.00 0.00 0.00 0.00 0.00 71.90
361 27.84 0.00 2.32 20.10 0.00 0.00 0.00 0.00 0.00 49.74
362 3.30 0.00 1.02 65.23 0.00 0.00 0.00 0.00 0.00 30.46
363 3.89 0.00 0.52 68.65 0.00 0.00 0.26 0.00 0.00 26.68
364 28.84 0.00 1.06 31.75 0.00 0.00 0.26 0.00 0.00 38.10
365 41.11 0.00 1.33 10.08 0.00 0.00 0.53 0.00 0.00 46.95
366 25.13 0.00 0.00 0.51 0.00 0.00 0.00 0.00 0.00 74.37
367 25.19 0.00 0.00 1.01 0.00 0.00 0.00 0.00 0.00 73.80
368 46.77 0.00 1.03 3.36 0.00 0.00 0.00 0.00 0.00 48.84
369 29.01 0.00 1.78 1.02 0.00 0.00 0.00 0.00 0.00 68.19
370 23.48 0.00 2.02 1.26 0.00 0.00 0.25 0.00 0.00 72.98
371 28.64 0.00 1.02 0.26 0.00 0.00 0.00 0.00 0.00 70.08
372 0.25 0.00 0.00 0.50 0.00 0.00 0.00 0.00 0.00 99.25
373 0.51 0.00 0.25 25.82 0.00 0.00 0.00 0.00 0.00 73.42
374 0.25 0.00 0.00 28.35 0.00 0.00 0.00 0.00 0.00 71.39
375 0.25 0.00 0.25 39.24 0.00 0.00 0.00 0.00 0.00 60.25
376 0.00 0.00 0.25 16.41 0.00 0.00 0.00 0.00 0.00 83.33
377 0.00 0.00 0.00 0.50 0.00 0.00 0.00 0.00 0.00 99.50
378 0.25 0.00 0.00 0.25 0.00 0.00 0.00 0.00 0.00 99.50
379 0.76 0.00 0.25 10.41 0.00 0.00 0.00 0.00 0.00 88.58
380 7.83 0.00 2.09 68.93 0.00 0.26 0.26 0.00 0.00 20.63
381 15.71 0.00 1.05 77.23 0.00 0.00 0.26 0.00 0.00 5.76
382 30.05 0.00 3.11 57.77 0.00 0.00 0.00 0.00 0.00 9.07
383 19.42 0.00 0.52 45.14 0.00 0.00 0.26 0.00 0.00 34.65
384 24.69 0.00 3.78 0.50 0.00 0.00 0.00 0.00 0.00 71.03
385 24.87 0.00 0.25 1.01 0.00 0.00 0.00 0.00 0.00 73.87
386 24.87 0.00 0.25 0.25 0.00 0.00 0.00 0.00 0.00 74.62
387 29.57 0.00 2.69 34.95 0.00 0.00 0.27 0.00 0.00 32.53
388 23.68 0.00 1.51 22.92 0.00 0.00 0.25 0.00 0.00 51.64
389 23.66 0.00 1.27 12.47 0.00 0.00 0.00 0.00 0.00 62.60
390 23.29 0.00 1.52 6.84 0.00 0.00 0.00 0.00 0.00 68.35
391 24.75 0.00 0.51 25.00 0.00 0.00 0.00 0.00 0.00 49.75
392 25.00 0.00 0.25 9.34 0.00 0.00 0.25 0.00 0.00 65.15
393 25.13 0.00 0.00 1.01 0.00 0.00 0.00 0.00 0.00 73.87
394 23.02 0.00 1.79 11.51 0.00 0.00 0.26 0.00 0.00 63.43
395 24.43 0.00 1.78 32.82 0.00 0.00 0.00 0.00 0.00 40.97
396 23.43 0.00 1.76 0.00 0.00 0.00 0.00 0.00 0.00 74.81
397 23.93 0.00 1.26 0.00 0.00 0.00 0.25 0.00 0.00 74.56
398 23.86 0.00 1.02 11.93 0.00 0.00 0.00 0.00 0.00 63.20
399 23.12 0.00 2.26 24.62 0.00 0.00 0.00 0.00 0.00 50.00
400 23.10 0.00 2.03 28.93 0.00 0.00 0.00 0.00 0.00 45.94
401 24.17 0.00 1.02 50.13 0.00 0.00 0.00 0.00 0.00 24.68
402 22.51 0.00 2.56 23.02 0.00 0.00 0.00 0.00 0.00 51.92
403 24.31 0.00 1.25 3.01 0.00 0.00 0.00 0.00 0.00 71.43
404 19.44 0.00 3.54 23.23 0.00 0.00 0.51 0.00 0.00 53.28
405 11.67 0.00 0.28 11.39 0.00 0.00 0.00 0.00 0.00 76.67
406 23.27 0.00 0.51 6.65 0.00 0.00 0.00 0.00 0.00 69.57
407 32.41 0.00 0.25 6.58 0.00 0.00 0.00 0.00 0.00 60.76
408 58.66 0.00 9.56 22.74 0.00 0.00 0.00 0.00 0.00 9.04
409 3.84 0.00 0.77 78.52 0.00 0.00 0.00 0.00 0.00 16.88
410 6.01 0.00 1.57 64.23 0.00 0.00 0.26 0.00 0.00 27.94
411 4.05 0.00 0.76 90.13 0.00 0.00 0.00 0.00 0.00 5.06
412 5.57 0.00 1.01 86.84 0.00 0.00 0.25 0.00 0.00 6.33
413 24.35 0.00 3.63 53.37 0.00 0.00 0.00 0.00 0.00 18.65
414 46.29 0.00 3.58 29.92 0.00 0.00 0.00 0.00 0.00 20.20
415 25.38 0.00 2.28 11.17 0.00 0.00 0.00 0.00 0.00 61.17
416 21.57 0.00 3.05 26.40 0.00 0.00 0.25 0.00 0.00 48.73
417 23.62 0.00 1.76 18.84 0.00 0.00 0.00 0.00 0.00 55.78
418 23.68 0.00 1.51 2.27 0.00 0.00 0.00 0.00 0.00 72.54
419 49.87 0.00 2.04 3.05 0.00 0.00 0.00 0.00 0.00 45.04
420 20.00 0.00 1.52 3.04 0.00 0.00 0.00 0.00 0.00 75.44
421 0.50 0.00 0.00 2.77 0.00 0.00 0.00 0.00 0.00 96.73
422 0.25 0.00 0.50 0.00 0.00 0.00 0.25 0.00 0.00 98.99
423 47.83 0.00 1.28 0.77 0.00 0.26 0.00 0.00 0.00 49.87
424 25.00 0.00 0.00 13.89 0.00 0.00 0.00 0.00 0.00 61.11
425 24.56 0.00 0.51 3.04 0.00 0.00 0.25 0.00 0.00 71.65
426 27.23 0.00 3.82 1.02 0.00 0.00 0.00 0.00 0.00 67.94
427 22.73 0.00 2.02 1.77 0.00 0.00 0.00 0.00 0.00 73.48
428 22.96 0.00 2.04 4.08 0.00 0.00 0.00 0.00 0.00 70.92
429 23.68 0.00 1.26 0.76 0.00 0.00 0.25 0.00 0.00 74.06
430 38.52 0.00 5.61 35.71 0.00 0.00 0.00 0.00 0.00 20.15
431 13.66 0.00 4.90 70.36 0.00 0.00 0.00 0.00 0.00 11.08
432 5.68 0.00 1.35 92.97 0.00 0.00 0.00 0.00 0.00 0.00
433 3.07 0.00 3.32 93.35 0.00 0.00 0.26 0.00 0.00 0.00
434 1.53 0.00 0.77 97.70 0.00 0.00 0.00 0.00 0.00 0.00
435 3.05 0.00 0.76 95.42 0.00 0.00 0.00 0.00 0.00 0.76
436 19.53 0.00 3.69 56.20 0.00 0.00 0.53 0.00 0.00 20.05
437 22.42 0.00 0.52 69.07 0.00 0.00 0.26 0.00 0.00 7.73
438 8.85 0.00 1.56 89.58 0.00 0.00 0.00 0.00 0.00 0.00
439 31.89 0.00 1.53 65.05 0.00 0.00 0.00 0.00 0.00 1.53
440 0.25 0.00 0.25 99.50 0.00 0.00 0.00 0.00 0.00 0.00
441 4.58 0.00 0.25 93.89 0.00 0.00 0.00 0.00 0.00 1.27
442 25.32 0.00 0.00 37.22 0.00 0.00 0.00 0.00 0.00 37.47
443 24.94 0.00 0.25 16.54 0.00 0.00 0.25 0.00 0.00 58.02
444 24.81 0.00 0.25 0.50 0.00 0.00 0.00 0.00 0.00 74.44
445 29.02 0.00 5.28 37.99 0.00 0.00 1.06 0.00 0.00 26.65
446 24.94 0.00 2.27 31.49 0.00 0.00 0.00 0.00 0.00 41.31
447 23.85 0.00 2.56 14.87 0.00 0.00 0.00 0.00 0.00 58.72
448 22.98 0.00 1.77 2.53 0.00 0.25 0.25 0.00 0.00 72.22
449 23.48 0.00 2.53 0.25 0.00 0.00 0.00 0.00 0.00 73.74
450 22.78 0.00 2.03 15.95 0.00 0.00 0.00 0.00 0.00 59.24
451 23.35 0.00 2.54 3.55 0.00 0.00 0.00 0.00 0.00 70.56
452 24.11 0.00 1.02 24.87 0.00 0.00 0.00 0.00 0.00 50.00
453 22.78 0.00 2.03 6.08 0.00 0.00 0.25 0.00 0.00 68.86
454 30.61 0.00 1.53 27.04 0.00 0.00 0.26 0.00 0.00 40.56
455 23.47 0.00 2.30 31.63 0.00 0.26 0.26 0.00 0.00 42.09
456 22.86 0.00 2.51 24.37 0.00 0.00 0.25 0.00 0.00 50.00
457 24.24 0.00 1.26 8.33 0.00 0.00 0.00 0.00 0.00 66.16
458 22.17 0.00 2.52 9.82 0.00 0.00 0.00 0.00 0.00 65.49
459 23.35 0.00 1.52 24.62 0.00 0.00 0.00 0.00 0.00 50.51
460 23.74 0.00 1.52 24.75 0.00 0.00 0.00 0.00 0.00 50.00
461 24.17 0.00 1.02 47.58 0.00 0.00 0.00 0.00 0.00 27.23
462 24.43 0.00 1.51 8.82 0.00 0.00 0.00 0.00 0.00 65.24
463 6.12 0.00 0.51 68.62 0.00 0.00 0.26 0.00 0.00 24.49
464 17.05 0.00 1.55 69.77 0.00 0.00 0.00 0.00 0.00 11.63
465 24.94 0.00 0.25 14.36 0.00 0.00 0.25 0.00 0.00 60.20
466 23.93 0.00 0.25 1.76 0.00 0.00 0.00 0.00 0.00 74.06
467 24.87 0.00 0.25 1.51 0.00 0.00 0.00 0.00 0.00 73.37
468 57.45 0.00 1.90 4.07 0.00 0.27 0.00 0.00 0.00 36.31
469 28.93 0.00 0.51 0.25 0.00 0.00 0.00 0.00 0.00 70.30
470 24.81 0.00 0.50 0.25 0.00 0.00 0.00 0.00 0.00 74.44
471 36.41 0.00 3.59 0.26 0.00 0.00 0.00 0.00 0.00 59.74
472 6.77 0.00 5.21 10.16 0.00 0.00 0.00 0.00 0.00 77.86
473 0.25 0.00 0.25 1.01 0.00 0.00 0.25 0.00 0.00 98.24
474 0.25 0.00 0.25 9.57 0.00 0.00 0.00 0.00 0.00 89.92
475 1.00 0.00 0.25 24.25 0.00 0.00 0.00 0.00 0.00 74.50
476 0.25 0.00 0.25 41.31 0.00 0.00 0.00 0.00 0.00 58.19
477 19.30 0.00 1.88 53.89 0.00 0.00 0.27 0.00 0.00 24.66
478 10.21 0.00 2.88 77.23 0.00 0.26 0.26 0.00 0.00 9.16
479 29.38 0.00 1.55 50.00 0.00 0.00 0.00 0.00 0.00 19.07
480 43.33 0.00 1.54 46.67 0.00 0.00 0.26 0.00 0.00 8.21
481 24.30 0.00 0.25 12.66 0.00 0.00 0.25 0.00 0.00 62.53
482 24.81 0.00 0.25 0.25 0.00 0.00 0.00 0.00 0.00 74.68
483 27.81 0.00 0.00 0.77 0.00 0.00 0.00 0.00 0.00 71.43
484 6.17 0.00 1.29 31.11 0.00 0.00 0.26 0.00 0.00 61.18
485 64.05 0.00 0.54 8.65 0.00 0.00 0.54 0.00 0.00 26.22
486 91.57 0.00 0.56 5.90 0.00 0.00 0.28 0.00 0.00 1.69
487 39.34 0.00 1.02 36.29 0.00 0.00 0.00 0.00 0.00 23.35
488 1.27 0.00 0.00 50.38 0.00 0.00 0.00 0.00 0.00 48.35
489 1.27 0.00 1.27 30.38 0.00 0.00 0.00 0.00 0.00 67.09
490 0.25 0.00 0.25 43.43 0.00 0.00 0.00 0.00 0.00 56.06
491 3.04 0.00 0.25 37.47 0.00 0.00 0.00 0.00 0.00 59.24
492 0.00 0.00 0.00 25.00 0.00 0.00 0.25 0.00 0.00 74.75
493 1.01 0.00 0.25 24.94 0.00 0.00 0.00 0.00 0.00 73.80
494 0.50 0.00 0.25 25.94 0.00 0.00 0.25 0.00 0.00 73.05
495 0.26 0.00 0.51 29.34 0.00 0.00 0.00 0.00 0.00 69.90
496 0.25 0.00 0.51 24.49 0.00 0.00 0.00 0.00 0.00 74.75
497 1.75 0.00 1.25 23.06 0.00 0.00 0.25 0.00 0.00 73.68
498 2.26 0.00 1.26 22.11 0.00 0.00 0.00 0.00 0.00 74.37
499 0.25 0.00 0.25 48.61 0.00 0.00 0.00 0.00 0.00 50.88
500 0.25 0.00 0.50 49.62 0.00 0.00 0.00 0.00 0.00 49.62
501 0.25 0.00 0.50 48.87 0.00 0.25 0.25 0.00 0.00 49.87
502 0.25 0.00 0.50 49.25 0.00 0.00 0.00 0.00 0.00 50.00
503 0.51 0.00 0.76 49.11 0.00 0.00 0.00 0.00 0.00 49.62
504 0.76 0.00 1.02 50.38 0.00 0.00 0.00 0.00 0.00 47.84
505 0.25 0.00 0.50 30.73 0.00 0.00 0.00 0.00 0.00 68.51
506 2.03 0.00 1.77 27.09 0.00 0.00 0.25 0.00 0.00 68.86
507 0.50 0.00 0.25 24.62 0.00 0.00 0.00 0.00 0.00 74.62
508 0.50 0.00 0.00 27.39 0.00 0.00 0.00 0.00 0.00 72.11
509 0.00 0.00 0.00 27.02 0.00 0.00 0.00 0.00 0.00 72.98
510 0.50 0.00 0.75 25.00 0.00 0.00 0.25 0.00 0.00 73.50
511 1.26 0.00 0.25 26.52 0.00 0.00 0.00 0.00 0.00 71.97
512 51.15 0.00 1.79 27.62 0.00 0.00 0.00 0.00 0.00 19.44
513 79.68 0.00 1.85 7.12 0.00 0.00 0.00 0.00 0.00 11.35
514 25.31 0.00 0.50 31.33 0.00 0.00 0.00 0.00 0.00 42.86
515 25.06 0.00 0.51 25.32 0.00 0.00 0.00 0.00 0.00 49.11
516 40.31 0.00 2.04 19.39 0.00 0.26 0.00 0.00 0.00 38.01
517 76.90 0.00 7.09 10.50 0.00 0.52 0.26 0.00 0.00 4.72
518 8.64 0.00 1.05 69.63 0.00 0.00 0.52 0.00 0.00 20.16
519 5.88 0.00 3.32 69.82 0.00 0.00 0.00 0.00 0.00 20.97
520 4.59 0.00 2.55 90.82 0.00 0.00 0.00 0.00 0.00 2.04
521 6.72 0.00 1.55 67.70 0.00 0.00 0.26 0.00 0.00 23.77
522 32.29 0.00 2.34 55.99 0.00 0.26 0.00 0.00 0.00 9.11
523 0.76 0.00 0.25 57.93 0.00 0.00 0.00 0.00 0.00 41.06
524 0.25 0.00 0.25 71.07 0.00 0.00 0.25 0.00 0.00 28.17
525 19.12 0.00 2.84 50.13 0.00 0.00 0.00 0.00 0.00 27.91
526 95.04 0.00 1.57 1.04 0.00 0.00 0.00 0.00 0.00 2.35
527 94.18 0.00 4.05 0.76 0.00 0.00 0.00 0.00 0.00 1.01
528 87.18 0.00 6.41 1.28 0.00 0.26 0.00 0.00 0.00 4.87
529 17.47 0.00 0.51 18.99 0.00 0.00 0.00 0.00 0.00 63.04
530 15.03 0.00 3.37 46.37 0.00 0.52 0.00 0.00 0.00 34.72
531 32.08 0.00 3.77 40.97 0.00 0.00 0.27 0.00 0.00 22.91
532 30.87 0.00 2.04 8.93 0.00 0.00 0.00 0.00 0.00 58.16
533 23.29 0.00 1.77 1.77 0.00 0.00 0.25 0.00 0.00 72.91
534 55.23 0.00 2.14 0.80 0.00 0.27 0.00 0.00 0.00 41.55
535 23.74 0.00 1.26 0.76 0.00 0.00 0.00 0.00 0.00 74.24
536 36.75 0.00 1.05 0.00 0.00 0.00 0.00 0.00 0.00 62.20
537 75.84 0.00 0.77 8.23 0.00 0.00 0.26 0.00 0.00 14.91
538 14.10 0.00 0.00 22.56 0.00 0.00 0.00 0.00 0.00 63.33
539 54.38 0.00 1.80 12.37 0.00 0.00 0.26 0.00 0.00 31.19
540 80.99 0.00 5.99 4.43 0.00 0.26 0.00 0.00 0.00 8.33
541 57.96 0.00 4.18 17.75 0.26 0.52 0.00 0.00 0.00 19.32
542 4.57 0.00 1.27 69.29 0.00 0.00 0.00 0.00 0.00 24.87
543 2.60 0.00 0.52 72.21 0.00 0.00 0.52 0.00 0.00 24.16
544 2.57 0.00 0.51 92.03 0.00 0.00 0.26 0.00 0.00 4.63
545 2.85 0.00 2.07 47.67 0.00 0.26 0.26 0.00 0.00 46.89
546 62.20 0.00 4.20 7.61 0.00 0.52 0.00 0.00 0.00 25.46
547 88.17 0.00 2.57 2.83 0.00 0.00 0.00 0.00 0.00 6.43
548 63.47 0.00 1.30 3.37 0.00 0.00 0.26 0.00 0.00 31.61
549 25.19 0.00 0.00 4.03 0.00 0.00 0.00 0.00 0.00 70.78
550 24.69 0.00 0.25 1.26 0.00 0.00 0.00 0.00 0.00 73.80
551 46.72 0.00 1.84 7.09 0.00 0.52 0.52 0.00 0.00 43.31
552 83.16 0.00 5.96 2.59 0.00 0.52 0.00 0.00 0.00 7.77
553 10.15 0.00 0.76 13.71 0.00 0.00 0.25 0.00 0.00 75.13
554 0.50 0.00 0.25 44.72 0.00 0.00 0.25 0.00 0.00 54.27
555 0.51 0.00 0.51 26.46 0.00 0.00 0.00 0.00 0.00 72.52
556 0.76 0.00 0.51 77.78 0.00 0.00 0.00 0.00 0.00 20.96
557 0.00 0.00 0.25 83.33 0.00 0.00 0.00 0.00 0.00 16.41
558 0.26 0.00 4.59 59.69 0.00 0.00 0.26 0.00 0.00 35.20
559 0.00 0.00 0.25 42.68 0.00 0.00 0.00 0.00 0.00 57.07
560 0.00 0.00 0.25 3.28 0.00 0.00 0.00 0.00 0.00 96.46
561 0.25 0.00 0.00 0.75 0.00 0.00 0.00 0.00 0.00 99.00
562 0.25 0.00 0.25 0.25 0.00 0.00 0.00 0.00 0.00 99.25
563 0.25 0.00 0.00 1.00 0.00 0.00 0.00 0.00 0.00 98.75
564 0.25 0.00 0.50 0.00 0.00 0.00 0.00 0.00 0.00 99.25
565 0.00 0.00 0.00 0.50 0.00 0.00 0.00 0.00 0.00 99.50
566 0.25 0.00 0.25 0.25 0.00 0.00 0.00 0.00 0.00 99.25
567 0.25 0.00 0.25 0.25 0.00 0.00 0.00 0.00 0.00 99.25
568 0.00 0.00 0.25 0.00 0.00 0.00 0.00 0.00 0.00 99.75
569 0.25 0.00 0.25 0.75 0.00 0.00 0.00 0.00 0.00 98.75
570 0.25 0.00 0.50 0.00 0.00 0.00 0.00 0.00 0.00 99.25
571 0.00 0.00 0.00 0.00 0.00 0.00 0.25 0.00 0.00 99.75
572 0.50 0.00 0.25 0.00 0.00 0.00 0.00 0.00 0.00 99.25
573 0.00 0.00 0.25 0.75 0.00 0.00 0.00 0.00 0.00 99.00
574 0.25 0.00 0.25 0.50 0.00 0.00 0.00 0.00 0.00 98.99
575 0.25 0.00 0.25 0.25 0.00 0.00 0.00 0.00 0.00 99.25
576 0.00 0.00 0.25 0.75 0.00 0.00 0.00 0.00 0.00 99.00
577 0.00 0.00 0.25 0.50 0.00 0.00 0.00 0.00 0.00 99.25
578 0.25 0.00 0.00 13.35 0.00 0.00 0.00 0.00 0.00 86.40
579 0.00 0.00 0.75 20.35 0.00 0.00 0.00 0.00 0.00 78.89
580 0.51 0.00 0.25 29.80 0.00 0.00 0.00 0.00 0.00 69.44
581 0.25 0.00 0.25 26.08 0.00 0.00 0.25 0.00 0.00 73.16
582 0.50 0.00 0.76 40.05 0.00 0.00 0.00 0.00 0.00 58.69
583 0.25 0.00 0.51 21.27 0.00 0.00 0.00 0.00 0.00 77.97
584 0.00 0.00 0.25 0.50 0.00 0.00 0.00 0.00 0.00 99.25
585 0.00 0.00 0.50 19.80 0.00 0.00 0.00 0.00 0.00 79.70
586 0.25 0.00 0.50 56.17 0.00 0.00 0.25 0.00 0.00 42.82
587 0.51 0.00 0.25 41.22 0.00 0.00 0.00 0.00 0.00 58.02
588 0.25 0.00 0.00 1.75 0.00 0.00 0.00 0.00 0.00 98.00
589 0.25 0.00 0.00 0.00 0.00 0.00 0.00 0.00 0.00 99.75
590 0.25 0.00 0.00 0.50 0.00 0.00 0.00 0.00 0.00 99.25
591 0.00 0.00 0.25 0.00 0.00 0.00 0.00 0.00 0.00 99.75
592 0.25 0.00 0.00 0.00 0.00 0.00 0.00 0.00 0.00 99.75
593 0.25 0.00 0.25 1.00 0.00 0.00 0.00 0.00 0.00 98.50
594 0.00 0.00 0.25 5.28 0.00 0.00 0.00 0.00 0.00 94.47
595 0.25 0.00 0.00 0.25 0.00 0.00 0.00 0.00 0.00 99.50
596 0.00 0.00 0.25 0.25 0.00 0.00 0.00 0.00 0.00 99.50
597 0.00 0.00 0.00 0.50 0.00 0.00 0.00 0.00 0.00 99.50
598 0.25 0.00 0.00 1.50 0.00 0.00 0.25 0.00 0.00 98.00
599 0.25 0.00 0.00 0.25 0.00 0.00 0.00 0.00 0.00 99.50
600 0.00 0.00 0.00 3.02 0.00 0.00 0.00 0.00 0.00 96.98
601 0.00 0.00 0.00 1.26 0.00 0.00 0.00 0.00 0.00 98.74
602 0.00 0.00 0.00 0.50 0.00 0.00 0.00 0.00 0.00 99.50
603 0.00 0.00 0.00 1.26 0.00 0.00 0.00 0.00 0.00 98.74
604 0.00 0.00 0.50 0.75 0.00 0.00 0.00 0.00 0.00 98.74
605 0.51 0.00 0.51 19.70 0.00 0.00 0.00 0.00 0.00 79.29
606 0.50 0.00 0.50 24.31 0.00 0.00 0.00 0.00 0.00 74.69
607 0.25 0.00 0.25 24.43 0.00 0.00 0.00 0.00 0.00 75.06
608 0.50 0.00 0.25 27.14 0.00 0.00 0.25 0.00 0.00 71.86
609 0.50 0.00 0.50 24.87 0.00 0.00 0.00 0.00 0.00 74.12
610 0.25 0.00 0.51 23.99 0.00 0.00 0.00 0.00 0.00 75.25
611 0.75 0.00 0.25 25.00 0.00 0.00 0.00 0.00 0.00 74.00
612 1.01 0.00 0.25 24.37 0.00 0.00 0.00 0.00 0.00 74.37
613 0.25 0.00 0.25 24.87 0.00 0.00 0.00 0.00 0.00 74.62
614 0.00 0.00 0.75 24.62 0.00 0.00 0.00 0.00 0.00 74.62
615 1.51 0.00 1.01 22.92 0.00 0.00 0.00 0.00 0.00 74.56
616 0.25 0.00 0.00 26.20 0.00 0.00 0.00 0.00 0.00 73.55
617 0.50 0.00 0.25 29.00 0.00 0.00 0.00 0.00 0.00 70.25
618 0.50 0.00 0.75 25.63 0.00 0.00 0.25 0.00 0.00 72.86
619 0.25 0.00 0.25 25.75 0.00 0.00 0.00 0.00 0.00 73.75
620 3.34 0.00 1.80 23.91 0.00 0.00 0.26 0.00 0.00 70.69
621 0.25 0.00 0.50 24.43 0.00 0.00 0.00 0.00 0.00 74.81
622 0.25 0.00 0.76 23.86 0.00 0.00 0.25 0.00 0.00 74.87
623 10.35 0.00 0.25 16.41 0.00 0.00 0.00 0.00 0.00 72.98
624 10.30 0.00 2.51 9.55 0.00 0.00 0.00 0.00 0.00 77.64
625 0.00 0.00 0.75 0.25 0.00 0.00 0.25 0.00 0.00 98.75
626 5.54 0.00 3.27 0.50 0.00 0.00 0.00 0.00 0.00 90.68
627 0.00 0.00 0.50 1.25 0.00 0.00 0.00 0.00 0.00 98.25
