0 1.40 0.37 0.00
1 4.92 1.60 0.00
2 2.85 1.07 0.00
3 1.27 0.30 0.00
4 2.25 0.30 0.00
5 3.72 1.53 0.00
6 1.75 0.30 0.00
7 6.63 4.31 0.00
8 5.90 3.17 0.00
9 3.42 1.48 0.00
10 2.15 1.11 0.00
11 6.26 4.58 0.00
12 11.86 9.78 0.00
13 4.71 4.76 0.00
14 4.30 5.14 0.00
15 10.97 16.02 0.00
16 88341.80 125.89 0.00
17 7.26 8.36 0.00
18 1.97 2.46 0.00
19 27.20 27.64 0.00
20 5.01 3.15 0.00
21 2.43 0.30 0.00
22 4.30 2.66 0.00
23 26.13 40.49 0.00
24 26.33 37.81 0.00
25 39.11 55.46 0.00
26 16.51 43.96 0.00
27 4.61 3.30 0.00
28 43.94 43.66 0.00
29 120.54 137.12 0.00
30 148.27 175.79 0.00
31 144.09 169.09 0.00
32 43.00 45.36 0.00
33 90.33 107.47 0.00
34 130.97 148.28 0.00
35 127.48 149.32 0.00
36 123.09 143.04 0.00
37 91.19 106.21 0.00
38 59.50 72.51 0.00
39 2490.30 3634.64 0.00
40 7.02 10.71 0.00
41 2482.97 3646.57 0.00
42 1098.20 358.00 0.00
43 1359.09 2102.07 0.00
44 2435.60 1580.11 0.00
45 56.49 910.30 0.00
46 2362.93 91.83 0.00
47 86.10 101.05 0.00
48 24232.30 35859.52 0.00
49 1.40 0.30 0.00
50 94.51 3072.10 0.00
51 24076.04 32838.50 0.00
52 14.10 14.41 0.00
53 4136.71 1731.45 0.00
54 4230.67 5716.00 0.00
55 6789.92 4892.97 0.00
56 3041.07 13245.67 0.00
57 6016.85 9458.59 0.00
58 2.79 4.57 0.00
59 0.93 1.12 0.00
60 6.91 156.65 0.00
61 34.33 1390.35 0.00
62 11096.16 4352.09 0.00
63 68.01 6645.63 0.00
64 6903.75 763.05 0.00
65 20.13 4712.36 0.00
66 14.57 4988.30 0.00
67 15.33 4448.28 0.00
68 98.07 9950.77 0.00
69 28.86 2926.38 0.00
70 31.17 3050.92 0.00
71 21.44 2875.58 0.00
72 16.88 1359.20 0.00
73 1.57 3.78 0.00
74 31.89 25.46 0.00
75 70.51 84.74 0.00
76 95.80 121.56 0.00
77 84.73 106.05 0.00
78 15.83 14.80 0.00
79 2.55 0.59 0.00
80 41829.92 218.49 0.00
81 42.97 76.22 0.00
82 7970.23 12259.67 0.00
83 14795.56 27250.26 0.00
84 1572.36 7965.02 0.00
85 41.35 4210.60 0.00
86 4.06 2.17 0.00
87 1.74 0.30 0.00
88 5168.73 13037.46 0.00
89 3601.94 2977.65 0.00
90 1738.01 4832.82 0.00
91 5611.88 1973.63 0.00
92 3417.39 784.77 0.00
93 2501.30 5.92 0.00
94 414.94 5.00 0.00
95 3.53 1.78 0.00
96 5353.35 3288.66 0.00
97 34.08 14889.27 0.00
98 1534.66 6850.98 0.00
99 3783.20 2653.73 0.00
100 7995.75 1923.96 0.00
101 319.84 2501.54 0.00
102 767.27 2999.07 0.00
103 10.02 2541.65 0.00
104 5.38 1590.52 0.00
105 3332.34 5176.71 0.00
106 2883.06 5551.84 0.00
107 11.99 3524.62 0.00
108 1.19 2.55 0.00
109 0.63 0.30 0.00
110 2.95 2.39 0.00
111 5.89 4.25 0.00
112 2.94 4.42 0.00
113 3.13 4.27 0.00
114 3.77 4.83 0.00
115 3.73 10.27 0.00
116 2.43 4.78 0.00
117 2.70 2.48 0.00
118 3.99 4.74 0.00
119 3.35 7.07 0.00
120 40.00 12381.54 0.00
121 1.44 0.31 0.00
122 2.08 0.78 0.00
123 0.55 0.00 0.00
124 3305.21 1643.71 0.00
125 256.56 2.63 0.00
126 1854.80 745.29 0.00
127 624.48 4614.54 0.00
128 35.89 6490.28 0.00
129 46.10 6562.79 0.00
130 2.90 556.62 0.00
131 0.55 0.82 0.00
132 1.66 0.30 0.00
133 10.20 3579.99 0.00
134 1.20 3.00 0.00
135 1.50 1.92 0.00
136 1.93 1.30 0.00
137 1.28 1.52 0.00
138 1.87 0.70 0.00
139 2.62 3.67 0.00
140 1.36 0.87 0.00
141 1.44 0.30 0.00
142 25.74 18.61 0.00
143 8.85 7.78 0.00
144 3.42 7.61 0.00
145 0.95 0.65 0.00
146 4.15 5.83 0.00
147 3.17 2.06 0.00
148 1.26 4.15 0.00
149 3.72 7.18 0.00
150 2.68 1.92 0.00
151 6.29 9.36 0.00
152 2.47 1.80 0.00
153 2.48 0.70 0.00
154 0.90 2.18 0.00
155 11.53 31.67 0.00
156 2.29 0.30 0.00
157 21.96 12.71 0.00
158 13.34 9.34 0.00
159 6.20 5.87 0.00
160 3.12 2.46 0.00
161 5.57 7.54 0.00
162 7.12 8.37 0.00
163 3.17 4.96 0.00
164 24.16 14308.96 0.00
165 56.88 28558.53 0.00
166 2.61 5.70 0.00
167 1.12 0.58 0.00
168 3.58 2.48 0.00
169 2.11 3.29 0.00
170 0.54 0.87 0.00
171 22.70 45.14 0.00
172 6.52 7.56 0.00
173 2.45 1.63 0.00
174 5.45 5.47 0.00
175 18.58 283.41 0.00
176 15.45 908.88 0.00
177 21.03 920.28 0.00
178 9.92 1801.27 0.00
179 10.43 4416.40 0.00
180 7.47 4.09 0.00
181 2.10 1.67 0.00
182 1.63 1.04 0.00
183 11.04 14.45 0.00
184 6.49 12.07 0.00
185 0.89 0.00 0.00
186 1.37 7.72 0.00
187 5047.88 27.45 0.00
188 3284.99 9.45 0.00
189 4.46 2.62 0.00
190 1.08 0.44 0.00
191 1.32 0.99 0.00
192 104.95 42992.50 0.00
193 36.44 15770.70 0.00
194 8.48 1736.52 0.00
195 8.86 1132.34 0.00
196 47.80 20383.19 0.00
197 2.16 65.49 0.00
198 1.34 0.59 0.00
199 4.03 4.51 0.00
200 47.10 18525.56 0.00
201 0.82 0.58 0.00
202 800.46 35.29 0.00
203 4699.80 30441.35 0.00
204 5305.90 2395.36 0.00
205 3262.49 863.79 0.00
206 2849.33 2284.66 0.00
207 1803.54 1116.62 0.00
208 1236.83 5.04 0.00
209 1060.69 5.12 0.00
210 4210.84 584.75 0.00
211 25.93 3784.55 0.00
212 7.78 730.50 0.00
213 4.78 831.10 0.00
214 2086.09 3683.49 0.00
215 2036.68 877.80 0.00
216 1656.41 941.68 0.00
217 2.95 503.67 0.00
218 10796.53 645.60 0.00
219 211.42 1043.56 0.00
220 3.94 1369.78 0.00
221 8358.09 1985.95 0.00
222 1.72 1.62 0.00
223 4.40 7.54 0.00
224 1.93 9.30 0.00
225 5.12 5.01 0.00
226 4.40 4.28 0.00
227 2.56 1.23 0.00
228 2.29 0.64 0.00
229 1.43 2.25 0.00
230 2.36 0.84 0.00
231 1.33 0.30 0.00
232 1.07 0.43 0.00
233 40.78 36.32 0.00
234 5.59 24.04 0.00
235 5.85 7.69 0.00
236 2992.19 41.20 0.00
237 4430.65 10.70 0.00
238 2751.98 15.04 0.00
239 2781.27 33.77 0.00
240 3155.17 11.03 0.00
241 2287.83 4.62 0.00
242 2.91 0.99 0.00
243 1.25 0.96 0.00
244 135.86 4.48 0.00
245 352.57 4.44 0.00
246 4151.96 28.96 0.00
247 1511.14 5.69 0.00
248 3.23 3.43 0.00
249 2.13 3.08 0.00
250 3.01 2.94 0.00
251 11.27 18.13 0.00
252 8.03 16.87 0.00
253 3.19 4.45 0.00
254 14.60 31.86 0.00
255 0.94 1.10 0.00
256 1.33 0.00 0.00
257 1.37 6.97 0.00
258 20.23 44.98 0.00
259 3.86 4.09 0.00
260 1.19 0.45 0.00
261 1.86 1.07 0.00
262 1.30 0.88 0.00
263 1.29 0.94 0.00
264 1.83 3.13 0.00
265 5947.70 42.83 0.00
266 4962.95 14.39 0.00
267 2724.07 11.42 0.00
268 1.28 0.60 0.00
269 2.84 3.74 0.00
270 18560.90 31.58 0.00
271 4.27 4.16 0.00
272 4.94 7.28 0.00
273 4.41 9.62 0.00
274 4.72 10.48 0.00
275 2.14 8.54 0.00
276 3.06 3.22 0.00
277 1.57 0.99 0.00
278 1.00 1.01 0.00
279 5.55 13.58 0.00
280 19.45 45.08 0.00
281 15.11 31.43 0.00
282 5.05 7.80 0.00
283 0.40 0.14 0.00
284 6.21 10.88 0.00
285 13.32 16.04 0.00
286 4119.45 10.23 0.00
287 10430.67 17.30 0.00
288 11.05 7.15 0.00
289 2733.36 14.37 0.00
290 21.90 16.74 0.00
291 4.49 4.01 0.00
292 3.00 1.82 0.00
293 1.38 0.58 0.00
294 9665.54 55.89 0.00
295 1.36 11.72 0.00
296 12760.58 15.93 0.00
297 8074.67 14.03 0.00
298 3250.41 26.44 0.00
299 2886.51 22.21 0.00
300 2.59 2.60 0.00
301 1.54 0.85 0.00
302 10.21 5.69 0.00
303 3.49 3.16 0.00
304 1.87 2.59 0.00
305 11.89 21.34 0.00
306 1.90 7.50 0.00
307 2.79 2.42 0.00
308 5.06 5.74 0.00
309 2.73 3.40 0.00
310 0.99 0.72 0.00
311 6.00 7.56 0.00
312 2.22 1.92 0.00
313 9.04 13.22 0.00
314 1.50 2.57 0.00
315 2.32 3.24 0.00
316 2.00 0.43 0.00
317 0.85 0.51 0.00
318 3.67 2.10 0.00
319 2.46 2.87 0.00
320 1.63 0.53 0.00
321 0.66 0.96 0.00
322 9.19 14.77 0.00
323 1.00 0.84 0.00
324 1.20 2.90 0.00
325 1.50 1.98 0.00
326 0.67 0.30 0.00
327 0.84 0.82 0.00
328 5.46 3.44 0.00
329 32.39 26.99 0.00
330 1.30 1.19 0.00
331 1.87 0.30 0.00
332 0.85 0.30 0.00
333 6.32 10.86 0.00
334 27.61 27.66 0.00
335 1.36 4.94 0.00
336 13.72 13.52 0.00
337 13.88 17.63 0.00
338 2.62 2.58 0.00
339 20.22 37.72 0.00
340 6.19 7.29 0.00
341 1.82 1.02 0.00
342 1.91 0.64 0.00
343 1.44 2.80 0.00
344 22.16 7295.74 0.00
345 49.00 6281.41 0.00
346 10.59 15.09 0.00
347 2.97 1.49 0.00
348 22.22 8748.61 0.00
349 12.66 4815.67 0.00
350 9.36 9.40 0.00
351 14242.20 74.94 0.00
352 9153.68 3110.25 0.00
353 4017.99 11493.79 0.00
354 32.58 11575.05 0.00
355 8.80 826.10 0.00
356 5.71 171.74 0.00
357 3.35 7.34 0.00
358 2977.23 15.61 0.00
359 10752.01 17.50 0.00
360 13.45 16.43 0.00
361 2993.92 52.77 0.00
362 4129.16 6.42 0.00
363 7037.88 25.76 0.00
364 13350.04 34.84 0.00
365 6190.25 13.09 0.00
366 1822.18 1.54 0.00
367 1.42 1.44 0.00
368 19414.35 64.94 0.00
369 5.31 4.78 0.00
370 9.51 11.65 0.00
371 3.76 17.80 0.00
372 1.67 0.00 0.00
373 2.15 2.72 0.00
374 0.89 0.30 0.00
375 3.79 6.05 0.00
376 1.77 0.82 0.00
377 0.97 0.30 0.00
378 0.86 0.30 0.00
379 34.78 36.67 0.00
380 8.88 21.55 0.00
381 0.55 0.44 0.00
382 4.79 2.05 0.00
383 7.38 4.15 0.00
384 0.66 0.37 0.00
385 3.11 3.07 0.00
386 2.93 1.28 0.00
387 61.65 89.42 0.00
388 3.42 4.27 0.00
389 0.82 0.58 0.00
390 2.11 4.38 0.00
391 1.77 0.96 0.00
392 2.46 1.36 0.00
393 6.63 2.64 0.00
394 1.75 2.85 0.00
395 2.44 8.80 0.00
396 3.29 2.40 0.00
397 1.01 1.30 0.00
398 1.07 0.70 0.00
399 2.49 2.61 0.00
400 2.74 4.37 0.00
401 1.96 1.83 0.00
402 5.24 7.99 0.00
403 1.86 2.99 0.00
404 8.29 12.08 0.00
405 5.17 5.50 0.00
406 7.15 4.20 0.00
407 4.83 10.04 0.00
408 38.04 54.03 0.00
409 9.26 17.39 0.00
410 1.84 2.09 0.00
411 1.33 0.30 0.00
412 1.82 1.38 0.00
413 5.16 5.83 0.00
414 15.94 28.60 0.00
415 5.26 16.10 0.00
416 2.37 2.34 0.00
417 1.92 3.12 0.00
418 2.09 4.76 0.00
419 11.83 23.58 0.00
420 26.62 18.89 0.00
421 2.42 1.80 0.00
422 39.84 29.86 0.00
423 1.37 0.99 0.00
424 3.09 1.36 0.00
425 2.60 3.05 0.00
426 2.32 7.67 0.00
427 5.33 6.41 0.00
428 10.76 18.40 0.00
429 5.23 5.40 0.00
430 13.46 29.19 0.00
431 2.56 0.74 0.00
432 2.26 0.00 0.00
433 13.04 24.38 0.00
434 7.69 13.37 0.00
435 5.31 4.48 0.00
436 6.36 7.74 0.00
437 1.64 0.91 0.00
438 1.63 0.46 0.00
439 17.02 7.09 0.00
440 2.73 2.49 0.00
441 0.85 0.45 0.00
442 2.91 1.15 0.00
443 3.54 1.92 0.00
444 2.63 0.64 0.00
445 9.20 22.92 0.00
446 2.91 3.82 0.00
447 4.41 3.27 0.00
448 4.19 6.82 0.00
449 0.66 1.02 0.00
450 3.02 4.72 0.00
451 9.90 16.32 0.00
452 2.53 1.78 0.00
453 2.75 2.88 0.00
454 1.94 0.30 0.00
455 10.98 26.22 0.00
456 3.75 1.14 0.00
457 1.04 0.51 0.00
458 1.71 2.58 0.00
459 2.51 0.30 0.00
460 3.61 3.96 0.00
461 0.87 0.96 0.00
462 2.08 0.30 0.00
463 3.24 3.63 0.00
464 55.58 7365.07 0.00
465 2.21 2.25 0.00
466 2.72 0.33 0.00
467 0.73 0.82 0.00
468 55.15 31042.93 0.00
469 0.66 0.93 0.00
470 4.19 4.62 0.00
471 1.35 0.37 0.00
472 2.71 25.19 0.00
473 3.43 5.28 0.00
474 27.85 19.56 0.00
475 33.35 67.98 0.00
476 1.42 0.82 0.00
477 1.91 6.53 0.00
478 11.19 12.18 0.00
479 44.39 46.59 0.00
480 8.19 10.56 0.00
481 0.98 0.47 0.00
482 2.08 0.88 0.00
483 6.16 6.88 0.00
484 3.60 7.95 0.00
485 3.05 10.08 0.00
486 7.13 5.94 0.00
487 4.81 4.63 0.00
488 1.60 0.98 0.00
489 1.78 0.30 0.00
490 2.49 2.63 0.00
491 2.69 0.82 0.00
492 1.83 0.30 0.00
493 1.47 1.87 0.00
494 1.00 0.30 0.00
495 2.43 8.51 0.00
496 1.62 0.43 0.00
497 3.02 2.76 0.00
498 2.38 0.58 0.00
499 18.39 2943.08 0.00
500 15.83 3864.37 0.00
501 21.20 8538.92 0.00
502 16.52 6567.65 0.00
503 42.20 13544.00 0.00
504 34.73 13483.96 0.00
505 15.42 5281.15 0.00
506 2.82 2.15 0.00
507 0.62 0.51 0.00
508 2.15 1.01 0.00
509 0.55 1.73 0.00
510 4.79 6.42 0.00
511 3.06 1.88 0.00
512 3.19 3.40 0.00
513 1.70 0.83 0.00
514 1.11 0.30 0.00
515 6.27 5.95 0.00
516 4.77 8.52 0.00
517 8.35 11.88 0.00
518 23.90 50.29 0.00
519 2.26 1.66 0.00
520 4.76 5.66 0.00
521 6.89 7.98 0.00
522 22.98 19.42 0.00
523 1.19 1.93 0.00
524 2.10 1.71 0.00
525 9.02 15.28 0.00
526 5.92 12.03 0.00
527 4.15 4.12 0.00
528 1.40 0.96 0.00
529 0.66 0.30 0.00
530 31.21 62.62 0.00
531 13637.01 30.53 0.00
532 0.96 0.30 0.00
533 1.19 0.30 0.00
534 29294.37 88.83 0.00
535 4396.63 18.68 0.00
536 7537.23 24.37 0.00
537 5.65 6.50 0.00
538 1.03 2.21 0.00
539 5.98 6.37 0.00
540 4.22 4.11 0.00
541 21.30 43.65 0.00
542 7.07 13.12 0.00
543 2.57 2.49 0.00
544 10.62 9.50 0.00
545 30242.50 92.82 0.00
546 24618.97 55.97 0.00
547 3.77 7.56 0.00
548 2.01 1.83 0.00
549 1.81 0.80 0.00
550 1.17 2.39 0.00
551 1.52 0.84 0.00
552 3.06 9.31 0.00
553 18.37 36.51 0.00
554 2.34 1.99 0.00
555 1.00 1.89 0.00
556 0.72 0.44 0.00
557 1.50 0.82 0.00
558 1.34 1.22 0.00
559 1.09 3.16 0.00
560 2.01 0.82 0.00
561 0.67 0.30 0.00
562 0.85 0.30 0.00
563 1.28 0.82 0.00
564 0.56 0.30 0.00
565 0.77 0.30 0.00
566 1.21 0.82 0.00
567 1.19 0.30 0.00
568 1.42 1.87 0.00
569 1.21 0.82 0.00
570 1.33 0.30 0.00
571 0.66 0.30 0.00
572 1.96 0.82 0.00
573 1.30 0.30 0.00
574 1.89 0.30 0.00
575 1.10 0.82 0.00
576 2.96 0.30 0.00
577 2.17 0.30 0.00
578 0.66 0.82 0.00
579 2.01 0.00 0.00
580 1.67 0.30 0.00
581 1.24 1.21 0.00
582 2.64 0.51 0.00
583 1.25 1.98 0.00
584 0.76 0.82 0.00
585 0.33 0.00 0.00
586 1.98 0.90 0.00
587 1.83 1.24 0.00
588 1.11 0.78 0.00
589 2.81 1.88 0.00
590 1.65 1.67 0.00
591 0.87 0.66 0.00
592 1.63 0.34 0.00
593 0.62 0.82 0.00
594 1.10 0.30 0.00
595 0.66 0.30 0.00
596 1.30 1.46 0.00
597 1.51 0.30 0.00
598 1.14 1.87 0.00
599 0.55 0.82 0.00
600 1.55 0.30 0.00
601 1.19 0.94 0.00
602 0.73 0.82 0.00
603 1.96 0.30 0.00
604 0.89 0.30 0.00
605 5.61 4.87 0.00
606 1.44 0.30 0.00
607 0.74 0.30 0.00
608 0.95 0.82 0.00
609 1.92 0.30 0.00
610 0.77 0.30 0.00
611 0.87 0.82 0.00
612 2.10 0.30 0.00
613 0.91 1.87 0.00
614 1.77 0.82 0.00
615 2.37 0.30 0.00
616 0.44 0.30 0.00
617 1.84 0.82 0.00
618 2.33 0.30 0.00
619 0.44 0.30 0.00
620 4.18 152.11 0.00
621 2.26 0.30 0.00
622 0.62 0.30 0.00
623 1.63 0.82 0.00
624 0.61 0.46 0.00
625 2.04 1.62 0.00
626 8.71 61.67 0.00
627 2.19 1.58 0.00
628 6.06 6.38 0.00
629 7.17 379.28 0.00
