0 1.40 0.37 0.00
1 5.37 1.85 0.00
2 3.07 1.07 0.00
3 1.55 0.30 0.00
4 2.42 0.30 0.00
5 3.79 1.03 0.00
6 1.75 0.49 0.00
7 6.93 4.51 0.00
8 6.38 2.97 0.00
9 3.59 1.67 0.00
10 2.04 0.92 0.00
11 6.54 4.98 0.00
12 11.21 8.85 0.00
13 5.05 5.30 0.00
14 2.98 3.48 0.00
15 8.32 13.99 0.00
16 89007.25 173.64 0.00
17 6.05 3.62 0.00
18 2.77 4.19 0.00
19 26.47 5.08 0.00
20 5.00 2.98 0.00
21 2.43 0.30 0.00
22 4.30 2.66 0.00
23 25.74 40.52 0.00
24 26.86 38.08 0.00
25 30.10 60.90 0.00
26 6.93 6.03 0.00
27 4.44 3.30 0.00
28 36.95 35.36 0.00
29 106.29 116.61 0.00
30 156.53 179.73 0.00
31 120.18 138.40 0.00
32 78.60 89.03 0.00
33 84.67 100.22 0.00
34 139.45 159.61 0.00
35 137.20 160.45 0.00
36 92.47 105.99 0.00
37 33.75 50.66 0.00
38 17.94 19.75 0.00
39 2708.65 2903.24 0.00
40 7.02 24.88 0.00
41 2703.58 2938.03 0.00
42 9.03 11.96 0.00
43 2665.81 1998.95 0.00
44 1362.36 1705.83 0.00
45 1324.10 298.35 0.00
46 30.04 964.66 0.00
47 50.25 53.64 0.00
48 26623.34 28611.52 0.00
49 1.40 118.43 0.00
50 6296.04 129.12 0.00
51 20291.95 28658.28 0.00
52 51.37 69.73 0.00
53 6624.92 1163.10 0.00
54 6365.13 1828.69 0.00
55 10642.44 4307.23 0.00
56 2882.08 5211.31 0.00
57 33.99 5777.37 0.00
58 2.55 3.98 0.00
59 0.82 0.89 0.00
60 0.12 0.00 0.00
61 17.78 2773.18 0.00
62 87.68 12868.96 0.00
63 26.97 5829.85 0.00
64 2103.61 769.08 0.00
65 5736.67 2396.99 0.00
66 3160.08 4001.59 0.00
67 2258.98 40.47 0.00
68 36.58 4465.66 0.00
69 95.63 9165.12 0.00
70 1.65 22.53 0.00
71 2.10 0.81 0.00
72 1.73 0.30 0.00
73 3.54 5.20 0.00
74 26.34 21.31 0.00
75 78.01 81.07 0.00
76 95.90 121.13 0.00
77 83.73 108.97 0.00
78 16711.70 177.13 0.00
79 8.72 4.64 0.00
80 31.62 56.95 0.00
81 11.43 12.43 0.00
82 9240.99 4889.04 0.00
83 17053.75 15407.68 0.00
84 541.68 16317.38 0.00
85 4.73 89.33 0.00
86 5.53 3.13 0.00
87 1.57 0.30 0.00
88 1698.46 4351.46 0.00
89 3612.59 4029.39 0.00
90 5806.43 4520.89 0.00
91 2995.37 6734.36 0.00
92 5187.73 4753.10 0.00
93 722.23 6077.63 0.00
94 1742.32 1973.89 0.00
95 3067.91 1964.88 0.00
96 1926.95 150.46 0.00
97 554.32 2.63 0.00
98 7.48 6.32 0.00
99 3626.38 3689.22 0.00
100 1727.61 11882.94 0.00
101 3293.33 1059.93 0.00
102 2197.23 2138.58 0.00
103 2702.79 1629.57 0.00
104 857.89 2.99 0.00
105 1979.80 6.54 0.00
106 2605.98 3.80 0.00
107 7049.74 1244.71 0.00
108 1.07 2.29 0.00
109 0.63 0.30 0.00
110 18.03 6177.05 0.00
111 8.78 543.64 0.00
112 2.91 4.52 0.00
113 4.46 24.51 0.00
114 3.67 4.20 0.00
115 3.43 4.64 0.00
116 1.86 1.91 0.00
117 1.28 0.99 0.00
118 22.62 8611.84 0.00
119 2.19 1.84 0.00
120 4.61 1.41 0.00
121 1.44 0.31 0.00
122 10.70 4348.65 0.00
123 10.71 6393.05 0.00
124 4.14 1.90 0.00
125 3.65 188.47 0.00
126 28.74 3731.89 0.00
127 21.56 4595.37 0.00
128 14.42 4704.75 0.00
129 4.18 1321.00 0.00
130 2.78 790.38 0.00
131 0.55 1.02 0.00
132 1.07 0.30 0.00
133 3.08 5.78 0.00
134 0.96 1.15 0.00
135 1.21 0.30 0.00
136 1.93 1.30 0.00
137 1.28 1.38 0.00
138 2.25 2.50 0.00
139 1.98 1.47 0.00
140 0.77 1.02 0.00
141 2.03 0.30 0.00
142 29.79 23.80 0.00
143 3.58 5.90 0.00
144 3.92 1.62 0.00
145 2.05 3.93 0.00
146 6.50 8.37 0.00
147 4.90 5.38 0.00
148 2.72 4.13 0.00
149 3.41 5.99 0.00
150 3.99 2.50 0.00
151 6.26 7.16 0.00
152 2.02 2.95 0.00
153 3.69 2.56 0.00
154 0.54 0.26 0.00
155 3.62 1.98 0.00
156 2.27 0.00 0.00
157 7.38 14.80 0.00
158 17.42 26.32 0.00
159 6.62 7.29 0.00
160 7.94 11.51 0.00
161 1.31 2.06 0.00
162 16.13 23.55 0.00
163 21.62 25.25 0.00
164 1.06 1.36 0.00
165 2.44 0.51 0.00
166 1.82 1.68 0.00
167 10.71 12.05 0.00
168 9.46 15.92 0.00
169 1.57 1.14 0.00
170 0.60 0.97 0.00
171 5.49 3.80 0.00
172 3.95 1.54 0.00
173 8.08 19.42 0.00
174 6.33 8.87 0.00
175 4.21 6.79 0.00
176 25.44 44.52 0.00
177 14.43 15.62 0.00
178 1.81 3.54 0.00
179 1.50 1.34 0.00
180 1.12 0.56 0.00
181 2.10 1.97 0.00
182 3.88 3.31 0.00
183 10.50 17.18 0.00
184 1.38 1.10 0.00
185 1.10 0.81 0.00
186 0.61 0.13 0.00
187 5.70 11.70 0.00
188 3.05 4.54 0.00
189 14.46 14.48 0.00
190 1.08 0.43 0.00
191 1.43 0.99 0.00
192 2.40 0.37 0.00
193 3.27 3.64 0.00
194 2.42 1.21 0.00
195 14.25 16.70 0.00
196 29.78 49.05 0.00
197 849.21 13.74 0.00
198 1588.86 3.93 0.00
199 1878.10 4.18 0.00
200 3471.43 14.06 0.00
201 611.31 1.73 0.00
202 1447.25 43.55 0.00
203 2215.33 26.88 0.00
204 2334.22 16.97 0.00
205 719.25 2.73 0.00
206 722.34 3.84 0.00
207 878.04 1.91 0.00
208 92.09 7.60 0.00
209 15907.25 53.56 0.00
210 851.57 3.49 0.00
211 18.31 15.97 0.00
212 7.52 29.95 0.00
213 3.31 5.24 0.00
214 6.59 5.71 0.00
215 0.76 0.97 0.00
216 1.21 0.30 0.00
217 2.44 0.30 0.00
218 8.46 10.03 0.00
219 2.40 0.58 0.00
220 1.75 0.99 0.00
221 1.91 2.06 0.00
222 1.98 0.78 0.00
223 4.51 7.75 0.00
224 1.24 1.31 0.00
225 5.17 3.45 0.00
226 4.44 4.24 0.00
227 2.62 1.31 0.00
228 2.78 2.22 0.00
229 0.85 0.30 0.00
230 2.36 0.81 0.00
231 1.33 0.30 0.00
232 0.74 0.30 0.00
233 38.15 39.29 0.00
234 7.30 5.61 0.00
235 7.38 25.25 0.00
236 10.89 15.37 0.00
237 2.02 0.84 0.00
238 1.60 4.15 0.00
239 13.90 19.81 0.00
240 3.02 8.20 0.00
241 0.96 0.46 0.00
242 3.43 3.95 0.00
243 1.31 1.11 0.00
244 1.62 2.50 0.00
245 4.18 3.48 0.00
246 9.49 19.71 0.00
247 2.23 3.41 0.00
248 4.65 11.03 0.00
249 1.75 2.58 0.00
250 3.27 4.37 0.00
251 9.54 17.10 0.00
252 22941.14 68.01 0.00
253 1479.12 12.47 0.00
254 27.71 25.14 0.00
255 2.37 2.53 0.00
256 1.44 0.46 0.00
257 1.18 0.81 0.00
258 3.85 4.36 0.00
259 3.14 1.99 0.00
260 1.30 2.33 0.00
261 2.67 1.85 0.00
262 1.30 0.30 0.00
263 1.68 2.59 0.00
264 1.68 8.93 0.00
265 12.71 21.40 0.00
266 2.73 2.82 0.00
267 11.56 23.33 0.00
268 1.86 3.66 0.00
269 2.30 0.87 0.00
270 2.04 0.43 0.00
271 16.95 34.49 0.00
272 1640.86 12.79 0.00
273 1086.87 5.24 0.00
274 927.04 9.23 0.00
275 1433.48 3.78 0.00
276 1039.73 2.27 0.00
277 2.44 1.27 0.00
278 2.21 6.34 0.00
279 1.57 0.58 0.00
280 5.05 3.16 0.00
281 4.46 3.70 0.00
282 18.67 36.33 0.00
283 1.38 8.81 0.00
284 17.90 22.85 0.00
285 4.44 3.70 0.00
286 1.90 1.31 0.00
287 1.66 1.92 0.00
288 5.37 12.18 0.00
289 2773.24 17.86 0.00
290 6.89 12.63 0.00
291 4288.26 13.57 0.00
292 2449.03 13.45 0.00
293 2.56 9.95 0.00
294 2764.43 21.93 0.00
295 2.23 5.07 0.00
296 1.97 2.58 0.00
297 1.11 0.58 0.00
298 5.88 8.38 0.00
299 5.31 3.10 0.00
300 2.55 2.61 0.00
301 1.82 1.12 0.00
302 1342.47 20.63 0.00
303 1353.14 33.17 0.00
304 1240.73 7.34 0.00
305 1358.78 13.35 0.00
306 7764.48 16.13 0.00
307 7.01 12.84 0.00
308 5.68 8.64 0.00
309 2.46 3.67 0.00
310 1.42 2.06 0.00
311 516.24 12.22 0.00
312 2689.60 6.38 0.00
313 2363.74 34.68 0.00
314 6623.14 10.62 0.00
315 3907.62 6.97 0.00
316 1573.49 1.73 0.00
317 0.95 0.81 0.00
318 4.93 18.21 0.00
319 2.21 13.09 0.00
320 1.04 0.64 0.00
321 1.25 0.96 0.00
322 2.90 0.43 0.00
323 9.69 19.18 0.00
324 0.52 0.30 0.00
325 1.21 0.30 0.00
326 0.77 0.81 0.00
327 0.74 0.30 0.00
328 4.14 3.52 0.00
329 30.45 25.21 0.00
330 5.23 3.21 0.00
331 1.87 0.30 0.00
332 0.85 0.30 0.00
333 5.32 7.00 0.00
334 22.63 26.44 0.00
335 2.67 1.85 0.00
336 12.45 12.55 0.00
337 8.84 9.13 0.00
338 4.07 6.54 0.00
339 4.14 3.09 0.00
340 18.61 21.35 0.00
341 1.82 1.23 0.00
342 1.91 0.64 0.00
343 1.98 4.17 0.00
344 15.97 25.37 0.00
345 12.81 16.67 0.00
346 6.84 7.08 0.00
347 2.97 1.28 0.00
348 25.40 41.55 0.00
349 11.41 13.71 0.00
350 6.16 2.70 0.00
351 7.40 4.59 0.00
352 3.68 1.97 0.00
353 26.35 34.38 0.00
354 0.75 0.30 0.00
355 14.11 28.60 0.00
356 20.20 35.67 0.00
357 8.81 10.54 0.00
358 3.42 5.12 0.00
359 2.28 0.83 0.00
360 27.45 22.38 0.00
361 22.79 42.42 0.00
362 1.19 0.30 0.00
363 2.34 2.40 0.00
364 2.23 2.18 0.00
365 4.81 2.93 0.00
366 4.54 10.16 0.00
367 2.04 4.37 0.00
368 7.48 8.94 0.00
369 4.66 4.47 0.00
370 29522.67 117.06 0.00
371 6976.74 14.78 0.00
372 1078.04 1.91 0.00
373 1082.29 6.24 0.00
374 2610.27 16.32 0.00
375 5586.39 39.76 0.00
376 8192.92 14.87 0.00
377 0.97 0.30 0.00
378 1.23 1.96 0.00
379 35.41 42.48 0.00
380 7.13 19.86 0.00
381 1.04 0.00 0.00
382 3.83 2.05 0.00
383 8.32 5.41 0.00
384 0.74 0.37 0.00
385 16.73 43.32 0.00
386 19.69 14.77 0.00
387 36.17 35.38 0.00
388 3.86 6.12 0.00
389 0.63 0.45 0.00
390 1.74 2.61 0.00
391 1.83 0.81 0.00
392 1.98 0.98 0.00
393 3.72 9.82 0.00
394 1.57 1.36 0.00
395 1.83 2.61 0.00
396 2.33 0.98 0.00
397 1.71 1.09 0.00
398 1.50 2.63 0.00
399 2.04 0.99 0.00
400 2.43 2.52 0.00
401 2.21 3.23 0.00
402 3.77 9.08 0.00
403 6.91 12.96 0.00
404 31.52 45.62 0.00
405 8.21 13.23 0.00
406 6.88 6.12 0.00
407 1.85 1.04 0.00
408 14.27 19.65 0.00
409 7.27 8.81 0.00
410 1.45 0.44 0.00
411 1.33 0.30 0.00
412 1.72 0.86 0.00
413 6.28 12.52 0.00
414 16.92 34.22 0.00
415 3.87 3.30 0.00
416 2.11 0.85 0.00
417 1.73 1.63 0.00
418 2.30 5.20 0.00
419 10.10 16.69 0.00
420 10.10 23.07 0.00
421 2.66 3.11 0.00
422 34.02 23.51 0.00
423 14.53 13.85 0.00
424 3.17 1.39 0.00
425 7.78 4.87 0.00
426 2.30 1.96 0.00
427 4.91 3.36 0.00
428 12.55 16.21 0.00
429 5.56 4.33 0.00
430 8.67 15.09 0.00
431 2.89 1.78 0.00
432 2.54 0.45 0.00
433 6.96 20.20 0.00
434 8.80 18.69 0.00
435 4.73 1.97 0.00
436 19.19 36.19 0.00
437 1.64 0.92 0.00
438 2.07 2.17 0.00
439 7.24 10.73 0.00
440 2.08 0.58 0.00
441 0.85 0.30 0.00
442 2.40 0.95 0.00
443 3.69 2.44 0.00
444 13.73 14.81 0.00
445 7.50 5.06 0.00
446 2.92 3.30 0.00
447 8.12 14.48 0.00
448 5.51 11.35 0.00
449 0.75 0.36 0.00
450 2.44 2.74 0.00
451 8.29 14.00 0.00
452 1.25 0.46 0.00
453 4.61 10.88 0.00
454 1.95 0.88 0.00
455 44.31 31.82 0.00
456 4.11 25.06 0.00
457 1.04 1.02 0.00
458 1.73 2.33 0.00
459 2.76 0.33 0.00
460 2.98 0.94 0.00
461 0.66 0.45 0.00
462 2.19 0.30 0.00
463 3.82 6.02 0.00
464 4.74 7.21 0.00
465 1.63 3.21 0.00
466 2.65 0.81 0.00
467 0.63 0.30 0.00
468 3.53 3.37 0.00
469 0.84 0.87 0.00
470 4.76 6.87 0.00
471 1.33 0.30 0.00
472 2.66 2.06 0.00
473 2.42 3.96 0.00
474 28.31 20.04 0.00
475 31.31 8.70 0.00
476 1.32 0.30 0.00
477 1.91 6.46 0.00
478 7.11 7.78 0.00
479 52.66 49.20 0.00
480 4.20 2.48 0.00
481 1.18 0.97 0.00
482 1.24 0.30 0.00
483 6.45 13.96 0.00
484 2.55 2.62 0.00
485 2.07 1.15 0.00
486 6.63 13.75 0.00
487 4.69 4.90 0.00
488 2.74 4.15 0.00
489 2.49 0.59 0.00
490 1.91 0.80 0.00
491 2.65 0.00 0.00
492 3.57 1.43 0.00
493 2.37 9.73 0.00
494 1.08 0.36 0.00
495 1.39 0.30 0.00
496 1.56 0.30 0.00
497 3.08 2.86 0.00
498 1.60 2.23 0.00
499 7.77 6.91 0.00
500 6.17 4.91 0.00
501 0.77 0.51 0.00
502 2.40 0.43 0.00
503 9.30 16.41 0.00
504 1.56 0.49 0.00
505 2.37 0.46 0.00
506 1.11 0.56 0.00
507 2.47 2.36 0.00
508 2.07 2.43 0.00
509 1.08 2.02 0.00
510 4.02 4.75 0.00
511 3.33 3.11 0.00
512 2.90 2.92 0.00
513 1.70 5.86 0.00
514 2.51 5.23 0.00
515 31.03 54.55 0.00
516 24.15 22.39 0.00
517 11.93 13.89 0.00
518 5.35 7.82 0.00
519 3.56 3.48 0.00
520 3.09 1.42 0.00
521 0.97 1.64 0.00
522 4.52 1.44 0.00
523 4.67 14.02 0.00
524 12.99 28.70 0.00
525 12.12 20.49 0.00
526 2.80 2.52 0.00
527 4.63 5.30 0.00
528 1.22 0.45 0.00
529 1.36 2.59 0.00
530 32.93 34.97 0.00
531 3.25 2.85 0.00
532 1.16 1.38 0.00
533 0.93 6.49 0.00
534 9.64 14.11 0.00
535 1.49 1.80 0.00
536 2.08 1.76 0.00
537 18.74 24.81 0.00
538 1.03 3.20 0.00
539 11484.93 31.11 0.00
540 2207.11 20.07 0.00
541 23.01 34.83 0.00
542 4124.34 18.15 0.00
543 5187.64 34.24 0.00
544 4307.99 14.31 0.00
545 11282.86 42.71 0.00
546 16409.83 44.01 0.00
547 2.77 3.73 0.00
548 1.95 9.10 0.00
549 4.68 18.97 0.00
550 0.66 0.30 0.00
551 0.85 0.81 0.00
552 2.44 0.30 0.00
553 14.88 13.49 0.00
554 6.64 5.95 0.00
555 0.44 0.40 0.00
556 0.66 0.30 0.00
557 1.50 0.81 0.00
558 1.01 0.69 0.00
559 2.11 5.10 0.00
560 2.08 0.88 0.00
561 0.56 0.00 0.00
562 0.85 0.30 0.00
563 1.21 0.81 0.00
564 0.64 0.30 0.00
565 0.77 0.30 0.00
566 1.21 0.81 0.00
567 1.19 0.30 0.00
568 1.40 1.87 0.00
569 1.28 0.81 0.00
570 1.33 0.30 0.00
571 0.66 0.30 0.00
572 1.96 0.81 0.00
573 1.23 0.30 0.00
574 1.97 0.30 0.00
575 1.10 0.81 0.00
576 2.96 0.30 0.00
577 2.17 0.30 0.00
578 0.66 0.81 0.00
579 2.00 0.30 0.00
580 1.78 0.30 0.00
581 1.24 1.21 0.00
582 2.53 0.62 0.00
583 1.29 1.87 0.00
584 0.84 0.81 0.00
585 0.43 0.30 0.00
586 1.60 0.59 0.00
587 2.09 1.76 0.00
588 1.03 0.53 0.00
589 2.62 1.62 0.00
590 1.92 1.93 0.00
591 0.87 0.66 0.00
592 1.63 0.34 0.00
593 0.55 0.81 0.00
594 1.18 0.30 0.00
595 0.66 0.30 0.00
596 1.30 1.46 0.00
597 1.51 0.30 0.00
598 1.06 1.87 0.00
599 0.62 0.81 0.00
600 1.44 0.30 0.00
601 1.40 1.01 0.00
602 0.73 0.81 0.00
603 1.88 0.30 0.00
604 0.97 0.30 0.00
605 1.51 1.46 0.00
606 1.44 0.30 0.00
607 0.74 0.30 0.00
608 0.87 0.81 0.00
609 1.98 0.30 0.00
610 0.77 0.30 0.00
611 0.87 0.81 0.00
612 2.10 0.30 0.00
613 0.83 1.87 0.00
614 1.85 0.81 0.00
615 2.26 0.00 0.00
616 0.34 0.00 0.00
617 1.84 0.81 0.00
618 2.25 0.30 0.00
619 0.40 0.30 0.00
620 3.01 1.66 0.00
621 6.11 3.58 0.00
622 0.62 0.30 0.00
623 1.45 0.51 0.00
624 0.86 0.30 0.00
625 4.43 153.70 0.00
626 3.04 2.35 0.00
627 8.56 61.16 0.00
628 1.95 3.41 0.00
629 11.95 382.38 0.00
