0 10.35 9.84 0.00
1 3.25 0.52 0.00
2 9.62 5.35 0.00
3 4.87 0.73 0.00
4 2.84 0.42 0.00
5 5.73 1.46 0.00
6 5.56 1.97 0.00
7 3.45 0.52 0.00
8 33.19 35.48 0.00
9 7.58 2.68 0.00
10 4.46 3.04 0.00
11 9.33 7.73 0.00
12 10.08 6.79 0.00
13 46.21 39.21 0.00
14 9.57 4.21 0.00
15 25.85 15.19 0.00
16 480.64 209441.92 0.00
17 244.47 143962.12 0.00
18 27.19 14.74 0.00
19 14.70 27.88 0.00
20 13.95 32.02 0.00
21 9.05 7.63 0.00
22 2.69 0.42 0.00
23 86.81 52.90 0.00
24 92.96 49.36 0.00
25 125.58 83.53 0.00
26 107.60 57.25 0.00
27 79.81 42.20 0.00
28 54.37 19.83 0.00
29 104.99 109.70 0.00
30 270.03 178.21 0.00
31 202.70 131.87 0.00
32 118.45 81.28 0.00
33 181.77 106.97 0.00
34 178.77 104.66 0.00
35 198.60 130.43 0.00
36 171.48 112.34 0.00
37 130.74 69.07 0.00
38 70.68 37.34 0.00
39 138.59 119.23 0.00
40 54.63 26.60 0.00
41 97.49 54.41 0.00
42 107.67 57.87 0.00
43 181.91 85.33 0.00
44 52.62 24.36 0.00
45 110.02 60.46 0.00
46 103.73 40.79 0.00
47 20.60 5.17 0.00
48 170.18 136.48 0.00
49 14.62 6.12 0.00
50 13.23 6.65 0.00
51 190.56 105.05 0.00
52 3.21 0.83 0.00
53 171.79 81.69 0.00
54 24.01 9.10 0.00
55 3.82 1.05 0.00
56 7.87 1.11 0.00
57 100.81 31686.91 0.00
58 152.42 56693.17 0.00
59 8.84 5.46 0.00
60 2.46 0.63 0.00
61 38.29 19.18 0.00
62 41.33 17.69 0.00
63 22.24 5.89 0.00
64 14.14 1.43 0.00
65 29.66 11.95 0.00
66 26.87 5.15 0.00
67 23.27 3.94 0.00
68 40.38 13.16 0.00
69 12.04 2.36 0.00
70 8.73 1.64 0.00
71 3.90 0.63 0.00
72 4.05 0.73 0.00
73 20.16 3.20 0.00
74 12.05 1.67 0.00
75 159.01 141.74 0.00
76 66.73 45.55 0.00
77 274.66 141.75 0.00
78 205.11 93.20 0.00
79 40.00 16.32 0.00
80 95.65 38.84 0.00
81 85.28 33.54 0.00
82 174.66 149.44 0.00
83 15.31 3.58 0.00
84 18.07 3.92 0.00
85 22.55 10.51 0.00
86 58.17 29.26 0.00
87 8.32 1.02 0.00
88 76.52 26.78 0.00
89 31.49 18.52 0.00
90 15.43 6.88 0.00
91 2.83 0.52 0.00
92 80.81 33.32 0.00
93 32.98 9.36 0.00
94 56.88 25.94 0.00
95 26.45 13.05 0.00
96 12.60 3.38 0.00
97 18.19 6.17 0.00
98 44.79 19.83 0.00
99 39.81 19.07 0.00
100 14.92 4.72 0.00
101 16.02 7.14 0.00
102 39.23 18.71 0.00
103 34.88 7.99 0.00
104 11.98 3.64 0.00
105 43.34 18.85 0.00
106 14.88 6.31 0.00
107 25.03 5.51 0.00
108 22.29 5.90 0.00
109 4.09 1.10 0.00
110 2.98 0.73 0.00
111 32.87 15.37 0.00
112 55.14 38.75 0.00
113 21.30 6.29 0.00
114 39.91 9.53 0.00
115 14.40 5.60 0.00
116 17.40 5.39 0.00
117 14.72 5.18 0.00
118 17.43 4.01 0.00
119 14.80 4.74 0.00
120 15.86 4.59 0.00
121 8.32 3.32 0.00
122 4.10 0.90 0.00
123 5.86 1.44 0.00
124 18.69 3.20 0.00
125 14.50 3.17 0.00
126 23.62 3.45 0.00
127 33.05 4.05 0.00
128 7.09 2.38 0.00
129 32.79 7.45 0.00
130 27.76 6.32 0.00
131 3.75 0.90 0.00
132 3.06 0.80 0.00
133 17.01 3.95 0.00
134 20.25 4.04 0.00
135 5.18 1.34 0.00
136 8.77 3.17 0.00
137 14.81 4.43 0.00
138 9.40 3.54 0.00
139 26.56 6.92 0.00
140 5.66 1.44 0.00
141 3.69 0.73 0.00
142 2.51 0.42 0.00
143 93.73 103.25 0.00
144 12.85 2.89 0.00
145 8.03 2.71 0.00
146 6.14 1.12 0.00
147 8.83 1.10 0.00
148 14.90 3.54 0.00
149 12.06 3.45 0.00
150 32.70 24.32 0.00
151 9.24 3.56 0.00
152 12.13 5.05 0.00
153 17.70 4.47 0.00
154 12.50 3.60 0.00
155 5.41 1.22 0.00
156 27.01 7.85 0.00
157 7.86 0.84 0.00
158 40.95 17.96 0.00
159 49.84 16.13 0.00
160 36.23 16.88 0.00
161 6.71 2.55 0.00
162 9.61 2.49 0.00
163 30.25 10.49 0.00
164 21.45 4.41 0.00
165 19.38 4.12 0.00
166 13.38 3.58 0.00
167 17.69 5.29 0.00
168 23.58 9.23 0.00
169 12.58 3.94 0.00
170 12.02 4.77 0.00
171 43.55 22.37 0.00
172 21.20 7.70 0.00
173 9.71 3.95 0.00
174 61.28 25.32 0.00
175 12.14 3.11 0.00
176 28.20 10.49 0.00
177 52.40 25.98 0.00
178 12.12 2.82 0.00
179 13.94 2.55 0.00
180 9.43 2.96 0.00
181 14.06 6.56 0.00
182 3.13 0.52 0.00
183 15.18 2.33 0.00
184 26.97 23.17 0.00
185 20.52 3.21 0.00
186 10.37 2.15 0.00
187 7.64 1.10 0.00
188 24.68 8.21 0.00
189 10.15 2.26 0.00
190 11.01 2.99 0.00
191 8.49 5.90 0.00
192 9.50 1.98 0.00
193 24.42 3.25 0.00
194 10.54 2.28 0.00
195 26.89 6.32 0.00
196 55.15 23.08 0.00
197 24.18 10.62 0.00
198 4.45 1.01 0.00
199 28.14 13.08 0.00
200 39.90 16.63 0.00
201 19.79 9.86 0.00
202 33.77 16.23 0.00
203 29.12 10.78 0.00
204 19.47 3.33 0.00
205 12.68 3.84 0.00
206 13.48 1.21 0.00
207 29.58 12.66 0.00
208 10.41 0.85 0.00
209 45.33 17.58 0.00
210 8.12 1.70 0.00
211 26.22 4.75 0.00
212 38.95 11.76 0.00
213 15.19 3.49 0.00
214 53.28 25.25 0.00
215 17.27 4.88 0.00
216 4.27 0.90 0.00
217 4.35 1.01 0.00
218 16.92 1.73 0.00
219 20.38 6.96 0.00
220 6.59 1.75 0.00
221 13.14 3.71 0.00
222 24.38 5.92 0.00
223 22.29 5.45 0.00
224 42.50 8.93 0.00
225 25.41 18.99 0.00
226 4.92 1.08 0.00
227 31.54 16.39 0.00
228 12.02 1.87 0.00
229 7.47 1.83 0.00
230 6.91 1.68 0.00
231 5.12 0.73 0.00
232 2.43 0.63 0.00
233 143.24 135.30 0.00
234 26.27 6.02 0.00
235 31.43 14.69 0.00
236 14.97 5.07 0.00
237 37.45 15.76 0.00
238 13.45 3.21 0.00
239 48.57 21.18 0.00
240 9.26 3.12 0.00
241 6.28 2.23 0.00
242 8.18 2.66 0.00
243 10.93 2.11 0.00
244 11.87 1.86 0.00
245 32.14 14.15 0.00
246 48.88 20.31 0.00
247 61.57 25.33 0.00
248 16.28 7.74 0.00
249 11.13 3.73 0.00
250 13.28 4.08 0.00
251 14.24 5.91 0.00
252 12.27 5.38 0.00
253 14.21 2.77 0.00
254 45.82 13.72 0.00
255 21.44 8.51 0.00
256 3.41 0.72 0.00
257 2.77 0.63 0.00
258 10.61 1.13 0.00
259 80.60 38.60 0.00
260 16.45 3.82 0.00
261 4.06 0.86 0.00
262 18.27 7.79 0.00
263 18.53 6.39 0.00
264 18.59 3.71 0.00
265 13.71 4.79 0.00
266 21.14 7.00 0.00
267 4.27 1.07 0.00
268 29.86 12.11 0.00
269 7.66 1.89 0.00
270 19.88 3.94 0.00
271 7.49 2.76 0.00
272 42.25 20.62 0.00
273 21.07 6.31 0.00
274 22.08 6.48 0.00
275 22.71 9.59 0.00
276 15.80 4.20 0.00
277 11.43 1.94 0.00
278 12.46 5.79 0.00
279 9.72 3.12 0.00
280 24.28 10.36 0.00
281 51.41 25.11 0.00
282 31.15 14.47 0.00
283 16.36 2.40 0.00
284 29.82 11.21 0.00
285 28.62 11.86 0.00
286 24.91 10.13 0.00
287 10.74 4.29 0.00
288 10.01 3.71 0.00
289 14.40 4.06 0.00
290 23.33 9.58 0.00
291 22.60 7.29 0.00
292 48.24 23.75 0.00
293 14.66 3.97 0.00
294 19.82 3.67 0.00
295 34.74 13.67 0.00
296 10.50 2.00 0.00
297 8.23 1.13 0.00
298 29.34 10.86 0.00
299 38.11 14.24 0.00
300 37.94 11.59 0.00
301 17.90 5.76 0.00
302 18.33 7.72 0.00
303 31.12 12.90 0.00
304 15.74 4.18 0.00
305 31.87 8.46 0.00
306 21.87 5.53 0.00
307 32.53 10.83 0.00
308 4.88 1.36 0.00
309 12.45 4.43 0.00
310 13.84 4.98 0.00
311 13.67 3.17 0.00
312 21.69 4.50 0.00
313 33.85 8.54 0.00
314 38.84 15.33 0.00
315 28.92 12.12 0.00
316 11.70 1.95 0.00
317 11.81 5.43 0.00
318 6.64 1.92 0.00
319 36.44 6.43 0.00
320 9.79 3.18 0.00
321 6.28 1.86 0.00
322 4.43 0.63 0.00
323 10.44 3.89 0.00
324 8.41 2.01 0.00
325 10.01 2.56 0.00
326 4.09 0.92 0.00
327 3.44 1.06 0.00
328 17.42 1.41 0.00
329 22.62 6.68 0.00
330 110.78 123.34 0.00
331 2.97 0.48 0.00
332 2.58 0.52 0.00
333 6.95 1.09 0.00
334 28.21 8.46 0.00
335 14.99 4.43 0.00
336 16.27 3.45 0.00
337 14.53 2.83 0.00
338 11.30 4.83 0.00
339 5.04 1.09 0.00
340 51.81 25.18 0.00
341 31.30 16.71 0.00
342 3.67 0.63 0.00
343 15.45 2.26 0.00
344 14.09 3.74 0.00
345 67.54 27.75 0.00
346 81.18 40.41 0.00
347 20.92 5.64 0.00
348 34.61 16.26 0.00
349 10.19 3.42 0.00
350 42.36 20.47 0.00
351 62.09 31.26 0.00
352 20.85 4.80 0.00
353 31.44 4.86 0.00
354 11.80 2.07 0.00
355 9.36 2.69 0.00
356 108.88 59.66 0.00
357 14.38 2.45 0.00
358 41.51 8.49 0.00
359 11.06 2.59 0.00
360 16.56 4.48 0.00
361 54.46 28.73 0.00
362 33.00 17.38 0.00
363 9.69 1.94 0.00
364 14.65 4.18 0.00
365 30.13 12.84 0.00
366 30.86 14.75 0.00
367 8.98 1.54 0.00
368 19.86 6.09 0.00
369 40.92 9.63 0.00
370 28.71 11.62 0.00
371 24.77 6.02 0.00
372 3.45 0.96 0.00
373 20.48 2.25 0.00
374 8.60 1.46 0.00
375 34.78 8.14 0.00
376 13.49 3.16 0.00
377 5.96 1.39 0.00
378 3.16 0.76 0.00
379 4.77 1.14 0.00
380 146.65 132.75 0.00
381 3.57 0.73 0.00
382 2.32 0.63 0.00
383 40.96 17.73 0.00
384 9.87 1.65 0.00
385 11.42 3.90 0.00
386 14.24 4.28 0.00
387 22.57 6.91 0.00
388 27.01 10.02 0.00
389 10.37 2.33 0.00
390 14.22 4.83 0.00
391 4.78 1.64 0.00
392 4.15 0.80 0.00
393 18.49 5.09 0.00
394 18.31 2.87 0.00
395 18.30 6.75 0.00
396 8.97 1.03 0.00
397 15.64 4.23 0.00
398 7.11 2.77 0.00
399 11.25 4.30 0.00
400 22.65 9.12 0.00
401 19.60 10.10 0.00
402 15.48 6.51 0.00
403 9.53 1.17 0.00
404 72.08 35.71 0.00
405 58.50 27.68 0.00
406 56.02 35.30 0.00
407 6.43 1.91 0.00
408 71.13 36.25 0.00
409 97.93 49.08 0.00
410 21.48 8.50 0.00
411 2.94 0.97 0.00
412 2.40 0.52 0.00
413 10.98 3.12 0.00
414 43.90 17.00 0.00
415 43.86 19.76 0.00
416 12.94 3.86 0.00
417 16.74 4.52 0.00
418 13.15 2.98 0.00
419 19.12 7.69 0.00
420 20.91 7.33 0.00
421 12.07 5.12 0.00
422 4.73 1.65 0.00
423 42.46 16.03 0.00
424 16.79 4.93 0.00
425 14.26 4.70 0.00
426 25.41 6.42 0.00
427 21.78 6.95 0.00
428 43.35 20.34 0.00
429 40.69 18.02 0.00
430 43.34 16.75 0.00
431 6.55 2.79 0.00
432 6.36 1.08 0.00
433 33.14 10.98 0.00
434 42.42 13.75 0.00
435 51.48 21.56 0.00
436 73.66 31.97 0.00
437 35.82 14.02 0.00
438 7.34 2.60 0.00
439 6.57 1.91 0.00
440 12.05 3.38 0.00
441 4.46 1.12 0.00
442 3.99 1.14 0.00
443 20.04 8.76 0.00
444 14.15 1.98 0.00
445 11.95 3.58 0.00
446 22.98 8.24 0.00
447 15.11 3.78 0.00
448 25.24 8.81 0.00
449 16.10 3.40 0.00
450 8.93 2.13 0.00
451 11.01 4.97 0.00
452 16.73 7.01 0.00
453 41.71 7.84 0.00
454 12.90 1.69 0.00
455 25.56 10.63 0.00
456 37.36 5.87 0.00
457 5.21 0.98 0.00
458 7.46 2.26 0.00
459 5.84 1.25 0.00
460 10.24 2.07 0.00
461 5.09 2.05 0.00
462 4.28 0.74 0.00
463 19.41 2.56 0.00
464 9.94 1.96 0.00
465 11.14 3.44 0.00
466 4.90 0.38 0.00
467 4.26 0.92 0.00
468 20.78 6.11 0.00
469 4.93 1.17 0.00
470 20.84 8.39 0.00
471 3.93 1.19 0.00
472 28.85 4.23 0.00
473 11.27 1.61 0.00
474 31.82 6.19 0.00
475 104.31 198.48 0.00
476 19.70 4.40 0.00
477 20.92 3.40 0.00
478 12.15 3.01 0.00
479 22.88 9.17 0.00
480 17.72 6.98 0.00
481 10.50 5.07 0.00
482 5.14 2.24 0.00
483 5.76 1.42 0.00
484 31.10 12.11 0.00
485 16.11 3.62 0.00
486 31.15 12.52 0.00
487 15.81 4.90 0.00
488 24.03 17.60 0.00
489 9.15 2.51 0.00
490 11.55 3.33 0.00
491 3.10 0.65 0.00
492 7.85 3.84 0.00
493 16.55 1.82 0.00
494 19.82 2.53 0.00
495 11.74 5.15 0.00
496 10.56 1.14 0.00
497 57.15 27.56 0.00
498 4.16 1.27 0.00
499 9.30 2.45 0.00
500 12.10 4.00 0.00
501 53.22 26.53 0.00
502 3.72 0.69 0.00
503 6.86 1.33 0.00
504 25.19 6.09 0.00
505 12.26 3.92 0.00
506 11.52 1.66 0.00
507 33.46 14.01 0.00
508 15.85 4.60 0.00
509 6.09 1.29 0.00
510 10.38 2.75 0.00
511 55.97 18.01 0.00
512 31.08 6.85 0.00
513 10.22 1.46 0.00
514 13.71 2.26 0.00
515 68.18 33.23 0.00
516 24.61 11.06 0.00
517 19.85 4.21 0.00
518 37.82 17.51 0.00
519 82.29 40.51 0.00
520 18.63 4.36 0.00
521 17.49 8.22 0.00
522 8.73 2.86 0.00
523 16.24 1.93 0.00
524 13.55 1.95 0.00
525 49.96 24.11 0.00
526 27.38 10.13 0.00
527 3.97 0.82 0.00
528 18.88 8.86 0.00
529 6.01 1.35 0.00
530 65.58 31.38 0.00
531 20.64 9.69 0.00
532 5.00 0.94 0.00
533 4.43 1.11 0.00
534 27.30 6.55 0.00
535 7.29 2.19 0.00
536 23.55 8.55 0.00
537 36.52 16.83 0.00
538 30.73 6.37 0.00
539 20.09 5.06 0.00
540 27.52 12.87 0.00
541 21.47 8.86 0.00
542 73.30 36.17 0.00
543 12.57 2.65 0.00
544 28.31 5.16 0.00
545 14.36 5.92 0.00
546 9.98 1.50 0.00
547 27.66 13.42 0.00
548 13.21 1.91 0.00
549 7.17 2.19 0.00
550 22.46 4.80 0.00
551 5.18 1.31 0.00
552 4.19 0.63 0.00
553 48.33 10.21 0.00
554 31.54 52.97 0.00
555 5.65 2.45 0.00
556 4.08 1.19 0.00
557 4.47 0.90 0.00
558 6.40 1.36 0.00
559 7.01 1.47 0.00
560 12.71 1.23 0.00
561 3.06 0.63 0.00
562 2.76 0.63 0.00
563 4.05 0.84 0.00
564 2.44 0.63 0.00
565 2.69 0.63 0.00
566 4.16 0.84 0.00
567 2.88 0.63 0.00
568 9.30 0.95 0.00
569 5.79 0.80 0.00
570 3.13 0.63 0.00
571 2.69 0.63 0.00
572 4.82 0.94 0.00
573 3.25 0.63 0.00
574 4.01 0.63 0.00
575 3.94 0.84 0.00
576 2.50 0.52 0.00
577 5.74 0.63 0.00
578 3.82 0.84 0.00
579 2.88 0.63 0.00
580 4.74 0.63 0.00
581 3.49 0.84 0.00
