0 1.40 0.37 0.00
1 4.64 1.54 0.00
2 2.85 1.07 0.00
3 1.51 0.30 0.00
4 2.00 0.30 0.00
5 4.01 1.33 0.00
6 1.63 0.49 0.00
7 6.46 4.31 0.00
8 5.92 2.78 0.00
9 2.99 1.18 0.00
10 2.15 1.11 0.00
11 6.41 4.52 0.00
12 12.12 9.35 0.00
13 4.14 4.44 0.00
14 2.17 1.87 0.00
15 12.17 10.93 0.00
16 7.62 5.31 0.00
17 3.36 1.86 0.00
18 2.05 2.20 0.00
19 2.91 1.22 0.00
20 2.21 0.99 0.00
21 1.84 0.30 0.00
22 9.60 522.54 0.00
23 44.02 10284.63 0.00
24 7.64 5.43 0.00
25 13.87 11.73 0.00
26 4.61 3.44 0.00
27 5.50 4.50 0.00
28 16.60 17.24 0.00
29 11.72 10.69 0.00
30 18.70 17.71 0.00
31 19.20 19.13 0.00
32 14.35 15.34 0.00
33 14.81 20.54 0.00
34 17.75 15.97 0.00
35 12.95 11.84 0.00
36 15.64 12.79 0.00
37 10.44 8.42 0.00
38 4.33 4.81 0.00
39 15.80 12.96 0.00
40 4.69 4.01 0.00
41 15.64 15.43 0.00
42 6.81 5.41 0.00
43 8.65 12.34 0.00
44 9.79 9.31 0.00
45 6.27 4.23 0.00
46 5.86 5.11 0.00
47 12.97 11.96 0.00
48 8.43 7.58 0.00
49 1.32 0.46 0.00
50 11.72 11.84 0.00
51 4.06 3.48 0.00
52 6.70 5.11 0.00
53 8.99 11.04 0.00
54 1.40 0.46 0.00
55 1.99 0.30 0.00
56 16.70 1.20 0.00
57 89182.96 182.92 0.00
58 2.84 5.75 0.00
59 4.33 3.24 0.00
60 0.22 0.30 0.00
61 4.15 2.83 0.00
62 6.39 11.97 0.00
63 8941.63 96.25 0.00
64 12.95 6.29 0.00
65 10.31 6.36 0.00
66 1.66 0.83 0.00
67 1187.71 36.25 0.00
68 24013.13 239.72 0.00
69 11105.77 110.11 0.00
70 2849.75 27.18 0.00
71 2813.87 19.12 0.00
72 1115.46 11.58 0.00
73 1.83 6.18 0.00
74 11.89 29.99 0.00
75 26.93 16.56 0.00
76 35.15 41.00 0.00
77 28.22 27.64 0.00
78 85.53 8295.45 0.00
79 2.14 0.51 0.00
80 74.62 24835.15 0.00
81 43.31 60.78 0.00
82 9388.37 67.49 0.00
83 17209.49 128.25 0.00
84 8976.32 74.90 0.00
85 3271.55 26.32 0.00
86 0.85 1.46 0.00
87 2.72 0.94 0.00
88 3643.46 28.89 0.00
89 533.88 12.63 0.00
90 1.62 0.75 0.00
91 3.60 3.26 0.00
92 3.15 25.04 0.00
93 4.02 5.60 0.00
94 3.64 3.50 0.00
95 1.72 1.02 0.00
96 2.30 1.30 0.00
97 4.30 3.97 0.00
98 2.61 3.13 0.00
99 2.02 1.92 0.00
100 2.97 2.61 0.00
101 3.62 3.14 0.00
102 1.20 0.85 0.00
103 3.05 6.59 0.00
104 1.96 1.41 0.00
105 1.89 1.63 0.00
106 1.10 0.70 0.00
107 2.36 1.94 0.00
108 1.27 2.29 0.00
109 0.55 0.30 0.00
110 3.35 2.68 0.00
111 19.04 22.44 0.00
112 2.39 1.40 0.00
113 3.87 7.38 0.00
114 3.18 1.67 0.00
115 2.91 1.67 0.00
116 1.64 1.68 0.00
117 2.71 1.12 0.00
118 9165.88 31.10 0.00
119 2874.97 24.26 0.00
120 7927.46 44.13 0.00
121 1.33 0.30 0.00
122 5615.55 18.07 0.00
123 4004.06 11.59 0.00
124 3274.04 33.64 0.00
125 454.07 2.91 0.00
126 2437.08 8.69 0.00
127 3707.61 17.49 0.00
128 6362.59 34.68 0.00
129 4818.04 49.27 0.00
130 1.80 12.62 0.00
131 0.55 0.82 0.00
132 1.89 0.30 0.00
133 2.91 5.92 0.00
134 0.55 1.02 0.00
135 1.21 0.30 0.00
136 1.93 1.30 0.00
137 1.28 1.38 0.00
138 2.70 2.63 0.00
139 1.52 1.52 0.00
140 1.20 0.82 0.00
141 1.38 0.30 0.00
142 6.83 6.36 0.00
143 6.10 8.28 0.00
144 1.10 0.30 0.00
145 0.96 0.59 0.00
146 2.64 2.26 0.00
147 2.74 0.58 0.00
148 1.83 3.99 0.00
149 22.49 17.11 0.00
150 4.33 7.71 0.00
151 4.02 4.00 0.00
152 2.47 1.64 0.00
153 3.53 5.90 0.00
154 0.55 0.30 0.00
155 8.46 7.53 0.00
156 2.29 0.32 0.00
157 1.88 1.27 0.00
158 16886.04 46.13 0.00
159 16394.16 19.15 0.00
160 3.06 2.67 0.00
161 2.11 1.13 0.00
162 2143.68 12.02 0.00
163 20337.20 34.85 0.00
164 30566.46 35.15 0.00
165 4487.74 9.65 0.00
166 1.66 1.56 0.00
167 2.06 1.22 0.00
168 22841.78 22.31 0.00
169 14826.20 14.05 0.00
170 1.32 0.82 0.00
171 6.07 5.44 0.00
172 45953.86 44.50 0.00
173 18837.59 28.08 0.00
174 4.39 3.22 0.00
175 4946.35 21.68 0.00
176 1297.85 15.08 0.00
177 2.75 0.78 0.00
178 2.15 2.31 0.00
179 0.71 2.24 0.00
180 0.96 0.59 0.00
181 3.17 1.96 0.00
182 0.43 0.82 0.00
183 3.06 1.22 0.00
184 2.37 3.26 0.00
185 0.43 0.82 0.00
186 0.71 0.58 0.00
187 3.93 1.94 0.00
188 1.30 1.30 0.00
189 3.76 2.36 0.00
190 1.75 0.50 0.00
191 0.65 0.98 0.00
192 3.24 0.37 0.00
193 1.69 0.46 0.00
194 11.16 28.20 0.00
195 7.28 7.32 0.00
196 1523.04 14.68 0.00
197 4047.79 15.00 0.00
198 2810.07 10.02 0.00
199 3.71 4.09 0.00
200 5.94 4.77 0.00
201 2.28 1.86 0.00
202 21.07 2448.50 0.00
203 16.96 4987.46 0.00
204 13.58 4869.61 0.00
205 7.94 2644.64 0.00
206 8.10 1563.54 0.00
207 4.92 2087.29 0.00
208 12.42 2142.26 0.00
209 33.73 16692.47 0.00
210 16.43 4209.02 0.00
211 4.09 3.21 0.00
212 5.54 4.78 0.00
213 2.49 2.19 0.00
214 11.04 2109.56 0.00
215 2.49 2086.67 0.00
216 3.16 1547.96 0.00
217 1.68 0.56 0.00
218 27.51 10914.01 0.00
219 2.52 2.17 0.00
220 1.75 1.20 0.00
221 2.15 1.97 0.00
222 1.56 0.58 0.00
223 4.25 6.20 0.00
224 2.16 2.94 0.00
225 4.62 3.45 0.00
226 4.08 2.45 0.00
227 3.01 1.44 0.00
228 2.08 0.51 0.00
229 1.16 1.71 0.00
230 2.36 0.93 0.00
231 1.33 0.30 0.00
232 1.07 0.43 0.00
233 53.27 753.07 0.00
234 6436.59 2100.82 0.00
235 1324.30 10.07 0.00
236 792.72 6.36 0.00
237 2260.24 984.84 0.00
238 32.55 2948.14 0.00
239 55.12 3676.37 0.00
240 142.90 4832.79 0.00
241 675.85 1225.91 0.00
242 2.85 1.64 0.00
243 1.34 4.59 0.00
244 2285.41 11.59 0.00
245 8876.66 19.95 0.00
246 1131.46 56.14 0.00
247 1.33 1.03 0.00
248 3.15 2.46 0.00
249 2.24 2.65 0.00
250 2.32 0.85 0.00
251 42.11 8095.36 0.00
252 37.71 10833.59 0.00
253 3.30 4.64 0.00
254 28.07 2846.68 0.00
255 11.05 2792.06 0.00
256 1.63 35.39 0.00
257 1.25 0.88 0.00
258 3.47 2.49 0.00
259 16.83 1388.24 0.00
260 7.10 1138.90 0.00
261 2.98 871.74 0.00
262 2.91 871.03 0.00
263 3.28 857.82 0.00
264 1.71 5.18 0.00
265 52.61 10272.47 0.00
266 4.67 750.19 0.00
267 8.67 2704.25 0.00
268 1.36 1.87 0.00
269 3.26 2.67 0.00
270 1.54 0.58 0.00
271 3.91 2.37 0.00
272 9.72 1945.77 0.00
273 4.29 749.10 0.00
274 3.70 4.42 0.00
275 3223.29 7.73 0.00
276 4482.93 5.54 0.00
277 1871.47 3.97 0.00
278 5517.56 6.49 0.00
279 21701.44 23.69 0.00
280 34062.98 1815.59 0.00
281 58399.50 4488.15 0.00
282 45.04 1997.07 0.00
283 669.53 62.81 0.00
284 3.91 4.81 0.00
285 3.19 1.36 0.00
286 1798.21 3.48 0.00
287 1718.17 2.33 0.00
288 2.09 1.06 0.00
289 1469.86 5427.86 0.00
290 3.93 33.48 0.00
291 2174.40 6.08 0.00
292 1937.98 2.99 0.00
293 2.06 1.28 0.00
294 4034.44 16401.22 0.00
295 1.00 0.70 0.00
296 1.82 1.09 0.00
297 1.00 0.43 0.00
298 25.39 4066.26 0.00
299 28.90 4673.55 0.00
300 18.35 2110.07 0.00
301 2.08 2.61 0.00
302 3.74 2.56 0.00
303 3.34 2.55 0.00
304 2.32 7.61 0.00
305 8.50 691.98 0.00
306 13.19 7522.32 0.00
307 3.70 18.19 0.00
308 3.64 1.44 0.00
309 2.49 2.57 0.00
310 1.16 0.58 0.00
311 36.00 4784.34 0.00
312 10.11 2040.04 0.00
313 11.17 1585.94 0.00
314 7.04 3500.47 0.00
315 2.89 1781.72 0.00
316 1.66 39.87 0.00
317 1.29 1.02 0.00
318 3.45 1.60 0.00
319 2.51 2.78 0.00
320 1.74 1.00 0.00
321 1.66 0.45 0.00
322 8.29 1363.19 0.00
323 17.09 6735.37 0.00
324 0.96 40.93 0.00
325 1.21 0.36 0.00
326 0.88 0.82 0.00
327 1.96 0.30 0.00
328 4.25 3.17 0.00
329 28.71 19.78 0.00
330 0.98 4.46 0.00
331 1.87 0.30 0.00
332 0.96 0.82 0.00
333 4.75 4.90 0.00
334 16.32 20.85 0.00
335 2.84 8.77 0.00
336 29.97 22.70 0.00
337 7.02 7.58 0.00
338 2.98 3.34 0.00
339 13.92 8.64 0.00
340 5.32 5.80 0.00
341 1.99 1.95 0.00
342 1.91 0.43 0.00
343 2.57 0.86 0.00
344 6.10 6.80 0.00
345 15.21 22.17 0.00
346 5.70 4.57 0.00
347 2.60 11.89 0.00
348 5.90 2.96 0.00
349 3.82 3.93 0.00
350 3.62 0.92 0.00
351 17.46 1941.42 0.00
352 18.34 7585.24 0.00
353 11.54 4001.28 0.00
354 1.22 58.78 0.00
355 6.92 6.12 0.00
356 9.76 10.75 0.00
357 2.88 2.77 0.00
358 9.41 4501.25 0.00
359 17.12 9107.17 0.00
360 5.17 5.91 0.00
361 8.20 7.91 0.00
362 1.19 0.51 0.00
363 5.78 916.88 0.00
364 20.05 13590.77 0.00
365 11.02 5426.60 0.00
366 3.54 1691.91 0.00
367 1.48 0.77 0.00
368 13.51 5644.87 0.00
369 5.58 6.78 0.00
370 60.10 21660.50 0.00
371 4.46 1014.32 0.00
372 3.49 1085.53 0.00
373 3.95 1088.54 0.00
374 8.63 2515.95 0.00
375 16.01 5791.68 0.00
376 15.14 7866.69 0.00
377 1.30 0.30 0.00
378 0.62 0.82 0.00
379 33.99 34.14 0.00
380 70.11 28.69 0.00
381 0.66 0.82 0.00
382 8.09 9.15 0.00
383 7.63 13.02 0.00
384 1.34 2.50 0.00
385 2.68 1.95 0.00
386 5.75 6.77 0.00
387 4.27 3.26 0.00
388 3.06 2.27 0.00
389 1.61 2.50 0.00
390 1.15 1.09 0.00
391 1.56 0.45 0.00
392 2.92 2.92 0.00
393 4.59 10.35 0.00
394 1.84 2.52 0.00
395 1.83 2.67 0.00
396 3.39 2.98 0.00
397 0.90 0.58 0.00
398 1.33 2.34 0.00
399 2.92 3.35 0.00
400 3.35 9.25 0.00
401 1.96 1.83 0.00
402 3.08 2.13 0.00
403 5.35 3.74 0.00
404 6.97 14.94 0.00
405 8.31 13.75 0.00
406 6.13 5.48 0.00
407 5.44 4.32 0.00
408 39.48 49.68 0.00
409 23.32 22.35 0.00
410 1.28 0.30 0.00
411 1.22 0.00 0.00
412 2.24 3.68 0.00
413 8.38 18.45 0.00
414 38.34 26.70 0.00
415 4.92 6.95 0.00
416 2.75 3.12 0.00
417 1.82 2.61 0.00
418 1.18 1.06 0.00
419 6.74 11.46 0.00
420 5.06 7.98 0.00
421 2.84 4.12 0.00
422 5.15 3.81 0.00
423 1.37 0.99 0.00
424 3.44 2.39 0.00
425 5.02 12.78 0.00
426 2.57 2.22 0.00
427 4.30 3.22 0.00
428 7.60 7.64 0.00
429 6.34 5.49 0.00
430 34.70 22.33 0.00
431 2.84 1.09 0.00
432 2.43 0.00 0.00
433 4.11 9.17 0.00
434 4.20 4.92 0.00
435 9.00 21.42 0.00
436 6.25 16.38 0.00
437 1.74 1.42 0.00
438 2.78 1.70 0.00
439 3.31 3.70 0.00
440 2.25 1.14 0.00
441 0.74 0.30 0.00
442 2.40 0.74 0.00
443 10.70 13.20 0.00
444 9.02 5.94 0.00
445 8.34 3.56 0.00
446 2.99 2.47 0.00
447 6.47 9.28 0.00
448 2.79 7.60 0.00
449 0.98 3.65 0.00
450 2.18 1.31 0.00
451 6.07 6.21 0.00
452 3.25 2.29 0.00
453 2.17 2.34 0.00
454 2.39 1.89 0.00
455 5.78 7.40 0.00
456 3.86 1.65 0.00
457 1.43 0.43 0.00
458 0.97 0.66 0.00
459 2.58 1.56 0.00
460 2.77 0.16 0.00
461 0.94 0.66 0.00
462 2.53 0.00 0.00
463 2.50 2.03 0.00
464 3.56 7.57 0.00
465 1.63 0.33 0.00
466 2.55 0.30 0.00
467 0.84 0.82 0.00
468 2.99 1.39 0.00
469 1.00 2.00 0.00
470 3.53 3.90 0.00
471 1.22 0.30 0.00
472 2.45 1.48 0.00
473 1.98 2.56 0.00
474 27.52 23.05 0.00
475 31.41 5.80 0.00
476 1.50 0.82 0.00
477 0.78 0.30 0.00
478 14.84 23.33 0.00
479 17.83 21.96 0.00
480 17.78 17.29 0.00
481 0.97 0.46 0.00
482 14.11 8.16 0.00
483 2.83 7.44 0.00
484 0.66 0.46 0.00
485 2.74 3.26 0.00
486 13.21 17.29 0.00
487 4.73 4.62 0.00
488 1.60 0.89 0.00
489 1.78 0.30 0.00
490 2.62 3.74 0.00
491 2.52 0.82 0.00
492 2.00 0.30 0.00
493 1.76 7.42 0.00
494 4.49 5.01 0.00
495 1.50 1.89 0.00
496 1.63 0.30 0.00
497 2.58 2.41 0.00
498 5.67 4.58 0.00
499 3.16 2.38 0.00
500 5.71 5.78 0.00
501 2.00 0.51 0.00
502 1.11 0.30 0.00
503 8.71 15.04 0.00
504 1.76 1.76 0.00
505 2.89 1.96 0.00
506 2.90 2.15 0.00
507 0.76 1.02 0.00
508 2.03 0.93 0.00
509 0.55 1.81 0.00
510 4.33 6.62 0.00
511 6.21 32.25 0.00
512 3.18 3.08 0.00
513 1.99 2.43 0.00
514 1.11 0.30 0.00
515 10.17 11.59 0.00
516 5.67 5.30 0.00
517 2.67 2.00 0.00
518 4.28 3.85 0.00
519 1.62 1.02 0.00
520 4.36 4.74 0.00
521 5.93 7.21 0.00
522 5.28 5.32 0.00
523 1.16 2.05 0.00
524 3.88 5.45 0.00
525 2.75 3.26 0.00
526 2.17 1.15 0.00
527 4.00 4.18 0.00
528 1.40 0.96 0.00
529 5.72 6.62 0.00
530 4.53 5.02 0.00
531 26.98 13424.23 0.00
532 0.88 106.70 0.00
533 6.33 464.28 0.00
534 21.76 13146.94 0.00
535 1.92 2.39 0.00
536 2.82 1.76 0.00
537 5.37 4.91 0.00
538 1.03 0.78 0.00
539 5.25 6.57 0.00
540 4.13 4.17 0.00
541 6.73 19.51 0.00
542 23.23 5626.44 0.00
543 13.08 3974.35 0.00
544 12.42 4032.85 0.00
545 59.60 27012.49 0.00
546 61.69 27481.14 0.00
547 1.50 1.31 0.00
548 1.74 0.64 0.00
549 1.92 1.28 0.00
550 1.11 2.10 0.00
551 1.49 0.30 0.00
552 2.14 0.94 0.00
553 18.10 14.75 0.00
554 1.00 0.83 0.00
555 1.04 1.51 0.00
556 1.41 0.30 0.00
557 0.77 0.30 0.00
558 1.14 1.07 0.00
559 2.08 3.56 0.00
560 1.36 0.30 0.00
561 0.73 0.82 0.00
562 1.44 0.30 0.00
563 0.51 0.30 0.00
564 0.77 0.82 0.00
565 1.33 0.30 0.00
566 0.51 0.30 0.00
567 0.95 0.51 0.00
568 1.98 0.44 0.00
569 0.43 1.73 0.00
570 1.26 0.82 0.00
571 1.41 0.30 0.00
572 1.11 0.30 0.00
573 2.08 0.82 0.00
574 1.05 0.30 0.00
575 1.00 0.30 0.00
576 3.81 0.82 0.00
577 1.43 0.30 0.00
578 0.63 0.30 0.00
579 2.81 0.82 0.00
580 1.00 0.30 0.00
581 1.22 0.69 0.00
582 3.07 0.83 0.00
583 0.58 0.37 0.00
584 0.66 1.81 0.00
585 1.32 0.82 0.00
586 1.22 0.86 0.00
587 1.64 0.73 0.00
588 1.89 1.30 0.00
589 2.14 1.88 0.00
590 1.55 1.16 0.00
591 1.64 1.17 0.00
592 0.96 0.34 0.00
593 0.52 0.30 0.00
594 1.21 0.82 0.00
595 0.66 0.30 0.00
596 5.37 4.36 0.00
597 1.54 0.82 0.00
598 0.97 0.44 0.00
599 0.44 1.73 0.00
600 4.25 148.08 0.00
601 0.63 0.30 0.00
602 0.66 0.30 0.00
603 1.96 0.82 0.00
604 0.89 0.37 0.00
605 1.41 1.04 0.00
606 1.62 0.82 0.00
607 0.66 0.30 0.00
608 0.85 0.30 0.00
609 2.02 0.88 0.00
610 0.77 0.40 0.00
611 0.85 0.30 0.00
612 2.13 0.82 0.00
613 0.91 1.87 0.00
614 1.91 0.37 0.00
615 2.47 0.91 0.00
616 0.84 0.73 0.00
617 1.56 0.06 0.00
618 2.43 1.33 0.00
619 0.44 0.30 0.00
620 2.45 1.04 0.00
621 2.44 1.01 0.00
622 0.66 0.30 0.00
623 1.41 0.30 0.00
624 0.88 1.10 0.00
625 6.49 4.99 0.00
626 4.49 58.19 0.00
627 6.48 5.51 0.00
628 6.18 378.89 0.00
