0 0 1 374692 3148116 12068 239444 22 36 260 18 2 3 1 92 3 0
1 0 0 374680 3147952 12076 239516 0 0 40 194 457 0 0 99 1 0
2 0 0 374664 3147972 12076 239440 36 0 0 220 499 0 0 99 1 0
3 0 0 374648 3148068 12076 239472 0 0 0 200 470 0 0 100 0 0
4 0 0 374640 3148068 12076 239464 0 0 0 171 430 0 0 100 0 0
5 0 0 374628 3147628 12076 239428 48 0 0 245 586 0 0 98 1 0
6 0 0 374608 3147552 12084 239448 32 0 20 207 538 0 0 99 0 0
7 0 0 374600 3147664 12084 239456 0 0 0 162 448 0 0 100 0 0
8 1 0 374584 3144640 12084 239480 16 0 0 454 981 3 2 95 1 0
9 0 0 374564 3142544 12084 239476 16 0 0 369 762 1 1 98 0 0
10 0 0 374548 3142872 12084 239496 24 0 0 194 490 0 0 100 0 0
11 0 0 374536 3142904 12092 239484 16 0 24 182 468 0 0 99 0 0
12 0 0 374240 3170600 12092 212988 356 0 0 308 637 1 1 96 3 0
13 1 1 373924 3170632 12096 213180 256 0 4 316 609 1 0 96 4 0
14 2 0 373836 3073500 12096 213148 116 0 0 1089 1374 23 3 73 1 0
15 2 0 373816 2972908 12096 213164 40 0 0 963 1208 29 2 68 0 0
16 0 1 373500 2812092 12104 213240 224 0 172 993 1552 22 5 70 3 0
17 1 1 365632 2649520 12104 325348 6480 0 88204 9467 2452 9 10 47 33 0
18 0 1 365212 2480420 12104 390212 340 0 0 1251 2002 13 5 71 10 0
19 2 0 365204 2462336 12104 390788 0 0 0 958 1625 7 1 76 16 0
20 2 1 364776 2255304 12112 391092 660 0 136 1254 2171 6 1 53 40 0
21 6 0 364588 2156552 12132 391620 128 0 0 1693 1215 97 3 0 0 0
22 4 2 364468 1687792 12132 399920 196 0 112 1996 1638 61 10 11 18 0
23 1 1 364256 1639464 12132 408620 188 0 0 2465 1711 71 4 8 17 0
24 0 1 363980 1638480 12132 408900 376 0 0 443 917 1 1 74 25 0
25 0 0 363928 1638664 12140 408864 64 0 520 471 932 1 1 95 4 0
26 0 0 363908 1638952 12140 408868 16 0 0 349 799 0 0 99 0 0
27 0 0 363836 1639096 12140 408852 88 0 648 400 834 1 0 92 7 0
28 8 0 363824 1610948 12140 408860 16 0 0 1268 1987 8 1 91 0 0
29 6 0 363804 1486884 12140 415848 32 0 0 3565 2503 82 6 12 0 0
30 5 0 363792 1480116 12148 422964 12 0 460 3239 2406 86 3 8 2 0
31 6 0 363780 1367032 12148 427648 24 0 0 3092 2125 87 6 6 1 0
32 5 0 363764 1305168 12148 431728 8 0 48 2943 1902 95 3 2 0 0
33 2 0 363752 1216988 12148 450336 0 0 0 3290 1942 88 7 5 0 0
34 0 0 363740 1216864 12148 450212 40 0 0 1069 1509 2 1 96 1 0
35 0 0 363716 1216492 12156 450252 16 0 464 915 1340 2 1 96 1 0
36 0 0 363708 1216604 12156 450260 0 0 0 752 1174 3 1 97 0 0
37 0 0 363700 1216476 12156 450252 0 0 53700 627 969 1 0 93 6 0
38 0 0 363676 1216624 12156 450220 48 0 0 470 876 1 0 96 3 0
39 4 0 363668 1208472 12156 450260 0 0 0 4533 2030 46 2 48 4 0
40 4 0 363632 1137448 12164 507572 24 0 0 4715 2173 88 6 6 0 0
41 0 0 363604 1015084 12164 535848 12 0 93916 22394 1121 55 13 32 0 0
42 0 0 363592 1015816 12164 535760 0 0 0 732 976 2 1 98 0 0
43 0 0 363576 1015848 12164 535764 0 0 0 836 1080 2 1 98 0 0
44 0 0 363568 1015672 12172 535748 0 0 484 519 848 1 0 99 0 0
45 0 0 363556 1015784 12172 535728 32 0 0 457 834 1 1 98 1 0
46 4 0 363536 1015720 12172 535744 32 0 0 1164 1357 8 1 90 2 0
47 4 0 363528 968840 12172 535800 0 0 0 11628 1495 92 6 2 0 0
48 4 0 363864 732056 12092 526900 0 344 344 29153 1001 81 16 2 0 0
49 4 0 365736 439196 12100 560148 0 1900 76384 4473 1864 72 20 5 4 0
50 4 0 365724 257388 12100 559844 32 0 0 4370 1989 88 11 1 0 0
51 3 0 368400 141996 11932 343144 32 2692 81248 10395 1683 59 25 7 9 0
52 0 3 368384 140212 11932 344968 40 0 0 1458 1411 3 2 59 36 0
53 0 0 368380 136648 11932 348620 0 0 0 573 900 0 1 60 38 0
54 1 0 368368 136652 11940 348600 12 0 504 356 697 1 0 90 9 0
55 4 0 368348 135984 11940 348620 16 0 0 1341 1211 17 1 81 1 0
56 0 0 369048 155064 10764 298644 0 708 4860 2453 1765 44 4 43 9 0
57 0 0 369188 157384 10764 278636 16 152 152 783 980 19 1 80 0 0
58 1 0 369164 156820 10764 278476 32 0 0 511 877 4 0 95 2 0
59 0 0 369156 156604 10772 278464 16 0 44 325 696 2 0 97 1 0
60 4 0 371628 166152 9188 158788 44 2516 29644 2430 1479 24 7 60 9 0
61 1 1 418272 120960 928 28896 28 47784 47952 15250 1061 20 16 51 13 0
62 1 1 418228 117896 928 30388 24 0 0 627 811 18 0 72 10 0
63 0 7 420140 120096 968 35744 88 2236 6176 20776 1711 33 6 34 26 0
64 1 3 420100 118212 624 37264 136 0 37984 2134 1706 16 4 17 63 0
65 0 0 420084 118112 668 35484 20 0 19852 790 1049 18 1 73 8 0
66 0 2 420064 106836 672 48444 12 0 0 833 1151 1 1 54 45 0
67 0 0 420044 105904 676 49524 16 0 0 384 823 0 0 92 8 0
68 0 2 419988 105752 692 49844 88 0 488 441 820 0 0 87 12 0
69 0 1 419836 105628 864 50032 188 0 0 522 1007 0 0 75 24 0
70 0 0 419732 105320 864 50712 148 0 0 439 925 1 0 81 18 0
71 0 0 419684 105052 864 50848 56 0 0 347 767 1 0 92 7 1
72 0 1 419664 104468 864 51740 16 0 0 594 982 2 0 94 3 0
73 1 3 419604 119324 956 35700 12 0 0 2198 2075 21 2 33 44 0
74 2 2 419580 107772 988 47596 8 0 116 3084 2269 58 4 12 26 0
75 0 1 419520 104860 988 50292 72 0 0 2072 1752 43 1 35 20 0
76 0 0 419508 109744 988 47708 12 0 0 1272 1122 1 1 77 21 0
77 0 0 419492 109868 988 48572 28 0 0 369 771 0 1 98 1 0
78 0 0 419472 110800 980 46868 28 0 0 1033 1206 2 0 91 7 0
79 4 3 419464 110408 988 47844 0 0 468 743 1316 2 1 97 1 0
80 0 0 419420 109092 736 49384 64 0 60 2543 2118 27 2 40 30 0
81 5 0 419412 108496 744 49976 0 0 0 1347 1271 42 1 57 0 0
82 0 6 426800 127976 1136 39152 0 7396 74552 4135 2793 57 6 7 30 0
83 1 1 426784 119276 1144 49060 48 0 560 1366 1333 29 1 26 44 0
84 0 0 426768 119012 1144 49828 8 0 0 459 792 6 1 90 4 0
85 0 2 426740 114380 1144 54792 0 0 0 1622 1489 15 1 51 33 0
86 2 1 426712 110052 1144 59396 36 0 0 1190 1130 26 1 38 35 0
87 1 0 491780 132576 920 20208 124 65080 65080 9088 849 30 6 53 10 0
88 2 0 491764 129564 928 20112 4 0 316 499 474 13 1 86 1 0
89 3 2 491720 126292 928 20428 72 0 0 460 486 11 1 76 12 0
90 2 6 491700 123916 900 59752 0 0 54072 1780 1907 45 6 16 34 0
91 2 5 491688 122452 912 60380 4 0 14776 1431 1889 6 1 17 75 0
92 2 3 491640 116324 912 67192 188 0 0 1180 1369 8 1 17 73 0
93 3 3 491596 114756 976 68480 120 0 524 1276 1390 12 1 34 53 0
94 3 1 491464 115004 976 68592 304 0 0 1169 1261 26 1 51 23 0
95 4 1 491420 112724 976 70252 164 0 0 1039 1201 9 1 59 30 0
96 4 3 491400 106360 988 76724 196 0 0 1176 1297 21 0 46 33 0
97 1 2 491288 121320 972 61012 236 0 13424 1400 1235 42 2 33 23 0
98 1 2 491180 117816 984 61352 288 0 432 834 1053 11 1 35 53 0
99 3 3 491100 116628 992 65320 276 0 0 817 859 13 1 8 79 0
100 0 0 490932 123008 956 57340 16 0 0 325 751 0 0 98 1 0
101 0 1 490824 120548 956 59988 92 0 0 647 1011 2 1 60 37 0
102 0 0 490800 120612 964 60028 16 0 480 352 720 1 0 93 6 0
103 0 0 490780 112012 964 68440 20 0 21640 608 856 18 2 78 3 0
104 0 0 490772 112292 964 68348 0 0 0 242 646 1 0 100 0 0
105 0 0 490752 112172 964 68316 48 0 0 257 662 0 0 99 1 0
106 0 0 490728 112204 964 68344 24 0 0 265 720 0 0 99 1 0
107 0 0 490720 112332 972 68336 8 0 364 405 784 1 1 96 2 0
108 0 0 490712 112364 972 68336 12 0 80 240 644 1 0 97 2 0
109 0 0 490692 112080 976 68512 32 0 0 261 703 0 0 98 1 0
110 0 0 490680 112112 976 68512 16 0 0 249 667 0 0 99 1 0
111 0 0 490672 112176 976 68532 32 0 0 244 665 0 0 97 3 0
112 0 1 490652 112208 984 68528 32 0 28 249 660 0 0 99 1 0
113 0 0 490640 112208 984 68532 20 0 0 278 696 0 0 98 2 0
114 0 1 490632 111152 984 69560 0 0 0 289 704 0 0 95 4 0
115 0 0 490600 108980 984 71608 32 0 0 352 762 1 0 89 10 0
116 0 1 490592 107128 932 59948 0 0 0 815 1060 2 1 84 13 0
117 0 0 490580 106188 940 60040 48 0 28 334 763 3 0 93 3 0
118 1 0 490560 105164 940 61112 48 0 0 461 868 1 0 96 3 0
119 0 0 490552 104816 940 61104 16 0 0 356 773 2 0 98 0 0
120 0 0 490524 117816 952 62760 0 0 0 271 704 0 0 100 0 0
121 0 0 490512 118136 952 62760 44 0 0 338 725 1 0 97 3 0
122 3 2 552284 146832 960 25296 0 61784 61804 2865 1206 12 5 82 1 0
123 0 3 552248 165908 960 42116 0 0 9356 1787 1405 40 2 25 34 0
124 1 0 552160 128384 960 36956 232 0 5356 1268 847 32 1 60 7 0
125 1 0 552152 124608 960 36916 0 0 0 443 422 12 0 88 0 0
126 1 0 552132 124576 960 36920 32 0 0 393 432 7 0 91 3 0
127 1 0 552088 124608 968 36888 48 0 396 462 462 15 1 83 1 0
128 1 0 552080 133588 968 39300 0 0 0 1056 805 25 1 73 1 0
129 1 0 552056 133660 968 39400 32 0 0 434 493 12 0 88 0 0
130 1 0 552044 132132 956 38276 76 0 0 463 502 14 0 84 2 0
131 1 0 553556 111644 952 46996 16 1532 42032 1463 1342 18 3 65 14 0
132 1 0 553424 105096 728 52744 212 0 29904 900 1036 16 2 79 4 0
133 1 0 581712 103268 728 72256 0 28300 53644 844 909 11 2 84 2 0
134 1 0 581704 120288 308 61580 36 0 7480 779 743 8 1 89 2 0
135 1 0 581676 120108 308 61556 20 0 0 469 557 15 0 85 0 0
136 1 0 581664 120108 320 61548 24 0 0 455 512 6 0 94 0 0
137 0 4 658052 135808 760 47436 52 76416 97216 1857 1332 9 4 61 26 0
138 0 4 658028 134928 860 48376 60 0 0 746 1150 1 1 26 73 0
139 0 4 658020 133768 860 49732 4 0 0 739 1136 1 0 40 58 0
140 1 4 657996 124064 864 59740 0 0 0 636 956 3 1 16 81 0
141 0 6 657984 118544 996 65316 52 0 372 875 1064 5 1 0 94 0
142 0 5 657984 112408 996 72140 4 0 0 644 897 4 1 0 96 0
143 1 2 657864 110580 1000 73692 216 0 0 598 769 5 1 28 66 0
144 1 0 657792 110208 1000 73856 44 0 0 470 521 18 0 67 15 0
145 1 0 657780 110240 1004 73796 32 0 0 451 496 5 0 92 3 0
146 2 0 657756 101900 1068 81984 24 0 60 1226 1009 31 1 61 7 0
147 1 1 662176 124640 1048 62336 32 4432 17892 2562 773 29 3 66 3 0
148 1 0 662168 122068 1116 63780 0 0 0 656 816 8 0 84 7 0
149 1 0 662152 121976 1116 63944 0 0 0 423 504 13 0 87 0 0
150 1 0 662144 121976 1116 63940 0 0 0 408 482 4 0 96 0 0
151 2 1 662132 106428 1160 79036 32 0 14624 1087 799 34 1 62 2 0
152 0 1 662108 117952 1160 77528 16 0 31156 2274 1056 33 3 54 10 0
153 1 3 662092 111628 1116 84404 24 0 23620 1172 1284 22 3 38 36 0
154 1 1 662084 109840 1120 85772 16 0 0 564 753 15 1 54 30 0
155 1 1 662060 107492 1400 88052 44 0 0 654 769 20 1 28 51 0
156 1 0 662040 108548 1416 88480 0 0 456 557 579 21 0 61 18 0
157 1 1 662032 106012 1416 91324 24 0 0 750 701 16 1 64 19 0
158 2 0 662004 124728 832 51964 40 0 0 2858 976 16 4 75 4 0
159 1 0 661992 113064 956 59420 16 0 8264 5683 1180 27 3 63 7 0
160 1 0 661908 113132 968 59640 40 0 112 451 520 8 0 86 5 0
161 1 2 661896 116600 976 72712 0 0 10500 1137 922 48 2 49 1 0
162 1 0 661884 105352 976 84048 0 0 12412 773 726 23 1 75 2 0
163 1 0 661864 105352 976 84048 32 0 0 399 472 15 0 84 1 0
164 1 0 661856 105192 976 84040 16 0 0 424 486 12 0 87 0 0
165 1 0 661924 127340 984 74932 24 80 472 824 802 9 1 89 1 0
166 0 0 661904 106004 984 97084 32 0 0 869 1069 1 1 87 11 0
167 0 0 661888 105784 984 97080 20 0 0 338 741 0 0 98 1 0
168 0 2 661880 103764 984 98860 44 0 0 467 836 0 1 78 22 0
169 0 1 661852 102932 984 99872 108 0 0 542 909 1 0 74 25 0
170 0 2 661836 102648 988 99872 88 0 20 504 867 1 0 72 26 0
171 0 0 661820 102392 992 99924 8 0 4 529 997 1 1 80 19 0
172 0 1 661792 102112 992 100028 68 0 0 546 945 5 1 79 16 0
173 1 0 661784 122760 984 80308 12 0 8492 547 714 17 1 76 5 0
174 1 1 661772 122668 984 80016 16 0 0 422 480 13 0 83 3 0
175 1 0 661756 122640 984 80028 20 0 0 410 422 9 0 86 5 0
176 1 1 661748 122688 992 80032 8 0 372 503 464 4 1 75 20 0
177 1 2 661732 113080 996 90164 16 0 1400 717 897 15 1 57 27 0
178 0 5 661724 124292 996 77724 20 0 14948 631 1112 4 1 46 49 0
179 1 0 661708 106868 1060 95392 4 0 18152 689 837 10 1 70 19 1
180 0 0 673288 124280 1052 83072 28 0 0 359 717 1 1 98 1 0
181 0 0 673280 124376 1052 83072 8 0 0 271 632 0 0 99 1 0
182 1 0 673252 123888 1072 54928 48 0 0 1479 908 1 2 87 10 0
183 0 0 772828 175176 1068 36156 48 99608 99608 6148 2046 3 5 88 3 0
184 1 0 772804 138784 1080 36444 16 0 7132 5134 3076 26 3 68 3 0
185 1 0 772788 136260 1080 36620 28 0 0 480 461 8 0 90 1 0
186 1 0 772772 134020 1080 36628 0 0 0 478 479 12 0 87 0 0
187 2 2 772760 142500 1080 36848 16 0 0 1165 886 17 1 80 2 0
188 1 1 772704 131256 1112 49432 92 0 6456 1608 1388 7 1 40 52 0
189 1 1 772688 113540 1120 67272 16 0 12896 818 784 11 1 62 26 0
190 2 1 773096 118052 896 64760 28 420 8220 801 892 18 2 66 15 0
191 1 1 773084 107556 1000 74268 12 0 6484 1967 1058 17 1 58 24 0
192 1 0 773064 106444 1000 75484 32 0 0 488 486 15 1 65 20 0
193 1 0 773056 106444 1000 75492 4 0 0 406 452 12 0 87 1 0
194 1 2 773020 175696 916 48540 68 0 4496 3563 1421 32 1 42 25 0
195 1 3 772952 168468 916 50756 140 0 0 735 596 16 0 30 53 0
196 1 3 772900 163952 916 52380 72 0 0 597 545 5 0 32 63 0
197 1 2 772824 196268 916 59908 72 0 0 970 808 14 1 28 57 0
198 1 6 772800 188060 924 67360 20 0 18308 565 763 11 0 2 87 0
199 1 0 772752 188204 924 67364 48 0 40 509 547 10 0 59 31 0
200 1 0 772660 187496 932 67564 56 0 0 493 502 8 0 90 2 0
201 2 1 772648 182660 932 72616 44 0 0 1127 997 20 1 71 7 0
202 1 1 772636 174036 1004 80340 8 0 0 917 658 15 1 80 5 0
203 1 0 772616 171760 1004 81176 20 0 0 532 532 3 0 96 1 0
204 3 2 772608 170760 1036 84744 4 0 284 1072 948 23 1 66 10 0
205 2 1 772600 156052 1044 98228 0 0 14040 992 787 27 1 55 16 0
206 1 0 772572 149704 1056 102604 48 0 0 731 787 6 0 83 10 0
207 1 0 772560 148012 1056 102768 16 0 0 452 466 18 0 81 1 0
208 1 0 772548 105128 1068 148604 20 0 28504 1433 890 45 4 40 10 0
209 1 1 772524 145924 1100 105420 120 0 472 991 1124 13 1 57 29 1
210 1 0 772508 142568 1100 106320 16 0 0 550 586 7 1 87 5 0
211 3 4 772496 146488 1108 106920 12 0 13044 686 583 17 1 81 1 0
212 1 0 772444 149468 1100 103764 48 0 45568 2347 1462 50 4 32 14 0
213 1 0 772400 149372 1100 103972 60 0 0 474 567 6 0 81 13 0
214 1 0 772352 149312 1108 104128 72 0 232 518 548 13 0 75 12 0
215 1 0 772332 149344 1108 104116 24 0 0 472 551 11 0 87 1 0
216 4 0 784640 156648 1116 102948 0 12316 70840 12481 2002 62 7 6 25 0
217 1 2 784876 147172 1096 111328 40 260 89200 4672 3717 27 8 14 50 0
218 1 1 784852 120844 1096 136644 24 0 52664 3258 2148 6 2 78 13 1
219 1 2 784852 110336 1104 147536 4 0 516 643 666 15 1 61 23 0
220 1 0 784824 104540 1108 153292 24 0 0 457 553 7 1 91 2 0
221 1 1 784812 147352 1120 111840 12 0 28868 1520 1270 17 2 66 15 0
222 0 4 784796 123516 1120 134612 16 0 59956 1904 2177 2 3 63 32 0
223 0 6 781392 112316 1128 147788 68 0 472 1846 1837 2 1 12 85 0
224 1 6 780776 146160 1136 113980 628 0 0 1931 1929 7 1 1 92 0
225 3 1 780732 157372 1148 101756 64 0 37960 2286 1486 19 3 7 71 0
226 1 0 780712 111968 1148 147808 32 0 8272 3560 1849 32 3 13 52 0
227 1 0 780704 112632 1148 147780 8 0 0 520 496 8 0 91 1 0
228 1 0 780688 112664 1156 147760 48 0 172 518 533 9 0 84 6 0
229 1 0 780672 112504 1156 148012 0 0 0 468 508 11 1 79 9 0
230 1 0 780664 105900 1156 154736 0 0 15056 685 750 6 1 26 67 0
231 1 0 780656 105808 1156 154624 0 0 0 422 491 11 1 88 0 0
232 1 0 780636 105808 1156 154596 48 0 0 445 504 3 0 97 1 0
233 1 1 780624 104476 1176 155060 0 0 40 558 742 1 1 92 6 0
234 1 1 809500 157448 636 115284 24 28892 84920 35355 1777 28 10 30 32 0
235 1 2 809484 127120 640 145540 12 0 23736 967 970 8 1 59 32 0
236 1 0 809676 153048 624 135284 28 200 26440 4022 966 16 3 55 27 0
237 1 0 809668 152656 624 135472 8 0 0 454 539 8 1 91 1 0
238 1 0 809640 152532 632 135460 52 0 416 516 499 10 0 87 4 0
239 1 0 809632 152564 636 135504 8 0 0 417 447 15 0 85 0 0
240 0 2 809600 128576 636 160828 32 0 6152 3703 2342 1 1 56 42 0
241 2 1 809508 157176 576 141396 196 0 11708 4151 1361 37 2 29 32 0
242 2 6 809172 131384 716 167084 168 0 14976 1540 1525 36 3 24 36 0
243 1 1 808132 118848 720 177888 180 0 0 1048 1199 20 1 20 58 0
244 1 1 807940 117656 720 177972 204 0 0 531 697 10 0 89 0 0
245 1 0 805460 115176 720 178060 2540 0 0 913 1005 13 0 81 6 0
246 1 0 805440 115084 720 178040 56 0 0 434 465 14 0 85 1 0
247 2 3 805276 117144 728 178224 32 0 3108 573 611 19 0 75 5 0
248 1 0 804984 113272 752 180320 0 0 0 614 626 23 0 58 19 0
249 0 1 804596 111840 752 180264 440 0 0 475 597 10 1 70 20 0
250 0 1 803692 109728 752 180304 896 0 0 526 793 0 0 75 25 0
251 0 2 799276 105460 752 180304 2632 0 0 973 1097 1 1 74 24 0
252 1 0 798268 103732 760 180300 1004 0 176 666 727 4 0 78 18 0
253 1 0 798260 103640 760 180312 16 0 0 447 475 16 0 83 0 0
254 1 0 891464 179320 800 138212 104 93680 109856 41611 939 32 8 56 4 0
255 0 1 891200 179176 800 138340 312 0 0 446 504 7 0 85 7 0
256 1 0 888140 176008 800 138360 3060 0 0 975 796 15 0 82 3 0
257 1 1 887692 175512 808 138508 524 0 372 654 909 7 0 77 16 0
258 2 0 887628 137100 828 176524 72 0 28240 1624 1233 33 3 57 7 0
259 1 0 887580 135660 828 178112 164 0 0 527 611 15 1 76 9 0
260 1 0 887536 135196 828 178624 8 0 0 432 480 8 0 91 0 0
261 2 2 887528 134700 836 179388 0 0 424 606 622 22 0 68 11 0
262 1 3 887504 114472 840 199776 52 0 14064 698 769 14 1 4 81 0
263 1 3 1030184 211772 756 137864 12 142680 155076 31985 1254 14 8 16 61 0
264 1 1 1030176 195924 812 155240 0 0 16472 734 887 17 1 60 22 0
265 1 1 1030160 167596 812 183524 0 0 16028 714 720 13 1 61 25 0
266 1 1 1030148 168468 652 166876 140 0 31336 1221 1216 6 4 40 50 0
267 2 0 1030120 145348 944 191632 68 0 18044 1043 1114 16 3 55 26 0
268 1 2 1030108 120212 944 216436 24 0 20416 1436 1005 13 2 65 20 0
269 1 6 1030072 111196 952 228372 64 0 8272 776 772 5 3 49 43 0
270 1 0 1030052 110236 952 229136 24 0 0 518 483 13 3 48 36 0
271 1 0 1030036 110268 960 229224 12 0 108 460 495 4 0 86 9 0
272 1 0 1030024 110108 964 229228 16 0 0 425 449 9 0 89 2 0
273 4 3 1030012 104732 976 234492 16 0 0 925 748 22 1 74 4 0
274 0 4 1009676 128632 1188 228740 644 0 17868 2857 1646 29 4 7 60 0
275 0 4 1006796 125652 1188 228972 2952 0 0 721 953 0 0 0 100 0
276 0 4 996508 121552 1196 229060 4152 0 476 1203 1354 1 1 2 97 0
277 0 4 892636 131160 1116 178304 40968 0 0 6524 6339 5 1 26 67 0
278 0 6 853892 158796 1160 123848 28168 0 73472 8339 5364 22 6 11 60 0
279 1 3 853868 136248 1160 147156 20 0 0 946 1100 4 1 18 77 0
280 0 4 851604 123936 1152 158436 2100 0 16672 2568 1868 31 2 14 53 0
281 0 4 812028 173024 1148 112996 22204 0 0 4061 4100 2 2 15 81 0
282 1 1 752400 120496 1148 127684 40224 0 0 7389 6837 17 2 9 71 0
283 2 0 752396 137756 1136 110424 0 0 17288 8014 959 4 2 82 12 0
284 1 2 752380 106696 1136 142244 28 0 26224 686 822 15 2 74 9 0
285 1 2 752368 137312 848 112076 16 0 25976 4069 1047 14 3 25 58 0
286 1 1 752352 107856 856 141472 0 0 35220 730 873 18 2 49 31 0
287 1 1 752348 140336 312 111256 0 0 26824 1538 825 17 3 54 27 0
288 3 2 752320 102780 324 147756 72 0 25704 786 881 11 1 48 39 0
289 1 2 811696 146380 320 106344 16 59392 69612 14007 880 6 6 30 57 0
290 1 2 811684 129948 332 123092 4 0 8388 736 850 9 1 45 45 0
291 0 2 811656 121936 348 130732 20 0 13540 739 950 10 1 28 61 0
292 1 3 800472 103724 404 133436 9292 0 0 2617 2855 12 1 18 69 0
293 4 0 733756 123240 404 77184 37300 0 0 6426 6553 4 2 10 84 0
294 1 0 699960 117624 404 78172 4108 0 0 1251 1286 18 1 71 10 0
295 1 0 699948 117500 412 78160 0 0 48 457 494 13 0 85 1 0
296 1 0 699936 117096 592 78368 0 0 0 496 513 5 0 93 2 0
297 0 3 699904 112824 1076 81436 44 0 0 1042 946 19 2 58 22 0
298 1 7 720048 131184 1020 68776 296 20360 48344 6941 1831 16 6 1 76 0
299 2 1 718620 121576 1036 76616 1644 0 26016 1482 1698 16 5 15 64 0
300 6 1 718592 113488 1064 96804 0 0 9528 1478 1104 28 2 24 46 0
301 1 0 718580 156108 456 57932 0 0 45440 36036 1413 45 6 27 22 0
302 1 0 718564 137136 472 76184 48 0 16500 610 765 7 1 88 3 0
303 4 0 718548 116052 480 90996 12 0 17888 684 851 17 1 82 1 0
304 1 0 718532 132940 492 73620 0 0 8700 1768 750 25 1 73 1 0
305 1 0 718512 143332 480 64880 32 0 16872 599 746 6 1 88 4 0
306 1 0 718500 119232 524 88652 16 0 23368 557 730 15 1 80 3 0
307 1 0 718488 105532 524 101800 16 0 16484 524 683 8 0 92 0 0
308 4 0 718288 130784 464 79624 288 0 10984 2232 2146 24 2 45 29 0
309 2 0 718272 129516 464 80668 0 0 0 1084 8687 25 0 74 0 0
310 1 0 718268 129564 476 80784 0 0 120 434 445 4 0 94 1 0
311 1 0 718252 129660 476 81004 32 0 0 405 434 13 0 86 1 0
312 2 0 718236 128604 476 82012 16 0 0 444 488 14 0 86 0 0
313 1 1 823720 187440 760 70104 12 105492 154756 30427 1072 23 10 58 9 0
314 0 2 823644 153472 980 102536 112 0 48472 1222 1151 32 3 47 18 0
315 0 6 823576 136668 1136 120616 148 0 520 851 1111 4 0 20 76 0
316 0 6 823508 127664 1300 129080 84 0 0 497 868 2 1 25 72 0
317 5 1 823456 122380 1708 133956 68 0 0 496 740 2 1 35 62 0
318 1 2 823448 120484 3072 134168 20 0 0 939 576 11 0 63 25 0
319 1 2 823440 117584 5040 134308 0 0 10736 960 773 2 1 57 39 1
320 1 4 823384 159048 8104 88628 24 0 0 1234 1413 6 1 35 58 0
321 0 5 823376 147516 8368 99584 0 0 0 947 1236 4 0 25 71 0
322 0 6 823364 131636 8664 113568 24 0 0 804 1174 8 1 19 72 0
323 0 6 823344 118632 8892 125984 16 0 0 902 1050 7 1 0 92 0
324 0 6 823332 113340 9196 134796 28 0 92 778 971 13 1 0 86 0
325 2 4 823312 156004 9432 89512 48 0 0 1595 1679 33 2 3 62 0
326 1 2 823200 112540 10076 127496 144 0 25028 1234 1564 14 3 18 65 0
327 1 1 823184 141452 11084 118016 24 0 22884 1017 1524 4 2 64 30 0
328 1 2 823032 104516 14500 146028 232 0 23380 1837 1886 11 2 55 32 0
329 3 2 820960 142060 16628 91520 5584 8232 25724 4668 2568 35 4 32 29 0
330 0 5 819516 124972 16756 109488 1464 0 0 1667 1534 13 1 9 77 0
331 0 4 819444 113828 16756 120544 92 0 0 842 962 24 2 20 54 0
332 1 0 818544 140280 7560 112036 40 40 15236 1285 1327 8 2 35 55 0
333 2 1 817608 119676 7560 132264 48 0 17104 1195 1040 22 2 76 0 0
334 1 0 817584 102916 7576 149160 0 0 15016 783 932 11 2 87 0 0
335 1 1 817580 140804 7172 112528 0 0 9312 2885 1069 34 1 52 14 0
336 0 0 816856 123492 7180 128236 1152 0 16492 1784 1921 13 1 63 22 0
337 0 1 813432 118268 7180 128100 4936 0 0 2033 2266 0 1 74 25 0
338 1 0 811064 169056 1632 45764 4976 1400 1400 3935 2707 33 3 58 6 0
339 1 0 811052 167980 1640 45708 24 0 416 533 448 6 0 92 2 0
340 1 0 810872 169116 1640 46444 24 0 7352 939 768 27 1 69 3 0
341 0 0 810864 169072 1640 46556 16 0 0 433 718 12 1 87 0 0
342 0 0 810840 169164 1640 46624 32 0 0 337 710 0 0 98 1 0
343 0 1 810828 155504 1648 60484 16 0 432 942 969 1 1 86 13 0
344 0 2 810816 141660 1648 74524 20 0 0 796 928 0 1 69 30 0
345 0 1 810792 135912 1648 80044 16 0 0 499 752 0 0 67 32 0
346 0 1 810780 128808 1648 86872 20 0 0 519 731 1 1 73 26 0
347 0 1 810768 126784 1652 88688 24 0 0 496 794 1 0 84 15 0
348 0 0 810756 125640 1724 89704 0 0 24 541 1093 1 1 90 9 0
349 0 0 810748 112300 1724 103372 24 0 0 753 811 1 1 90 9 0
350 0 0 810732 112272 1724 103476 8 0 0 282 663 0 0 99 0 0
351 0 0 810708 139200 616 78100 32 0 0 721 860 1 1 92 6 0
352 0 0 810688 123652 616 94296 44 0 0 1278 927 0 0 92 8 0
353 0 0 810680 109728 624 108008 0 0 20 1180 914 1 1 90 9 0
354 0 0 810664 109560 624 108244 16 0 0 348 738 0 0 98 1 0
355 0 0 810648 109592 624 108232 32 0 0 312 674 0 0 99 0 0
356 1 0 810632 109428 624 108248 0 0 0 304 676 0 0 99 0 0
357 0 0 810608 109544 624 108216 48 0 0 292 685 0 1 98 1 0
358 0 0 810604 109400 632 108244 0 0 24 323 709 0 0 99 0 0
359 0 0 810596 109464 632 108240 24 0 0 280 663 0 0 99 0 0
360 0 0 810560 109496 632 108208 68 0 0 307 685 0 0 97 3 0
361 1 0 810548 109372 632 108284 20 0 0 327 741 0 0 99 0 0
362 1 3 810524 125412 724 92360 0 0 36 1080 1258 6 2 30 63 0
363 4 0 810516 116660 724 102040 44 0 0 1801 1242 32 1 5 62 0
364 0 4 810496 112096 728 105412 16 0 60 16643 1299 30 3 7 60 0
365 0 0 810476 102300 732 115020 28 0 0 1446 1543 4 1 81 14 0
366 0 0 810468 102336 732 115380 0 0 0 288 666 1 0 99 0 0
367 0 0 810452 102368 740 115360 28 0 76 600 983 1 0 99 1 0
368 0 0 810428 102240 740 115360 36 0 0 350 748 0 0 99 1 0
369 1 0 810420 125008 752 92200 0 0 8828 731 1009 7 2 90 1 0
370 1 0 810408 122576 752 94352 32 0 8236 777 566 47 1 52 0 0
371 1 0 810384 122608 752 94336 32 0 0 437 470 7 0 92 0 0
372 1 0 810376 122640 760 94348 0 0 144 465 479 12 1 87 0 0
373 2 0 810364 115944 760 100960 0 0 8264 469 548 9 1 90 0 0
374 1 0 810348 126164 768 91056 32 0 11252 560 713 8 1 89 2 0
375 1 1 810348 123232 772 94436 16 0 26576 611 707 7 2 91 0 0
376 1 0 810340 109772 784 107204 16 0 8260 708 1025 9 2 81 8 0
377 1 0 811156 110704 792 107308 32 840 20656 694 766 21 2 75 1 0
378 1 0 811144 126820 644 91840 0 0 16488 554 684 5 1 94 0 0
379 1 0 811128 104540 644 114372 12 0 18684 569 690 18 1 81 0 0
380 0 2 811100 137172 184 81540 72 0 12844 549 715 7 2 76 14 0
381 1 1 811092 119436 204 99632 88 0 24844 678 836 17 1 50 32 0
382 0 2 811064 103280 328 115408 28 0 9712 628 897 10 1 59 31 0
383 1 1 811496 127320 616 90532 68 464 464 577 721 7 0 42 50 0
384 1 0 811472 126764 628 91536 32 0 0 490 528 9 1 68 22 0
385 1 0 811444 121508 628 97144 40 0 9768 573 726 4 1 88 7 0
386 1 0 811436 101824 636 116884 16 0 16644 598 781 8 1 77 13 0
387 1 3 812540 122400 736 96576 0 1112 9372 1454 788 19 2 63 17 0
388 0 5 812520 121348 764 97836 60 0 0 655 656 21 0 23 56 0
389 2 3 812424 107296 1276 111892 108 0 76300 2469 1690 39 7 14 40 0
390 0 5 812400 154260 1260 64768 0 0 34848 2737 2241 1 2 35 61 0
391 0 4 812392 138360 1268 82220 32 0 560 712 919 3 0 26 71 0
392 0 7 812368 123264 1276 98004 76 0 0 644 938 4 0 25 71 0
393 1 7 812292 102216 1276 119160 128 0 0 775 1062 7 1 0 93 0
394 4 0 812272 118464 804 104104 20 0 0 1227 1269 15 2 17 66 0
395 0 4 812252 115336 808 108152 0 0 0 6791 1444 33 2 3 62 0
396 1 0 812236 118308 840 104724 40 0 11708 2345 1353 9 2 79 10 0
397 1 0 812228 134328 840 87280 32 0 27900 566 738 11 1 88 0 0
398 0 1 812208 121484 848 100424 32 0 8252 769 684 36 0 60 3 0
399 1 0 812148 121392 848 100872 140 0 0 485 513 17 0 74 9 0
400 0 1 787448 101764 860 100864 18688 0 156 3696 2918 3 0 85 12 0
401 0 1 728620 129628 860 43536 29804 0 0 5304 4196 1 2 73 24 0
402 1 0 726068 129040 860 43620 496 0 8008 480 495 4 0 94 2 0
403 1 0 726044 117124 860 56348 32 0 11140 740 843 11 1 85 3 0
404 1 0 726032 120028 176 52932 0 0 24240 1059 864 1 1 80 19 0
405 1 0 726020 128740 352 44176 72 32 19292 816 1017 18 2 75 5 0
406 1 0 726004 108740 356 63572 24 0 17044 593 743 14 1 83 3 0
407 1 0 725992 122828 396 50588 16 0 18896 846 753 11 1 88 0 0
408 0 5 725980 118492 920 54656 0 0 6168 1337 1288 34 1 32 32 1
409 2 5 725988 118568 844 54704 24 28 42460 1536 1044 42 3 27 28 0
410 0 8 725972 130848 880 42776 20 0 21676 956 1124 3 2 7 89 0
411 0 6 725972 118220 1064 55984 0 0 6136 750 1021 0 1 0 99 0
412 0 5 725948 105164 1080 68484 40 0 6424 664 940 0 0 9 91 0
413 0 4 725948 126820 772 48496 16 20 12728 1601 1213 0 2 35 63 0
414 0 4 725940 111920 784 63184 16 0 5960 761 992 0 1 6 93 0
415 0 4 725908 112724 884 62676 32 0 7740 873 1105 0 1 13 86 0
416 1 4 725344 108296 1068 66452 780 0 6728 1582 1611 8 2 9 82 0
417 3 2 724160 120300 944 54320 1224 0 0 8040 1476 25 2 12 61 0
418 1 4 722728 103720 944 69640 1508 0 0 8348 1613 12 2 5 81 0
419 4 0 721820 111996 948 57492 1092 0 4 14166 1520 13 2 19 66 0
420 1 0 721792 111416 972 58392 44 0 6120 427 495 17 1 80 3 0
421 1 0 721780 110728 972 58724 16 0 0 396 446 9 0 91 0 0
422 2 1 721768 105024 972 64600 16 0 0 514 603 4 0 90 6 0
423 1 0 721748 107568 984 60788 32 0 17228 5338 864 14 1 82 3 0
424 1 0 721740 115596 996 52432 0 4 22700 3160 859 8 2 89 1 0
425 1 0 721732 118412 500 51420 32 0 23868 1170 890 10 2 85 2 0
426 1 2 721704 126644 196 42492 44 0 18304 902 851 11 1 86 1 0
427 1 0 721652 108528 324 60248 172 0 16612 836 975 11 1 78 9 0
428 1 0 721896 112568 304 56228 16 260 17800 814 765 10 1 89 0 0
429 1 0 721880 125712 316 44068 16 0 12880 598 807 7 1 90 2 0
430 1 1 721864 122996 324 46768 32 0 0 1025 1159 10 1 51 38 0
431 0 5 721820 117748 892 53196 56 0 79460 3633 2014 74 7 4 14 0
432 0 0 721768 130944 904 38032 60 0 27516 2890 1449 1 2 88 9 0
433 0 0 721752 130080 904 38452 24 0 0 344 753 0 0 86 13 0
434 0 0 721744 129136 968 39644 8 0 604 670 1112 1 0 88 11 0
435 0 0 721724 129184 968 39748 44 0 0 313 752 0 0 99 0 0
436 0 0 721716 129280 968 39800 0 0 0 307 720 0 0 99 0 0
437 0 0 721708 129088 972 39896 0 0 5236 292 710 0 0 99 1 0
438 0 1 721680 128932 980 40136 32 0 0 306 743 0 0 95 5 0
439 0 1 721668 128436 988 40936 56 0 84 355 869 0 1 75 25 0
440 0 0 721612 124208 1276 44024 40 0 0 392 862 1 1 92 7 0
441 0 0 721600 124224 1280 44016 32 0 0 295 709 0 0 99 0 0
442 0 0 721588 124144 1280 44140 8 0 0 321 737 0 0 98 1 0
443 0 0 721568 124176 1288 44140 0 0 44 285 741 0 0 100 0 0
444 0 0 721560 124208 1288 44128 16 0 0 268 687 0 0 99 0 0
445 0 0 721552 124240 1288 44160 0 0 0 283 703 0 0 100 0 0
446 0 0 721532 124240 1288 44180 0 0 0 326 769 0 0 99 0 0
447 0 0 721524 124352 1288 44240 0 0 0 284 701 0 0 100 0 0
448 0 0 721516 124224 1296 44212 32 0 24 317 742 0 0 99 1 0
449 0 0 721488 124256 1296 44236 32 0 0 288 706 0 0 99 1 0
450 0 0 721472 124256 1296 44228 24 0 0 294 699 0 0 100 0 0
451 0 0 721460 124320 1296 44236 16 0 0 286 714 0 0 100 0 0
452 0 1 721440 124320 1296 44448 28 0 0 374 864 0 0 96 4 0
453 0 1 721428 123700 1308 45172 84 0 24 433 881 1 0 75 24 0
454 0 4 721412 117316 1308 51872 76 0 0 587 1002 6 2 43 50 0
455 1 4 721380 115880 1308 54144 60 0 0 1077 1207 23 2 13 63 0
456 1 4 721364 115744 1256 53812 8 0 0 4615 1719 8 1 16 74 0
457 0 1 721344 108832 1256 62100 16 0 0 2542 1698 35 2 12 50 0
458 1 0 721320 108808 1264 62164 48 0 88 487 550 17 0 82 1 0
459 1 0 721308 108560 1264 62212 0 0 0 442 516 7 0 93 0 0
460 1 0 721272 112884 1276 58068 16 0 6920 1351 1127 37 3 30 30 0
461 1 0 721260 116164 1292 54012 32 0 24268 825 1183 13 1 79 6 0
462 2 1 721256 105612 1300 64104 44 0 17484 683 950 14 1 76 9 0
463 2 1 721168 113768 224 56736 136 0 16744 1304 1165 14 1 55 30 0
464 1 3 721068 103644 360 66272 196 0 6192 792 1132 12 1 50 37 0
465 4 3 721964 125700 364 43392 372 1140 1140 2224 1029 50 0 22 28 0
466 1 0 721408 124580 364 43672 660 0 0 1331 952 74 0 24 2 0
467 1 0 721400 124488 372 43684 0 0 116 439 515 11 0 88 0 0
468 1 0 721392 124116 372 44024 0 0 0 423 479 10 0 88 2 0
469 4 1 718812 121884 664 44668 2160 0 6216 2191 1969 80 1 19 1 0
470 1 4 718488 120800 808 44556 628 0 0 866 1658 8 1 52 39 0
471 1 6 717880 122392 740 42688 1444 380 18932 1910 3891 4 3 52 40 0
472 4 1 716804 125856 740 36712 1600 0 22688 4148 5710 86 5 4 5 0
473 0 3 714868 112932 972 48880 2500 0 38176 3862 6812 62 5 13 20 1
474 0 4 717464 131508 1148 30992 948 3400 3404 8057 2288 19 2 27 51 0
475 0 5 717440 110684 1148 51948 48 0 0 645 996 4 1 24 71 0
476 0 1 717348 135840 720 27428 84 0 12 1351 1707 3 1 34 61 0
477 0 0 717324 132400 732 30508 24 0 124 793 1255 2 1 74 24 0
478 1 0 717304 132252 740 30664 32 0 0 877 1367 1 0 93 6 0
479 0 0 717292 132220 744 30712 24 0 0 629 1063 1 0 97 2 0
480 3 1 716516 127848 908 35112 680 0 29176 3267 3544 65 4 23 9 0
481 4 0 716076 108972 928 53044 436 0 19816 2382 2777 74 1 21 4 0
482 1 0 715944 101856 940 60756 156 0 5864 775 1027 17 0 77 6 0
483 3 2 716060 116204 644 46452 692 736 10672 2429 2811 58 4 20 17 0
484 0 2 715884 112636 644 49908 200 0 0 827 931 29 2 34 35 0
485 0 2 715676 108360 644 53956 216 0 0 487 922 3 1 51 46 0
486 3 1 714976 117348 228 46648 1516 532 33960 13640 5850 61 5 18 15 0
487 1 0 713168 116744 232 44164 2312 0 22220 3585 5649 50 4 26 20 0
488 0 1 710884 114956 240 44964 1864 0 0 1395 2289 1 1 81 17 0
489 0 1 710508 120088 240 41136 312 0 0 450 960 1 1 73 25 0
490 1 1 709440 104920 244 38680 844 0 0 804 1324 4 1 64 32 0
491 1 0 719252 120792 532 30444 16 9824 30092 2746 1334 25 2 62 11 0
492 1 0 719232 107828 532 44716 16 0 11200 665 804 12 0 86 1 0
493 1 2 718848 113540 192 37788 452 0 13772 1520 2624 20 2 65 13 0
494 0 4 718456 121036 164 30196 480 0 13348 1758 3504 18 2 57 24 0
495 0 3 718136 119876 176 31196 392 0 0 577 1034 1 1 29 70 0
496 0 2 717848 117788 260 32908 328 0 0 697 1216 1 0 40 60 0
497 0 2 717820 114704 272 35528 40 0 116 463 1049 1 0 65 34 0
498 0 0 717788 101700 540 48180 32 0 0 918 1074 0 0 68 32 0
499 0 0 717780 118404 536 30940 16 0 0 398 762 0 1 98 1 0
500 3 0 717748 104608 536 44676 20 0 0 1162 971 0 0 90 10 0
501 0 0 717732 104736 544 44904 20 0 44 308 735 0 0 98 2 0
502 2 1 717720 109116 548 39992 16 0 0 457 779 0 0 92 7 0
503 0 1 717696 118468 548 31176 40 0 8 604 789 0 0 74 26 0
504 0 0 717688 114184 548 35364 16 0 0 443 753 0 0 81 19 0
505 0 0 717676 114312 548 35380 4 0 0 369 804 0 0 99 0 0
506 0 0 717656 114172 556 35508 56 0 20 312 726 0 0 99 1 0
507 0 0 717636 114204 556 35544 24 0 0 278 700 0 0 99 1 0
508 0 0 717628 114236 560 35560 0 0 0 272 672 0 0 100 0 0
509 0 1 717604 122568 560 27132 48 0 8 1278 983 0 1 80 19 0
510 0 1 717592 118800 560 30512 16 0 0 463 701 0 0 74 26 0
511 0 0 717580 110676 568 38576 24 0 20 594 768 0 1 73 26 0
512 0 0 717564 110572 568 38900 4 0 0 398 782 1 0 98 2 0
513 0 0 717552 110684 568 38876 24 0 0 304 700 0 1 98 2 0
514 0 0 717544 111884 568 38500 16 0 0 1293 1090 1 1 77 22 0
515 0 0 717524 109744 568 40212 16 0 0 399 803 1 0 99 1 0
516 0 0 717516 109728 576 40220 0 0 20 333 768 0 0 99 0 0
517 0 0 717496 109760 576 40208 28 0 0 293 712 0 1 99 1 0
518 0 0 717476 109824 576 40208 28 0 0 335 751 0 0 99 0 0
519 2 0 717464 109592 576 40436 16 0 0 337 767 0 0 87 13 0
520 0 1 717448 125752 616 27584 32 0 20 643 857 0 1 93 6 0
521 0 0 717440 125828 616 27580 4 0 0 316 735 1 0 99 1 0
522 0 0 717428 125908 616 27584 8 0 2076 301 713 0 0 99 0 0
523 0 0 717408 125908 616 27592 0 0 0 293 735 0 0 100 0 0
524 0 0 717400 125940 792 27624 16 0 0 335 756 0 0 98 2 0
525 0 0 717388 125656 804 27592 16 0 76 280 688 0 0 99 0 0
526 0 0 717348 125656 808 27568 76 0 0 321 772 0 0 95 4 0
527 0 0 717332 125688 820 27584 16 0 236 350 806 0 1 98 1 0
528 1 2 717212 125032 820 28300 252 0 0 521 982 1 0 45 54 0
529 0 2 717180 135112 1340 16856 216 0 0 511 1049 1 1 50 49 0
530 0 2 717168 135340 1664 16860 108 0 316 526 1038 0 1 47 52 0
531 0 2 717108 137216 2064 15840 336 0 0 759 1421 1 1 42 56 0
532 0 2 716556 134084 2196 18456 660 0 0 808 1243 0 0 66 34 0
533 0 1 585092 3636492 2280 20124 712 0 8 656 1259 1 4 64 31 0
534 0 0 584220 3635748 2280 20884 572 0 0 458 843 0 0 81 18 0
535 0 0 584200 3635672 2292 20856 16 0 508 210 475 0 0 99 1 0
536 0 0 584188 3635512 2292 20848 16 0 0 175 443 0 0 100 0 0
537 0 1 583860 3632908 2868 22332 596 0 0 694 898 0 0 77 22 0
538 0 1 582464 3631436 2868 22560 1556 0 0 1012 1384 1 1 73 26 0
539 0 0 581532 3633360 2868 22924 392 0 0 395 714 1 0 90 9 0
540 0 0 581492 3633360 2876 23036 20 0 0 171 454 0 0 99 1 0
541 0 0 581484 3633392 2876 23044 4 0 0 161 414 0 0 100 0 0
542 0 0 581472 3633456 2876 23044 16 0 0 150 419 0 0 100 0 0
543 0 0 581452 3633456 2876 23052 16 0 0 171 472 0 0 100 0 0
544 0 0 581436 3633328 2884 23048 16 0 20 162 441 0 0 99 0 0
545 0 0 581416 3633328 2884 23036 32 0 0 173 444 0 0 99 1 0
546 0 0 581400 3633328 2884 23052 16 0 0 168 452 0 0 100 0 0
547 0 0 581396 3633328 2892 23488 4 0 0 266 634 0 0 99 1 0
548 0 0 581376 3633144 2892 23640 44 0 0 191 484 0 0 98 2 0
549 0 0 581356 3633144 2900 23632 28 0 24 195 501 0 0 99 1 0
550 0 0 581344 3633208 2900 23640 16 0 0 174 450 0 0 99 0 0
551 0 0 581332 3633208 2900 23648 8 0 628 158 434 0 0 99 1 0
552 0 0 581308 3631636 2900 24644 32 0 0 292 700 0 1 91 8 0
553 0 0 581296 3631560 2900 24712 12 0 0 125 405 0 0 99 1 0
554 0 1 581276 3631592 2908 24760 36 0 108 166 446 0 0 98 2 0
555 0 0 580092 3631772 2908 24872 764 0 0 598 1102 0 1 78 21 0
556 0 0 580072 3631796 2908 24916 24 0 0 141 414 0 0 99 1 0
557 0 0 580060 3631828 2908 24920 12 0 0 135 418 0 0 100 0 0
558 0 0 580040 3631828 2908 24928 16 0 0 154 449 0 0 100 0 0
559 0 0 580032 3631828 2916 24916 8 0 24 163 457 0 0 100 0 0
560 0 0 579988 3631700 2916 24936 28 0 0 156 452 0 0 99 1 0
561 0 0 579976 3631700 2916 24940 8 0 0 170 469 0 0 99 0 0
562 0 0 579964 3631608 2916 24924 24 0 0 166 461 0 0 99 0 0
563 0 0 579948 3631640 2924 24940 20 0 20 165 458 0 0 99 1 0
564 0 0 579936 3631672 2924 24920 32 0 0 156 442 0 0 99 1 0
565 0 0 579924 3631704 2924 24948 8 0 0 142 411 0 0 100 0 0
566 0 0 579908 3631704 2924 24940 24 0 0 145 433 0 0 99 1 0
567 0 0 579896 3631612 2924 24952 20 0 0 139 415 0 0 99 1 0
568 0 0 579884 3631516 2932 24932 24 0 20 150 431 0 0 99 1 0
569 0 0 579848 3631452 2932 24948 40 0 0 181 479 0 0 99 1 0
570 0 0 579844 3631484 2932 24960 0 0 0 153 421 0 0 100 0 0
571 0 0 579824 3631484 2932 24944 32 0 0 173 445 0 0 99 1 0
572 0 0 579804 3631516 2932 24972 4 0 0 187 496 0 1 99 0 0
573 0 1 579740 3624168 5124 28452 120 0 24 1140 1553 1 1 77 22 0
574 0 1 579720 3612140 6628 30976 32 0 0 989 1619 2 1 75 22 0
575 0 1 579700 3615804 7324 34284 16 0 0 808 1596 2 2 74 22 0
576 0 1 579692 3607372 8344 41300 12 0 0 1011 1651 2 1 74 23 0
577 0 1 579676 3583236 8828 49452 16 0 0 814 1526 3 2 71 25 0
578 0 1 579652 3575452 8836 57848 24 0 648 343 637 0 0 74 26 0
579 0 1 579640 3571236 8836 62168 16 0 0 211 510 0 0 74 26 0
580 0 1 579608 3562216 8840 71028 24 0 0 296 604 0 0 75 25 0
581 0 1 579600 3557784 8840 75444 0 0 0 216 542 0 0 75 25 0
582 0 1 579588 3554648 8848 78508 28 0 104 219 539 0 0 74 25 0
583 0 1 579572 3550680 8848 82224 44 0 0 246 596 0 0 75 25 0
584 0 1 579564 3547272 8848 85868 0 0 0 232 572 0 0 75 25 0
585 0 1 579556 3544916 8848 87728 16 0 0 339 559 6 1 77 17 0
586 0 1 579536 3542840 8848 89100 0 0 0 199 515 0 0 75 25 0
587 0 1 579524 3540856 8856 90532 32 0 56 195 473 0 0 74 25 0
588 0 1 579512 3538036 8856 92528 32 0 0 189 477 0 0 75 25 0
589 0 0 579496 3522076 8872 92624 16 0 0 425 842 3 1 89 7 0
590 0 0 579476 3522032 8872 92668 56 0 0 178 436 0 0 98 2 0
591 0 0 579468 3521944 8872 92720 0 0 0 168 459 0 0 100 0 0
592 0 0 579444 3521944 8880 92728 4 0 96 179 492 0 0 100 0 0
593 0 0 579424 3521976 8880 92696 44 0 0 169 433 0 0 100 0 0
594 0 0 579416 3521976 8880 92732 0 0 0 161 443 0 0 100 0 0
595 0 0 579388 3522008 8880 92704 48 0 0 183 458 0 0 99 1 0
