0 1 3 3714612 1432356 12508 58656 23 34 267 17 19 9 1 86 4 0
1 0 1 3655892 1430312 12508 58988 1864 0 0 649 1257 2 2 75 21 0
2 0 1 3650296 1426500 12508 58908 4096 0 0 1027 1952 0 1 75 24 0
3 0 1 3646264 1423184 12516 58688 3424 0 160 1154 1957 0 1 75 24 0
4 0 1 3624940 1401392 12516 58940 21856 0 0 2885 3785 1 1 76 23 0
5 0 1 3604828 1382668 12516 58956 18728 0 0 2591 3367 0 0 77 23 0
6 0 1 3600308 1372656 12516 58808 9844 0 0 2163 2682 0 1 75 24 0
7 0 1 3590260 1360752 12516 58888 11980 0 0 2579 1985 0 0 76 24 0
8 1 1 3568820 1337380 12524 58892 20684 0 108 4165 3569 5 4 68 23 0
9 0 1 3550080 1320636 12524 59020 15240 0 0 3123 3086 2 2 73 23 0
10 0 1 3547228 1317132 12524 58816 3672 0 0 1516 2537 0 0 75 24 0
11 1 0 3543212 1312228 12524 58860 4860 0 0 1360 2758 0 1 75 24 0
12 1 1 3538584 1307968 12524 57500 5828 0 0 2090 2742 0 1 75 24 0
13 0 2 3533216 1300312 12544 58240 6556 0 92 2785 2784 1 1 72 26 0
14 1 1 3525928 1267588 12576 61752 8868 0 0 3922 3487 1 1 72 26 0
15 0 2 3517916 1241372 12580 71500 7332 0 0 3526 2934 3 1 70 26 0
16 1 1 3504844 1217644 12580 77140 6696 0 0 3224 3195 7 2 54 37 0
17 0 2 3498716 1198728 12580 79304 9580 0 0 2216 2046 2 1 51 47 0
18 0 2 3497600 1194732 12588 80784 816 0 100 524 823 1 0 50 49 0
19 0 2 3497264 1191100 12588 83560 236 0 0 406 649 1 0 50 49 0
20 0 2 3496448 1185552 12588 87520 152 0 0 371 665 1 0 50 50 0
21 0 2 3495632 1183476 12588 88612 640 0 0 410 652 1 1 50 49 0
22 0 8 3494372 1172696 12592 95452 1284 0 24 604 966 1 0 46 53 0
23 0 2 3491196 1165396 12596 100220 3036 0 4 1916 2350 1 1 18 80 0
24 0 2 3483412 1150200 12596 100688 7784 0 0 1729 1691 3 1 47 50 0
25 0 2 3475184 1142208 12596 101196 7408 0 0 1779 1723 0 1 50 49 0
26 1 1 3473952 1140188 12596 101792 1024 0 0 600 855 1 1 50 49 0
27 0 2 3471040 1127708 12604 102828 2576 0 28 1238 1525 4 1 49 47 0
28 1 1 3458756 1083588 12604 105160 14676 0 0 3796 3720 12 2 49 38 0
29 0 2 3410556 1055756 12604 109036 3748 0 0 1819 2426 13 2 49 37 0
30 3 1 3405540 1024968 12604 111920 6524 0 0 3473 2838 16 2 47 35 0
31 1 1 3393544 937652 12604 114828 6284 0 0 3216 3325 14 3 53 30 0
32 0 2 3370836 830156 12612 117936 20244 0 300 4980 5007 13 4 55 28 0
33 3 1 3348756 721936 12612 118776 30176 0 0 6184 5754 5 4 70 21 0
34 0 1 3311884 683728 12612 119024 36148 0 0 4631 5819 1 1 77 21 0
35 0 1 3297420 671672 12612 118956 12268 0 0 2844 3266 1 1 75 23 0
36 0 1 3266144 643956 12612 119080 27532 0 0 5825 4753 1 1 76 22 0
37 0 1 3256020 631560 12620 118972 12412 0 288 2562 2462 0 1 75 24 0
38 0 1 3256020 629360 12620 118916 2256 0 0 815 1139 1 0 75 24 0
39 0 1 3209352 624360 12620 118748 2416 0 0 942 1444 2 3 72 24 0
40 0 1 3207848 623188 12620 118980 784 0 0 606 1108 0 1 74 25 0
41 0 1 3207140 622224 12628 119068 832 0 44 658 1066 1 0 74 25 0
42 0 1 3202308 616336 12628 119012 3896 0 0 1698 1744 1 1 74 25 0
43 0 1 3199704 613544 12628 119168 2888 0 0 1419 1754 0 1 75 24 0
44 0 1 3198412 611932 12628 118928 1388 0 0 1045 1598 1 1 74 25 0
45 0 1 3198068 611744 12628 119024 336 0 0 537 1012 0 0 75 25 0
46 1 1 3197324 610912 12636 118988 788 0 24 681 1206 0 1 74 25 0
47 0 1 3195500 608768 12636 118916 1964 0 0 1180 1619 0 0 75 25 0
48 0 1 3191864 604684 12636 118960 4164 0 0 1754 1991 0 1 75 24 0
49 0 1 3189960 603676 12636 119032 1248 0 0 829 1407 0 1 75 25 0
50 0 1 3189084 602648 12636 119024 788 0 0 599 1063 0 0 75 25 0
51 0 1 3188492 602032 12644 118948 664 0 20 580 1014 0 0 74 25 0
52 0 1 3188100 601500 12644 118976 440 0 0 552 929 0 0 75 25 0
53 0 1 3187928 601376 12644 119028 148 0 0 411 788 0 0 75 25 0
54 0 1 3187768 601208 12644 119044 180 0 0 411 784 0 0 75 25 0
55 1 2 3187088 586720 12644 119228 708 0 0 1035 1769 5 0 64 31 0
56 1 1 3185684 422600 12652 262700 1472 0 88556 4902 1368 11 11 44 34 0
57 1 1 3185072 339216 12652 296892 648 0 33044 1054 1576 9 3 52 35 0
58 0 2 3184360 332160 12652 297660 692 0 0 635 914 3 1 50 46 0
59 0 2 3183616 323076 12652 298096 792 0 0 619 932 3 0 50 47 0
60 1 2 3181848 158796 12660 299004 1488 0 84 16720 2709 21 10 40 28 0
61 0 1 3190228 176788 7320 182804 1216 9744 65340 3853 2653 35 12 38 14 0
62 1 1 3189144 175660 7324 182956 1156 0 0 949 1729 2 1 73 25 0
63 4 1 3189032 161224 7324 183052 208 68 68 885 1205 12 1 64 23 0
64 4 1 3189992 121684 6592 96676 260 1264 1456 13025 2488 32 14 34 21 0
65 0 3 3212308 172540 6100 81224 308 22584 22772 7086 2065 10 8 37 44 0
66 0 2 3211864 170116 6100 81780 488 76 76 1754 1761 5 2 47 47 0
67 0 2 3214544 150744 6104 81920 736 3376 3572 2655 1991 59 14 13 13 0
68 4 1 3214448 155808 6104 82124 852 732 732 1542 1928 34 5 31 30 0
69 1 2 3219596 153892 6420 81944 440 5608 5860 3478 2199 28 20 37 16 0
70 0 2 3219208 152744 6816 81936 424 0 0 744 1086 16 0 40 43 0
71 0 2 3218468 117424 6980 116104 756 0 25084 1423 1436 57 3 20 21 0
72 0 2 3232220 212152 6568 97012 1620 15204 39752 1897 2392 3 6 51 40 0
73 0 1 3232472 156140 6568 96464 748 968 18556 1979 1929 14 6 49 31 0
74 0 1 3231640 154964 6568 96492 916 0 0 887 1721 2 1 74 24 0
75 0 1 3230012 153568 6568 96588 1688 0 0 1165 1835 2 0 73 25 0
76 0 1 3228764 152020 6576 96652 1324 0 572 1779 1769 1 1 74 24 0
77 0 1 3227808 150868 6576 96752 940 0 0 1089 1910 1 1 75 24 0
78 0 1 3226732 149476 6576 97104 1120 0 0 1337 2046 1 1 74 25 0
79 1 1 3225916 147872 6576 97172 804 0 0 1268 2215 10 0 66 24 0
80 1 1 3224908 147012 6584 97172 804 0 20 1772 1909 24 2 53 22 0
81 0 1 3221836 143976 6584 97196 3088 0 0 1873 1969 9 0 68 22 0
82 0 1 3221260 142852 6584 97200 572 0 0 698 1255 2 0 73 25 0
83 0 1 3221012 142792 6584 97196 252 0 0 497 1044 0 0 75 25 0
84 1 1 3220540 142104 6584 97184 492 0 0 604 1077 1 0 74 25 0
85 1 1 3220380 142044 6592 97180 160 0 20 711 1067 3 0 72 25 0
86 2 3 3229896 161912 6600 89264 244 9768 10440 2622 1805 41 14 15 30 0
87 4 1 3296260 155784 6600 81864 344 66688 66832 3951 2201 25 16 10 49 0
88 6 1 3303232 146304 6604 110592 280 7244 32640 3148 1741 71 13 2 14 0
89 1 1 3302788 146380 6608 109176 436 0 37128 813 1313 3 2 65 30 0
90 0 1 3302348 145976 6616 109064 476 0 600 627 962 0 0 74 25 0
91 0 1 3301888 145592 6620 109096 480 0 0 593 998 0 0 71 29 0
92 0 1 3301508 145296 6620 109092 384 0 0 483 834 0 0 75 25 0
93 0 1 3300912 145112 6620 109092 600 0 0 444 856 0 0 75 25 0
94 0 1 3300588 144772 6620 109088 324 0 4240 470 1039 0 0 75 25 0
95 0 1 3299788 143812 6628 109092 832 0 40 537 923 1 0 74 25 0
96 0 1 3299284 141816 6632 109444 708 0 0 580 1013 0 1 56 43 0
97 1 1 3298884 141872 6632 109428 392 0 0 403 771 0 1 75 25 0
98 0 1 3298300 141276 6632 109392 552 0 0 471 913 0 0 75 25 0
99 0 1 3297784 140904 6632 109376 532 0 0 465 864 1 0 75 25 0
100 0 1 3296272 139196 6640 109380 708 0 0 516 886 1 0 75 25 0
101 0 5 3296064 139072 6640 109336 268 0 0 483 1038 0 0 68 32 0
102 2 1 3294896 137864 6640 109400 1184 0 0 909 1514 1 1 68 30 0
103 0 1 3293000 135880 6640 109400 1924 0 0 1159 1850 1 1 74 25 0
104 1 1 3291916 135136 6648 109384 1084 0 24 999 1993 0 0 75 25 0
105 0 1 3289868 133340 6648 109396 2112 0 0 1061 1747 0 1 75 24 0
106 0 1 3286708 130240 6648 109420 3220 0 0 1269 1593 0 0 75 24 0
107 0 1 3285476 128688 6648 109396 1416 0 0 809 1218 2 0 74 25 0
108 0 1 3284912 128256 6648 109364 596 0 0 434 898 1 0 75 25 0
109 0 1 3283948 127080 6656 109316 1052 0 20 574 967 1 0 75 25 0
110 0 1 3283060 126176 6656 109480 944 0 0 573 978 0 0 75 25 0
111 0 1 3282536 125588 6656 109424 528 0 0 503 960 1 0 75 25 0
112 0 1 3282092 125092 6656 109432 456 0 0 401 795 0 0 75 25 0
113 0 1 3281884 124876 6656 109440 192 0 0 418 999 1 0 74 25 0
114 1 1 3302008 137648 6664 103956 152 20280 20296 1522 1489 11 2 51 36 0
115 0 1 3301844 137388 6664 103976 160 0 0 645 1140 2 1 72 25 0
116 0 1 3319560 161376 6664 99024 464 18160 18160 1392 1932 4 2 66 28 0
117 0 1 3318952 160860 6664 98904 624 0 0 965 1929 0 0 75 25 0
118 0 1 3318428 176040 6664 98900 524 0 764 1248 1736 8 1 69 23 0
119 1 1 3316292 174724 6672 98908 2224 0 80 1213 1539 2 0 73 25 0
120 0 1 3415896 174884 4324 81800 336 0 0 433 845 1 0 74 25 0
121 0 1 3415352 174164 4324 81812 456 0 0 609 951 3 0 74 23 0
122 0 1 3414984 174048 4324 81776 364 0 0 623 1032 5 0 72 23 0
123 4 1 3414644 161548 4332 81816 292 0 56 4606 1182 37 2 48 12 0
124 1 1 3429424 136764 4332 104448 312 15088 44172 11679 1324 63 8 21 7 0
125 0 1 3428736 136324 4332 104308 584 0 9928 526 1008 0 1 72 27 0
126 0 1 3428184 135828 4332 104276 476 0 0 435 852 0 0 75 25 0
127 0 1 3426344 134248 4332 104328 1660 0 0 913 1343 0 1 75 25 0
128 0 1 3424208 132332 4340 104260 2064 0 516 1086 1541 1 1 74 24 0
129 0 1 3421436 129728 4340 104268 2656 0 0 1277 1733 0 0 75 24 0
130 0 1 3420728 129220 4340 104288 696 0 8340 979 1940 1 1 74 25 0
131 0 1 3419724 128068 4340 104324 968 0 0 1042 1847 0 0 75 25 0
132 0 1 3417904 126428 4340 104336 1708 0 0 1031 1743 0 1 75 24 0
133 1 1 3414228 122992 4348 104276 3684 0 44 1366 1573 0 0 75 24 0
134 0 1 3411124 119768 4348 104280 3248 0 0 1222 1392 1 0 75 25 0
135 1 1 3408216 116856 4348 104272 2988 0 0 1308 1534 0 0 75 24 0
136 0 1 3407396 115988 4348 104304 828 0 0 762 1601 0 0 75 25 0
137 0 1 3407264 115804 4348 104304 124 0 0 389 922 0 0 75 25 0
138 0 1 3407192 115744 4356 104300 76 0 20 422 869 1 0 73 26 0
139 0 1 3407100 115744 4356 104308 100 0 0 334 810 0 0 73 27 0
140 0 1 3406932 115368 4356 104308 92 0 0 405 930 0 0 74 25 0
141 0 1 3406804 115368 4356 104308 128 0 0 407 927 0 0 75 25 0
142 0 1 3406640 115184 4364 104308 148 0 68 444 1037 0 0 75 25 0
143 0 1 3406508 114596 4632 104320 124 0 0 749 1475 2 1 65 32 0
144 0 1 3406372 114468 4632 104448 140 0 0 457 1000 0 1 74 25 0
145 0 1 3404472 112780 4632 104436 2156 0 0 980 1306 0 1 75 24 0
146 0 1 3401472 109836 4632 104500 3068 0 0 1184 1479 1 0 75 25 0
147 0 1 3399024 107328 4640 104600 2444 0 32 1097 1628 0 1 74 25 0
148 0 6 3396780 104584 4640 104612 2180 0 664 1113 1708 0 1 73 26 0
149 0 1 3407080 130928 3756 99672 3208 12492 12492 1095 1659 0 1 74 25 0
150 0 1 3405448 128640 3756 99208 2280 0 0 703 1288 0 1 75 25 0
151 0 1 3404508 127340 3756 99088 1400 0 0 637 1300 0 0 75 25 0
152 0 1 3421240 135872 3772 91512 500 17096 17172 2164 1477 3 5 62 30 0
153 1 5 3471872 95068 2976 80460 92 50712 51200 2443 1811 10 9 15 65 0
154 0 7 3505904 84844 2424 70812 84 34100 34440 1656 1375 4 5 0 91 0
155 3 1 3577132 104484 2108 55036 72 71740 72068 2052 1690 5 6 4 85 0
156 1 1 3584596 121488 2024 51232 184 7112 7112 641 971 1 1 74 25 0
157 0 1 3584484 121356 2032 51164 164 0 84 2020 982 3 1 71 25 0
158 1 1 3584236 120812 2032 51052 372 0 0 1541 865 3 0 72 25 0
159 0 1 3583992 121460 2032 51112 352 0 0 647 875 1 0 73 25 0
160 0 2 3583520 120520 2040 51136 336 0 24 978 928 1 0 74 25 0
161 2 1 3583256 119984 2040 51124 388 0 0 1368 900 2 1 72 25 0
162 0 1 3582968 120384 2040 51080 452 0 0 1218 878 0 0 75 25 0
163 0 1 3581120 117304 2040 51196 2620 0 0 1111 1296 0 0 75 25 0
164 0 1 3578844 114924 2040 51088 2928 0 0 1348 1933 1 1 66 33 0
165 4 1 3647208 145204 1768 32796 2480 70184 70184 17611 2415 50 15 27 8 0
166 0 7 3750252 86484 1720 26124 316 103296 103832 7783 2040 13 13 4 71 0
167 0 3 3825844 130048 1540 16804 416 75904 76000 3869 1970 20 7 13 60 0
168 0 6 3828568 96440 1540 16920 228 2876 2976 24753 1206 26 7 34 33 0
169 0 6 3833336 91868 1540 16424 4 4772 4772 350 610 1 1 3 96 0
170 0 6 3846492 92796 1540 16832 8 13164 13164 292 568 0 1 25 74 0
171 0 6 3937588 84800 1548 16752 188 91240 91532 5787 1879 2 6 5 86 0
172 0 6 3979040 86516 1548 16656 172 41576 41652 6701 1115 0 3 0 97 0
173 0 5 4087024 126904 532 13220 224 108152 108228 4986 1358 2 7 0 91 0
174 0 2 4164432 123884 204 10160 684 78376 78460 1451 1443 8 9 16 68 0
175 0 5 4164132 121956 216 12272 344 0 48 485 816 0 0 61 39 0
176 0 3 4163948 119196 216 14324 248 0 0 435 646 0 0 54 45 0
177 0 2 4163624 118268 216 14920 404 0 0 414 733 0 0 64 35 0
178 0 3 4163320 116516 216 15764 388 0 0 381 803 0 0 68 32 0
179 1 1 4161132 112900 272 16300 2728 0 0 958 1460 1 0 64 34 0
180 0 2 4158104 109648 284 16424 1276 0 0 474 998 1 0 76 24 0
181 0 2 4157392 108656 284 16356 908 0 0 363 731 1 0 75 25 0
182 0 2 4156420 107416 284 16472 1248 0 0 413 831 0 0 75 25 0
183 1 1 4153888 104256 540 16464 3056 0 0 858 1392 14 0 77 9 0
184 1 1 4212936 140320 512 15840 3728 61788 61848 8242 1409 15 1 82 2 0
185 3 5 4207636 136200 512 15884 6156 0 0 1474 2035 8 0 57 35 0
186 2 4 4206560 133760 1208 16928 1336 0 0 1808 2114 34 1 9 56 0
187 3 2 4205568 102020 1216 46096 1332 0 27100 1705 1414 63 2 9 26 0
188 4 1 4213184 109040 1220 71744 140 7708 52204 1707 1565 67 5 23 5 0
189 3 1 4248912 112760 1212 89572 384 36016 72152 1671 1478 66 7 21 6 0
190 4 5 4249308 118428 1224 110540 272 600 36524 1513 1467 55 4 15 27 0
191 1 4 4256472 119412 1216 111872 416 7476 36420 1395 1383 21 2 18 58 0
192 1 4 4257768 122964 1204 116528 160 1428 26748 927 1094 15 3 24 58 0
193 1 6 4257596 110492 1224 129740 232 0 42308 1100 1460 4 2 5 89 0
194 0 9 4257500 105048 1228 135824 120 0 14144 977 1292 1 1 27 71 0
195 0 6 4263048 121500 1228 121972 160 5644 14560 1085 1183 0 1 25 74 0
196 0 5 4262944 116636 1228 128156 152 0 0 716 1023 0 1 35 64 0
197 0 5 4262796 109128 1232 134860 208 0 13036 1079 1347 1 1 11 88 0
198 3 2 4262868 131380 1220 118624 148 160 160 918 1119 0 1 25 74 0
199 0 4 4270756 137160 1220 116188 628 8348 33240 2724 2154 0 3 25 72 0
200 0 4 4275792 114224 1220 146012 1284 6596 50848 4573 3206 1 4 49 47 0
201 0 1 4275312 103720 1220 154852 608 0 12368 1622 1730 1 1 73 25 0
202 0 2 4275144 103848 1220 154900 268 0 0 407 879 0 1 72 28 0
203 0 2 4274932 103596 1228 154908 256 0 532 457 922 1 0 66 33 0
204 1 4 4275264 137564 1216 123672 460 684 684 627 1164 1 1 68 31 0
205 0 3 4274844 134800 1216 126980 560 0 0 806 1534 1 0 52 47 0
206 0 1 4274216 131932 1216 128972 820 0 10040 720 1301 0 0 73 26 0
207 0 1 4273028 129748 1216 129584 1472 0 0 914 1460 0 1 74 25 0
208 0 2 4271964 128028 1224 130564 1260 0 52 1052 1729 1 0 68 32 0
209 0 2 4271100 118696 1224 139116 1140 0 0 1266 1579 1 1 63 36 0
210 0 1 4270252 112912 1512 142656 1196 0 0 1133 1814 0 1 50 49 0
211 0 2 4269072 111568 1512 142584 1752 0 0 1102 1609 1 0 68 32 0
212 0 1 4268532 111144 1512 142720 764 0 0 641 1148 1 0 67 32 0
213 0 1 4268388 110896 1520 142712 228 0 48 415 895 0 1 74 25 0
214 0 1 4268260 110552 1520 142752 140 0 0 431 929 1 0 72 27 0
215 0 1 4267916 110212 1520 142644 460 0 0 543 997 0 1 74 25 0
216 0 1 4266996 108864 1520 142728 1288 0 0 757 1190 0 1 74 25 0
217 0 5 4264796 102944 1520 146244 2836 0 0 1827 2515 0 1 49 50 0
218 0 2 4263504 132252 1448 116300 3540 1948 1964 1831 2388 1 1 30 68 0
219 0 1 4263268 132336 1448 116308 316 0 0 449 919 0 1 69 30 0
220 0 1 4262296 131376 1448 116376 1032 0 0 810 1349 0 1 74 25 0
221 0 1 4261240 129920 1448 116380 1488 0 0 857 1157 0 1 74 25 0
222 2 4 4259860 127904 1460 116280 1920 0 20 1413 1998 2 2 66 30 0
223 1 2 4259468 120324 1460 123056 544 0 0 1938 2264 9 2 46 43 0
224 1 1 4259192 119756 1460 123324 384 0 0 1337 1458 25 1 49 25 0
225 1 1 4258752 118172 1460 123228 612 0 0 769 834 12 0 58 29 0
226 1 1 4257804 115056 1460 123264 1440 0 0 886 750 19 1 54 27 0
227 1 8 4272092 143532 1456 100196 224 14976 23924 1441 1309 42 4 12 42 0
228 0 6 4271928 118208 1476 125080 252 0 65488 2046 1821 16 6 16 61 0
229 1 3 4271660 112420 1476 131476 380 0 0 752 924 0 0 25 74 0
230 0 3 4271396 108504 1476 134876 340 0 0 633 997 1 0 44 55 0
231 0 2 4270224 106892 1476 134916 1576 0 0 996 1645 0 1 35 64 0
232 0 1 4269144 105020 1484 134792 1448 0 548 752 1392 1 0 71 28 0
233 0 1 4268120 103068 1484 135040 1436 0 7352 854 1352 1 0 74 25 0
234 2 1 4266552 132984 1472 111292 1544 120 120 1785 1768 39 1 47 12 0
235 1 2 4269040 114236 1476 133480 244 2864 75352 1755 1449 54 7 30 9 0
236 0 1 4273184 139072 1472 114772 476 4916 32944 658 1107 7 2 72 19 0
237 0 1 4272960 138672 1480 115344 348 0 572 426 809 0 1 73 26 0
238 0 1 4272676 138552 1480 115372 408 0 0 369 740 0 0 75 25 0
239 0 1 4270952 136568 1480 115400 2580 0 0 1065 1086 0 0 75 24 0
240 0 2 4268184 116956 1480 133536 1588 0 7532 1712 1454 0 1 56 43 0
241 0 1 4267480 115716 1488 133612 992 0 32 773 1202 1 0 74 25 0
242 0 2 4267232 112984 1488 135880 316 0 0 565 996 1 0 59 40 0
243 0 1 4266984 108580 1488 139860 388 0 0 561 895 0 0 49 51 0
244 0 1 4266780 107528 1488 140604 276 0 0 437 859 1 0 71 28 0
245 0 1 4265264 105608 1488 140692 2024 0 0 1072 1366 0 0 67 32 0
246 0 1 4264096 103748 1496 140696 1664 0 20 965 1325 0 0 74 25 0
247 0 4 4263892 103172 1496 140808 292 0 0 461 834 1 0 62 37 0
248 0 4 4269864 128796 1492 117364 156 6120 6120 513 925 0 1 44 55 0
249 0 2 4269676 127560 1492 118496 216 0 0 460 863 1 1 60 39 0
250 0 1 4269584 126612 1492 119628 108 0 0 410 826 0 0 66 34 0
251 0 4 4269504 125376 1496 120660 92 0 12 389 840 1 0 71 28 0
252 0 1 4269048 123048 1500 122320 696 0 4 775 1197 0 0 72 28 0
253 0 1 4268556 115668 1500 129444 772 0 0 1142 1102 0 1 68 31 0
254 0 2 4267688 110000 1500 134472 1204 0 0 976 1275 0 1 69 31 0
255 0 2 4267472 107300 1500 136872 304 0 0 493 855 0 0 55 45 0
256 0 1 4266568 105752 1508 137172 1304 0 16 743 1128 0 0 73 27 0
257 0 1 4264456 103056 1508 137216 2680 0 0 1433 1834 0 0 74 25 0
258 0 1 4263500 128936 1504 112740 1716 308 308 1014 1449 1 1 74 25 0
259 0 1 4262492 128224 1504 112892 1340 0 0 834 1232 0 0 75 25 0
260 1 1 4261828 124568 1512 116504 256 0 16 545 969 0 0 71 29 0
261 0 1 4261668 124072 1516 116544 180 0 0 474 1028 0 1 73 26 0
262 0 1 4261244 123372 1524 116628 568 0 0 608 1088 0 0 71 28 0
263 0 1 4260632 121900 1524 116512 892 0 0 849 988 0 1 74 25 0
264 0 1 4260364 121560 1524 116532 384 0 80 614 842 0 1 74 25 0
265 0 1 4260088 121220 1532 116508 376 0 36 724 906 0 1 73 25 0
266 1 2 4261932 125716 1508 72632 836 2376 2376 1278 1076 1 2 74 23 0
267 3 2 4275824 170892 1080 30348 1368 15216 15216 13602 2156 21 10 37 32 0
268 1 4 4277364 101908 700 44348 2260 4232 4976 8113 2256 42 9 12 37 0
269 0 8 4288252 222344 436 32816 232 14796 14796 2833 1287 36 9 0 55 0
270 0 6 4287908 219920 444 33608 308 0 108 383 729 0 1 0 99 0
271 0 7 4272560 217048 444 33604 3168 0 0 1488 1753 7 1 0 92 0
272 2 3 4259192 206216 444 33732 12000 0 0 3611 3741 3 1 0 95 0
273 1 1 4258276 163316 444 33936 1136 0 0 1496 1109 14 2 54 30 0
274 1 2 4257736 157672 444 33832 644 0 0 720 974 11 1 47 40 0
275 1 2 4257320 156556 452 33984 580 0 20 594 767 15 1 26 57 1
276 1 8 4256960 150344 456 46736 488 0 0 1143 1177 14 1 11 73 1
277 1 1 4256176 143616 456 51144 1096 0 0 835 1007 18 0 44 38 0
278 1 1 4255336 140332 456 51252 1160 0 0 662 904 16 0 56 28 0
279 0 2 4255044 135048 456 51204 388 0 0 620 626 13 1 55 31 0
280 0 2 4259676 123000 1016 73512 400 5400 9676 2231 1911 28 4 25 42 1
281 1 1 4258944 121544 1016 73712 940 0 0 671 1029 10 0 60 29 1
282 1 1 4258260 120552 1016 73764 892 0 0 652 985 19 0 52 29 0
283 1 1 4257888 120244 1016 73840 488 0 0 533 721 13 1 58 29 0
284 1 6 4301416 141264 1084 35236 636 44056 63484 1777 1555 17 7 27 49 0
285 0 7 4328088 153452 1092 48224 412 27160 73068 1655 1970 7 4 1 88 0
286 5 2 4327028 124528 1104 81820 1004 0 27428 1375 1363 13 2 15 70 0
287 1 2 4332132 138468 736 78240 240 5328 32084 1078 1204 15 4 16 65 0
288 1 4 4331888 136596 736 80156 356 0 0 576 701 5 0 48 47 0
289 1 1 4331412 136348 736 80076 584 0 0 676 792 11 0 33 55 0
290 1 2 4331208 135388 744 80460 324 0 468 642 595 13 0 45 42 0
291 0 10 4331100 130176 752 84644 164 0 8052 632 957 11 0 12 77 0
292 1 3 4334068 130236 852 90636 1212 3932 22152 1812 2014 11 3 24 63 0
293 1 2 4332648 115028 852 104572 1496 0 12448 1242 2103 17 1 56 25 0
294 1 2 4331176 113380 852 104748 1520 0 0 1121 2295 11 0 57 32 0
295 1 1 4329868 111800 1004 104712 1424 0 392 950 1423 12 1 57 30 1
296 1 1 4328740 110188 1004 104680 1500 0 0 785 1027 7 1 62 31 0
297 1 8 4348604 150396 972 92004 348 20120 68668 1466 1360 31 6 35 28 0
298 0 2 4349412 165504 1244 76280 804 1504 9760 1362 1583 1 1 33 66 0
299 0 3 4349100 162988 1244 78196 372 0 0 664 1170 0 0 40 60 0
300 0 1 4348176 155144 1256 85432 588 0 0 543 1015 0 0 59 41 0
301 0 2 4346964 153968 1256 85308 1500 0 0 944 1812 1 1 59 40 0
302 0 2 4345204 151768 1256 85276 2120 0 6648 1257 2340 1 0 59 40 0
303 0 1 4342952 149444 1260 85460 2908 0 0 1334 2140 1 0 52 47 0
304 0 1 4341924 147988 1268 85448 1440 0 44 637 1189 0 0 74 25 0
305 0 2 4341440 147240 1268 85564 592 0 0 531 1130 1 0 69 30 0
306 0 2 4340964 146620 1268 85392 564 0 0 512 1137 0 0 74 25 0
307 0 1 4339560 144916 1268 85556 1900 0 0 782 1447 0 0 74 26 0
308 0 1 4338684 133944 1268 95304 1172 0 0 1063 1514 1 1 60 39 0
309 0 1 4337752 132608 1276 95292 1132 0 24 687 1408 1 0 73 26 0
310 0 1 4336856 131648 1276 95340 1076 0 0 720 1516 0 0 75 25 0
311 0 1 4335912 130284 1276 95260 1312 0 0 592 1152 0 0 74 25 0
312 1 1 4335012 129076 1276 95412 1212 0 0 611 1200 0 0 73 26 0
313 0 1 4334248 127960 1276 95408 1164 0 0 549 1062 0 0 75 25 0
314 0 3 4333976 127524 1284 95296 384 0 16 497 985 1 1 71 28 0
315 0 5 4333840 126348 1284 96416 184 0 0 514 931 1 0 38 60 0
316 0 6 4333784 125040 1284 98116 116 0 0 677 962 1 1 0 99 0
317 0 7 4333712 123088 1284 100072 108 0 0 670 943 1 0 0 99 0
318 0 7 4333496 114124 1284 108584 312 0 0 2414 2058 3 1 2 94 0
319 0 9 4333356 103956 1448 118720 180 0 60 2986 2711 4 1 1 93 0
320 4 2 4334756 125536 3316 106376 696 1004 1004 2147 1712 21 2 1 75 0
321 0 6 4334676 115080 4252 115836 108 0 0 938 1063 8 1 18 73 0
322 1 6 4334508 106216 4968 124072 240 0 0 787 1046 4 1 21 74 0
323 0 7 4336464 126580 5640 108348 160 2500 2588 906 1072 3 1 0 96 0
324 1 6 4336296 115088 6028 119492 284 0 0 778 1031 5 1 0 94 0
325 1 3 4335816 106080 7680 123356 772 0 0 1567 1423 36 1 18 45 0
326 1 3 4335412 117604 8260 108464 888 248 336 1209 1524 15 2 31 51 0
327 1 2 4334772 108196 10084 108256 828 0 0 1445 1695 11 2 58 30 0
328 1 2 4335252 132712 13764 86228 896 1136 1196 1667 1485 20 2 37 41 0
329 1 2 4334676 105892 15488 100052 820 0 0 1774 1708 29 3 30 38 1
330 2 2 4334916 113028 13768 91536 132 336 17328 877 1284 11 1 63 24 1
331 1 2 4337352 132204 10144 73220 244 2688 13808 962 1383 18 3 50 28 0
332 1 2 4335980 130600 10360 73072 1132 0 0 1164 1610 18 1 35 47 0
333 1 6 4332772 122440 10368 77000 4284 0 480 2204 2791 21 1 8 69 1
334 1 2 4326804 115760 10368 77192 6660 0 0 2524 3120 16 1 1 83 0
335 1 1 4325468 106304 10380 84692 1896 0 8432 1624 1439 20 2 40 39 0
336 1 2 4327940 131368 5760 68848 544 2964 16088 1289 1267 17 3 58 21 0
337 0 1 4327608 119892 5892 80676 376 0 8324 865 1167 5 1 58 36 0
338 0 1 4326836 118872 5900 80692 1036 0 532 798 1159 0 1 73 25 0
339 0 1 4325416 116728 5900 80672 1996 0 0 1050 1347 0 1 74 25 0
340 0 1 4323560 114248 5900 80580 1088 0 0 859 1248 1 0 74 25 0
341 0 1 4321816 111924 5900 80580 2376 0 6852 1157 1332 0 0 75 25 0
342 0 1 4334080 141732 3720 56500 2028 14780 14812 1676 1697 0 2 68 31 0
343 0 1 4332780 140280 3720 56256 1504 0 0 1061 1388 0 0 73 27 0
344 0 1 4332296 139316 3720 56108 740 0 0 588 938 0 0 73 27 0
345 0 1 4332224 139256 3720 56140 88 0 0 360 756 0 0 75 25 0
346 0 3 4331932 138760 3720 56540 332 0 0 570 1011 1 0 57 42 0
347 0 4 4331408 129908 3736 64504 736 0 20 902 1262 0 1 21 78 0
348 0 2 4329896 114316 3808 78000 2116 0 0 1622 1953 1 1 41 58 0
349 0 1 4328720 109996 3808 80176 1576 0 0 897 1538 1 0 62 37 0
350 0 1 4327508 108260 3808 80356 1756 0 0 709 1290 1 0 74 25 0
351 0 1 4326448 103104 3808 84248 1444 0 0 890 1394 0 0 72 28 0
352 0 1 4326900 126688 3140 62524 2212 1924 1956 781 1257 1 1 74 25 0
353 0 1 4325992 111088 3140 77084 1156 0 0 1563 1615 1 1 61 37 0
354 0 1 4327088 126108 2552 63192 1764 2372 2372 1087 1355 0 1 71 28 0
355 0 1 4325400 123012 2552 64052 2460 0 0 779 1220 0 0 74 25 0
356 1 1 4324968 121320 2552 64880 504 0 0 562 1139 1 0 72 27 0
357 0 2 4324560 119148 2560 66984 480 0 16 555 909 0 0 69 31 0
358 0 3 4324280 113204 2560 72428 308 0 0 852 1324 0 0 60 40 0
359 0 1 4323576 104060 2560 80648 928 0 0 1053 1214 0 0 65 35 0
360 0 1 4320560 138008 1732 44376 2472 0 0 1087 1321 0 0 74 26 0
361 1 1 4318944 135648 1744 44356 2440 0 20 954 1521 1 0 65 33 0
362 2 2 4318672 128212 1760 52340 372 0 100 1271 1348 4 1 44 51 0
363 1 1 4318160 115472 1764 65352 708 0 17100 956 978 7 1 61 31 0
364 1 3 4319048 128364 1284 54584 900 1504 22108 1057 1193 16 2 53 29 0
365 1 1 4318004 113920 1284 67284 1368 0 10616 1421 1688 15 2 53 30 0
366 1 1 4322120 134276 688 50040 1052 4960 17708 1234 1415 19 2 64 16 0
367 1 1 4321136 115176 688 68004 1356 0 18980 1152 1234 15 2 64 20 0
368 1 1 4322448 129420 420 61972 776 1944 18540 1143 1483 16 2 54 27 0
369 1 1 4321832 122768 420 68504 680 0 4156 1125 1670 7 1 56 37 0
370 1 1 4321612 122272 424 68644 240 0 0 662 935 15 1 56 28 0
371 2 1 4321388 122100 432 68640 252 0 76 569 716 14 1 55 30 0
372 1 2 4321068 121792 432 68652 340 0 0 665 1000 16 1 43 41 0
373 1 1 4320504 120940 572 68488 632 0 0 820 1362 11 0 30 59 0
374 1 1 4319344 115300 572 73080 1340 0 5100 1369 1998 11 0 58 31 0
375 1 1 4324284 132192 488 59844 1324 6128 26552 1426 2247 16 2 54 28 1
376 1 2 4323368 117640 500 73712 1012 0 12596 1023 1592 20 2 46 32 0
377 1 1 4328276 136740 384 62464 224 5112 30064 896 1071 11 2 39 48 0
378 1 1 4327924 115588 472 83888 408 0 19384 825 1157 8 1 45 46 0
379 2 1 4329236 133836 388 70460 1484 2720 17424 1222 2163 18 2 57 23 0
380 1 2 4335040 140680 444 68244 288 6936 23712 1091 1017 10 2 58 30 0
381 4 2 4334812 134116 468 73752 312 0 4152 919 1129 22 0 27 51 0
382 1 4 4334616 131372 608 75340 144 0 0 948 1027 37 1 25 38 0
383 1 2 4334452 129264 748 76888 140 0 0 645 806 7 0 40 52 0
384 1 1 4334284 128988 748 76964 184 0 0 532 655 14 0 57 29 0
385 4 1 4342940 159880 1240 77312 272 8924 56504 1570 1429 36 4 19 41 0
386 0 6 4342724 146440 1252 94232 168 76 13596 1268 1518 4 3 0 93 0
387 0 7 4342840 156076 1288 89248 152 200 24032 802 1102 1 1 0 98 0
388 0 5 4342708 143056 1288 102276 172 0 0 784 1009 0 0 9 91 0
389 1 4 4342240 143840 1300 100908 660 0 24552 2106 2018 24 4 9 62 0
390 1 2 4342084 116796 1316 126840 196 0 21488 1158 1210 15 2 4 78 0
391 1 5 4346276 134936 952 110700 192 4348 30424 971 1148 19 2 15 64 0
392 2 5 4346116 109684 952 136932 236 0 8292 960 986 30 2 1 66 0
393 1 5 4362128 145184 944 107144 212 16204 24552 1340 1168 13 2 2 82 0
394 1 4 4363932 160928 1076 101296 696 2624 28660 7954 1651 34 5 8 53 0
395 4 1 4363424 115232 1084 146716 732 0 9268 2929 1796 27 1 18 54 0
396 1 2 4364288 152512 1056 115060 612 1336 17300 4347 1292 33 1 21 44 0
397 2 1 4364044 138812 1056 129196 388 0 8356 1128 957 13 2 44 41 0
398 1 2 4363684 117672 1056 149808 540 0 20204 1193 965 15 1 33 51 0
399 1 1 4368428 142412 1024 126968 2156 7276 24960 2974 1417 23 2 41 35 0
400 1 1 4368264 152680 1020 118064 1328 2888 35296 3915 1261 14 3 58 25 0
401 1 1 4368012 128516 1020 140928 344 0 13248 732 979 10 1 56 33 0
402 1 1 4367856 121804 1020 128184 228 0 0 17372 668 37 4 38 21 0
403 1 1 4367328 121072 1020 128108 820 0 0 690 821 11 0 41 47 0
404 1 1 4366940 119244 1028 129020 620 0 120 675 662 2 0 63 34 0
405 1 1 4366256 115384 1096 131312 972 0 0 1064 1287 9 1 66 23 1
406 1 1 4368644 159936 404 86468 1668 3684 16872 7257 1381 23 3 67 7 0
407 1 1 4368156 134352 408 112032 656 0 33204 980 1159 16 2 65 16 0
408 1 1 4367984 116592 408 129600 248 0 13056 755 971 18 1 79 2 0
409 1 1 4367804 105984 420 139560 308 0 8464 690 856 9 0 63 28 0
410 0 3 4368872 157024 796 89840 164 1184 9432 1813 1285 19 1 35 45 0
411 1 6 4368768 143248 984 104848 180 0 13796 864 902 21 5 21 53 0
412 0 10 4368600 111536 1072 135824 264 0 27204 897 1040 19 3 2 76 0
413 2 6 4370408 156056 1076 106624 108 1904 45104 1534 1462 29 4 19 48 0
414 0 9 4370340 140352 1088 121436 88 0 31820 872 1114 10 1 3 86 0
415 1 8 4370156 136112 1156 125220 252 0 0 779 1045 8 1 8 83 0
416 0 3 4369404 111108 1328 148824 984 0 36968 1362 1691 10 3 36 51 0
417 0 3 4369448 147984 1328 113076 1108 820 820 1010 1228 3 1 37 59 0
418 0 3 4369016 148296 1320 113572 564 0 0 755 1172 3 0 49 48 0
419 0 3 4368448 143288 1448 118272 828 0 608 772 1097 1 0 27 71 0
420 2 1 4367788 117640 1448 143004 396 0 18500 766 894 14 2 48 37 0
421 1 1 4366704 102420 1448 157052 1412 0 14368 1177 1362 8 1 61 31 0
422 0 1 4370780 150256 1300 114140 1032 5012 17464 3091 2305 3 3 64 30 0
423 0 1 4369708 149296 1308 113988 1100 0 100 1072 2229 0 0 74 25 0
424 1 1 4369220 130852 1312 132092 488 0 21284 868 1559 5 1 64 30 0
425 1 1 4369008 114888 1312 147692 244 0 14872 670 1106 14 1 54 31 0
426 1 1 4368560 102388 1312 159648 460 0 8340 835 1442 9 1 59 32 0
427 0 1 4368632 123668 1296 138276 884 928 32244 1272 2307 17 2 55 26 0
428 0 1 4367512 122736 1304 138320 1192 0 400 1037 2205 1 1 74 25 0
429 0 1 4367324 122520 1304 138392 188 0 0 417 1027 0 1 74 26 0
430 0 3 4366908 121988 1304 138448 512 0 0 540 1313 0 0 70 29 0
431 0 1 4365468 120852 1304 138448 1532 0 0 934 2250 0 0 68 32 0
432 0 1 4364484 119892 1304 138380 1076 0 9640 724 1915 1 0 74 25 0
433 0 2 4364316 119536 1312 138456 172 0 44 428 1033 0 0 64 35 0
434 0 1 4363624 117360 1328 139400 756 0 0 1040 2161 1 0 70 30 0
435 0 2 4362088 116016 1328 139636 1804 0 0 1281 2325 0 1 52 47 0
436 0 1 4360264 114560 1328 139468 1948 0 0 1342 2572 0 0 50 49 0
437 0 3 4359828 114220 1328 139464 460 0 0 647 1492 0 0 63 37 0
438 0 3 4359484 112960 1344 140196 420 0 40 640 1358 0 1 26 74 0
439 0 3 4359180 112216 1344 140600 352 0 0 634 1335 0 0 25 75 0
440 1 2 4357496 106532 1628 143836 1412 0 0 1397 2418 0 1 39 60 0
441 0 2 4356348 105260 1628 144032 1172 0 0 1156 2162 0 0 50 49 0
442 0 1 4355288 104580 1636 143996 1124 0 40 1118 2089 1 0 63 36 0
443 0 1 4354316 103304 1636 144028 992 0 0 949 2000 0 0 75 24 0
444 0 1 4353296 102096 1636 144020 1064 0 0 982 2047 0 0 75 25 0
445 0 1 4354188 173760 1148 86484 1308 2076 2076 1325 2329 0 1 73 26 0
446 0 1 4353288 173088 1148 86604 960 0 0 1196 2203 0 1 73 26 0
447 0 1 4352428 172160 1156 86580 880 0 16 1098 2197 0 0 74 25 0
448 0 1 4351260 170828 1156 86532 1248 0 0 1351 2476 0 0 74 25 0
449 1 1 4342144 157184 1156 90552 10288 0 0 3358 4511 0 1 47 52 0
450 0 1 4340948 155572 1156 90772 1352 0 0 1028 2314 0 0 75 25 0
451 0 1 4339496 154208 1156 90856 1652 0 0 1130 2475 0 0 62 38 0
452 0 2 4338924 153280 1168 90980 652 0 20 623 1457 1 0 66 32 0
453 0 2 4338728 152192 1168 92124 196 0 0 589 1204 3 1 44 52 0
454 0 2 4338508 151420 1168 92180 220 0 0 502 1181 0 0 45 54 0
455 1 1 4338068 150336 1168 92840 488 0 0 663 1472 1 1 49 50 0
456 0 4 4337856 149276 1244 93280 220 0 84 855 1588 7 0 41 52 0
457 3 2 4337536 115304 1252 127100 364 0 100 1771 2085 27 2 21 50 0
458 4 1 4337596 107824 620 137904 488 504 504 5100 2166 34 3 11 52 0
459 1 1 4323896 136856 596 96428 15608 1472 10276 5693 3931 31 2 11 57 0
460 1 1 4322008 105324 596 126456 1156 0 8332 1520 1982 26 1 45 28 0
461 1 1 4327636 151856 536 96368 828 6384 32928 1073 1656 16 1 51 32 0
462 1 1 4326988 136728 592 111296 688 0 12428 1417 1802 40 2 31 27 0
463 0 5 4326584 121844 596 125488 448 0 12480 1034 1461 11 1 40 48 0
464 0 4 4326360 116668 596 130568 228 0 0 614 1183 2 1 25 72 0
465 0 3 4326080 111568 612 135240 300 0 0 678 1368 3 0 25 72 0
466 1 2 4325908 106268 620 140420 172 0 72 611 1168 3 1 25 71 0
467 1 2 4325356 103788 636 142212 588 0 56 1042 1853 4 1 34 62 0
468 0 2 4332572 157280 616 90580 1068 8160 17920 1354 2146 2 2 50 46 0
469 0 2 4331924 154848 616 92484 672 0 0 1259 2341 4 1 53 42 0
470 0 2 4331240 144676 616 96800 728 0 0 1147 2370 7 1 74 18 0
471 4 2 4330452 135008 628 99264 828 0 64 1977 3399 28 2 45 25 0
472 4 3 4329044 133664 884 99192 1504 0 0 2165 2528 85 2 6 8 0
473 1 5 4328056 132456 884 99452 1020 0 0 1615 2843 37 0 19 43 0
474 0 2 4327144 131248 888 99432 1088 0 0 1013 2029 1 0 41 58 0
475 0 2 4326892 131280 888 99428 312 0 0 481 1081 0 1 51 49 0
476 0 2 4326572 130532 896 99468 356 0 24 592 1176 1 1 70 28 0
477 0 2 4326204 130224 896 99504 372 0 0 682 1347 1 1 71 28 0
478 0 2 4325844 129756 896 99492 396 0 0 567 1192 1 1 58 41 0
479 0 2 4325512 129724 896 99504 356 0 0 538 1163 0 0 50 50 0
480 0 5 4323696 128024 1040 99572 944 0 24 1206 2289 0 0 55 44 0
481 0 2 4321980 106816 1040 117500 2052 0 14968 1859 3939 4 4 43 49 0
482 8 3 4322880 139088 668 89748 2308 2828 20876 3197 4960 71 5 11 13 0
483 2 8 4321336 112620 668 113296 1888 0 22632 3082 6452 90 5 1 4 0
484 0 2 4320904 111744 668 113484 452 0 0 700 1368 7 1 49 44 0
485 1 2 4320648 111404 676 113576 272 0 108 457 1046 0 0 71 28 0
486 0 2 4320996 163880 820 63200 1864 1964 23832 2071 3449 7 4 54 35 0
487 0 3 4318972 161668 824 63976 2536 0 0 1948 3147 2 1 38 59 0
488 0 3 4316768 158728 824 64240 2760 0 0 1338 2022 1 1 39 60 0
489 0 1 4316320 157892 824 64152 544 0 0 586 1209 1 1 40 59 0
490 0 1 4316060 156668 832 64396 308 0 80 563 1124 0 1 67 33 0
491 0 1 4315476 155284 844 65248 688 0 0 894 1551 1 1 66 32 0
492 0 2 4314836 154788 844 65088 768 0 0 867 1494 1 0 73 26 0
493 0 1 4314480 154324 844 65220 372 0 0 655 1322 0 0 74 25 0
494 0 1 4313988 153860 844 65152 564 0 0 642 1286 0 0 74 25 0
495 0 2 4313840 153552 852 65196 176 0 16 441 937 0 0 62 37 0
496 0 2 4313740 152788 852 65840 164 0 0 479 966 0 1 47 52 0
497 0 2 4313588 151704 852 66544 192 0 0 510 1057 0 0 49 50 0
498 0 1 4313108 147616 1000 69084 584 0 0 1054 1787 1 0 49 49 0
499 0 1 4312108 146156 1000 69112 1204 0 0 781 1677 0 1 74 25 0
500 0 1 4310660 145228 1008 69248 564 0 0 829 1600 1 0 73 26 0
501 0 1 4309740 143804 1008 69264 1124 0 0 843 1517 0 1 74 25 0
502 0 1 4309492 143520 1008 69280 248 0 0 515 1139 0 0 74 26 0
503 0 1 4309332 143428 1008 69264 176 0 0 431 958 0 0 72 28 0
504 0 1 4308996 142840 1016 69204 400 0 20 521 1069 0 0 74 26 0
505 0 1 4308440 142372 1016 69240 608 0 0 842 1553 1 1 72 27 0
506 0 1 4307872 128144 1016 82664 616 0 0 1327 1697 0 1 64 35 0
507 0 1 4306924 127152 1016 82592 1020 0 0 1073 1898 0 0 75 25 0
508 0 1 4305856 126224 1016 82768 1088 0 0 1109 2116 0 1 75 25 0
509 0 1 4305288 112208 1024 96356 596 0 16 1248 1780 1 1 68 31 0
510 0 1 4305132 111996 1024 96344 160 0 0 440 957 0 0 75 25 0
511 0 1 4304916 111748 1024 96336 228 0 0 490 1058 0 0 74 26 0
512 0 2 4304704 111436 1024 96300 268 0 0 473 979 0 0 74 26 0
513 0 1 4304528 111032 1024 96348 172 0 0 437 961 1 0 67 32 0
514 0 1 4303936 110444 1032 96308 624 0 16 809 1609 0 0 74 25 0
515 0 1 4303088 109548 1032 96260 1000 0 4412 994 1700 0 0 75 24 0
516 0 3 4302396 108584 1032 96544 808 0 0 801 1657 0 0 70 30 0
517 0 2 4302212 104196 1032 100656 180 0 0 795 1153 0 0 48 52 0
518 0 2 4308664 156552 952 52924 176 6628 6628 859 1233 0 1 45 54 0
519 0 3 4308516 152400 960 57036 148 0 36 740 1210 1 0 47 52 0
520 0 1 4309808 161272 956 53984 832 2344 2344 2312 2349 1 2 54 43 0
521 0 1 4308988 160064 956 53728 860 0 0 896 2046 0 1 74 25 0
522 0 1 4308244 159004 956 53624 812 0 0 655 1805 1 0 74 25 0
523 0 1 4307324 158184 964 53656 976 0 100 768 2046 0 0 73 26 0
524 0 1 4306444 157224 964 53652 940 0 0 713 1920 1 0 75 25 0
525 0 1 4305600 156388 988 53628 916 0 0 692 1770 1 1 73 26 0
526 0 2 4304932 155768 988 53676 688 0 0 645 1698 0 0 69 31 0
527 0 4 4304560 155612 988 53684 412 0 0 581 1333 1 0 49 50 0
528 0 3 4304208 154604 1004 54248 360 0 64 725 1520 1 0 32 68 0
529 0 5 4303804 153488 1316 54824 428 0 4 915 1851 0 0 46 53 0
530 0 5 4303348 165776 1584 41944 452 0 0 779 1615 1 1 43 56 0
531 0 4 4302676 164316 2444 42728 544 0 0 1007 1989 0 1 42 57 0
532 0 3 4301172 178444 2696 26716 1700 0 0 1330 2598 0 1 49 50 0
533 0 2 4217912 3553700 2716 28300 2752 0 456 1735 2548 0 3 46 51 0
534 0 1 4216256 3554340 2716 28952 1540 0 0 1003 1483 0 0 75 25 0
535 1 1 4215244 3553928 2716 28932 1180 0 0 961 1586 0 0 75 25 0
536 0 1 4214188 3552984 2716 28908 1160 0 0 932 1533 0 0 75 25 0
537 0 1 4213336 3551900 2716 28900 916 0 0 984 1799 0 0 75 25 0
538 0 1 4212424 3549296 2728 30800 968 0 68 974 1869 0 1 70 30 0
539 0 1 4211408 3548088 2728 30800 1060 0 0 835 1713 0 0 75 25 0
540 0 1 4209312 3545888 2728 30760 1204 0 0 902 1726 0 0 74 25 0
541 0 1 4208308 3544772 2728 30816 1040 0 0 812 1575 1 0 75 25 0
542 0 1 4207204 3543448 2736 30788 1180 0 16 904 1694 1 1 74 25 0
543 0 1 4206156 3542536 2736 30820 1068 0 60 910 1877 0 1 74 25 0
544 0 1 4204816 3541080 2736 30928 1492 0 0 979 1727 0 0 75 25 0
545 0 1 4203760 3540088 2736 30836 1076 0 0 1133 2002 0 1 75 24 0
546 0 1 4202616 3538756 2736 30788 1216 0 0 1227 2097 0 1 75 25 0
547 0 1 4201504 3537144 2796 31196 1168 0 24 1308 2223 0 0 73 26 0
548 0 1 4200356 3535960 2796 31236 1232 0 0 924 1642 0 1 75 24 0
549 0 2 4197896 3534008 2796 31096 2692 0 0 1801 2695 1 0 48 52 0
550 0 2 4196252 3531740 2796 31284 1760 0 0 1288 2156 0 1 56 43 0
551 0 3 4194784 3529400 2796 31656 1588 0 0 1317 2221 1 1 48 51 0
552 0 2 4193132 3526580 2940 32352 2056 0 52 1414 2083 0 1 46 53 0
553 0 2 4191344 3524116 2940 32368 2324 0 584 1260 1718 0 0 50 49 0
554 0 2 4190408 3522876 2940 32544 1044 0 0 817 1478 0 1 73 26 0
555 0 2 4188276 3522284 2940 32592 1676 0 0 1250 2119 1 0 62 38 0
556 0 1 4187260 3521332 2940 32624 1040 0 0 799 1560 0 0 75 25 0
557 0 1 4186220 3520372 2948 32592 1096 0 80 888 1766 0 0 74 25 0
558 0 1 4185268 3519256 2948 32604 1020 0 4 840 1603 1 0 75 25 0
559 0 1 4184284 3518104 2948 32608 1004 0 0 940 1632 0 0 72 28 0
560 0 1 4182456 3516308 2948 32632 980 0 0 829 1712 0 0 75 25 0
561 0 1 4181324 3515100 2956 32604 1220 0 20 929 1770 0 0 75 25 0
562 0 1 4180176 3514048 2956 32644 1152 0 8 951 1873 0 1 75 25 0
563 0 1 4179100 3512808 2956 32592 1188 0 0 882 1684 0 0 75 25 0
564 0 1 4177884 3508376 2956 36264 1276 0 0 1289 2179 1 0 62 37 0
565 0 1 4177076 3507348 2956 36284 812 0 0 847 1674 0 0 75 25 0
566 0 1 4176236 3506448 2964 36304 940 0 16 808 1532 0 0 74 26 0
567 0 1 4175488 3505580 2964 36240 816 0 0 801 1433 0 0 75 25 0
568 0 2 4174748 3499100 4464 39212 816 0 0 1133 1700 0 1 68 31 0
569 1 2 4173964 3491644 5876 41148 796 0 0 1343 2172 1 1 52 46 0
570 0 2 4173224 3480516 6996 43728 756 0 0 1153 2063 2 2 49 47 0
571 0 2 4172428 3483964 7696 47884 808 0 420 1240 2116 1 2 52 45 0
572 1 2 4171568 3473052 8876 53652 916 0 60 1380 2504 2 1 50 47 0
573 0 2 4170584 3453544 8936 59332 1132 0 0 1226 2204 2 1 48 48 0
574 0 2 4169660 3422328 8936 90100 960 0 0 1088 2238 1 1 50 49 0
575 0 2 4168764 3408812 8936 101392 916 0 0 837 1895 4 0 79 16 0
576 1 1 4167880 3387212 8960 104784 1040 0 340 832 1678 9 2 69 20 0
577 0 1 4167112 3386540 8960 104624 848 0 0 491 1332 0 0 74 25 0
578 0 1 4166788 3386448 8960 104752 336 0 0 325 886 0 0 71 28 0
579 0 1 4166624 3386324 8960 104736 184 0 0 243 667 0 0 74 26 0
580 0 1 4166308 3385860 8968 104752 184 0 48 311 767 0 0 71 28 0
581 0 1 4166120 3385452 8968 104756 196 0 4 275 701 0 0 75 25 0
582 0 1 4165928 3385360 8968 104764 228 0 0 254 646 0 0 73 26 0
583 0 1 4165752 3385112 8968 104756 184 0 0 251 585 0 0 71 28 0
584 0 2 4165564 3385144 8968 104768 192 0 0 241 621 0 0 72 28 0
585 0 1 4165372 3384772 8976 104728 224 0 16 296 713 0 0 73 27 0
586 0 1 4165168 3384588 8976 104712 232 0 848 299 640 0 0 74 26 0
587 0 1 4164952 3384620 8976 104760 240 0 0 269 673 0 0 74 25 0
588 0 1 4164796 3384372 8976 104760 160 0 0 273 691 0 0 74 26 0
589 0 1 4164644 3384120 8976 104796 152 0 0 282 692 0 0 70 29 0
590 1 1 4164376 3383748 8984 104844 216 0 84 328 789 0 0 70 30 0
591 1 1 4163512 3382912 8984 104752 904 0 0 783 1768 0 1 74 25 0
592 1 1 4162672 3381952 8984 104740 936 0 0 726 1667 0 1 74 25 0
593 1 1 4161676 3380960 8984 104792 1164 0 0 681 1515 0 0 75 25 0
594 0 1 4160884 3379876 8984 104700 948 0 0 665 1476 0 1 74 25 0
595 1 1 4160032 3378916 8992 104804 1008 0 24 680 1477 0 0 74 26 0
