0 0 2 519976 3266944 8080 305028 42 55 282 25 15 14 1 81 4 0
1 0 0 519968 3266804 8080 305240 0 0 0 210 468 0 0 99 0 0
2 0 0 519956 3266836 8080 305256 0 0 0 192 449 0 0 100 0 0
3 0 0 519936 3266836 8088 305232 32 0 36 201 451 0 0 99 1 0
4 0 0 519932 3266776 8088 305244 0 0 240 199 457 0 0 99 1 0
5 0 0 519920 3266188 8088 305252 8 0 0 280 616 0 0 99 1 0
6 0 0 519896 3266212 8088 305268 32 0 0 196 492 0 0 99 0 0
7 0 0 519884 3266356 8088 305256 16 0 0 160 422 0 0 100 0 0
8 1 0 519876 3250256 8096 305244 12 0 56 415 845 4 2 94 0 0
9 0 0 519856 3260652 8100 305256 32 0 136 418 819 2 1 96 1 0
10 0 0 519832 3260668 8100 305272 16 0 0 180 471 0 0 99 0 0
11 0 0 519816 3260732 8100 305236 56 0 0 180 460 1 0 99 0 0
12 0 0 519728 3260520 8100 305272 96 0 0 228 573 0 0 98 2 0
13 0 1 519516 3260180 8112 305212 288 0 64 264 573 0 0 96 3 0
14 3 0 519256 3162620 8112 305296 296 0 148 1138 1403 32 4 63 1 0
15 1 0 519032 3109388 8112 261976 240 0 0 1018 1244 37 2 60 1 0
16 2 1 518932 2945448 8112 261932 128 0 0 968 1579 25 6 67 2 0
17 1 0 503532 2780152 8112 355600 15504 0 88204 6314 3872 21 11 50 18 0
18 0 1 503508 2607776 8120 438704 32 0 200 1189 1889 15 9 68 8 0
19 1 0 503496 2601784 8120 439492 0 0 0 417 813 4 1 75 21 0
20 2 2 503068 2388848 8120 439864 396 0 0 1433 2488 15 2 60 22 0
21 6 0 502844 2288588 8120 439892 308 0 0 1512 1307 74 4 9 14 0
22 4 0 502732 2172896 8128 441440 92 0 416 1476 1031 97 3 1 0 0
23 6 0 502416 1806948 8128 448808 316 0 0 2291 2438 62 10 16 11 1
24 4 0 502024 1764392 8128 459820 360 0 0 2106 1420 92 4 3 1 0
25 4 0 501612 1745788 8128 474924 408 0 0 2561 1674 90 5 4 1 0
26 0 0 501352 1733052 8128 484300 304 0 0 1737 1494 50 3 46 1 0
27 0 0 501340 1733264 8136 484100 32 0 396 391 780 0 0 98 1 0
28 3 0 501320 1705248 8136 484128 0 0 0 1006 1733 5 1 93 0 1
29 7 0 501300 1571524 8136 491628 0 0 0 3625 2472 85 8 7 0 0
30 7 0 501272 1556268 8136 505360 32 0 0 4291 2610 88 8 4 0 0
31 5 0 501264 1542148 8136 519148 0 0 0 4161 2384 90 7 3 0 0
32 7 0 501240 1475936 8144 519848 32 0 388 2046 1763 89 3 6 2 0
33 7 0 501232 1471768 8144 524004 0 0 0 2697 1832 94 3 3 0 0
34 6 0 501220 1452552 8144 542192 32 0 43936 3754 2456 91 7 2 0 0
35 7 0 501200 1437428 8144 555588 36 0 0 3869 2263 93 5 2 0 0
36 6 0 501192 1419900 8144 570120 0 0 0 3912 2197 93 4 3 0 0
37 4 0 501184 1373756 8152 577844 0 0 460 3401 1796 89 6 5 0 0
38 4 0 501152 1367664 8156 582864 28 0 139844 2801 1741 94 5 1 0 0
39 4 0 501136 1362472 8156 587152 32 0 0 3099 2266 63 3 30 3 0
40 4 0 501108 1313916 8156 636300 16 0 0 3932 2230 92 6 2 0 0
41 7 0 501100 1204108 8164 671088 16 0 472 2365 1119 92 7 1 0 0
42 4 0 501092 1115100 8164 691620 16 0 0 2453 1507 92 6 2 0 0
43 5 0 501072 1087956 8168 716024 24 0 68344 3439 1956 91 7 2 0 0
44 7 0 501060 986536 8168 746304 0 0 0 1979 1327 93 5 2 0 0
45 4 0 501036 891220 8168 771544 24 0 49180 2605 1702 93 5 2 0 0
46 7 0 501016 859144 8176 800368 32 0 476 2347 1660 66 5 28 1 0
47 4 0 501008 787536 8176 800284 0 0 0 3453 1808 92 6 1 0 0
48 4 0 501612 479308 8112 787316 0 612 69520 24938 868 64 23 6 7 0
49 7 0 501584 272516 8112 798612 56 0 49188 3474 1849 80 14 6 0 0
50 4 0 501572 193232 8112 804092 4 0 0 3470 1847 75 5 5 15 0
51 4 0 501592 124676 8124 456260 0 36 62792 5469 1425 73 25 1 2 0
52 0 6 501576 154132 7708 397520 48 8 8 32780 2163 60 12 6 21 0
53 1 5 501568 141520 7708 410056 0 0 0 1034 1311 4 1 16 79 0
54 2 5 501560 131312 7708 419988 24 0 0 1147 1242 6 1 15 79 0
55 0 5 501548 118748 7708 432512 8 0 0 1435 1596 12 1 15 72 0
56 3 3 514460 148652 7648 266780 0 13012 14364 7208 1723 73 9 6 13 0
57 1 0 517500 154904 7636 192528 724 3516 36352 1184 1049 26 5 47 22 1
58 0 1 517452 154316 7636 192444 68 0 0 446 545 22 0 74 3 0
59 4 1 517424 149828 7640 196716 52 0 0 736 749 36 1 60 3 0
60 1 2 517548 128760 7624 220604 64 308 780 2232 2257 34 3 15 47 1
61 0 0 517496 133028 7548 202216 32 0 0 7722 1095 17 4 69 10 0
62 4 0 517480 129616 7548 203440 16 0 0 1003 1165 24 1 73 2 0
63 0 3 519748 128772 7216 205000 16 2292 48112 1783 1331 62 4 13 21 0
64 0 2 519740 123508 7216 211164 12 0 0 708 1036 0 0 50 50 0
65 0 0 519728 119692 7224 215000 16 0 432 695 1074 0 0 54 46 0
66 0 1 519704 116128 7224 218996 40 0 0 988 1058 1 1 75 24 0
67 0 1 519696 113808 7224 221536 0 0 0 472 875 0 1 77 22 0
68 0 1 519668 110516 7232 224596 44 0 60 506 872 0 0 75 25 0
69 0 1 519640 107852 7232 227268 32 0 0 498 890 0 1 79 21 0
70 0 1 519608 106860 7244 228224 68 0 68 448 852 1 0 88 12 0
71 0 0 519592 106956 7244 228248 8 0 0 338 753 0 1 96 4 0
72 0 1 519476 106796 7244 228280 100 0 0 471 1000 1 0 96 3 0
73 0 3 519672 114616 6320 225068 12 204 204 2343 2469 23 3 25 49 0
74 4 0 519944 126496 6076 215280 12 284 284 2991 2251 65 3 9 22 0
75 4 1 524524 132772 5848 210124 72 4636 5060 3134 2140 61 4 8 27 0
76 1 0 524420 151480 5848 158528 76 0 0 7354 986 36 5 55 4 0
77 1 0 524388 150892 5848 158484 68 0 0 456 500 25 0 75 0 0
78 4 1 536344 189116 3328 101084 144 12044 12044 7558 3237 66 8 24 1 0
79 0 0 535404 211384 3328 112604 740 0 0 2433 1898 66 4 21 9 0
80 2 2 535368 140788 3336 182620 20 0 0 3013 2367 31 2 14 53 0
81 4 0 535356 136696 3336 187976 12 0 0 1743 1483 69 1 16 14 0
82 1 0 535344 138344 2744 186876 16 0 70956 13247 1292 62 6 29 3 0
83 1 0 535324 138280 2744 187300 16 0 0 472 547 25 0 74 1 0
84 1 0 535316 138280 2752 187292 16 0 492 483 537 25 0 74 1 0
85 1 9 535272 133456 2752 191904 52 0 0 2273 2413 10 2 4 84 0
86 3 2 535196 116184 2752 210448 84 0 0 1310 1646 18 1 3 77 0
87 0 2 535160 109220 2752 217468 84 0 196 1175 1131 34 1 40 26 0
88 1 2 535168 129444 2424 197348 192 64 200 1246 1509 17 3 51 29 0
89 1 0 535144 132268 2432 190648 36 0 16984 983 1002 35 0 44 20 0
90 1 0 535124 128268 2432 190672 28 0 0 542 565 25 0 72 3 0
91 1 1 535104 126788 2432 191544 24 0 0 591 629 25 1 51 23 0
92 1 1 535088 124508 2432 191648 44 0 0 564 766 25 0 61 13 0
93 2 4 535092 125188 2336 197692 0 12 15880 1678 1569 41 3 12 44 0
94 0 3 535096 115816 2348 208768 12 16 25344 1403 1444 9 3 29 59 0
95 2 3 535112 129288 2252 195596 84 44 44 2062 2164 55 2 10 32 0
96 1 3 535100 121224 2392 203088 64 0 0 1079 1398 11 2 19 68 0
97 1 2 535132 124116 2208 199400 20 44 22380 1395 1435 20 2 34 44 0
98 1 4 535148 123120 2288 199168 64 56 17012 1062 1289 23 3 25 49 0
99 1 4 535080 122796 2096 200584 220 64 23116 1116 1199 24 3 26 48 0
100 1 0 535200 137664 1672 185780 32 48 17304 1106 821 60 2 36 2 0
101 1 2 535188 125744 1672 197304 0 0 20764 1523 1405 18 2 39 42 0
102 1 0 535208 126764 1460 196116 340 92 16536 1978 1534 26 3 48 23 0
103 4 0 535192 104236 1468 219092 4 0 22480 998 986 28 2 69 1 0
104 1 0 535180 140048 1468 163788 12 0 0 3739 645 38 4 58 0 0
105 1 0 535168 139596 1468 163692 32 0 0 456 498 25 0 75 0 0
106 1 0 535148 139096 1468 163700 56 0 0 488 600 25 0 74 1 0
107 1 2 536472 118264 308 25832 24 1344 1348 1386 908 17 6 67 9 0
108 2 0 536552 117208 316 33632 0 88 28764 786 958 22 3 63 12 0
109 1 3 538016 118156 356 34996 0 1484 21848 873 960 22 2 51 24 0
110 1 0 543308 114596 428 43652 12 5308 25488 1137 928 21 3 59 17 0
111 1 0 547948 116696 408 50100 16 4652 29056 861 1112 22 3 61 14 0
112 1 0 551388 117688 288 54824 20 3464 25788 734 886 22 3 73 2 0
113 1 1 553144 127412 232 46092 4 1788 21588 910 854 15 2 68 15 0
114 2 1 553128 105816 344 68124 44 0 19476 654 789 23 2 48 27 0
115 0 2 557476 115984 332 63912 132 4448 16572 764 999 17 2 34 47 0
116 1 2 577560 138784 320 52804 248 20176 20176 1349 1406 16 2 48 34 0
117 1 0 577336 139168 320 53196 400 0 0 593 732 25 0 67 8 0
118 1 1 576632 138128 328 53320 1004 0 68 858 1054 24 1 56 19 0
119 1 1 575896 136640 328 53268 960 0 0 812 986 25 0 51 25 0
120 1 0 575544 126000 392 58932 28 0 0 545 693 25 0 71 4 0
121 3 3 575532 121528 628 66852 12 0 9584 974 933 21 1 69 9 0
122 0 3 579524 124220 640 72720 16 4004 44400 1474 1451 14 4 17 65 0
123 0 3 579508 118292 640 79772 24 0 0 1017 1362 2 1 28 69 0
124 1 0 579492 114444 640 82984 20 0 0 689 822 14 0 55 30 0
125 1 1 579408 114232 640 83384 120 0 0 492 559 25 0 68 7 0
126 1 0 579376 114232 640 83328 24 0 0 461 563 25 0 73 2 0
127 1 1 579348 113844 648 83652 32 0 120 469 591 25 0 74 1 0
128 0 0 592156 141024 656 53240 104 12884 31840 959 1203 24 3 59 14 0
129 0 0 592140 141016 656 53576 28 0 0 264 711 0 0 99 1 0
130 0 0 592132 141016 656 53588 4 0 0 251 667 0 0 99 0 0
131 0 0 592124 141128 660 53796 40 0 0 257 675 0 0 98 2 0
132 0 0 592108 141160 668 53796 20 0 328 245 682 1 0 99 0 0
133 0 0 592092 150540 668 53800 24 0 0 262 706 0 0 99 1 0
134 0 0 592072 150648 668 53680 152 0 0 350 795 1 0 96 3 0
135 0 0 592044 150648 668 53816 28 0 0 262 712 0 0 99 1 0
136 9 0 592024 150648 668 53820 20 0 0 268 676 0 0 100 0 0
137 1 4 592016 150304 676 54476 8 0 24 487 917 11 0 82 7 0
138 0 5 591996 136320 680 69264 20 0 0 593 1023 4 1 26 69 0
139 0 4 591984 122092 680 83896 12 0 0 596 1046 3 1 24 72 0
140 1 4 609608 124744 680 89884 84 17956 17956 718 1051 7 2 41 50 0
141 1 2 608864 101948 692 112240 240 0 23084 859 1115 25 2 26 47 0
142 1 1 609284 119248 692 104316 300 680 22528 3368 1119 23 3 30 43 0
143 1 2 609224 118252 696 107744 236 96 22320 2162 1150 21 3 44 31 0
144 1 2 609308 121116 700 109952 192 248 21100 3818 967 23 2 48 26 0
145 4 4 628280 135464 608 101276 508 19392 43204 1745 1405 27 4 46 23 0
146 1 0 628152 135352 616 101368 200 0 144 586 692 33 1 64 3 0
147 1 0 628136 135012 616 101840 16 0 0 450 541 25 0 75 0 0
148 1 1 628128 134176 616 102116 20 0 0 536 732 11 0 88 1 0
149 2 2 628308 116884 648 117596 16 204 13704 1278 1413 23 2 58 16 1
150 0 0 629016 125460 632 109452 20 716 716 1214 923 7 1 87 6 0
151 0 1 628996 125028 640 110156 24 0 108 742 1122 1 0 95 4 0
152 1 1 628932 122592 780 112104 144 0 0 749 891 20 1 51 28 0
153 1 1 628840 121724 780 112692 112 0 0 603 754 25 0 44 31 0
154 1 3 628796 120540 784 113584 68 0 0 572 702 25 1 46 28 0
155 0 3 628744 106628 780 106908 100 0 0 663 942 19 2 24 55 0
156 0 3 628672 101876 796 111636 260 0 44 690 1207 0 1 36 63 0
157 0 1 629192 123764 1048 91348 92 588 600 526 878 1 1 54 45 0
158 1 0 629172 116368 1152 99412 20 0 10568 754 937 4 2 71 24 0
159 1 0 631808 108932 1156 99908 20 2660 20984 3253 919 25 4 64 6 0
160 1 2 641372 142020 1264 80340 272 0 348 571 606 25 0 61 14 0
161 1 0 640980 141432 1264 80460 336 0 0 524 666 25 1 56 18 0
162 1 0 640932 141400 1264 80396 40 0 0 474 554 25 0 74 1 0
163 1 0 640900 140068 1264 81616 40 0 0 559 653 25 1 73 2 0
164 1 5 640980 119440 1476 108392 40 96 9080 2934 1901 28 3 28 41 0
165 1 0 640924 122900 1484 105020 100 72 536 586 647 25 1 72 3 0
166 1 0 640904 122740 1484 105024 16 0 0 426 499 25 0 75 0 0
167 1 0 640896 121560 1484 105024 24 0 0 472 578 25 1 74 1 0
168 0 7 640888 113684 1484 114204 16 0 11692 658 812 12 1 36 50 0
169 1 11 644984 137664 1140 91244 24 4136 21804 5058 1291 20 4 5 71 0
170 0 9 645416 142840 1092 89444 260 672 12076 5195 1727 20 3 0 77 0
171 1 5 645272 135600 1092 96684 124 0 0 779 1044 3 1 19 77 0
172 3 2 645060 109196 1096 123372 252 0 13064 1016 1103 19 2 12 66 0
173 1 0 644976 108016 1096 124324 108 0 0 605 627 25 0 62 12 0
174 1 1 644876 108048 1096 124324 100 0 0 442 496 25 0 62 13 0
175 1 0 644632 107708 1104 124304 204 0 52 503 566 26 0 55 20 0
176 0 5 644780 136132 844 96220 12 160 160 773 770 21 2 43 34 0
177 1 8 645520 147188 864 87760 44 768 17552 7392 956 21 4 5 70 1
178 1 2 645504 129260 864 105776 40 0 17868 650 868 24 2 37 37 1
179 0 1 645484 123044 920 111708 28 0 0 570 1058 2 1 55 41 1
180 1 1 679012 125580 668 97176 548 34176 34184 8884 1025 23 4 60 13 0
181 1 0 678544 124620 668 97116 968 0 0 924 1054 25 1 62 13 0
182 1 2 678428 124716 684 97144 120 0 7440 495 644 25 0 58 17 0
183 1 0 678240 124468 828 97408 236 0 0 564 636 25 0 63 12 0
184 1 0 678112 120944 840 108668 140 0 68 2320 1238 4 1 86 9 0
185 0 0 677972 112416 840 108656 196 0 0 841 853 1 1 96 2 0
186 1 0 677952 103932 888 116416 24 0 0 697 1016 17 1 81 1 0
187 2 0 686428 104184 828 120892 180 9144 39964 973 1152 24 4 62 10 0
188 1 0 686452 122004 808 108260 72 36 9500 3738 930 19 3 61 17 0
189 1 0 686412 122028 816 108368 52 0 400 572 570 25 0 74 1 0
190 1 0 686388 122028 816 108372 32 0 0 468 556 25 0 72 3 0
191 2 0 686356 119036 816 110604 12 0 0 738 688 26 1 72 2 0
192 1 1 686332 102788 844 127912 40 0 24144 1026 1097 24 3 38 34 0
193 1 1 686512 114480 824 134200 8 200 8456 828 876 24 2 48 26 0
194 1 1 686480 121196 832 140800 0 0 8668 1137 1126 12 1 62 24 1
195 0 2 686456 119696 832 144672 52 0 0 1393 1328 2 1 65 32 0
196 0 3 686452 117128 832 147536 12 0 0 1005 1170 1 1 73 25 0
197 2 1 686444 115828 832 148992 0 0 0 694 953 3 1 58 39 0
198 2 1 702848 126072 832 128748 16 16420 16420 1049 1005 16 4 47 33 0
199 1 0 702832 122768 840 129376 12 0 9516 556 556 25 0 67 8 0
200 3 2 702784 117324 840 129504 24 0 0 517 640 25 1 73 1 0
201 1 4 703600 110500 612 130852 1344 1260 9916 2850 2371 31 4 32 32 0
202 1 5 703344 111612 612 144004 2324 0 8272 1888 1888 39 2 16 43 0
203 1 4 703656 114700 424 140752 1464 440 24476 1282 1647 23 3 12 62 1
204 1 5 704048 114616 404 140516 1516 600 28888 1296 1541 22 3 2 73 0
205 1 5 704088 112788 784 139952 1476 92 92 2504 2099 46 2 12 39 1
206 2 0 703988 105888 840 141532 992 0 0 1051 1266 26 0 28 46 0
207 1 0 703928 103308 840 141856 296 0 0 580 575 25 0 68 6 0
208 1 0 703916 103340 848 141884 16 0 416 517 456 25 0 74 1 0
209 2 2 734684 133184 956 127148 204 31216 64472 15257 1793 31 8 41 21 0
210 1 1 734556 109240 1232 149236 292 0 8248 1290 1490 27 2 39 32 0
211 0 0 734548 115036 1232 143628 140 4 8272 734 927 24 1 70 4 0
212 1 1 743164 123352 1160 120596 36 8636 8636 1256 1491 9 2 85 4 0
213 1 2 742800 117396 1156 128040 436 108 30408 882 1013 23 3 40 34 0
214 4 0 742676 105252 1156 140688 40 0 8720 704 823 36 1 58 5 0
215 0 0 742656 105064 1156 140640 40 0 0 395 836 3 0 95 2 0
216 0 0 742640 104960 1156 140792 24 0 0 376 813 0 1 98 2 0
217 0 0 742624 104896 1156 140848 0 0 0 339 797 0 0 99 0 0
218 0 0 742568 104960 1164 140820 96 0 316 414 829 0 0 96 4 0
219 1 0 742556 104932 1164 140924 16 0 13620 315 732 0 1 99 0 0
220 0 0 742512 104936 1168 140948 40 0 0 335 779 0 0 97 3 0
221 0 0 742492 104688 1168 141156 32 0 0 316 724 0 0 97 2 0
222 2 0 742480 104692 1176 141304 32 0 28 314 734 0 0 99 1 0
223 0 4 742460 134536 1176 160704 32 0 0 1012 1503 5 1 47 48 0
224 0 4 742544 119940 1176 177836 0 92 92 1370 1363 19 1 7 73 0
225 1 1 742572 135020 932 165092 48 52 52 1327 1150 44 2 16 38 0
226 1 0 742544 116828 928 186168 108 20 20 1611 1797 24 3 34 38 0
227 1 0 742548 121472 804 183460 4 12 14840 1248 936 23 2 75 0 0
228 1 0 742548 121412 536 185544 40 20 21452 785 1003 23 3 73 2 0
229 3 5 742540 114876 536 193080 32 0 15852 831 1114 10 1 28 61 0
230 1 1 742536 127580 532 185332 36 36 14464 957 1251 24 2 50 24 0
231 3 1 742468 104360 532 189264 136 0 0 10574 90362 58 11 21 10 0
232 1 1 742108 150164 540 162068 912 264 352 4212 25828 26 4 39 31 0
233 1 0 741784 148996 540 162276 496 0 0 717 890 25 1 62 13 0
234 1 0 741764 152652 596 159756 12 0 0 2585 979 25 3 63 9 0
235 1 0 741744 152132 596 159740 32 0 11556 500 566 25 0 73 1 0
236 1 0 741716 132156 596 181308 28 0 15848 917 1374 26 2 71 1 0
237 2 0 741704 115940 604 196872 24 0 12348 646 871 24 1 73 1 0
238 1 0 741700 116260 604 195564 8 8 13236 539 769 23 2 73 2 0
239 1 0 742032 120208 596 192516 72 360 28620 682 871 23 2 72 3 0
240 2 0 741564 106148 592 206720 368 12 19940 874 939 24 3 60 14 0
241 1 0 741440 116320 576 197052 208 28 11044 677 832 24 1 72 3 0
242 1 0 741380 119148 528 194992 136 20 37544 631 807 23 3 67 7 0
243 1 0 741372 111528 536 205000 8 0 0 741 860 27 2 69 2 0
244 1 1 741284 111464 536 204856 136 0 0 483 553 25 0 60 15 0
245 1 0 741188 111168 536 204964 132 0 0 473 539 25 0 68 7 0
246 4 0 741192 122912 784 192852 8 12 18716 966 776 52 2 45 1 0
247 1 7 746060 134560 772 186616 420 5152 95160 1949 1790 31 8 13 47 1
248 0 7 745900 129496 772 191728 188 0 0 953 1199 2 1 6 91 0
249 0 6 745768 123420 772 197560 156 0 0 923 1226 2 0 0 98 0
250 1 6 745596 119236 772 202456 260 0 0 1033 1158 1 1 0 98 1
251 1 6 745408 111480 780 210120 228 0 480 1116 1173 3 0 10 87 0
252 5 1 745140 106024 780 215876 312 0 5384 1280 1243 12 1 3 85 0
253 3 3 744948 106796 780 216408 284 20 20 4453 2648 20 1 1 77 0
254 2 1 744928 113896 780 210520 36 8 15340 2780 2314 44 2 30 24 0
255 2 1 744920 106108 784 218064 16 0 532 747 1145 11 1 69 19 0
256 0 0 744892 105856 792 218208 16 0 92 450 900 2 0 95 3 0
257 0 1 744884 106048 792 218208 12 0 0 285 702 0 0 100 0 0
258 7 0 745232 123728 776 199912 8 360 360 839 865 3 1 95 1 0
259 1 0 745212 132976 776 193524 32 4 20904 1630 1202 31 4 65 1 0
260 1 0 745240 115964 772 212140 32 60 21676 725 940 24 2 67 8 0
261 1 1 745248 126100 760 203324 48 40 16652 555 841 18 1 73 8 0
262 1 0 745236 105356 760 223864 4 0 15980 722 1028 22 2 57 19 0
263 1 0 745288 106380 788 222040 20 60 22620 772 1124 23 2 61 12 1
264 1 1 745208 102088 788 225992 136 0 0 788 747 45 1 38 16 0
265 1 1 745120 102028 796 226044 164 0 96 519 626 25 1 50 25 0
266 1 2 745248 127840 936 200336 268 180 180 649 699 25 1 31 44 0
267 5 2 744600 116684 1212 210332 1120 0 19292 1604 2079 31 2 22 45 0
268 0 5 744980 127208 1184 199636 1116 1044 103212 3467 2248 68 10 8 14 0
269 0 5 744572 104048 1184 223696 648 0 0 1881 1586 13 1 11 75 0
270 3 5 744624 127348 1188 199400 72 84 580 860 1062 5 3 5 88 0
271 0 4 744556 115428 1192 212624 124 0 4 961 1036 4 0 24 72 0
272 3 2 746948 118608 1168 211284 44 2424 2424 1988 1546 23 2 12 62 0
273 1 0 746728 103276 1140 227844 428 28 5424 2491 1541 49 2 29 20 0
274 2 0 749980 109288 1136 220724 4 3268 19680 2069 1069 25 2 70 3 0
275 1 0 752552 103868 984 215420 0 2580 38104 2724 1010 27 3 66 5 0
276 1 0 752752 102344 828 216560 36 220 20212 1398 915 23 3 72 2 0
277 4 0 752868 108800 828 210844 16 160 10176 1261 1038 26 2 64 8 0
278 4 0 752856 103264 828 216796 8 0 8264 837 974 33 1 66 1 0
279 1 0 752840 103252 828 216788 28 0 0 618 573 41 0 56 3 0
280 1 0 752812 102916 836 216876 0 0 0 425 438 25 0 75 0 0
281 2 1 752836 102360 804 233024 80 56 32932 1707 1340 41 5 49 5 0
282 1 0 756916 111888 772 226192 0 4084 26060 2045 926 17 2 66 15 0
283 2 0 757000 107928 740 215404 8 92 13712 1347 1239 30 3 68 0 0
284 1 0 756980 113944 748 226568 24 0 8692 639 744 27 1 71 2 0
285 1 2 757028 126832 800 214236 68 84 22656 1332 1186 59 2 33 6 0
286 0 0 757028 127652 796 215604 24 12 48652 825 1060 9 4 77 10 0
287 0 0 757004 128056 796 215568 24 0 0 321 733 0 0 98 1 0
288 1 0 756996 128280 796 215572 0 0 0 370 752 1 0 99 0 0
289 1 1 756984 128408 804 215520 56 0 372 640 574 35 0 62 3 0
290 1 1 756952 128280 804 215736 84 0 0 468 559 25 0 49 26 0
291 1 2 756920 127460 808 216432 72 0 5324 528 597 24 0 33 43 0
292 0 1 756888 120292 840 223596 112 4 16636 903 1241 15 0 50 34 1
293 0 0 756864 128672 840 215456 8 0 0 374 741 0 0 94 5 0
294 0 0 756856 128612 848 215524 32 0 328 351 720 0 0 100 0 0
295 1 1 756660 127988 848 215532 688 0 0 616 970 0 0 80 20 0
296 0 0 756536 127276 848 215460 684 0 0 598 989 0 0 89 10 0
297 0 1 756400 126936 848 215408 264 0 5372 365 749 0 0 90 10 0
298 1 2 756256 126752 848 215576 360 0 0 422 816 0 0 63 36 0
299 0 1 756120 126660 1016 215540 232 0 68 427 837 0 0 67 33 0
300 0 0 756032 133544 1016 211644 80 0 0 368 773 0 2 90 8 0
301 0 1 755736 133316 1016 211580 492 0 0 566 1034 0 0 84 16 0
302 0 0 755724 133008 1016 211556 0 0 0 284 688 0 0 100 0 0
303 0 1 755684 132756 1024 211520 64 0 16 301 707 0 0 99 0 0
304 0 0 755664 132384 1024 211548 12 0 0 340 758 0 0 99 1 0
305 0 0 755656 132292 1024 211556 16 0 0 302 716 0 0 99 0 0
306 0 1 755640 132324 1024 211544 48 0 0 297 697 0 0 99 0 0
307 0 0 755620 132356 1024 211576 16 0 0 298 690 0 0 98 2 0
308 0 2 755192 128540 2760 212264 708 0 24 1021 1323 0 1 80 19 0
309 0 2 755028 120740 7900 212356 296 0 0 1009 1569 0 1 73 25 0
310 0 2 754992 113240 9976 212316 208 0 0 865 1906 0 2 67 31 0
311 0 1 814996 121236 15000 188356 388 60212 60212 1560 2154 1 4 70 25 0
312 0 1 814304 121256 15000 188404 796 0 0 563 1314 1 1 74 25 0
313 0 0 813764 120136 15008 188176 740 0 32 680 1188 1 0 84 15 0
314 0 0 813748 120028 15008 188408 16 0 0 345 771 0 0 95 5 0
315 0 4 813740 116712 15020 192500 8 0 0 520 1011 2 0 71 26 0
316 0 5 813712 104964 15020 204024 52 0 0 515 899 3 0 0 97 0
317 0 5 813708 124660 15000 185168 48 44 44 440 852 2 1 0 97 0
318 0 5 813640 111444 15008 198088 88 0 36 548 895 3 1 1 96 0
319 1 5 813516 117760 14304 193092 264 100 100 1226 1554 23 1 6 70 0
320 1 3 813404 102136 11640 211496 252 0 8672 1072 1086 31 1 11 57 0
321 1 5 813336 103716 10468 210608 480 180 21300 1428 1622 31 2 19 48 0
322 1 5 813140 111312 9252 204544 364 16 16656 1046 1178 25 2 23 51 0
323 1 6 813068 118544 8328 197496 340 20 9336 1081 1194 37 2 1 61 0
324 0 10 812988 107700 8344 207632 364 0 8260 1129 1468 19 2 1 78 0
325 0 9 812876 125976 7448 195500 432 8 8 1135 1647 4 1 0 95 0
326 1 6 812628 115492 7728 202600 1872 0 0 2015 2069 37 1 6 56 0
327 2 4 812320 111860 7736 203304 3060 0 432 2047 1959 26 1 19 55 0
328 1 1 812224 111652 7736 203324 388 0 0 679 773 25 0 69 5 0
329 0 5 812220 125124 6224 191444 12 8 13872 1944 1543 21 1 41 36 0
330 3 1 812216 125392 5040 193216 16 12 12 2055 1812 31 3 25 40 0
331 3 1 812188 126176 4544 196484 36 0 0 990 1033 40 2 9 49 0
332 2 1 812180 124440 4116 202104 32 4 17120 973 901 31 2 15 52 0
333 1 0 812172 120452 3740 205808 0 0 24492 1433 1154 42 2 41 15 0
334 1 0 812152 103972 3740 222196 24 0 0 664 830 24 2 75 0 0
335 1 0 812140 121452 3332 205396 24 4 13840 618 788 24 2 74 1 0
336 4 0 812144 135524 2072 162668 4 12 8276 3071 2008 24 4 34 38 0
337 2 1 812116 112008 2084 187444 16 0 14952 1577 1162 33 2 21 45 0
338 5 0 811856 140224 764 111112 328 52 14764 9184 1105 39 4 46 11 0
339 1 0 811844 134496 764 116804 16 0 0 830 568 37 1 62 0 0
340 1 0 811812 134420 764 116872 12 0 0 426 458 25 0 75 0 0
341 1 1 811796 126812 772 125000 32 0 13528 530 683 26 1 72 1 0
342 2 0 811744 109548 844 142444 68 0 14580 1138 1174 25 1 73 1 0
343 1 0 811736 106424 844 160592 16 0 10584 763 885 30 2 69 0 0
344 1 0 811736 117004 780 150800 16 8 16516 681 847 27 1 72 0 0
345 0 3 811716 139664 1048 132012 0 4 4 1514 1466 24 2 44 30 0
346 0 3 811688 124328 1056 147684 44 0 448 731 1042 2 1 25 72 0
347 4 2 811668 105932 1056 166344 16 0 0 1172 1441 11 1 28 60 0
348 4 1 811808 125428 980 130196 32 160 164 1599 1636 27 2 37 34 1
349 1 0 811800 118124 1036 132256 12 0 15364 895 917 41 0 57 1 0
350 1 0 811792 115692 1036 132324 12 0 0 472 496 25 0 75 1 0
351 1 0 811764 115692 1044 132308 36 0 268 505 547 25 0 73 1 0
352 2 0 811712 109836 1044 144448 48 0 0 2102 1597 52 2 44 3 0
353 1 0 811848 127120 1004 127244 0 144 16864 718 1002 23 3 72 2 0
354 1 0 811824 116036 1004 138724 40 0 8248 647 799 24 1 74 1 0
355 0 0 811812 114592 1004 139604 0 0 13880 695 823 23 1 76 0 0
356 0 1 811780 114224 1012 139816 172 0 468 396 787 0 0 95 5 0
357 0 1 811692 113960 1012 139932 208 0 0 432 876 1 0 72 27 0
358 0 2 811556 114088 1012 139848 296 0 0 493 964 0 0 71 29 0
359 0 1 811516 120020 1012 136276 236 0 0 435 893 0 1 60 39 0
360 0 0 811472 119688 1020 136056 12 0 20 283 714 0 0 99 1 0
361 0 0 811460 119448 1020 136280 12 0 0 295 707 0 0 100 0 0
362 1 3 811432 112908 1020 142428 40 0 0 582 1136 1 0 71 27 0
363 3 1 811420 113284 904 145932 16 4 4 1254 1435 10 3 16 71 0
364 4 0 811616 148520 808 110968 76 248 248 15437 1222 22 3 8 66 0
365 0 4 795664 141148 816 111808 7848 0 64 1941 2197 21 1 17 61 0
366 1 0 760256 127632 816 112080 13716 0 0 2800 2844 25 1 42 33 0
367 1 0 760240 131328 816 108164 24 0 0 6287 560 25 4 70 1 0
368 1 0 760220 131696 816 108064 8 0 0 426 516 25 0 75 0 0
369 1 0 760208 131456 816 108044 16 0 0 454 533 25 0 75 0 0
370 1 1 760596 129904 808 110380 380 728 780 12930 1925 29 3 30 38 0
371 1 1 760408 111560 944 128264 308 0 19424 757 1020 23 2 49 26 0
372 1 0 760908 119844 904 121868 48 520 23644 797 855 24 1 68 7 0
373 1 0 760896 110176 904 132200 12 0 0 541 695 24 1 68 7 0
374 1 1 760764 108068 904 134140 416 0 0 860 1115 25 1 44 31 0
375 1 0 760720 107848 916 134176 120 0 116 519 606 25 0 71 4 0
376 1 0 760556 106688 916 135048 172 0 0 614 707 25 0 74 1 0
377 1 3 760548 113996 920 127544 104 52 23824 933 1237 23 2 55 20 0
378 2 0 760692 131152 920 110928 64 196 16700 784 1093 24 1 51 24 0
379 1 0 760688 105456 1004 136544 4 0 30020 613 844 23 2 75 0 0
380 1 1 760708 110276 752 132848 144 0 8320 689 874 24 1 57 18 0
381 1 1 760784 115436 676 127704 44 84 28900 794 1032 23 3 50 24 0
382 1 2 760844 129400 500 113612 144 128 16616 814 1164 24 2 40 35 0
383 1 3 760752 111828 780 130980 132 0 16496 708 928 23 1 26 50 0
384 1 0 761256 125824 764 117336 156 528 14272 889 1205 24 2 60 14 0
385 1 1 761228 112036 768 130924 60 0 16592 596 841 24 1 69 6 0
386 1 0 761168 107124 784 135720 76 0 13668 644 948 14 4 58 24 0
387 1 0 761148 107028 784 136000 24 0 0 456 554 15 0 75 10 0
388 1 1 761140 107060 784 136000 12 0 0 448 541 25 1 71 3 0
389 3 3 761108 106220 1128 136744 44 0 84 1039 1075 38 1 44 17 0
390 0 4 763132 130020 1160 115140 36 2052 106644 2187 1912 48 10 15 27 0
391 0 4 763112 113824 1160 134016 16 0 0 713 1156 3 0 19 78 0
392 0 4 763112 125816 1132 124000 12 12 12 644 999 6 2 25 67 0
393 0 4 763096 110584 1132 138768 16 0 0 566 936 4 1 0 95 0
394 0 4 763736 105716 824 143616 20 660 1176 910 1159 7 1 12 79 0
395 4 0 764324 112868 716 140012 12 600 6008 1390 1164 45 3 13 39 0
396 1 2 768768 134876 688 121340 84 4708 13440 20267 1606 29 5 30 36 0
397 1 1 768636 110128 688 145696 64 0 11824 754 973 25 2 63 11 0
398 2 1 768260 116880 692 140908 336 0 24148 1789 1023 22 3 49 26 0
399 1 0 768148 122864 688 135628 164 44 23540 4306 1028 24 2 61 14 0
400 1 0 769528 119252 700 139924 116 1488 14116 4316 1055 50 2 45 3 0
401 0 0 769500 108988 700 149812 64 0 10548 798 1188 15 1 81 3 0
402 0 0 769476 108896 700 149908 28 0 0 337 774 0 0 97 3 0
403 2 0 769464 102944 708 155840 12 0 104 854 1184 12 1 87 0 0
404 1 1 771540 129056 712 131100 36 2108 17068 1656 713 42 1 50 6 0
405 3 0 771488 127832 712 132800 36 0 0 587 713 25 0 66 9 0
406 1 0 771476 127208 768 133052 8 0 0 561 766 25 1 72 3 0
407 1 0 771480 116168 756 144364 12 16 27620 735 892 26 4 68 1 0
408 1 0 773928 133884 752 127556 32 2476 28528 1089 955 23 2 72 4 0
409 1 0 773876 115368 752 145884 24 0 12556 626 849 23 2 72 3 0
410 4 1 773860 101836 752 160272 8 0 14564 659 885 26 3 65 6 0
411 1 7 774008 101908 740 161840 28 156 26964 1357 1042 34 7 22 37 0
412 0 12 780956 156228 700 111436 32 6972 6972 3342 2124 11 2 0 87 0
413 0 14 780912 142352 724 126832 136 88 36728 1260 1426 6 2 0 92 0
414 0 9 780620 140848 736 128272 420 0 15132 1051 1453 3 3 0 94 0
415 0 8 780480 138140 904 131468 276 0 8204 796 1201 2 1 0 98 0
416 0 6 780400 120132 904 149632 176 0 0 883 1267 5 2 8 85 0
417 1 5 783072 148324 904 125764 348 2792 2792 1652 1506 30 2 16 51 0
418 1 6 782856 102352 916 171168 432 0 456 1363 1476 12 1 4 83 0
419 1 4 790804 123020 736 153604 552 8280 8280 2928 1781 8 3 1 88 0
420 0 5 789172 116108 740 159512 1428 0 0 529 710 0 0 0 100 0
421 2 1 785520 111180 740 159508 4684 0 0 1849 1931 11 0 3 86 0
422 1 1 784196 108576 888 159764 2124 0 56 1521 1516 25 0 48 26 0
423 1 0 783480 107052 888 159900 1152 0 0 967 948 25 0 64 11 0
424 7 0 783472 107116 888 159860 16 0 0 475 536 25 0 75 0 0
425 1 3 785816 135020 840 133204 540 2708 18660 26398 1286 30 6 14 50 1
426 1 1 784952 115460 840 151868 1024 0 12568 882 974 24 2 52 22 0
427 1 0 785060 130892 788 138484 1192 1148 26848 2095 1072 24 3 60 14 0
428 1 0 785040 107736 792 161664 60 0 15072 588 760 23 2 72 3 0
429 1 0 785412 132388 736 138588 48 400 19012 7883 945 24 2 72 2 0
430 1 1 785360 110932 744 159656 144 0 23580 673 873 22 2 61 15 0
431 1 1 785552 139948 704 131560 448 364 8644 5000 1106 23 3 64 10 0
432 2 0 784924 126556 712 144644 1072 0 18452 1075 1378 23 2 53 22 0
433 1 1 784904 113476 720 157620 32 0 13748 630 730 31 1 61 7 0
434 2 2 784892 118632 544 152304 388 288 16920 879 977 23 2 44 31 0
435 6 1 784156 121228 552 148940 980 80 13012 1247 1960 23 3 44 30 0
436 1 1 783652 103324 552 166488 584 0 20244 864 1116 23 2 50 24 0
437 1 0 783792 109416 412 162232 56 192 24136 892 834 22 2 72 4 0
438 1 1 783912 116520 412 155112 132 188 188 658 814 24 2 60 14 0
439 1 1 783896 102076 552 169456 92 0 26348 689 895 24 1 50 25 0
440 1 2 783832 105080 676 168440 528 0 8272 930 1193 24 1 29 46 0
441 0 4 783920 136340 700 138256 56 128 8520 691 914 24 1 73 2 0
442 0 5 783304 104156 700 168108 3008 0 0 2014 2403 0 1 6 93 0
443 1 1 782916 108012 656 158592 5832 80 80 3633 3249 23 1 18 57 0
444 1 0 782792 107360 656 158700 432 0 0 688 819 25 1 72 3 0
445 1 0 782772 107236 656 158776 36 0 0 436 489 24 0 73 3 0
446 1 0 782744 107268 664 158868 20 0 13664 437 486 25 0 74 1 0
447 1 0 781536 127060 1236 137464 1328 56 56 2706 1784 62 3 32 4 0
448 1 0 781528 125972 1236 138336 24 0 0 431 500 25 0 75 0 0
449 1 0 781508 125972 1236 138332 20 0 0 431 493 25 0 74 0 0
450 0 2 784200 113220 1260 153768 8 2700 101564 3168 1296 38 9 44 9 0
451 0 0 784184 135408 1268 129916 24 0 488 401 725 0 1 98 2 0
452 0 0 784152 135408 1268 129820 48 0 0 324 704 0 0 99 1 0
453 0 1 784132 135472 1272 130264 52 0 0 466 1028 1 1 83 16 0
454 0 1 784124 135192 1272 130676 60 0 0 407 787 0 0 75 25 0
455 0 2 784004 134824 1272 130756 268 0 0 421 875 0 0 52 48 0
456 1 4 783756 110360 1280 157588 436 0 5368 1351 1746 24 4 19 53 0
457 0 5 783856 121008 1280 146652 192 252 252 1322 1633 8 2 7 82 0
458 0 5 783640 103044 1280 166872 404 68 68 1949 1990 34 2 13 51 0
459 1 1 783132 105172 1280 163284 864 40 40 1613 1618 42 1 24 32 0
460 1 0 783064 104924 1288 163400 12 0 68 435 475 25 0 75 0 0
461 0 2 783036 104192 1288 163796 92 0 0 724 922 26 0 65 8 0
462 2 1 783000 125036 1220 141536 288 24 24 1188 2063 3 1 66 30 1
463 4 4 781952 123136 1228 142412 1340 0 0 1952 1588 88 1 8 3 0
464 4 1 781740 122860 1236 142508 392 0 0 1482 1155 92 1 2 6 0
465 0 2 781312 121356 1504 142648 568 0 48 792 1212 15 1 32 52 0
466 0 1 781084 121232 1504 142812 316 0 0 476 923 1 0 59 40 0
467 0 4 780944 120736 1504 142936 232 0 0 488 1006 2 1 58 39 0
468 0 1 780548 119524 1504 142856 852 0 0 708 1583 0 0 61 39 0
469 0 1 779768 115896 1776 143208 1040 0 0 1141 2048 3 0 63 34 0
470 0 1 779320 115568 1784 143284 524 0 44 535 944 0 0 74 25 0
471 0 1 778784 115072 1784 143292 624 0 0 595 1015 1 1 74 25 0
472 0 6 778020 113616 1784 143664 944 0 0 723 1365 1 0 72 27 0
473 0 1 776960 110704 1784 145360 1244 0 0 983 1778 0 1 71 28 0
474 1 2 776404 109820 1784 145296 580 0 0 572 1076 1 1 74 24 0
475 0 1 775892 108096 1792 146052 668 0 24 622 1091 4 2 74 20 0
476 2 1 775716 107796 1792 146172 208 0 0 412 809 0 0 71 29 0
477 0 2 775492 103360 1792 150368 284 0 0 728 845 0 0 48 51 0
478 0 2 775256 118596 1624 133520 388 12 12 706 952 0 1 49 49 0
479 0 2 775136 114648 1624 137732 140 0 0 744 835 0 1 50 49 0
480 0 2 774296 113484 1628 137540 548 8 8 1144 1144 1 1 51 48 0
481 0 1 773640 113984 1484 138052 724 0 0 1427 1580 1 1 48 50 0
482 0 1 772864 113016 1484 138660 884 0 0 668 1175 1 1 74 25 0
483 0 1 772084 119956 1484 130300 880 0 16404 796 1936 2 2 70 27 0
484 0 1 771788 119728 1492 130304 316 0 100 396 821 1 0 72 27 0
485 0 1 771556 119428 1492 130568 280 0 0 387 767 0 0 75 25 0
486 0 1 771252 119180 1492 130552 388 0 0 419 780 0 0 73 26 0
487 0 1 770564 118408 1492 130732 756 0 0 718 1201 2 1 72 26 0
488 0 4 770092 118128 1492 130924 644 0 0 622 1140 0 1 67 32 0
489 4 4 769336 105764 1508 142044 1028 0 14404 2426 3721 76 2 6 16 0
490 1 2 769148 119504 1504 126360 376 0 0 1344 1619 61 2 22 15 0
491 1 1 768628 118232 1504 128160 524 0 0 763 1065 25 1 45 29 0
492 1 1 767976 117320 1504 128304 700 0 0 743 754 25 0 49 25 0
493 6 4 766756 115684 1500 129016 1924 8 27500 2600 4080 57 5 25 13 0
494 0 3 763420 106880 1592 133776 4600 0 13972 3338 6331 54 5 8 32 0
495 0 6 762648 126656 1680 111756 1176 0 0 1348 2076 9 1 19 70 1
496 0 7 762204 105228 1952 132308 552 0 0 1036 1497 6 3 17 74 0
497 0 6 761972 111164 1944 126620 236 0 0 1030 1161 5 2 8 85 0
498 0 4 761892 109852 1936 129884 176 4 4 1341 1497 9 2 21 67 0
499 0 4 759596 117100 1900 119876 2380 0 64 1521 1282 29 2 12 57 0
500 0 4 745504 103156 1900 120156 8944 0 0 2281 1784 0 1 25 74 0
501 5 1 743164 125064 1512 96304 2348 0 24 2260 1904 45 2 22 30 0
502 6 1 741860 110580 1520 106964 1552 0 11992 2181 2312 96 2 1 1 0
503 4 3 778008 125464 1508 93316 1112 37104 71240 24385 5837 90 8 2 1 0
504 0 1 777172 102144 1508 114652 1192 0 20856 2776 4956 84 3 11 2 0
505 0 1 776536 134828 1480 81484 736 16 16 676 1051 0 1 74 25 0
506 4 3 773588 116664 1484 100416 3564 16 23008 2836 4002 25 4 16 55 0
507 2 1 772880 110800 1484 107200 2876 1792 11948 7104 2835 35 4 29 32 0
508 1 0 772420 111160 1496 122324 524 0 16620 801 911 24 2 69 5 0
509 1 0 773328 119440 1508 116860 20 924 28336 5630 1969 21 2 75 1 0
510 1 0 773936 124972 1248 102628 16 632 9520 2183 1835 56 2 42 0 0
511 1 0 773932 110692 1248 116760 8 0 8244 890 1042 24 1 74 1 0
512 4 1 773768 105656 1256 121464 236 0 8272 1439 1525 56 1 43 0 0
513 0 1 773540 105260 1264 121508 236 0 128 1183 1103 65 0 22 12 0
514 1 1 775988 134500 1252 100040 756 3116 10716 1739 1546 6 1 67 25 0
515 4 2 774892 108308 1252 126684 1276 0 24284 1857 2603 64 3 25 9 0
516 3 1 774376 116548 1172 118660 1860 656 26780 3458 6744 90 5 3 2 0
517 0 4 774088 129116 1256 109524 1032 540 28568 2118 3495 34 4 25 37 0
518 0 5 773944 110836 1264 127848 144 0 152 733 1114 4 1 25 70 0
519 1 5 773812 116272 484 123980 192 84 84 814 1105 3 1 18 78 1
520 2 0 774160 123140 532 103500 24 0 0 5522 3839 11 4 55 29 0
521 4 1 772224 127028 540 79700 2108 0 0 2374 2448 73 3 15 9 0
522 8 0 771212 107892 680 97640 1212 0 19020 2329 4214 95 2 2 1 0
523 1 0 770724 102440 680 102560 468 0 10300 1118 1903 44 1 47 7 0
524 1 0 770712 102252 680 102588 16 0 0 469 549 25 0 74 1 0
525 1 1 770512 131052 844 83848 728 176 176 819 903 25 0 72 3 0
526 3 0 769652 106952 844 108428 1232 0 20732 2193 5921 64 4 27 4 1
527 0 0 769364 111804 844 104200 1064 612 31236 2826 7527 69 5 20 6 0
528 0 3 769212 111368 844 104624 288 0 0 523 1102 0 0 72 27 0
529 0 2 769136 110764 848 105024 240 0 0 471 930 0 0 65 35 0
530 0 4 769100 135236 1492 81000 228 0 0 847 1345 1 1 60 38 0
531 0 5 768692 133012 1636 83216 584 0 0 748 1262 1 0 16 84 0
532 0 3 768232 128192 2400 86580 864 0 472 914 1291 0 0 26 73 0
533 0 3 650092 3651520 2404 88924 1976 0 8 1175 1920 0 5 34 61 0
534 0 0 648272 3652016 2404 89780 1824 0 0 895 1137 0 0 69 31 0
535 0 0 648264 3652032 2404 89776 40 0 0 172 445 0 0 99 0 0
536 0 0 648244 3652160 2404 89620 16 0 0 176 450 0 0 99 1 0
537 0 0 648204 3652160 2416 89616 32 0 88 202 520 0 0 99 1 0
538 0 0 648196 3652240 2416 89624 4 0 0 160 426 0 0 99 0 0
539 0 0 648188 3652240 2416 89620 12 0 0 163 433 0 0 99 0 0
540 0 0 648156 3652156 2416 89616 20 0 0 163 430 0 1 99 0 0
541 0 0 648144 3652028 2424 89624 16 0 16 176 432 0 0 99 0 0
542 0 0 648124 3652028 2424 89636 16 0 0 196 487 0 0 99 0 0
543 0 0 648116 3652028 2424 89636 16 0 0 171 438 0 0 99 1 0
544 0 0 648108 3651904 2424 89652 16 0 0 171 433 0 0 99 0 0
545 0 0 648084 3651968 2424 89648 16 0 0 182 467 0 0 99 0 0
546 0 0 648076 3651968 2432 89648 0 0 16 173 445 0 0 100 0 0
547 0 0 648064 3651876 2432 89652 24 0 0 182 448 0 0 99 1 0
548 0 0 648044 3652088 2432 89648 32 0 0 294 677 0 0 99 1 0
549 0 0 648040 3652188 2432 89668 0 0 0 146 399 0 0 100 0 0
550 0 0 648024 3652028 2432 89660 32 0 0 169 447 0 0 99 1 0
551 0 0 648000 3652028 2440 89672 12 0 16 169 453 0 0 99 1 0
552 0 0 647912 3649572 2440 91624 344 0 0 505 953 0 1 82 17 0
553 0 2 647428 3648700 2440 91644 1088 0 0 627 1108 0 0 70 29 0
554 0 1 646024 3646716 2440 91752 2180 0 0 1090 1363 1 0 75 24 0
555 0 2 645584 3645972 2440 91792 972 0 0 639 975 0 1 66 33 0
556 1 1 643756 3644752 2448 91964 1792 0 4388 901 1299 0 1 66 33 0
557 0 0 642408 3643180 2448 91996 1696 0 0 717 823 0 1 85 14 0
558 0 0 642384 3643052 2448 91916 16 0 0 145 425 0 0 99 0 0
559 1 1 641600 3642060 2448 92020 1120 0 0 687 1109 0 1 72 28 0
560 0 1 640468 3629724 2456 95820 2936 0 688 1387 1683 1 0 77 22 0
561 0 0 640460 3629476 2456 96052 16 0 0 153 426 0 0 99 0 0
562 0 0 640408 3629476 2456 96060 32 0 0 178 487 0 0 99 1 0
563 0 0 640396 3629572 2456 96056 0 0 0 171 459 0 0 100 0 0
564 0 0 640388 3629412 2456 96056 16 0 0 145 413 0 0 100 0 0
565 0 0 640368 3629412 2464 96012 48 0 52 158 441 0 0 99 0 0
566 0 0 640356 3629320 2464 96060 24 0 0 144 419 0 0 99 1 0
567 0 0 640316 3629320 2464 96008 152 0 0 193 504 0 0 94 6 0
568 0 0 640276 3629196 2464 96040 64 0 0 163 432 0 0 99 0 0
569 0 0 640268 3629228 2464 96036 0 0 0 130 405 0 0 100 0 0
570 0 0 640256 3629260 2472 96056 28 0 216 176 455 0 0 98 2 0
571 0 0 640236 3629168 2472 96056 40 0 0 161 447 1 0 99 1 0
572 0 0 640224 3629168 2472 96084 0 0 0 139 413 0 0 100 0 0
573 0 0 640180 3629076 2472 96060 116 0 0 182 473 0 0 97 3 0
574 0 0 640148 3628824 2472 96104 16 0 0 143 439 0 0 99 1 0
575 0 0 640132 3628700 2480 96072 52 0 208 167 429 0 0 98 2 0
576 0 0 640124 3628700 2480 96100 0 0 0 146 408 0 0 100 0 0
577 0 1 640060 3628128 2624 96792 108 0 0 343 724 0 0 95 5 0
578 0 1 640020 3621056 4436 99248 56 0 0 987 1398 1 1 76 22 0
579 0 1 640012 3618240 4572 100440 0 0 0 295 706 0 1 75 24 0
580 0 2 639984 3614176 5648 101116 36 0 0 306 680 1 0 75 24 0
581 0 1 639964 3610668 6076 101648 16 0 0 328 783 0 1 74 25 0
582 1 0 639944 3608808 6076 102252 12 0 0 266 693 1 0 75 24 0
583 0 1 639932 3606732 6084 102940 20 0 0 272 762 1 0 75 25 0
584 0 5 639912 3604748 6364 103372 40 0 488 308 751 1 1 74 25 0
585 11 1 639876 3603944 6520 103680 16 0 0 294 727 0 0 75 24 0
586 1 1 639864 3601140 6652 105056 12 0 0 286 706 0 1 74 25 0
587 0 1 639852 3611332 6916 105516 16 0 0 288 703 2 1 75 23 0
588 0 2 639828 3609008 6924 107496 44 0 0 217 522 1 0 71 28 0
589 0 1 639820 3607280 7356 108068 12 0 168 325 669 1 1 72 26 0
590 0 1 639784 3606048 7752 109312 52 0 216 339 677 1 0 73 26 0
591 0 1 639768 3599508 8192 112392 16 0 0 475 839 1 1 74 24 0
592 0 1 639732 3589440 8812 117208 44 0 0 1064 1769 3 2 71 25 0
593 0 1 639704 3564140 8816 135020 48 0 0 496 775 0 1 75 25 0
594 1 0 639668 3540364 8824 158936 60 0 288 920 1091 8 1 74 18 0
595 1 0 639656 3529764 8824 164204 8 0 352 337 569 4 1 74 22 0
596 0 0 639628 3516816 8840 164324 16 0 0 442 824 10 3 85 3 0
