0 0 2 608460 3311384 14904 281268 18 28 258 2 21 8 2 87 3 0
1 0 0 608456 3311580 14904 281360 4 0 0 159 409 0 0 99 1 0
2 0 0 608448 3311616 14904 281528 8 0 0 150 417 0 0 99 0 0
3 0 0 608420 3311520 14912 281532 16 0 40 155 455 0 0 99 1 0
4 0 0 608408 3311304 14912 281472 108 0 0 155 431 0 0 98 2 0
5 0 0 608396 3310884 14912 281524 16 0 0 241 584 0 0 99 1 0
6 0 1 607160 3309648 14912 281484 1500 0 0 557 691 0 0 84 16 0
7 0 0 606636 3308936 14912 281600 788 0 0 451 741 0 0 80 19 0
8 1 0 606624 3293412 14920 281520 24 0 196 354 797 3 2 94 1 0
9 0 0 606376 3333888 14920 252176 288 0 0 471 946 2 2 94 2 0
10 0 0 606368 3334056 14920 252136 0 0 0 130 416 0 0 100 0 0
11 0 1 606352 3333928 14920 252188 176 0 0 187 470 0 0 95 5 0
12 0 0 606332 3333680 14920 252132 148 0 0 206 513 0 0 97 3 0
13 3 0 605868 3333528 14940 252140 212 0 200 250 586 1 0 95 4 0
14 1 0 605824 3241292 14940 252092 44 0 0 977 1380 28 5 66 0 0
15 1 0 605796 3145520 14940 252188 16 0 0 862 1051 38 3 59 0 0
16 2 0 605560 2976132 14940 252052 360 0 0 984 1482 25 6 67 2 0
17 0 2 593212 2835640 14940 340420 8932 0 61880 8199 3299 18 13 42 26 0
18 1 0 593144 2678928 14948 428752 60 0 26472 1372 1995 11 10 60 19 0
19 0 1 593132 2678524 14948 429372 16 0 0 492 868 3 1 75 22 0
20 0 4 593060 2499676 14948 429944 112 0 0 1789 3003 18 3 64 15 0
21 7 0 592344 2455644 14948 430020 592 0 0 1128 1484 31 3 25 40 0
22 4 0 592332 2212852 14956 433204 32 0 424 1509 1035 93 6 1 0 0
23 6 0 592016 1930400 14956 439400 304 0 0 2357 2161 55 9 21 15 0
24 4 1 591720 1905240 14956 452416 336 0 0 2163 1538 90 5 5 0 0
25 0 0 591396 1888780 14956 465808 352 0 0 2352 1547 76 5 19 1 0
26 1 0 591368 1889316 14956 465512 16 0 0 362 821 1 0 99 0 0
27 0 0 591356 1889188 14964 465504 0 0 420 382 781 0 0 99 0 0
28 2 0 591344 1873256 14964 465508 0 0 0 695 1393 3 1 96 0 0
29 6 0 591112 1666036 14964 472408 124 0 0 3683 3021 75 12 13 0 0
30 4 0 591104 1627632 14964 487284 0 0 0 4569 2713 84 8 8 0 0
31 5 0 591096 1601204 14964 493984 0 0 0 3466 2318 90 4 4 2 0
32 7 0 591028 1531076 14972 498040 316 0 460 3006 2033 90 5 5 1 0
33 5 0 591012 1519568 14972 507084 112 0 0 3072 1997 94 5 2 0 0
34 5 0 591004 1497904 14972 527680 28 0 0 4288 2558 90 7 3 0 0
35 5 0 590984 1485992 14972 539516 0 0 46944 4264 2393 91 7 2 0 0
36 5 0 590972 1467308 14972 543860 32 0 0 3062 1932 94 4 2 0 0
37 1 0 590960 1462428 14980 547984 0 0 496 1306 1242 12 2 86 1 0
38 2 0 590940 1462396 14980 547992 0 0 0 508 909 1 1 99 0 0
39 8 0 590920 1462040 14980 547980 28 0 0 2407 1904 42 2 49 6 0
40 4 0 590888 1418176 14984 590776 16 0 0 3857 2446 90 7 3 0 0
41 4 0 590880 1319336 14992 618740 0 0 480 1443 980 95 4 1 1 0
42 6 0 590860 1121036 14992 636920 64 0 0 3554 2083 87 11 3 0 0
43 6 0 590840 1081448 14992 674340 16 0 0 2664 1515 94 5 0 0 0
44 4 1 590832 1056108 14992 701180 0 0 64664 2276 1447 93 3 4 0 0
45 0 0 590820 1035844 14992 718812 20 0 0 1467 1071 27 3 71 0 0
46 2 0 590800 1035796 15000 718576 0 0 472 729 1171 2 1 95 2 0
47 4 0 590788 883376 15000 718568 32 0 0 9747 2115 84 14 2 0 0
48 6 0 590772 627304 15000 718880 48 0 0 1989 945 86 13 1 0 0
49 6 0 590752 346080 15000 737020 12 0 77996 3963 2045 74 17 4 5 0
50 4 0 590744 234928 15000 738328 0 0 0 3592 2070 90 6 4 1 0
51 6 0 590772 139064 15008 497072 16 44 95020 4399 1689 74 23 3 0 0
52 0 6 590752 149496 14716 418824 0 0 0 39650 2073 36 14 9 41 0
53 1 6 590740 151104 14040 398016 0 0 0 1664 1571 8 2 0 90 0
54 0 6 590732 152368 13992 384584 32 0 0 1618 1630 8 3 4 86 0
55 5 2 590720 143320 13992 393824 16 0 0 1293 1493 23 1 0 76 0
56 4 0 593568 138496 13828 238488 0 2868 2924 9269 1335 74 16 10 0 0
57 1 1 601644 122300 3760 66028 400 8276 41928 11065 1404 30 15 31 24 0
58 1 1 601504 121268 3764 65648 420 0 0 553 581 15 0 56 28 0
59 0 2 601120 120400 3764 65660 408 0 0 526 537 16 0 56 28 0
60 1 1 602464 125764 1704 71424 1064 916 17292 2414 2320 9 3 26 63 0
61 0 1 602200 113312 1704 67996 620 0 0 910 1180 1 3 75 22 0
62 2 3 602184 106828 1704 73316 16 0 0 1136 1420 18 1 66 15 0
63 0 4 607576 127328 1540 56028 40 5412 5412 1098 1530 5 2 39 54 0
64 4 0 607564 118240 1540 65408 16 0 0 1023 1217 21 1 31 47 0
65 1 0 607564 121872 1368 63968 0 8 20676 817 989 20 1 77 1 0
66 0 4 607652 120932 1208 68036 296 232 16944 925 1120 11 1 48 40 0
67 0 2 607388 109108 1212 79624 356 0 0 1089 1156 1 0 64 35 0
68 0 1 607224 108988 1212 79848 372 0 0 438 824 0 0 72 27 0
69 0 2 607052 108612 1212 79968 528 0 0 464 872 0 0 61 39 0
70 0 1 606896 108116 1384 79896 396 0 308 519 908 0 0 62 38 0
71 0 1 606824 107652 1384 79764 456 0 4192 453 870 1 0 74 25 0
72 0 1 606744 107404 1384 80052 144 0 0 426 983 0 0 89 11 0
73 2 2 606996 115568 1376 72700 8 264 264 2127 2240 23 2 41 34 0
74 2 2 607452 121136 1364 67312 84 568 568 3111 2239 66 4 9 21 0
75 2 2 608180 117464 1324 75076 340 868 1268 3252 2399 60 3 13 24 0
76 4 0 608244 125148 1220 60556 56 96 108 4838 2811 53 8 22 17 0
77 1 0 608236 130616 1220 69496 0 0 0 749 882 15 1 78 6 0
78 5 1 608180 130448 1220 70024 112 0 0 1461 1354 15 1 80 3 0
79 1 0 607860 127028 1220 73868 300 0 0 682 1315 1 0 86 13 0
80 0 7 617840 118676 1032 67220 364 10804 10808 3517 2702 21 4 0 75 0
81 4 0 617676 117120 948 90504 112 20 19440 2791 1783 86 4 1 9 0
82 1 1 618656 123324 828 58052 12 996 996 8136 657 35 6 59 1 0
83 1 0 618632 122824 828 58148 28 0 0 470 530 17 0 75 8 0
84 1 0 618600 122632 836 58412 40 0 432 505 535 17 1 81 1 0
85 0 7 618820 122060 604 57756 44 248 28296 1973 1706 25 3 22 51 0
86 0 6 618792 108588 616 71672 32 0 9192 1317 1536 11 2 15 72 0
87 1 4 619756 118436 596 62760 88 1016 7908 1493 1406 9 2 16 73 0
88 0 6 619736 108584 596 72740 44 0 0 1097 1284 3 2 21 74 0
89 0 5 621252 121988 580 59972 16 1552 1996 1121 1327 3 1 6 89 0
90 4 3 621208 113740 580 69688 56 0 0 1627 1319 69 2 1 28 0
91 0 9 633364 128972 632 60388 24 12216 50904 2341 1905 42 6 1 52 0
92 4 4 633316 114816 636 74192 40 0 8056 1333 1370 13 1 3 83 0
93 1 2 633276 102760 644 82680 56 0 0 789 793 16 1 44 39 0
94 1 1 656384 146352 700 52876 24 23124 23572 731 671 18 2 72 8 0
95 1 1 656124 146196 700 52808 300 0 0 601 705 13 0 79 8 0
96 1 6 656084 153872 720 50188 116 0 8328 1476 1672 14 2 26 59 0
97 1 5 656064 131696 720 72984 80 0 0 1564 1620 18 2 0 81 0
98 0 8 655992 114096 732 89308 144 0 12976 1325 1679 31 3 0 66 0
99 2 5 655884 105632 1024 96968 204 0 448 1130 1347 16 1 7 77 0
100 1 0 657560 138648 912 66276 192 0 0 492 579 18 0 69 14 0
101 1 0 657544 135344 912 65960 16 0 0 505 509 11 0 86 4 0
102 1 0 657524 131224 912 65948 32 0 4172 481 474 14 0 85 0 0
103 1 0 657496 136056 936 72528 32 0 280 1351 977 43 2 54 2 0
104 1 1 657452 136192 936 72420 132 0 0 445 517 19 0 77 4 0
105 1 0 657308 135696 936 72408 816 0 0 591 792 18 0 58 24 0
106 2 0 657272 116068 956 90988 64 0 29408 1391 1262 20 4 53 23 0
107 1 0 660700 123212 948 87288 28 3456 26264 765 1024 13 3 77 6 0
108 3 0 666740 138684 964 81244 56 6056 37156 736 863 19 4 75 2 0
109 1 0 666700 114440 964 105812 72 0 22892 695 919 14 2 78 5 0
110 1 0 684612 101864 968 125604 8 17928 46944 660 842 16 2 80 2 0
111 0 2 685576 112404 864 118132 56 1044 21652 661 819 11 2 74 13 0
112 0 1 685420 111288 864 119116 312 0 0 638 954 0 0 62 38 0
113 0 1 685408 110452 872 119680 12 0 136 458 780 0 0 73 27 0
114 1 0 685388 109468 872 121004 20 0 0 777 877 7 1 75 17 0
115 1 1 685324 109344 872 120944 92 0 0 480 562 16 0 72 12 0
116 1 0 685224 109220 872 120960 132 0 6108 533 642 17 0 72 11 0
117 1 0 685216 108936 872 121068 4 0 0 417 471 14 0 85 0 0
118 2 2 685192 107420 880 123364 48 0 44 656 677 21 0 76 3 0
119 1 0 688748 131276 544 100920 200 3692 12040 1325 1161 26 3 64 8 0
120 0 4 688240 125812 612 105132 388 0 16664 813 922 19 1 44 36 0
121 0 3 687964 122936 612 108028 448 0 0 785 1117 1 1 38 61 0
122 0 2 687948 120504 620 110092 112 0 404 665 978 1 1 48 51 0
123 0 1 687928 117392 620 113680 24 0 0 550 920 1 1 74 24 0
124 0 2 687904 114784 620 115892 92 0 0 386 873 0 1 63 36 0
125 0 0 687884 114136 620 116640 48 0 8316 354 751 1 1 84 14 0
126 2 0 687756 113796 620 116924 188 0 0 379 776 1 0 89 10 0
127 0 0 687744 113672 628 116944 8 0 48 315 743 0 1 98 1 0
128 0 0 687728 113580 628 116964 32 0 0 339 761 0 1 99 1 0
129 0 0 687520 111192 628 116992 304 0 0 380 863 0 1 95 4 0
130 0 0 687500 111224 628 117104 16 0 0 332 764 1 0 99 1 0
131 0 0 687480 111096 628 117104 48 0 0 314 720 0 1 98 2 0
132 0 1 687452 111128 640 117172 64 0 28 347 802 1 0 97 3 0
133 0 0 687444 111036 640 117220 4 0 0 316 727 0 0 99 0 0
134 0 0 687436 111036 640 117264 12 0 0 303 707 0 0 99 0 0
135 0 0 687124 110820 640 117352 696 0 0 625 1040 0 1 85 14 0
136 0 1 686936 110728 640 117200 276 0 0 429 880 0 0 92 8 0
137 1 4 686512 109672 652 117508 628 0 32 663 1180 1 0 71 28 0
138 4 4 686456 107968 744 118892 72 0 0 902 1110 2 0 23 75 0
139 1 5 686432 105392 744 121400 24 0 0 1029 1214 4 1 1 94 0
140 0 8 686392 101424 1012 125600 24 0 0 1111 1347 1 0 0 99 0
141 0 9 692256 133952 972 101892 24 5892 5960 1475 1055 3 1 6 90 0
142 0 5 692236 130380 976 105552 28 0 4 977 1166 3 0 23 74 0
143 1 4 692188 125824 976 109616 48 0 0 1111 1155 3 0 34 62 0
144 1 8 692140 121356 976 113876 60 0 520 1248 1186 3 1 25 72 0
145 1 1 691872 104036 992 130644 448 0 0 2768 1816 22 1 38 39 0
146 1 1 691764 121108 948 114408 804 424 11040 1087 1204 20 2 51 27 0
147 1 1 690864 120144 952 114852 1140 0 8540 1039 1193 24 0 50 26 0
148 1 1 690296 118392 964 115284 1176 0 0 860 1210 25 1 49 25 0
149 1 1 689308 116792 964 115456 1240 0 0 993 1148 25 0 49 26 0
150 1 1 688080 115536 964 115576 1540 0 0 921 1091 25 1 50 24 0
151 1 0 688064 110484 972 120416 28 0 52 557 642 24 1 74 1 0
152 1 1 689704 106628 976 125572 32 1668 23020 2157 1138 25 4 48 23 0
153 1 1 690480 107484 988 130396 68 816 25300 1701 991 23 3 37 37 0
154 1 1 691468 111296 988 127288 12 996 25296 2127 983 22 3 55 19 0
155 1 3 692296 117112 1112 122500 224 944 17136 1424 1120 21 3 28 48 0
156 1 5 692360 116856 1036 123088 488 220 17808 1255 1374 24 4 22 50 0
157 1 2 692104 111096 1008 128564 716 0 0 1175 1340 16 1 31 52 0
158 1 0 692020 110144 1008 129360 132 0 0 445 492 14 0 82 3 0
159 1 0 692008 110176 1008 129376 24 0 0 396 440 24 0 74 1 0
160 0 5 691976 102832 1020 137132 108 0 7872 778 952 15 1 30 54 0
161 2 2 693364 132680 880 116960 32 1404 1404 923 1055 25 3 24 48 0
162 1 0 693352 131076 880 119232 4 0 0 492 560 28 1 68 4 0
163 1 0 693328 130984 880 119336 40 0 0 429 527 25 0 71 4 0
164 1 0 693292 130860 880 119328 60 0 0 432 536 24 1 74 1 0
165 1 0 696464 125232 748 93392 112 3260 8156 1001 694 23 2 71 4 0
166 1 0 696524 121796 732 99348 200 212 27228 903 989 16 2 78 4 0
167 1 0 697048 123908 728 99528 20 544 29200 702 862 13 3 83 1 0
168 0 4 699372 125240 564 98480 56 2332 27132 729 890 13 2 63 22 0
169 1 5 699288 114732 596 108240 56 0 10204 1088 1129 17 3 30 50 0
170 0 6 698992 110172 604 112180 216 0 444 1153 1203 4 1 22 74 0
171 1 2 698904 109708 604 112668 300 0 0 560 625 9 0 47 43 0
172 1 1 698608 108964 604 112776 552 0 0 655 691 8 1 61 30 0
173 1 1 698528 108592 604 112708 228 0 0 558 643 18 1 54 28 0
174 1 0 698484 108468 604 112772 188 0 6012 537 590 25 1 52 23 0
175 0 4 698456 106064 612 115620 44 0 40 741 807 15 1 44 41 0
176 2 5 704784 116016 564 105412 52 6368 6368 1450 1110 3 1 12 85 0
177 2 4 704764 122564 560 99356 48 12 12 685 874 2 0 0 98 0
178 0 6 704696 114488 560 106940 152 0 0 1340 1223 3 1 0 97 0
179 0 3 704584 106396 616 114584 132 0 0 1923 1770 4 1 32 63 0
180 1 0 714836 133272 476 97364 868 636 15032 1441 1221 16 1 78 5 0
181 0 2 714512 121836 476 109624 20 0 8280 733 1000 8 1 69 22 0
182 0 3 714512 114644 476 117012 4 0 0 415 762 4 1 50 45 0
183 1 0 714088 109468 680 121644 736 0 0 794 947 15 1 56 28 0
184 1 1 714072 109220 692 121612 32 0 116 441 478 11 0 88 1 0
185 1 0 714020 113720 692 117652 80 0 0 2968 579 14 2 80 4 0
186 1 0 713800 113728 692 117512 264 0 11536 529 584 25 0 71 4 0
187 1 2 713788 111600 848 118900 16 0 0 849 821 27 2 61 10 0
188 1 2 729488 122268 848 112472 36 15716 20008 5408 1287 17 3 34 46 0
189 1 0 729472 116956 856 116152 20 0 408 700 719 20 1 67 12 0
190 1 0 729452 114364 856 116184 56 0 0 454 447 18 0 82 0 0
191 1 2 729444 118368 856 116456 4 0 0 530 548 15 1 83 2 0
192 1 2 731020 138096 848 112880 44 1600 20480 911 966 24 3 21 52 0
193 1 3 730996 108264 848 127776 20 0 12420 2058 1102 34 3 20 43 0
194 0 9 733964 129696 864 114900 108 3040 13968 1406 1582 6 3 34 57 0
195 1 4 733748 133196 868 127200 388 0 11872 1499 1673 23 2 25 50 0
196 1 6 733672 119640 876 139852 188 0 8272 972 1158 23 2 24 51 0
197 1 4 733632 116912 876 142032 144 0 0 625 706 25 0 24 51 0
198 1 4 733544 113884 876 142608 360 0 0 730 848 23 0 26 51 0
199 1 4 733444 110624 884 142644 1676 0 176 1336 1171 22 1 26 51 0
200 4 0 733040 107600 828 129128 2328 0 13224 2055 2198 27 2 36 35 0
201 1 0 734224 123944 836 114588 0 1196 13720 872 889 30 2 67 2 0
202 0 0 735980 125188 752 113924 32 1764 37760 1107 1117 26 3 71 0 0
203 0 1 735860 125092 760 113860 160 0 424 440 820 1 1 86 13 0
204 0 1 735772 125072 760 113700 152 0 0 353 766 1 0 80 19 0
205 0 0 735756 124588 760 114444 4 0 0 360 837 0 1 84 15 0
206 0 0 735736 123920 772 114880 0 0 0 367 880 1 1 86 12 0
207 0 0 735708 124016 776 114792 44 0 1948 266 672 0 0 99 1 0
208 0 0 735696 124016 784 114808 0 0 40 273 703 0 0 99 0 0
209 0 0 735672 123920 784 114788 52 0 0 380 780 0 0 99 1 0
210 0 1 735620 119920 936 117956 192 0 0 523 1156 1 0 74 26 0
211 0 0 735612 119428 936 118992 16 0 0 383 854 1 1 94 4 0
212 0 0 735592 119368 936 118992 32 0 0 308 743 0 0 99 0 0
213 0 0 735580 119116 944 118972 16 0 52 290 732 0 0 98 2 0
214 0 0 735564 119180 944 118960 16 0 0 314 731 0 0 99 1 0
215 0 0 735552 119180 944 118964 16 0 0 287 724 0 0 95 5 0
216 0 0 735536 119196 944 118968 20 0 0 298 757 1 0 99 1 0
217 0 0 735520 119036 944 118980 8 0 0 292 752 0 0 99 0 0
218 0 0 735496 119100 952 118972 36 0 68 306 749 0 0 99 1 0
219 0 0 735480 119100 952 118988 20 0 0 271 702 0 0 98 2 0
220 0 0 735444 119132 952 119000 24 0 0 292 737 0 0 98 1 0
221 0 0 735428 119196 952 118972 32 0 0 269 682 0 0 99 1 0
222 0 0 735468 125236 960 115308 16 48 72 323 724 0 3 97 0 0
223 0 6 735444 120972 960 119152 16 0 0 1143 1596 2 1 43 54 0
224 0 4 735432 115088 960 124396 84 0 0 1416 1601 3 1 18 77 0
225 2 3 735384 103956 960 136004 80 0 0 2356 1682 10 1 11 79 0
226 0 5 735748 113880 892 127012 440 668 668 3629 2158 42 1 4 53 0
227 0 5 766360 115308 824 125380 132 30704 30784 4789 2257 11 2 0 87 0
228 1 4 766292 107772 824 133708 92 0 0 1182 1353 4 1 0 95 0
229 0 6 766240 101692 824 140016 72 0 0 967 1214 4 1 2 94 0
230 0 6 766968 117020 816 124784 64 768 768 890 998 2 1 24 73 0
231 0 5 766864 109612 828 131800 152 0 604 1150 1100 4 0 25 71 0
232 1 0 767500 120072 792 122532 1156 1356 10916 15509 1330 60 3 25 11 0
233 1 0 767492 120596 792 122760 24 0 0 493 590 25 1 73 2 0
234 1 0 767428 119760 804 123176 56 0 0 566 764 25 0 71 4 0
235 1 0 767408 119700 804 123192 64 0 0 479 572 25 0 73 2 0
236 1 0 767752 123020 632 120956 32 356 23568 4373 969 22 2 64 13 0
237 1 0 767968 117756 640 130436 12 228 24312 1297 884 23 2 73 2 0
238 2 1 768288 120128 596 128768 128 376 18844 3089 830 23 2 61 13 0
239 2 0 768248 122496 552 132192 272 20 25336 1097 986 22 2 55 20 0
240 0 1 768056 140836 420 145148 572 128 16736 1762 1741 16 3 70 11 0
241 0 1 767620 139872 428 145024 984 0 148 2018 2372 8 1 68 23 0
242 0 1 767564 140068 428 145200 96 0 0 334 756 0 0 93 6 0
243 1 0 767384 133592 436 151368 328 0 0 837 907 23 1 53 23 0
244 2 0 767376 133656 436 151396 8 0 0 411 461 23 0 77 0 0
245 1 0 766684 132824 436 151436 908 0 10800 809 841 25 1 53 21 0
246 2 0 766652 132128 444 152764 84 0 56 492 607 24 0 73 3 0
247 1 1 766680 153000 668 139624 36 40 32040 1002 1003 31 3 50 16 0
248 1 2 766668 132348 672 160880 20 0 29560 592 792 22 3 66 9 0
249 1 1 766648 118400 676 174644 8 0 11440 575 744 23 2 64 11 0
250 1 0 766636 114836 676 177888 12 0 0 475 547 21 0 63 16 0
251 1 0 766628 114836 684 177884 4 0 332 474 492 14 0 84 1 0
252 1 0 766604 110916 684 181864 36 0 0 487 630 15 1 83 1 0
253 1 0 766628 131768 696 162840 16 32 25788 811 1040 23 2 60 15 0
254 1 1 766616 112612 696 181808 24 0 19168 652 805 23 2 75 0 0
255 1 0 766652 131072 588 162740 32 64 15772 608 806 24 2 70 5 0
256 1 0 766640 118520 600 175264 8 0 8400 771 850 30 2 64 4 0
257 1 0 766620 118816 600 175380 44 0 0 429 490 25 0 75 0 0
258 1 0 766596 118688 600 175388 40 0 0 445 520 25 0 74 1 0
259 4 1 766592 104832 660 188980 24 20 12892 1086 884 40 3 53 5 0
260 1 3 766616 114492 664 186224 32 0 440 1690 1468 3 1 41 55 0
261 1 2 766604 111200 664 189696 4 0 0 1408 1212 5 1 39 56 0
262 0 5 766576 107656 668 193168 24 0 0 1151 1195 3 1 26 71 0
263 3 2 773504 112760 680 191388 60 6960 22328 3691 1675 30 2 16 52 0
264 1 3 789740 127272 676 179932 0 16252 21620 5950 1273 23 3 10 64 0
265 1 3 789732 111448 684 195616 20 0 16640 1408 1166 24 2 7 68 0
266 1 2 789716 110684 684 196500 32 0 0 936 721 44 0 38 17 0
267 1 1 789676 105664 968 200272 80 0 0 649 986 24 1 48 27 0
268 1 0 789660 104972 968 200824 28 0 0 492 636 25 1 71 3 0
269 1 0 789636 104848 968 200824 8 0 0 427 517 25 1 70 4 0
270 0 11 789716 115956 976 191168 36 84 8560 789 974 11 2 25 62 0
271 0 3 789704 116884 980 190468 0 0 14444 2070 1739 10 1 40 48 0
272 1 1 793520 126632 944 204152 184 3896 12088 3708 1641 28 2 34 36 0
273 2 0 793448 126352 944 204220 68 0 0 435 529 24 1 72 3 0
274 1 0 793432 126480 944 204200 20 0 0 409 487 7 0 92 1 0
275 1 2 793328 126164 952 204104 268 0 240 559 675 18 0 51 30 0
276 0 4 793296 111660 956 217968 80 0 22156 1058 1100 11 2 23 64 0
277 1 0 793384 132328 812 199164 304 196 20804 2156 1202 9 2 42 48 0
278 1 0 793368 106708 812 224708 16 0 15928 645 832 16 2 80 1 0
279 1 0 793452 108976 820 223344 12 96 38160 823 1062 20 4 74 2 0
280 1 0 793680 115964 832 216800 16 72 14604 817 937 18 2 78 2 0
281 1 0 793672 118412 792 215048 20 24 23036 674 834 15 2 82 1 0
282 1 0 793744 126592 680 206452 12 80 15744 583 750 18 2 79 0 0
283 1 0 793720 112596 680 222068 32 0 14116 559 754 23 2 74 1 0
284 1 0 793720 120256 644 213508 16 16 29796 650 836 20 3 73 3 0
285 1 0 793704 118892 644 215340 16 0 0 434 541 19 1 80 1 0
286 1 0 793684 119020 644 215364 24 0 0 416 521 17 0 77 6 0
287 1 0 793676 119268 644 215360 0 0 0 394 477 24 0 76 0 0
288 2 1 793660 112960 648 221784 32 0 0 589 777 22 1 74 3 0
289 0 1 793676 140804 636 192680 52 52 64596 1321 1201 31 5 35 29 0
290 1 2 793664 140556 636 193912 12 0 0 907 1077 15 2 44 39 0
291 0 3 793660 137996 636 195608 16 0 0 713 900 1 1 50 49 0
292 4 0 793644 133464 692 200800 0 0 0 2178 1793 5 1 57 37 0
293 0 1 795080 137740 696 200736 32 1452 20544 2609 1320 44 3 38 15 0
294 4 0 795072 115588 704 224444 4 0 16860 3443 1447 33 2 45 20 0
295 1 0 795976 118508 708 225832 196 932 21104 3448 1155 37 4 41 18 0
296 1 0 796196 124032 708 220696 32 232 18636 622 798 23 3 72 2 0
297 1 1 796216 129412 704 216436 76 60 21600 687 891 23 3 71 4 0
298 1 2 795968 116292 708 228696 496 0 17576 840 978 21 1 73 4 0
299 1 1 795900 102384 908 242752 172 0 8404 793 910 12 1 86 2 0
300 1 1 796168 128052 852 215568 196 172 22088 1320 958 64 3 31 2 0
301 1 0 796160 123128 852 215604 8 0 0 499 517 22 0 77 0 0
302 1 0 796148 122616 852 215604 12 0 0 445 499 24 0 75 1 0
303 1 0 796128 122584 852 215612 20 0 0 448 512 24 0 74 1 0
304 1 1 796164 129660 860 215636 16 48 76524 1436 1118 37 6 53 3 0
305 0 0 796144 128488 860 216060 40 0 0 378 793 1 1 96 2 0
306 0 0 796124 128552 860 216056 28 0 0 314 758 0 1 96 3 0
307 1 0 795884 128376 860 216076 404 0 0 520 988 1 1 86 13 0
308 0 0 795864 128776 860 216128 32 0 0 447 841 1 1 95 4 0
309 1 0 795804 127532 868 218008 64 0 5844 535 1027 1 1 92 7 0
310 0 0 795796 127284 868 218220 4 0 0 367 859 1 0 98 1 0
311 0 2 795632 126820 900 218692 348 0 0 486 899 1 0 89 10 0
312 2 0 795268 118960 6884 219180 824 0 0 1694 1666 1 2 59 39 0
313 0 1 795076 110800 8980 219204 416 0 0 1373 2198 1 3 68 28 0
314 0 1 795064 110320 9208 219056 44 0 52 500 1086 0 1 73 26 0
315 0 9 795008 107748 9344 221176 116 0 0 779 1564 1 1 39 60 0
316 0 9 794976 124908 9396 204012 92 4 4 708 1257 3 1 0 96 0
317 0 9 794960 119236 9424 209560 124 0 0 564 1093 2 0 0 98 0
318 0 9 794896 105576 9516 223524 372 0 0 912 1453 5 1 0 94 0
319 1 10 794836 112896 9668 214836 1024 12 52 1849 2310 25 3 1 71 0
320 1 4 896060 121536 7832 207272 608 101308 101308 19664 1757 21 6 7 65 0
321 1 2 896624 130588 6476 199024 40 576 14236 1148 1208 44 3 20 34 0
322 1 1 896608 112572 6564 218540 20 0 25452 804 1060 13 1 37 48 0
323 1 15 896908 128792 5704 203524 56 320 14436 646 924 17 2 52 28 0
324 0 8 896860 119424 5720 212496 120 0 0 870 1117 14 1 26 59 0
325 1 2 896680 112588 5888 219288 332 0 0 845 1051 29 1 6 64 0
326 3 2 896404 109768 5924 221216 420 0 0 659 1051 24 0 48 27 0
327 1 1 896100 106868 6208 223000 460 0 0 698 1050 24 0 41 35 0
328 1 1 895564 106236 6220 223152 612 0 21648 739 1136 25 1 53 22 0
329 2 3 895368 129072 4900 208016 504 172 172 1635 1635 24 4 32 41 0
330 1 3 895092 110056 4792 227404 256 0 0 1122 1311 33 3 44 20 0
331 1 1 895072 120628 4228 216092 272 160 16796 794 1000 21 3 37 39 0
332 2 3 894868 109392 4236 227764 200 0 0 983 1275 14 1 42 43 0
333 2 4 843504 129568 3300 209076 576 340 784 1804 1913 40 3 11 46 0
334 1 0 843056 106412 3440 231160 744 0 0 1245 1318 39 1 37 23 0
335 1 0 843040 106164 3440 231164 12 0 0 432 531 25 0 75 0 0
336 1 1 843040 106164 3440 231156 12 0 22052 448 450 25 1 74 1 0
337 1 2 843044 123036 3128 213876 28 36 36 794 748 21 1 58 21 0
338 1 0 843032 131460 2876 208004 12 0 64 1016 923 49 1 36 14 0
339 1 0 843020 117884 2876 221920 20 0 16928 556 700 23 1 73 3 0
340 4 1 843432 123496 2120 217964 528 508 508 2813 1906 59 3 3 36 0
341 1 0 843392 123392 2120 217508 128 0 0 697 636 33 0 65 1 0
342 1 0 843368 123424 2128 217508 24 0 456 491 524 13 0 86 1 0
343 1 0 843360 123076 2128 217512 8 0 21932 454 500 19 1 80 1 0
344 0 4 843344 102776 2128 238944 20 0 0 1634 1314 45 2 22 32 0
345 2 2 843372 122752 1548 219316 40 56 56 941 1086 20 3 18 59 1
346 4 0 843368 128672 1420 212400 12 8 16724 1839 869 28 4 23 45 0
347 1 0 843352 127948 1428 212684 16 0 440 692 583 23 0 61 16 1
348 1 1 843324 126196 1484 214336 24 0 0 601 831 19 0 68 13 0
349 1 0 843312 126164 1484 214324 20 0 0 482 625 25 0 74 1 0
350 1 1 843296 114060 1484 227068 48 0 0 775 771 25 1 63 11 0
351 1 0 843296 119892 1388 220436 68 44 22060 847 987 19 2 76 3 0
352 1 0 843284 106832 1400 233956 20 0 17328 722 837 15 2 80 3 0
353 1 1 843280 121220 1300 218512 28 8 8 1775 2212 15 2 73 10 0
354 1 0 843312 147712 640 95848 300 248 16728 3030 2779 20 6 66 8 1
355 3 0 843296 146468 640 95836 28 0 0 445 492 17 0 82 1 0
356 1 0 843280 149376 640 91496 28 0 0 3228 511 17 2 80 1 0
357 1 0 843252 146936 648 91552 64 0 88 497 563 13 1 77 10 0
358 2 2 843208 139672 976 88472 124 0 0 12851 1347 44 4 48 4 0
359 0 0 843180 139372 984 88832 28 0 5504 805 1207 5 1 86 8 0
360 1 0 843144 129052 984 114876 0 0 16636 575 744 19 1 80 0 0
361 1 0 843128 121428 992 122640 0 0 8612 632 754 10 1 88 1 0
362 0 4 843100 103088 1000 141460 68 0 8600 1010 1417 7 2 36 55 0
363 0 4 843312 104020 940 142744 0 220 220 1132 1325 11 1 7 81 0
364 1 1 843872 124108 888 122424 476 1132 1132 1133 940 48 2 21 29 0
365 1 0 843820 123792 888 122404 140 0 0 544 638 16 1 68 16 0
366 1 0 843812 123792 896 122412 4 0 284 477 538 12 0 87 1 0
367 1 0 843800 122768 896 123392 24 0 5728 538 660 17 1 78 4 0
368 1 2 844264 114676 728 132792 292 720 720 28543 1694 34 5 17 43 0
369 1 0 832152 116504 724 126640 6360 216 216 2961 2316 42 3 45 10 0
370 1 0 832160 118436 712 123404 44 28 21128 739 858 23 3 71 3 0
371 1 0 832140 105604 720 137076 8 0 10456 575 773 23 1 76 0 0
372 1 0 832716 127516 688 116888 20 588 8960 596 747 24 2 74 1 0
373 1 0 832700 104948 700 139632 24 0 25932 614 740 23 2 71 4 0
374 1 0 833072 117008 708 129028 124 452 16980 657 853 24 2 70 4 0
375 1 1 833312 116920 684 129040 92 296 22872 705 849 24 2 71 4 0
376 1 1 833300 102652 672 144452 12 4 8484 719 864 23 3 68 6 0
377 1 2 833636 116492 444 130988 32 344 16832 753 961 12 2 69 17 0
378 1 1 833840 117024 500 130240 12 212 21792 660 863 24 2 69 6 0
379 1 0 833840 112628 488 134940 60 48 8280 907 756 44 1 49 5 0
380 1 1 833796 113000 508 135008 112 0 64 458 552 24 0 58 17 0
381 1 1 833780 112008 508 135600 40 0 0 460 593 17 0 55 28 0
382 1 4 833728 106244 512 141592 96 0 0 623 1005 24 1 44 31 0
383 3 2 834152 121036 632 126272 64 496 22592 828 1040 22 3 37 38 0
384 3 1 834152 111752 964 136600 264 84 11832 1451 1572 64 3 9 24 0
385 0 5 836488 136756 928 113936 332 2508 83512 2050 1844 25 8 17 49 0
386 2 3 836400 114344 940 136116 256 0 0 990 1159 22 4 39 35 0
387 0 5 836524 125028 940 126300 76 144 22796 826 1169 5 3 18 73 0
388 0 6 836460 112908 940 138180 168 0 0 592 989 3 0 25 72 0
389 2 4 836440 104304 940 146808 392 124 124 1227 1535 12 1 14 74 0
390 1 5 841672 115980 604 136384 460 5688 6120 7372 1518 35 3 3 59 0
391 0 6 841360 102212 604 150308 240 0 0 695 1157 3 1 1 95 0
392 0 5 842200 117588 604 136888 196 1024 6360 650 961 3 1 17 79 0
393 0 7 842088 106212 604 148504 96 0 0 484 945 2 0 23 75 0
394 1 2 850572 117784 600 141660 248 8684 17316 10009 1251 18 3 33 46 0
395 1 2 850236 131200 612 135404 1692 644 14764 5100 2033 20 2 45 32 0
396 4 1 849380 110396 760 153772 1984 0 23444 1307 1793 22 2 53 23 0
397 1 1 849016 109932 760 153900 436 0 0 791 706 50 0 48 1 0
398 1 0 848680 109344 764 153924 516 0 0 602 765 24 0 67 9 0
399 1 0 848644 109376 764 153944 40 0 0 465 576 23 0 76 1 0
400 1 0 848492 114940 776 149364 256 8 10372 2634 1062 23 2 69 7 0
401 1 1 848504 112884 780 152644 28 20 22344 2935 849 19 3 74 5 0
402 1 0 848560 118104 784 146392 12 80 25728 1291 831 18 2 78 1 0
403 0 0 848536 113988 784 151560 28 0 0 823 1152 12 1 77 10 0
404 0 1 848512 113644 792 152228 20 0 132 404 825 0 1 90 10 0
405 0 1 848496 111628 804 153600 16 0 0 472 1000 1 1 92 8 0
406 1 0 848488 104068 860 161236 8 0 0 707 901 25 0 73 2 0
407 1 0 848468 104100 860 161300 16 0 7908 483 570 25 0 74 1 0
408 1 0 848460 103940 860 161296 8 0 0 474 585 24 0 73 3 0
409 1 2 848568 117796 872 146628 28 120 32444 1059 1028 32 4 61 3 0
410 1 1 848564 116096 872 148552 12 20 23940 723 897 20 2 69 9 0
411 0 4 848556 118168 876 147128 24 4 25700 533 794 13 1 45 41 0
412 1 3 848504 115188 876 150152 84 0 252 352 716 3 0 50 47 0
413 1 3 848388 120476 656 145252 284 48 12244 682 860 8 1 54 37 0
414 1 4 848336 103752 672 161768 76 0 16204 678 926 13 1 49 36 0
415 0 6 848164 118908 800 146428 260 4 4 1148 1145 39 2 17 42 0
416 2 5 849936 143492 1020 134320 144 1852 72312 1878 1321 32 7 14 46 0
417 1 2 849412 129424 1040 150508 632 0 17560 1599 1729 8 2 12 77 0
418 0 5 849216 128472 1028 150344 572 36 36 1217 1381 16 1 3 80 0
419 0 4 849244 118524 996 160956 112 68 532 1772 1320 10 1 2 86 0
420 1 0 848368 102524 996 176712 464 0 0 531 578 21 1 41 37 0
421 1 0 848360 102332 996 176752 12 0 0 419 440 22 0 77 0 0
422 1 0 848276 101992 996 176668 104 0 0 444 518 25 1 71 3 0
423 3 4 849032 106488 764 173016 0 764 816 1924 647 24 2 73 2 0
424 1 0 851080 121880 772 158552 88 2096 15500 8341 1398 22 3 50 26 0
425 1 0 850788 103804 780 176052 456 0 15400 742 923 23 2 67 9 0
426 1 0 850812 110384 752 169636 36 48 15580 5266 739 22 3 72 3 0
427 1 0 850812 114828 724 165304 16 16 13392 3725 880 23 2 74 1 0
428 1 0 850940 130332 684 155116 80 180 22172 2529 878 23 2 72 3 0
429 1 0 850924 123948 684 160960 12 0 8260 519 675 24 1 75 1 0
430 1 0 851400 132476 656 151852 8 484 15128 767 792 25 3 69 2 0
431 1 0 851348 117688 656 166884 96 0 29212 763 862 16 1 78 4 0
432 1 0 851480 120148 620 162880 16 148 15096 1017 808 21 1 76 1 0
433 1 0 851516 124188 620 161504 16 44 8520 1482 770 15 1 76 7 0
434 4 1 851488 114272 632 168992 20 0 8236 1325 1492 43 1 38 17 0
435 0 1 851552 135320 624 147280 420 260 117964 2353 1870 55 9 19 17 0
436 0 5 850596 129916 624 150828 2760 0 0 1273 2217 0 0 58 41 0
437 0 5 849560 125576 624 151340 6096 0 0 2066 2686 1 1 24 74 0
438 0 2 849432 123484 644 151616 1520 0 420 1240 2208 1 1 40 59 0
439 0 1 849356 121936 644 152520 372 0 0 471 1001 0 1 75 25 0
440 0 0 849308 117656 944 155672 16 0 0 414 841 0 0 82 18 0
441 0 0 849296 117664 944 155740 12 0 0 288 695 0 0 99 1 0
442 0 0 849276 117728 952 155708 32 0 68 313 715 0 0 99 1 0
443 0 0 849232 117760 952 155724 76 0 0 350 753 1 1 97 1 0
444 0 0 849220 117880 952 155808 12 0 0 287 700 0 0 99 0 0
445 0 0 849196 117880 952 155808 44 0 0 277 701 0 0 99 0 0
446 0 0 849184 117804 952 155820 0 0 0 298 741 1 0 100 0 0
447 0 0 849168 117868 960 155808 28 0 28 302 732 0 0 99 1 0
448 0 0 849148 117932 960 155828 0 0 0 326 759 0 0 99 0 0
449 0 0 849136 117964 960 155824 8 0 0 287 700 0 0 100 0 0
450 0 0 849128 117804 960 155820 32 0 0 283 710 0 0 99 0 0
451 0 0 849092 117804 960 155836 44 0 0 299 759 0 0 99 1 0
452 0 0 849076 117868 968 155832 20 0 24 319 768 0 0 99 1 0
453 0 1 849056 117464 972 156400 56 0 0 500 1043 1 0 76 23 0
454 0 1 849020 116784 972 156844 96 0 0 377 862 0 1 72 27 0
455 1 5 848916 114956 1040 159192 168 0 0 547 1012 6 1 66 28 0
456 0 5 847472 108308 984 164368 1080 88 88 1635 1529 15 1 17 66 0
457 4 4 846756 120728 964 150328 968 124 196 2148 2201 15 2 14 69 0
458 1 0 846372 119484 964 151280 388 0 0 799 661 37 1 62 1 0
459 1 0 846364 119820 964 151456 16 0 0 428 494 24 0 75 1 0
460 2 3 845628 106076 960 164196 864 16 16 1432 1117 32 2 39 27 0
461 1 0 845020 114260 1004 149876 740 124 8968 1327 1464 39 4 52 6 0
462 2 1 844968 118056 1004 145804 600 164 16680 1000 1153 23 3 73 1 0
463 0 2 844708 115716 1004 151296 492 0 0 804 1288 15 1 66 17 0
464 0 2 844436 114912 1004 151808 528 0 0 590 1052 1 0 62 37 0
465 0 2 844264 114364 1004 152192 416 0 0 615 1202 1 1 49 49 0
466 0 1 844212 113448 1012 152624 200 0 152 584 1097 1 1 73 26 0
467 1 2 843924 112704 1012 153268 524 0 13724 675 1148 1 0 52 47 0
468 0 5 831020 106736 1012 154580 5180 0 0 2140 2062 56 1 8 34 0
469 4 3 810012 123752 660 119848 17400 156 156 4253 3690 68 1 6 25 0
470 2 3 808996 121040 924 120456 1816 0 0 1554 1908 26 1 23 51 0
471 0 1 808016 118792 932 120996 1860 0 40 1282 2539 0 1 49 51 0
472 0 1 807420 117460 932 121048 960 0 0 520 1203 1 1 73 26 0
473 0 1 806760 113984 1068 121168 1012 0 0 1156 2017 2 1 66 31 0
474 0 1 806236 113644 1068 121240 608 0 0 630 1206 0 0 74 26 0
475 0 1 806044 113256 1068 121268 196 0 0 325 847 0 0 73 27 0
476 0 1 805776 112912 1076 121252 304 0 52 409 889 0 0 73 27 0
477 0 1 805592 112728 1076 121304 188 0 0 347 825 0 0 73 26 0
478 0 1 805460 112604 1076 121284 196 0 0 361 802 0 0 72 27 0
479 0 1 805260 112356 1076 121308 204 0 0 333 822 1 0 73 26 0
480 3 1 804492 112096 1084 121264 488 0 24 638 1067 1 1 74 25 0
481 0 1 803944 110200 1084 122192 584 0 0 766 1419 1 1 67 30 0
482 0 1 802924 109084 1084 121944 1312 0 0 836 1486 0 1 71 28 0
483 0 2 801356 120952 1084 107584 2400 136 14476 1603 3085 3 3 49 44 0
484 0 1 800888 121436 1084 107884 512 0 0 378 855 0 1 70 30 0
485 0 1 800488 121344 1092 107856 436 0 120 445 839 0 0 75 25 0
486 0 7 799668 119772 1092 107960 1284 0 0 887 1419 2 1 61 36 0
487 6 8 798080 110052 1096 114864 2344 0 12376 1959 3817 40 2 31 27 0
488 5 6 796940 133852 1112 87352 3716 952 37680 3815 6101 82 7 5 7 0
489 0 1 794696 118516 1132 100368 2560 0 11456 2273 3856 43 3 34 21 0
490 1 2 793432 112368 1196 105748 1376 0 116 1021 1892 2 1 52 45 0
491 1 5 792220 117904 1184 98504 2320 16 16 2430 3086 16 2 24 58 0
492 4 1 793240 117352 780 102228 1128 1964 1976 3075 2411 25 3 16 56 0
493 1 3 788128 113464 744 101064 5952 712 716 2287 2415 27 2 1 70 0
494 4 0 787236 107068 776 105480 1836 752 12236 2381 2848 78 3 8 10 0
495 4 2 786864 115128 796 96244 576 96 10816 2244 3182 90 3 5 2 0
496 1 2 786516 113588 808 97200 352 0 0 1271 1194 64 1 17 18 0
497 1 3 786096 111568 808 98352 492 0 0 674 831 11 1 41 48 0
498 1 0 785964 107648 1080 102712 196 0 0 754 906 10 1 51 37 0
499 1 0 785920 107740 1080 102748 52 0 0 453 520 15 0 83 1 0
500 1 3 778928 120740 1316 83144 4508 100 20480 3625 4991 47 5 20 28 1
501 1 1 779100 114856 960 91976 896 808 18240 10060 1587 22 4 52 22 0
502 1 0 778812 125616 836 81236 1276 160 16668 4383 1320 9 1 75 14 0
503 2 0 778820 120116 824 86676 36 28 17748 2958 854 15 3 80 2 0
504 1 1 778756 109548 832 96860 192 28 18064 1580 872 12 1 69 18 0
505 3 1 778692 109252 792 99172 244 104 104 1535 1373 33 1 37 28 0
506 2 3 778312 112792 284 96564 936 412 19084 2453 2432 53 4 12 31 0
507 2 0 778120 116340 296 92388 300 56 20472 2974 2294 59 3 35 3 0
508 1 1 777888 119024 276 90296 436 60 20004 3265 2575 61 3 35 1 0
509 2 1 777460 101900 468 106276 416 0 12976 974 1310 20 2 68 10 0
510 1 1 776940 112200 444 95516 588 60 9384 979 913 40 2 36 22 0
511 2 0 776488 111812 440 96824 564 120 28928 1571 3071 44 3 41 11 0
512 0 3 776128 121472 584 86192 560 56 10324 1523 2585 33 3 37 28 0
513 0 3 775520 112788 584 95032 608 0 0 672 1063 3 1 26 70 0
514 4 1 774448 110268 592 96168 1476 120 9736 2113 2601 23 2 23 52 0
515 4 1 773612 117628 572 87568 1128 52 19992 2513 4717 73 3 18 5 0
516 4 0 799536 119400 580 91040 1372 27180 48760 21412 4522 70 7 12 11 0
517 1 2 799216 111340 580 97956 372 8 10072 2400 4007 46 3 15 36 0
518 1 2 798840 117404 580 91080 416 4 4 1429 2268 8 2 33 57 0
519 4 0 798692 116216 588 92304 132 0 156 909 1185 11 2 55 32 0
520 3 1 798216 110224 740 83440 740 0 8804 3165 3844 44 2 41 13 0
521 3 0 797376 115536 744 76184 976 64 16652 1919 3427 81 2 11 6 0
522 1 0 796812 124004 732 68420 724 180 17392 2109 3817 77 4 17 3 0
523 2 0 795956 104476 744 88000 908 0 16960 2055 4582 43 3 48 6 0
524 0 0 795872 103324 744 89364 120 0 9516 680 1308 4 1 95 1 0
525 0 1 795740 102860 744 90020 284 0 0 387 812 1 0 94 6 0
526 0 0 795568 102396 900 89992 384 0 0 473 846 0 1 93 7 0
527 0 0 795712 127608 840 65236 32 164 164 335 777 0 0 89 10 0
528 0 2 795644 127172 852 65580 168 0 104 519 1017 1 0 68 31 0
529 1 2 795540 126660 852 66160 288 0 0 441 874 1 1 44 55 0
530 0 4 795440 126312 1256 66440 116 0 0 510 1007 1 0 52 47 0
531 0 1 795376 143672 1632 48476 60 0 0 535 1178 0 1 70 29 0
532 0 0 795352 145348 1776 47688 60 0 0 462 1005 1 1 79 20 0
533 0 3 703496 3677220 1796 49992 308 0 540 545 888 0 5 72 23 0
534 0 1 701364 3672284 2516 55496 2460 0 0 1554 1787 0 1 49 50 0
535 0 0 701276 3672316 2516 55524 104 0 0 205 472 0 0 97 3 0
536 0 0 701260 3672472 2516 55504 4 0 0 153 415 0 0 100 0 0
537 0 0 701240 3672472 2516 55492 36 0 0 155 438 0 0 99 1 0
538 0 1 701224 3672256 2528 55704 16 0 80 216 542 0 0 99 1 0
539 0 0 701216 3671512 2528 56596 0 0 0 167 441 0 0 98 2 0
540 0 0 701120 3671228 2528 56768 348 0 0 289 523 0 0 91 9 0
541 0 0 701096 3671260 2528 56700 40 0 0 154 435 0 0 99 1 0
542 0 0 701072 3671292 2536 56704 28 0 28 167 462 0 0 99 1 0
543 0 0 701064 3671324 2536 56708 32 0 0 147 397 0 0 99 0 0
544 0 0 701056 3671324 2536 56708 16 0 0 144 398 0 0 100 0 0
545 0 1 701032 3671356 2536 56696 36 0 0 162 443 0 0 99 0 0
546 0 0 701012 3671388 2536 56712 32 0 0 163 434 0 0 99 1 0
547 0 0 701000 3671296 2544 56704 16 0 24 181 448 0 0 100 0 0
548 0 0 700980 3669816 2564 57284 16 0 1428 303 644 0 0 97 2 0
549 0 0 700972 3669772 2564 57288 0 0 0 152 415 0 0 100 0 0
550 0 0 700960 3669804 2564 57276 20 0 0 175 459 0 0 99 0 0
551 0 0 700936 3669836 2564 57300 32 0 0 174 460 0 0 99 1 0
552 0 1 700924 3669340 2572 57380 148 0 140 220 506 0 1 94 5 0
553 0 0 700720 3663420 2708 63144 1400 0 0 942 1536 1 1 59 40 0
554 0 0 700704 3663328 2708 63248 8 0 0 144 424 0 0 99 0 0
555 0 1 700292 3662600 2708 63256 648 0 0 491 808 0 1 80 19 0
556 0 0 699432 3662816 2708 63280 236 0 0 281 583 0 0 95 5 0
557 0 0 699404 3662692 2716 63240 44 0 56 156 439 0 0 99 0 0
558 0 0 699388 3662724 2716 63236 32 0 0 148 412 0 0 100 0 0
559 0 0 699380 3662724 2716 63240 0 0 0 131 401 0 0 100 0 0
560 0 0 699352 3662788 2716 63300 0 0 0 148 421 0 0 99 0 0
561 0 0 699344 3662664 2724 63352 32 0 24 195 489 0 1 99 1 0
562 0 0 699308 3662568 2724 63412 12 0 0 186 497 0 0 99 0 0
563 0 0 699300 3662536 2724 63388 0 0 0 162 435 0 0 100 0 0
564 0 0 699292 3662536 2724 63384 16 0 0 164 437 0 0 99 0 0
565 0 0 699276 3662444 2724 63388 32 0 0 170 459 0 0 99 0 0
566 0 0 699264 3662476 2732 63388 8 0 24 163 432 0 0 99 0 0
567 0 0 699252 3662476 2732 63396 16 0 0 150 409 0 0 99 0 0
568 0 0 699236 3662508 2732 63408 0 0 0 160 451 0 0 100 0 0
569 0 0 699224 3662508 2732 63388 24 0 0 164 435 0 0 99 0 0
570 0 0 699216 3662540 2732 63416 0 0 0 144 414 0 0 100 0 0
571 0 0 699192 3662572 2740 63396 32 0 24 144 440 0 0 99 1 0
572 0 0 699180 3662412 2740 63400 20 0 0 145 418 0 0 99 1 0
573 0 0 699164 3662412 2740 63436 4 0 0 140 425 0 0 100 0 0
574 0 0 699144 3662444 2740 63420 44 0 0 147 424 0 0 99 0 0
575 0 0 699128 3662444 2740 63420 24 0 0 146 432 0 0 99 1 0
576 0 0 699120 3662476 2748 63408 16 0 24 144 419 0 0 99 0 0
577 0 0 699100 3662244 2748 63428 20 0 32 246 626 1 0 98 1 0
578 0 0 699088 3662168 2748 63432 16 0 0 134 392 0 0 99 1 0
579 0 0 699080 3662168 2748 63444 0 0 0 131 397 0 1 100 0 0
580 0 0 699016 3662040 2756 63416 32 0 32 155 427 0 0 98 1 0
581 0 0 698980 3662040 2756 63420 40 0 208 165 419 0 0 98 2 0
582 0 0 698956 3662072 2756 63460 12 0 0 146 442 0 0 97 2 0
583 0 0 698948 3662104 2756 63444 16 0 0 141 387 0 0 99 0 0
584 0 0 698936 3662104 2756 63452 16 0 0 155 445 0 0 100 0 0
585 0 0 698916 3662136 2764 63444 12 0 100 159 434 0 0 99 1 0
586 0 2 698908 3662168 2764 63404 60 0 0 164 417 0 0 98 2 0
587 1 2 698684 3662076 2764 63364 520 0 0 381 651 0 0 48 52 0
588 0 2 698568 3661704 2764 63400 416 0 0 347 628 1 0 59 40 0
589 0 2 698460 3661516 2764 63356 344 0 0 285 556 0 0 74 26 0
590 0 1 697832 3660708 2772 63352 888 0 28 509 776 1 0 65 33 0
591 0 1 697740 3660104 2772 63352 540 0 0 364 639 1 0 75 25 0
592 0 2 697016 3652548 4512 66172 1192 0 0 1138 1464 1 1 66 32 0
593 0 1 695500 3640928 6256 68464 1904 0 0 1622 2024 2 1 58 39 0
594 0 2 695144 3628684 7088 72056 480 0 0 1042 1798 1 1 65 33 0
595 0 2 694576 3633568 8184 77464 704 0 444 1201 1798 1 2 56 42 0
596 0 1 694552 3618800 9352 83188 16 0 0 1162 1941 3 2 71 25 0
