# ano=baseline
85.98599982261658
84.00999999046326
82.72300004959106
85.76899981498718
81.89800000190735
83.16899991035461
84.77600002288818
83.86100006103516
84.52400016784668
83.44000005722046

# ano=cpu
83.65300011634827
88.47699999809265
89.67799997329712
82.80599999427795
89.75500011444092
95.95799994468689
88.57100009918213
86.56599998474121
84.30200004577637
85.88300013542175

# ano=io
94.22000002861023
82.52100014686584
91.32999992370605
89.2020001411438
90.38599991798401
85.41199994087219
103.04699993133545
84.62199997901917
81.2279999256134
87.49700021743774

# ano=net
84.73499989509583
88.8730001449585
84.80000019073486
87.70499992370605
84.26399993896484
90.33299994468689
85.87800002098083
88.14100003242493
85.8510000705719
89.27700018882751

# ano=cpu+io+net
85.19700002670288
95.72800016403198
89.10199999809265
82.49100017547607
84.11199998855591
83.0440001487732
82.99699997901917
96.01100015640259
91.6710000038147
83.62000012397766
