0 0.00 26.40 29.97 22.62 1085.62 1017.66 79.99 3.16 59.76 43.36 81.50 1.93 10.13
1 0.00 0.00 166.00 13.00 708.00 52.00 8.49 1.95 11.08 11.93 0.31 2.35 42.00
2 0.00 0.00 39.00 0.00 2184.00 0.00 112.00 0.33 8.41 8.41 0.00 1.85 7.20
3 0.00 0.00 29.00 0.00 116.00 0.00 8.00 0.17 5.79 5.79 0.00 2.34 6.80
4 0.00 0.00 30.00 0.00 2144.00 0.00 142.93 0.23 7.73 7.73 0.00 2.53 7.60
5 0.00 0.00 14.00 0.00 56.00 0.00 8.00 0.07 5.14 5.14 0.00 3.71 5.20
6 0.00 0.00 30.00 0.00 2148.00 0.00 143.20 0.28 9.33 9.33 0.00 3.20 9.60
7 0.00 0.00 26.00 4.00 104.00 16.00 8.00 0.09 2.93 2.92 3.00 2.00 6.00
8 0.00 0.00 146.00 0.00 2608.00 0.00 35.73 1.01 6.93 6.93 0.00 2.33 34.00
9 0.00 0.00 20.00 0.00 80.00 0.00 8.00 0.10 4.80 4.80 0.00 2.60 5.20
10 0.00 0.00 64.00 0.00 2272.00 0.00 71.00 0.59 9.19 9.19 0.00 4.75 30.40
11 0.00 0.00 198.00 0.00 792.00 0.00 8.00 1.77 8.83 8.83 0.00 4.99 98.80
12 0.00 0.00 363.00 49.00 6012.00 196.00 30.14 6.27 15.20 17.06 1.47 2.38 98.00
13 0.00 0.00 160.00 0.00 3104.00 0.00 38.80 1.40 8.95 8.95 0.00 6.00 96.00
14 0.00 0.00 283.00 0.00 10736.00 0.00 75.87 1.78 6.11 6.11 0.00 3.34 94.40
15 0.00 0.00 216.00 0.00 3960.00 0.00 36.67 1.18 5.69 5.69 0.00 4.24 91.60
16 0.00 12.00 242.00 40.00 4492.00 208.00 33.33 2.77 9.83 6.17 32.00 2.98 84.00
17 0.00 0.00 227.00 16.00 5948.00 64.00 49.48 1.21 4.97 5.30 0.25 3.82 92.80
18 0.00 0.00 200.00 0.00 6000.00 0.00 60.00 1.50 7.54 7.54 0.00 4.60 92.00
19 0.00 0.00 195.00 0.00 5856.00 0.00 60.06 1.26 6.44 6.44 0.00 5.05 98.40
20 0.00 0.00 183.00 0.00 5732.00 0.00 62.64 1.64 8.96 8.96 0.00 5.27 96.40
21 0.00 0.00 227.00 0.00 2460.00 0.00 21.67 2.55 11.24 11.24 0.00 4.11 93.20
22 0.00 0.00 151.00 5.00 3712.00 20.00 47.85 1.54 9.62 9.83 3.20 5.18 80.80
23 0.00 0.00 194.00 0.00 2296.00 0.00 23.67 1.20 6.39 6.39 0.00 4.45 86.40
24 0.00 0.00 225.00 0.00 5168.00 0.00 45.94 1.43 6.29 6.29 0.00 3.64 82.00
25 0.00 0.00 165.00 0.00 1900.00 0.00 23.03 1.20 7.22 7.22 0.00 5.07 83.60
26 0.00 0.00 298.00 5.00 4708.00 44.00 31.37 1.70 5.35 5.37 4.00 2.97 90.00
27 0.00 0.00 161.00 7.00 1912.00 28.00 23.10 1.14 7.31 7.48 3.43 3.98 66.80
28 0.00 0.00 339.00 0.00 5444.00 0.00 32.12 1.17 3.45 3.45 0.00 1.88 63.60
29 0.00 0.00 266.00 0.00 3400.00 0.00 25.56 1.30 4.89 4.89 0.00 2.87 76.40
30 0.00 0.00 243.00 0.00 3872.00 0.00 31.87 2.24 9.22 9.22 0.00 3.88 94.40
31 0.00 0.00 78.00 187.00 388.00 88252.00 668.98 23.96 90.25 11.54 123.08 2.57 68.00
32 0.00 0.00 47.00 27.00 2416.00 108.00 68.22 2.52 33.89 51.15 3.85 10.76 79.60
33 0.00 0.00 49.00 0.00 392.00 0.00 16.00 2.01 40.00 40.00 0.00 20.16 98.80
34 0.00 0.00 68.00 0.00 2500.00 0.00 73.53 2.85 39.41 39.41 0.00 13.71 93.20
35 0.00 0.00 78.00 0.00 1360.00 0.00 34.87 2.49 34.87 34.87 0.00 12.41 96.80
36 0.00 0.00 78.00 0.00 2712.00 0.00 69.54 2.52 32.21 32.21 0.00 12.15 94.80
37 0.00 0.00 72.00 12.00 1088.00 48.00 27.05 1.83 20.52 23.33 3.67 11.76 98.80
38 0.00 0.00 91.00 0.00 2976.00 0.00 65.41 2.91 33.54 33.54 0.00 9.63 87.60
39 0.00 0.00 68.00 1.00 460.00 56.00 14.96 2.11 30.67 31.12 0.00 12.99 89.60
40 0.00 0.00 224.00 0.00 4216.00 0.00 37.64 1.32 5.84 5.84 0.00 3.77 84.40
41 0.00 0.00 429.00 5.00 3844.00 24.00 17.82 1.36 3.12 3.16 0.00 1.62 70.40
42 0.00 0.00 257.00 26.00 8940.00 104.00 63.92 3.05 10.83 11.92 0.00 2.90 82.00
43 0.00 0.00 22.00 0.00 88.00 0.00 8.00 0.26 12.00 12.00 0.00 5.45 12.00
44 0.00 0.00 168.00 0.00 8076.00 0.00 96.14 2.11 12.55 12.55 0.00 3.95 66.40
45 0.00 0.00 216.00 0.00 13456.00 0.00 124.59 2.19 10.09 10.09 0.00 3.83 82.80
46 0.00 0.00 222.00 2.00 14108.00 48.00 126.39 2.45 10.98 11.08 0.00 3.62 81.20
47 0.00 0.00 164.00 112.00 8584.00 448.00 65.45 1.84 6.67 8.51 3.96 2.04 56.40
48 0.00 0.00 24.00 0.00 2124.00 0.00 177.00 0.30 12.33 12.33 0.00 6.83 16.40
49 0.00 0.00 20.00 0.00 80.00 0.00 8.00 0.19 9.40 9.40 0.00 5.60 11.20
50 0.00 0.00 44.00 0.00 2260.00 0.00 102.73 0.56 12.82 12.82 0.00 4.82 21.20
51 0.00 5.00 21.00 21.00 84.00 104.00 8.95 0.46 10.86 5.71 16.00 2.67 11.20
52 0.00 0.00 25.00 106.00 2124.00 424.00 38.90 0.80 6.11 15.20 3.96 1.10 14.40
53 0.00 0.00 53.00 0.00 332.00 0.00 12.53 0.44 8.23 8.23 0.00 4.98 26.40
54 0.00 0.00 35.00 0.00 2200.00 0.00 125.71 0.36 10.40 10.40 0.00 4.91 17.20
55 0.00 0.00 25.00 0.00 100.00 0.00 8.00 0.15 6.08 6.08 0.00 2.40 6.00
56 0.00 0.00 22.00 314.00 2116.00 93952.00 571.83 25.96 76.95 46.00 79.12 1.42 47.60
57 0.00 0.00 20.00 116.00 80.00 464.00 8.00 1.06 8.56 35.00 4.00 4.21 57.20
58 0.00 0.00 30.00 0.00 2144.00 0.00 142.93 1.06 35.20 35.20 0.00 12.67 38.00
59 0.00 0.00 35.00 0.00 200.00 0.00 11.43 1.40 35.77 35.77 0.00 16.34 57.20
60 0.00 0.00 30.00 0.00 1632.00 0.00 108.80 0.97 31.73 31.73 0.00 16.53 49.60
61 0.00 0.00 23.00 166.00 604.00 80012.00 853.08 14.57 77.97 44.87 82.55 1.88 35.60
62 0.00 0.00 21.00 114.00 84.00 456.00 8.00 1.85 5.42 13.14 4.00 2.84 38.40
63 0.00 0.00 23.00 0.00 2120.00 0.00 184.35 1.21 100.87 100.87 0.00 33.39 76.80
64 0.00 0.00 32.00 0.00 128.00 0.00 8.00 1.10 30.12 30.12 0.00 17.75 56.80
65 0.00 0.00 51.00 0.00 2312.00 0.00 90.67 1.23 27.06 27.06 0.00 10.98 56.00
66 0.00 6.00 34.00 43.00 2220.00 6160.00 217.66 2.73 35.12 30.35 38.88 4.31 33.20
67 0.00 0.00 30.00 332.00 120.00 92320.00 510.72 23.03 63.71 32.40 66.54 1.49 54.00
68 0.00 0.00 27.00 116.00 108.00 52640.00 737.73 9.64 65.85 27.85 74.69 3.36 48.00
69 0.00 0.00 29.00 2.00 2144.00 8.00 138.84 1.48 54.84 58.62 0.00 24.65 76.40
70 0.00 22.00 27.00 395.00 1876.00 64364.00 313.93 13.51 31.80 25.48 32.23 1.38 58.40
71 0.00 0.00 167.00 11.00 5660.00 44.00 64.09 9.37 51.01 54.18 2.91 5.21 92.80
72 0.00 0.00 167.00 117.00 4252.00 468.00 33.24 24.98 85.69 76.29 99.11 3.52 100.00
73 0.00 46.00 144.00 97.00 7056.00 572.00 63.30 16.17 61.59 65.14 56.33 4.27 102.80
74 0.00 908.00 88.00 208.00 3636.00 47624.00 346.35 9.44 31.07 46.23 24.65 3.18 94.00
75 0.00 0.00 102.00 0.00 6100.00 0.00 119.61 5.16 51.49 51.49 0.00 9.65 98.40
76 0.00 506.00 201.00 92.00 960.00 2392.00 22.88 1.00 4.11 4.92 2.35 1.80 52.80
77 0.00 0.00 174.00 93.00 2724.00 372.00 23.19 3.40 12.75 15.06 8.43 3.40 90.80
78 0.00 299.00 83.00 17.00 472.00 1264.00 34.72 1.04 9.96 10.31 8.24 4.52 45.20
79 0.00 0.00 157.00 0.00 16792.00 0.00 213.91 3.95 25.32 25.32 0.00 6.37 100.00
80 0.00 0.00 340.00 0.00 39296.00 0.00 231.15 2.28 6.75 6.75 0.00 2.13 72.40
81 0.00 0.00 81.00 0.00 8364.00 0.00 206.52 0.81 10.02 10.02 0.00 3.70 30.00
82 0.00 110.00 114.00 112.00 12480.00 888.00 118.30 2.33 10.30 9.61 11.00 1.73 39.20
83 0.00 0.00 32.00 0.00 2200.00 0.00 137.50 0.43 13.50 13.50 0.00 4.88 15.60
84 0.00 0.00 73.00 0.00 6744.00 0.00 184.77 0.65 8.88 8.88 0.00 4.71 34.40
85 0.00 0.00 117.00 0.00 14088.00 0.00 240.82 0.92 7.90 7.90 0.00 2.70 31.60
86 0.00 0.00 20.00 0.00 80.00 0.00 8.00 0.15 7.40 7.40 0.00 2.00 4.00
87 0.00 0.00 28.00 100.00 2140.00 400.00 39.69 0.77 6.00 13.29 3.96 0.72 9.20
88 0.00 0.00 280.00 0.00 16768.00 0.00 119.77 10.97 38.43 38.43 0.00 3.56 99.60
89 0.00 0.00 243.00 0.00 15164.00 0.00 124.81 8.54 35.87 35.87 0.00 4.12 100.00
90 0.00 0.00 101.00 0.00 3840.00 0.00 76.04 1.72 17.39 17.39 0.00 5.19 52.40
91 0.00 31.00 101.00 353.00 7028.00 60812.00 298.85 18.65 40.15 50.81 37.10 1.81 82.00
92 0.00 0.00 154.00 120.00 8304.00 480.00 64.12 15.70 48.73 68.10 23.87 3.65 100.00
93 0.00 0.00 126.00 0.00 8032.00 0.00 127.49 13.48 126.70 126.70 0.00 7.97 100.40
94 0.00 66.00 104.00 5.00 5292.00 284.00 102.31 5.74 51.96 54.38 1.60 9.10 99.20
95 0.00 0.00 140.00 0.00 7132.00 0.00 101.89 7.61 52.14 52.14 0.00 7.14 100.00
96 0.00 63.37 94.06 31.68 4847.52 403.96 83.53 19.18 142.14 79.71 327.50 7.87 99.01
97 0.00 0.00 141.41 158.59 7212.12 25490.91 218.02 21.51 77.59 63.66 90.01 3.37 101.01
98 0.00 0.00 144.55 0.00 6843.56 0.00 94.68 7.58 53.53 53.53 0.00 6.85 99.01
99 0.00 0.00 48.00 0.00 2220.00 0.00 92.50 2.26 42.08 42.08 0.00 20.83 100.00
100 0.00 0.00 82.00 0.00 328.00 0.00 8.00 1.49 21.41 21.41 0.00 12.15 99.60
101 0.00 7.00 153.00 1.00 5788.00 28.00 75.53 4.91 27.01 27.19 0.00 6.42 98.80
102 0.00 35.00 237.00 222.00 9080.00 28060.00 161.83 20.72 40.95 44.30 37.37 2.18 100.00
103 0.00 0.00 216.00 0.00 8616.00 0.00 79.78 15.15 81.61 81.61 0.00 4.63 100.00
104 0.00 13.00 174.00 117.00 3064.00 29772.00 225.68 13.84 48.21 35.33 67.35 3.44 100.00
105 0.00 0.00 143.00 0.00 3168.00 0.00 44.31 2.48 17.65 17.65 0.00 6.99 100.00
106 0.00 0.00 214.00 0.00 856.00 0.00 8.00 1.21 5.68 5.68 0.00 2.28 48.80
107 0.00 3.00 114.00 106.00 4644.00 436.00 46.18 2.30 10.47 9.44 11.58 1.93 42.40
108 0.00 0.00 21.00 0.00 84.00 0.00 8.00 0.12 5.71 5.71 0.00 2.86 6.00
109 0.00 0.00 25.00 0.00 2128.00 0.00 170.24 0.16 6.56 6.56 0.00 1.76 4.40
110 0.00 0.00 25.00 0.00 100.00 0.00 8.00 0.15 6.08 6.08 0.00 1.92 4.80
111 0.00 0.00 48.00 0.00 4952.00 0.00 206.33 0.86 16.83 16.83 0.00 4.25 20.40
112 0.00 396.00 163.00 572.00 17188.00 3872.00 57.31 7.41 10.14 11.56 9.74 0.71 52.00
113 0.00 0.00 43.00 0.00 2116.00 0.00 98.42 0.42 9.77 9.77 0.00 2.60 11.20
114 0.00 79.00 25.00 60.00 184.00 14328.00 341.46 1.42 16.66 4.96 21.53 1.46 12.40
115 0.00 0.00 24.00 0.00 2124.00 0.00 177.00 0.22 9.00 9.00 0.00 1.83 4.40
116 0.00 359.00 222.00 7.00 7660.00 1464.00 79.69 4.97 21.05 21.59 4.00 3.74 85.60
117 0.00 0.00 111.00 83.00 7928.00 332.00 85.15 5.57 29.48 42.63 11.90 5.13 99.60
118 0.00 35.00 53.00 68.00 1576.00 8612.00 168.40 2.78 22.41 19.25 24.88 3.93 47.60
119 0.00 821.00 88.00 76.00 6104.00 20636.00 326.10 4.78 29.54 39.50 18.00 5.90 96.80
120 0.00 3792.00 76.00 119.00 6200.00 36584.00 438.81 14.29 73.25 33.26 98.79 5.05 98.40
121 0.00 0.00 101.00 37.00 6148.00 11224.00 251.77 3.74 26.99 28.32 23.35 7.25 100.00
122 0.00 0.00 58.00 81.00 232.00 324.00 8.00 1.82 13.24 26.21 3.95 7.19 100.00
123 0.00 0.00 28.00 0.00 2136.00 0.00 152.57 0.24 8.71 8.71 0.00 2.29 6.40
124 0.00 0.00 11.00 0.00 44.00 0.00 8.00 0.02 2.18 2.18 0.00 1.45 1.60
125 0.00 45.00 31.00 61.00 2148.00 11000.00 285.83 2.77 30.09 6.32 42.16 1.26 11.60
126 0.00 77.00 122.00 85.00 1388.00 24656.00 251.63 4.93 23.67 23.77 23.53 1.68 34.80
127 0.00 332.00 169.00 153.00 11144.00 14476.00 159.13 9.58 29.64 34.63 24.13 3.11 100.00
128 0.00 2966.00 87.00 42.00 3932.00 12032.00 247.50 4.25 33.46 37.61 24.86 6.23 80.40
129 0.00 0.00 28.00 0.00 2148.00 0.00 153.43 0.98 34.86 34.86 0.00 7.86 22.00
130 0.00 0.00 21.00 0.00 84.00 0.00 8.00 0.32 15.24 15.24 0.00 3.43 7.20
131 0.00 367.00 87.00 58.00 8396.00 12556.00 288.99 2.22 15.28 7.72 26.62 1.82 26.40
132 0.00 1120.00 30.00 241.00 524.00 37532.00 280.86 6.00 22.15 6.53 24.10 0.78 21.20
133 0.00 2251.00 70.00 132.00 4000.00 41660.00 452.08 6.08 29.76 24.91 32.33 2.71 54.80
134 0.00 3636.00 116.00 43.00 8476.00 14716.00 291.72 7.01 41.46 44.52 33.21 6.29 100.00
135 0.00 67.00 111.00 49.00 11664.00 12716.00 304.75 5.07 34.75 41.44 19.59 4.97 79.60
136 0.00 0.00 21.00 0.00 84.00 0.00 8.00 0.20 9.52 9.52 0.00 3.62 7.60
137 0.00 0.00 39.00 93.00 2556.00 372.00 44.36 2.18 16.55 46.46 4.00 3.85 50.80
138 0.00 0.00 32.00 0.00 748.00 0.00 46.75 0.66 20.00 20.00 0.00 12.00 38.40
139 0.00 107.00 48.00 110.00 2880.00 28332.00 395.09 4.46 28.33 11.33 35.75 2.03 32.00
140 0.00 1691.00 46.00 105.00 212.00 32028.00 427.02 3.50 23.15 3.39 31.81 1.32 20.00
141 0.00 306.00 62.00 110.00 3468.00 13012.00 191.63 3.78 22.00 10.77 28.33 1.33 22.80
142 0.00 0.00 31.00 104.00 124.00 416.00 8.00 1.78 13.16 4.13 15.85 0.39 5.20
143 0.00 0.00 104.00 0.00 3700.00 0.00 71.15 0.98 9.38 9.38 0.00 3.31 34.40
144 0.00 66.00 104.00 74.00 5956.00 18472.00 274.47 2.48 13.96 5.54 25.78 1.69 30.00
145 0.00 0.00 37.00 29.00 2308.00 8260.00 320.24 1.14 17.27 9.51 27.17 2.61 17.20
146 0.00 0.00 268.00 83.00 7168.00 27556.00 197.86 3.84 10.94 3.48 35.04 0.88 30.80
147 0.00 60.00 171.00 111.00 2876.00 684.00 25.25 0.88 3.11 2.55 3.96 0.43 12.00
148 0.00 0.00 17.00 0.00 68.00 0.00 8.00 0.08 4.94 4.94 0.00 4.47 7.60
149 0.00 0.00 191.00 0.00 4476.00 0.00 46.87 1.37 7.06 7.06 0.00 4.10 78.40
150 0.00 0.00 801.00 0.00 10992.00 0.00 27.45 2.27 2.86 2.86 0.00 0.65 52.00
151 0.00 529.00 75.00 89.00 2228.00 22484.00 301.37 3.50 20.46 19.79 21.03 4.73 77.60
152 0.00 6.00 160.00 102.00 1292.00 408.00 12.98 20.64 67.83 103.50 11.88 3.19 83.60
153 0.00 63.00 523.00 125.00 2488.00 32416.00 107.73 56.34 88.61 90.29 81.57 1.54 100.00
154 0.00 13376.00 260.00 215.00 3076.00 73688.00 323.22 104.57 202.48 172.97 238.16 2.11 100.00
155 0.00 0.00 302.00 51.00 2356.00 16956.00 109.42 33.16 114.22 85.67 283.29 2.83 100.00
156 0.00 0.00 352.00 40.00 1408.00 12508.00 71.00 69.50 157.85 129.32 408.90 2.55 100.00
157 0.00 1117.00 332.00 243.00 3384.00 33956.00 129.88 90.46 155.25 167.31 138.77 1.74 100.00
158 0.00 0.00 229.00 85.00 1584.00 27588.00 185.81 37.17 151.96 103.55 282.40 3.18 100.00
159 0.00 0.00 1065.00 0.00 4324.00 0.00 8.12 21.20 20.09 20.09 0.00 0.94 100.00
160 0.00 0.00 399.00 0.00 3624.00 0.00 18.17 24.04 60.26 60.26 0.00 2.51 100.00
161 0.00 0.00 260.00 0.00 1040.00 0.00 8.00 22.10 70.17 70.17 0.00 3.85 100.00
162 0.00 0.00 488.00 90.00 3980.00 360.00 15.02 33.06 63.27 52.28 122.89 1.73 100.00
163 0.00 0.00 982.00 0.00 6092.00 0.00 12.41 22.92 23.93 23.93 0.00 1.02 100.00
164 0.00 72.00 3354.00 7.00 13448.00 316.00 8.19 20.96 6.13 6.02 60.57 0.30 102.00
165 0.00 284.00 2713.00 74.00 16272.00 18836.00 25.19 21.80 7.84 6.88 42.92 0.29 81.20
166 0.00 11673.00 1166.00 162.00 15048.00 58712.00 111.08 10.32 7.69 4.72 29.11 0.44 58.80
167 0.00 11.00 28.00 134.00 132.00 35520.00 440.15 9.79 60.72 31.43 66.84 2.77 44.80
168 0.00 8.00 43.00 59.00 2412.00 18924.00 418.35 12.74 125.53 33.95 192.27 5.73 58.40
169 0.00 122.00 16.00 58.00 88.00 18304.00 497.08 14.08 46.32 25.25 52.14 7.14 52.80
170 0.00 29.00 72.00 114.00 2480.00 33948.00 391.70 14.22 133.72 25.83 201.86 2.73 50.80
171 0.00 0.00 15.00 0.00 60.00 0.00 8.00 1.01 59.20 59.20 0.00 36.00 54.00
172 0.00 0.00 33.00 90.00 2356.00 360.00 44.16 33.37 271.84 141.45 319.64 8.13 100.00
173 0.00 0.00 20.00 0.00 156.00 0.00 15.60 2.47 121.20 121.20 0.00 43.80 87.60
174 0.00 0.00 1043.00 0.00 7048.00 0.00 13.51 13.40 12.90 12.90 0.00 0.91 95.20
175 0.00 30.00 1908.00 16.00 9676.00 2764.00 12.93 12.44 6.49 6.49 6.75 0.38 74.00
176 0.00 0.00 19.00 0.00 76.00 0.00 8.00 0.40 17.89 17.89 0.00 18.11 34.40
177 0.00 50.00 28.00 85.00 2140.00 15968.00 320.50 3.76 33.77 22.14 37.60 3.04 34.40
178 0.00 572.00 14.00 90.00 56.00 27528.00 530.46 3.20 30.62 47.43 28.00 4.23 44.00
179 0.00 229.00 36.00 51.00 156.00 13880.00 322.67 2.88 33.06 38.33 29.33 8.60 74.80
180 0.00 30.00 26.00 55.00 2128.00 16592.00 462.22 2.75 34.17 27.08 37.53 6.12 49.60
181 0.00 11.00 29.00 41.00 180.00 16976.00 490.17 6.93 59.26 26.21 82.63 10.17 71.20
182 0.00 32.67 29.70 108.91 1643.56 20673.27 322.00 61.94 317.03 196.67 349.85 9.63 133.47
183 0.00 0.00 31.00 52.00 720.00 15796.00 397.98 22.12 269.78 70.06 388.85 11.95 99.20
184 0.00 31.00 5.00 7.00 20.00 112.00 22.00 49.00 400.33 223.20 526.86 83.33 100.00
185 0.00 25.00 207.00 79.00 3584.00 26996.00 213.85 25.24 225.85 21.31 761.77 3.34 95.60
186 0.00 17.00 329.00 232.00 2316.00 58588.00 217.13 85.53 141.07 69.54 242.50 1.78 100.00
187 0.00 0.00 572.00 116.00 2384.00 464.00 8.28 103.23 160.85 157.62 176.79 1.45 100.00
188 0.00 0.00 622.00 0.00 4512.00 0.00 14.51 111.01 171.61 171.61 0.00 1.61 100.00
189 0.00 0.00 627.00 0.00 2508.00 0.00 8.00 107.91 163.29 163.29 0.00 1.59 100.00
190 0.00 0.00 2631.00 0.00 10576.00 0.00 8.04 108.94 46.12 46.12 0.00 0.38 100.00
191 0.00 0.00 1970.00 0.00 9908.00 0.00 10.06 79.68 38.97 38.97 0.00 0.49 97.20
192 0.00 0.00 2034.00 5.00 8136.00 20.00 8.00 112.52 55.08 55.04 68.80 0.49 100.00
193 0.00 0.00 549.00 0.00 2196.00 0.00 8.00 107.19 166.27 166.27 0.00 1.82 100.00
194 0.00 68.00 1752.00 9.00 9924.00 308.00 11.62 101.64 69.04 68.81 112.89 0.57 100.00
195 0.00 315.00 1048.00 74.00 7896.00 17836.00 45.87 12.38 11.45 10.15 29.95 0.89 100.00
196 0.00 326.00 1170.00 55.00 6712.00 19040.00 42.04 8.51 6.87 5.82 29.24 0.82 100.40
197 0.00 71.00 235.00 80.00 940.00 17704.00 118.37 15.76 50.01 33.48 98.55 3.17 100.00
198 0.00 75.00 113.00 75.00 2480.00 21296.00 252.94 34.64 181.04 109.98 288.11 5.32 100.00
199 0.00 6.00 103.00 48.00 424.00 15924.00 216.53 37.18 195.15 95.50 409.00 6.62 100.00
200 0.00 3.00 88.00 92.00 788.00 29620.00 337.87 29.34 207.69 78.91 330.87 5.56 100.00
201 0.00 0.00 222.00 48.00 2956.00 16100.00 141.16 6.93 25.79 14.65 77.33 1.93 52.00
202 0.00 3090.00 2638.00 127.00 12632.00 26664.00 28.42 10.15 3.67 2.24 33.20 0.20 55.20
203 0.00 0.00 1264.00 0.00 5400.00 0.00 8.54 12.44 9.07 9.07 0.00 0.76 96.00
204 0.00 0.00 72.00 0.00 3056.00 0.00 84.89 1.44 20.39 20.39 0.00 8.22 59.20
205 0.00 0.00 21.00 0.00 84.00 0.00 8.00 0.10 4.76 4.76 0.00 4.19 8.80
206 0.00 52.00 142.00 93.00 3452.00 30020.00 284.87 6.58 26.45 31.97 18.02 2.77 65.20
207 0.00 0.00 652.00 231.00 5668.00 24660.00 68.69 75.75 81.22 100.85 25.80 1.13 100.00
208 0.00 0.00 809.00 0.00 7936.00 0.00 19.62 62.83 80.00 80.00 0.00 1.24 100.00
209 0.00 133.00 330.00 0.00 5668.00 0.00 34.35 74.32 167.89 167.89 0.00 3.03 100.00
210 0.00 0.00 375.00 9.00 3404.00 568.00 20.69 81.76 230.61 223.41 530.67 2.60 100.00
211 0.00 0.00 596.00 0.00 3820.00 0.00 12.82 79.86 151.11 151.11 0.00 1.68 100.00
212 0.00 0.00 386.00 88.00 2892.00 352.00 13.69 90.20 175.60 160.51 241.82 2.11 100.00
213 0.00 0.00 250.00 0.00 5368.00 0.00 42.94 61.14 271.98 271.98 0.00 4.00 100.00
214 0.00 21.00 1947.00 4.00 20212.00 100.00 20.82 61.58 33.51 33.54 15.00 0.51 100.00
215 0.00 23.00 2209.00 3.00 19316.00 104.00 17.56 68.50 30.26 30.21 64.00 0.45 100.00
216 0.00 79.00 638.00 2.00 3764.00 8.00 11.79 66.01 89.89 89.51 210.00 1.56 100.00
217 0.00 83.00 49.00 7.00 204.00 344.00 19.57 72.99 254.29 217.47 512.00 17.86 100.00
218 0.00 386.00 37.00 62.00 2336.00 6772.00 184.00 47.45 906.55 768.86 988.71 10.10 100.00
219 0.00 57.00 7.00 10.00 28.00 228.00 30.12 108.47 1424.24 1213.14 1572.00 58.82 100.00
220 0.00 0.00 0.00 1.00 0.00 8.00 16.00 127.51 1724.00 0.00 1724.00 1000.00 100.00
221 0.00 0.00 130.00 123.00 1052.00 38760.00 314.72 73.51 1217.87 192.77 2301.30 3.95 100.00
222 0.00 0.00 142.00 56.00 1516.00 2812.00 43.72 57.13 225.72 196.99 298.57 5.05 100.00
223 0.00 4.00 542.00 112.00 6172.00 37596.00 133.85 27.38 64.97 18.94 287.71 1.48 96.80
224 0.00 3099.00 74.00 108.00 304.00 33656.00 373.19 5.50 25.41 7.41 37.74 1.69 30.80
225 0.00 0.00 24.00 75.00 2120.00 24084.00 529.37 2.18 30.83 35.17 29.44 2.67 26.40
226 0.00 62.00 58.00 0.00 3812.00 0.00 131.45 2.40 40.55 40.55 0.00 15.45 89.60
227 0.00 1139.00 276.00 57.00 4768.00 5032.00 58.86 12.24 36.80 42.87 7.44 2.98 99.20
228 0.00 0.00 85.00 0.00 3676.00 0.00 86.49 2.84 31.39 31.39 0.00 11.76 100.00
229 0.00 12.00 3190.00 3.00 26600.00 60.00 16.70 17.51 5.55 5.55 2.67 0.31 98.80
230 0.00 51.00 136.00 191.00 700.00 52864.00 327.61 7.00 21.39 6.97 31.66 0.95 31.20
231 0.00 7667.00 72.00 155.00 2568.00 48172.00 447.05 7.74 34.11 12.44 44.18 1.44 32.80
232 0.00 0.00 279.00 0.00 30204.00 0.00 216.52 7.35 25.88 25.88 0.00 3.51 98.00
233 0.00 6.00 153.00 125.00 15396.00 524.00 114.53 14.52 50.94 68.18 29.82 3.60 100.00
234 0.00 0.00 127.00 0.00 9308.00 0.00 146.58 10.33 79.12 79.12 0.00 7.87 100.00
235 0.00 81.00 38.00 2.00 2156.00 24.00 109.00 63.70 101.70 105.16 36.00 25.00 100.00
236 0.00 4.00 231.00 103.00 9652.00 31252.00 244.93 38.08 294.30 90.01 752.47 2.99 100.00
237 0.00 244.00 542.00 17.00 23852.00 1044.00 89.07 8.58 15.47 15.84 3.76 1.79 100.00
238 0.00 0.00 169.00 97.00 16736.00 388.00 128.75 2.12 8.41 10.93 4.00 2.14 56.80
239 0.00 0.00 42.00 0.00 2276.00 0.00 108.38 0.50 11.81 11.81 0.00 4.86 20.40
240 0.00 27.00 416.00 3.00 7248.00 120.00 35.17 1.46 3.47 3.48 2.67 1.20 50.40
241 0.00 62.00 89.00 55.00 2848.00 9840.00 176.22 5.64 38.64 36.94 41.38 6.94 100.00
242 0.00 109.00 222.00 9.00 19972.00 472.00 177.00 9.40 39.58 41.06 3.11 4.31 99.60
243 0.00 232.00 669.00 119.00 26844.00 1404.00 71.70 16.90 21.24 24.31 3.97 1.27 100.00
244 0.00 6.00 527.00 3.00 20992.00 36.00 79.35 5.24 10.83 10.87 4.00 1.08 57.20
245 0.00 23.00 35.00 5.00 2176.00 112.00 114.40 0.36 9.00 9.71 4.00 4.50 18.00
246 0.00 42.00 1295.00 45.00 39980.00 15740.00 83.16 12.93 9.63 9.09 25.16 0.49 65.20
247 0.00 45.00 46.00 58.00 2380.00 8632.00 211.77 1.30 12.69 10.00 14.83 1.54 16.00
248 0.00 0.00 80.00 111.00 6420.00 444.00 71.87 0.87 4.57 5.40 3.96 1.45 27.60
249 0.00 0.00 229.00 0.00 2944.00 0.00 25.71 0.60 2.64 2.64 0.00 0.91 20.80
250 0.00 32.00 48.00 69.00 252.00 13672.00 238.02 3.26 27.56 9.42 40.17 2.60 30.40
251 0.00 0.00 79.00 0.00 2340.00 0.00 59.24 1.07 14.03 14.03 0.00 4.30 34.00
252 0.00 0.00 23.00 0.00 92.00 0.00 8.00 0.25 10.78 10.78 0.00 7.30 16.80
253 0.00 0.00 50.00 67.00 3208.00 268.00 59.42 2.89 22.60 37.04 11.82 4.72 55.20
254 0.00 0.00 63.00 0.00 3364.00 0.00 106.79 23.06 98.73 98.73 0.00 15.87 100.00
255 0.00 3.00 130.00 113.00 12316.00 34880.00 388.44 15.13 132.40 27.78 252.74 2.95 71.60
256 0.00 87.00 645.00 64.00 35916.00 17180.00 149.78 7.23 10.26 8.15 31.50 1.22 86.40
257 0.00 0.00 38.00 40.00 3124.00 13016.00 413.85 1.78 21.28 12.84 29.30 4.26 33.20
258 0.00 0.00 32.00 106.00 128.00 424.00 8.00 2.27 17.39 22.50 15.85 2.46 34.00
259 0.00 0.00 71.00 0.00 2308.00 0.00 65.01 3.66 46.82 46.82 0.00 10.37 73.60
260 0.00 18.00 485.00 7.00 7944.00 100.00 32.70 3.87 8.54 8.62 2.86 1.23 60.40
261 0.00 0.00 33.00 0.00 2160.00 0.00 130.91 0.28 8.48 8.48 0.00 1.45 4.80
262 0.00 0.00 21.00 21.00 220.00 9228.00 449.90 0.78 18.67 5.33 32.00 2.00 8.40
263 0.00 0.00 247.00 94.00 3792.00 376.00 24.45 37.82 96.96 129.34 11.87 1.45 49.60
264 0.00 0.00 895.00 0.00 6248.00 0.00 13.96 89.50 97.33 97.33 0.00 1.12 100.00
265 0.00 0.00 923.00 0.00 8628.00 0.00 18.70 92.73 103.63 103.63 0.00 1.08 100.00
266 0.00 84.00 1190.00 5.00 8124.00 356.00 14.19 87.98 74.19 73.63 207.20 0.84 100.00
267 0.00 0.00 1417.00 0.00 9464.00 0.00 13.36 100.93 68.62 68.62 0.00 0.71 100.00
268 0.00 0.00 1132.00 17.00 6624.00 68.00 11.65 83.74 71.51 69.96 174.82 0.80 92.40
269 0.00 0.00 346.00 0.00 2276.00 0.00 13.16 94.50 264.14 264.14 0.00 2.89 100.00
270 0.00 65.00 226.00 6.00 3600.00 284.00 33.48 86.46 362.10 354.46 650.00 4.31 100.00
271 0.00 0.00 1258.00 0.00 9276.00 0.00 14.75 75.76 70.60 70.60 0.00 0.79 100.00
272 0.00 0.00 1895.00 0.00 15124.00 0.00 15.96 64.87 34.59 34.59 0.00 0.53 100.00
273 0.00 81.00 163.00 117.00 3172.00 21576.00 176.77 6.22 22.27 21.67 23.11 2.60 72.80
274 0.00 86.00 29.00 50.00 2140.00 16012.00 459.54 2.58 32.66 30.34 34.00 3.19 25.20
275 0.00 11.00 31.00 51.00 212.00 16504.00 407.71 2.86 28.49 15.61 36.31 3.22 26.40
276 0.00 98.00 30.00 97.00 2148.00 31376.00 527.94 3.34 28.69 34.27 26.97 3.06 38.80
277 0.00 0.00 31.00 0.00 232.00 0.00 14.97 1.56 57.55 57.55 0.00 8.52 26.40
278 0.00 0.00 32.00 38.00 1656.00 152.00 51.66 1.02 12.69 18.25 8.00 2.63 18.40
279 0.00 0.00 17.00 0.00 568.00 0.00 66.82 0.16 15.29 15.29 0.00 3.29 5.60
280 0.00 1127.00 431.00 248.00 4444.00 47264.00 152.31 44.05 63.79 36.69 110.90 1.04 70.80
281 0.00 0.00 2239.00 0.00 11528.00 0.00 10.30 74.19 33.28 33.28 0.00 0.45 100.00
282 0.00 0.00 2952.00 0.00 22776.00 0.00 15.43 45.46 15.33 15.33 0.00 0.29 86.80
283 0.00 9.00 2255.00 164.00 13816.00 19152.00 27.26 33.34 12.52 11.68 24.00 0.38 92.00
284 0.00 0.00 314.00 0.00 3444.00 0.00 21.94 19.59 71.95 71.95 0.00 3.08 96.80
285 0.00 180.00 360.00 78.00 1600.00 15676.00 78.89 32.80 73.82 63.19 122.87 2.28 100.00
286 0.00 59.00 154.00 35.00 616.00 15848.00 174.22 35.16 134.88 133.90 139.20 5.29 100.00
287 0.00 41.00 93.00 68.00 2484.00 22464.00 309.91 93.45 632.00 420.69 921.00 6.21 100.00
288 0.00 47.00 79.00 84.00 344.00 336.00 8.34 99.38 105.15 107.49 102.95 6.13 100.00
289 0.00 0.00 676.00 122.00 4852.00 32480.00 93.56 60.24 181.32 80.21 741.57 1.25 100.00
290 0.00 110.00 265.00 100.00 3260.00 33056.00 198.99 12.24 34.40 14.32 87.60 0.95 34.80
291 0.00 3356.00 110.00 255.00 800.00 43212.00 241.16 20.03 34.01 31.27 35.18 0.88 32.00
292 0.00 0.00 672.00 30.00 4300.00 12428.00 47.66 87.84 128.37 128.27 130.67 1.42 100.00
293 0.00 0.00 465.00 113.00 6040.00 452.00 22.46 102.24 166.23 134.30 297.63 1.73 100.00
294 0.00 0.00 489.00 0.00 3448.00 0.00 14.10 85.07 152.59 152.59 0.00 2.04 100.00
295 0.00 0.00 451.00 0.00 4948.00 0.00 21.94 87.31 216.80 216.80 0.00 2.22 100.00
296 0.00 0.00 768.00 0.00 5108.00 0.00 13.30 88.31 121.21 121.21 0.00 1.30 100.00
297 0.00 0.00 1849.00 0.00 13576.00 0.00 14.68 84.56 46.77 46.77 0.00 0.54 100.00
298 0.00 39.00 2467.00 11.00 24608.00 200.00 20.02 72.08 29.11 28.87 82.18 0.40 100.00
299 0.00 90.00 713.00 3.00 9172.00 16.00 25.66 25.80 21.41 21.37 30.67 0.82 58.40
300 0.00 287.00 30.00 78.00 160.00 22244.00 414.89 15.45 121.67 28.13 157.64 4.30 46.40
301 0.00 2244.00 0.00 0.00 0.00 0.00 0.00 87.56 0.00 0.00 0.00 0.00 100.00
302 0.00 0.00 42.00 88.00 2256.00 30180.00 499.02 76.52 1332.65 617.14 1674.14 7.63 99.20
303 0.00 6.23 22.96 64.98 879.38 14988.33 360.88 66.41 775.79 208.34 976.26 9.24 81.25
304 0.00 8.00 45.00 2.00 2352.00 40.00 101.79 0.48 10.38 10.76 2.00 3.91 18.40
305 0.00 0.00 25.00 0.00 224.00 0.00 17.92 0.13 5.28 5.28 0.00 1.92 4.80
306 0.00 0.00 37.00 84.00 2176.00 21844.00 397.02 3.68 30.41 15.89 36.81 2.12 25.60
307 0.00 0.00 34.00 1.00 188.00 4.00 10.97 1.48 42.40 43.41 8.00 8.69 30.40
308 0.00 0.00 31.00 0.00 188.00 0.00 12.13 1.82 48.00 48.00 0.00 14.58 45.20
309 0.00 0.00 26.00 0.00 2104.00 0.00 161.85 3.64 79.54 79.54 0.00 26.46 68.80
310 0.00 435.00 53.00 26.00 212.00 8812.00 228.46 18.38 144.05 114.49 204.31 12.66 100.00
311 0.00 9.00 473.00 214.00 4124.00 30612.00 101.12 39.46 56.44 12.71 153.08 1.02 70.00
312 0.00 446.00 643.00 116.00 9660.00 33020.00 112.46 29.61 50.49 32.33 151.14 1.31 99.60
313 0.00 0.00 442.00 0.00 4748.00 0.00 21.48 48.30 100.36 100.36 0.00 2.26 100.00
314 0.00 0.00 381.00 0.00 4148.00 0.00 21.77 32.41 92.08 92.08 0.00 2.62 100.00
315 0.00 12.00 528.00 1.00 14092.00 52.00 53.47 18.15 38.21 38.24 20.00 1.89 100.00
316 0.00 75.00 349.00 175.00 10240.00 19508.00 113.54 15.34 29.44 23.45 41.37 1.72 90.00
317 0.00 324.00 28.00 62.00 2248.00 17828.00 446.13 11.06 122.67 24.57 166.97 5.38 48.40
318 0.00 364.00 41.00 66.00 216.00 19444.00 367.48 6.78 63.18 40.39 77.33 5.57 59.60
319 0.00 213.00 89.00 119.00 2432.00 33504.00 345.54 6.56 31.50 23.69 37.34 2.10 43.60
320 0.00 0.00 260.00 3.00 3424.00 832.00 32.37 6.23 23.57 23.82 2.67 3.80 100.00
321 0.00 0.00 289.00 101.00 4452.00 404.00 24.90 8.68 21.19 27.21 3.96 2.57 100.40
322 0.00 0.00 292.00 0.00 1700.00 0.00 11.64 9.53 33.30 33.30 0.00 3.42 100.00
323 0.00 0.00 1043.00 0.00 7324.00 0.00 14.04 9.79 9.55 9.55 0.00 0.96 100.00
324 0.00 0.00 469.00 0.00 1876.00 0.00 8.00 2.21 4.79 4.79 0.00 0.78 36.80
325 0.00 0.00 25.00 0.00 2128.00 0.00 170.24 0.22 9.28 9.28 0.00 2.56 6.40
326 0.00 0.00 175.00 6.00 2096.00 24.00 23.43 2.23 12.22 12.62 0.67 4.69 84.80
327 0.00 0.00 165.00 0.00 4928.00 0.00 59.73 12.50 71.42 71.42 0.00 6.06 100.00
328 0.00 164.00 687.00 5.00 24980.00 676.00 74.15 29.22 43.07 42.45 128.80 1.45 100.00
329 0.00 969.00 578.00 17.00 30916.00 3944.00 117.18 21.49 36.27 35.38 66.35 1.68 100.00
330 0.00 275.00 397.00 13.00 19984.00 1152.00 103.10 5.58 13.76 14.05 4.92 2.40 98.40
331 0.00 0.00 264.00 23.00 6256.00 92.00 44.24 1.72 6.01 6.52 0.17 3.04 87.20
332 0.00 0.00 254.00 0.00 1208.00 0.00 9.51 2.48 9.72 9.72 0.00 2.68 68.00
333 0.00 0.00 351.00 0.00 4088.00 0.00 23.29 3.30 9.39 9.39 0.00 2.83 99.20
334 0.00 0.00 63.00 0.00 252.00 0.00 8.00 0.77 12.38 12.38 0.00 5.21 32.80
335 0.00 0.00 31.00 0.00 2148.00 0.00 138.58 1.07 34.58 34.58 0.00 14.45 44.80
336 0.00 0.00 95.00 12.00 392.00 48.00 8.22 2.30 21.35 23.07 7.67 6.54 70.00
337 0.00 74.00 145.00 90.00 580.00 19512.00 171.00 8.38 34.91 31.37 40.62 4.22 99.20
338 0.00 40.00 310.00 59.00 3328.00 17844.00 114.75 12.56 34.41 35.59 28.20 2.71 100.00
339 0.00 8.00 150.00 5.00 4740.00 52.00 61.83 9.26 57.63 59.41 4.00 6.17 95.60
340 0.00 0.00 185.00 0.00 16340.00 0.00 176.65 9.21 50.55 50.55 0.00 5.41 100.00
341 0.00 7.00 191.00 40.00 12436.00 188.00 109.30 18.50 69.39 83.16 3.60 4.33 100.00
342 0.00 2.00 563.00 37.00 17976.00 11816.00 99.31 11.13 23.07 22.01 39.14 1.35 81.20
343 0.00 101.00 36.00 84.00 2292.00 19088.00 356.33 12.38 103.17 34.78 132.48 6.07 72.80
344 0.00 2.00 133.00 45.00 6976.00 15604.00 253.71 2.37 13.19 6.68 32.44 1.93 34.40
345 0.00 2.00 368.00 108.00 9080.00 32152.00 173.24 8.74 15.55 8.51 39.52 1.87 89.20
346 0.00 8.00 117.00 82.00 948.00 12652.00 136.68 23.73 112.34 95.42 136.49 5.03 100.00
347 0.00 0.00 142.00 16.00 4960.00 4980.00 125.82 13.57 86.00 91.86 34.00 6.28 99.20
348 0.00 16.83 1366.34 3.96 46126.73 83.17 67.45 22.05 16.41 16.41 17.00 0.72 99.01
349 0.00 1.01 44.44 58.59 4311.11 14965.66 374.20 2.43 23.45 16.55 28.69 3.25 33.54
350 0.00 134.65 177.23 36.63 12364.36 9667.33 206.04 5.31 25.04 20.22 48.32 3.91 83.56
351 0.00 93.00 131.00 92.00 2552.00 19216.00 195.23 5.99 16.81 9.77 26.83 2.49 55.60
352 0.00 0.00 177.00 70.00 4076.00 15968.00 162.30 9.23 33.70 25.31 54.91 3.87 95.60
353 0.00 0.00 72.00 0.00 3020.00 0.00 83.89 8.49 117.17 117.17 0.00 13.89 100.00
354 0.00 71.00 248.00 73.00 8192.00 24756.00 205.28 9.70 33.08 30.85 40.66 2.99 96.00
355 0.00 113.00 706.00 5.00 18576.00 472.00 53.58 17.38 24.28 24.44 2.40 1.40 99.60
356 0.00 7.00 511.00 34.00 22152.00 144.00 81.82 7.52 9.81 10.46 0.12 1.83 99.60
357 0.00 3.00 162.00 76.00 2688.00 16376.00 160.20 5.48 32.40 29.93 37.68 4.20 100.00
358 0.00 0.00 72.00 0.00 1924.00 0.00 53.44 5.98 77.50 77.50 0.00 13.89 100.00
359 0.00 0.00 265.00 0.00 3428.00 0.00 25.87 13.99 54.60 54.60 0.00 3.77 100.00
360 0.00 2.00 519.00 113.00 14616.00 33772.00 153.13 14.02 22.23 15.82 51.68 1.57 99.20
361 0.00 8.00 72.00 85.00 3036.00 14716.00 226.14 3.70 23.36 14.33 31.01 4.66 73.20
362 0.00 0.00 30.00 0.00 148.00 0.00 9.87 1.52 51.87 51.87 0.00 25.20 75.60
363 0.00 0.00 30.00 0.00 2156.00 0.00 143.73 3.07 100.67 100.67 0.00 29.47 88.40
364 0.00 0.00 67.00 0.00 268.00 0.00 8.00 4.30 64.72 64.72 0.00 13.49 90.40
365 0.00 3.00 153.00 53.00 2636.00 11192.00 134.25 2.97 14.47 10.82 24.98 2.68 55.20
366 0.00 0.00 22.00 0.00 88.00 0.00 8.00 0.19 8.55 8.55 0.00 4.36 9.60
367 0.00 0.00 36.00 29.00 2220.00 116.00 71.88 0.64 9.85 11.44 7.86 3.08 20.00
368 0.00 0.00 28.00 0.00 112.00 0.00 8.00 0.49 17.57 17.57 0.00 11.00 30.80
369 0.00 0.00 24.00 0.00 2124.00 0.00 177.00 1.20 50.00 50.00 0.00 22.33 53.60
370 0.00 0.00 44.00 15.00 3280.00 7328.00 359.59 1.62 26.78 30.45 16.00 10.71 63.20
371 0.00 5.00 55.00 2.00 5152.00 28.00 181.75 2.59 46.11 47.71 2.00 12.49 71.20
372 0.00 0.00 36.00 7.00 900.00 28.00 43.16 0.36 8.37 10.00 0.00 5.21 22.40
373 0.00 0.00 24.00 0.00 2120.00 0.00 176.67 0.36 15.00 15.00 0.00 6.83 16.40
374 0.00 0.00 24.00 0.00 96.00 0.00 8.00 0.16 6.50 6.50 0.00 5.17 12.40
375 0.00 0.00 29.00 0.00 2144.00 0.00 147.86 0.23 7.86 7.86 0.00 3.45 10.00
376 0.00 0.00 23.00 0.00 92.00 0.00 8.00 0.12 5.04 5.04 0.00 3.48 8.00
377 0.00 0.00 32.00 4.00 2156.00 16.00 120.67 0.32 8.78 9.88 0.00 3.11 11.20
378 0.00 0.00 20.00 0.00 80.00 0.00 8.00 0.47 24.00 24.00 0.00 7.00 14.00
379 0.00 0.00 30.00 0.00 2144.00 0.00 142.93 1.90 62.93 62.93 0.00 22.40 67.20
380 0.00 0.00 24.00 0.00 96.00 0.00 8.00 0.35 15.00 15.00 0.00 8.83 21.20
381 0.00 0.00 25.00 0.00 2128.00 0.00 170.24 0.24 9.76 9.76 0.00 4.64 11.60
382 0.00 0.00 159.00 4.00 1064.00 16.00 13.25 1.72 10.33 10.59 0.00 3.24 52.80
383 0.00 0.00 428.00 0.00 4388.00 0.00 20.50 6.35 14.80 14.80 0.00 2.34 100.00
384 0.00 0.00 122.00 0.00 2104.00 0.00 34.49 2.26 18.62 18.62 0.00 6.07 74.00
385 0.00 0.00 99.00 0.00 3044.00 0.00 61.49 1.79 18.34 18.34 0.00 8.89 88.00
386 0.00 0.00 276.00 0.00 4188.00 0.00 30.35 5.17 18.71 18.71 0.00 3.62 100.00
387 0.00 0.00 592.00 140.00 6884.00 560.00 20.34 7.03 9.57 10.90 3.97 1.37 100.00
388 0.00 0.00 126.00 0.00 2544.00 0.00 40.38 1.10 9.02 9.02 0.00 2.83 35.60
389 0.00 0.00 33.00 0.00 2160.00 0.00 130.91 0.38 11.64 11.64 0.00 3.76 12.40
390 0.00 77.00 23.00 82.00 92.00 8272.00 159.31 3.86 36.80 6.43 45.32 1.30 13.60
391 0.00 0.00 32.00 0.00 2156.00 0.00 134.75 0.24 7.62 7.62 0.00 3.88 12.40
392 0.00 0.00 27.00 33.00 360.00 132.00 16.40 0.17 2.87 6.22 0.12 1.73 10.40
393 0.00 0.00 30.00 0.00 2148.00 0.00 143.20 0.24 8.00 8.00 0.00 3.33 10.00
394 0.00 0.00 26.00 0.00 104.00 0.00 8.00 0.05 2.00 2.00 0.00 1.69 4.40
395 0.00 0.00 29.00 0.00 2144.00 0.00 147.86 0.26 8.97 8.97 0.00 3.03 8.80
396 0.00 0.00 26.00 0.00 104.00 0.00 8.00 0.07 2.62 2.62 0.00 2.00 5.20
397 0.00 0.00 30.00 5.00 2148.00 20.00 123.89 0.21 5.94 6.80 0.80 1.83 6.40
398 0.00 0.00 33.00 0.00 132.00 0.00 8.00 0.11 3.27 3.27 0.00 1.70 5.60
399 0.00 0.00 32.00 0.00 2156.00 0.00 134.75 0.29 9.12 9.12 0.00 3.00 9.60
400 0.00 0.00 27.00 0.00 108.00 0.00 8.00 0.12 4.30 4.30 0.00 2.37 6.40
401 0.00 0.00 31.00 0.00 2152.00 0.00 138.84 0.32 10.32 10.32 0.00 3.87 12.00
402 0.00 0.00 23.00 4.00 92.00 16.00 8.00 0.14 5.33 6.09 1.00 2.96 8.00
403 0.00 0.00 28.00 0.00 2136.00 0.00 152.57 0.17 6.14 6.14 0.00 1.71 4.80
404 0.00 0.00 40.00 0.00 160.00 0.00 8.00 0.23 5.80 5.80 0.00 1.90 7.60
405 0.00 0.00 37.00 0.00 2176.00 0.00 117.62 0.36 9.84 9.84 0.00 2.16 8.00
406 0.00 0.00 25.00 0.00 100.00 0.00 8.00 0.12 4.64 4.64 0.00 2.40 6.00
407 0.00 0.00 487.00 4.00 3976.00 16.00 16.26 1.77 3.58 3.58 3.00 1.47 72.00
408 0.00 0.00 88.00 0.00 476.00 0.00 10.82 0.49 5.73 5.73 0.00 2.73 24.00
409 0.00 0.00 33.00 0.00 2160.00 0.00 130.91 0.29 8.85 8.85 0.00 2.79 9.20
410 0.00 0.00 47.00 0.00 188.00 0.00 8.00 0.24 5.19 5.19 0.00 3.06 14.40
411 0.00 0.00 26.00 0.00 2132.00 0.00 164.00 0.29 11.23 11.23 0.00 3.54 9.20
412 0.00 0.00 20.00 20.00 80.00 80.00 8.00 0.16 4.10 4.40 3.80 1.70 6.80
413 0.00 0.00 26.00 0.00 2132.00 0.00 164.00 0.22 8.31 8.31 0.00 3.54 9.20
414 0.00 0.00 26.00 0.00 104.00 0.00 8.00 1.08 41.54 41.54 0.00 11.23 29.20
415 0.00 0.00 47.00 0.00 1188.00 0.00 50.55 1.90 33.79 33.79 0.00 16.09 75.60
416 0.00 0.00 98.00 0.00 1420.00 0.00 28.98 3.37 37.59 37.59 0.00 10.20 100.00
417 0.00 0.00 100.00 5.00 2460.00 20.00 47.24 5.46 47.12 49.32 3.20 9.52 100.00
418 0.00 0.00 88.00 0.00 352.00 0.00 8.00 2.76 37.23 37.23 0.00 5.77 50.80
419 0.00 0.00 48.00 0.00 2212.00 0.00 92.17 2.70 56.33 56.33 0.00 13.17 63.20
420 0.00 0.00 39.00 6.00 156.00 36.00 8.53 1.07 23.73 26.77 4.00 7.91 35.60
421 0.00 0.00 45.00 0.00 2208.00 0.00 98.13 2.36 52.44 52.44 0.00 15.38 69.20
422 0.00 0.00 35.00 7.00 140.00 28.00 8.00 0.19 4.57 4.80 3.43 2.00 8.40
423 0.00 0.00 41.00 0.00 2192.00 0.00 106.93 0.30 7.41 7.41 0.00 1.85 7.60
424 0.00 0.00 27.00 0.00 232.00 0.00 17.19 0.10 3.56 3.56 0.00 2.07 5.60
425 0.00 2.00 41.00 29.00 2192.00 176.00 67.66 0.93 13.26 8.49 20.00 1.49 10.40
426 0.00 0.00 19.00 0.00 76.00 0.00 8.00 0.21 10.95 10.95 0.00 2.53 4.80
427 0.00 0.00 28.00 16.00 2136.00 64.00 100.00 0.17 3.82 6.00 0.00 1.18 5.20
428 0.00 0.00 28.00 0.00 112.00 0.00 8.00 0.16 5.71 5.71 0.00 2.57 7.20
429 0.00 0.00 32.00 0.00 2156.00 0.00 134.75 0.12 3.88 3.88 0.00 1.25 4.00
430 0.00 0.00 26.00 0.00 104.00 0.00 8.00 0.16 6.15 6.15 0.00 2.31 6.00
431 0.00 0.00 45.00 0.00 1132.00 0.00 50.31 0.41 9.07 9.07 0.00 4.09 18.40
432 0.00 0.00 35.00 4.00 2168.00 16.00 112.00 0.16 4.00 4.34 1.00 1.44 5.60
433 0.00 0.00 24.00 0.00 96.00 0.00 8.00 0.07 2.83 2.83 0.00 1.50 3.60
434 0.00 0.00 26.00 0.00 2132.00 0.00 164.00 0.18 6.92 6.92 0.00 1.85 4.80
435 0.00 0.00 35.00 0.00 140.00 0.00 8.00 0.27 7.66 7.66 0.00 1.60 5.60
436 0.00 0.00 38.00 0.00 2180.00 0.00 114.74 0.27 7.16 7.16 0.00 2.32 8.80
437 0.00 0.00 31.00 4.00 124.00 16.00 8.00 0.17 4.91 5.16 3.00 1.49 5.20
438 0.00 0.00 22.00 0.00 2112.00 0.00 192.00 0.22 9.82 9.82 0.00 2.18 4.80
439 0.00 0.00 24.00 0.00 96.00 0.00 8.00 0.21 6.67 6.67 0.00 1.83 4.40
440 0.00 0.00 44.00 1.00 2280.00 4.00 101.51 0.17 4.80 4.91 0.00 1.24 5.60
441 0.00 0.00 16.00 0.00 64.00 0.00 8.00 0.18 11.25 11.25 0.00 3.25 5.20
442 0.00 0.00 17.00 4.00 2096.00 16.00 201.14 0.16 7.81 9.41 1.00 2.29 4.80
443 0.00 0.00 24.00 0.00 96.00 0.00 8.00 0.15 6.33 6.33 0.00 2.33 5.60
444 0.00 0.00 46.00 0.00 4260.00 0.00 185.22 0.42 8.96 8.96 0.00 3.65 16.80
445 0.00 0.00 41.00 0.00 1716.00 0.00 83.71 0.12 3.12 3.12 0.00 1.56 6.40
446 0.00 0.00 25.00 0.00 2124.00 0.00 169.92 0.22 8.96 8.96 0.00 2.88 7.20
447 0.00 0.00 130.00 4.00 584.00 16.00 8.96 0.88 6.54 6.65 3.00 3.91 52.40
448 0.00 0.00 29.00 0.00 2144.00 0.00 147.86 0.29 10.07 10.07 0.00 3.86 11.20
449 0.00 0.00 28.00 0.00 112.00 0.00 8.00 0.12 4.29 4.29 0.00 2.00 5.60
450 0.00 0.00 30.00 7.00 2148.00 44.00 118.49 0.31 8.43 9.47 4.00 1.51 5.60
451 0.00 0.00 30.00 0.00 120.00 0.00 8.00 0.13 4.40 4.40 0.00 1.87 5.60
452 0.00 0.00 45.00 12.00 2204.00 48.00 79.02 0.28 4.91 5.24 3.67 1.33 7.60
453 0.00 0.00 20.00 0.00 80.00 0.00 8.00 0.09 4.60 4.60 0.00 1.00 2.00
454 0.00 0.00 21.00 0.00 2112.00 0.00 201.14 0.10 4.76 4.76 0.00 2.10 4.40
455 0.00 0.00 38.00 0.00 152.00 0.00 8.00 0.33 8.63 8.63 0.00 2.84 10.80
456 0.00 0.00 31.00 0.00 2152.00 0.00 138.84 0.18 5.94 5.94 0.00 2.06 6.40
457 0.00 0.00 29.00 5.00 116.00 20.00 8.00 0.15 4.35 4.41 4.00 1.65 5.60
458 0.00 0.00 39.00 0.00 2184.00 0.00 112.00 0.23 5.95 5.95 0.00 1.95 7.60
459 0.00 0.00 29.00 0.00 116.00 0.00 8.00 0.06 2.21 2.21 0.00 0.97 2.80
460 0.00 2.00 35.00 12.00 2164.00 100.00 96.34 0.26 5.62 4.80 8.00 1.70 8.00
461 0.00 0.00 42.00 0.00 168.00 0.00 8.00 0.27 6.48 6.48 0.00 1.90 8.00
462 0.00 0.00 36.00 15.00 2172.00 60.00 87.53 0.31 6.12 7.11 3.73 1.33 6.80
463 0.00 0.00 30.00 0.00 120.00 0.00 8.00 0.16 5.47 5.47 0.00 2.40 7.20
464 0.00 0.00 28.00 0.00 2136.00 0.00 152.57 0.18 6.57 6.57 0.00 2.57 7.20
465 0.00 0.00 25.00 0.00 100.00 0.00 8.00 0.18 7.36 7.36 0.00 2.08 5.20
466 0.00 0.00 40.00 0.00 2228.00 0.00 111.40 0.35 8.70 8.70 0.00 4.10 16.40
467 0.00 0.00 21.00 4.00 84.00 16.00 8.00 0.12 4.80 5.71 0.00 4.48 11.20
468 0.00 0.00 27.00 0.00 2188.00 0.00 162.07 0.25 9.33 9.33 0.00 2.22 6.00
469 0.00 0.00 29.00 0.00 116.00 0.00 8.00 0.27 9.38 9.38 0.00 2.62 7.60
470 0.00 0.00 44.00 0.00 2288.00 0.00 104.00 0.33 7.55 7.55 0.00 2.36 10.40
471 0.00 0.00 25.00 0.00 100.00 0.00 8.00 0.19 7.52 7.52 0.00 1.76 4.40
472 0.00 0.00 38.00 5.00 2300.00 20.00 107.91 0.38 8.84 9.89 0.80 2.05 8.80
473 0.00 0.00 19.00 0.00 76.00 0.00 8.00 0.08 4.21 4.21 0.00 0.84 1.60
474 0.00 0.00 28.71 0.00 2122.77 0.00 147.86 0.29 9.93 9.93 0.00 2.48 7.13
475 0.00 0.00 20.00 0.00 80.00 0.00 8.00 0.10 5.00 5.00 0.00 1.40 2.80
476 0.00 0.00 28.00 0.00 2140.00 0.00 152.86 0.27 9.57 9.57 0.00 1.71 4.80
477 0.00 0.00 23.00 4.00 92.00 16.00 8.00 0.07 2.67 2.96 1.00 0.89 2.40
478 0.00 0.00 23.00 0.00 2120.00 0.00 184.35 0.18 8.00 8.00 0.00 2.09 4.80
479 0.00 0.00 25.00 0.00 100.00 0.00 8.00 0.09 3.68 3.68 0.00 1.12 2.80
480 0.00 0.00 29.00 7.00 2264.00 40.00 128.00 0.24 6.67 7.31 4.00 1.33 4.80
481 0.00 0.00 97.00 0.00 2340.00 0.00 48.25 0.56 5.65 5.65 0.00 4.08 39.60
482 0.00 0.00 255.00 6.00 5460.00 24.00 42.02 1.63 6.28 6.42 0.67 3.22 84.00
