0 0.00 1.24 0.69 26.43 4.96 203.87 15.40 0.86 31.53 9.49 32.11 0.84 2.29
1 0.00 0.00 0.00 22.00 0.00 92.00 8.36 0.00 0.18 0.00 0.18 0.18 0.40
2 0.00 0.00 2.00 1.00 8.00 4.00 8.00 0.01 2.67 4.00 0.00 2.67 0.80
3 0.00 0.00 52.00 4.00 208.00 24.00 8.29 0.89 15.86 17.00 1.00 2.00 11.20
4 0.00 0.00 0.00 1.00 0.00 4.00 8.00 0.00 0.00 0.00 0.00 0.00 0.00
5 0.00 0.00 0.00 3.00 0.00 40.00 26.67 0.01 2.67 0.00 2.67 2.67 0.80
6 0.00 0.00 0.00 31.00 0.00 124.00 8.00 0.00 0.00 0.00 0.00 0.00 0.00
7 0.00 8.00 1.00 314.00 4.00 2124.00 13.51 21.79 69.17 28.00 69.30 0.72 22.80
8 0.00 0.00 4.00 0.00 16.00 0.00 8.00 0.02 4.00 4.00 0.00 4.00 1.60
9 0.00 0.00 0.00 0.00 0.00 0.00 0.00 0.00 0.00 0.00 0.00 0.00 0.00
10 0.00 0.00 10.00 0.00 100.00 0.00 20.00 0.06 6.00 6.00 0.00 6.00 6.00
11 0.00 0.00 2.00 52.00 8.00 264.00 10.07 0.23 4.22 12.00 3.92 0.44 2.40
12 0.00 0.00 95.00 0.00 1000.00 0.00 21.05 1.00 10.44 10.44 0.00 7.33 69.60
13 0.00 0.00 56.00 0.00 592.00 0.00 21.14 0.40 7.29 7.29 0.00 5.79 32.40
14 0.00 0.00 3.00 1.00 12.00 4.00 8.00 0.05 12.00 16.00 0.00 12.00 4.80
15 0.00 0.00 0.00 0.00 0.00 0.00 0.00 0.00 0.00 0.00 0.00 0.00 0.00
16 0.00 0.00 0.00 0.00 0.00 0.00 0.00 0.00 0.00 0.00 0.00 0.00 0.00
17 0.00 0.00 0.00 276.00 0.00 1844.00 13.36 23.50 85.16 0.00 85.16 0.74 20.40
18 0.00 0.00 0.00 0.00 0.00 0.00 0.00 0.00 0.00 0.00 0.00 0.00 0.00
19 0.00 0.00 0.00 0.00 0.00 0.00 0.00 0.00 0.00 0.00 0.00 0.00 0.00
20 0.00 0.00 0.00 0.00 0.00 0.00 0.00 0.00 0.00 0.00 0.00 0.00 0.00
21 0.00 0.00 0.00 13.00 0.00 56.00 8.62 0.01 0.62 0.00 0.62 0.62 0.80
22 0.00 0.00 0.00 0.00 0.00 0.00 0.00 0.00 0.00 0.00 0.00 0.00 0.00
23 0.00 0.00 0.00 0.00 0.00 0.00 0.00 0.00 0.00 0.00 0.00 0.00 0.00
24 0.00 0.00 0.00 0.00 0.00 0.00 0.00 0.00 0.00 0.00 0.00 0.00 0.00
25 0.00 0.00 0.00 18.00 0.00 320.00 35.56 0.07 3.78 0.00 3.78 0.44 0.80
26 0.00 0.00 0.00 0.00 0.00 0.00 0.00 0.00 0.00 0.00 0.00 0.00 0.00
27 0.00 0.00 0.00 236.00 0.00 1776.00 15.05 20.35 86.24 0.00 86.24 0.76 18.00
28 0.00 0.00 0.00 0.00 0.00 0.00 0.00 0.00 0.00 0.00 0.00 0.00 0.00
29 0.00 0.00 0.00 0.00 0.00 0.00 0.00 0.00 0.00 0.00 0.00 0.00 0.00
30 0.00 0.00 0.00 0.00 0.00 0.00 0.00 0.00 0.00 0.00 0.00 0.00 0.00
31 0.00 0.00 0.00 648.00 0.00 4744.00 14.64 63.08 97.34 0.00 97.34 0.77 50.00
32 0.00 0.00 3.00 0.00 12.00 0.00 8.00 0.02 6.67 6.67 0.00 6.67 2.00
33 0.00 0.00 0.00 0.00 0.00 0.00 0.00 0.00 0.00 0.00 0.00 0.00 0.00
34 0.00 0.00 0.00 0.00 0.00 0.00 0.00 0.00 0.00 0.00 0.00 0.00 0.00
35 0.00 0.00 0.00 0.00 0.00 0.00 0.00 0.00 0.00 0.00 0.00 0.00 0.00
36 0.00 0.00 0.00 19.00 0.00 76.00 8.00 0.00 0.00 0.00 0.00 0.00 0.00
37 0.00 0.00 0.00 258.00 0.00 1796.00 13.92 21.24 82.31 0.00 82.31 0.74 19.20
38 0.00 0.00 0.00 0.00 0.00 0.00 0.00 0.00 0.00 0.00 0.00 0.00 0.00
39 0.00 0.00 0.00 0.00 0.00 0.00 0.00 0.00 0.00 0.00 0.00 0.00 0.00
40 0.00 0.00 0.00 0.00 0.00 0.00 0.00 0.00 0.00 0.00 0.00 0.00 0.00
41 0.00 0.00 0.00 17.00 0.00 72.00 8.47 0.06 3.76 0.00 3.76 0.47 0.80
42 0.00 10.00 0.00 254.00 0.00 88728.00 698.65 19.78 77.87 0.00 77.87 0.83 21.20
43 0.00 0.00 0.00 0.00 0.00 0.00 0.00 0.00 0.00 0.00 0.00 0.00 0.00
44 0.00 0.00 1.00 0.00 4.00 0.00 8.00 0.01 12.00 12.00 0.00 12.00 1.20
45 0.00 0.00 0.00 0.00 0.00 0.00 0.00 0.00 0.00 0.00 0.00 0.00 0.00
46 0.00 0.00 0.00 0.00 0.00 0.00 0.00 0.00 0.00 0.00 0.00 0.00 0.00
47 0.00 0.00 0.00 253.00 0.00 1816.00 14.36 19.96 78.91 0.00 78.91 0.71 18.00
48 0.00 0.00 0.00 0.00 0.00 0.00 0.00 0.00 0.00 0.00 0.00 0.00 0.00
49 0.00 0.00 0.00 0.00 0.00 0.00 0.00 0.00 0.00 0.00 0.00 0.00 0.00
50 0.00 0.00 0.00 0.00 0.00 0.00 0.00 0.00 0.00 0.00 0.00 0.00 0.00
51 0.00 0.00 0.00 23.00 0.00 96.00 8.35 0.09 3.83 0.00 3.83 0.35 0.80
52 0.00 0.00 0.00 0.00 0.00 0.00 0.00 0.00 0.00 0.00 0.00 0.00 0.00
53 0.00 0.00 0.00 0.00 0.00 0.00 0.00 0.00 0.00 0.00 0.00 0.00 0.00
54 0.00 0.00 0.00 0.00 0.00 0.00 0.00 0.00 0.00 0.00 0.00 0.00 0.00
55 0.00 0.00 0.00 0.00 0.00 0.00 0.00 0.00 0.00 0.00 0.00 0.00 0.00
56 0.00 0.00 0.00 19.00 0.00 76.00 8.00 0.01 0.00 0.00 0.00 0.42 0.80
57 0.00 0.00 0.00 241.00 0.00 1684.00 13.98 22.61 93.86 0.00 93.86 0.80 19.20
58 0.00 0.00 0.00 0.00 0.00 0.00 0.00 0.00 0.00 0.00 0.00 0.00 0.00
59 0.00 0.00 2.00 0.00 12.00 0.00 12.00 0.07 34.00 34.00 0.00 26.00 5.20
60 0.00 0.00 0.00 0.00 0.00 0.00 0.00 0.00 0.00 0.00 0.00 0.00 0.00
61 0.00 0.00 0.00 22.00 0.00 92.00 8.36 0.01 0.36 0.00 0.36 0.36 0.80
62 0.00 0.00 6.00 1.00 24.00 4.00 8.00 0.24 34.86 40.67 0.00 14.29 10.00
63 0.00 0.00 0.00 0.00 0.00 0.00 0.00 0.00 0.00 0.00 0.00 0.00 0.00
64 0.00 0.00 0.00 0.00 0.00 0.00 0.00 0.00 0.00 0.00 0.00 0.00 0.00
65 0.00 0.00 0.00 0.00 0.00 0.00 0.00 0.00 0.00 0.00 0.00 0.00 0.00
66 0.00 0.00 0.00 243.00 0.00 1760.00 14.49 21.53 88.59 0.00 88.59 0.72 17.60
67 0.00 0.00 0.00 10.00 0.00 68.00 13.60 0.08 8.00 0.00 8.00 0.80 0.80
68 0.00 0.00 0.00 0.00 0.00 0.00 0.00 0.00 0.00 0.00 0.00 0.00 0.00
69 0.00 0.00 0.00 0.00 0.00 0.00 0.00 0.00 0.00 0.00 0.00 0.00 0.00
70 0.00 0.00 0.00 0.00 0.00 0.00 0.00 0.00 0.00 0.00 0.00 0.00 0.00
71 0.00 0.00 0.00 18.00 0.00 76.00 8.44 0.07 4.00 0.00 4.00 0.67 1.20
72 0.00 0.00 0.00 1.00 0.00 20.00 40.00 0.04 44.00 0.00 44.00 44.00 4.40
73 0.00 0.00 0.00 0.00 0.00 0.00 0.00 0.00 0.00 0.00 0.00 0.00 0.00
74 0.00 0.00 0.00 0.00 0.00 0.00 0.00 0.00 0.00 0.00 0.00 0.00 0.00
75 0.00 0.00 0.00 0.00 0.00 0.00 0.00 0.00 0.00 0.00 0.00 0.00 0.00
76 0.00 0.00 0.00 14.00 0.00 56.00 8.00 21.05 4.00 0.00 4.00 12.29 17.20
77 0.00 3.00 0.00 291.00 0.00 2184.00 15.01 22.50 149.46 0.00 149.46 0.73 21.20
78 0.00 0.00 0.00 0.00 0.00 0.00 0.00 0.00 0.00 0.00 0.00 0.00 0.00
79 0.00 0.00 0.00 0.00 0.00 0.00 0.00 0.00 0.00 0.00 0.00 0.00 0.00
80 0.00 0.00 0.00 0.00 0.00 0.00 0.00 0.00 0.00 0.00 0.00 0.00 0.00
81 0.00 0.00 0.00 29.00 0.00 120.00 8.28 0.01 0.28 0.00 0.28 0.28 0.80
82 0.00 0.00 0.00 5.00 0.00 668.00 267.20 0.02 4.00 0.00 4.00 0.80 0.40
83 0.00 0.00 0.00 0.00 0.00 0.00 0.00 0.00 0.00 0.00 0.00 0.00 0.00
84 0.00 0.00 0.00 0.00 0.00 0.00 0.00 0.00 0.00 0.00 0.00 0.00 0.00
85 0.00 0.00 0.00 0.00 0.00 0.00 0.00 0.00 0.00 0.00 0.00 0.00 0.00
86 0.00 0.00 0.00 20.00 0.00 328.00 32.80 0.08 4.00 0.00 4.00 0.60 1.20
87 0.00 0.00 0.00 233.00 0.00 1768.00 15.18 20.04 85.99 0.00 85.99 0.77 18.00
88 0.00 0.00 0.00 0.00 0.00 0.00 0.00 0.00 0.00 0.00 0.00 0.00 0.00
89 0.00 0.00 0.00 0.00 0.00 0.00 0.00 0.00 0.00 0.00 0.00 0.00 0.00
90 0.00 0.00 0.00 0.00 0.00 0.00 0.00 0.00 0.00 0.00 0.00 0.00 0.00
91 0.00 0.00 0.00 24.00 0.00 100.00 8.33 0.09 3.83 0.00 3.83 0.33 0.80
92 0.00 0.00 0.00 300.00 0.00 1444.00 9.63 119.62 165.63 0.00 165.63 3.12 93.60
93 0.00 0.00 0.00 77.00 0.00 532.00 13.82 127.61 1177.92 0.00 1177.92 12.99 100.00
94 0.00 0.00 0.00 50.00 0.00 348.00 13.92 127.78 2039.44 0.00 2039.44 20.08 100.40
95 0.00 0.00 0.00 142.00 0.00 2452.00 34.54 13.54 1029.46 0.00 1029.46 0.82 11.60
96 0.00 0.00 0.00 0.00 0.00 0.00 0.00 0.00 0.00 0.00 0.00 0.00 0.00
97 0.00 0.00 0.00 0.00 0.00 0.00 0.00 75.78 0.00 0.00 0.00 0.00 59.20
98 0.00 0.00 0.00 271.00 0.00 1872.00 13.82 32.60 399.91 0.00 399.91 1.00 27.20
99 0.00 0.00 0.00 0.00 0.00 0.00 0.00 0.00 0.00 0.00 0.00 0.00 0.00
100 0.00 0.00 0.00 0.00 0.00 0.00 0.00 0.00 0.00 0.00 0.00 0.00 0.00
101 0.00 0.00 0.00 14.00 0.00 60.00 8.57 0.05 3.43 0.00 3.43 0.29 0.40
102 0.00 0.00 0.00 0.00 0.00 0.00 0.00 0.00 0.00 0.00 0.00 0.00 0.00
103 0.00 0.00 0.00 1.00 0.00 20.00 40.00 0.00 0.00 0.00 0.00 0.00 0.00
104 0.00 0.00 0.00 0.00 0.00 0.00 0.00 0.00 0.00 0.00 0.00 0.00 0.00
105 0.00 0.00 0.00 0.00 0.00 0.00 0.00 0.00 0.00 0.00 0.00 0.00 0.00
106 0.00 0.00 0.00 0.00 0.00 0.00 0.00 0.00 0.00 0.00 0.00 0.00 0.00
107 0.00 0.00 0.00 233.00 0.00 1728.00 14.83 18.51 79.45 0.00 79.45 0.76 17.60
108 0.00 0.00 0.00 9.00 0.00 148.00 32.89 0.04 4.00 0.00 4.00 0.44 0.40
109 0.00 0.00 0.00 0.00 0.00 0.00 0.00 0.00 0.00 0.00 0.00 0.00 0.00
110 0.00 0.00 0.00 0.00 0.00 0.00 0.00 0.00 0.00 0.00 0.00 0.00 0.00
111 0.00 0.00 0.00 17.00 0.00 72.00 8.47 0.00 0.24 0.00 0.24 0.24 0.40
112 0.00 0.00 0.00 0.00 0.00 0.00 0.00 0.00 0.00 0.00 0.00 0.00 0.00
113 0.00 5.00 0.00 25.00 0.00 196.00 15.68 0.50 20.00 0.00 20.00 0.80 2.00
114 0.00 0.00 0.00 0.00 0.00 0.00 0.00 0.00 0.00 0.00 0.00 0.00 0.00
115 0.00 0.00 0.00 0.00 0.00 0.00 0.00 0.00 0.00 0.00 0.00 0.00 0.00
116 0.00 0.00 0.00 0.00 0.00 0.00 0.00 0.00 0.00 0.00 0.00 0.00 0.00
117 0.00 0.00 0.00 259.00 0.00 1764.00 13.62 21.60 83.41 0.00 83.41 0.73 18.80
118 0.00 0.00 0.00 3.00 0.00 272.00 181.33 0.00 0.00 0.00 0.00 0.00 0.00
119 0.00 0.00 0.00 0.00 0.00 0.00 0.00 0.00 0.00 0.00 0.00 0.00 0.00
120 0.00 0.00 0.00 0.00 0.00 0.00 0.00 0.00 0.00 0.00 0.00 0.00 0.00
121 0.00 0.00 0.00 16.00 0.00 68.00 8.50 0.18 11.50 0.00 11.50 6.25 10.00
122 0.00 0.00 0.00 0.00 0.00 0.00 0.00 0.00 0.00 0.00 0.00 0.00 0.00
123 0.00 0.00 0.00 1.00 0.00 4.00 8.00 0.00 0.00 0.00 0.00 0.00 0.00
124 0.00 0.00 0.00 0.00 0.00 0.00 0.00 0.00 0.00 0.00 0.00 0.00 0.00
125 0.00 0.00 0.00 0.00 0.00 0.00 0.00 0.00 0.00 0.00 0.00 0.00 0.00
126 0.00 0.00 0.00 234.00 0.00 1732.00 14.80 19.36 82.74 0.00 82.74 0.75 17.60
127 0.00 0.00 0.00 0.00 0.00 0.00 0.00 0.00 0.00 0.00 0.00 0.00 0.00
128 0.00 0.00 0.00 10.00 0.00 64.00 12.80 0.08 8.00 0.00 8.00 0.80 0.80
129 0.00 0.00 0.00 0.00 0.00 0.00 0.00 0.00 0.00 0.00 0.00 0.00 0.00
130 0.00 0.00 0.00 0.00 0.00 0.00 0.00 0.00 0.00 0.00 0.00 0.00 0.00
131 0.00 0.00 0.00 18.00 0.00 76.00 8.44 0.07 3.78 0.00 3.78 0.44 0.80
132 0.00 0.00 0.00 0.00 0.00 0.00 0.00 0.00 0.00 0.00 0.00 0.00 0.00
133 0.00 2.00 1.00 41.00 4.00 392.00 18.86 1.16 27.52 8.00 28.00 0.95 4.00
134 0.00 0.00 0.00 0.00 0.00 0.00 0.00 0.00 0.00 0.00 0.00 0.00 0.00
135 0.00 0.00 0.00 0.00 0.00 0.00 0.00 0.00 0.00 0.00 0.00 0.00 0.00
136 0.00 0.00 0.00 23.00 0.00 92.00 8.00 10.44 3.83 0.00 3.83 3.83 8.80
137 0.00 0.00 0.00 246.00 0.00 1716.00 13.95 12.38 92.41 0.00 92.41 0.44 10.80
138 0.00 0.00 0.00 0.00 0.00 0.00 0.00 0.00 0.00 0.00 0.00 0.00 0.00
139 0.00 0.00 0.00 0.00 0.00 0.00 0.00 0.00 0.00 0.00 0.00 0.00 0.00
140 0.00 0.00 0.00 0.00 0.00 0.00 0.00 0.00 0.00 0.00 0.00 0.00 0.00
141 0.00 0.00 0.00 13.86 0.00 59.41 8.57 0.00 0.29 0.00 0.29 0.29 0.40
142 0.00 0.00 0.00 0.00 0.00 0.00 0.00 0.00 0.00 0.00 0.00 0.00 0.00
143 0.00 0.00 0.00 0.00 0.00 0.00 0.00 0.00 0.00 0.00 0.00 0.00 0.00
144 0.00 0.00 0.00 0.00 0.00 0.00 0.00 0.00 0.00 0.00 0.00 0.00 0.00
145 0.00 0.00 0.00 0.00 0.00 0.00 0.00 0.00 0.00 0.00 0.00 0.00 0.00
146 0.00 0.00 0.00 18.00 0.00 324.00 36.00 0.00 0.22 0.00 0.22 0.22 0.40
147 0.00 0.00 0.00 231.00 0.00 1728.00 14.96 20.52 88.83 0.00 88.83 0.74 17.20
148 0.00 0.00 0.00 0.00 0.00 0.00 0.00 0.00 0.00 0.00 0.00 0.00 0.00
149 0.00 0.00 0.00 0.00 0.00 0.00 0.00 0.00 0.00 0.00 0.00 0.00 0.00
150 0.00 0.00 0.00 0.00 0.00 0.00 0.00 0.00 0.00 0.00 0.00 0.00 0.00
151 0.00 0.00 0.00 15.00 0.00 64.00 8.53 0.00 0.27 0.00 0.27 0.27 0.40
152 0.00 0.00 0.00 634.00 0.00 4732.00 14.93 59.26 93.47 0.00 93.47 0.74 47.20
153 0.00 0.00 0.00 0.00 0.00 0.00 0.00 0.00 0.00 0.00 0.00 0.00 0.00
154 0.00 0.00 0.00 0.00 0.00 0.00 0.00 0.00 0.00 0.00 0.00 0.00 0.00
155 0.00 17.00 0.00 30.00 0.00 188.00 12.53 2.87 95.60 0.00 95.60 3.47 10.40
156 0.00 0.00 0.00 0.00 0.00 0.00 0.00 0.00 0.00 0.00 0.00 0.00 0.00
157 0.00 0.00 0.00 0.00 0.00 0.00 0.00 87.30 0.00 0.00 0.00 0.00 68.40
158 0.00 0.00 0.00 268.00 0.00 1820.00 13.58 47.89 504.46 0.00 504.46 1.54 41.20
159 0.00 0.00 0.00 0.00 0.00 0.00 0.00 0.00 0.00 0.00 0.00 0.00 0.00
160 0.00 0.00 0.00 0.00 0.00 0.00 0.00 0.00 0.00 0.00 0.00 0.00 0.00
161 0.00 0.00 0.00 13.00 0.00 56.00 8.62 1.63 117.23 0.00 117.23 30.77 40.00
162 0.00 0.00 0.00 1.00 0.00 4.00 8.00 0.12 224.00 0.00 224.00 116.00 11.60
163 0.00 0.00 0.00 0.00 0.00 0.00 0.00 8.74 0.00 0.00 0.00 0.00 72.80
164 0.00 0.00 0.00 12.00 0.00 76.00 12.67 1.20 828.00 0.00 828.00 8.33 10.00
165 0.00 0.00 0.00 0.00 0.00 0.00 0.00 0.00 0.00 0.00 0.00 0.00 0.00
166 0.00 0.00 0.00 0.00 0.00 0.00 0.00 0.00 0.00 0.00 0.00 0.00 0.00
167 0.00 0.00 0.00 245.00 0.00 1780.00 14.53 19.76 80.65 0.00 80.65 0.70 17.20
168 0.00 2.00 0.00 37.00 0.00 308.00 16.65 3.51 94.81 0.00 94.81 2.81 10.40
169 0.00 0.00 0.00 0.00 0.00 0.00 0.00 0.00 0.00 0.00 0.00 0.00 0.00
170 0.00 0.00 0.00 0.00 0.00 0.00 0.00 0.00 0.00 0.00 0.00 0.00 0.00
171 0.00 0.00 0.00 21.00 0.00 88.00 8.38 0.39 18.67 0.00 18.67 1.52 3.20
172 0.00 0.00 0.00 0.00 0.00 0.00 0.00 0.00 0.00 0.00 0.00 0.00 0.00
173 0.00 0.00 0.00 0.00 0.00 0.00 0.00 0.00 0.00 0.00 0.00 0.00 0.00
174 0.00 0.00 0.00 0.00 0.00 0.00 0.00 0.00 0.00 0.00 0.00 0.00 0.00
175 0.00 0.00 0.00 0.00 0.00 0.00 0.00 0.00 0.00 0.00 0.00 0.00 0.00
176 0.00 0.00 0.00 252.00 0.00 1796.00 14.25 24.43 96.94 0.00 96.94 0.76 19.20
177 0.00 0.00 0.00 0.00 0.00 0.00 0.00 0.00 0.00 0.00 0.00 0.00 0.00
178 0.00 0.00 0.00 0.00 0.00 0.00 0.00 0.00 0.00 0.00 0.00 0.00 0.00
179 0.00 0.00 0.00 0.00 0.00 0.00 0.00 0.00 0.00 0.00 0.00 0.00 0.00
180 0.00 0.00 0.00 0.00 0.00 0.00 0.00 0.00 0.00 0.00 0.00 0.00 0.00
181 0.00 0.00 0.00 14.00 0.00 60.00 8.57 0.41 29.43 0.00 29.43 4.29 6.00
182 0.00 0.00 0.00 0.00 0.00 0.00 0.00 0.00 0.00 0.00 0.00 0.00 0.00
183 0.00 0.00 0.00 3.00 0.00 124.00 82.67 0.44 148.00 0.00 148.00 49.33 14.80
184 0.00 0.00 0.00 0.00 0.00 0.00 0.00 0.00 0.00 0.00 0.00 0.00 0.00
185 0.00 0.00 0.00 0.00 0.00 0.00 0.00 0.00 0.00 0.00 0.00 0.00 0.00
186 0.00 0.00 0.00 0.00 0.00 0.00 0.00 13.94 0.00 0.00 0.00 0.00 11.20
187 0.00 0.00 0.00 64.98 0.00 293.09 9.02 113.64 1191.80 0.00 1191.80 15.40 100.09
188 0.00 0.00 0.00 104.00 0.00 1332.00 25.62 16.26 1045.73 0.00 1045.73 2.00 20.80
189 0.00 0.00 0.00 0.00 0.00 0.00 0.00 0.00 0.00 0.00 0.00 0.00 0.00
190 0.00 0.00 0.00 15.00 0.00 64.00 8.53 0.17 11.20 0.00 11.20 1.60 2.40
191 0.00 0.00 0.00 0.00 0.00 0.00 0.00 0.00 0.00 0.00 0.00 0.00 0.00
192 0.00 0.00 0.00 11.00 0.00 76.00 13.82 1.14 104.00 0.00 104.00 9.45 10.40
193 0.00 0.00 0.00 0.00 0.00 0.00 0.00 0.00 0.00 0.00 0.00 0.00 0.00
194 0.00 0.00 0.00 0.00 0.00 0.00 0.00 0.00 0.00 0.00 0.00 0.00 0.00
195 0.00 0.00 0.00 15.00 0.00 60.00 8.00 0.06 3.73 0.00 3.73 0.27 0.40
196 0.00 0.00 0.00 248.00 0.00 1728.00 13.94 27.72 111.79 0.00 111.79 0.98 24.40
197 0.00 0.00 0.00 4.00 0.00 68.00 34.00 0.37 92.00 0.00 92.00 23.00 9.20
198 0.00 0.00 0.00 0.00 0.00 0.00 0.00 0.00 0.00 0.00 0.00 0.00 0.00
199 0.00 0.00 0.00 0.00 0.00 0.00 0.00 0.00 0.00 0.00 0.00 0.00 0.00
200 0.00 0.00 0.00 20.00 0.00 84.00 8.40 0.45 22.60 0.00 22.60 2.20 4.40
201 0.00 0.00 0.00 0.00 0.00 0.00 0.00 0.00 0.00 0.00 0.00 0.00 0.00
202 0.00 1.00 0.00 30.00 0.00 216.00 14.40 0.70 23.47 0.00 23.47 0.80 2.40
203 0.00 0.00 0.00 0.00 0.00 0.00 0.00 0.00 0.00 0.00 0.00 0.00 0.00
204 0.00 0.00 0.00 0.00 0.00 0.00 0.00 0.00 0.00 0.00 0.00 0.00 0.00
205 0.00 0.00 0.00 236.00 0.00 2016.00 17.08 18.66 79.07 0.00 79.07 0.73 17.20
206 0.00 0.00 0.00 0.00 0.00 0.00 0.00 0.00 0.00 0.00 0.00 0.00 0.00
207 0.00 0.00 0.00 1.00 0.00 4.00 8.00 0.07 72.00 0.00 72.00 72.00 7.20
208 0.00 0.00 0.00 0.00 0.00 0.00 0.00 0.00 0.00 0.00 0.00 0.00 0.00
209 0.00 0.00 0.00 0.00 0.00 0.00 0.00 0.00 0.00 0.00 0.00 0.00 0.00
210 0.00 0.00 0.00 22.00 0.00 92.00 8.36 56.39 5.27 0.00 5.27 22.18 48.80
211 0.00 0.00 0.00 128.00 0.00 572.00 8.94 128.00 743.62 0.00 743.62 7.81 100.00
212 0.00 0.00 0.00 0.00 0.00 0.00 0.00 128.00 0.00 0.00 0.00 0.00 100.00
213 0.00 0.00 0.00 128.00 0.00 608.00 9.50 127.49 2400.00 0.00 2400.00 7.78 99.60
214 0.00 0.00 0.00 256.00 0.00 2008.00 15.69 122.35 613.95 0.00 613.95 3.91 100.00
215 0.00 0.00 0.00 58.00 0.00 1572.00 54.21 43.00 85.66 0.00 85.66 6.62 38.40
216 0.00 0.00 0.00 0.00 0.00 0.00 0.00 128.00 0.00 0.00 0.00 0.00 100.00
217 0.00 0.00 0.00 128.00 0.00 588.00 9.19 109.02 1413.06 0.00 1413.06 7.81 100.00
218 0.00 0.00 0.00 124.00 0.00 1188.00 19.16 49.28 1177.52 0.00 1177.52 3.77 46.80
219 0.00 0.00 0.00 0.00 0.00 0.00 0.00 0.00 0.00 0.00 0.00 0.00 0.00
220 0.00 0.00 0.00 14.00 0.00 60.00 8.57 0.08 5.43 0.00 5.43 2.29 3.20
221 0.00 0.00 0.00 0.00 0.00 0.00 0.00 0.00 0.00 0.00 0.00 0.00 0.00
222 0.00 0.00 0.00 12.00 0.00 180.00 30.00 0.14 12.00 0.00 12.00 1.00 1.20
223 0.00 0.00 0.00 0.00 0.00 0.00 0.00 0.00 0.00 0.00 0.00 0.00 0.00
224 0.00 0.00 0.00 0.00 0.00 0.00 0.00 0.00 0.00 0.00 0.00 0.00 0.00
225 0.00 0.00 0.00 236.00 0.00 1788.00 15.15 21.03 89.10 0.00 89.10 0.75 17.60
226 0.00 0.00 0.00 0.00 0.00 0.00 0.00 0.00 0.00 0.00 0.00 0.00 0.00
227 0.00 0.00 0.00 1.00 0.00 4.00 8.00 0.00 0.00 0.00 0.00 0.00 0.00
228 0.00 0.00 0.00 0.00 0.00 0.00 0.00 0.00 0.00 0.00 0.00 0.00 0.00
229 0.00 0.00 0.00 0.00 0.00 0.00 0.00 0.00 0.00 0.00 0.00 0.00 0.00
230 0.00 0.00 0.00 15.00 0.00 64.00 8.53 0.06 3.73 0.00 3.73 0.53 0.80
231 0.00 0.00 0.00 0.00 0.00 0.00 0.00 0.00 0.00 0.00 0.00 0.00 0.00
232 0.00 0.00 0.00 4.00 0.00 76.00 38.00 0.03 8.00 0.00 8.00 2.00 0.80
233 0.00 0.00 0.00 0.00 0.00 0.00 0.00 0.00 0.00 0.00 0.00 0.00 0.00
234 0.00 0.00 0.00 0.00 0.00 0.00 0.00 0.00 0.00 0.00 0.00 0.00 0.00
235 0.00 0.00 0.00 24.00 0.00 96.00 8.00 39.01 68.00 0.00 68.00 15.00 36.00
236 0.00 0.00 0.00 244.00 0.00 1732.00 14.20 60.55 401.33 0.00 401.33 2.13 52.00
237 0.00 4.00 0.00 35.00 0.00 228.00 13.03 0.84 24.00 0.00 24.00 0.69 2.40
238 0.00 0.00 0.00 0.00 0.00 0.00 0.00 0.00 0.00 0.00 0.00 0.00 0.00
239 0.00 0.00 0.00 0.00 0.00 0.00 0.00 0.00 0.00 0.00 0.00 0.00 0.00
240 0.00 0.00 0.00 18.00 0.00 76.00 8.44 0.00 0.22 0.00 0.22 0.22 0.40
241 0.00 0.00 0.00 0.00 0.00 0.00 0.00 0.00 0.00 0.00 0.00 0.00 0.00
242 0.00 0.00 0.00 2.00 0.00 8.00 8.00 0.01 4.00 0.00 4.00 2.00 0.40
243 0.00 0.00 0.00 0.00 0.00 0.00 0.00 0.00 0.00 0.00 0.00 0.00 0.00
244 0.00 0.00 0.00 0.00 0.00 0.00 0.00 0.00 0.00 0.00 0.00 0.00 0.00
245 0.00 0.00 0.00 231.00 0.00 1748.00 15.13 17.48 75.67 0.00 75.67 0.73 16.80
246 0.00 0.00 4.00 0.00 16.00 0.00 8.00 0.02 4.00 4.00 0.00 2.00 0.80
247 0.00 0.00 0.00 0.00 0.00 0.00 0.00 0.00 0.00 0.00 0.00 0.00 0.00
248 0.00 0.00 0.00 0.00 0.00 0.00 0.00 0.00 0.00 0.00 0.00 0.00 0.00
249 0.00 0.00 0.00 0.00 0.00 0.00 0.00 0.00 0.00 0.00 0.00 0.00 0.00
250 0.00 0.00 0.00 14.00 0.00 60.00 8.57 0.05 3.71 0.00 3.71 0.57 0.80
251 0.00 0.00 0.00 0.00 0.00 0.00 0.00 0.00 0.00 0.00 0.00 0.00 0.00
252 0.00 0.00 0.00 37.00 0.00 388.00 20.97 0.85 22.92 0.00 22.92 0.76 2.80
253 0.00 0.00 0.00 0.00 0.00 0.00 0.00 0.00 0.00 0.00 0.00 0.00 0.00
254 0.00 0.00 0.00 0.00 0.00 0.00 0.00 0.00 0.00 0.00 0.00 0.00 0.00
255 0.00 0.00 0.00 269.00 0.00 1824.00 13.56 22.31 82.94 0.00 82.94 0.68 18.40
256 0.00 0.00 0.00 0.00 0.00 0.00 0.00 0.00 0.00 0.00 0.00 0.00 0.00
257 0.00 0.00 0.00 0.00 0.00 0.00 0.00 0.00 0.00 0.00 0.00 0.00 0.00
258 0.00 0.00 0.00 0.00 0.00 0.00 0.00 0.00 0.00 0.00 0.00 0.00 0.00
259 0.00 0.00 0.00 0.00 0.00 0.00 0.00 0.00 0.00 0.00 0.00 0.00 0.00
260 0.00 0.00 0.00 14.00 0.00 60.00 8.57 0.01 0.57 0.00 0.57 0.57 0.80
261 0.00 0.00 0.00 0.00 0.00 0.00 0.00 0.00 0.00 0.00 0.00 0.00 0.00
262 0.00 0.00 0.00 0.00 0.00 0.00 0.00 0.00 0.00 0.00 0.00 0.00 0.00
263 0.00 0.00 0.00 0.00 0.00 0.00 0.00 0.00 0.00 0.00 0.00 0.00 0.00
264 0.00 0.00 0.00 0.00 0.00 0.00 0.00 0.00 0.00 0.00 0.00 0.00 0.00
265 0.00 0.00 0.00 26.00 0.00 356.00 27.38 11.07 31.85 0.00 31.85 6.62 17.20
266 0.00 0.00 0.00 128.00 0.00 616.00 9.62 122.85 921.34 0.00 921.34 7.81 100.00
267 0.00 0.00 1.00 98.00 4.00 1108.00 22.46 48.36 641.58 16.00 647.96 6.10 60.40
268 0.00 0.00 2.00 0.00 8.00 0.00 8.00 0.04 24.00 24.00 0.00 22.00 4.40
269 0.00 0.00 0.00 0.00 0.00 0.00 0.00 0.00 0.00 0.00 0.00 0.00 0.00
270 0.00 0.00 0.00 19.00 0.00 80.00 8.42 0.20 10.53 0.00 10.53 3.79 7.20
271 0.00 0.00 0.00 628.00 0.00 4812.00 15.32 95.65 152.31 0.00 152.31 1.22 76.80
272 0.00 0.00 0.00 0.00 0.00 0.00 0.00 0.00 0.00 0.00 0.00 0.00 0.00
273 0.00 0.00 0.00 0.00 0.00 0.00 0.00 0.00 0.00 0.00 0.00 0.00 0.00
274 0.00 0.00 0.00 0.00 0.00 0.00 0.00 0.00 0.00 0.00 0.00 0.00 0.00
275 0.00 0.00 0.00 257.00 0.00 1772.00 13.79 21.96 85.45 0.00 85.45 0.72 18.40
276 0.00 0.00 0.00 0.00 0.00 0.00 0.00 0.00 0.00 0.00 0.00 0.00 0.00
277 0.00 0.00 0.00 0.00 0.00 0.00 0.00 0.00 0.00 0.00 0.00 0.00 0.00
278 0.00 0.00 0.00 0.00 0.00 0.00 0.00 0.00 0.00 0.00 0.00 0.00 0.00
279 0.00 0.00 0.00 0.00 0.00 0.00 0.00 0.00 0.00 0.00 0.00 0.00 0.00
280 0.00 0.00 0.00 14.00 0.00 60.00 8.57 0.10 7.43 0.00 7.43 1.14 1.60
281 0.00 0.00 0.00 0.00 0.00 0.00 0.00 0.00 0.00 0.00 0.00 0.00 0.00
282 0.00 0.00 0.00 11.00 0.00 76.00 13.82 0.31 28.00 0.00 28.00 2.55 2.80
283 0.00 0.00 0.00 0.00 0.00 0.00 0.00 0.00 0.00 0.00 0.00 0.00 0.00
284 0.00 0.00 0.00 0.00 0.00 0.00 0.00 0.00 0.00 0.00 0.00 0.00 0.00
285 0.00 0.00 0.00 0.00 0.00 0.00 0.00 22.13 0.00 0.00 0.00 0.00 18.00
286 0.00 1.37 0.00 59.36 0.00 266.67 8.98 128.08 1515.94 0.00 1515.94 16.86 100.09
287 0.00 1.00 0.00 150.00 0.00 1668.00 22.24 7.08 750.85 0.00 750.85 0.69 10.40
288 0.00 0.00 0.00 0.00 0.00 0.00 0.00 0.00 0.00 0.00 0.00 0.00 0.00
289 0.00 0.00 0.00 23.00 0.00 96.00 8.35 0.00 0.17 0.00 0.17 0.17 0.40
290 0.00 0.00 0.00 0.00 0.00 0.00 0.00 0.00 0.00 0.00 0.00 0.00 0.00
291 0.00 0.00 0.00 0.00 0.00 0.00 0.00 0.00 0.00 0.00 0.00 0.00 0.00
292 0.00 0.00 0.00 0.99 0.00 3.96 8.00 0.05 48.00 0.00 48.00 48.00 4.75
293 0.00 0.00 0.00 0.00 0.00 0.00 0.00 0.00 0.00 0.00 0.00 0.00 0.00
294 0.00 0.00 0.00 11.00 0.00 44.00 8.00 0.31 28.36 0.00 28.36 8.73 9.60
295 0.00 0.00 0.00 0.00 0.00 0.00 0.00 112.13 0.00 0.00 0.00 0.00 87.60
296 0.00 0.00 0.00 243.00 0.00 1728.00 14.22 111.79 921.47 0.00 921.47 4.08 99.20
297 0.00 0.00 0.00 2.00 0.00 8.00 8.00 0.01 4.00 0.00 4.00 2.00 0.40
298 0.00 0.00 0.00 0.00 0.00 0.00 0.00 0.00 0.00 0.00 0.00 0.00 0.00
299 0.00 0.00 0.00 14.00 0.00 60.00 8.57 0.37 26.29 0.00 26.29 4.29 6.00
300 0.00 0.00 0.00 0.00 0.00 0.00 0.00 0.00 0.00 0.00 0.00 0.00 0.00
301 0.00 0.00 0.00 0.00 0.00 0.00 0.00 0.00 0.00 0.00 0.00 0.00 0.00
302 0.00 0.00 0.00 0.00 0.00 0.00 0.00 0.00 0.00 0.00 0.00 0.00 0.00
303 0.00 0.00 0.00 0.00 0.00 0.00 0.00 0.00 0.00 0.00 0.00 0.00 0.00
304 0.00 0.00 0.00 10.00 0.00 40.00 8.00 0.00 0.40 0.00 0.40 0.40 0.40
305 0.00 0.00 0.00 228.00 0.00 1720.00 15.09 20.46 89.74 0.00 89.74 0.74 16.80
306 0.00 0.00 0.00 0.00 0.00 0.00 0.00 0.00 0.00 0.00 0.00 0.00 0.00
307 0.00 0.00 0.00 0.00 0.00 0.00 0.00 0.00 0.00 0.00 0.00 0.00 0.00
308 0.00 0.00 0.00 0.00 0.00 0.00 0.00 0.00 0.00 0.00 0.00 0.00 0.00
309 0.00 0.00 0.00 16.00 0.00 68.00 8.50 5.18 323.50 0.00 323.50 37.00 59.20
310 0.00 0.00 0.00 0.00 0.00 0.00 0.00 0.00 0.00 0.00 0.00 0.00 0.00
311 0.00 0.00 0.00 0.00 0.00 0.00 0.00 0.00 0.00 0.00 0.00 0.00 0.00
312 0.00 0.00 0.00 11.00 0.00 84.00 15.27 0.44 40.00 0.00 40.00 3.64 4.00
313 0.00 0.00 0.00 0.00 0.00 0.00 0.00 0.00 0.00 0.00 0.00 0.00 0.00
314 0.00 0.00 0.00 15.00 0.00 60.00 8.00 0.30 20.27 0.00 20.27 2.93 4.40
315 0.00 0.00 0.00 244.00 0.00 1728.00 14.16 65.42 268.11 0.00 268.11 2.34 57.20
316 0.00 0.00 0.00 0.00 0.00 0.00 0.00 0.00 0.00 0.00 0.00 0.00 0.00
317 0.00 0.00 0.00 10.00 0.00 112.00 22.40 1.30 130.40 0.00 130.40 13.20 13.20
318 0.00 0.00 0.00 0.00 0.00 0.00 0.00 0.00 0.00 0.00 0.00 0.00 0.00
319 0.00 0.00 0.00 18.00 0.00 76.00 8.44 0.01 0.44 0.00 0.44 0.44 0.80
320 0.00 0.00 0.00 0.00 0.00 0.00 0.00 0.00 0.00 0.00 0.00 0.00 0.00
321 0.00 0.00 0.00 0.00 0.00 0.00 0.00 0.00 0.00 0.00 0.00 0.00 0.00
322 0.00 2.00 0.00 31.00 0.00 192.00 12.39 0.70 22.71 0.00 22.71 0.90 2.80
323 0.00 0.00 0.00 0.00 0.00 0.00 0.00 0.00 0.00 0.00 0.00 0.00 0.00
324 0.00 0.00 0.00 254.00 0.00 2084.00 16.41 21.13 83.20 0.00 83.20 0.72 18.40
325 0.00 0.00 0.00 0.00 0.00 0.00 0.00 0.00 0.00 0.00 0.00 0.00 0.00
326 0.00 0.00 0.00 0.00 0.00 0.00 0.00 0.00 0.00 0.00 0.00 0.00 0.00
327 0.00 0.00 0.00 0.00 0.00 0.00 0.00 0.00 0.00 0.00 0.00 0.00 0.00
328 0.00 0.00 0.00 0.00 0.00 0.00 0.00 0.00 0.00 0.00 0.00 0.00 0.00
329 0.00 0.00 0.00 154.00 0.00 680.00 8.83 28.30 135.69 0.00 135.69 1.90 29.20
330 0.00 0.00 0.00 443.00 0.00 4204.00 18.98 30.94 86.54 0.00 86.54 0.60 26.40
331 0.00 0.00 0.00 2.00 0.00 8.00 8.00 0.00 2.00 0.00 2.00 2.00 0.40
332 0.00 0.00 1.00 2.00 4.00 12.00 10.67 0.01 4.00 8.00 2.00 4.00 1.20
333 0.00 0.00 0.00 8.00 0.00 32.00 8.00 0.01 1.50 0.00 1.50 1.50 1.20
334 0.00 0.00 0.00 1.98 0.00 11.88 12.00 0.00 0.00 0.00 0.00 0.00 0.00
335 0.00 0.00 0.00 263.00 0.00 1800.00 13.69 22.28 84.71 0.00 84.71 0.70 18.40
336 0.00 0.00 0.00 2.00 0.00 8.00 8.00 0.01 4.00 0.00 4.00 4.00 0.80
337 0.00 0.00 0.00 3.00 0.00 232.00 154.67 0.01 2.67 0.00 2.67 2.67 0.80
338 0.00 0.00 0.00 3.00 0.00 16.00 10.67 0.00 1.33 0.00 1.33 1.33 0.40
339 0.00 0.00 1.00 23.00 4.00 96.00 8.33 0.08 3.50 72.00 0.52 3.50 8.40
340 0.00 0.00 0.00 0.00 0.00 0.00 0.00 0.00 0.00 0.00 0.00 0.00 0.00
341 0.00 0.00 0.00 2.00 0.00 8.00 8.00 0.00 2.00 0.00 2.00 2.00 0.40
342 0.00 0.00 0.00 17.00 0.00 100.00 11.76 0.16 9.65 0.00 9.65 1.18 2.00
343 0.00 0.00 0.00 0.00 0.00 0.00 0.00 0.00 0.00 0.00 0.00 0.00 0.00
344 0.00 0.00 0.00 26.00 0.00 108.00 8.31 0.10 3.69 0.00 3.69 1.54 4.00
345 0.00 0.00 0.00 240.00 0.00 1768.00 14.73 19.56 81.50 0.00 81.50 0.80 19.20
346 0.00 0.00 0.00 6.00 0.00 24.00 8.00 0.34 52.67 0.00 52.67 56.67 34.00
347 0.00 0.00 0.00 6.00 0.00 48.00 16.00 0.05 12.00 0.00 12.00 8.00 4.80
348 0.00 0.00 0.00 0.00 0.00 0.00 0.00 0.00 0.00 0.00 0.00 0.00 0.00
349 0.00 0.00 0.00 39.00 0.00 168.00 8.62 0.03 0.82 0.00 0.82 0.82 3.20
350 0.00 0.00 0.00 4.00 0.00 16.00 8.00 0.02 5.00 0.00 5.00 5.00 2.00
351 0.00 0.00 0.00 18.00 0.00 80.00 8.89 0.02 1.33 0.00 1.33 1.33 2.40
352 0.00 0.00 0.00 11.00 0.00 120.00 21.82 0.22 19.64 0.00 19.64 13.82 15.20
353 0.00 0.00 0.00 7.00 0.00 28.00 8.00 0.15 21.71 0.00 21.71 21.71 15.20
354 0.00 0.00 4.00 259.00 16.00 1788.00 13.72 29.13 110.75 13.00 112.26 1.29 34.00
355 0.00 0.00 0.00 8.00 0.00 32.00 8.00 0.04 5.50 0.00 5.50 5.50 4.40
356 0.00 0.00 0.00 12.00 0.00 52.00 8.67 0.03 2.33 0.00 2.33 2.33 2.80
357 0.00 3.00 0.00 46.00 0.00 260.00 11.30 1.21 26.35 0.00 26.35 5.74 26.40
358 0.00 0.00 0.00 0.00 0.00 0.00 0.00 0.00 0.00 0.00 0.00 0.00 0.00
359 0.00 0.00 0.00 25.00 0.00 104.00 8.32 0.38 15.20 0.00 15.20 3.68 9.20
360 0.00 4989.00 0.00 38.00 0.00 2584.00 136.00 2.17 3.16 0.00 3.16 2.63 10.00
361 0.00 11686.00 1.00 179.00 4.00 64992.00 722.18 9.16 62.29 8.00 62.59 1.47 26.40
362 0.00 0.00 0.00 4.00 0.00 68.00 34.00 0.08 21.00 0.00 21.00 18.00 7.20
363 0.00 0.00 0.00 0.00 0.00 0.00 0.00 0.00 0.00 0.00 0.00 0.00 0.00
364 0.00 0.00 0.00 247.00 0.00 1800.00 14.57 20.20 81.77 0.00 81.77 0.87 21.60
365 0.00 0.00 0.00 4.00 0.00 16.00 8.00 0.02 4.00 0.00 4.00 4.00 1.60
366 0.00 0.00 1.00 4.00 4.00 20.00 9.60 0.02 4.80 20.00 1.00 4.80 2.40
367 0.00 0.00 1.00 24.00 4.00 100.00 8.32 0.07 2.88 8.00 2.67 2.88 7.20
368 0.00 0.00 0.00 0.00 0.00 0.00 0.00 0.00 0.00 0.00 0.00 0.00 0.00
369 0.00 0.00 0.00 20.00 0.00 84.00 8.40 0.07 3.60 0.00 3.60 0.60 1.20
370 0.00 0.00 0.00 6.00 0.00 24.00 8.00 0.02 2.67 0.00 2.67 2.67 1.60
371 0.00 0.00 1.00 8.00 4.00 36.00 8.89 0.03 3.56 20.00 1.50 3.56 3.20
372 0.00 0.00 1.00 27.00 4.00 164.00 12.00 0.11 4.00 8.00 3.85 1.14 3.20
373 0.00 0.00 0.00 8.00 0.00 32.00 8.00 0.02 2.50 0.00 2.50 2.50 2.00
374 0.00 0.00 0.00 17.00 0.00 68.00 8.00 11.84 3.76 0.00 3.76 5.65 9.60
375 0.00 0.00 0.00 243.00 0.00 1756.00 14.45 9.11 85.94 0.00 85.94 0.35 8.40
376 0.00 0.00 0.00 0.00 0.00 0.00 0.00 0.00 0.00 0.00 0.00 0.00 0.00
377 0.00 0.00 1.00 6.00 4.00 28.00 9.14 0.02 3.43 16.00 1.33 3.43 2.40
378 0.00 0.00 0.00 0.00 0.00 0.00 0.00 0.00 0.00 0.00 0.00 0.00 0.00
379 0.00 0.00 0.00 17.00 0.00 72.00 8.47 0.01 0.47 0.00 0.47 0.47 0.80
380 0.00 0.00 0.00 6.00 0.00 24.00 8.00 0.02 2.67 0.00 2.67 2.67 1.60
381 0.00 0.00 1.00 78.00 4.00 324.00 8.30 0.11 1.37 8.00 1.28 1.37 10.80
382 0.00 0.00 19.00 10.00 124.00 72.00 13.52 0.22 7.45 10.74 1.20 4.28 12.40
383 0.00 0.00 0.00 0.00 0.00 0.00 0.00 0.00 0.00 0.00 0.00 0.00 0.00
384 0.00 0.00 0.00 46.00 0.00 444.00 19.30 0.18 3.91 0.00 3.91 0.17 0.80
385 0.00 0.00 0.00 229.00 0.00 1768.00 15.44 18.46 80.63 0.00 80.63 0.73 16.80
386 0.00 0.00 0.00 1.00 0.00 192.00 384.00 0.00 0.00 0.00 0.00 0.00 0.00
387 0.00 0.00 0.00 5.00 0.00 92.00 36.80 0.04 8.00 0.00 8.00 1.60 0.80
388 0.00 0.00 0.00 0.00 0.00 0.00 0.00 0.00 0.00 0.00 0.00 0.00 0.00
389 0.00 0.00 0.00 645.00 0.00 5696.00 17.66 58.58 90.82 0.00 90.82 0.76 49.20
390 0.00 0.00 0.00 0.00 0.00 0.00 0.00 0.00 0.00 0.00 0.00 0.00 0.00
391 0.00 0.00 0.00 0.00 0.00 0.00 0.00 0.00 0.00 0.00 0.00 0.00 0.00
392 0.00 6.00 0.00 48.00 0.00 256.00 10.67 1.73 36.00 0.00 36.00 0.75 3.60
393 0.00 0.00 0.00 0.00 0.00 0.00 0.00 0.00 0.00 0.00 0.00 0.00 0.00
394 0.00 0.00 0.00 249.00 0.00 1780.00 14.30 18.98 76.21 0.00 76.21 0.69 17.20
395 0.00 0.00 0.00 0.00 0.00 0.00 0.00 0.00 0.00 0.00 0.00 0.00 0.00
396 0.00 0.00 0.00 0.00 0.00 0.00 0.00 0.00 0.00 0.00 0.00 0.00 0.00
397 0.00 0.00 0.00 2.00 0.00 36.00 36.00 0.00 0.00 0.00 0.00 0.00 0.00
398 0.00 0.00 0.00 0.00 0.00 0.00 0.00 0.00 0.00 0.00 0.00 0.00 0.00
399 0.00 0.00 0.00 16.00 0.00 68.00 8.50 0.00 0.00 0.00 0.00 0.00 0.00
400 0.00 0.00 0.00 0.00 0.00 0.00 0.00 0.00 0.00 0.00 0.00 0.00 0.00
401 0.00 0.00 0.00 0.00 0.00 0.00 0.00 0.00 0.00 0.00 0.00 0.00 0.00
402 0.00 0.00 0.00 11.00 0.00 232.00 42.18 0.09 8.00 0.00 8.00 0.73 0.80
403 0.00 0.00 0.00 0.00 0.00 0.00 0.00 0.00 0.00 0.00 0.00 0.00 0.00
404 0.00 0.00 0.00 244.00 0.00 1760.00 14.43 21.45 87.92 0.00 87.92 0.70 17.20
405 0.00 0.00 0.00 0.00 0.00 0.00 0.00 0.00 0.00 0.00 0.00 0.00 0.00
406 0.00 0.00 0.00 0.00 0.00 0.00 0.00 0.00 0.00 0.00 0.00 0.00 0.00
407 0.00 0.00 0.00 1.00 0.00 4.00 8.00 0.00 0.00 0.00 0.00 0.00 0.00
408 0.00 0.00 0.00 0.00 0.00 0.00 0.00 0.00 0.00 0.00 0.00 0.00 0.00
409 0.00 0.00 0.00 14.00 0.00 60.00 8.57 0.00 0.29 0.00 0.29 0.29 0.40
410 0.00 0.00 0.00 0.00 0.00 0.00 0.00 0.00 0.00 0.00 0.00 0.00 0.00
411 0.00 0.00 0.00 0.00 0.00 0.00 0.00 0.00 0.00 0.00 0.00 0.00 0.00
412 0.00 0.00 0.00 2.00 0.00 8.00 8.00 0.00 0.00 0.00 0.00 0.00 0.00
413 0.00 0.00 0.00 0.00 0.00 0.00 0.00 0.00 0.00 0.00 0.00 0.00 0.00
