0 0.00 32.06 35.54 14.57 1141.88 1055.25 87.69 3.07 60.74 31.89 131.10 2.15 10.77
1 0.00 0.00 35.00 0.00 168.00 0.00 9.60 0.32 9.94 9.94 0.00 2.74 9.60
2 0.00 0.00 15.00 0.00 2088.00 0.00 278.40 0.16 10.67 10.67 0.00 2.13 3.20
3 0.00 0.00 21.00 0.00 84.00 0.00 8.00 0.19 9.14 9.14 0.00 4.76 10.00
4 0.00 0.00 21.00 1.00 2112.00 4.00 192.36 0.11 5.09 5.33 0.00 1.82 4.00
5 0.00 0.00 19.00 16.00 76.00 64.00 8.00 0.08 2.17 3.79 0.25 1.03 3.60
6 0.00 0.00 19.00 0.00 2104.00 0.00 221.47 0.18 9.26 9.26 0.00 4.21 8.00
7 0.00 0.00 17.00 0.00 68.00 0.00 8.00 0.12 7.53 7.53 0.00 5.88 10.00
8 0.00 0.00 21.00 0.00 2112.00 0.00 201.14 0.20 9.52 9.52 0.00 3.62 7.60
9 0.00 0.00 16.00 0.00 64.00 0.00 8.00 0.10 6.25 6.25 0.00 3.75 6.00
10 0.00 0.00 46.00 4.00 2212.00 16.00 89.12 0.48 9.36 10.17 0.00 7.36 36.80
11 0.00 0.00 234.00 0.00 960.00 0.00 8.21 2.14 9.20 9.20 0.00 4.22 98.80
12 0.00 0.00 275.00 0.00 7792.00 0.00 56.67 4.98 18.09 18.09 0.00 3.59 98.80
13 0.00 0.00 148.00 0.00 1104.00 0.00 14.92 1.13 7.65 7.65 0.00 6.54 96.80
14 0.00 0.00 280.00 0.00 8584.00 0.00 61.31 3.59 12.46 12.46 0.00 3.51 98.40
15 0.00 0.00 174.00 0.00 4768.00 0.00 54.80 1.38 8.51 8.51 0.00 5.61 97.60
16 0.00 0.00 199.00 36.00 4048.00 144.00 35.68 1.30 5.57 6.55 0.11 3.93 92.40
17 0.00 0.00 271.00 0.00 5476.00 0.00 40.41 1.06 3.90 3.90 0.00 3.20 86.80
18 0.00 0.00 176.00 0.00 5036.00 0.00 57.23 1.43 8.16 8.16 0.00 5.41 95.20
19 0.00 10.00 238.00 59.00 4852.00 332.00 34.91 3.87 12.97 8.47 31.12 3.22 95.60
20 0.00 0.00 312.00 0.00 7812.00 0.00 50.08 2.23 7.22 7.22 0.00 3.21 100.00
21 0.00 0.00 322.00 11.00 3596.00 44.00 21.86 2.28 6.77 6.88 3.64 2.99 99.60
22 0.00 0.00 436.00 0.00 5232.00 0.00 24.00 2.86 6.60 6.60 0.00 2.28 99.60
23 0.00 0.00 207.00 0.00 1772.00 0.00 17.12 1.58 7.69 7.69 0.00 4.08 84.40
24 0.00 0.00 175.00 0.00 3964.00 0.00 45.30 1.30 7.38 7.38 0.00 5.05 88.40
25 0.00 0.00 171.00 0.00 1812.00 0.00 21.19 1.27 7.49 7.49 0.00 4.84 82.80
26 0.00 0.00 171.00 7.00 4756.00 28.00 53.75 1.70 9.48 9.73 3.43 5.44 96.80
27 0.00 0.00 165.00 0.00 1700.00 0.00 20.61 0.99 6.04 6.04 0.00 4.46 73.60
28 0.00 0.00 283.00 0.00 5080.00 0.00 35.90 1.67 5.91 5.91 0.00 2.93 82.80
29 0.00 0.00 250.00 0.00 2776.00 0.00 22.21 1.09 4.34 4.34 0.00 2.99 74.80
30 0.00 0.00 267.00 0.00 4752.00 0.00 35.60 1.32 4.96 4.96 0.00 2.80 74.80
31 0.00 0.00 200.00 12.00 2516.00 48.00 24.19 1.45 6.49 6.66 3.67 3.77 80.00
32 0.00 0.00 76.00 0.00 2668.00 0.00 70.21 2.84 33.00 33.00 0.00 13.00 98.80
33 0.00 0.00 91.00 0.00 472.00 0.00 10.37 2.98 36.04 36.04 0.00 10.99 100.00
34 0.00 0.00 72.00 0.00 2552.00 0.00 70.89 5.52 36.17 36.17 0.00 13.89 100.00
35 0.00 0.00 91.00 183.00 716.00 88204.00 649.05 15.10 65.58 27.96 84.28 3.65 100.00
36 0.00 0.00 91.00 19.00 3208.00 76.00 59.71 3.57 33.82 40.88 0.00 9.09 100.00
37 0.00 0.00 141.00 0.00 1188.00 0.00 16.85 3.37 23.77 23.77 0.00 7.09 100.00
38 0.00 0.00 137.00 0.00 3008.00 0.00 43.91 3.92 28.73 28.73 0.00 7.30 100.00
39 0.00 0.00 49.00 0.00 564.00 0.00 23.02 1.74 32.24 32.24 0.00 20.33 99.60
40 0.00 0.00 133.00 1.00 3524.00 56.00 53.43 1.15 9.73 9.80 0.00 3.97 53.20
41 0.00 0.00 180.00 20.00 1968.00 80.00 20.48 0.93 4.68 5.20 0.00 3.68 73.60
42 0.00 0.00 435.00 0.00 5704.00 0.00 26.23 1.63 3.76 3.76 0.00 1.78 77.60
43 0.00 0.00 331.00 0.00 7512.00 0.00 45.39 2.00 5.97 5.97 0.00 2.40 79.60
44 0.00 0.00 99.00 0.00 2580.00 0.00 52.12 1.21 12.53 12.53 0.00 2.06 20.40
45 0.00 0.00 131.00 0.00 5904.00 0.00 90.14 1.15 8.67 8.67 0.00 3.33 43.60
46 0.00 0.00 212.00 142.00 2872.00 568.00 19.44 2.91 8.26 9.02 7.13 2.78 98.40
47 0.00 0.00 317.00 0.00 1268.00 0.00 8.00 1.87 5.85 5.85 0.00 3.13 99.20
48 0.00 0.00 153.00 0.00 2636.00 0.00 34.46 1.28 8.44 8.44 0.00 6.51 99.60
49 0.00 0.00 148.00 7.00 592.00 64.00 8.46 1.12 7.25 7.41 4.00 6.37 98.80
50 0.00 0.00 190.10 0.00 2827.72 0.00 29.75 2.00 8.48 8.48 0.00 5.19 98.61
51 0.00 0.00 199.00 132.00 796.00 528.00 8.00 1.68 6.30 5.91 6.88 3.01 99.60
52 0.00 0.00 213.00 0.00 2876.00 0.00 27.00 1.28 5.99 5.99 0.00 4.64 98.80
53 0.00 0.00 224.00 0.00 1016.00 0.00 9.07 1.33 5.96 5.96 0.00 4.14 92.80
54 0.00 3.00 29.00 43.00 2176.00 232.00 66.89 1.46 20.22 8.69 28.00 1.50 10.80
55 0.00 0.00 21.78 0.00 87.13 0.00 8.00 0.51 10.18 10.18 0.00 2.55 5.54
56 0.00 0.00 19.00 136.00 2104.00 544.00 34.17 0.98 8.21 24.42 5.94 1.37 21.20
57 0.00 0.00 16.00 0.00 64.00 0.00 8.00 0.20 12.50 12.50 0.00 12.00 19.20
58 0.00 0.00 21.00 0.00 2112.00 0.00 201.14 0.77 35.62 35.62 0.00 15.43 32.40
59 0.00 0.00 29.00 130.00 176.00 40124.00 506.92 14.34 90.21 64.28 96.00 3.92 62.40
60 0.00 0.00 17.00 0.00 2220.00 0.00 261.18 1.33 49.18 49.18 0.00 15.06 25.60
61 0.00 0.00 16.00 149.00 64.00 596.00 8.00 0.88 8.46 23.00 6.90 1.87 30.80
62 0.00 0.00 29.00 128.00 2144.00 35528.00 479.90 10.59 67.29 41.52 73.12 4.05 63.60
63 0.00 0.00 25.00 60.00 100.00 24516.00 579.20 3.27 38.73 49.28 34.33 9.98 84.80
64 0.00 0.00 22.00 314.00 2112.00 144828.00 874.64 31.53 93.85 22.91 98.82 1.74 58.40
65 0.00 0.00 28.00 0.00 152.00 0.00 10.86 1.23 44.00 44.00 0.00 18.71 52.40
66 0.00 0.00 20.00 157.00 2108.00 628.00 30.92 1.46 8.25 35.40 4.79 2.46 43.60
67 0.00 0.00 11.00 0.00 44.00 0.00 8.00 0.23 20.73 20.73 0.00 9.09 10.00
68 0.00 0.00 16.00 0.00 2092.00 0.00 261.50 0.55 34.25 34.25 0.00 6.75 10.80
69 0.00 1.00 23.00 43.00 92.00 15248.00 464.85 3.14 28.61 13.22 36.84 1.82 12.00
70 0.00 26.00 30.00 219.00 2368.00 72620.00 602.31 14.36 62.54 28.53 67.20 1.96 48.80
71 0.00 0.00 217.00 152.00 5796.00 608.00 34.71 11.76 28.68 45.40 4.82 2.71 100.00
72 0.00 23.00 145.00 34.00 5556.00 228.00 64.63 8.06 49.05 59.92 2.71 5.59 100.00
73 0.00 5.00 111.00 135.00 5632.00 42868.00 394.31 12.04 49.79 54.45 45.96 3.98 98.00
74 0.00 0.00 164.00 0.00 4420.00 0.00 53.90 4.76 29.73 29.73 0.00 6.12 100.40
75 0.00 0.00 57.00 0.00 3616.00 0.00 126.88 2.38 44.98 44.98 0.00 11.23 64.00
76 0.00 0.00 16.00 137.00 64.00 548.00 8.00 0.90 5.88 22.25 3.97 1.33 20.40
77 0.00 0.00 19.00 0.00 2228.00 0.00 234.53 0.81 42.74 42.74 0.00 19.37 36.80
78 0.00 0.00 36.00 0.00 208.00 0.00 11.56 1.06 26.00 26.00 0.00 11.56 41.60
79 0.00 121.00 186.00 0.00 20492.00 0.00 220.34 7.21 36.73 36.73 0.00 5.16 96.00
80 0.00 61.00 23.00 238.00 92.00 1680.00 13.58 1.78 8.69 5.74 8.97 0.51 13.20
81 0.00 0.00 60.00 20.00 6952.00 80.00 175.80 0.82 6.85 9.07 0.20 2.85 22.80
82 0.00 0.00 332.00 0.00 36020.00 0.00 216.99 3.89 12.51 12.51 0.00 2.34 77.60
83 0.00 291.00 173.00 16.00 9884.00 1228.00 117.59 1.02 5.46 5.29 7.25 1.95 36.80
84 0.00 0.00 119.00 0.00 12448.00 0.00 209.21 0.63 5.31 5.31 0.00 2.39 28.40
85 0.00 0.00 24.00 0.00 2124.00 0.00 177.00 0.27 11.17 11.17 0.00 5.17 12.40
86 0.00 0.00 17.00 141.00 68.00 564.00 8.00 0.80 4.96 5.65 4.88 0.56 8.80
87 0.00 692.00 87.00 17.00 8368.00 2836.00 215.46 0.91 7.15 7.45 5.65 2.81 29.20
88 0.00 0.00 167.00 0.00 9852.00 0.00 117.99 7.66 46.35 46.35 0.00 5.99 100.00
89 0.00 37.00 148.00 6.00 8092.00 172.00 107.32 7.32 47.38 49.08 5.33 6.49 100.00
90 0.00 0.00 71.00 56.00 2904.00 12608.00 244.28 3.37 23.43 15.83 33.07 3.62 46.00
91 0.00 10.00 126.00 233.00 7992.00 18796.00 149.24 10.40 30.21 28.44 31.16 2.71 97.20
92 0.00 1.00 64.00 68.00 3584.00 18828.00 339.58 24.41 181.42 88.88 268.53 7.58 100.00
93 0.00 0.00 85.00 0.00 5992.00 0.00 140.99 8.91 109.51 109.51 0.00 11.76 100.00
94 0.00 37.00 90.00 7.00 4948.00 176.00 105.65 5.69 58.60 56.84 81.14 10.31 100.00
95 0.00 0.00 97.00 0.00 7608.00 0.00 156.87 5.97 62.80 62.80 0.00 9.86 95.60
96 0.00 8.00 95.00 180.00 5568.00 13072.00 135.56 16.27 57.82 74.02 49.27 3.64 100.00
97 0.00 0.00 122.00 0.00 7560.00 0.00 123.93 8.01 67.28 67.28 0.00 8.20 100.00
98 0.00 22.00 92.00 102.00 3344.00 31292.00 357.07 12.34 53.59 57.39 50.16 5.13 99.60
99 0.00 0.00 125.00 0.00 5828.00 0.00 93.25 6.96 54.37 54.37 0.00 8.00 100.00
100 0.00 0.00 50.00 0.00 428.00 0.00 17.12 2.20 51.44 51.44 0.00 13.60 68.00
101 0.00 0.00 39.00 141.00 2536.00 564.00 34.44 2.86 15.87 33.85 10.89 3.58 64.40
102 0.00 0.00 90.00 0.00 748.00 0.00 16.62 4.95 47.47 47.47 0.00 10.13 91.20
103 0.00 0.00 114.00 0.00 3460.00 0.00 60.70 8.16 76.81 76.81 0.00 7.86 89.60
104 0.00 0.00 16.00 0.00 64.00 0.00 8.00 0.65 40.50 40.50 0.00 30.00 48.00
105 0.00 0.00 20.00 0.00 2104.00 0.00 210.40 0.80 39.80 39.80 0.00 16.00 32.00
106 0.00 0.00 15.00 127.00 60.00 508.00 8.00 1.03 7.24 6.13 7.37 0.70 10.00
107 0.00 3.00 55.00 83.00 2336.00 24940.00 395.30 3.74 27.10 11.42 37.49 2.14 29.60
108 0.00 0.00 24.00 0.00 96.00 0.00 8.00 0.13 5.33 5.33 0.00 5.33 12.80
109 0.00 0.00 22.00 0.00 2116.00 0.00 192.36 0.24 10.73 10.73 0.00 3.82 8.40
110 0.00 0.00 22.00 0.00 300.00 0.00 27.27 0.17 7.09 7.09 0.00 6.55 14.40
111 0.00 0.00 47.00 148.00 3928.00 592.00 46.36 2.18 10.81 12.34 10.32 1.85 36.00
112 0.00 176.00 42.00 310.00 3212.00 1944.00 29.30 5.11 14.77 21.81 13.82 1.39 48.80
113 0.00 0.00 34.00 0.00 2220.00 0.00 130.59 0.32 9.29 9.29 0.00 2.24 7.60
114 0.00 0.00 20.00 0.00 100.00 0.00 10.00 0.10 5.20 5.20 0.00 4.60 9.20
115 0.00 0.00 35.00 0.00 2620.00 0.00 149.71 0.40 11.54 11.54 0.00 2.74 9.60
116 0.00 0.00 103.00 132.00 4036.00 528.00 38.84 3.06 12.34 21.79 4.97 3.66 86.00
117 0.00 0.00 71.00 0.00 2940.00 0.00 82.82 2.79 41.35 41.35 0.00 13.07 92.80
118 0.00 4598.00 18.00 165.00 84.00 29072.00 318.64 11.71 52.20 43.56 53.14 2.62 48.00
119 0.00 0.00 39.00 58.00 2180.00 18360.00 423.51 1.39 36.74 25.13 44.55 3.22 31.20
120 0.00 0.00 18.00 80.00 72.00 30460.00 623.10 6.44 65.76 38.44 71.90 3.84 37.60
121 0.00 62.00 61.00 274.00 2272.00 25356.00 164.94 15.58 46.51 59.02 43.72 1.77 59.20
122 0.00 0.00 113.00 0.00 10276.00 0.00 181.88 6.04 53.42 53.42 0.00 7.50 84.80
123 0.00 0.00 56.00 0.00 3736.00 0.00 133.43 0.44 7.93 7.93 0.00 3.64 20.40
124 0.00 0.00 16.00 0.00 64.00 0.00 8.00 0.16 9.75 9.75 0.00 7.25 11.60
125 0.00 0.00 23.00 0.00 2244.00 0.00 195.13 0.18 8.00 8.00 0.00 3.83 8.80
126 0.00 0.00 25.00 154.00 100.00 5712.00 64.94 1.24 6.79 15.36 5.40 1.72 30.80
127 0.00 0.00 124.75 0.99 14336.63 3.96 228.09 7.12 53.92 54.35 0.00 7.91 99.41
128 0.00 64.65 28.28 207.07 751.52 52048.48 448.69 15.26 66.40 29.43 71.45 2.25 52.93
129 0.00 4.00 25.00 34.00 2152.00 11264.00 454.78 1.55 25.49 16.96 31.76 5.08 30.00
130 0.00 2.00 91.00 46.00 492.00 17884.00 268.26 3.07 22.74 16.26 35.57 4.58 62.80
131 0.00 185.00 81.00 303.00 8456.00 32832.00 215.04 14.69 38.26 8.54 46.20 1.29 49.60
132 0.00 9.00 14.00 3.00 56.00 48.00 12.24 0.12 7.06 8.00 2.67 6.82 11.60
133 0.00 0.00 24.00 0.00 2120.00 0.00 176.67 0.74 30.67 30.67 0.00 13.00 31.20
134 0.00 0.00 18.00 0.00 72.00 0.00 8.00 0.74 35.33 35.33 0.00 37.33 67.20
135 0.00 0.00 67.00 0.00 8400.00 0.00 250.75 2.93 45.19 45.19 0.00 14.81 99.20
136 0.00 0.00 17.00 135.00 68.00 3108.00 41.79 1.80 11.82 22.12 10.52 1.76 26.80
137 0.00 0.00 18.00 0.00 2100.00 0.00 233.33 1.11 61.56 61.56 0.00 32.00 57.60
138 0.00 0.00 35.00 0.00 140.00 0.00 8.00 0.69 19.66 19.66 0.00 8.46 29.60
139 0.00 0.00 22.00 0.00 2112.00 0.00 192.00 0.22 9.82 9.82 0.00 4.18 9.20
140 0.00 0.00 17.00 0.00 68.00 0.00 8.00 0.10 6.12 6.12 0.00 4.24 7.20
141 0.00 0.00 18.00 6.00 2108.00 24.00 177.67 0.21 8.67 11.33 0.67 4.50 10.80
142 0.00 0.00 20.00 0.00 80.00 0.00 8.00 0.06 3.20 3.20 0.00 2.40 4.80
143 0.00 0.00 26.00 0.00 2244.00 0.00 172.62 0.34 12.92 12.92 0.00 4.77 12.40
144 0.00 0.00 28.00 0.00 192.00 0.00 13.71 0.26 9.14 9.14 0.00 6.29 17.60
145 0.00 0.00 23.00 0.00 2116.00 0.00 184.00 0.23 9.91 9.91 0.00 6.43 14.80
146 0.00 0.00 21.00 3.00 84.00 12.00 8.00 0.11 4.50 4.95 1.33 2.67 6.40
147 0.00 0.00 23.00 0.00 2116.00 0.00 184.00 0.20 8.87 8.87 0.00 4.35 10.00
148 0.00 0.00 42.00 0.00 344.00 0.00 16.38 0.37 8.76 8.76 0.00 6.10 25.60
149 0.00 0.00 124.00 0.00 2804.00 0.00 45.23 2.15 17.39 17.39 0.00 2.90 36.00
150 0.00 0.00 15.00 0.00 60.00 0.00 8.00 0.10 6.67 6.67 0.00 4.00 6.00
151 0.00 45.00 19.00 121.00 1604.00 8840.00 149.20 9.84 67.86 64.21 68.43 3.09 43.20
152 0.00 5.00 56.00 3.00 732.00 32.00 25.90 3.07 54.37 53.86 64.00 15.05 88.80
153 0.00 6.00 30.00 69.00 2144.00 23804.00 524.20 6.54 68.04 66.27 68.81 6.99 69.20
154 0.00 33.00 18.00 118.00 72.00 40300.00 593.71 20.66 151.94 70.00 164.44 5.47 74.40
155 0.00 4533.00 11.00 0.00 44.00 0.00 8.00 51.67 55.64 55.64 0.00 74.55 82.00
156 0.00 0.00 18.00 183.00 2100.00 39956.00 418.47 36.47 412.90 113.78 442.32 4.98 100.00
157 0.00 52.00 34.00 123.00 2200.00 31792.00 433.02 16.27 132.41 58.59 152.81 6.34 99.60
158 0.00 0.00 14.00 0.00 56.00 0.00 8.00 9.54 109.71 109.71 0.00 45.71 64.00
159 0.00 0.00 29.00 35.00 312.00 16384.00 521.75 27.70 186.06 59.03 291.31 15.31 98.00
160 0.00 7.00 9.00 63.00 36.00 23676.00 658.67 59.78 1157.11 385.78 1267.30 13.89 100.00
161 0.00 0.00 75.00 25.00 2344.00 128.00 49.44 12.43 110.72 106.88 122.24 10.00 100.00
162 0.00 20.00 79.00 0.00 316.00 0.00 8.00 46.98 80.25 80.25 0.00 11.59 91.60
163 0.00 0.00 262.00 80.00 3072.00 28188.00 182.81 69.45 326.69 93.19 1091.40 2.92 100.00
164 0.00 2.00 29.00 2.00 2268.00 16.00 147.35 0.46 15.23 16.00 4.00 9.29 28.80
165 0.00 0.00 16.00 0.00 64.00 0.00 8.00 0.14 8.50 8.50 0.00 6.00 9.60
166 0.00 0.00 10.00 141.00 40.00 564.00 8.00 2.79 17.99 62.00 14.87 2.70 40.80
167 0.00 0.00 243.56 14.85 2978.22 7663.37 82.36 48.14 150.07 143.46 258.40 2.80 72.48
168 0.00 0.00 768.00 25.00 3072.00 10920.00 35.29 96.03 120.87 120.98 117.44 1.26 100.00
169 0.00 0.00 1041.00 0.00 6180.00 0.00 11.87 107.59 110.32 110.32 0.00 0.96 100.00
170 0.00 8.00 3655.00 87.00 14648.00 18876.00 17.92 81.16 22.28 21.62 50.11 0.27 99.60
171 0.00 0.00 1671.00 130.00 8684.00 520.00 10.22 53.32 29.17 28.47 38.06 0.56 100.00
172 0.00 477.00 406.00 7.00 2004.00 1744.00 18.15 62.45 66.24 64.43 170.86 2.42 100.00
173 0.00 0.00 33.00 117.00 2268.00 16920.00 255.84 72.64 725.09 194.06 874.87 6.67 100.00
174 0.00 1.00 71.00 102.00 2756.00 35156.00 438.29 6.11 35.35 12.39 51.33 3.63 62.80
175 0.00 4.00 24.00 58.00 96.00 18852.00 462.15 2.92 35.61 6.67 47.59 2.20 18.00
176 0.00 534.00 11.00 147.00 44.00 28512.00 361.47 5.78 36.00 18.55 37.31 2.38 37.60
177 0.00 0.00 32.00 44.00 2152.00 15660.00 468.74 3.36 42.16 50.62 36.00 8.74 66.40
178 0.00 0.00 15.00 55.00 184.00 19704.00 568.23 1.98 30.40 23.20 32.36 5.60 39.20
179 0.00 5256.00 57.00 157.00 2796.00 55748.00 547.14 50.80 237.59 98.74 288.00 4.52 96.80
180 0.00 0.00 26.00 67.00 316.00 22540.00 491.53 8.79 94.24 61.38 106.99 5.59 52.00
181 0.00 19.00 274.00 190.00 3304.00 15052.00 79.12 78.37 137.49 119.15 163.94 2.16 100.00
182 0.00 1.00 9.00 0.00 36.00 0.00 8.00 120.16 209.78 209.78 0.00 111.11 100.00
183 0.00 90.00 421.00 101.00 2556.00 19776.00 85.56 53.38 355.97 142.98 1243.76 1.92 100.40
184 0.00 0.00 186.00 17.00 2356.00 2604.00 48.87 39.32 141.97 112.67 462.59 4.93 100.00
185 0.00 2456.00 906.00 117.00 11600.00 42796.00 106.35 42.92 52.33 27.39 245.47 0.98 100.00
186 0.00 7.00 1260.00 168.00 17608.00 21808.00 55.20 42.30 25.87 18.33 82.40 0.70 100.00
187 0.00 0.00 100.00 61.00 1396.00 10968.00 153.59 62.42 423.08 252.12 703.34 6.21 100.00
188 0.00 2.00 26.00 21.00 2416.00 6244.00 368.51 20.20 57.53 61.85 52.19 21.28 100.00
189 0.00 5.00 27.00 96.00 1224.00 36712.00 616.85 21.14 314.34 117.33 369.75 7.84 96.40
190 0.00 76.00 28.00 38.00 2228.00 9436.00 353.45 6.65 60.06 25.71 85.37 7.94 52.40
191 0.00 2.00 229.00 224.00 1064.00 41184.00 186.53 23.26 57.27 19.04 96.36 1.47 66.40
192 0.00 27.00 1486.00 96.00 7972.00 29984.00 47.98 28.76 17.01 12.84 81.54 0.54 84.80
193 0.00 0.00 116.00 0.00 756.00 0.00 13.03 5.34 60.52 60.52 0.00 7.28 84.40
194 0.00 0.00 57.00 0.00 2532.00 0.00 88.84 2.02 38.46 38.46 0.00 8.21 46.80
195 0.00 0.00 29.00 0.00 188.00 0.00 12.97 0.16 5.38 5.38 0.00 2.48 7.20
196 0.00 0.00 16.00 144.00 2100.00 576.00 33.45 3.15 19.68 38.00 17.64 1.27 20.40
197 0.00 57.00 205.00 57.00 1156.00 17532.00 142.66 66.56 223.57 191.28 339.72 3.04 79.60
198 0.00 0.00 499.00 0.00 3484.00 0.00 13.96 76.65 137.10 137.10 0.00 2.01 100.40
199 0.00 0.00 614.00 0.00 6020.00 0.00 19.61 92.39 166.93 166.93 0.00 1.63 100.00
200 0.00 0.00 1245.00 0.00 9608.00 0.00 15.43 83.54 71.50 71.50 0.00 0.80 100.00
201 0.00 100.00 3406.00 120.00 18052.00 480.00 10.51 78.65 21.25 21.42 16.57 0.28 100.00
202 0.00 90.00 3153.00 135.00 14644.00 24748.00 23.96 37.76 12.40 10.56 55.47 0.22 73.60
203 0.00 75.00 15.00 66.00 116.00 19164.00 476.05 23.68 103.36 55.47 114.24 10.22 82.80
204 0.00 220.00 111.00 123.00 3960.00 37472.00 354.12 11.35 119.61 24.43 205.50 3.23 75.60
205 0.00 5207.00 40.00 167.00 380.00 58580.00 569.66 6.34 30.71 10.20 35.62 1.60 33.20
206 0.00 340.00 21.00 123.00 2112.00 20684.00 316.61 2.38 16.56 29.52 14.34 2.06 29.60
207 0.00 0.00 29.00 0.00 284.00 0.00 19.59 0.97 33.52 33.52 0.00 16.55 48.00
208 0.00 0.00 19.00 0.00 2104.00 0.00 221.47 1.04 52.63 52.63 0.00 28.63 54.40
209 0.00 0.00 37.00 0.00 364.00 0.00 19.68 1.64 44.97 44.97 0.00 21.95 81.20
210 0.00 0.00 40.00 0.00 2452.00 0.00 122.60 2.14 51.40 51.40 0.00 25.00 100.00
211 0.00 0.00 48.00 47.00 600.00 16008.00 349.64 5.99 63.45 43.83 83.49 10.53 100.00
212 0.00 56.00 67.00 8.00 2544.00 228.00 73.92 12.66 107.36 99.10 176.50 13.33 100.00
213 0.00 0.00 0.00 0.00 0.00 0.00 0.00 62.63 0.00 0.00 0.00 0.00 100.00
214 0.00 91.00 136.00 182.00 4756.00 44468.00 309.58 25.12 289.80 109.15 424.79 3.14 100.00
215 0.00 60.00 93.00 43.00 1432.00 14696.00 237.18 5.73 42.21 18.54 93.40 4.50 61.20
216 0.00 0.00 25.00 158.00 100.00 8764.00 96.87 13.75 69.33 16.16 77.75 3.80 69.60
217 0.00 161.00 31.00 10.00 2152.00 1992.00 202.15 73.15 207.80 174.84 310.00 24.39 100.00
218 0.00 0.00 17.00 135.00 588.00 22724.00 306.74 98.95 1082.84 363.53 1173.42 6.55 99.60
219 0.00 0.00 34.00 0.00 476.00 0.00 28.00 1.13 33.29 33.29 0.00 14.71 50.00
220 0.00 0.00 19.00 0.00 2104.00 0.00 221.47 0.91 50.53 50.53 0.00 25.68 48.80
221 0.00 0.00 16.00 137.00 92.00 548.00 8.37 4.50 29.44 33.50 28.96 2.64 40.40
222 0.00 0.00 19.00 0.00 2104.00 0.00 221.47 0.62 32.63 32.63 0.00 20.63 39.20
223 0.00 0.00 15.00 26.00 60.00 12400.00 607.80 0.76 18.54 16.00 20.00 6.44 26.40
224 0.00 0.00 23.00 0.00 2120.00 0.00 184.35 0.24 10.26 10.26 0.00 5.39 12.40
225 0.00 0.00 17.00 0.00 68.00 0.00 8.00 0.44 26.12 26.12 0.00 22.12 37.60
226 0.00 0.00 22.00 9.00 2116.00 36.00 138.84 0.76 24.65 33.27 3.56 10.45 32.40
227 0.00 0.00 17.00 0.00 68.00 0.00 8.00 0.32 18.82 18.82 0.00 18.59 31.60
228 0.00 0.00 23.00 0.00 2120.00 0.00 184.35 0.89 38.61 38.61 0.00 19.48 44.80
229 0.00 0.00 44.00 0.00 176.00 0.00 8.00 0.13 3.09 3.09 0.00 2.36 10.40
230 0.00 6.00 71.00 7.00 3136.00 52.00 81.74 0.78 10.00 10.93 0.57 3.08 24.00
231 0.00 7.00 40.00 193.00 312.00 13124.00 115.33 3.66 15.36 5.30 17.45 0.89 20.80
232 0.00 0.00 332.00 0.00 40988.00 0.00 246.92 7.93 23.11 23.11 0.00 3.00 99.60
233 0.00 0.00 85.00 0.00 5416.00 0.00 127.44 5.63 65.84 65.84 0.00 11.48 97.60
234 0.00 38.00 62.00 73.00 3208.00 468.00 54.46 72.73 529.66 331.74 697.75 7.41 100.00
235 0.00 0.00 133.00 22.00 12280.00 8224.00 264.57 16.41 113.96 110.20 136.73 6.45 100.00
236 0.00 3.00 121.00 110.00 12180.00 440.00 109.26 17.89 67.60 80.69 53.20 4.33 100.00
237 0.00 109.00 479.00 115.00 7180.00 27800.00 117.78 11.92 21.45 11.22 64.07 1.78 106.00
238 0.00 20.00 606.00 51.00 4556.00 15628.00 61.44 5.81 7.59 4.52 44.08 0.92 60.40
239 0.00 113.00 368.00 49.00 42424.00 12956.00 265.61 5.72 13.62 11.14 32.24 1.91 79.60
240 0.00 83.00 232.00 9.00 28132.00 368.00 236.51 2.89 12.17 12.52 3.11 2.56 61.60
241 0.00 0.00 47.00 148.00 432.00 592.00 10.50 1.90 9.39 17.28 6.89 3.79 74.00
242 0.00 0.00 63.00 0.00 2276.00 0.00 72.25 1.66 26.35 26.35 0.00 15.87 100.00
243 0.00 0.00 137.00 0.00 548.00 0.00 8.00 3.01 22.42 22.42 0.00 7.27 99.60
244 0.00 0.00 47.00 19.00 2256.00 8400.00 322.91 1.05 16.00 13.96 21.05 4.79 31.60
245 0.00 0.00 1436.00 0.00 5744.00 0.00 8.00 2.71 1.84 1.84 0.00 0.17 24.00
246 0.00 161.00 1419.00 170.00 32692.00 1324.00 42.81 8.41 5.20 5.16 5.51 0.44 70.00
247 0.00 0.00 25.00 0.00 268.00 0.00 21.44 0.18 8.00 8.00 0.00 4.64 11.60
248 0.00 0.00 29.00 0.00 2228.00 0.00 153.66 0.32 11.17 11.17 0.00 5.52 16.00
249 0.00 0.00 15.00 0.00 60.00 0.00 8.00 0.14 9.60 9.60 0.00 8.53 12.80
250 0.00 760.00 385.00 31.00 44304.00 3164.00 228.21 4.95 11.90 12.36 6.19 2.15 89.60
251 0.00 81.00 271.00 233.00 2572.00 9460.00 47.75 6.00 11.91 4.04 21.06 0.65 32.80
252 0.00 1082.00 311.00 20.00 10784.00 4408.00 91.79 7.46 22.27 22.75 14.80 3.00 99.20
253 0.00 3.00 48.00 56.00 4160.00 12720.00 324.62 3.06 30.27 26.42 33.57 7.08 73.60
254 0.00 0.00 27.00 15.00 2132.00 7336.00 450.86 8.98 147.52 61.04 303.20 20.67 86.80
255 0.00 0.00 30.00 71.00 428.00 22280.00 449.66 8.28 109.50 26.27 144.68 2.93 29.60
256 0.00 10159.00 269.00 300.00 31460.00 53036.00 297.00 12.07 21.15 9.20 31.87 1.50 85.60
257 0.00 2.00 65.00 33.00 5952.00 8312.00 291.10 2.51 25.59 24.31 28.12 6.61 64.80
258 0.00 66.34 53.47 82.18 5176.24 8637.62 203.68 8.90 63.50 56.07 68.34 7.30 99.01
259 0.00 0.00 35.00 0.00 1932.00 0.00 110.40 1.73 58.63 58.63 0.00 18.29 64.00
260 0.00 0.00 19.00 0.00 2164.00 0.00 227.79 0.24 12.63 12.63 0.00 7.37 14.00
261 0.00 0.00 15.00 141.00 60.00 564.00 8.00 0.65 4.15 5.87 3.97 0.51 8.00
262 0.00 0.00 72.00 0.00 8304.00 0.00 230.67 0.39 5.39 5.39 0.00 2.17 15.60
263 0.00 0.00 311.00 37.00 2352.00 17312.00 113.01 42.14 106.02 114.87 31.68 1.68 58.40
264 0.00 0.00 1513.00 0.00 10784.00 0.00 14.26 92.30 63.43 63.43 0.00 0.66 100.00
265 0.00 0.00 1852.00 0.00 12528.00 0.00 13.53 88.51 47.07 47.07 0.00 0.54 100.00
266 0.00 37.00 2214.00 27.00 16224.00 256.00 14.71 74.35 34.17 34.20 32.30 0.41 92.40
267 0.00 28.00 2413.00 4.00 15712.00 128.00 13.11 81.50 33.33 33.30 51.00 0.41 100.00
268 0.00 20.00 1167.00 3.00 11144.00 92.00 19.21 29.76 26.78 26.78 24.00 0.83 97.60
269 0.00 60.00 1.00 0.00 16.00 0.00 32.00 92.58 80.00 80.00 0.00 1000.00 100.00
270 0.00 9.00 6.00 94.00 52.00 8788.00 176.80 84.62 1693.44 1076.67 1732.81 10.00 100.00
271 0.00 0.00 178.00 128.00 3504.00 27396.00 201.96 8.86 54.51 22.70 98.75 3.24 99.20
272 0.00 27.00 140.00 124.00 3288.00 34824.00 288.73 6.81 25.71 10.80 42.55 1.94 51.20
273 0.00 0.00 130.00 124.00 964.00 24364.00 199.43 4.50 17.81 20.92 14.55 1.07 27.20
274 0.00 0.00 22.00 0.00 2156.00 0.00 196.00 1.46 66.18 66.18 0.00 33.09 72.80
275 0.00 0.00 26.00 0.00 104.00 0.00 8.00 0.48 18.31 18.31 0.00 9.85 25.60
276 0.00 0.00 82.00 0.00 2416.00 0.00 58.93 29.96 109.46 109.46 0.00 4.44 36.40
277 0.00 32.00 659.00 257.00 2640.00 15472.00 39.55 94.14 121.69 127.75 106.15 1.09 100.00
278 0.00 0.00 859.00 0.00 5472.00 0.00 12.74 104.66 117.53 117.53 0.00 1.16 100.00
279 0.00 0.00 2286.00 0.00 9264.00 0.00 8.10 104.08 46.02 46.02 0.00 0.44 100.00
280 0.00 0.00 3524.00 0.00 16164.00 0.00 9.17 91.22 27.65 27.65 0.00 0.25 87.20
281 0.00 35.00 2719.00 5.00 10884.00 160.00 8.11 107.92 38.31 38.19 100.80 0.35 96.00
282 0.00 0.00 1874.00 128.00 9524.00 5144.00 14.65 48.81 26.16 25.07 42.22 0.33 66.40
283 0.00 0.00 14.00 0.00 56.00 0.00 8.00 0.42 29.71 29.71 0.00 9.71 13.60
284 0.00 0.00 25.00 0.00 2124.00 0.00 169.92 3.43 137.12 137.12 0.00 19.36 48.40
285 0.00 44.00 1.00 26.00 4.00 6360.00 471.41 34.13 167.26 168.00 167.23 26.22 70.80
286 0.00 78.00 22.00 89.00 2088.00 8604.00 192.65 70.90 547.10 231.27 625.17 9.01 100.00
287 0.00 36.00 30.00 188.00 180.00 43172.00 397.72 43.65 382.75 145.07 420.68 3.19 69.60
288 0.00 68.00 28.00 53.00 2180.00 15236.00 430.02 8.56 105.68 41.71 139.47 4.99 40.40
289 0.00 0.00 23.00 89.00 100.00 30860.00 552.86 7.13 63.64 13.91 76.49 2.11 23.60
290 0.00 55.00 29.00 44.00 2228.00 13332.00 426.30 1.88 25.75 13.93 33.55 1.75 12.80
291 0.00 47.00 18.00 56.00 76.00 16660.00 452.32 2.58 33.46 8.00 41.64 1.89 14.00
292 0.00 51.00 78.00 26.00 2492.00 104.00 49.92 8.72 29.58 36.77 8.00 6.12 63.60
293 0.00 94.00 5.00 3.00 40.00 36.00 19.00 124.46 840.00 810.40 889.33 125.00 100.00
294 0.00 125.00 5.00 86.00 32.00 17900.00 394.11 122.61 1448.57 548.00 1500.93 10.99 100.00
295 0.00 76.00 18.00 82.00 348.00 21320.00 433.36 123.36 1600.92 965.11 1740.49 10.00 100.00
296 0.00 0.00 18.00 117.00 576.00 10944.00 170.67 116.75 1379.76 1150.67 1415.01 7.41 100.00
297 0.00 0.00 1133.00 210.00 15280.00 840.00 24.01 61.84 50.63 43.91 86.88 0.74 100.00
298 0.00 0.00 2260.00 0.00 29340.00 0.00 25.96 41.97 19.39 19.39 0.00 0.38 84.80
299 0.00 0.00 3255.00 0.00 33620.00 0.00 20.66 53.73 16.51 16.51 0.00 0.30 96.40
300 0.00 28.00 29.00 42.00 128.00 18724.00 531.04 11.70 51.04 11.03 78.67 4.79 34.00
301 0.00 89.00 29.00 110.00 2172.00 22296.00 352.06 21.46 212.49 116.69 237.75 5.93 82.40
302 0.00 34.00 31.00 296.00 352.00 35280.00 217.93 34.28 104.82 49.81 110.58 2.32 76.00
303 0.00 23.00 27.00 0.00 188.00 0.00 13.93 31.92 104.89 104.89 0.00 26.81 72.40
304 0.00 0.00 45.00 61.00 2296.00 19064.00 403.02 1.51 288.60 66.84 452.20 2.60 27.60
305 0.00 0.00 49.00 0.00 2464.00 0.00 100.57 0.57 11.67 11.67 0.00 3.10 15.20
306 0.00 0.00 13.00 0.00 260.00 0.00 40.00 0.24 18.46 18.46 0.00 4.92 6.40
307 0.00 0.00 28.00 130.00 2144.00 520.00 33.72 1.48 7.70 13.71 6.40 0.81 12.80
308 0.00 20.00 211.00 137.00 952.00 26536.00 157.98 60.54 101.39 118.96 74.34 2.79 97.20
309 0.00 0.00 609.00 42.00 5952.00 13396.00 59.44 76.78 146.56 137.85 272.86 1.54 100.00
310 0.00 0.00 573.00 0.00 3656.00 0.00 12.76 78.79 129.55 129.55 0.00 1.75 100.00
311 0.00 0.00 138.00 0.00 924.00 0.00 13.39 93.43 608.75 608.75 0.00 7.25 100.00
312 0.00 23.00 2046.00 161.00 18508.00 736.00 17.44 77.83 44.19 45.02 33.59 0.45 99.60
313 0.00 71.00 2733.00 8.00 18944.00 316.00 14.05 64.90 23.89 23.81 50.50 0.31 85.60
314 0.00 0.00 710.00 14.00 10500.00 6168.00 46.04 57.81 74.70 70.26 299.71 1.38 100.00
315 0.00 0.00 421.00 0.00 4660.00 0.00 22.14 54.38 132.29 132.29 0.00 2.38 100.00
316 0.00 25.00 854.00 4.00 9152.00 116.00 21.60 37.43 47.13 46.92 93.00 1.09 93.60
317 0.00 92.00 22.00 154.00 88.00 17260.00 197.14 16.16 91.84 11.64 103.30 1.93 34.00
318 0.00 29.00 35.00 134.00 2404.00 37016.00 466.51 17.54 102.75 30.29 121.67 2.84 48.00
319 0.00 508.00 68.00 81.00 528.00 25908.00 354.85 6.13 42.31 40.94 43.46 4.59 68.40
320 0.00 0.00 30.00 39.00 2204.00 11656.00 401.74 2.22 32.23 27.73 35.69 8.23 56.80
321 0.00 53.00 13.00 49.00 52.00 16664.00 539.23 2.48 39.94 20.31 45.14 4.06 25.20
322 0.00 1.00 223.00 107.00 3016.00 13948.00 102.81 8.69 26.33 26.65 25.64 1.85 61.20
323 0.00 111.00 48.00 146.00 3912.00 44568.00 499.79 9.53 48.68 39.67 51.64 4.93 95.60
324 0.00 0.00 96.00 0.00 9236.00 0.00 192.42 4.28 45.21 45.21 0.00 10.25 98.40
325 0.00 40.00 138.00 2.00 14104.00 168.00 203.89 1.11 8.14 8.20 4.00 3.60 50.40
326 0.00 0.00 22.00 0.00 2116.00 0.00 192.36 0.21 9.45 9.45 0.00 4.00 8.80
327 0.00 0.00 70.00 159.00 1128.00 636.00 15.41 2.44 10.66 20.46 6.34 1.97 45.20
328 0.00 0.00 522.00 0.00 8688.00 0.00 33.29 14.57 26.91 26.91 0.00 1.77 92.40
329 0.00 44.00 1935.00 0.00 15416.00 0.00 15.93 74.81 38.23 38.23 0.00 0.52 100.00
330 0.00 62.00 909.00 8.00 20484.00 456.00 45.67 36.27 38.84 38.82 41.00 1.09 100.00
331 0.00 67.00 140.00 120.00 11724.00 21188.00 253.17 31.80 130.08 45.49 228.77 3.85 100.00
332 0.00 26.00 185.00 46.00 5352.00 288.00 48.83 3.21 13.90 15.46 7.65 2.22 51.20
333 0.00 0.00 20.00 0.00 108.00 0.00 10.80 0.10 4.80 4.80 0.00 4.20 8.40
334 0.00 0.00 23.00 0.00 2176.00 0.00 189.22 0.28 12.17 12.17 0.00 5.91 13.60
335 0.00 0.00 26.00 32.00 1220.00 15664.00 582.21 1.70 29.38 13.08 42.62 5.17 30.00
336 0.00 24.00 35.00 67.00 3840.00 8508.00 242.12 4.40 42.75 51.43 38.21 6.94 70.80
337 0.00 0.00 91.00 0.00 5080.00 0.00 111.65 2.95 32.48 32.48 0.00 10.90 99.20
338 0.00 0.00 72.00 18.00 2796.00 72.00 63.73 2.12 21.87 26.33 4.00 10.76 96.80
339 0.00 0.00 99.00 0.00 764.00 0.00 15.43 2.07 22.67 22.67 0.00 10.02 99.20
340 0.00 0.00 53.00 0.00 2516.00 0.00 94.94 2.37 44.75 44.75 0.00 18.79 99.60
341 0.00 0.00 92.08 31.68 732.67 15504.95 262.40 4.96 37.95 39.27 34.12 7.81 96.63
342 0.00 0.00 46.00 0.00 2464.00 0.00 107.13 2.32 55.57 55.57 0.00 19.13 88.00
343 0.00 0.00 144.00 9.00 676.00 36.00 9.31 2.09 13.88 14.47 4.44 6.48 99.20
344 0.00 0.00 344.00 0.00 3780.00 0.00 21.98 3.74 10.84 10.84 0.00 2.71 93.20
345 0.00 51.00 577.00 4.00 2372.00 216.00 8.91 4.54 7.66 7.68 4.00 1.67 97.20
346 0.00 84.00 312.00 85.00 3412.00 23180.00 133.96 6.17 15.82 10.26 36.24 1.44 57.20
347 0.00 0.00 147.00 0.00 4740.00 0.00 64.49 14.08 64.90 64.90 0.00 5.50 80.80
348 0.00 0.00 237.00 29.00 7932.00 116.00 60.51 26.10 112.71 120.71 47.31 3.76 100.00
349 0.00 27.00 559.00 6.00 32704.00 132.00 116.23 13.55 24.91 24.92 24.67 1.77 100.00
350 0.00 26.00 216.00 7.00 25100.00 132.00 226.30 3.13 14.64 15.00 3.43 2.76 61.60
351 0.00 0.00 264.00 0.00 1088.00 0.00 8.24 2.44 9.17 9.17 0.00 3.14 82.80
352 0.00 0.00 258.00 0.00 1032.00 0.00 8.00 2.97 11.57 11.57 0.00 3.88 100.00
353 0.00 0.00 321.00 6.00 1284.00 24.00 8.00 2.94 9.04 9.15 3.33 3.06 100.00
354 0.00 0.00 76.00 0.00 628.00 0.00 16.53 3.43 42.74 42.74 0.00 13.16 100.00
355 0.00 0.00 79.00 0.00 424.00 0.00 10.73 3.20 42.53 42.53 0.00 12.66 100.00
356 0.00 0.00 254.00 0.00 1016.00 0.00 8.00 3.75 14.74 14.74 0.00 3.94 100.00
357 0.00 0.00 361.00 0.00 1444.00 0.00 8.00 3.90 10.70 10.70 0.00 2.77 100.00
358 0.00 0.00 189.00 3.00 1336.00 12.00 14.04 2.82 14.62 14.86 0.00 5.21 100.00
359 0.00 0.00 181.00 0.00 3208.00 0.00 35.45 6.46 35.07 35.07 0.00 5.52 100.00
360 0.00 0.00 107.00 0.00 1236.00 0.00 23.10 6.20 52.22 52.22 0.00 9.35 100.00
361 0.00 0.00 528.00 0.00 2112.00 0.00 8.00 8.46 17.28 17.28 0.00 1.89 100.00
362 0.00 48.00 481.00 6.00 2044.00 216.00 9.28 3.55 7.56 7.63 2.00 2.06 100.40
363 0.00 0.00 105.00 12.00 2520.00 48.00 43.90 4.00 33.30 37.07 0.33 8.51 99.60
364 0.00 0.00 245.00 0.00 5224.00 0.00 42.64 7.59 30.55 30.55 0.00 4.08 100.00
365 0.00 0.00 84.00 0.00 336.00 0.00 8.00 5.94 69.76 69.76 0.00 11.90 100.00
366 0.00 0.00 113.00 0.00 452.00 0.00 8.00 2.70 26.55 26.55 0.00 8.81 99.60
367 0.00 0.00 218.00 0.00 872.00 0.00 8.00 1.28 5.71 5.71 0.00 4.51 98.40
368 0.00 51.00 786.00 182.00 8028.00 42864.00 105.15 13.34 13.80 7.25 42.09 0.98 95.20
369 0.00 5.00 382.00 4.00 24556.00 36.00 127.42 7.60 17.03 16.90 29.00 1.85 71.60
370 0.00 3.00 310.00 69.00 19304.00 21088.00 213.15 18.12 49.77 48.21 56.81 2.64 100.00
371 0.00 4.00 107.00 32.00 10500.00 8276.00 270.16 3.56 27.88 29.53 22.38 5.47 76.00
372 0.00 0.00 25.00 81.00 2128.00 28540.00 578.64 4.42 41.55 44.32 40.69 3.36 35.60
373 0.00 13.00 472.00 140.00 21188.00 21008.00 137.90 12.82 20.95 16.16 37.09 1.57 96.00
374 0.00 6.00 150.00 67.00 2628.00 21584.00 223.15 5.14 23.74 10.59 53.19 1.31 28.40
375 0.00 5.00 484.00 62.00 28836.00 19816.00 178.21 4.56 8.31 5.12 33.16 1.21 66.00
376 0.00 0.00 23.00 0.00 2116.00 0.00 184.00 0.22 10.09 10.09 0.00 4.17 9.60
377 0.00 0.00 17.00 0.00 76.00 0.00 8.94 0.10 6.35 6.35 0.00 4.71 8.00
378 0.00 6183.00 83.00 203.00 2360.00 46288.00 340.20 10.34 36.14 13.01 45.60 1.24 35.60
379 0.00 0.00 85.00 0.00 1268.00 0.00 29.84 2.57 28.38 28.38 0.00 6.26 53.20
380 0.00 21.00 112.00 3.00 5640.00 96.00 99.76 6.30 49.04 50.29 2.67 8.70 100.00
381 0.00 0.00 197.00 46.00 11740.00 12904.00 202.83 8.00 35.57 35.43 36.17 4.12 100.00
382 0.00 3.00 351.00 90.00 8928.00 19856.00 130.54 6.25 14.58 8.63 37.78 1.41 62.00
383 0.00 0.00 96.00 1.00 2412.00 4.00 49.81 0.62 6.43 6.46 4.00 1.57 15.20
384 0.00 0.00 312.00 0.00 3004.00 0.00 19.26 4.18 13.14 13.14 0.00 3.03 94.40
385 0.00 0.00 408.00 0.00 1708.00 0.00 8.37 5.91 14.25 14.25 0.00 2.45 100.00
386 0.00 0.00 182.00 0.00 3396.00 0.00 37.32 2.65 15.36 15.36 0.00 4.29 78.00
387 0.00 0.00 168.00 0.00 3260.00 0.00 38.81 3.54 20.67 20.67 0.00 5.17 86.80
388 0.00 0.00 447.00 154.00 7508.00 616.00 27.03 7.84 13.16 15.55 6.23 1.66 100.00
389 0.00 0.00 387.00 0.00 4280.00 0.00 22.12 4.46 11.61 11.61 0.00 2.36 91.20
390 0.00 0.00 24.00 0.00 2124.00 0.00 177.00 0.32 13.33 13.33 0.00 4.83 11.60
391 0.00 0.00 16.00 0.00 64.00 0.00 8.00 0.11 6.75 6.75 0.00 6.25 10.00
392 0.00 0.00 20.00 0.00 2104.00 0.00 210.40 0.07 3.60 3.60 0.00 2.60 5.20
393 0.00 0.00 21.00 18.00 84.00 72.00 8.00 0.15 3.90 4.00 3.78 1.13 4.40
394 0.00 0.00 25.00 0.00 2128.00 0.00 170.24 0.09 3.68 3.68 0.00 0.96 2.40
395 0.00 0.00 12.00 0.00 48.00 0.00 8.00 0.11 9.33 9.33 0.00 1.33 1.60
396 0.00 0.00 63.00 0.00 2316.00 0.00 73.52 0.52 8.19 8.19 0.00 1.46 9.20
397 0.00 0.00 20.00 0.00 80.00 0.00 8.00 0.09 4.60 4.60 0.00 1.80 3.60
398 0.00 0.00 25.00 3.00 2188.00 12.00 157.14 0.28 9.86 10.88 1.33 2.14 6.00
399 0.00 0.00 18.00 0.00 72.00 0.00 8.00 0.10 5.78 5.78 0.00 1.33 2.40
400 0.00 0.00 26.00 0.00 2128.00 0.00 163.69 0.29 11.08 11.08 0.00 1.85 4.80
401 0.00 0.00 19.00 0.00 76.00 0.00 8.00 0.12 6.32 6.32 0.00 1.47 2.80
402 0.00 0.00 45.00 0.00 2332.00 0.00 103.64 0.30 6.58 6.58 0.00 2.31 10.40
403 0.00 0.00 192.00 3.00 768.00 12.00 8.00 1.03 5.27 5.31 2.67 4.23 82.40
404 0.00 0.00 24.00 0.00 2124.00 0.00 177.00 0.13 5.50 5.50 0.00 1.67 4.00
405 0.00 0.00 15.00 0.00 60.00 0.00 8.00 0.05 3.20 3.20 0.00 1.07 1.60
406 0.00 0.00 21.00 0.00 2112.00 0.00 201.14 0.16 7.62 7.62 0.00 1.52 3.20
407 0.00 0.00 9.00 0.00 36.00 0.00 8.00 0.00 0.00 0.00 0.00 0.00 0.00
408 0.00 0.00 37.00 3.00 2172.00 12.00 109.20 0.18 4.50 4.65 2.67 0.90 3.60
409 0.00 0.00 15.00 0.00 60.00 0.00 8.00 0.05 3.47 3.47 0.00 1.33 2.00
410 0.00 0.00 27.00 0.00 2260.00 0.00 167.41 0.14 5.33 5.33 0.00 1.78 4.80
411 0.00 0.00 14.00 0.00 56.00 0.00 8.00 0.07 5.14 5.14 0.00 2.57 3.60
412 0.00 0.00 16.00 24.00 2092.00 5616.00 385.40 0.54 13.50 10.00 15.83 1.50 6.00
413 0.00 0.00 20.00 13.00 80.00 52.00 8.00 0.32 9.70 13.60 3.69 1.45 4.80
414 0.00 0.00 22.00 0.00 2116.00 0.00 192.36 0.16 7.09 7.09 0.00 1.64 3.60
415 0.00 0.00 27.00 0.00 108.00 0.00 8.00 0.15 5.63 5.63 0.00 1.48 4.00
416 0.00 0.00 37.00 0.00 2172.00 0.00 117.41 0.64 16.97 16.97 0.00 8.86 32.80
417 0.00 78.00 53.00 104.00 212.00 11236.00 145.83 8.67 55.31 30.64 67.88 6.37 100.00
418 0.00 0.00 87.00 17.00 2384.00 68.00 47.15 2.20 18.96 22.62 0.24 9.62 100.00
419 0.00 0.00 81.00 0.00 324.00 0.00 8.00 1.64 22.96 22.96 0.00 8.25 66.80
420 0.00 0.00 23.00 0.00 2116.00 0.00 184.00 1.03 44.87 44.87 0.00 10.96 25.20
421 0.00 0.00 32.00 0.00 128.00 0.00 8.00 0.69 21.50 21.50 0.00 5.88 18.80
422 0.00 0.00 33.00 2.00 2248.00 8.00 128.91 1.13 32.34 34.30 0.00 8.46 29.60
423 0.00 0.00 39.00 4.00 156.00 16.00 8.00 0.89 20.74 22.87 0.00 4.00 17.20
424 0.00 0.00 14.00 0.00 2084.00 0.00 297.71 0.17 12.29 12.29 0.00 2.57 3.60
425 0.00 0.00 26.00 0.00 104.00 0.00 8.00 0.16 6.15 6.15 0.00 1.23 3.20
426 0.00 0.00 31.00 0.00 2276.00 0.00 146.84 0.38 12.39 12.39 0.00 2.58 8.00
427 0.00 0.00 25.00 0.00 100.00 0.00 8.00 0.12 4.80 4.80 0.00 1.12 2.80
428 0.00 0.00 18.00 3.00 2100.00 12.00 201.14 0.16 7.81 8.89 1.33 1.71 3.60
429 0.00 0.00 21.00 0.00 84.00 0.00 8.00 0.08 3.81 3.81 0.00 0.76 1.60
430 0.00 0.00 15.00 0.00 2088.00 0.00 278.40 0.23 15.20 15.20 0.00 2.93 4.40
431 0.00 0.00 13.00 0.00 52.00 0.00 8.00 0.07 5.23 5.23 0.00 3.08 4.00
432 0.00 0.00 21.00 0.00 2112.00 0.00 201.14 0.22 10.48 10.48 0.00 2.48 5.20
433 0.00 0.00 18.00 3.00 72.00 12.00 8.00 0.12 5.71 6.44 1.33 1.33 2.80
434 0.00 0.00 20.00 0.00 2104.00 0.00 210.40 0.09 4.60 4.60 0.00 1.20 2.40
435 0.00 0.00 20.00 0.00 80.00 0.00 8.00 0.10 4.80 4.80 0.00 0.80 1.60
436 0.00 0.00 25.00 0.00 2128.00 0.00 170.24 0.09 3.52 3.52 0.00 1.12 2.80
437 0.00 0.00 16.00 0.00 64.00 0.00 8.00 0.01 0.75 0.75 0.00 0.50 0.80
438 0.00 0.00 31.00 3.00 2152.00 12.00 127.29 0.13 3.76 4.13 0.00 1.29 4.40
439 0.00 0.00 25.00 0.00 100.00 0.00 8.00 0.02 0.64 0.64 0.00 0.32 0.80
440 0.00 0.00 20.00 0.00 2108.00 0.00 210.80 0.14 7.20 7.20 0.00 1.80 3.60
441 0.00 0.00 21.00 0.00 84.00 0.00 8.00 0.08 3.81 3.81 0.00 0.76 1.60
442 0.00 0.00 28.00 6.00 2264.00 32.00 135.06 0.14 4.24 4.29 4.00 1.41 4.80
443 0.00 0.00 21.00 5.00 84.00 20.00 8.00 0.12 4.46 5.33 0.80 1.23 3.20
444 0.00 0.00 24.00 0.00 2124.00 0.00 177.00 0.16 6.67 6.67 0.00 1.50 3.60
445 0.00 0.00 24.00 0.00 96.00 0.00 8.00 0.06 2.33 2.33 0.00 0.83 2.00
446 0.00 0.00 19.00 0.00 2104.00 0.00 221.47 0.11 5.68 5.68 0.00 1.89 3.60
447 0.00 0.00 26.00 1.00 104.00 4.00 8.00 0.12 4.30 4.46 0.00 1.78 4.80
448 0.00 0.00 107.00 4.00 2456.00 16.00 44.54 0.64 5.69 5.91 0.00 3.21 35.60
449 0.00 0.00 37.00 0.00 148.00 0.00 8.00 0.12 3.46 3.46 0.00 2.59 9.60
450 0.00 0.00 28.00 0.00 2140.00 0.00 152.86 0.23 8.29 8.29 0.00 2.43 6.80
451 0.00 0.00 17.00 0.00 68.00 0.00 8.00 0.02 0.94 0.94 0.00 0.47 0.80
452 0.00 3.00 28.00 11.00 2140.00 92.00 114.46 0.23 5.85 5.86 5.82 1.33 5.20
453 0.00 0.00 31.00 18.00 124.00 72.00 8.00 0.16 3.18 2.84 3.78 0.90 4.40
454 0.00 0.00 26.00 0.00 2132.00 0.00 164.00 0.10 4.00 4.00 0.00 0.92 2.40
455 0.00 0.00 10.00 0.00 40.00 0.00 8.00 0.00 0.00 0.00 0.00 0.00 0.00
456 0.00 0.00 29.00 0.00 2144.00 0.00 147.86 0.10 3.31 3.31 0.00 0.97 2.80
457 0.00 0.00 20.00 0.00 80.00 0.00 8.00 0.03 1.60 1.60 0.00 0.40 0.80
458 0.00 0.00 30.00 3.00 2268.00 12.00 138.18 0.10 3.03 3.07 2.67 1.58 5.20
459 0.00 0.00 22.00 0.00 88.00 0.00 8.00 0.07 3.27 3.27 0.00 0.91 2.00
460 0.00 0.00 22.00 0.00 2116.00 0.00 192.36 0.12 5.45 5.45 0.00 2.36 5.20
461 0.00 0.00 24.00 0.00 108.00 0.00 9.00 0.10 4.00 4.00 0.00 1.33 3.20
462 0.00 0.00 26.00 0.00 2132.00 0.00 164.00 0.09 3.38 3.38 0.00 1.23 3.20
463 0.00 0.00 21.00 3.00 84.00 12.00 8.00 0.10 4.33 4.38 4.00 1.00 2.40
464 0.00 0.00 24.00 0.00 2124.00 0.00 177.00 0.18 7.33 7.33 0.00 1.83 4.40
465 0.00 0.00 26.00 0.00 104.00 0.00 8.00 0.14 5.23 5.23 0.00 0.92 2.40
466 0.00 0.00 25.00 0.00 2128.00 0.00 170.24 0.18 7.04 7.04 0.00 1.12 2.80
467 0.00 0.00 18.00 0.00 72.00 0.00 8.00 0.04 2.44 2.44 0.00 1.11 2.00
468 0.00 0.00 27.00 3.00 2136.00 12.00 143.20 0.30 10.00 10.96 1.33 1.73 5.20
469 0.00 0.00 27.00 0.00 108.00 0.00 8.00 0.10 3.56 3.56 0.00 0.44 1.20
470 0.00 0.00 18.00 0.00 2100.00 0.00 233.33 0.14 8.00 8.00 0.00 2.00 3.60
471 0.00 0.00 26.00 0.00 104.00 0.00 8.00 0.11 4.46 4.46 0.00 0.77 2.00
472 0.00 0.00 73.00 6.00 4116.00 40.00 105.22 0.79 9.97 10.47 4.00 4.86 38.40
473 0.00 0.00 222.00 5.00 3008.00 20.00 26.68 1.74 7.63 7.80 0.00 3.75 85.20
474 0.00 0.00 233.00 0.00 5348.00 0.00 45.91 1.11 4.76 4.76 0.00 3.74 87.20
