0 0.00 27.13 29.79 13.54 1117.95 1047.38 99.95 2.92 66.90 36.46 133.87 2.21 9.56
1 0.00 0.00 45.00 21.00 2244.00 84.00 70.55 0.60 9.82 14.40 0.00 2.85 18.80
2 0.00 0.00 33.00 0.00 132.00 0.00 8.00 0.20 6.18 6.18 0.00 2.79 9.20
3 0.00 0.00 26.00 0.00 2132.00 0.00 164.00 0.22 8.46 8.46 0.00 4.46 11.60
4 0.00 0.00 24.00 0.00 96.00 0.00 8.00 0.16 6.67 6.67 0.00 3.83 9.20
5 0.00 0.00 22.00 0.00 2116.00 0.00 192.36 0.23 10.36 10.36 0.00 3.82 8.40
6 0.00 0.00 23.00 12.00 92.00 56.00 8.46 0.19 5.49 6.43 3.67 2.17 7.60
7 0.00 0.00 28.00 0.00 2136.00 0.00 152.57 0.24 8.71 8.71 0.00 2.86 8.00
8 0.00 0.00 17.00 0.00 68.00 0.00 8.00 0.10 6.12 6.12 0.00 2.82 4.80
9 0.00 0.00 21.00 0.00 2108.00 0.00 200.76 0.21 10.10 10.10 0.00 4.57 9.60
10 0.00 0.00 100.00 0.00 400.00 0.00 8.00 0.86 8.36 8.36 0.00 3.12 31.20
11 0.00 0.00 347.00 0.00 3412.00 0.00 19.67 2.64 7.56 7.56 0.00 2.86 99.20
12 0.00 0.00 425.00 48.00 5508.00 192.00 24.10 5.84 12.36 13.31 4.00 2.11 100.00
13 0.00 0.00 361.00 0.00 4692.00 0.00 25.99 2.75 7.70 7.70 0.00 2.77 100.00
14 0.00 0.00 540.00 0.00 9240.00 0.00 34.22 4.05 7.44 7.44 0.00 1.85 100.00
15 0.00 0.00 244.00 0.00 5968.00 0.00 48.92 1.60 6.62 6.62 0.00 3.92 95.60
16 0.00 0.00 216.00 0.00 2168.00 0.00 20.07 1.20 5.65 5.65 0.00 3.91 84.40
17 0.00 0.00 178.00 16.00 7004.00 64.00 72.87 1.34 6.91 7.19 3.75 4.91 95.20
18 0.00 0.00 192.00 0.00 2760.00 0.00 28.75 1.24 6.42 6.42 0.00 4.50 86.40
19 0.00 0.00 196.00 0.00 7960.00 0.00 81.22 1.42 7.33 7.33 0.00 4.84 94.80
20 0.00 0.00 171.00 0.00 4804.00 0.00 56.19 1.18 6.92 6.92 0.00 5.36 91.60
21 0.00 0.00 246.00 0.00 4792.00 0.00 38.96 1.74 6.99 6.99 0.00 3.77 92.80
22 0.00 0.00 165.00 6.00 1828.00 24.00 21.66 1.14 6.76 6.88 3.33 4.73 80.80
23 0.00 0.00 200.00 0.00 4304.00 0.00 43.04 1.31 6.56 6.56 0.00 4.18 83.60
24 0.00 0.00 158.00 0.00 1804.00 0.00 22.84 1.32 8.38 8.38 0.00 5.24 82.80
25 0.00 0.00 235.00 0.00 5500.00 0.00 46.81 1.29 5.45 5.45 0.00 3.20 75.20
26 0.00 0.00 234.00 0.00 2020.00 0.00 17.26 1.20 5.20 5.20 0.00 3.76 88.00
27 0.00 0.00 220.00 7.00 4620.00 28.00 40.95 1.32 5.76 5.95 0.00 3.19 72.40
28 0.00 0.00 318.00 0.00 3284.00 0.00 20.65 0.96 3.03 3.03 0.00 2.01 64.00
29 0.00 0.00 278.00 0.00 5512.00 0.00 39.65 1.23 4.43 4.43 0.00 2.66 74.00
30 0.00 0.00 258.00 0.00 1772.00 0.00 13.74 2.09 8.03 8.03 0.00 3.49 90.00
31 0.00 9.00 92.00 225.00 2444.00 88444.00 573.43 33.44 105.49 12.22 143.63 2.55 80.80
32 0.00 0.00 47.00 31.00 436.00 124.00 14.36 1.85 23.79 36.94 3.87 10.36 80.80
33 0.00 0.00 54.00 0.00 3064.00 0.00 113.48 2.84 50.44 50.44 0.00 18.30 98.80
34 0.00 0.00 58.00 0.00 312.00 0.00 10.76 2.00 35.10 35.10 0.00 15.38 89.20
35 0.00 0.00 70.00 0.00 2844.00 0.00 81.26 2.56 37.09 37.09 0.00 14.06 98.40
36 0.00 0.00 79.21 4.95 800.00 47.52 20.14 1.76 21.60 22.70 4.00 10.92 91.88
37 0.00 0.00 78.00 15.00 3232.00 60.00 70.80 2.21 23.74 28.26 0.27 10.11 94.00
38 0.00 0.00 76.00 0.00 680.00 0.00 17.89 1.75 23.05 23.05 0.00 11.37 86.40
39 0.00 0.00 74.00 1.00 2652.00 56.00 72.21 2.16 28.11 28.43 4.00 12.64 94.80
40 0.00 0.00 243.00 0.00 2264.00 0.00 18.63 1.16 5.02 5.02 0.00 3.34 81.20
41 0.00 0.00 380.00 3.00 5692.00 20.00 29.83 1.47 3.82 3.85 0.00 1.87 71.60
42 0.00 0.00 230.00 32.00 6608.00 128.00 51.42 2.82 10.73 11.69 3.88 3.33 87.20
43 0.00 0.00 24.00 0.00 2120.00 0.00 176.67 0.26 11.17 11.17 0.00 4.50 10.80
44 0.00 0.00 156.00 0.00 5996.00 0.00 76.87 2.21 14.13 14.13 0.00 4.23 66.00
45 0.00 0.00 437.00 0.00 11728.00 0.00 53.68 3.79 8.67 8.67 0.00 2.27 99.20
46 0.00 0.00 329.00 2.00 11908.00 44.00 72.22 3.08 9.31 9.36 0.00 3.01 99.60
47 0.00 0.00 145.00 179.00 580.00 716.00 8.00 2.65 8.21 7.81 8.54 3.01 97.60
48 0.00 0.00 137.00 0.00 548.00 0.00 8.00 1.15 8.32 8.32 0.00 7.24 99.20
49 0.00 0.00 442.00 0.00 17040.00 0.00 77.10 3.19 7.19 7.19 0.00 2.24 99.20
50 0.00 0.00 222.00 0.00 960.00 0.00 8.65 1.22 5.57 5.57 0.00 4.22 93.60
51 0.00 0.00 16.00 0.00 2148.00 0.00 268.50 0.20 12.75 12.75 0.00 4.00 6.40
52 0.00 0.00 32.00 156.00 128.00 624.00 8.00 0.80 4.26 5.62 3.97 0.57 10.80
53 0.00 0.00 56.00 0.00 2372.00 0.00 84.71 0.45 8.00 8.00 0.00 3.79 21.20
54 0.00 0.00 28.00 0.00 144.00 0.00 10.29 0.21 7.43 7.43 0.00 4.43 12.40
55 0.00 0.00 26.00 0.00 2256.00 0.00 173.54 0.24 9.38 9.38 0.00 3.54 9.20
56 0.00 0.00 11.00 0.00 44.00 0.00 8.00 0.37 21.82 21.82 0.00 12.73 14.00
57 0.00 0.00 24.00 160.00 2124.00 640.00 30.04 1.58 9.33 44.50 4.05 1.76 32.40
58 0.00 0.00 22.00 0.00 88.00 0.00 8.00 0.80 35.82 35.82 0.00 23.64 52.00
59 0.00 0.00 26.00 0.00 2192.00 0.00 168.62 1.59 61.54 61.54 0.00 15.85 41.20
60 0.00 5.00 15.00 217.00 60.00 45688.00 394.38 16.80 72.41 42.40 74.49 2.69 62.40
61 0.00 0.00 18.81 33.66 2083.17 10451.49 477.74 12.94 75.25 86.32 69.06 13.21 69.31
62 0.00 0.00 23.23 503.03 92.93 131595.96 500.47 37.88 89.40 81.04 89.79 1.43 75.15
63 0.00 0.00 28.00 0.00 2264.00 0.00 161.71 2.28 79.57 79.57 0.00 15.71 44.00
64 0.00 0.00 20.00 0.00 80.00 0.00 8.00 0.59 32.20 32.20 0.00 17.80 35.60
65 0.00 0.00 36.00 0.00 2204.00 0.00 122.44 1.58 43.89 43.89 0.00 15.56 56.00
66 0.00 0.00 17.00 0.00 68.00 0.00 8.00 0.45 26.59 26.59 0.00 13.18 22.40
67 0.00 0.00 21.00 274.00 2112.00 41236.00 293.88 7.22 24.47 47.24 22.73 1.42 42.00
68 0.00 0.00 14.00 0.00 56.00 0.00 8.00 0.72 51.14 51.14 0.00 25.14 35.20
69 0.00 1.00 20.00 207.00 2108.00 81288.00 734.77 29.84 131.44 66.00 137.76 2.29 52.00
70 0.00 0.00 18.00 98.00 72.00 392.00 8.00 1.10 9.28 52.44 1.35 3.34 38.80
71 0.00 5.00 38.00 251.00 560.00 64428.00 449.74 13.06 43.82 73.05 39.39 2.44 70.40
72 0.00 0.00 152.00 180.00 5268.00 720.00 36.07 34.71 103.58 72.42 129.89 3.01 100.00
73 0.00 69.00 68.00 114.00 3408.00 732.00 45.49 4.84 30.04 71.47 5.33 5.49 100.00
74 0.00 0.00 19.00 70.00 152.00 280.00 9.71 1.21 14.61 62.95 1.49 6.88 61.20
75 0.00 7.00 33.00 128.00 2968.00 37500.00 502.71 12.02 74.66 65.94 76.91 4.87 78.40
76 0.00 0.00 17.00 0.00 68.00 0.00 8.00 0.47 27.53 27.53 0.00 12.24 20.80
77 0.00 0.00 58.00 157.00 2260.00 628.00 26.87 2.38 11.05 19.17 8.05 1.95 42.00
78 0.00 0.00 24.00 0.00 244.00 0.00 20.33 1.02 32.33 32.33 0.00 14.50 34.80
79 0.00 0.00 131.68 14.85 15469.31 59.41 211.95 5.20 36.62 40.27 4.27 6.78 99.41
80 0.00 211.00 204.00 242.00 20040.00 1812.00 97.99 3.27 7.48 11.78 3.85 1.25 55.60
81 0.00 0.00 25.00 0.00 2128.00 0.00 170.24 0.31 12.48 12.48 0.00 4.32 10.80
82 0.00 1059.00 98.00 238.00 396.00 9280.00 57.60 3.10 9.23 11.27 8.39 0.92 30.80
83 0.00 0.00 54.00 0.00 2300.00 0.00 85.19 0.43 8.00 8.00 0.00 3.04 16.40
84 0.00 118.00 384.00 9.00 37140.00 508.00 191.59 2.28 5.81 5.88 3.11 1.25 49.20
85 0.00 151.00 152.00 7.00 18304.00 632.00 238.19 0.80 5.03 5.16 2.29 1.91 30.40
86 0.00 0.00 17.00 0.00 68.00 0.00 8.00 0.06 3.53 3.53 0.00 2.59 4.40
87 0.00 2.00 98.00 204.00 8448.00 2952.00 75.50 2.77 8.85 6.45 10.00 1.23 37.20
88 0.00 79.00 233.00 0.00 14896.00 0.00 127.86 10.77 44.86 44.86 0.00 4.31 100.40
89 0.00 48.00 252.00 6.00 14308.00 532.00 115.04 10.73 42.47 42.44 43.33 3.88 100.00
90 0.00 0.00 107.00 0.00 7696.00 0.00 143.85 2.14 21.72 21.72 0.00 5.20 55.60
91 0.00 540.00 90.00 229.00 6220.00 46284.00 329.18 14.15 42.37 47.07 40.52 2.66 84.80
92 0.00 0.00 193.00 195.00 13304.00 780.00 72.60 15.37 39.52 62.45 16.82 2.58 100.00
93 0.00 220.00 107.00 0.00 7288.00 0.00 136.22 11.20 91.89 91.89 0.00 9.35 100.00
94 0.00 0.00 135.00 5.00 11840.00 900.00 182.00 8.72 76.26 74.61 120.80 7.14 100.00
95 0.00 369.00 93.00 0.00 6512.00 0.00 140.04 6.31 57.46 57.46 0.00 9.42 87.60
96 0.00 5.00 123.00 75.00 12500.00 7992.00 206.99 16.60 85.88 74.44 104.64 5.05 100.00
97 0.00 299.00 99.00 173.00 7608.00 8020.00 114.91 16.54 58.85 71.80 51.45 3.68 100.00
98 0.00 2.00 135.00 60.00 8040.00 12548.00 211.16 11.49 57.81 55.64 62.67 5.13 100.00
99 0.00 0.00 106.00 0.00 5360.00 0.00 101.13 4.89 47.92 47.92 0.00 9.36 99.20
100 0.00 0.00 19.00 0.00 2180.00 0.00 229.47 0.78 44.21 44.21 0.00 22.74 43.20
101 0.00 0.00 18.00 0.00 72.00 0.00 8.00 0.83 46.00 46.00 0.00 23.56 42.40
102 0.00 0.00 59.00 148.00 4492.00 592.00 49.12 5.46 25.22 62.44 10.38 4.60 95.20
103 0.00 277.00 92.00 79.00 5180.00 19568.00 289.45 26.56 154.88 66.52 257.77 5.85 100.00
104 0.00 2.00 58.00 88.00 4848.00 26720.00 432.44 7.37 51.51 39.79 59.23 4.08 59.60
105 0.00 0.00 22.00 0.00 88.00 0.00 8.00 0.21 13.82 13.82 0.00 4.73 10.40
106 0.00 0.00 30.00 0.00 2148.00 0.00 143.20 0.33 10.93 10.93 0.00 3.60 10.80
107 0.00 0.00 29.00 165.00 488.00 660.00 11.84 1.72 8.89 6.34 9.33 0.52 10.00
108 0.00 0.00 26.00 0.00 2408.00 0.00 185.23 0.27 10.46 10.46 0.00 3.85 10.00
109 0.00 0.00 24.00 0.00 96.00 0.00 8.00 0.24 10.00 10.00 0.00 3.83 9.20
110 0.00 0.00 24.00 0.00 2124.00 0.00 177.00 0.15 6.33 6.33 0.00 2.67 6.40
111 0.00 0.00 40.00 98.00 2020.00 25588.00 400.12 4.86 34.84 20.40 40.73 2.32 32.00
112 0.00 252.00 147.00 171.00 18532.00 1692.00 127.19 4.62 14.69 18.34 11.56 1.99 63.20
113 0.00 0.00 54.00 0.00 284.00 0.00 10.52 0.62 11.04 11.04 0.00 3.19 17.20
114 0.00 0.00 129.00 0.00 3412.00 0.00 52.90 1.64 12.87 12.87 0.00 1.30 16.80
115 0.00 0.00 86.00 0.00 7600.00 0.00 176.74 1.40 14.23 14.23 0.00 3.81 32.80
116 0.00 0.00 88.00 0.00 7588.00 0.00 172.45 2.76 33.14 33.14 0.00 10.45 92.00
117 0.00 39.00 49.00 157.00 880.00 652.00 14.87 13.85 15.67 47.27 5.81 3.48 71.60
118 0.00 255.00 41.00 169.00 2244.00 22384.00 234.55 7.30 85.50 56.00 92.66 4.51 94.80
119 0.00 0.00 38.00 142.00 608.00 32692.00 370.00 9.16 50.64 52.53 50.14 4.69 84.40
120 0.00 868.00 143.00 15.00 8468.00 3532.00 151.90 7.21 45.95 49.82 9.07 5.70 90.00
121 0.00 0.00 30.00 0.00 180.00 0.00 12.00 1.06 33.73 33.73 0.00 19.73 59.20
122 0.00 0.00 41.00 174.00 2192.00 696.00 26.87 2.34 11.09 35.22 5.40 3.52 75.60
123 0.00 0.00 23.00 0.00 92.00 0.00 8.00 0.12 5.39 5.39 0.00 5.22 12.00
124 0.00 310.00 198.00 14.00 19744.00 3820.00 222.30 6.46 7.36 7.39 6.86 2.53 53.60
125 0.00 266.00 30.00 168.00 244.00 33336.00 339.19 4.10 45.41 4.53 52.71 0.97 19.20
126 0.00 181.00 38.00 62.00 2928.00 19720.00 452.96 3.63 34.60 16.84 45.48 4.32 43.20
127 0.00 200.00 102.00 278.00 9712.00 18436.00 148.15 19.46 50.91 43.37 53.67 2.63 100.00
128 0.00 200.00 49.00 59.00 4184.00 18188.00 414.30 4.03 39.96 34.69 44.34 5.93 64.00
129 0.00 0.00 116.00 6.00 9628.00 2588.00 200.26 5.16 41.61 42.93 16.00 8.20 100.00
130 0.00 584.00 152.00 76.00 15992.00 18940.00 306.42 9.07 40.18 39.34 41.84 4.30 98.00
131 0.00 0.00 49.00 49.00 2288.00 16496.00 383.35 2.62 26.78 7.10 46.45 2.20 21.60
132 0.00 347.00 123.00 316.00 2856.00 20188.00 104.98 14.25 32.36 7.28 42.11 0.85 37.20
133 0.00 291.00 47.00 112.00 376.00 39488.00 501.43 7.23 45.48 27.49 53.04 3.09 49.20
134 0.00 116.00 69.00 4.00 2300.00 480.00 76.16 4.33 58.36 61.57 3.00 8.38 61.20
135 0.00 0.00 91.00 0.00 364.00 0.00 8.00 5.72 63.56 63.56 0.00 9.10 82.80
136 0.00 5234.00 25.00 1341.00 2128.00 32180.00 50.23 43.63 31.70 40.48 31.54 0.53 72.40
137 0.00 1014.00 66.00 215.00 668.00 14476.00 107.79 6.91 25.78 59.21 15.52 3.06 86.00
138 0.00 0.00 39.00 0.00 2188.00 0.00 112.21 2.92 74.77 74.77 0.00 22.67 88.40
139 0.00 0.00 28.00 0.00 112.00 0.00 8.00 0.21 7.57 7.57 0.00 5.00 14.00
140 0.00 0.00 44.00 0.00 2204.00 0.00 100.18 0.39 8.82 8.82 0.00 4.55 20.00
141 0.00 260.00 111.00 141.00 4628.00 17836.00 178.29 7.42 29.41 7.50 46.67 1.60 40.40
142 0.00 0.00 54.00 14.00 3868.00 56.00 115.41 0.26 3.76 4.67 0.29 2.12 14.40
143 0.00 0.00 99.00 0.00 1948.00 0.00 39.35 0.83 8.36 8.36 0.00 3.27 32.40
144 0.00 0.00 53.00 0.00 2944.00 0.00 111.09 0.43 8.08 8.08 0.00 4.23 22.40
145 0.00 0.00 26.00 0.00 104.00 0.00 8.00 0.17 6.46 6.46 0.00 5.69 14.80
146 0.00 0.00 47.00 0.00 2340.00 0.00 99.57 0.56 12.00 12.00 0.00 5.02 23.60
147 0.00 0.00 23.00 119.00 92.00 476.00 8.00 2.02 14.25 5.74 15.90 1.04 14.80
148 0.00 59.00 90.00 8.00 3572.00 268.00 78.37 0.74 7.47 8.00 1.50 5.22 51.20
149 0.00 0.00 111.00 0.00 2336.00 0.00 42.09 1.42 12.90 12.90 0.00 4.79 53.20
150 0.00 0.00 32.00 0.00 2152.00 0.00 134.50 0.26 8.25 8.25 0.00 4.38 14.00
151 0.00 0.00 69.00 0.00 612.00 0.00 17.74 1.72 24.87 24.87 0.00 6.78 46.80
152 0.00 37.00 170.00 12.00 3064.00 48.00 34.20 20.27 98.51 105.15 4.33 5.27 96.00
153 0.00 68.00 249.00 196.00 3132.00 33156.00 163.09 60.57 137.97 115.39 166.65 2.25 100.00
154 0.00 96.00 362.00 28.00 5744.00 8252.00 71.77 28.28 59.83 60.43 52.00 2.56 100.00
155 0.00 1089.00 433.00 126.00 4960.00 24900.00 106.83 49.14 96.91 70.23 188.60 1.79 100.00
156 0.00 0.00 266.00 27.00 4572.00 8240.00 87.45 33.72 117.92 110.86 187.56 3.41 100.00
157 0.00 8076.00 182.00 235.00 2584.00 40512.00 206.70 56.83 135.23 133.71 136.41 2.39 99.60
158 0.00 5.00 131.00 63.00 2668.00 6464.00 94.14 43.06 171.36 153.47 208.57 5.15 100.00
159 0.00 0.00 488.00 73.00 7152.00 4352.00 41.01 66.12 133.63 146.80 45.59 1.78 100.00
160 0.00 0.00 351.00 0.00 4248.00 0.00 24.21 78.63 216.28 216.28 0.00 2.85 100.00
161 0.00 0.00 325.00 0.00 2544.00 0.00 15.66 97.05 275.57 275.57 0.00 3.08 100.00
162 0.00 0.00 394.00 166.00 4804.00 664.00 19.53 92.16 179.21 193.22 145.98 1.79 100.00
163 0.00 0.00 1099.00 0.00 8132.00 0.00 14.80 81.76 74.74 74.74 0.00 0.91 100.00
164 0.00 115.00 2370.00 142.00 14352.00 11280.00 20.41 85.40 34.29 26.68 161.24 0.40 100.00
165 0.00 1962.00 2342.00 234.00 9964.00 39544.00 38.44 62.00 25.16 17.43 102.46 0.36 91.60
166 0.00 389.00 209.00 70.00 3084.00 19524.00 162.06 4.91 17.61 12.67 32.34 1.82 50.80
167 0.00 7.00 36.00 142.00 144.00 20380.00 230.61 5.56 31.26 39.33 29.21 2.09 37.20
168 0.00 90.00 43.00 99.00 2440.00 24368.00 377.58 10.85 76.42 83.26 73.45 3.44 48.80
169 0.00 87.00 35.00 41.00 220.00 9676.00 260.42 7.56 99.42 67.20 126.93 4.95 37.60
170 0.00 170.00 45.00 115.00 2208.00 30740.00 411.85 7.58 47.38 11.64 61.36 2.75 44.00
171 0.00 6.00 108.00 36.00 672.00 9020.00 134.61 18.18 106.42 62.85 237.11 5.31 76.40
172 0.00 1.00 137.00 107.00 2576.00 11140.00 112.43 31.14 124.93 58.86 209.53 4.07 99.20
173 0.00 95.00 305.00 10.00 1708.00 420.00 13.51 29.44 104.22 103.70 120.00 3.17 100.00
174 0.00 0.00 137.00 0.00 4356.00 0.00 63.59 1.40 11.15 11.15 0.00 3.88 53.20
175 0.00 0.00 32.00 0.00 236.00 0.00 14.75 0.32 9.88 9.88 0.00 2.62 8.40
176 0.00 0.00 29.00 0.00 2144.00 0.00 147.86 0.50 17.38 17.38 0.00 3.72 10.80
177 0.00 38.00 162.00 187.00 868.00 19456.00 116.47 21.43 61.28 82.86 42.59 1.87 65.20
178 0.00 32.67 120.79 203.96 3152.48 40752.48 270.39 14.62 32.54 44.13 25.67 3.05 99.01
179 0.00 15572.00 443.00 140.00 2136.00 43696.00 157.23 86.15 140.18 128.10 178.40 1.72 100.00
180 0.00 859.00 753.00 137.00 3728.00 52512.00 126.38 60.89 74.19 65.67 121.02 1.12 100.00
181 0.00 0.00 490.00 49.00 1960.00 18500.00 75.92 73.10 111.43 106.57 160.00 1.86 100.00
182 0.00 7.00 473.00 187.00 1896.00 748.00 8.01 99.03 140.40 151.85 111.44 1.52 100.00
183 0.00 25.68 103.15 65.32 412.61 6592.79 83.17 196.50 756.22 497.41 1164.97 5.96 100.36
184 0.00 0.00 1484.00 37.00 8140.00 10492.00 24.50 78.58 57.76 50.22 360.43 0.63 96.40
185 0.00 15.00 1415.00 177.00 10676.00 19820.00 38.31 73.99 49.18 33.33 175.93 0.63 100.00
186 0.00 82.00 314.00 141.00 4416.00 14224.00 81.93 91.05 193.11 78.59 448.14 2.20 100.00
187 0.00 0.00 348.51 40.59 7900.99 19231.68 139.46 34.42 94.82 72.95 282.54 2.54 99.01
188 0.00 0.00 902.00 0.00 4152.00 0.00 9.21 18.10 20.76 20.76 0.00 1.11 100.00
189 0.00 80.00 2658.00 8.00 12672.00 352.00 9.77 13.97 5.28 5.21 28.00 0.37 98.40
190 0.00 410.00 1883.00 198.00 13752.00 21080.00 33.48 29.43 14.10 10.66 46.77 0.43 90.00
191 0.00 5266.00 44.00 197.00 3192.00 45784.00 406.44 45.14 187.10 50.00 217.73 2.89 69.60
192 0.00 0.00 25.00 58.00 376.00 20296.00 498.12 15.47 186.51 77.60 233.45 12.05 100.00
193 0.00 150.00 44.00 64.00 2344.00 19052.00 396.22 3.05 28.56 14.45 38.25 3.96 42.80
194 0.00 97.00 30.00 114.00 436.00 36280.00 509.94 4.79 33.28 14.40 38.25 2.36 34.00
195 0.00 0.00 1040.00 43.00 6280.00 172.00 11.92 15.85 14.26 13.88 23.44 0.75 81.20
196 0.00 0.00 344.00 0.00 1512.00 0.00 8.79 6.98 20.40 20.40 0.00 2.91 100.00
197 0.00 0.00 654.00 0.00 4672.00 0.00 14.29 20.48 29.41 29.41 0.00 1.55 101.60
198 0.00 0.00 642.00 0.00 2576.00 0.00 8.02 22.46 35.49 35.49 0.00 1.56 100.00
199 0.00 234.00 1178.00 20.00 7028.00 3596.00 17.74 20.65 17.67 17.53 25.40 0.81 97.20
200 0.00 112.00 1444.00 98.00 5776.00 16420.00 28.79 19.04 12.42 8.11 75.92 0.38 58.00
201 0.00 0.00 53.00 52.00 2240.00 13940.00 308.19 3.35 22.48 13.58 31.54 5.45 57.20
202 0.00 91.00 50.00 68.00 468.00 21224.00 367.66 27.08 235.56 105.44 331.24 8.47 100.00
203 0.00 231.00 142.00 85.00 5088.00 24864.00 263.89 4.08 19.15 13.80 28.09 3.14 71.20
204 0.00 0.00 43.00 44.00 264.00 15672.00 366.34 2.22 25.47 8.09 42.45 2.85 24.80
205 0.00 6.00 28.00 56.00 2136.00 10968.00 312.00 2.20 18.10 30.86 11.71 5.19 43.60
206 0.00 0.00 121.00 50.00 716.00 8360.00 106.15 23.18 122.60 78.74 228.72 5.61 96.00
207 0.00 0.00 249.00 0.00 3476.00 0.00 27.92 11.48 57.04 57.04 0.00 4.02 100.00
208 0.00 0.00 95.00 0.00 988.00 0.00 20.80 4.35 46.74 46.74 0.00 10.53 100.00
209 0.00 36.00 83.00 2.00 3044.00 152.00 75.20 2.92 34.68 34.75 32.00 11.72 99.60
210 0.00 0.00 65.00 136.00 752.00 544.00 12.90 3.78 18.57 47.75 4.62 4.98 100.00
211 0.00 0.00 58.00 32.00 3260.00 15596.00 419.02 13.24 147.02 76.28 275.25 11.11 100.00
212 0.00 0.00 143.00 0.00 1628.00 0.00 22.77 5.93 39.38 39.38 0.00 6.99 100.00
213 0.00 125.00 490.00 71.00 3996.00 21116.00 89.53 40.83 70.26 41.65 267.72 1.57 88.00
214 0.00 88.00 3062.00 81.00 12512.00 27264.00 25.31 48.62 16.01 14.71 65.09 0.32 99.20
215 0.00 0.00 429.00 0.00 1716.00 0.00 8.00 47.44 74.12 74.12 0.00 1.88 80.80
216 0.00 0.00 483.00 248.00 4188.00 24980.00 79.80 70.85 110.49 100.62 129.71 1.37 100.00
217 0.00 8295.00 460.00 0.00 1840.00 0.00 8.00 68.73 106.77 106.77 0.00 2.17 100.00
218 0.00 9256.00 334.00 164.00 1336.00 70640.00 289.06 92.13 207.45 136.86 351.20 2.01 100.00
219 0.00 16.00 377.00 157.00 1652.00 25296.00 100.93 88.98 190.55 120.69 358.32 1.87 100.00
220 0.00 1064.00 151.00 121.00 2960.00 27992.00 227.59 8.40 36.01 53.32 14.41 3.06 83.20
221 0.00 1.00 21.00 81.00 84.00 19172.00 377.57 5.19 50.78 43.05 52.79 6.12 62.40
222 0.00 57.00 40.00 57.00 2196.00 18372.00 424.08 3.57 36.95 20.70 48.35 6.31 61.20
223 0.00 23.00 17.00 47.00 96.00 15788.00 496.38 1.71 26.69 14.82 30.98 2.81 18.00
224 0.00 86.00 23.00 163.00 2116.00 50292.00 563.53 12.60 67.72 43.30 71.17 4.80 89.20
225 0.00 0.00 35.00 66.00 200.00 22828.00 456.00 2.85 28.00 23.66 30.30 7.72 78.00
226 0.00 0.00 30.00 171.00 2144.00 684.00 28.14 2.02 10.17 24.13 7.72 2.25 45.20
227 0.00 0.00 43.00 0.00 440.00 0.00 20.47 1.15 26.88 26.88 0.00 13.02 56.00
228 0.00 0.00 61.00 0.00 2396.00 0.00 78.56 0.47 7.67 7.67 0.00 4.66 28.40
229 0.00 0.00 26.00 0.00 104.00 0.00 8.00 0.18 6.92 6.92 0.00 4.92 12.80
230 0.00 0.00 78.00 10.00 9204.00 4680.00 315.55 1.75 18.41 19.23 12.00 4.05 35.60
231 0.00 6.00 324.00 14.00 36352.00 80.00 215.57 6.83 20.18 20.98 1.71 2.96 100.00
232 0.00 0.00 79.00 0.00 6108.00 0.00 154.63 7.71 92.10 92.10 0.00 12.66 100.00
233 0.00 0.00 78.00 0.00 5960.00 0.00 152.82 7.86 103.28 103.28 0.00 12.82 100.00
234 0.00 0.00 123.00 0.00 6672.00 0.00 108.49 9.26 75.02 75.02 0.00 8.13 100.00
235 0.00 13.00 247.00 2.00 13492.00 60.00 108.85 11.52 45.70 45.09 122.00 4.02 100.00
236 0.00 9.00 800.00 131.00 18948.00 560.00 41.91 9.75 10.96 12.13 3.85 1.07 100.00
237 0.00 41.00 1331.00 91.00 12284.00 14864.00 38.18 11.36 8.04 5.02 52.22 0.70 100.00
238 0.00 10.00 235.00 3.00 13324.00 52.00 112.40 2.70 11.43 11.54 2.67 2.77 66.00
239 0.00 0.00 160.00 0.00 640.00 0.00 8.00 2.66 14.82 14.82 0.00 6.15 98.40
240 0.00 0.00 218.00 0.00 2900.00 0.00 26.61 4.12 19.34 19.34 0.00 4.51 98.40
241 0.00 0.00 370.00 185.00 1480.00 740.00 8.00 9.63 17.35 15.19 21.69 1.79 99.60
242 0.00 0.00 1756.00 32.00 9052.00 15528.00 27.49 7.34 4.19 3.67 33.12 0.55 98.00
243 0.00 0.00 2948.00 0.00 11792.00 0.00 8.00 2.46 0.84 0.84 0.00 0.14 40.00
244 0.00 50.00 431.00 9.00 52572.00 236.00 240.04 3.10 7.05 7.15 2.22 1.05 46.00
245 0.00 0.00 80.00 0.00 6448.00 0.00 161.20 0.32 4.05 4.05 0.00 1.55 12.40
246 0.00 0.00 34.00 10.00 2188.00 40.00 101.27 0.28 6.45 6.24 7.20 1.27 5.60
247 0.00 0.00 32.00 0.00 188.00 0.00 11.75 0.05 1.62 1.62 0.00 1.00 3.20
248 0.00 53.00 159.00 11.00 14324.00 256.00 171.53 1.02 6.02 6.19 3.64 1.74 29.60
249 0.00 23.00 47.00 136.00 2672.00 23996.00 291.45 6.88 37.29 21.02 42.91 1.84 33.60
250 0.00 34.00 114.00 52.00 11980.00 15804.00 334.75 3.25 19.95 11.37 38.77 3.28 54.40
251 0.00 35.00 24.00 260.00 144.00 17432.00 123.77 12.80 44.77 7.67 48.20 1.03 29.20
252 0.00 0.00 274.00 0.00 10888.00 0.00 79.47 10.30 35.69 35.69 0.00 2.58 70.80
253 0.00 0.00 913.00 0.00 10804.00 0.00 23.67 45.05 49.63 49.63 0.00 1.10 100.00
254 0.00 20.00 3620.00 7.00 48796.00 108.00 26.97 13.54 3.83 3.77 30.86 0.23 82.40
255 0.00 57.00 451.00 45.00 7424.00 16180.00 95.18 1.86 3.78 2.06 21.07 0.82 40.80
256 0.00 70.00 119.00 295.00 3000.00 9644.00 61.08 13.30 31.91 36.91 29.90 1.37 56.80
257 0.00 0.00 349.00 0.00 6972.00 0.00 39.95 26.00 69.85 69.85 0.00 2.87 100.00
258 0.00 23.00 460.00 3.00 16540.00 104.00 71.90 13.04 30.95 31.12 4.00 2.16 100.00
259 0.00 106.00 582.00 65.00 2892.00 16988.00 61.45 3.83 6.58 4.97 21.05 0.40 25.60
260 0.00 0.00 35.00 0.00 2204.00 0.00 125.94 0.26 7.43 7.43 0.00 1.26 4.40
261 0.00 0.00 25.00 227.00 756.00 23780.00 194.73 3.24 12.84 10.56 13.09 0.65 16.40
262 0.00 0.00 705.00 0.00 5424.00 0.00 15.39 79.44 107.31 107.31 0.00 1.04 73.60
263 0.00 114.00 1585.00 7.00 7392.00 484.00 9.89 121.72 75.61 75.15 180.00 0.63 100.00
264 0.00 0.00 1738.00 0.00 9356.00 0.00 10.77 95.28 55.28 55.28 0.00 0.57 99.60
265 0.00 0.00 2626.00 0.00 10568.00 0.00 8.05 111.06 42.21 42.21 0.00 0.38 100.00
266 0.00 2.00 2395.00 124.00 11712.00 504.00 9.70 117.43 47.65 46.95 61.06 0.40 100.40
267 0.00 0.00 2098.00 0.00 8656.00 0.00 8.25 110.76 47.38 47.38 0.00 0.48 100.00
268 0.00 0.00 628.00 0.00 4540.00 0.00 14.46 119.24 193.20 193.20 0.00 1.59 100.00
269 0.00 0.00 542.00 0.00 2544.00 0.00 9.39 51.63 114.84 114.84 0.00 1.85 100.00
270 0.00 20.00 236.00 87.00 5812.00 14780.00 127.50 13.17 41.37 19.39 101.01 3.10 100.00
271 0.00 32.00 54.00 176.00 840.00 16212.00 148.28 3.24 14.17 9.78 15.52 1.15 26.40
272 0.00 51.00 30.00 112.00 2560.00 8784.00 159.77 12.48 72.70 6.00 90.57 1.41 20.00
273 0.00 0.00 33.00 45.00 144.00 15884.00 410.97 0.46 33.64 14.06 48.00 3.64 28.40
274 0.00 38.00 36.00 96.00 2176.00 32056.00 518.67 5.63 42.64 21.67 50.50 2.21 29.20
275 0.00 0.00 118.00 0.00 472.00 0.00 8.00 13.70 105.19 105.19 0.00 4.95 58.40
276 0.00 0.00 49.00 62.00 724.00 248.00 17.51 4.65 50.56 64.16 39.81 3.06 34.00
277 0.00 0.00 39.00 0.00 1656.00 0.00 84.92 1.27 32.41 32.41 0.00 12.00 46.80
278 0.00 0.00 319.00 0.00 3580.00 0.00 22.45 8.69 26.45 26.45 0.00 3.11 99.20
279 0.00 698.00 2331.00 123.00 9584.00 36684.00 37.71 60.08 24.31 22.11 66.05 0.41 100.00
280 0.00 0.00 2199.00 0.00 10824.00 0.00 9.84 82.42 37.50 37.50 0.00 0.45 100.00
281 0.00 0.00 3050.00 178.00 12204.00 712.00 8.00 62.06 19.52 18.84 31.15 0.29 92.80
282 0.00 0.00 1198.00 26.00 5824.00 12412.00 29.80 41.03 32.26 29.99 136.92 0.70 86.00
283 0.00 107.00 444.00 7.00 2776.00 416.00 14.16 29.81 58.51 59.24 12.00 2.22 100.00
284 0.00 0.00 356.00 79.00 1424.00 12676.00 64.83 38.92 88.74 66.51 188.91 2.30 100.00
285 0.00 29.00 295.00 55.00 3204.00 23988.00 155.38 41.70 129.87 88.35 352.58 2.85 99.60
286 0.00 48.00 154.00 249.00 616.00 9336.00 49.39 86.36 212.42 105.56 278.51 2.48 100.00
287 0.00 36.00 1155.00 50.00 6984.00 16576.00 39.10 38.70 33.96 21.07 331.68 0.83 99.60
288 0.00 46.00 553.00 53.00 4328.00 17536.00 72.16 10.37 17.19 13.92 51.32 0.85 51.60
289 0.00 38.00 25.00 81.00 100.00 29804.00 564.23 3.99 37.51 12.80 45.14 2.26 24.00
290 0.00 0.00 30.00 0.00 148.00 0.00 9.87 1.34 35.33 35.33 0.00 20.67 62.00
291 0.00 10.00 78.00 323.00 2436.00 51800.00 270.50 79.58 145.85 125.74 150.70 2.49 100.00
292 0.00 0.00 340.00 16.00 2276.00 6184.00 47.53 119.44 265.24 236.39 878.25 2.81 100.00
293 0.00 0.00 484.00 32.00 4316.00 12416.00 64.85 86.15 229.10 151.69 1400.00 1.94 100.00
294 0.00 0.00 622.00 0.00 4072.00 0.00 13.09 88.20 151.37 151.37 0.00 1.61 100.00
295 0.00 0.00 1339.00 0.00 10188.00 0.00 15.22 90.49 70.95 70.95 0.00 0.75 100.00
296 0.00 0.00 1814.00 178.00 10060.00 712.00 10.82 97.96 49.96 48.63 63.57 0.50 100.00
297 0.00 2.00 2307.00 2.00 15412.00 16.00 13.36 71.21 30.56 30.58 16.00 0.38 87.60
298 0.00 0.00 2364.00 0.00 15884.00 0.00 13.44 59.75 25.63 25.63 0.00 0.34 80.40
299 0.00 82.00 18.00 2.00 84.00 44.00 12.80 22.32 32.20 34.67 10.00 29.40 58.80
300 0.00 21.78 42.57 147.52 2205.94 25128.71 287.58 32.84 284.85 116.93 333.32 4.58 87.13
301 0.00 24.00 23.00 119.00 1680.00 22216.00 336.56 38.12 268.54 61.74 308.50 6.90 98.00
302 0.00 22.00 46.00 70.00 684.00 24072.00 426.83 23.33 202.10 51.74 300.91 8.17 94.80
303 0.00 0.00 40.00 0.00 2180.00 0.00 109.00 0.68 17.40 17.40 0.00 5.60 22.40
304 0.00 0.00 21.00 0.00 84.00 0.00 8.00 0.16 7.81 7.81 0.00 7.81 16.40
305 0.00 0.00 31.00 0.00 2204.00 0.00 142.19 0.33 10.58 10.58 0.00 4.52 14.00
306 0.00 2.00 21.00 104.00 84.00 24240.00 389.18 4.71 35.65 14.67 39.88 3.49 43.60
307 0.00 1.00 21.00 70.00 84.00 25200.00 555.69 11.74 130.90 69.33 149.37 10.95 99.60
308 0.00 0.00 83.00 2.00 2736.00 12.00 64.66 5.76 56.94 57.49 34.00 11.76 100.00
309 0.00 7.00 167.00 71.00 1364.00 24664.00 218.72 53.75 203.36 156.34 313.97 4.20 100.00
310 0.00 0.00 293.00 0.00 2660.00 0.00 18.16 42.41 160.29 160.29 0.00 3.41 100.00
311 0.00 0.00 2681.00 179.00 19792.00 716.00 14.34 68.61 24.16 23.81 29.32 0.35 100.00
312 0.00 76.00 2523.00 15.00 22124.00 364.00 17.72 35.77 14.22 14.24 10.67 0.38 97.20
313 0.00 0.00 425.00 0.00 5604.00 0.00 26.37 52.95 118.56 118.56 0.00 2.35 100.00
314 0.00 0.00 127.00 13.00 3304.00 2640.00 84.91 12.82 98.57 97.42 109.85 7.14 100.00
315 0.00 65.00 24.00 151.00 96.00 27432.00 314.61 88.79 515.70 105.17 580.95 5.71 100.00
316 0.00 27.00 46.00 117.00 2248.00 19424.00 265.91 15.55 95.44 24.26 123.42 3.29 53.60
317 0.00 149.00 18.00 119.00 132.00 44024.00 644.61 15.92 115.91 36.00 128.00 4.64 63.60
318 0.00 0.00 34.00 0.00 2160.00 0.00 127.06 1.59 47.06 47.06 0.00 27.65 94.00
319 0.00 0.00 21.00 0.00 84.00 0.00 8.00 0.64 24.19 24.19 0.00 24.95 52.40
320 0.00 0.00 37.00 0.00 2176.00 0.00 117.62 0.94 29.73 29.73 0.00 8.32 30.80
321 0.00 0.00 36.00 168.00 296.00 672.00 9.49 2.81 13.61 43.67 7.17 2.33 47.60
322 0.00 0.00 91.00 0.00 3748.00 0.00 82.37 4.68 46.59 46.59 0.00 10.99 100.00
323 0.00 0.00 41.00 0.00 600.00 0.00 29.27 1.50 48.10 48.10 0.00 16.39 67.20
324 0.00 0.00 31.00 0.00 2212.00 0.00 142.71 0.24 7.61 7.61 0.00 1.42 4.40
325 0.00 0.00 24.00 0.00 96.00 0.00 8.00 0.17 7.17 7.17 0.00 1.00 2.40
326 0.00 0.00 114.00 5.00 3784.00 20.00 63.93 1.40 11.73 12.25 0.00 4.61 54.80
327 0.00 0.00 460.00 0.00 4916.00 0.00 21.37 18.13 36.73 36.73 0.00 2.17 99.60
328 0.00 0.00 1495.00 0.00 12588.00 0.00 16.84 86.38 53.98 53.98 0.00 0.67 100.00
329 0.00 3.00 1608.00 0.00 9608.00 0.00 11.95 109.73 65.94 65.94 0.00 0.62 100.40
330 0.00 14.00 1278.00 4.00 27344.00 84.00 42.79 37.51 37.32 37.28 51.00 0.77 99.20
331 0.00 0.00 33.00 30.00 1068.00 120.00 37.71 0.24 4.70 8.97 0.00 1.33 8.40
332 0.00 0.00 95.00 0.00 2704.00 0.00 56.93 0.95 9.94 9.94 0.00 3.92 37.20
333 0.00 9.00 363.00 3.00 2792.00 48.00 15.52 2.44 6.37 6.42 0.00 2.39 87.60
334 0.00 67.00 827.00 143.00 5728.00 14168.00 41.02 16.98 17.61 8.89 68.08 1.03 100.00
335 0.00 0.00 109.00 45.00 480.00 16456.00 219.95 6.40 41.61 39.16 47.56 6.42 98.80
336 0.00 6.00 202.00 34.00 3120.00 160.00 27.80 4.74 20.08 23.39 0.47 4.17 98.40
337 0.00 0.00 54.00 0.00 364.00 0.00 13.48 1.64 29.63 29.63 0.00 18.52 100.00
338 0.00 0.00 33.00 0.00 132.00 0.00 8.00 1.27 36.12 36.12 0.00 30.30 100.00
339 0.00 0.00 41.00 0.00 176.00 0.00 8.59 1.10 29.07 29.07 0.00 24.29 99.60
340 0.00 0.00 25.00 38.00 100.00 17748.00 566.60 2.54 40.51 42.40 39.26 15.81 99.60
341 0.00 0.00 38.00 16.00 152.00 64.00 8.00 1.41 24.74 35.05 0.25 18.44 99.60
342 0.00 0.00 181.00 0.00 6712.00 0.00 74.17 2.89 16.49 16.49 0.00 5.52 100.00
343 0.00 0.00 108.00 0.00 432.00 0.00 8.00 1.26 11.63 11.63 0.00 9.19 99.20
344 0.00 0.00 329.00 0.00 3520.00 0.00 21.40 3.31 10.05 10.05 0.00 3.00 98.80
345 0.00 2.00 221.00 5.00 2660.00 28.00 23.79 1.93 8.60 8.78 0.80 4.25 96.00
346 0.00 2.00 51.00 98.00 1956.00 24104.00 349.80 8.08 53.53 75.92 41.88 5.85 87.20
347 0.00 0.00 15.00 0.00 312.00 0.00 41.60 1.25 78.13 78.13 0.00 66.40 99.60
348 0.00 3.00 125.00 4.00 6240.00 28.00 97.18 2.36 19.69 20.32 0.00 7.66 98.80
349 0.00 0.00 259.00 0.00 1116.00 0.00 8.62 2.57 9.93 9.93 0.00 3.78 98.00
350 0.00 9.00 3110.00 3.00 26356.00 48.00 16.96 52.77 16.68 16.68 24.00 0.30 93.60
351 0.00 14.00 1227.00 114.00 17476.00 23496.00 61.11 22.79 17.46 14.51 49.19 0.46 61.60
352 0.00 8.00 94.00 4.00 3028.00 48.00 62.78 1.47 13.88 13.62 20.00 5.71 56.00
353 0.00 0.00 16.00 0.00 64.00 0.00 8.00 1.20 77.00 77.00 0.00 62.50 100.00
354 0.00 0.00 33.00 0.00 132.00 0.00 8.00 1.06 32.85 32.85 0.00 30.06 99.20
355 0.00 0.00 179.00 41.00 12676.00 11968.00 224.04 11.97 33.07 18.35 97.37 4.53 99.60
356 0.00 15.00 269.00 205.00 1196.00 51632.00 222.90 12.90 37.19 12.03 70.20 2.06 97.60
357 0.00 0.00 260.00 0.00 5052.00 0.00 38.86 4.13 15.57 15.57 0.00 3.83 99.60
358 0.00 13.00 395.00 4.00 8752.00 68.00 44.21 31.24 72.18 71.33 156.00 2.51 100.00
359 0.00 0.00 486.00 0.00 17844.00 0.00 73.43 33.96 74.51 74.51 0.00 2.06 100.00
360 0.00 2.00 790.00 4.00 34576.00 24.00 87.15 16.08 20.58 20.57 24.00 1.26 100.00
361 0.00 3.00 383.00 123.00 7396.00 20556.00 110.48 7.22 14.25 11.17 23.80 1.95 98.80
362 0.00 0.00 79.00 0.00 560.00 0.00 14.18 3.64 45.92 45.92 0.00 12.61 99.60
363 0.00 0.00 96.00 0.00 448.00 0.00 9.33 11.05 98.71 98.71 0.00 10.42 100.00
364 0.00 0.00 117.00 0.00 644.00 0.00 11.01 5.49 60.51 60.51 0.00 8.51 99.60
365 0.00 0.00 81.00 0.00 2500.00 0.00 61.73 1.66 20.74 20.74 0.00 7.75 62.80
366 0.00 0.00 8.00 35.00 2056.00 2392.00 206.88 0.46 10.70 25.50 7.31 1.58 6.80
367 0.00 10.00 644.00 86.00 24380.00 22952.00 129.68 16.54 22.27 17.61 57.12 1.06 77.60
368 0.00 262.00 644.00 89.00 38400.00 25724.00 174.96 11.22 15.63 11.47 45.71 1.30 95.20
369 0.00 0.00 63.00 39.00 848.00 12276.00 257.33 3.22 30.71 27.94 35.18 7.33 74.80
370 0.00 0.00 42.00 46.00 3124.00 16436.00 444.55 2.73 30.91 32.57 29.39 6.59 58.00
371 0.00 0.00 122.00 43.00 4956.00 172.00 62.16 5.02 30.64 40.07 3.91 6.06 100.00
372 0.00 4.00 411.00 122.00 4484.00 37056.00 155.87 11.37 20.91 8.32 63.31 1.37 73.20
373 0.00 2.00 118.00 2.00 596.00 16.00 10.20 0.48 4.13 4.20 0.00 1.30 15.60
374 0.00 0.00 37.00 0.00 2172.00 0.00 117.41 0.31 8.32 8.32 0.00 5.19 19.20
375 0.00 0.00 22.00 0.00 88.00 0.00 8.00 0.14 6.36 6.36 0.00 4.73 10.40
376 0.00 0.00 36.00 26.00 2168.00 104.00 73.29 0.68 11.03 7.89 15.38 2.58 16.00
377 0.00 0.00 27.00 0.00 108.00 0.00 8.00 0.12 4.59 4.59 0.00 2.81 7.60
378 0.00 0.00 21.00 0.00 2112.00 0.00 201.14 0.57 27.05 27.05 0.00 16.19 34.00
379 0.00 0.00 24.00 0.00 96.00 0.00 8.00 1.40 58.50 58.50 0.00 24.50 58.80
380 0.00 0.00 31.00 0.00 2520.00 0.00 162.58 1.42 45.55 45.55 0.00 19.74 61.20
381 0.00 0.00 33.00 5.00 1412.00 20.00 75.37 0.33 8.84 9.70 3.20 6.74 25.60
382 0.00 0.00 88.00 0.00 3156.00 0.00 71.73 0.93 9.41 9.41 0.00 4.09 36.00
383 0.00 0.00 527.00 0.00 2432.00 0.00 9.23 8.14 15.58 15.58 0.00 1.90 100.00
384 0.00 0.00 505.00 0.00 4060.00 0.00 16.08 9.66 19.10 19.10 0.00 1.98 100.00
385 0.00 0.00 320.00 1.00 2216.00 8.00 13.86 8.04 25.10 25.16 4.00 3.12 100.00
386 0.00 0.00 269.00 204.00 5596.00 816.00 27.11 7.74 16.04 25.17 4.00 1.73 81.60
387 0.00 0.00 416.00 0.00 5872.00 0.00 28.23 5.98 14.60 14.60 0.00 2.40 100.00
388 0.00 0.00 503.00 0.00 6360.00 0.00 25.29 4.56 9.19 9.19 0.00 1.81 91.20
389 0.00 0.00 28.00 0.00 112.00 0.00 8.00 0.21 7.43 7.43 0.00 3.29 9.20
390 0.00 0.00 40.00 0.00 2180.00 0.00 109.00 0.31 7.80 7.80 0.00 2.40 9.60
391 0.00 0.00 28.00 22.00 112.00 88.00 8.00 0.22 4.48 8.00 0.00 1.68 8.40
392 0.00 0.00 32.00 0.00 2156.00 0.00 134.75 0.18 5.75 5.75 0.00 3.50 11.20
393 0.00 0.00 26.00 0.00 104.00 0.00 8.00 0.09 3.38 3.38 0.00 2.62 6.80
394 0.00 0.00 34.65 0.00 2146.53 0.00 123.89 0.31 8.91 8.91 0.00 3.54 12.28
395 0.00 0.00 27.00 0.00 108.00 0.00 8.00 0.11 4.15 4.15 0.00 2.52 6.80
396 0.00 0.00 29.00 5.00 2144.00 20.00 127.29 0.15 4.47 5.24 0.00 1.76 6.00
397 0.00 0.00 29.00 0.00 240.00 0.00 16.55 0.14 4.69 4.69 0.00 1.79 5.20
398 0.00 0.00 39.00 0.00 2172.00 0.00 111.38 0.22 5.54 5.54 0.00 2.05 8.00
399 0.00 0.00 28.00 0.00 112.00 0.00 8.00 0.18 6.43 6.43 0.00 2.29 6.40
400 0.00 0.00 34.00 0.00 2164.00 0.00 127.29 0.20 5.76 5.76 0.00 2.12 7.20
401 0.00 0.00 33.00 5.00 132.00 20.00 8.00 0.16 4.32 4.85 0.80 3.05 11.60
402 0.00 99.00 21.00 175.00 2112.00 19888.00 224.49 13.69 69.86 23.81 75.38 1.02 20.00
403 0.00 0.00 29.00 0.00 116.00 0.00 8.00 0.12 4.00 4.00 0.00 3.17 9.20
404 0.00 0.00 26.00 0.00 104.00 0.00 8.00 0.12 4.77 4.77 0.00 4.62 12.00
405 0.00 0.00 30.00 0.00 2148.00 0.00 143.20 0.14 4.67 4.67 0.00 2.67 8.00
406 0.00 0.00 34.00 25.00 136.00 100.00 8.00 0.25 4.20 4.47 3.84 1.69 10.00
407 0.00 0.00 27.00 0.00 2136.00 0.00 158.22 0.23 8.44 8.44 0.00 5.04 13.60
408 0.00 0.00 17.00 0.00 68.00 0.00 8.00 0.04 2.12 2.12 0.00 1.18 2.00
409 0.00 0.00 26.00 0.00 2132.00 0.00 164.00 0.18 7.08 7.08 0.00 3.85 10.00
410 0.00 0.00 25.00 0.00 100.00 0.00 8.00 0.13 5.12 5.12 0.00 4.32 10.80
411 0.00 0.00 24.00 5.00 2124.00 20.00 147.86 0.16 5.38 5.83 3.20 1.93 5.60
412 0.00 0.00 24.00 0.00 96.00 0.00 8.00 0.14 5.67 5.67 0.00 4.00 9.60
413 0.00 0.00 39.00 0.00 2184.00 0.00 112.00 0.22 5.33 5.33 0.00 1.74 6.80
414 0.00 0.00 29.00 0.00 240.00 0.00 16.55 0.11 4.14 4.14 0.00 1.93 5.60
415 0.00 0.00 38.00 0.00 2180.00 0.00 114.74 1.02 25.89 25.89 0.00 11.47 43.60
416 0.00 0.00 92.00 6.00 368.00 24.00 8.00 2.79 28.53 30.17 3.33 10.20 100.00
417 0.00 0.00 161.00 0.00 2672.00 0.00 33.19 4.05 24.94 24.94 0.00 6.21 100.00
418 0.00 0.00 39.00 0.00 156.00 0.00 8.00 1.41 37.74 37.74 0.00 12.72 49.60
419 0.00 0.00 37.00 0.00 2176.00 0.00 117.62 0.62 16.65 16.65 0.00 5.19 19.20
420 0.00 0.00 22.00 0.00 88.00 0.00 8.00 0.48 22.00 22.00 0.00 5.64 12.40
421 0.00 0.00 28.00 7.00 2140.00 28.00 123.89 0.86 24.46 29.71 3.43 5.71 20.00
422 0.00 0.00 16.00 0.00 64.00 0.00 8.00 0.22 14.00 14.00 0.00 1.75 2.80
423 0.00 0.00 31.00 0.00 2152.00 0.00 138.84 0.20 6.45 6.45 0.00 1.16 3.60
424 0.00 0.00 16.00 0.00 64.00 0.00 8.00 0.06 4.00 4.00 0.00 0.50 0.80
425 0.00 0.00 40.00 0.00 2188.00 0.00 109.40 0.22 5.50 5.50 0.00 1.20 4.80
426 0.00 0.00 28.00 5.00 112.00 20.00 8.00 0.19 5.70 6.14 3.20 1.45 4.80
427 0.00 0.00 29.00 0.00 2144.00 0.00 147.86 0.08 2.90 2.90 0.00 0.41 1.20
428 0.00 0.00 27.00 0.00 108.00 0.00 8.00 0.04 1.63 1.63 0.00 0.74 2.00
429 0.00 0.00 29.00 0.00 2144.00 0.00 147.86 0.08 2.90 2.90 0.00 0.41 1.20
430 0.00 0.00 17.00 0.00 192.00 0.00 22.59 0.02 0.94 0.94 0.00 0.94 1.60
431 0.00 0.00 21.00 5.00 2112.00 20.00 164.00 0.10 4.00 4.95 0.00 1.08 2.80
432 0.00 2.00 16.00 8.00 64.00 80.00 12.00 0.10 4.00 2.00 8.00 0.50 1.20
433 0.00 0.00 40.00 0.00 2188.00 0.00 109.40 0.28 7.00 7.00 0.00 1.90 7.60
434 0.00 0.00 21.00 0.00 84.00 0.00 8.00 0.03 1.52 1.52 0.00 0.57 1.20
435 0.00 0.00 31.00 0.00 2152.00 0.00 138.84 0.10 3.23 3.23 0.00 0.65 2.00
436 0.00 0.00 27.00 11.00 108.00 44.00 8.00 0.14 3.79 5.19 0.36 1.37 5.20
437 0.00 0.00 37.00 21.00 2176.00 92.00 78.21 0.69 11.86 7.46 19.62 1.86 10.80
438 0.00 0.00 28.00 0.00 112.00 0.00 8.00 0.14 5.14 5.14 0.00 0.86 2.40
439 0.00 0.00 23.00 0.00 2120.00 0.00 184.35 0.15 6.61 6.61 0.00 1.74 4.00
440 0.00 0.00 24.00 0.00 96.00 0.00 8.00 0.00 0.00 0.00 0.00 0.00 0.00
441 0.00 0.00 23.00 11.00 2120.00 44.00 127.29 0.04 1.18 1.57 0.36 0.47 1.60
442 0.00 0.00 21.00 0.00 84.00 0.00 8.00 0.02 0.95 0.95 0.00 0.95 2.00
443 0.00 0.00 37.00 0.00 2176.00 0.00 117.62 0.19 5.08 5.08 0.00 1.30 4.80
444 0.00 0.00 24.00 0.00 96.00 0.00 8.00 0.03 1.33 1.33 0.00 0.17 0.40
445 0.00 0.00 37.00 0.00 2176.00 0.00 117.62 0.30 8.00 8.00 0.00 3.03 11.20
446 0.00 0.00 25.00 5.00 108.00 20.00 8.53 0.19 6.40 7.52 0.80 3.87 11.60
447 0.00 0.00 40.00 2.00 2188.00 8.00 104.57 0.35 8.29 8.70 0.00 3.24 13.60
448 0.00 0.00 118.00 0.00 472.00 0.00 8.00 0.70 5.90 5.90 0.00 3.29 38.80
449 0.00 0.00 23.00 0.00 2120.00 0.00 184.35 0.19 8.35 8.35 0.00 1.91 4.40
450 0.00 0.00 18.00 0.00 72.00 0.00 8.00 0.10 5.56 5.56 0.00 2.67 4.80
451 0.00 0.00 39.00 12.00 2184.00 48.00 87.53 0.28 5.41 5.95 3.67 1.73 8.80
452 0.00 0.00 25.00 0.00 100.00 0.00 8.00 0.18 7.36 7.36 0.00 3.84 9.60
453 0.00 0.00 30.00 0.00 2148.00 0.00 143.20 0.20 6.67 6.67 0.00 2.27 6.80
454 0.00 0.00 22.00 0.00 88.00 0.00 8.00 0.14 6.36 6.36 0.00 3.09 6.80
455 0.00 0.00 29.00 0.00 2144.00 0.00 147.86 0.21 7.17 7.17 0.00 3.17 9.20
456 0.00 0.00 21.00 5.00 84.00 20.00 8.00 0.09 3.38 3.43 3.20 2.00 5.20
457 0.00 0.00 25.00 0.00 2128.00 0.00 170.24 0.18 7.20 7.20 0.00 3.36 8.40
458 0.00 0.00 16.00 0.00 64.00 0.00 8.00 0.09 5.75 5.75 0.00 4.50 7.20
459 0.00 0.00 31.00 0.00 2152.00 0.00 138.84 0.25 8.13 8.13 0.00 2.71 8.40
460 0.00 0.00 18.00 0.00 72.00 0.00 8.00 0.11 6.00 6.00 0.00 4.89 8.80
461 0.00 0.00 31.00 5.00 2152.00 20.00 120.67 0.19 5.22 5.55 3.20 2.56 9.20
462 0.00 0.00 35.00 6.00 140.00 40.00 8.78 0.24 5.76 6.06 4.00 2.44 10.00
463 0.00 0.00 44.00 0.00 2216.00 0.00 100.73 0.25 5.73 5.73 0.00 2.09 9.20
464 0.00 0.00 17.00 0.00 96.00 0.00 11.29 0.15 8.94 8.94 0.00 4.00 6.80
465 0.00 0.00 33.00 0.00 2220.00 0.00 134.55 0.25 7.64 7.64 0.00 2.42 8.00
466 0.00 0.00 29.00 6.00 116.00 24.00 8.00 0.11 3.09 3.59 0.67 1.26 4.40
467 0.00 0.00 29.00 4.00 2144.00 52.00 133.09 0.24 7.39 8.41 0.00 2.42 8.00
468 0.00 0.00 246.00 0.00 4628.00 0.00 37.63 1.94 7.87 7.87 0.00 3.35 82.40
469 0.00 0.00 232.00 0.00 5056.00 0.00 43.59 1.16 4.98 4.98 0.00 3.62 84.00
