0 0.00 0.00 0.25 3.00 0.00 0.00 0.00 0.00 0.00 96.75
1 0.00 0.00 0.00 2.01 0.00 0.00 0.00 0.00 0.00 97.99
2 0.25 0.00 0.25 1.25 0.00 0.00 0.00 0.00 0.00 98.25
3 0.25 0.00 0.00 1.50 0.00 0.00 0.00 0.00 0.00 98.25
4 0.00 0.00 0.25 1.00 0.00 0.00 0.00 0.00 0.00 98.75
5 0.50 0.00 0.25 1.01 0.00 0.00 0.25 0.00 0.00 97.99
6 4.56 0.00 2.03 2.03 0.00 0.00 0.00 0.00 0.00 91.39
7 0.00 0.00 0.00 0.76 0.00 0.00 0.00 0.00 0.00 99.24
8 0.25 0.00 0.25 8.25 0.00 0.00 0.00 0.00 0.00 91.25
9 0.00 0.00 0.25 8.04 0.00 0.00 0.00 0.00 0.00 91.71
10 0.25 0.00 0.50 25.06 0.00 0.00 0.00 0.00 0.00 74.19
11 0.25 0.00 0.25 29.25 0.00 0.00 0.00 0.00 0.00 70.25
12 0.25 0.00 0.25 29.72 0.00 0.00 0.00 0.00 0.00 69.77
13 0.00 0.00 1.01 26.01 0.00 0.00 0.00 0.00 0.00 72.98
14 2.27 0.00 1.01 23.43 0.00 0.00 0.00 0.00 0.00 73.30
15 2.28 0.00 0.25 27.85 0.00 0.00 0.00 0.00 0.00 69.62
16 5.08 0.00 0.76 19.54 0.00 0.00 0.00 0.00 0.00 74.62
17 1.01 0.00 0.00 23.80 0.00 0.00 0.00 0.00 0.00 75.19
18 2.02 0.00 0.50 24.18 0.00 0.00 0.00 0.00 0.00 73.30
19 0.50 0.00 0.25 25.94 0.00 0.00 0.00 0.00 0.00 73.30
20 2.26 0.00 0.75 25.63 0.00 0.00 0.00 0.00 0.00 71.36
21 6.09 0.00 0.00 22.84 0.00 0.00 0.00 0.00 0.00 71.07
22 7.87 0.00 1.27 19.80 0.00 0.00 0.00 0.00 0.00 71.07
23 12.02 0.00 1.28 17.65 0.00 0.00 0.00 0.00 0.00 69.05
24 3.78 0.00 0.25 21.91 0.00 0.00 0.00 0.00 0.00 74.06
25 11.36 0.00 0.76 17.42 0.00 0.00 0.00 0.00 0.00 70.45
26 8.10 0.00 1.77 16.71 0.00 0.00 0.00 0.00 0.00 73.42
27 12.01 0.00 2.87 14.62 0.00 0.00 0.00 0.00 0.00 70.50
28 7.95 0.00 1.28 18.46 0.00 0.00 0.00 0.00 0.00 72.31
29 11.50 0.00 3.21 30.21 0.00 0.27 0.27 0.00 0.00 54.55
30 3.51 0.00 4.59 23.24 0.00 0.54 0.00 0.00 0.00 68.11
31 3.07 0.00 5.37 17.39 0.00 0.00 0.00 0.00 0.00 74.17
32 5.96 0.00 0.26 23.06 0.00 0.00 0.00 0.00 0.00 70.73
33 2.27 0.00 1.01 21.41 0.00 0.00 0.00 0.00 0.00 75.31
34 2.54 0.00 0.25 29.70 0.00 0.00 0.00 0.00 0.00 67.51
35 0.75 0.00 0.25 30.15 0.00 0.00 0.00 0.00 0.00 68.84
36 3.77 0.00 0.25 29.65 0.00 0.00 0.00 0.00 0.00 66.33
37 8.61 0.00 0.25 24.05 0.00 0.00 0.00 0.00 0.00 67.09
38 1.76 0.00 0.50 27.71 0.00 0.00 0.00 0.00 0.00 70.03
39 9.59 0.00 2.07 19.95 0.00 0.00 0.00 0.00 0.00 68.39
40 13.02 0.00 1.04 13.80 0.00 0.00 0.00 0.00 0.00 72.14
41 45.95 0.00 3.78 15.95 0.00 0.00 0.00 0.00 0.00 34.32
42 92.90 0.00 5.86 0.31 0.00 0.00 0.00 0.00 0.00 0.93
43 75.32 0.00 11.54 2.88 0.00 0.32 0.00 0.00 0.00 9.94
44 11.37 0.00 1.03 3.62 0.00 0.00 0.00 0.00 0.00 83.98
45 0.25 0.00 0.00 1.50 0.00 0.00 0.25 0.00 0.00 97.99
46 0.00 0.00 0.25 1.26 0.00 0.00 0.00 0.00 0.00 98.49
47 0.25 0.00 0.00 2.76 0.00 0.00 0.00 0.00 0.00 96.99
48 0.00 0.00 0.25 7.05 0.00 0.00 0.00 0.00 0.00 92.70
49 25.40 0.00 3.74 2.67 0.00 0.27 0.27 0.00 0.00 67.65
50 82.37 0.00 8.81 0.00 0.00 0.30 0.00 0.00 0.00 8.51
51 82.20 0.00 7.42 0.59 0.00 0.89 0.00 0.00 0.00 8.90
52 85.99 0.00 3.08 2.52 0.00 0.28 0.00 0.00 0.00 8.12
53 92.00 0.00 4.00 0.57 0.00 0.57 0.29 0.00 0.00 2.57
54 89.73 0.00 7.30 0.00 0.00 0.54 0.00 0.00 0.00 2.43
55 89.14 0.00 6.57 0.00 0.00 0.57 0.00 0.00 0.00 3.71
56 89.22 0.00 6.89 1.20 0.00 0.30 0.30 0.00 0.00 2.10
57 39.45 0.00 1.64 3.01 0.00 0.00 0.00 0.00 0.00 55.89
58 75.42 0.00 3.39 4.24 0.00 0.56 0.00 0.00 0.00 16.38
59 86.51 0.00 7.62 0.59 0.00 0.00 0.00 0.00 0.00 5.28
60 94.53 0.00 3.95 0.61 0.00 0.00 0.00 0.00 0.00 0.91
61 85.50 0.00 11.18 0.00 0.00 0.60 0.30 0.00 0.00 2.42
62 89.66 0.00 8.62 0.29 0.00 0.00 0.00 0.00 0.00 1.44
63 90.20 0.00 3.75 0.00 0.00 0.00 0.00 0.00 0.00 6.05
64 51.90 0.00 3.53 3.80 0.00 0.82 0.00 0.00 0.00 39.95
65 83.54 0.00 11.49 0.00 0.00 0.31 0.31 0.00 0.00 4.35
66 66.77 0.00 16.62 0.60 0.00 0.30 0.30 0.00 0.00 15.41
67 77.45 0.00 19.58 0.00 0.00 1.19 0.30 0.00 0.00 1.48
68 71.07 0.00 24.21 0.63 0.00 0.94 0.31 0.00 0.00 2.83
69 84.90 0.00 12.54 0.28 0.00 0.57 0.00 0.00 0.00 1.71
70 37.99 0.00 20.67 22.63 0.00 0.28 0.28 0.00 0.00 18.16
71 4.69 0.00 1.04 81.77 0.00 0.00 0.00 0.00 0.00 12.50
72 28.87 0.00 6.30 46.46 0.00 0.00 0.00 0.00 0.00 18.37
73 26.93 0.00 7.43 27.55 0.00 0.00 0.00 0.00 0.00 38.08
74 0.51 0.00 0.51 18.18 0.00 0.00 0.00 0.00 0.00 80.81
75 0.25 0.00 0.50 5.24 0.00 0.00 0.00 0.00 0.00 94.01
76 0.25 0.00 0.00 7.54 0.00 0.00 0.00 0.00 0.00 92.21
77 0.50 0.00 0.50 12.56 0.00 0.00 0.00 0.00 0.00 86.43
78 21.14 0.00 9.49 38.21 0.00 0.00 0.27 0.00 0.00 30.89
79 17.97 0.00 9.57 1.16 0.00 0.00 0.29 0.00 0.00 71.01
80 13.49 0.00 1.17 3.81 0.00 0.00 0.00 0.00 0.00 81.52
81 63.29 0.00 3.29 20.27 0.00 0.27 0.27 0.00 0.00 12.60
82 0.76 0.00 0.00 5.81 0.00 0.00 0.00 0.00 0.00 93.43
83 47.09 0.00 2.03 10.76 0.00 0.29 0.29 0.00 0.00 39.53
84 50.81 0.00 6.18 9.14 0.00 0.00 0.00 0.00 0.00 33.87
85 8.97 0.00 0.51 0.77 0.00 0.00 0.00 0.00 0.00 89.74
86 6.17 0.00 1.03 2.57 0.00 0.00 0.00 0.00 0.00 90.23
87 26.12 0.00 1.32 69.92 0.00 0.53 0.00 0.00 0.00 2.11
88 23.10 0.00 1.31 51.71 0.00 0.26 0.26 0.00 0.00 23.36
89 41.51 0.00 1.04 16.45 0.00 0.00 0.00 0.00 0.00 40.99
90 71.64 0.00 4.18 23.28 0.00 0.00 0.30 0.00 0.00 0.60
91 3.05 0.00 1.78 87.82 0.00 0.25 0.00 0.00 0.00 7.11
92 5.34 0.00 1.27 68.45 0.00 0.00 0.00 0.00 0.00 24.94
93 27.44 0.00 1.58 70.45 0.00 0.26 0.00 0.00 0.00 0.26
94 65.07 0.00 2.69 29.85 0.00 0.00 0.00 0.00 0.00 2.39
95 14.92 0.00 2.36 72.25 0.00 0.00 0.26 0.00 0.00 10.21
96 27.53 0.00 2.81 61.80 0.00 0.00 0.00 0.00 0.00 7.87
97 29.51 0.00 2.19 52.73 0.00 0.00 0.00 0.00 0.00 15.57
98 6.92 0.00 0.51 38.46 0.00 0.51 0.00 0.00 0.00 53.59
99 2.76 0.00 0.25 5.28 0.00 0.00 0.00 0.00 0.00 91.71
100 22.86 0.00 0.78 4.94 0.00 0.00 0.00 0.00 0.00 71.43
101 20.11 0.00 2.12 55.56 0.00 0.00 0.00 0.00 0.00 22.22
102 29.09 0.00 0.26 47.27 0.00 0.00 0.00 0.00 0.00 23.38
103 17.63 0.00 0.28 9.92 0.00 0.00 0.00 0.00 0.00 72.18
104 12.61 0.00 0.00 5.57 0.00 0.00 0.29 0.00 0.00 81.52
105 19.57 0.00 0.27 2.14 0.00 0.00 0.00 0.00 0.00 78.02
106 63.76 0.00 4.63 6.54 0.00 0.27 0.27 0.00 0.00 24.52
107 0.50 0.00 0.00 2.25 0.00 0.00 0.00 0.00 0.00 97.25
108 0.00 0.00 0.25 1.76 0.00 0.00 0.00 0.00 0.00 97.98
109 0.00 0.00 0.25 3.01 0.00 0.00 0.00 0.00 0.00 96.74
110 4.59 0.00 0.51 5.61 0.00 0.00 0.00 0.00 0.00 89.29
111 50.00 0.00 2.30 28.45 0.00 0.00 0.29 0.00 0.00 18.97
112 0.25 0.00 0.25 2.78 0.00 0.00 0.00 0.00 0.00 96.72
113 3.10 0.00 0.26 5.17 0.00 0.00 0.00 0.00 0.00 91.47
114 3.03 0.00 0.25 3.03 0.00 0.00 0.00 0.00 0.00 93.69
115 45.41 0.00 1.31 2.36 0.00 0.00 0.00 0.00 0.00 50.92
116 12.57 0.00 0.00 1.75 0.00 0.00 0.00 0.00 0.00 85.67
117 16.90 0.00 0.28 0.28 0.00 0.00 0.00 0.00 0.00 82.55
118 19.83 0.00 0.57 14.45 0.00 0.28 0.28 0.00 0.00 64.59
119 7.35 0.00 1.05 79.00 0.00 0.00 0.00 0.00 0.00 12.60
120 6.39 0.00 0.26 40.15 0.00 0.00 0.00 0.00 0.00 53.20
121 18.34 0.00 2.26 10.80 0.00 0.00 0.00 0.00 0.00 68.59
122 20.89 0.00 2.09 0.78 0.00 0.00 0.00 0.00 0.00 76.24
123 19.15 0.00 2.13 2.13 0.00 0.00 0.27 0.00 0.00 76.33
124 32.04 0.00 2.76 2.49 0.00 0.00 0.00 0.00 0.00 62.71
125 25.28 0.00 1.14 9.09 0.00 0.00 0.00 0.00 0.00 64.49
126 18.08 0.00 1.98 25.71 0.00 0.00 0.00 0.00 0.00 54.24
127 30.09 0.00 1.82 6.08 0.00 0.00 0.00 0.00 0.00 62.01
128 19.89 0.00 1.86 3.18 0.00 0.00 0.00 0.00 0.00 75.07
129 17.57 0.00 2.16 5.14 0.00 0.00 0.27 0.00 0.00 74.86
130 10.80 0.00 1.26 3.77 0.00 0.00 0.00 0.00 0.00 84.17
131 0.25 0.00 0.00 3.02 0.00 0.00 0.00 0.00 0.00 96.73
132 0.25 0.00 0.25 3.78 0.00 0.00 0.00 0.00 0.00 95.72
133 0.25 0.00 0.25 4.77 0.00 0.00 0.00 0.00 0.00 94.72
134 0.25 0.00 0.25 3.26 0.00 0.00 0.00 0.00 0.00 96.24
135 0.25 0.00 0.00 9.75 0.00 0.00 0.00 0.00 0.00 90.00
136 0.25 0.00 0.00 8.33 0.00 0.00 0.00 0.00 0.00 91.41
137 0.25 0.00 0.25 9.30 0.00 0.00 0.00 0.00 0.00 90.20
138 0.25 0.00 0.00 3.76 0.00 0.00 0.00 0.00 0.00 95.99
139 0.25 0.00 0.00 3.02 0.00 0.00 0.00 0.00 0.00 96.73
140 0.75 0.00 0.25 6.02 0.00 0.00 0.00 0.00 0.00 92.98
141 0.25 0.00 0.00 2.26 0.00 0.00 0.00 0.00 0.00 97.49
142 0.00 0.00 0.25 4.27 0.00 0.00 0.00 0.00 0.00 95.48
143 0.25 0.00 0.00 8.33 0.00 0.00 0.00 0.00 0.00 91.41
144 0.25 0.00 0.25 1.25 0.00 0.00 0.00 0.00 0.00 98.25
145 0.00 0.00 0.00 1.76 0.00 0.00 0.00 0.00 0.00 98.24
146 0.25 0.00 0.00 2.51 0.00 0.00 0.00 0.00 0.00 97.24
147 0.25 0.00 0.50 9.00 0.00 0.25 0.00 0.00 0.00 90.00
148 0.00 0.00 0.50 16.37 0.00 0.00 0.00 0.00 0.00 83.12
149 0.25 0.00 0.00 2.52 0.00 0.00 0.00 0.00 0.00 97.23
150 0.25 0.00 0.00 14.79 0.00 0.00 0.00 0.00 0.00 84.96
151 3.32 0.00 0.77 55.61 0.00 0.00 0.00 0.00 0.00 40.31
152 3.33 0.00 1.03 57.69 0.00 0.00 0.00 0.00 0.00 37.95
153 5.30 0.00 1.52 42.17 0.00 0.00 0.00 0.00 0.00 51.01
154 13.73 0.00 1.40 16.25 0.00 0.00 0.00 0.00 0.00 68.63
155 12.50 0.00 2.22 36.11 0.00 0.00 0.00 0.00 0.00 49.17
156 11.41 0.00 1.36 39.40 0.00 0.00 0.00 0.00 0.00 47.83
157 11.95 0.00 1.17 29.15 0.00 0.00 0.00 0.00 0.00 57.73
158 2.56 0.00 0.77 65.38 0.00 0.00 0.00 0.00 0.00 31.28
159 0.00 0.00 0.25 94.49 0.00 0.00 0.00 0.00 0.00 5.26
160 0.00 0.00 0.00 99.75 0.00 0.00 0.25 0.00 0.00 0.00
161 12.28 0.00 1.79 60.36 0.00 0.00 0.00 0.00 0.00 25.58
162 12.03 0.00 1.07 33.96 0.00 0.00 0.00 0.00 0.00 52.94
163 8.16 0.00 0.91 25.08 0.00 0.00 0.00 0.00 0.00 65.86
164 52.46 0.00 1.37 21.86 0.00 0.00 0.00 0.00 0.00 24.32
165 38.06 0.00 0.52 6.04 0.00 0.00 0.00 0.00 0.00 55.38
166 12.83 0.00 0.29 13.70 0.00 0.00 0.29 0.00 0.00 72.89
167 17.43 0.00 0.54 18.23 0.00 0.00 0.00 0.00 0.00 63.81
168 13.91 0.00 1.16 35.36 0.00 0.00 0.00 0.00 0.00 49.57
169 4.16 0.00 3.64 84.94 0.00 0.26 0.00 0.00 0.00 7.01
170 9.18 0.00 1.02 81.63 0.00 0.00 0.00 0.00 0.00 8.16
171 6.87 0.00 1.53 88.80 0.00 0.00 0.00 0.00 0.00 2.80
172 6.05 0.00 1.01 78.09 0.00 0.00 0.00 0.00 0.00 14.86
173 35.15 0.00 1.63 56.13 0.00 0.00 0.27 0.00 0.00 6.81
174 21.35 0.00 4.05 23.24 0.00 0.27 0.00 0.00 0.00 51.08
175 19.95 0.00 2.10 13.12 0.00 0.00 0.00 0.00 0.00 64.83
176 14.93 0.00 1.13 7.32 0.00 0.00 0.00 0.00 0.00 76.62
177 15.86 0.00 1.28 26.85 0.00 0.00 0.00 0.00 0.00 56.01
178 47.70 0.00 1.53 34.44 0.00 0.00 0.00 0.00 0.00 16.33
179 28.72 0.00 3.02 11.34 0.00 0.00 0.00 0.00 0.00 56.93
180 15.06 0.00 0.85 33.52 0.00 0.00 0.00 0.00 0.00 50.57
181 12.23 0.00 2.39 28.19 0.00 0.00 0.00 0.00 0.00 57.18
182 13.70 0.00 0.82 35.07 0.00 0.00 0.27 0.00 0.00 50.14
183 21.03 0.00 1.03 10.26 0.00 0.00 0.00 0.00 0.00 67.69
184 30.52 0.00 4.63 47.14 0.00 0.00 0.00 0.00 0.00 17.71
185 55.30 0.00 2.01 29.23 0.00 0.00 0.00 0.00 0.00 13.47
186 0.78 0.00 0.78 72.61 0.00 0.00 0.00 0.00 0.00 25.84
187 0.25 0.00 0.25 93.22 0.00 0.00 0.00 0.00 0.00 6.28
188 0.00 0.00 0.00 100.00 0.00 0.00 0.00 0.00 0.00 0.00
189 0.00 0.00 0.50 99.50 0.00 0.00 0.00 0.00 0.00 0.00
190 2.54 0.00 0.76 78.68 0.00 0.00 0.00 0.00 0.00 18.02
191 5.87 0.00 0.51 68.11 0.00 0.00 0.00 0.00 0.00 25.51
192 3.02 0.00 0.25 94.46 0.00 0.00 0.25 0.00 0.00 2.02
193 5.43 0.00 0.78 93.80 0.00 0.00 0.00 0.00 0.00 0.00
194 33.60 0.00 2.13 49.07 0.00 0.00 0.00 0.00 0.00 15.20
195 13.08 0.00 1.45 13.37 0.00 0.00 0.00 0.00 0.00 72.09
196 8.43 0.00 2.41 6.02 0.00 0.00 0.30 0.00 0.00 82.83
197 12.75 0.00 1.42 35.98 0.00 0.00 0.00 0.00 0.00 49.86
198 11.56 0.00 1.88 36.56 0.00 0.00 0.00 0.00 0.00 50.00
199 10.03 0.00 0.29 33.04 0.00 0.00 0.29 0.00 0.00 56.34
200 29.92 0.00 1.39 9.14 0.00 0.00 0.00 0.00 0.00 59.56
201 1.32 0.00 0.33 6.25 0.00 0.00 0.00 0.00 0.00 92.11
202 14.12 0.00 0.29 23.63 0.00 0.00 0.00 0.00 0.00 61.96
203 22.42 0.00 1.03 21.65 0.00 0.00 0.00 0.00 0.00 54.90
204 15.83 0.00 2.76 13.57 0.00 0.25 0.00 0.00 0.00 67.59
205 37.50 0.00 5.28 33.06 0.00 0.00 0.00 0.00 0.00 24.17
206 8.31 0.00 2.08 75.07 0.00 0.00 0.30 0.00 0.00 14.24
207 0.26 0.00 0.26 89.12 0.00 0.00 0.00 0.00 0.00 10.36
208 1.04 0.00 1.30 97.67 0.00 0.00 0.00 0.00 0.00 0.00
209 7.45 0.00 0.86 85.96 0.00 0.00 0.00 0.00 0.00 5.73
210 6.75 0.00 4.25 57.86 0.00 0.09 0.18 0.00 0.00 30.87
211 13.73 0.00 1.79 53.13 0.00 0.00 0.00 0.00 0.00 31.34
212 12.12 0.00 2.20 51.79 0.00 0.00 0.00 0.00 0.00 33.88
213 5.93 0.00 1.08 92.72 0.00 0.00 0.27 0.00 0.00 0.00
214 2.52 0.00 0.25 84.89 0.00 0.00 0.00 0.00 0.00 12.34
215 1.52 0.00 0.76 72.98 0.00 0.00 0.00 0.00 0.00 24.75
216 11.36 0.00 0.76 65.40 0.00 0.00 0.00 0.00 0.00 22.47
217 0.75 0.00 1.01 73.37 0.00 0.00 0.00 0.00 0.00 24.87
218 1.52 0.00 0.25 83.59 0.00 0.00 0.00 0.00 0.00 14.65
219 2.03 0.00 0.00 97.97 0.00 0.00 0.00 0.00 0.00 0.00
220 6.70 0.00 1.80 56.44 0.00 0.00 0.00 0.00 0.00 35.05
221 15.57 0.00 2.46 1.64 0.00 0.00 0.00 0.00 0.00 80.33
222 7.69 0.00 1.54 10.77 0.00 0.00 0.00 0.00 0.00 80.00
223 13.39 0.00 1.57 16.54 0.00 0.00 0.00 0.00 0.00 68.50
224 17.34 0.00 1.63 0.54 0.00 0.00 0.27 0.00 0.00 80.22
225 14.29 0.00 1.14 13.14 0.00 0.00 0.00 0.00 0.00 71.43
226 28.30 0.00 2.96 4.31 0.00 0.00 0.00 0.00 0.00 64.42
227 4.05 0.00 0.51 4.81 0.00 0.00 0.00 0.00 0.00 90.63
228 0.50 0.00 0.25 2.51 0.00 0.25 0.00 0.00 0.00 96.49
229 6.51 0.00 1.04 63.02 0.00 0.00 0.00 0.00 0.00 29.43
230 8.21 0.00 0.77 83.59 0.00 0.00 0.00 0.00 0.00 7.44
231 16.71 0.00 1.39 74.09 0.00 0.28 0.00 0.00 0.00 7.52
232 5.30 0.00 0.76 93.94 0.00 0.00 0.00 0.00 0.00 0.00
233 29.55 0.00 0.79 69.39 0.00 0.00 0.00 0.00 0.00 0.26
234 24.66 0.00 2.71 35.23 0.00 0.00 0.00 0.00 0.00 37.40
235 14.41 0.00 1.18 6.47 0.00 0.00 0.00 0.00 0.00 77.94
236 35.01 0.00 2.52 27.73 0.00 0.00 0.28 0.00 0.00 34.45
237 28.96 0.00 1.22 4.57 0.00 0.00 0.00 0.00 0.00 65.24
238 19.63 0.00 4.24 24.14 0.00 0.27 0.00 0.00 0.00 51.72
239 9.30 0.00 0.75 49.25 0.00 0.00 0.00 0.00 0.00 40.70
240 2.78 0.00 0.25 54.04 0.00 0.00 0.00 0.00 0.00 42.93
241 3.28 0.00 0.25 8.08 0.00 0.00 0.00 0.00 0.00 88.38
242 26.55 0.00 0.52 8.51 0.00 0.00 0.00 0.00 0.00 64.43
243 22.55 0.00 2.72 7.07 0.00 0.00 0.27 0.00 0.00 67.39
244 32.54 0.00 0.79 16.14 0.00 0.00 0.00 0.00 0.00 50.53
245 13.58 0.00 0.29 3.18 0.00 0.00 0.00 0.00 0.00 82.95
246 15.86 0.00 0.85 4.25 0.00 0.00 0.28 0.00 0.00 78.75
247 12.40 0.00 0.28 32.51 0.00 0.00 0.00 0.00 0.00 54.82
248 26.23 0.00 2.08 24.94 0.00 0.00 0.00 0.00 0.00 46.75
249 0.50 0.00 0.00 9.05 0.00 0.00 0.00 0.00 0.00 90.45
250 10.94 0.00 0.51 9.92 0.00 0.25 0.00 0.00 0.00 78.37
251 5.68 0.00 1.55 79.33 0.00 0.00 0.00 0.00 0.00 13.44
252 25.85 0.00 3.13 32.64 0.00 0.26 0.00 0.00 0.00 38.12
253 35.35 0.00 0.60 4.23 0.00 0.00 0.00 0.00 0.00 59.82
254 19.67 0.00 1.91 19.13 0.00 0.00 0.27 0.00 0.00 59.02
255 16.49 0.00 0.54 16.22 0.00 0.00 0.27 0.00 0.00 66.49
256 0.25 0.00 0.25 27.75 0.00 0.00 0.00 0.00 0.00 71.75
257 0.00 0.00 0.50 25.63 0.00 0.00 0.00 0.00 0.00 73.87
258 0.00 0.00 0.50 11.81 0.00 0.00 0.00 0.00 0.00 87.69
259 0.25 0.00 0.00 2.02 0.00 0.00 0.00 0.00 0.00 97.73
260 1.25 0.00 0.50 23.56 0.00 0.00 0.00 0.00 0.00 74.69
261 0.76 0.00 0.25 73.10 0.00 0.00 0.25 0.00 0.00 25.63
262 1.02 0.00 0.26 91.84 0.00 0.00 0.00 0.00 0.00 6.89
263 2.07 0.00 0.78 88.86 0.00 0.00 0.00 0.00 0.00 8.29
264 3.34 0.00 0.26 96.40 0.00 0.00 0.00 0.00 0.00 0.00
265 31.49 0.00 0.76 66.50 0.00 0.00 0.00 0.00 0.00 1.26
266 1.01 0.00 0.25 98.74 0.00 0.00 0.00 0.00 0.00 0.00
267 1.01 0.00 0.00 98.99 0.00 0.00 0.00 0.00 0.00 0.00
268 3.87 0.00 0.77 94.59 0.00 0.00 0.00 0.00 0.00 0.77
269 10.49 0.00 1.02 88.24 0.00 0.00 0.00 0.00 0.00 0.26
270 4.88 0.00 1.03 28.79 0.00 0.00 0.26 0.00 0.00 65.04
271 0.00 0.00 0.25 12.03 0.00 0.00 0.00 0.00 0.00 87.72
272 16.02 0.00 1.38 18.78 0.00 0.00 0.00 0.00 0.00 63.81
273 6.56 0.00 0.94 7.81 0.00 0.00 0.00 0.00 0.00 84.69
274 14.73 0.00 1.13 14.16 0.00 0.00 0.00 0.00 0.00 69.97
275 11.73 0.00 1.47 1.17 0.00 0.00 0.00 0.00 0.00 85.63
276 36.78 0.00 1.26 7.81 0.00 0.00 0.00 0.00 0.00 54.16
277 26.26 0.00 1.68 4.19 0.00 0.00 0.28 0.00 0.00 67.60
278 37.46 0.00 0.88 27.14 0.00 0.00 0.00 0.00 0.00 34.51
279 32.77 0.00 0.00 10.17 0.00 0.00 0.00 0.00 0.00 57.06
280 15.06 0.00 0.28 11.65 0.00 0.00 0.00 0.00 0.00 73.01
281 14.11 0.00 3.76 26.65 0.00 0.31 0.31 0.00 0.00 54.86
282 5.29 0.00 2.52 91.69 0.00 0.00 0.25 0.00 0.00 0.25
283 0.76 0.00 0.76 91.92 0.00 0.25 0.00 0.00 0.00 6.31
284 0.75 0.00 0.25 82.21 0.00 0.00 0.00 0.00 0.00 16.79
285 2.79 0.00 0.25 93.15 0.00 0.00 0.00 0.00 0.00 3.81
286 9.81 0.00 0.80 85.68 0.00 0.00 0.00 0.00 0.00 3.71
287 32.68 0.00 2.23 41.06 0.00 0.00 0.00 0.00 0.00 24.02
288 16.52 0.00 1.71 8.26 0.00 0.00 0.00 0.00 0.00 73.50
289 33.71 0.00 1.71 59.14 0.00 0.00 0.00 0.00 0.00 5.43
290 5.71 0.00 1.56 90.65 0.00 0.00 0.00 0.00 0.00 2.08
291 0.00 0.00 0.00 100.00 0.00 0.00 0.00 0.00 0.00 0.00
292 0.50 0.00 0.00 99.50 0.00 0.00 0.00 0.00 0.00 0.00
293 0.52 0.00 0.79 96.86 0.00 0.00 0.00 0.00 0.00 1.83
294 4.84 0.00 0.54 67.47 0.00 0.00 0.27 0.00 0.00 26.88
295 4.87 0.00 0.77 71.03 0.00 0.00 0.00 0.00 0.00 23.33
296 24.22 0.00 1.14 3.99 0.00 0.00 0.00 0.00 0.00 70.66
297 21.07 0.00 2.40 59.47 0.00 0.00 0.00 0.00 0.00 17.07
298 2.02 0.00 0.25 72.47 0.00 0.00 0.00 0.00 0.00 25.25
299 2.03 0.00 0.51 74.87 0.00 0.00 0.00 0.00 0.00 22.59
300 2.01 0.00 0.50 72.61 0.00 0.00 0.00 0.00 0.00 24.87
301 4.65 0.00 0.26 79.33 0.00 0.00 0.26 0.00 0.00 15.50
302 31.28 0.00 4.01 62.30 0.00 0.00 0.00 0.00 0.00 2.41
303 12.24 0.00 2.09 12.84 0.00 0.00 0.30 0.00 0.00 72.54
304 7.88 0.00 0.61 7.88 0.00 0.00 0.00 0.00 0.00 83.64
305 34.75 0.00 0.56 12.99 0.00 0.00 0.28 0.00 0.00 51.41
306 8.00 0.00 0.00 17.23 0.00 0.00 0.00 0.00 0.00 74.77
307 17.73 0.00 0.28 16.90 0.00 0.00 0.00 0.00 0.00 65.10
308 18.80 0.00 1.99 41.60 0.00 0.00 0.00 0.00 0.00 37.61
309 14.71 0.00 1.36 26.98 0.00 0.00 0.00 0.00 0.00 56.95
310 11.11 0.00 1.75 4.09 0.00 0.00 0.00 0.00 0.00 83.04
311 11.83 0.00 2.37 31.07 0.00 0.00 0.00 0.00 0.00 54.73
312 7.02 0.00 5.26 64.33 0.00 0.00 0.00 0.00 0.00 23.39
313 19.41 0.00 2.70 65.23 0.00 0.00 0.27 0.00 0.00 12.40
314 6.51 0.00 0.78 66.15 0.00 0.00 0.00 0.00 0.00 26.56
315 24.45 0.00 3.57 47.25 0.00 0.27 0.00 0.00 0.00 24.45
316 31.37 0.00 1.86 39.75 0.00 0.00 0.62 0.00 0.00 26.40
317 21.01 0.00 2.66 21.28 0.00 0.00 0.27 0.00 0.00 54.79
318 12.28 0.00 1.46 26.61 0.00 0.00 0.29 0.00 0.00 59.36
319 11.82 0.00 0.91 2.73 0.00 0.00 0.00 0.00 0.00 84.55
320 39.51 0.00 1.91 19.07 0.00 0.00 0.00 0.00 0.00 39.51
321 0.25 0.00 0.50 36.50 0.00 0.00 0.00 0.00 0.00 62.75
322 0.25 0.00 0.25 6.27 0.00 0.00 0.00 0.00 0.00 93.23
323 0.25 0.00 0.25 3.02 0.00 0.00 0.00 0.00 0.00 96.48
324 0.75 0.00 0.25 12.56 0.00 0.00 0.00 0.00 0.00 86.43
325 8.60 0.00 1.34 56.99 0.00 0.00 0.27 0.00 0.00 32.80
326 3.09 0.00 0.52 96.39 0.00 0.00 0.00 0.00 0.00 0.00
327 30.79 0.00 1.63 67.30 0.00 0.00 0.00 0.00 0.00 0.27
328 14.32 0.00 1.04 43.75 0.00 0.00 0.00 0.00 0.00 40.89
329 40.63 0.00 0.79 14.78 0.00 0.00 0.00 0.00 0.00 43.80
330 90.00 0.00 1.18 2.94 0.00 0.00 0.00 0.00 0.00 5.88
331 2.03 0.00 0.25 35.28 0.00 0.00 0.00 0.00 0.00 62.44
332 2.78 0.00 1.01 27.53 0.00 0.25 0.00 0.00 0.00 68.43
333 0.00 0.00 0.25 25.69 0.00 0.00 0.00 0.00 0.00 74.06
334 2.76 0.00 1.75 27.32 0.00 0.00 0.00 0.00 0.00 68.17
335 1.00 0.00 0.50 25.81 0.00 0.00 0.00 0.00 0.00 72.68
336 1.77 0.00 1.26 40.40 0.00 0.00 0.00 0.00 0.00 56.57
337 0.26 0.00 0.52 43.86 0.00 0.00 0.26 0.00 0.00 55.09
338 0.25 0.00 0.25 25.00 0.00 0.00 0.00 0.00 0.00 74.50
339 32.97 0.00 0.55 18.96 0.00 0.00 0.00 0.00 0.00 47.53
340 16.18 0.00 1.86 49.07 0.00 0.27 0.00 0.00 0.00 32.63
341 14.91 0.00 1.03 65.04 0.00 0.00 0.00 0.00 0.00 19.02
342 31.35 0.00 2.43 43.51 0.00 0.00 0.00 0.00 0.00 22.70
343 14.45 0.00 1.45 1.45 0.00 0.00 0.00 0.00 0.00 82.66
344 10.95 0.00 0.59 14.20 0.00 0.00 0.00 0.00 0.00 74.26
345 25.36 0.00 0.58 25.94 0.00 0.00 0.00 0.00 0.00 48.13
346 12.87 0.00 0.00 19.88 0.00 0.00 0.88 0.00 0.00 66.37
347 15.14 0.00 0.29 4.86 0.00 0.00 0.00 0.00 0.00 79.71
348 46.18 0.00 3.40 10.76 0.00 0.28 0.00 0.00 0.00 39.38
349 44.18 0.00 3.28 26.57 0.00 0.00 0.30 0.00 0.00 25.67
350 35.16 0.00 3.57 43.68 0.00 0.00 0.00 0.00 0.00 17.58
351 3.81 0.00 0.76 92.64 0.00 0.00 0.25 0.00 0.00 2.54
352 7.95 0.00 0.77 90.51 0.00 0.00 0.00 0.00 0.00 0.77
353 39.09 0.00 1.98 44.76 0.00 0.00 0.57 0.00 0.00 13.60
354 61.36 0.00 2.56 25.28 0.00 0.28 0.00 0.00 0.00 10.51
355 41.41 0.00 3.66 44.51 0.00 0.28 0.28 0.00 0.00 9.86
356 5.91 0.00 0.51 70.44 0.00 0.00 0.00 0.00 0.00 23.14
357 2.34 0.00 0.52 71.61 0.00 0.00 0.00 0.00 0.00 25.52
358 11.65 0.00 1.36 46.88 0.00 0.00 0.00 0.00 0.00 40.11
359 25.68 0.00 1.64 30.05 0.00 0.00 0.00 0.00 0.00 42.62
360 7.14 0.00 0.77 51.53 0.00 0.00 0.00 0.00 0.00 40.56
361 22.83 0.00 4.62 46.74 0.00 0.00 0.00 0.00 0.00 25.82
362 1.75 0.00 0.25 48.38 0.00 0.00 0.00 0.00 0.00 49.63
363 7.51 0.00 2.07 43.52 0.00 0.00 0.00 0.00 0.00 46.89
364 9.82 0.00 1.19 5.36 0.00 0.00 0.30 0.00 0.00 83.33
365 10.90 0.00 1.60 7.18 0.00 0.00 0.00 0.00 0.00 80.32
366 37.97 0.00 1.45 37.97 0.00 0.00 0.00 0.00 0.00 22.61
367 10.84 0.00 1.36 60.70 0.00 0.00 0.00 0.00 0.00 27.10
368 0.26 0.00 0.51 26.41 0.00 0.00 0.00 0.00 0.00 72.82
369 0.25 0.00 0.50 27.89 0.00 0.00 0.00 0.00 0.00 71.36
370 0.50 0.00 0.50 14.75 0.00 0.00 0.00 0.00 0.00 84.25
371 0.00 0.00 0.25 5.26 0.00 0.00 0.00 0.00 0.00 94.49
372 0.25 0.00 0.25 2.51 0.00 0.00 0.00 0.00 0.00 96.99
373 0.00 0.00 0.25 3.52 0.00 0.00 0.00 0.00 0.00 96.23
374 0.25 0.00 0.25 2.50 0.00 0.00 0.25 0.00 0.00 96.75
375 0.25 0.00 0.00 3.02 0.00 0.00 0.00 0.00 0.00 96.73
376 0.00 0.00 0.25 3.78 0.00 0.00 0.00 0.00 0.00 95.97
377 0.00 0.00 0.25 9.75 0.00 0.00 0.00 0.00 0.00 90.00
378 0.25 0.00 0.00 11.81 0.00 0.00 0.00 0.00 0.00 87.94
379 0.00 0.00 0.25 5.53 0.00 0.00 0.00 0.00 0.00 94.22
380 0.00 0.00 0.00 4.28 0.00 0.00 0.00 0.00 0.00 95.72
381 1.01 0.00 1.01 52.64 0.00 0.00 0.00 0.00 0.00 45.34
382 0.51 0.00 1.26 40.15 0.00 0.00 0.00 0.00 0.00 58.08
383 0.00 0.00 3.05 50.76 0.00 0.00 0.00 0.00 0.00 46.19
384 0.25 0.00 1.01 62.88 0.00 0.00 0.00 0.00 0.00 35.86
385 0.00 0.00 0.25 24.12 0.00 0.00 0.00 0.00 0.00 75.63
386 0.25 0.00 0.00 8.06 0.00 0.00 0.25 0.00 0.00 91.44
387 0.00 0.00 0.00 3.50 0.00 0.00 0.25 0.00 0.00 96.25
388 0.00 0.00 0.00 1.51 0.00 0.00 0.00 0.00 0.00 98.49
389 0.25 0.00 0.25 3.00 0.00 0.00 0.00 0.00 0.00 96.50
390 0.25 0.00 0.00 2.75 0.00 0.00 0.00 0.00 0.00 97.00
391 0.00 0.00 0.00 2.01 0.00 0.00 0.00 0.00 0.00 97.99
392 0.25 0.00 0.00 1.75 0.00 0.00 0.00 0.00 0.00 97.99
393 0.00 0.00 0.00 2.26 0.00 0.00 0.00 0.00 0.00 97.74
394 0.00 0.00 0.00 3.01 0.00 0.00 0.00 0.00 0.00 96.99
395 0.00 0.00 0.25 2.01 0.00 0.00 0.00 0.00 0.00 97.74
396 0.25 0.00 0.25 2.99 0.00 0.00 0.00 0.00 0.00 96.51
397 0.00 0.00 0.00 2.26 0.00 0.00 0.00 0.00 0.00 97.74
398 0.00 0.00 0.00 1.26 0.00 0.00 0.00 0.00 0.00 98.74
399 0.00 0.00 0.00 1.26 0.00 0.00 0.00 0.00 0.00 98.74
400 0.00 0.00 0.00 2.76 0.00 0.00 0.00 0.00 0.00 97.24
401 0.25 0.00 0.00 3.00 0.00 0.00 0.00 0.00 0.00 96.75
402 0.00 0.00 0.50 1.75 0.00 0.00 0.00 0.00 0.00 97.74
403 0.00 0.00 0.00 3.01 0.00 0.00 0.00 0.00 0.00 96.99
404 0.00 0.00 0.25 2.26 0.00 0.00 0.00 0.00 0.00 97.49
405 0.25 0.00 0.00 2.26 0.00 0.00 0.00 0.00 0.00 97.49
406 0.00 0.00 0.00 1.75 0.00 0.00 0.00 0.00 0.00 98.25
407 0.00 0.00 0.25 3.01 0.00 0.00 0.00 0.00 0.00 96.74
408 0.00 0.00 0.00 3.02 0.00 0.00 0.00 0.00 0.00 96.98
409 0.25 0.00 0.25 2.25 0.00 0.00 0.00 0.00 0.00 97.25
410 0.25 0.00 0.00 2.01 0.00 0.00 0.00 0.00 0.00 97.74
411 0.25 0.00 0.00 2.76 0.00 0.00 0.00 0.00 0.00 96.99
412 0.25 0.00 0.00 1.25 0.00 0.00 0.00 0.00 0.00 98.50
413 0.00 0.00 0.25 8.29 0.00 0.00 0.00 0.00 0.00 91.46
414 0.00 0.00 0.00 32.58 0.00 0.00 0.00 0.00 0.00 67.42
415 0.25 0.00 0.50 17.25 0.00 0.00 0.00 0.00 0.00 82.00
416 0.00 0.00 0.00 13.57 0.00 0.00 0.00 0.00 0.00 86.43
417 0.25 0.00 0.25 9.25 0.00 0.00 0.00 0.00 0.00 90.25
418 0.25 0.00 0.00 18.55 0.00 0.00 0.00 0.00 0.00 81.20
419 0.25 0.00 0.25 9.48 0.00 0.00 0.00 0.00 0.00 90.02
420 0.25 0.00 0.00 12.28 0.00 0.00 0.00 0.00 0.00 87.47
421 0.25 0.00 0.25 3.75 0.00 0.00 0.00 0.00 0.00 95.75
422 0.00 0.00 0.00 3.52 0.00 0.00 0.00 0.00 0.00 96.48
423 0.00 0.00 0.25 2.76 0.00 0.00 0.00 0.00 0.00 96.99
424 0.00 0.00 0.00 2.26 0.00 0.00 0.00 0.00 0.00 97.74
425 0.00 0.00 0.50 2.50 0.00 0.00 0.00 0.00 0.00 97.00
426 0.25 0.00 0.25 1.75 0.00 0.00 0.00 0.00 0.00 97.76
427 0.25 0.00 0.25 2.25 0.00 0.00 0.00 0.00 0.00 97.25
428 0.25 0.00 0.25 1.50 0.00 0.00 0.00 0.00 0.00 98.00
429 0.50 0.00 0.00 3.00 0.00 0.00 0.00 0.00 0.00 96.50
430 0.00 0.00 0.25 2.25 0.00 0.00 0.00 0.00 0.00 97.50
431 0.00 0.00 0.50 2.75 0.00 0.00 0.00 0.00 0.00 96.75
432 0.00 0.00 0.00 2.26 0.00 0.00 0.00 0.00 0.00 97.74
433 0.00 0.00 0.50 3.74 0.00 0.00 0.00 0.00 0.00 95.76
434 0.25 0.00 0.25 3.50 0.00 0.00 0.00 0.00 0.00 96.00
435 0.00 0.00 0.25 3.76 0.00 0.00 0.00 0.00 0.00 95.99
436 0.00 0.00 0.25 2.25 0.00 0.00 0.00 0.00 0.00 97.50
437 0.00 0.00 0.50 2.00 0.00 0.00 0.00 0.00 0.00 97.50
438 0.00 0.00 0.25 2.01 0.00 0.00 0.00 0.00 0.00 97.74
439 0.25 0.00 0.50 1.74 0.00 0.00 0.00 0.00 0.00 97.51
440 0.25 0.00 0.25 2.51 0.00 0.00 0.00 0.00 0.00 96.99
441 0.00 0.00 0.25 3.51 0.00 0.00 0.00 0.00 0.00 96.24
442 0.00 0.00 0.00 1.26 0.00 0.00 0.00 0.00 0.00 98.74
443 0.00 0.00 0.50 2.50 0.00 0.00 0.00 0.00 0.00 97.00
444 0.50 0.00 0.25 7.73 0.00 0.00 0.00 0.00 0.00 91.52
445 0.25 0.00 0.25 3.49 0.00 0.00 0.00 0.00 0.00 96.01
446 0.25 0.00 0.50 2.51 0.00 0.00 0.00 0.00 0.00 96.73
447 0.00 0.00 0.00 2.26 0.00 0.00 0.00 0.00 0.00 97.74
448 0.25 0.00 0.25 2.00 0.00 0.00 0.00 0.00 0.00 97.51
449 0.25 0.00 0.00 2.76 0.00 0.00 0.00 0.00 0.00 96.99
450 0.25 0.00 0.00 1.50 0.00 0.00 0.00 0.00 0.00 98.25
451 0.00 0.00 0.25 2.01 0.00 0.00 0.00 0.00 0.00 97.74
452 0.00 0.00 0.00 3.01 0.00 0.00 0.00 0.00 0.00 96.99
453 0.25 0.00 0.00 3.01 0.00 0.00 0.00 0.00 0.00 96.74
454 0.25 0.00 0.25 3.00 0.00 0.00 0.25 0.00 0.00 96.25
455 0.25 0.00 0.25 3.50 0.00 0.00 0.00 0.00 0.00 96.00
456 0.00 0.00 0.25 2.26 0.00 0.00 0.00 0.00 0.00 97.49
457 0.00 0.00 0.00 2.51 0.00 0.00 0.00 0.00 0.00 97.49
458 0.00 0.00 0.00 2.50 0.00 0.00 0.00 0.00 0.00 97.50
459 0.25 0.00 0.25 5.26 0.00 0.00 0.00 0.00 0.00 94.24
460 0.25 0.00 0.00 2.01 0.00 0.00 0.25 0.00 0.00 97.49
461 0.00 0.00 0.00 3.01 0.00 0.00 0.00 0.00 0.00 96.99
462 0.25 0.00 0.00 3.25 0.00 0.00 0.00 0.00 0.00 96.50
463 0.00 0.00 0.25 2.26 0.00 0.00 0.00 0.00 0.00 97.49
464 0.25 0.00 0.25 3.00 0.00 0.00 0.00 0.00 0.00 96.50
465 0.00 0.00 0.00 2.76 0.00 0.00 0.00 0.00 0.00 97.24
466 0.00 0.00 0.00 2.26 0.00 0.00 0.00 0.00 0.00 97.74
467 0.00 0.00 0.25 3.50 0.00 0.00 0.00 0.00 0.00 96.25
468 0.25 0.00 0.00 2.76 0.00 0.00 0.00 0.00 0.00 96.99
469 0.00 0.00 0.00 1.26 0.00 0.00 0.00 0.00 0.00 98.74
470 0.00 0.00 0.25 4.26 0.00 0.00 0.00 0.00 0.00 95.49
471 0.25 0.00 0.00 3.52 0.00 0.00 0.00 0.00 0.00 96.23
472 0.00 0.00 0.00 3.02 0.00 0.00 0.00 0.00 0.00 96.98
473 0.51 0.00 0.25 20.51 0.00 0.00 0.00 0.00 0.00 78.73
474 2.02 0.00 0.76 22.17 0.00 0.25 0.00 0.00 0.00 74.81
475 1.53 0.00 1.02 24.74 0.00 0.00 0.00 0.00 0.00 72.70
476 1.50 0.00 1.00 14.75 0.00 0.00 0.00 0.00 0.00 82.75
477 0.00 0.00 0.25 3.76 0.00 0.00 0.00 0.00 0.00 95.99
478 0.25 0.00 0.00 1.75 0.00 0.00 0.00 0.00 0.00 98.00
479 0.00 0.00 0.00 2.52 0.00 0.00 0.00 0.00 0.00 97.48
480 0.25 0.00 0.25 2.00 0.00 0.00 0.00 0.00 0.00 97.50
481 0.00 0.00 0.25 1.75 0.00 0.00 0.00 0.00 0.00 98.00
482 0.00 0.00 0.00 2.01 0.00 0.00 0.00 0.00 0.00 97.99
483 0.00 0.00 0.25 1.25 0.00 0.00 0.00 0.00 0.00 98.50
484 5.01 0.00 2.76 8.27 0.00 0.00 0.00 0.00 0.00 83.96
