0 0.50 0.00 0.25 13.75 0.00 0.00 0.00 0.00 0.00 85.50
1 0.25 0.00 0.00 2.26 0.00 0.00 0.00 0.00 0.00 97.49
2 0.00 0.00 0.00 1.50 0.00 0.00 0.00 0.00 0.00 98.50
3 0.00 0.00 0.00 1.01 0.00 0.00 0.00 0.00 0.00 98.99
4 0.25 0.00 0.00 1.75 0.00 0.00 0.00 0.00 0.00 98.00
5 0.50 0.00 0.25 2.25 0.00 0.00 0.00 0.00 0.00 97.00
6 4.07 0.00 2.80 1.27 0.00 0.00 0.00 0.00 0.00 91.86
7 0.25 0.00 0.00 12.06 0.00 0.00 0.00 0.00 0.00 87.69
8 0.00 0.00 0.75 1.51 0.00 0.00 0.00 0.00 0.00 97.74
9 0.00 0.00 0.25 8.04 0.00 0.00 0.00 0.00 0.00 91.71
10 0.75 0.00 0.50 30.92 0.00 0.00 0.00 0.00 0.00 67.83
11 0.25 0.00 1.00 32.58 0.00 0.00 0.00 0.00 0.00 66.17
12 0.25 0.00 1.01 26.38 0.00 0.00 0.00 0.00 0.00 72.36
13 2.78 0.00 0.25 27.02 0.00 0.00 0.00 0.00 0.00 69.95
14 2.51 0.00 0.75 22.61 0.00 0.00 0.00 0.00 0.00 74.12
15 3.55 0.00 0.76 20.81 0.00 0.00 0.00 0.00 0.00 74.87
16 2.01 0.00 0.75 24.81 0.00 0.00 0.00 0.00 0.00 72.43
17 2.02 0.00 0.50 22.42 0.00 0.00 0.00 0.00 0.00 75.06
18 0.50 0.00 0.00 25.44 0.00 0.00 0.00 0.00 0.00 74.06
19 2.54 0.00 0.76 25.45 0.00 0.00 0.00 0.00 0.00 71.25
20 4.49 0.00 1.00 23.94 0.00 0.00 0.00 0.00 0.00 70.57
21 6.63 0.00 0.77 18.62 0.00 0.00 0.00 0.00 0.00 73.98
22 6.25 0.00 1.25 20.50 0.00 0.00 0.00 0.00 0.00 72.00
23 10.35 0.00 0.76 19.70 0.00 0.00 0.00 0.00 0.00 69.19
24 9.60 0.00 0.76 20.20 0.00 0.00 0.00 0.00 0.00 69.44
25 5.34 0.00 0.76 22.65 0.00 0.00 0.00 0.00 0.00 71.25
26 5.76 0.00 2.01 15.79 0.00 0.25 0.00 0.00 0.00 76.19
27 13.71 0.00 2.54 16.24 0.00 0.00 0.25 0.00 0.00 67.26
28 7.38 0.00 2.04 19.59 0.00 0.00 0.00 0.00 0.00 70.99
29 14.68 0.00 3.29 26.84 0.00 0.25 0.00 0.00 0.00 54.94
30 8.79 0.00 7.29 19.35 0.00 1.26 0.00 0.00 0.00 63.32
31 1.58 0.00 2.63 31.58 0.00 0.00 0.00 0.00 0.00 64.21
32 2.26 0.00 0.50 31.66 0.00 0.00 0.00 0.00 0.00 65.58
33 6.33 0.00 1.01 26.84 0.00 0.00 0.00 0.00 0.00 65.82
34 2.02 0.00 0.50 31.74 0.00 0.00 0.00 0.00 0.00 65.74
35 1.53 0.00 0.00 29.26 0.00 0.00 0.00 0.00 0.00 69.21
36 1.26 0.00 0.00 25.94 0.00 0.00 0.00 0.00 0.00 72.80
37 4.38 0.00 0.52 23.20 0.00 0.00 0.00 0.00 0.00 71.91
38 4.76 0.00 0.50 28.57 0.00 0.00 0.00 0.00 0.00 66.17
39 4.77 0.00 1.01 21.86 0.00 0.00 0.00 0.00 0.00 72.36
40 11.29 0.00 2.89 14.96 0.00 0.00 0.00 0.00 0.00 70.87
41 15.38 0.00 2.82 26.67 0.00 0.00 0.00 0.00 0.00 55.13
42 96.68 0.00 2.81 0.00 0.00 0.00 0.00 0.00 0.00 0.51
43 79.00 0.00 10.50 3.50 0.00 0.00 0.00 0.00 0.00 7.00
44 76.15 0.00 6.23 5.96 0.00 0.27 0.00 0.00 0.00 11.38
45 77.23 0.00 4.61 10.37 0.00 0.00 0.00 0.00 0.00 7.78
46 57.30 0.00 5.06 8.15 0.00 0.28 0.00 0.00 0.00 29.21
47 0.25 0.00 0.25 4.26 0.00 0.00 0.00 0.00 0.00 95.24
48 0.00 0.00 0.00 3.27 0.00 0.00 0.00 0.00 0.00 96.73
49 25.64 0.00 4.10 2.82 0.00 0.26 0.00 0.00 0.00 67.18
50 84.64 0.00 7.81 0.00 0.00 0.26 0.00 0.00 0.00 7.29
51 85.24 0.00 9.16 0.25 0.00 1.02 0.00 0.00 0.00 4.33
52 88.95 0.00 4.37 1.54 0.00 0.51 0.26 0.00 0.00 4.37
53 95.36 0.00 2.32 0.26 0.00 0.00 0.00 0.00 0.00 2.06
54 90.13 0.00 7.85 0.00 0.00 0.51 0.00 0.00 0.00 1.52
55 92.60 0.00 5.10 0.00 0.00 0.77 0.00 0.00 0.00 1.53
56 90.36 0.00 5.84 0.51 0.00 0.76 0.00 0.00 0.00 2.54
57 73.70 0.00 4.43 5.73 0.00 0.26 0.00 0.00 0.00 15.89
58 85.28 0.00 1.52 2.79 0.00 0.25 0.00 0.00 0.00 10.15
59 92.13 0.00 5.84 0.25 0.00 0.76 0.00 0.00 0.00 1.02
60 91.21 0.00 4.65 0.00 0.00 0.00 0.00 0.00 0.00 4.13
61 89.51 0.00 6.65 0.51 0.00 0.77 0.00 0.00 0.00 2.56
62 88.83 0.00 9.31 0.27 0.00 0.80 0.00 0.00 0.00 0.80
63 50.00 0.00 3.89 8.89 0.00 0.28 0.00 0.00 0.00 36.94
64 50.53 0.00 5.08 2.94 0.00 1.87 0.27 0.00 0.00 39.30
65 88.78 0.00 8.42 0.26 0.00 0.00 0.00 0.00 0.00 2.55
66 77.78 0.00 16.54 1.55 0.00 1.29 0.00 0.00 0.00 2.84
67 77.86 0.00 19.59 0.25 0.00 0.25 0.00 0.00 0.00 2.04
68 78.59 0.00 16.88 0.76 0.00 1.01 0.00 0.00 0.00 2.77
69 61.18 0.00 21.08 7.71 0.00 0.51 0.00 0.00 0.00 9.51
70 38.16 0.00 6.32 47.11 0.00 0.53 0.26 0.00 0.00 7.63
71 7.14 0.00 0.79 92.06 0.00 0.00 0.00 0.00 0.00 0.00
72 36.01 0.00 5.82 46.81 0.00 0.00 0.28 0.00 0.00 11.08
73 23.86 0.00 6.60 40.86 0.00 0.00 0.00 0.00 0.00 28.68
74 5.18 0.00 1.55 43.52 0.00 0.00 0.00 0.00 0.00 49.74
75 25.92 0.00 12.96 13.52 0.00 0.00 0.28 0.00 0.00 47.32
76 2.52 0.00 0.32 38.80 0.00 0.00 0.00 0.00 0.00 58.36
77 9.35 0.00 1.98 11.61 0.00 0.00 0.28 0.00 0.00 76.77
78 9.82 0.00 5.29 45.09 0.00 0.25 0.25 0.00 0.00 39.29
79 53.44 0.00 4.33 16.03 0.00 0.25 0.00 0.00 0.00 25.95
80 2.81 0.00 0.00 8.16 0.00 0.00 0.00 0.00 0.00 89.03
81 43.77 0.00 3.88 9.70 0.00 0.00 0.28 0.00 0.00 42.38
82 0.25 0.00 0.50 4.01 0.00 0.00 0.00 0.00 0.00 95.24
83 23.64 0.00 5.97 7.53 0.00 0.52 0.00 0.00 0.00 62.34
84 31.62 0.00 1.80 8.74 0.00 0.00 0.26 0.00 0.00 57.58
85 2.53 0.00 0.00 1.01 0.00 0.00 0.00 0.00 0.00 96.46
86 26.98 0.00 1.06 1.06 0.00 0.00 0.00 0.00 0.00 70.90
87 7.91 0.00 1.28 90.31 0.00 0.51 0.00 0.00 0.00 0.00
88 21.77 0.00 0.81 68.82 0.00 0.27 0.00 0.00 0.00 8.33
89 43.21 0.00 1.09 26.63 0.00 0.54 0.00 0.00 0.00 28.53
90 39.75 0.00 5.06 41.52 0.00 0.00 0.25 0.00 0.00 13.42
91 6.91 0.00 1.06 71.01 0.00 0.00 0.00 0.00 0.00 21.01
92 9.39 0.00 0.51 87.82 0.00 0.00 0.00 0.00 0.00 2.28
93 39.46 0.00 2.16 55.95 0.00 0.27 0.00 0.00 0.00 2.16
94 44.44 0.00 3.88 51.16 0.00 0.52 0.00 0.00 0.00 0.00
95 30.23 0.00 1.55 67.44 0.00 0.52 0.00 0.00 0.00 0.26
96 35.83 0.00 1.87 61.76 0.00 0.27 0.00 0.00 0.00 0.27
97 30.26 0.00 2.05 58.97 0.00 0.00 0.00 0.00 0.00 8.72
98 16.71 0.00 0.00 14.48 0.00 0.00 0.00 0.00 0.00 68.80
99 9.70 0.00 0.00 6.97 0.00 0.00 0.30 0.00 0.00 83.03
100 36.11 0.00 3.89 23.61 0.00 0.28 0.00 0.00 0.00 36.11
101 37.21 0.00 3.88 57.11 0.00 0.00 0.00 0.00 0.00 1.81
102 13.42 0.00 1.27 78.23 0.00 0.00 0.00 0.00 0.00 7.09
103 14.90 0.00 1.77 62.12 0.00 0.00 0.00 0.00 0.00 21.21
104 0.50 0.00 1.00 37.09 0.00 0.00 0.00 0.00 0.00 61.40
105 0.51 0.00 0.76 12.21 0.00 0.00 0.00 0.00 0.00 86.51
106 36.08 0.00 2.58 9.79 0.00 0.00 0.26 0.00 0.00 51.29
107 0.25 0.00 0.00 1.50 0.00 0.00 0.00 0.00 0.00 98.25
108 0.25 0.00 0.25 1.25 0.00 0.00 0.00 0.00 0.00 98.25
109 0.25 0.00 0.00 1.26 0.00 0.00 0.00 0.00 0.00 98.49
110 3.03 0.00 0.76 10.35 0.00 0.00 0.00 0.00 0.00 85.86
111 21.35 0.00 12.70 15.41 0.00 0.27 0.00 0.00 0.00 50.27
112 5.70 0.00 0.32 2.85 0.00 0.00 0.32 0.00 0.00 90.82
113 14.08 0.00 0.57 3.16 0.00 0.00 0.00 0.00 0.00 82.18
114 23.94 0.00 1.50 1.00 0.00 0.00 0.00 0.00 0.00 73.57
115 11.17 0.00 4.42 35.84 0.00 0.26 0.00 0.00 0.00 48.31
116 0.51 0.00 0.25 40.15 0.00 0.00 0.00 0.00 0.00 59.09
117 20.20 0.00 1.01 10.35 0.00 0.00 0.00 0.00 0.00 68.43
118 28.13 0.00 2.81 29.92 0.00 0.00 0.26 0.00 0.00 38.87
119 23.03 0.00 2.53 31.74 0.00 0.00 0.00 0.00 0.00 42.70
120 21.49 0.00 0.53 13.26 0.00 0.00 0.00 0.00 0.00 64.72
121 10.51 0.00 0.00 13.21 0.00 0.00 0.30 0.00 0.00 75.98
122 11.28 0.00 0.30 1.78 0.00 0.00 0.00 0.00 0.00 86.65
123 20.63 0.00 0.53 0.53 0.00 0.00 0.00 0.00 0.00 78.31
124 16.29 0.00 1.97 3.65 0.00 0.28 0.00 0.00 0.00 77.81
125 23.92 0.00 3.56 7.89 0.00 0.00 0.00 0.00 0.00 64.63
126 14.76 0.00 2.29 48.09 0.00 0.25 0.25 0.00 0.00 34.35
127 31.04 0.00 2.80 21.12 0.00 0.00 0.00 0.00 0.00 45.04
128 21.58 0.00 0.00 4.74 0.00 0.00 0.00 0.00 0.00 73.68
129 14.08 0.00 0.29 0.86 0.00 0.00 0.29 0.00 0.00 84.48
130 13.61 0.00 0.89 7.40 0.00 0.00 0.00 0.00 0.00 78.11
131 13.14 0.00 3.14 2.57 0.00 0.00 0.00 0.00 0.00 81.14
132 14.41 0.00 2.10 15.92 0.00 0.30 0.30 0.00 0.00 66.97
133 14.51 0.00 2.90 42.48 0.00 0.26 0.00 0.00 0.00 39.84
134 17.69 0.00 2.14 31.64 0.00 0.00 0.00 0.00 0.00 48.53
135 10.48 0.00 0.00 2.40 0.00 0.00 0.30 0.00 0.00 86.83
136 15.54 0.00 0.28 12.43 0.00 0.00 0.00 0.00 0.00 71.75
137 12.50 0.00 0.62 10.31 0.00 0.00 0.00 0.00 0.00 76.56
138 21.02 0.00 4.04 5.93 0.00 0.00 0.00 0.00 0.00 69.00
139 19.88 0.00 2.02 2.88 0.00 0.00 0.00 0.00 0.00 75.22
140 15.95 0.00 2.15 5.21 0.00 0.00 0.00 0.00 0.00 76.69
141 16.71 0.00 0.00 1.39 0.00 0.00 0.28 0.00 0.00 81.62
142 6.60 0.00 0.31 7.23 0.00 0.00 0.31 0.00 0.00 85.53
143 31.25 0.00 2.17 7.07 0.00 0.54 0.27 0.00 0.00 58.70
144 24.05 0.00 1.27 1.77 0.00 0.00 0.00 0.00 0.00 72.91
145 33.60 0.00 3.70 3.70 0.00 0.00 0.00 0.00 0.00 58.99
146 20.33 0.00 0.82 2.47 0.00 0.00 0.00 0.00 0.00 76.37
147 9.67 0.00 0.30 2.72 0.00 0.00 0.00 0.00 0.00 87.31
148 12.50 0.00 0.29 6.40 0.00 0.00 0.58 0.00 0.00 80.23
149 19.58 0.00 1.32 10.85 0.00 0.00 0.00 0.00 0.00 68.25
150 18.08 0.00 0.82 21.10 0.00 0.00 0.27 0.00 0.00 59.73
151 15.43 0.00 1.60 57.98 0.00 0.00 0.00 0.00 0.00 25.00
152 18.99 0.00 1.78 58.75 0.00 0.30 0.00 0.00 0.00 20.18
153 4.86 0.00 5.95 78.11 0.00 0.00 0.00 0.00 0.00 11.08
154 24.04 0.00 1.53 58.57 0.00 0.00 0.26 0.00 0.00 15.60
155 20.61 0.00 3.34 61.56 0.00 0.00 0.00 0.00 0.00 14.48
156 24.10 0.00 3.59 60.51 0.00 0.00 0.00 0.00 0.00 11.79
157 13.13 0.00 1.77 63.64 0.00 0.00 0.00 0.00 0.00 21.46
158 1.01 0.00 0.00 78.59 0.00 0.00 0.00 0.00 0.00 20.40
159 0.25 0.00 0.50 75.69 0.00 0.00 0.00 0.00 0.00 23.56
160 0.50 0.00 0.25 84.63 0.00 0.00 0.00 0.00 0.00 14.61
161 0.25 0.00 0.50 55.39 0.00 0.00 0.00 0.00 0.00 43.86
162 2.03 0.00 0.51 55.19 0.00 0.00 0.00 0.00 0.00 42.28
163 0.77 0.00 0.77 67.35 0.00 0.00 0.00 0.00 0.00 31.12
164 32.38 0.00 1.81 55.96 0.00 0.00 0.26 0.00 0.00 9.59
165 20.56 0.00 6.23 10.59 0.00 0.00 0.00 0.00 0.00 62.62
166 30.38 0.00 4.81 8.10 0.00 0.00 0.00 0.00 0.00 56.71
167 15.60 0.00 2.79 14.76 0.00 0.00 0.00 0.00 0.00 66.85
168 21.48 0.00 2.05 6.14 0.00 0.00 0.00 0.00 0.00 70.33
169 32.78 0.00 1.38 4.68 0.00 0.00 0.00 0.00 0.00 61.16
170 9.06 0.00 0.30 16.62 0.00 0.00 0.30 0.00 0.00 73.72
171 8.87 0.00 0.31 44.95 0.00 0.00 0.00 0.00 0.00 45.87
172 5.96 0.00 0.31 37.93 0.00 0.00 0.31 0.00 0.00 55.49
173 9.71 0.00 1.57 27.30 0.00 0.26 0.26 0.00 0.00 60.89
174 7.93 0.00 0.77 12.53 0.00 0.00 0.00 0.00 0.00 78.77
175 0.00 0.00 0.25 8.54 0.00 0.00 0.00 0.00 0.00 91.21
176 8.88 0.00 1.27 7.61 0.00 0.00 0.00 0.00 0.00 82.23
177 14.57 0.00 3.36 7.28 0.00 0.00 0.00 0.00 0.00 74.79
178 10.48 0.00 1.20 20.96 0.00 0.00 0.00 0.00 0.00 67.37
179 15.97 0.00 0.84 16.81 0.00 0.00 0.28 0.00 0.00 66.11
180 23.17 0.00 2.27 19.14 0.00 0.00 0.00 0.00 0.00 55.42
181 8.04 0.00 0.75 61.06 0.00 0.00 0.00 0.00 0.00 30.15
182 22.65 0.00 1.78 39.19 0.00 0.00 0.00 0.00 0.00 36.39
183 8.16 0.00 1.81 27.49 0.00 0.00 0.00 0.00 0.00 62.54
184 54.86 0.00 3.15 37.80 0.00 0.00 0.00 0.00 0.00 4.20
185 4.43 0.00 2.08 83.85 0.00 0.00 0.00 0.00 0.00 9.64
186 1.01 0.00 0.00 80.56 0.00 0.00 0.00 0.00 0.00 18.43
187 2.05 0.00 1.79 70.51 0.00 0.00 0.00 0.00 0.00 25.64
188 1.01 0.00 0.25 59.80 0.00 0.00 0.00 0.00 0.00 38.94
189 9.69 0.00 0.77 70.66 0.00 0.00 0.00 0.00 0.00 18.88
190 22.25 0.00 1.34 63.00 0.00 0.00 0.00 0.00 0.00 13.40
191 5.67 0.00 0.26 92.78 0.00 0.00 0.00 0.00 0.00 1.29
192 1.26 0.00 0.51 98.23 0.00 0.00 0.00 0.00 0.00 0.00
193 4.63 0.00 1.03 81.75 0.00 0.00 0.00 0.00 0.00 12.60
194 16.40 0.00 2.69 31.45 0.00 0.00 0.27 0.00 0.00 49.19
195 22.34 0.00 3.81 60.66 0.00 0.00 0.00 0.00 0.00 13.20
196 14.90 0.00 1.52 60.10 0.00 0.25 0.00 0.00 0.00 23.23
197 23.29 0.00 2.03 43.04 0.00 0.00 0.00 0.00 0.00 31.65
198 16.16 0.00 1.67 44.57 0.00 0.00 0.00 0.00 0.00 37.60
199 23.54 0.00 1.52 41.27 0.00 0.00 0.00 0.00 0.00 33.67
200 18.01 0.00 2.15 8.60 0.00 0.00 0.00 0.00 0.00 71.24
201 31.62 0.00 3.08 33.16 0.00 0.00 0.00 0.00 0.00 32.13
202 20.05 0.00 0.51 64.72 0.00 0.00 0.00 0.00 0.00 14.72
203 16.76 0.00 0.28 21.79 0.00 0.00 0.28 0.00 0.00 60.89
204 23.00 0.00 0.26 1.55 0.00 0.00 0.00 0.00 0.00 75.19
205 51.43 0.00 4.16 28.05 0.00 0.00 0.00 0.00 0.00 16.36
206 2.03 0.00 2.03 84.52 0.00 0.00 0.00 0.00 0.00 11.42
207 1.78 0.00 0.51 96.95 0.00 0.00 0.00 0.00 0.00 0.76
208 1.77 0.00 0.25 97.98 0.00 0.00 0.00 0.00 0.00 0.00
209 2.26 0.00 0.25 82.96 0.00 0.00 0.00 0.00 0.00 14.54
210 5.17 0.00 3.36 68.73 0.00 0.00 0.00 0.00 0.00 22.74
211 0.76 0.00 0.25 83.54 0.00 0.00 0.00 0.00 0.00 15.44
212 1.75 0.00 0.50 73.68 0.00 0.00 0.00 0.00 0.00 24.06
213 8.85 0.00 1.30 76.82 0.00 0.00 0.00 0.00 0.00 13.02
214 26.33 0.00 0.80 72.87 0.00 0.00 0.00 0.00 0.00 0.00
215 13.49 0.00 2.65 79.63 0.00 0.00 0.26 0.00 0.00 3.97
216 1.02 0.00 0.25 92.13 0.00 0.00 0.00 0.00 0.00 6.60
217 5.48 0.00 1.37 93.15 0.00 0.00 0.00 0.00 0.00 0.00
218 0.79 0.00 0.52 84.55 0.00 0.00 0.00 0.00 0.00 14.14
219 0.00 0.00 0.25 99.75 0.00 0.00 0.00 0.00 0.00 0.00
220 7.30 0.00 0.27 80.54 0.00 0.00 0.00 0.00 0.00 11.89
221 6.10 0.00 0.53 90.19 0.00 0.00 0.00 0.00 0.00 3.18
222 17.72 0.00 2.91 54.50 0.00 0.00 0.00 0.00 0.00 24.87
223 23.32 0.00 2.85 4.40 0.00 0.00 0.00 0.00 0.00 69.43
224 23.93 0.00 1.76 4.79 0.00 0.00 0.00 0.00 0.00 69.52
225 19.42 0.00 0.00 25.72 0.00 0.00 0.00 0.00 0.00 54.86
226 0.25 0.00 1.00 36.34 0.00 0.00 0.00 0.00 0.00 62.41
227 0.00 0.00 0.00 28.79 0.00 0.00 0.00 0.00 0.00 71.21
228 0.77 0.00 1.02 25.77 0.00 0.00 0.00 0.00 0.00 72.45
229 51.57 0.00 5.98 6.55 0.00 0.28 0.28 0.00 0.00 35.33
230 12.10 0.00 4.84 11.02 0.00 0.00 0.27 0.00 0.00 71.77
231 8.35 0.00 0.76 89.11 0.00 0.00 0.00 0.00 0.00 1.77
232 13.78 0.00 1.02 68.88 0.00 0.00 0.00 0.00 0.00 16.33
233 7.11 0.00 0.51 70.56 0.00 0.00 0.00 0.00 0.00 21.83
234 25.51 0.00 1.79 43.11 0.00 0.00 0.00 0.00 0.00 29.59
235 4.59 0.00 1.28 72.45 0.00 0.00 0.00 0.00 0.00 21.68
236 18.60 0.00 3.10 55.81 0.00 0.26 0.26 0.00 0.00 21.96
237 8.88 0.00 1.27 17.26 0.00 0.00 0.00 0.00 0.00 72.59
238 0.25 0.00 0.25 5.54 0.00 0.00 0.00 0.00 0.00 93.95
239 16.49 0.00 1.03 9.02 0.00 0.00 0.00 0.00 0.00 73.45
240 24.44 0.00 0.84 33.15 0.00 0.00 0.00 0.00 0.00 41.57
241 12.14 0.00 2.37 78.63 0.00 0.26 0.00 0.00 0.00 6.60
242 7.85 0.00 1.77 81.52 0.00 0.25 0.00 0.00 0.00 8.61
243 28.39 0.00 1.04 26.04 0.00 0.26 0.00 0.00 0.00 44.27
244 3.27 0.00 1.51 4.03 0.00 0.00 0.00 0.00 0.00 91.18
245 48.45 0.00 3.37 38.08 0.00 0.26 0.00 0.00 0.00 9.84
246 40.71 0.00 1.37 1.09 0.00 0.00 0.00 0.00 0.00 56.83
247 5.76 0.00 0.79 6.02 0.00 0.00 0.00 0.00 0.00 87.43
248 6.36 0.00 0.76 4.07 0.00 0.00 0.00 0.00 0.00 88.80
249 46.98 0.00 1.10 6.87 0.00 0.00 0.00 0.00 0.00 45.05
250 12.06 0.00 0.00 4.71 0.00 0.00 0.00 0.00 0.00 83.24
251 13.04 0.00 0.29 4.64 0.00 0.00 0.29 0.00 0.00 81.74
252 16.34 0.00 1.13 16.90 0.00 0.00 0.00 0.00 0.00 65.63
253 21.86 0.00 3.01 60.38 0.00 0.00 0.27 0.00 0.00 14.48
254 12.06 0.00 1.18 31.47 0.00 0.00 0.29 0.00 0.00 55.00
255 34.63 0.00 4.91 29.20 0.00 0.26 0.00 0.00 0.00 31.01
256 38.52 0.00 2.81 6.89 0.00 0.00 0.00 0.00 0.00 51.79
257 7.73 0.00 0.52 9.28 0.00 0.00 0.26 0.00 0.00 82.22
258 0.00 0.00 0.00 18.43 0.00 0.00 0.00 0.00 0.00 81.57
259 4.37 0.00 1.29 19.54 0.00 0.00 0.00 0.00 0.00 74.81
260 0.00 0.00 0.25 1.01 0.00 0.00 0.00 0.00 0.00 98.74
261 0.25 0.00 0.25 1.25 0.00 0.25 0.00 0.00 0.00 97.99
262 1.76 0.00 0.25 33.25 0.00 0.00 0.00 0.00 0.00 64.74
263 1.53 0.00 0.51 68.70 0.00 0.00 0.00 0.00 0.00 29.26
264 2.78 0.00 0.25 67.68 0.00 0.00 0.00 0.00 0.00 29.29
265 6.06 0.00 0.51 87.12 0.00 0.00 0.00 0.00 0.00 6.31
266 3.91 0.00 0.00 71.09 0.00 0.00 0.00 0.00 0.00 25.00
267 21.54 0.00 0.51 60.00 0.00 0.00 0.00 0.00 0.00 17.95
268 0.76 0.00 0.51 98.74 0.00 0.00 0.00 0.00 0.00 0.00
269 1.26 0.00 0.25 90.20 0.00 0.00 0.00 0.00 0.00 8.29
270 6.25 0.00 2.08 88.80 0.00 0.00 0.26 0.00 0.00 2.60
271 11.29 0.00 1.05 70.60 0.00 0.26 0.00 0.00 0.00 16.80
272 17.98 0.00 2.45 18.80 0.00 0.00 0.00 0.00 0.00 60.76
273 9.52 0.00 1.79 5.65 0.00 0.00 0.00 0.00 0.00 83.04
274 22.39 0.00 2.04 5.85 0.00 0.00 0.00 0.00 0.00 69.72
275 23.48 0.00 1.52 7.58 0.00 0.00 0.00 0.00 0.00 67.42
276 46.48 0.00 0.75 3.52 0.00 0.00 0.25 0.00 0.00 48.99
277 25.06 0.00 0.25 4.26 0.00 0.00 0.00 0.00 0.00 70.43
278 12.06 0.00 0.29 0.59 0.00 0.00 0.00 0.00 0.00 87.06
279 41.44 0.00 6.42 29.14 0.00 0.00 0.00 0.00 0.00 22.99
280 8.65 0.00 1.02 55.47 0.00 0.00 0.00 0.00 0.00 34.86
281 21.43 0.00 1.06 53.70 0.00 0.00 0.00 0.00 0.00 23.81
282 16.03 0.00 2.54 27.48 0.00 0.25 0.00 0.00 0.00 53.69
283 22.56 0.00 1.03 45.38 0.00 0.00 0.00 0.00 0.00 31.03
284 18.90 0.00 1.57 29.40 0.00 0.00 0.00 0.00 0.00 50.13
285 14.86 0.00 1.14 40.86 0.00 0.00 0.29 0.00 0.00 42.86
286 13.35 0.00 3.40 58.64 0.00 0.00 0.00 0.00 0.00 24.61
287 6.28 0.00 0.79 84.03 0.00 0.00 0.00 0.00 0.00 8.90
288 9.94 0.00 0.85 57.67 0.00 0.00 0.28 0.00 0.00 31.25
289 20.26 0.00 3.12 7.53 0.00 0.00 0.00 0.00 0.00 69.09
290 63.08 0.00 6.92 11.28 0.00 0.26 0.00 0.00 0.00 18.46
291 1.51 0.00 0.25 75.88 0.00 0.00 0.00 0.00 0.00 22.36
292 0.51 0.00 0.00 88.58 0.00 0.00 0.25 0.00 0.00 10.66
293 1.76 0.00 0.25 81.86 0.00 0.00 0.00 0.00 0.00 16.12
294 1.77 0.00 0.25 97.98 0.00 0.00 0.00 0.00 0.00 0.00
295 2.53 0.00 0.25 97.22 0.00 0.00 0.00 0.00 0.00 0.00
296 6.91 0.00 0.51 91.56 0.00 0.00 0.00 0.00 0.00 1.02
297 11.03 0.00 1.54 74.62 0.00 0.00 0.26 0.00 0.00 12.56
298 32.57 0.00 1.27 43.26 0.00 0.00 0.00 0.00 0.00 22.90
299 20.67 0.00 2.33 5.43 0.00 0.00 0.00 0.00 0.00 71.58
300 4.17 0.00 1.56 66.41 0.00 0.00 0.00 0.00 0.00 27.86
301 6.82 0.00 1.01 67.42 0.00 0.00 0.00 0.00 0.00 24.75
302 6.53 0.00 1.20 64.86 0.00 0.00 0.00 0.00 0.00 27.41
303 5.79 0.00 1.32 4.47 0.00 0.26 0.00 0.00 0.00 88.16
304 0.50 0.00 0.25 1.00 0.00 0.00 0.00 0.00 0.00 98.25
305 34.01 0.00 1.27 2.54 0.00 0.00 0.00 0.00 0.00 62.18
306 24.05 0.00 2.28 2.78 0.00 0.00 0.00 0.00 0.00 70.89
307 23.23 0.00 0.25 3.28 0.00 0.00 0.00 0.00 0.00 73.23
308 25.00 0.00 0.25 5.50 0.00 0.00 0.00 0.00 0.00 69.25
309 27.51 0.00 3.08 32.39 0.00 0.00 0.00 0.00 0.00 37.02
310 34.34 0.00 4.26 22.56 0.00 0.00 0.00 0.00 0.00 38.85
311 13.38 0.00 2.27 46.72 0.00 0.00 0.00 0.00 0.00 37.63
312 1.01 0.00 0.25 75.76 0.00 0.00 0.00 0.00 0.00 22.98
313 2.26 0.00 0.25 67.67 0.00 0.00 0.00 0.00 0.00 29.82
314 4.85 0.00 0.51 60.20 0.00 0.00 0.00 0.00 0.00 34.44
315 11.65 0.00 1.77 37.72 0.00 0.00 0.00 0.00 0.00 48.86
316 23.62 0.00 2.01 11.06 0.00 0.00 0.00 0.00 0.00 63.32
317 16.15 0.00 2.34 18.49 0.00 0.00 0.00 0.00 0.00 63.02
318 50.13 0.00 3.23 11.32 0.00 0.00 0.00 0.00 0.00 35.31
319 0.50 0.00 0.50 57.04 0.00 0.00 0.00 0.00 0.00 41.96
320 0.25 0.00 0.75 42.86 0.00 0.00 0.00 0.00 0.00 56.14
321 0.25 0.00 0.50 39.80 0.00 0.00 0.00 0.00 0.00 59.45
322 0.51 0.00 0.51 47.73 0.00 0.00 0.00 0.00 0.00 51.26
323 0.25 0.00 0.25 12.56 0.00 0.00 0.25 0.00 0.00 86.68
324 0.25 0.00 0.50 1.25 0.00 0.00 0.00 0.00 0.00 97.99
325 1.75 0.00 0.50 26.57 0.00 0.00 0.00 0.00 0.00 71.18
326 5.82 0.00 1.01 61.77 0.00 0.00 0.00 0.00 0.00 31.39
327 6.11 0.00 1.53 89.31 0.00 0.00 0.00 0.00 0.00 3.05
328 8.21 0.00 2.56 72.05 0.00 0.00 0.00 0.00 0.00 17.18
329 35.19 0.00 2.91 30.16 0.00 0.26 0.00 0.00 0.00 31.48
330 24.23 0.00 0.26 22.45 0.00 0.00 0.00 0.00 0.00 53.06
331 44.62 0.00 0.77 15.90 0.00 0.00 0.00 0.00 0.00 38.72
332 28.46 0.00 1.33 28.19 0.00 0.00 0.27 0.00 0.00 41.76
333 17.85 0.00 0.57 11.33 0.00 0.00 0.00 0.00 0.00 70.25
334 5.99 0.00 0.00 17.98 0.00 0.00 0.00 0.00 0.00 76.03
335 21.10 0.00 2.31 22.54 0.00 0.00 0.29 0.00 0.00 53.76
336 16.67 0.00 2.34 37.76 0.00 0.00 0.00 0.00 0.00 43.23
337 21.98 0.00 3.57 59.34 0.00 0.27 0.00 0.00 0.00 14.84
338 9.14 0.00 1.27 47.46 0.00 0.00 0.00 0.00 0.00 42.13
339 4.10 0.00 1.03 73.59 0.00 0.00 0.00 0.00 0.00 21.28
340 3.02 0.00 2.27 75.57 0.00 0.25 0.00 0.00 0.00 18.89
341 20.92 0.00 2.29 39.26 0.00 0.00 0.00 0.00 0.00 37.54
342 12.42 0.00 0.62 17.08 0.00 0.00 0.00 0.00 0.00 69.88
343 30.47 0.00 2.08 2.60 0.00 0.00 0.26 0.00 0.00 64.58
344 88.13 0.00 4.29 4.29 0.00 0.51 0.00 0.00 0.00 2.78
345 26.72 0.00 1.27 66.92 0.00 0.00 0.00 0.00 0.00 5.09
346 19.49 0.00 7.69 43.33 0.00 0.26 0.00 0.00 0.00 29.23
347 16.09 0.00 3.17 51.98 0.00 0.00 0.00 0.00 0.00 28.76
348 21.04 0.00 2.60 4.94 0.00 0.00 0.00 0.00 0.00 71.43
349 36.73 0.00 2.55 26.79 0.00 0.26 0.26 0.00 0.00 33.42
350 42.78 0.00 1.84 12.07 0.00 0.00 0.00 0.00 0.00 43.31
351 49.46 0.00 1.09 34.78 0.00 0.00 0.00 0.00 0.00 14.67
352 0.75 0.00 0.50 98.75 0.00 0.00 0.00 0.00 0.00 0.00
353 56.27 0.00 6.14 36.57 0.00 0.26 0.26 0.00 0.00 0.51
354 29.47 0.00 2.37 48.95 0.00 0.26 0.00 0.00 0.00 18.95
355 25.83 0.00 4.60 35.04 0.00 0.00 0.00 0.00 0.00 34.53
356 49.87 0.00 1.28 35.81 0.00 0.51 0.00 0.00 0.00 12.53
357 10.34 0.00 0.27 54.91 0.00 0.00 0.00 0.00 0.00 34.48
358 3.56 0.00 2.80 67.94 0.00 0.00 0.00 0.00 0.00 25.70
359 59.15 0.00 3.98 28.65 0.00 0.80 0.00 0.00 0.00 7.43
360 9.20 0.00 1.72 18.39 0.00 0.00 0.00 0.00 0.00 70.69
361 0.00 0.00 0.50 20.60 0.00 0.25 0.00 0.00 0.00 78.64
362 0.25 0.00 0.25 32.83 0.00 0.00 0.00 0.00 0.00 66.67
363 11.67 0.00 1.86 25.99 0.00 0.00 0.00 0.00 0.00 60.48
364 25.32 0.00 1.27 11.14 0.00 0.00 0.00 0.00 0.00 62.28
365 0.00 0.00 0.25 2.26 0.00 0.00 0.00 0.00 0.00 97.49
366 0.50 0.00 0.00 4.02 0.00 0.00 0.00 0.00 0.00 95.48
367 0.25 0.00 0.25 7.52 0.00 0.00 0.00 0.00 0.00 91.98
368 0.50 0.00 0.25 11.50 0.00 0.00 0.00 0.00 0.00 87.75
369 0.00 0.00 0.00 18.14 0.00 0.00 0.00 0.00 0.00 81.86
370 0.25 0.00 0.50 25.13 0.00 0.00 0.00 0.00 0.00 74.12
371 0.25 0.00 0.00 5.76 0.00 0.00 0.00 0.00 0.00 93.98
372 0.00 0.00 0.00 3.78 0.00 0.00 0.00 0.00 0.00 96.22
373 0.25 0.00 0.25 3.00 0.00 0.00 0.00 0.00 0.00 96.50
374 0.25 0.00 0.25 2.51 0.00 0.00 0.00 0.00 0.00 96.99
375 0.50 0.00 0.25 1.75 0.00 0.00 0.00 0.00 0.00 97.51
376 0.00 0.00 0.50 2.75 0.00 0.00 0.00 0.00 0.00 96.75
377 0.50 0.00 0.00 3.01 0.00 0.00 0.00 0.00 0.00 96.49
378 0.00 0.00 0.25 20.05 0.00 0.00 0.00 0.00 0.00 79.70
379 0.25 0.00 0.00 5.01 0.00 0.00 0.00 0.00 0.00 94.74
380 0.25 0.00 0.25 3.25 0.00 0.00 0.25 0.00 0.00 96.00
381 0.50 0.00 0.50 19.60 0.00 0.25 0.00 0.00 0.00 79.15
382 0.76 0.00 1.77 41.27 0.00 0.00 0.00 0.00 0.00 56.20
383 0.00 0.00 0.50 26.32 0.00 0.00 0.00 0.00 0.00 73.18
384 0.26 0.00 1.54 27.95 0.00 0.00 0.00 0.00 0.00 70.26
385 0.76 0.00 0.76 56.49 0.00 0.00 0.00 0.00 0.00 41.98
386 0.76 0.00 2.03 55.95 0.00 0.00 0.00 0.00 0.00 41.27
387 0.00 0.00 0.50 15.08 0.00 0.00 0.00 0.00 0.00 84.42
388 0.00 0.00 0.25 2.76 0.00 0.00 0.00 0.00 0.00 96.99
389 0.00 0.00 0.00 2.26 0.00 0.00 0.00 0.00 0.00 97.74
390 0.25 0.00 0.50 2.99 0.00 0.00 0.00 0.00 0.00 96.27
391 0.00 0.00 0.25 2.51 0.00 0.00 0.00 0.00 0.00 97.24
392 0.25 0.00 0.00 2.76 0.00 0.00 0.00 0.00 0.00 96.99
393 0.00 0.00 0.00 1.00 0.00 0.00 0.00 0.00 0.00 99.00
394 0.25 0.00 0.00 2.51 0.00 0.00 0.00 0.00 0.00 97.24
395 0.25 0.00 0.25 1.50 0.00 0.00 0.00 0.00 0.00 98.00
396 0.00 0.00 0.00 1.26 0.00 0.00 0.00 0.00 0.00 98.74
397 0.25 0.00 0.00 1.25 0.00 0.00 0.00 0.00 0.00 98.50
398 0.25 0.00 0.00 2.25 0.00 0.00 0.00 0.00 0.00 97.50
399 0.00 0.00 0.25 1.50 0.00 0.00 0.00 0.00 0.00 98.25
400 0.00 0.00 0.25 2.01 0.00 0.00 0.00 0.00 0.00 97.74
401 0.00 0.00 0.25 2.00 0.00 0.00 0.00 0.00 0.00 97.75
402 0.25 0.00 0.00 1.25 0.00 0.00 0.00 0.00 0.00 98.50
403 0.25 0.00 0.00 1.25 0.00 0.00 0.00 0.00 0.00 98.50
404 0.00 0.00 0.25 2.01 0.00 0.00 0.00 0.00 0.00 97.74
405 0.25 0.00 0.00 1.50 0.00 0.00 0.00 0.00 0.00 98.25
406 0.50 0.00 0.25 22.11 0.00 0.00 0.00 0.00 0.00 77.14
407 0.00 0.00 0.00 10.53 0.00 0.00 0.00 0.00 0.00 89.47
408 0.25 0.00 0.00 2.25 0.00 0.00 0.00 0.00 0.00 97.50
409 0.00 0.00 0.00 3.78 0.00 0.00 0.00 0.00 0.00 96.22
410 0.25 0.00 0.25 2.24 0.00 0.00 0.25 0.00 0.00 97.01
411 0.00 0.00 0.00 2.26 0.00 0.00 0.00 0.00 0.00 97.74
412 0.00 0.00 0.00 2.02 0.00 0.00 0.00 0.00 0.00 97.98
413 0.00 0.00 0.25 7.25 0.00 0.00 0.00 0.00 0.00 92.50
414 0.50 0.00 0.25 18.66 0.00 0.00 0.00 0.00 0.00 80.60
415 0.25 0.00 0.00 27.14 0.00 0.00 0.00 0.00 0.00 72.61
416 0.00 0.00 0.50 41.25 0.00 0.00 0.00 0.00 0.00 58.25
417 0.25 0.00 0.00 16.29 0.00 0.00 0.00 0.00 0.00 83.46
418 2.27 0.00 3.03 14.90 0.00 0.00 0.00 0.00 0.00 79.80
419 0.25 0.00 0.50 9.45 0.00 0.00 0.00 0.00 0.00 89.80
420 0.00 0.00 0.00 18.64 0.00 0.00 0.00 0.00 0.00 81.36
421 0.25 0.00 0.25 2.00 0.00 0.00 0.00 0.00 0.00 97.51
422 0.00 0.00 0.25 1.75 0.00 0.00 0.00 0.00 0.00 97.99
423 0.00 0.00 0.00 1.25 0.00 0.00 0.00 0.00 0.00 98.75
424 0.00 0.00 0.25 2.26 0.00 0.00 0.00 0.00 0.00 97.49
425 0.00 0.00 0.25 1.00 0.00 0.00 0.00 0.00 0.00 98.75
426 0.00 0.00 0.25 1.25 0.00 0.00 0.00 0.00 0.00 98.50
427 0.25 0.00 0.25 1.50 0.00 0.00 0.00 0.00 0.00 98.00
428 0.00 0.00 0.25 1.00 0.00 0.00 0.00 0.00 0.00 98.75
429 0.00 0.00 0.25 1.25 0.00 0.00 0.00 0.00 0.00 98.50
430 0.25 0.00 0.00 4.52 0.00 0.00 0.00 0.00 0.00 95.23
431 0.00 0.00 0.25 1.50 0.00 0.00 0.00 0.00 0.00 98.25
432 0.25 0.00 0.25 0.75 0.00 0.00 0.00 0.00 0.00 98.75
433 0.00 0.00 0.25 0.75 0.00 0.00 0.00 0.00 0.00 99.00
434 0.00 0.00 0.00 1.25 0.00 0.00 0.00 0.00 0.00 98.75
435 0.25 0.00 0.00 2.25 0.00 0.00 0.00 0.00 0.00 97.50
436 0.00 0.00 0.00 1.01 0.00 0.00 0.00 0.00 0.00 98.99
437 0.00 0.00 0.25 1.25 0.00 0.00 0.00 0.00 0.00 98.50
438 0.00 0.00 0.00 1.00 0.00 0.00 0.00 0.00 0.00 99.00
439 0.25 0.00 0.00 0.50 0.00 0.00 0.00 0.00 0.00 99.25
440 0.00 0.00 0.00 1.26 0.00 0.00 0.00 0.00 0.00 98.74
441 0.25 0.00 0.50 1.50 0.00 0.00 0.00 0.00 0.00 97.75
442 0.00 0.00 0.25 1.25 0.00 0.00 0.00 0.00 0.00 98.50
443 0.50 0.00 0.50 5.99 0.00 0.00 0.00 0.00 0.00 93.02
444 0.00 0.00 0.25 2.01 0.00 0.00 0.00 0.00 0.00 97.74
445 0.50 0.00 0.00 1.50 0.00 0.00 0.00 0.00 0.00 98.00
446 0.00 0.00 0.75 13.07 0.00 0.00 0.00 0.00 0.00 86.18
447 0.00 0.00 0.00 2.51 0.00 0.00 0.00 0.00 0.00 97.49
448 0.00 0.00 0.00 1.26 0.00 0.00 0.00 0.00 0.00 98.74
449 0.25 0.00 0.25 1.50 0.00 0.00 0.00 0.00 0.00 98.00
450 0.00 0.00 0.00 1.51 0.00 0.00 0.00 0.00 0.00 98.49
451 0.25 0.00 0.25 1.75 0.00 0.00 0.00 0.00 0.00 97.75
452 0.00 0.00 0.00 0.25 0.00 0.00 0.00 0.00 0.00 99.75
453 0.25 0.00 0.25 1.00 0.00 0.00 0.00 0.00 0.00 98.50
454 0.00 0.00 0.00 2.51 0.00 0.00 0.00 0.00 0.00 97.49
455 0.25 0.00 0.25 1.25 0.00 0.00 0.00 0.00 0.00 98.25
456 0.00 0.00 0.25 1.50 0.00 0.00 0.00 0.00 0.00 98.25
457 0.25 0.00 0.25 2.00 0.00 0.00 0.00 0.00 0.00 97.50
458 0.00 0.00 0.25 0.75 0.00 0.00 0.00 0.00 0.00 99.00
459 0.25 0.00 0.00 1.50 0.00 0.00 0.00 0.00 0.00 98.25
460 0.00 0.00 0.25 2.26 0.00 0.00 0.00 0.00 0.00 97.49
461 0.25 0.00 0.25 1.75 0.00 0.00 0.00 0.00 0.00 97.76
462 0.00 0.00 0.25 1.75 0.00 0.00 0.00 0.00 0.00 98.00
463 0.25 0.00 0.00 1.75 0.00 0.00 0.00 0.00 0.00 97.99
464 0.25 0.00 0.00 1.00 0.00 0.00 0.00 0.00 0.00 98.75
465 0.00 0.00 0.25 4.25 0.00 0.00 0.00 0.00 0.00 95.50
466 0.00 0.00 0.25 2.51 0.00 0.00 0.00 0.00 0.00 97.24
467 0.25 0.00 0.00 1.50 0.00 0.00 0.00 0.00 0.00 98.25
468 0.00 0.00 0.25 2.01 0.00 0.00 0.00 0.00 0.00 97.74
469 0.50 0.00 0.25 2.49 0.00 0.00 0.00 0.00 0.00 96.76
470 0.00 0.00 0.00 1.01 0.00 0.00 0.00 0.00 0.00 98.99
471 0.25 0.00 0.75 2.50 0.00 0.00 0.00 0.00 0.00 96.50
472 0.00 0.00 0.00 0.25 0.00 0.00 0.00 0.00 0.00 99.75
473 0.00 0.00 0.25 1.25 0.00 0.00 0.00 0.00 0.00 98.50
474 0.25 0.00 0.25 0.50 0.00 0.00 0.25 0.00 0.00 98.75
475 0.50 0.00 0.00 1.50 0.00 0.00 0.00 0.00 0.00 98.00
476 0.00 0.00 0.25 0.50 0.00 0.00 0.00 0.00 0.00 99.25
477 0.00 0.00 0.25 1.00 0.00 0.00 0.00 0.00 0.00 98.75
478 0.25 0.00 0.00 0.50 0.00 0.00 0.00 0.00 0.00 99.25
479 0.00 0.00 0.00 1.25 0.00 0.00 0.00 0.00 0.00 98.75
480 0.25 0.00 0.25 11.81 0.00 0.00 0.00 0.00 0.00 87.69
481 1.50 0.00 1.75 21.30 0.00 0.25 0.00 0.00 0.00 75.19
482 2.53 0.00 2.02 20.71 0.00 0.00 0.00 0.00 0.00 74.75
483 1.51 0.00 1.01 19.40 0.00 0.00 0.00 0.00 0.00 78.09
484 0.00 0.00 0.25 0.75 0.00 0.00 0.00 0.00 0.00 98.99
485 1.57 0.00 1.84 16.27 0.00 0.00 0.00 0.00 0.00 80.31
486 0.25 0.00 0.25 4.50 0.00 0.00 0.00 0.00 0.00 95.00
