0 0.25 0.00 0.00 4.27 0.00 0.00 0.00 0.00 0.00 95.48
1 0.25 0.00 0.25 2.00 0.00 0.00 0.00 0.00 0.00 97.50
2 0.25 0.00 0.25 3.00 0.00 0.00 0.00 0.00 0.00 96.50
3 0.00 0.00 0.00 2.01 0.00 0.00 0.00 0.00 0.00 97.99
4 0.25 0.00 0.25 1.75 0.00 0.00 0.00 0.00 0.00 97.75
5 0.50 0.00 0.75 2.01 0.00 0.00 0.00 0.00 0.00 96.74
6 4.76 0.00 4.01 1.75 0.00 0.00 0.00 0.00 0.00 89.47
7 0.00 0.00 0.25 1.25 0.00 0.00 0.00 0.00 0.00 98.50
8 0.00 0.00 0.25 2.50 0.00 0.00 0.00 0.00 0.00 97.25
9 0.75 0.00 0.00 14.29 0.00 0.00 0.00 0.00 0.00 84.96
10 1.25 0.00 0.75 41.60 0.00 0.00 0.00 0.00 0.00 56.39
11 0.25 0.00 1.27 43.00 0.00 0.00 0.25 0.00 0.00 55.22
12 1.01 0.00 0.50 52.39 0.00 0.00 0.00 0.00 0.00 46.10
13 2.54 0.00 0.76 45.69 0.00 0.00 0.00 0.00 0.00 51.02
14 2.78 0.00 0.76 29.11 0.00 0.00 0.00 0.00 0.00 67.34
15 4.80 0.00 0.76 21.72 0.00 0.00 0.25 0.00 0.00 72.47
16 1.01 0.00 0.75 26.63 0.00 0.00 0.00 0.00 0.00 71.61
17 4.03 0.00 0.25 23.17 0.00 0.00 0.00 0.00 0.00 72.54
18 0.75 0.00 0.75 27.82 0.00 0.00 0.00 0.00 0.00 70.68
19 2.01 0.00 0.50 24.37 0.00 0.00 0.00 0.00 0.00 73.12
20 7.02 0.00 1.50 24.31 0.00 0.00 0.00 0.00 0.00 67.17
21 9.50 0.00 1.25 21.00 0.00 0.00 0.00 0.00 0.00 68.25
22 5.96 0.00 0.78 24.09 0.00 0.00 0.00 0.00 0.00 69.17
23 10.46 0.00 0.51 20.66 0.00 0.00 0.00 0.00 0.00 68.37
24 12.69 0.00 0.76 19.29 0.00 0.00 0.25 0.00 0.00 67.01
25 3.30 0.00 1.27 22.34 0.00 0.00 0.00 0.00 0.00 73.10
26 9.74 0.00 2.31 17.95 0.00 0.00 0.00 0.00 0.00 70.00
27 13.38 0.00 3.03 16.67 0.00 0.00 0.00 0.00 0.00 66.92
28 8.42 0.00 1.53 17.86 0.00 0.00 0.26 0.00 0.00 71.94
29 16.15 0.00 4.36 31.03 0.00 0.00 0.00 0.00 0.00 48.46
30 6.36 0.00 7.63 22.90 0.00 0.76 0.00 0.00 0.00 62.34
31 3.02 0.00 7.81 26.20 0.00 0.00 0.00 0.00 0.00 62.97
32 5.29 0.00 0.76 35.01 0.00 0.00 0.25 0.00 0.00 58.69
33 4.52 0.00 1.01 30.65 0.00 0.00 0.00 0.00 0.00 63.82
34 2.76 0.00 0.50 37.19 0.00 0.00 0.00 0.00 0.00 59.55
35 5.91 0.00 2.57 28.53 0.00 0.00 0.00 0.00 0.00 62.98
36 3.76 0.00 0.75 32.08 0.00 0.00 0.00 0.00 0.00 63.41
37 11.73 0.00 1.02 26.53 0.00 0.00 0.00 0.00 0.00 60.71
38 2.77 0.00 1.01 38.04 0.00 0.00 0.00 0.00 0.00 58.19
39 5.56 0.00 1.01 20.96 0.00 0.00 0.00 0.00 0.00 72.47
40 11.00 0.00 1.79 14.83 0.00 0.00 0.00 0.00 0.00 72.38
41 6.60 0.00 1.52 37.56 0.00 0.00 0.25 0.00 0.00 54.06
42 95.44 0.00 3.04 0.00 0.00 0.25 0.00 0.00 0.00 1.27
43 80.41 0.00 9.28 5.15 0.00 0.00 0.26 0.00 0.00 4.90
44 80.81 0.00 7.07 6.57 0.00 0.00 0.00 0.00 0.00 5.56
45 73.97 0.00 5.67 9.02 0.00 0.00 0.00 0.00 0.00 11.34
46 5.76 0.00 1.25 24.06 0.00 0.00 0.00 0.00 0.00 68.92
47 0.25 0.00 0.50 24.75 0.00 0.00 0.00 0.00 0.00 74.50
48 68.17 0.00 3.94 12.68 0.00 0.28 0.00 0.00 0.00 14.93
49 53.73 0.00 8.48 7.20 0.00 0.26 0.00 0.00 0.00 30.33
50 89.64 0.00 4.15 0.26 0.00 0.78 0.00 0.00 0.00 5.18
51 86.30 0.00 7.75 0.00 0.00 1.03 0.00 0.00 0.00 4.91
52 84.51 0.00 3.41 2.10 0.00 0.26 0.52 0.00 0.00 9.19
53 95.53 0.00 2.23 0.56 0.00 0.28 0.00 0.00 0.00 1.40
54 90.08 0.00 6.87 0.25 0.00 0.51 0.00 0.00 0.00 2.29
55 91.51 0.00 6.03 0.00 0.00 0.27 0.00 0.00 0.00 2.19
56 90.86 0.00 5.84 0.25 0.00 0.76 0.00 0.00 0.00 2.28
57 66.50 0.00 4.31 5.08 0.00 0.25 0.00 0.00 0.00 23.86
58 85.46 0.00 2.81 1.79 0.00 0.51 0.26 0.00 0.00 9.18
59 92.64 0.00 6.09 0.25 0.00 0.76 0.00 0.00 0.00 0.25
60 93.08 0.00 4.36 1.03 0.00 0.00 0.00 0.00 0.00 1.54
61 83.04 0.00 7.59 5.06 0.00 0.76 0.00 0.00 0.00 3.54
62 88.30 0.00 8.65 0.51 0.00 0.51 0.00 0.00 0.00 2.04
63 85.06 0.00 3.29 0.00 0.00 0.00 0.00 0.00 0.00 11.65
64 55.42 0.00 5.29 7.05 0.00 1.26 0.00 0.00 0.00 30.98
65 93.88 0.00 4.85 0.00 0.00 0.00 0.00 0.00 0.00 1.28
66 64.31 0.00 17.56 3.40 0.00 0.85 0.00 0.00 0.00 13.88
67 78.12 0.00 15.52 1.02 0.00 1.02 0.25 0.00 0.00 4.07
68 75.91 0.00 20.21 0.52 0.00 2.07 0.00 0.00 0.00 1.30
69 83.56 0.00 15.09 0.27 0.00 0.00 0.00 0.00 0.00 1.08
70 54.05 0.00 13.05 20.63 0.00 0.78 0.00 0.00 0.00 11.49
71 5.57 0.00 0.76 82.53 0.00 0.25 0.00 0.00 0.00 10.89
72 55.98 0.00 3.31 16.54 0.00 0.00 0.51 0.00 0.00 23.66
73 18.46 0.00 8.21 18.46 0.00 0.00 0.00 0.00 0.00 54.87
74 19.49 0.00 2.28 21.01 0.00 0.25 0.00 0.00 0.00 56.96
75 0.50 0.00 0.25 5.24 0.00 0.00 0.25 0.00 0.00 93.77
76 0.50 0.00 0.00 12.56 0.00 0.00 0.00 0.00 0.00 86.93
77 2.27 0.00 0.51 10.35 0.00 0.00 0.00 0.00 0.00 86.87
78 18.46 0.00 6.15 43.08 0.00 0.26 0.00 0.00 0.00 32.05
79 57.18 0.00 9.23 14.62 0.00 0.26 0.00 0.00 0.00 18.72
80 8.88 0.00 1.02 2.28 0.00 0.00 0.00 0.00 0.00 87.82
81 39.59 0.00 12.60 4.88 0.00 0.00 0.00 0.00 0.00 42.93
82 25.19 0.00 0.25 4.53 0.00 0.00 0.25 0.00 0.00 69.77
83 49.21 0.00 6.08 7.67 0.00 0.53 0.26 0.00 0.00 36.24
84 16.97 0.00 3.08 5.40 0.00 0.00 0.00 0.00 0.00 74.55
85 10.61 0.00 0.76 2.02 0.00 0.25 0.00 0.00 0.00 86.36
86 29.67 0.00 2.30 5.88 0.00 0.00 0.00 0.00 0.00 62.15
87 9.56 0.00 1.55 71.83 0.00 0.52 0.00 0.00 0.00 16.54
88 32.47 0.00 1.80 62.11 0.00 0.00 0.26 0.00 0.00 3.35
89 49.74 0.00 1.53 27.30 0.00 0.26 0.00 0.00 0.00 21.17
90 51.30 0.00 4.66 43.52 0.00 0.26 0.00 0.00 0.00 0.26
91 5.34 0.00 1.27 93.13 0.00 0.00 0.25 0.00 0.00 0.00
92 31.03 0.00 1.54 66.15 0.00 0.00 0.00 0.00 0.00 1.28
93 18.37 0.00 1.79 78.32 0.00 0.00 0.00 0.00 0.00 1.53
94 47.46 0.00 2.54 37.56 0.00 0.25 0.00 0.00 0.00 12.18
95 27.32 0.00 2.06 59.79 0.00 0.26 0.00 0.00 0.00 10.57
96 35.22 0.00 2.83 42.67 0.00 0.51 0.26 0.00 0.00 18.51
97 12.72 0.00 2.54 74.30 0.00 0.00 0.25 0.00 0.00 10.18
98 11.93 0.00 0.51 62.69 0.00 0.25 0.00 0.00 0.00 24.62
99 1.01 0.00 0.50 11.84 0.00 0.00 0.00 0.00 0.00 86.65
100 0.75 0.00 0.25 10.03 0.00 0.00 0.00 0.00 0.00 88.97
101 42.46 0.00 0.51 28.13 0.00 0.00 0.00 0.00 0.00 28.90
102 39.69 0.00 3.82 53.94 0.00 0.25 0.00 0.00 0.00 2.29
103 23.53 0.00 3.32 16.88 0.00 0.26 0.00 0.00 0.00 56.01
104 1.00 0.00 0.00 2.01 0.00 0.00 0.00 0.00 0.00 96.99
105 0.25 0.00 0.50 2.75 0.00 0.00 0.00 0.00 0.00 96.50
106 30.53 0.00 1.02 3.31 0.00 0.00 0.00 0.00 0.00 65.14
107 23.39 0.00 0.26 2.57 0.00 0.00 0.00 0.00 0.00 73.78
108 25.06 0.00 0.25 2.51 0.00 0.00 0.00 0.00 0.00 72.18
109 26.70 0.00 0.50 1.76 0.00 0.00 0.00 0.00 0.00 71.03
110 45.48 0.00 5.17 16.02 0.00 0.26 0.00 0.00 0.00 33.07
111 33.33 0.00 6.62 17.30 0.00 0.00 0.25 0.00 0.00 42.49
112 24.87 0.00 0.50 6.53 0.00 0.00 0.00 0.00 0.00 68.09
113 25.51 0.00 0.51 4.29 0.00 0.00 0.00 0.00 0.00 69.70
114 27.62 0.00 1.02 13.30 0.00 0.26 0.00 0.00 0.00 57.80
115 6.38 0.00 0.77 28.32 0.00 0.00 0.00 0.00 0.00 64.54
116 14.18 0.00 2.28 27.59 0.00 0.00 0.00 0.00 0.00 55.95
117 24.94 0.00 2.80 24.43 0.00 0.00 0.25 0.00 0.00 47.58
118 25.26 0.00 3.06 23.47 0.00 0.26 0.00 0.00 0.00 47.96
119 25.00 0.00 0.51 37.37 0.00 0.00 0.00 0.00 0.00 37.12
120 25.25 0.00 0.51 17.68 0.00 0.00 0.00 0.00 0.00 56.57
121 25.25 0.00 0.00 18.18 0.00 0.00 0.00 0.00 0.00 56.57
122 24.87 0.00 0.25 3.02 0.00 0.00 0.00 0.00 0.00 71.86
123 35.28 0.00 4.06 8.88 0.00 0.25 0.00 0.00 0.00 51.52
124 24.81 0.00 3.76 2.01 0.00 0.00 0.00 0.00 0.00 69.42
125 24.05 0.00 2.78 9.62 0.00 0.00 0.00 0.00 0.00 63.54
126 25.51 0.00 2.30 34.18 0.00 0.00 0.26 0.00 0.00 37.76
127 47.30 0.00 2.57 7.20 0.00 0.00 0.00 0.00 0.00 42.93
128 23.92 0.00 2.80 46.06 0.00 0.00 0.00 0.00 0.00 27.23
129 18.39 0.00 2.77 47.86 0.00 0.25 0.00 0.00 0.00 30.73
130 22.84 0.00 1.27 4.06 0.00 0.00 0.25 0.00 0.00 71.57
131 31.19 0.00 2.32 4.38 0.00 0.00 0.00 0.00 0.00 62.11
132 27.92 0.00 3.55 10.91 0.00 0.00 0.25 0.00 0.00 57.36
133 26.33 0.00 2.28 16.96 0.00 0.25 0.00 0.00 0.00 54.18
134 6.57 0.00 1.01 26.01 0.00 0.00 0.00 0.00 0.00 66.41
135 28.27 0.00 9.42 31.94 0.00 0.00 0.52 0.00 0.00 29.84
136 13.25 0.00 0.50 20.00 0.00 0.00 0.00 0.00 0.00 66.25
137 24.75 0.00 0.50 0.00 0.00 0.00 0.00 0.00 0.00 74.75
138 24.75 0.00 0.25 0.51 0.00 0.00 0.00 0.00 0.00 74.49
139 25.06 0.00 0.25 5.26 0.00 0.00 0.00 0.00 0.00 69.42
140 19.80 0.00 2.54 9.14 0.00 0.00 0.00 0.00 0.00 68.53
141 21.72 0.00 1.77 3.79 0.00 0.00 0.00 0.00 0.00 72.73
142 0.25 0.00 0.50 9.57 0.00 0.00 0.00 0.00 0.00 89.67
143 0.50 0.00 0.00 6.03 0.00 0.00 0.25 0.00 0.00 93.22
144 0.50 0.00 0.25 3.77 0.00 0.00 0.00 0.00 0.00 95.48
145 1.25 0.00 0.50 5.00 0.00 0.00 0.00 0.00 0.00 93.25
146 0.00 0.00 0.00 3.04 0.00 0.00 0.00 0.00 0.00 96.96
147 0.25 0.00 0.76 14.11 0.00 0.00 0.00 0.00 0.00 84.89
148 0.50 0.00 0.50 14.07 0.00 0.00 0.00 0.00 0.00 84.92
149 0.25 0.00 0.25 3.53 0.00 0.00 0.00 0.00 0.00 95.97
150 0.50 0.00 0.25 12.53 0.00 0.00 0.25 0.00 0.00 86.47
151 5.68 0.00 0.78 42.89 0.00 0.00 0.00 0.00 0.00 50.65
152 15.46 0.00 2.32 52.58 0.00 0.00 0.00 0.00 0.00 29.64
153 23.47 0.00 3.83 43.88 0.00 0.00 0.00 0.00 0.00 28.83
154 24.48 0.00 1.55 42.01 0.00 0.00 0.00 0.00 0.00 31.96
155 30.63 0.00 5.06 23.54 0.00 0.00 0.25 0.00 0.00 40.51
156 13.27 0.00 6.12 66.58 0.00 0.00 0.00 0.00 0.00 14.03
157 3.06 0.00 1.53 88.01 0.00 0.00 0.00 0.00 0.00 7.40
158 2.31 0.00 0.51 71.79 0.00 0.00 0.00 0.00 0.00 25.38
159 4.55 0.00 3.28 65.91 0.00 0.00 0.00 0.00 0.00 26.26
160 0.76 0.00 0.25 73.74 0.00 0.00 0.00 0.00 0.00 25.25
161 2.03 0.00 0.25 97.72 0.00 0.00 0.00 0.00 0.00 0.00
162 5.06 0.00 0.76 94.18 0.00 0.00 0.00 0.00 0.00 0.00
163 11.37 0.00 3.62 76.49 0.00 0.00 0.26 0.00 0.00 8.27
164 23.91 0.00 3.08 39.85 0.00 0.00 0.51 0.00 0.00 32.65
165 38.46 0.00 2.56 16.67 0.00 0.00 0.00 0.00 0.00 42.31
166 22.84 0.00 2.54 8.12 0.00 0.00 0.00 0.00 0.00 66.50
167 23.17 0.00 2.27 14.61 0.00 0.00 0.00 0.00 0.00 59.95
168 23.99 0.00 1.77 8.08 0.00 0.00 0.00 0.00 0.00 66.16
169 22.53 0.00 3.04 3.29 0.00 0.00 0.00 0.00 0.00 71.14
170 27.16 0.00 2.54 17.51 0.00 0.00 0.00 0.00 0.00 52.79
171 18.69 0.00 1.26 31.57 0.00 0.00 0.00 0.00 0.00 48.48
172 11.37 0.00 0.52 60.72 0.00 0.00 0.52 0.00 0.00 26.87
173 31.20 0.00 0.26 14.32 0.00 0.00 0.26 0.00 0.00 53.96
174 23.99 0.00 0.25 1.01 0.00 0.00 0.00 0.00 0.00 74.75
175 19.62 0.00 0.27 1.88 0.00 0.00 0.00 0.00 0.00 78.23
176 37.47 0.00 3.54 20.76 0.00 0.00 0.00 0.00 0.00 38.23
177 30.43 0.00 3.58 33.76 0.00 0.00 0.26 0.00 0.00 31.97
178 17.18 0.00 7.18 61.79 0.00 0.00 0.26 0.00 0.00 13.59
179 23.45 0.00 2.06 71.13 0.00 0.00 0.00 0.00 0.00 3.35
180 18.99 0.00 1.27 78.23 0.00 0.00 0.00 0.00 0.00 1.52
181 17.95 0.00 1.03 81.03 0.00 0.00 0.00 0.00 0.00 0.00
182 15.11 0.00 1.51 83.38 0.00 0.00 0.00 0.00 0.00 0.00
183 0.25 0.00 0.25 79.35 0.00 0.00 0.00 0.00 0.00 20.15
184 34.02 0.00 1.79 45.01 0.00 0.00 0.00 0.00 0.00 19.18
185 27.56 0.00 2.89 66.14 0.00 0.26 0.26 0.00 0.00 2.89
186 16.07 0.00 1.28 77.04 0.00 0.00 0.00 0.00 0.00 5.61
187 32.48 0.00 1.79 63.43 0.00 0.00 0.26 0.00 0.00 2.05
188 5.04 0.00 0.50 94.46 0.00 0.00 0.00 0.00 0.00 0.00
189 9.82 0.00 1.29 83.46 0.00 0.00 0.26 0.00 0.00 5.17
190 22.98 0.00 3.92 49.87 0.00 0.00 0.26 0.00 0.00 22.98
191 22.98 0.00 4.04 18.94 0.00 0.00 0.25 0.00 0.00 53.79
192 23.23 0.00 3.54 37.63 0.00 0.00 0.00 0.00 0.00 35.61
193 21.21 0.00 3.28 21.21 0.00 0.00 0.00 0.00 0.00 54.29
194 21.77 0.00 3.54 4.56 0.00 0.00 0.00 0.00 0.00 70.13
195 11.70 0.00 1.02 21.88 0.00 0.00 0.25 0.00 0.00 65.14
196 28.21 0.00 0.50 57.68 0.00 0.00 0.00 0.00 0.00 13.60
197 0.25 0.00 0.25 92.21 0.00 0.00 0.00 0.00 0.00 7.29
198 0.25 0.00 0.25 81.57 0.00 0.00 0.00 0.00 0.00 17.93
199 6.62 0.00 0.76 70.74 0.00 0.00 0.00 0.00 0.00 21.88
200 29.85 0.00 2.30 12.76 0.00 0.00 0.00 0.00 0.00 55.10
201 22.39 0.00 2.29 7.12 0.00 0.00 0.00 0.00 0.00 68.19
202 18.23 0.00 2.68 46.38 0.00 0.00 0.00 0.00 0.00 32.71
203 18.21 0.00 2.72 30.98 0.00 0.00 0.27 0.00 0.00 47.83
204 22.86 0.00 2.51 5.28 0.00 0.00 0.00 0.00 0.00 69.35
205 23.63 0.00 2.49 6.97 0.00 0.00 0.00 0.00 0.00 66.92
206 51.27 0.00 1.52 32.23 0.00 0.00 0.00 0.00 0.00 14.97
207 30.03 0.00 0.76 58.52 0.00 0.00 0.00 0.00 0.00 10.69
208 1.00 0.00 0.75 48.37 0.00 0.00 0.00 0.00 0.00 49.87
209 14.50 0.00 1.53 33.84 0.00 0.00 0.00 0.00 0.00 50.13
210 19.70 0.00 0.76 51.01 0.00 0.00 0.25 0.00 0.00 28.28
211 21.21 0.00 0.76 75.51 0.00 0.00 0.00 0.00 0.00 2.53
212 24.56 0.00 0.51 51.65 0.00 0.00 0.00 0.00 0.00 23.29
213 36.32 0.00 9.46 41.69 0.00 0.26 0.00 0.00 0.00 12.28
214 39.79 0.00 3.45 37.67 0.00 0.00 0.00 0.00 0.00 19.10
215 38.69 0.00 3.52 45.23 0.00 0.00 0.25 0.00 0.00 12.31
216 11.42 0.00 1.02 69.04 0.00 0.00 0.00 0.00 0.00 18.53
217 4.02 0.00 3.52 64.57 0.00 0.25 0.00 0.00 0.00 27.64
218 9.55 0.00 5.28 77.64 0.00 0.00 0.00 0.00 0.00 7.54
219 19.65 0.00 1.51 46.85 0.00 0.00 0.25 0.00 0.00 31.74
220 23.93 0.00 2.77 17.13 0.00 0.00 0.00 0.00 0.00 56.17
221 23.12 0.00 2.26 10.55 0.00 0.00 0.00 0.00 0.00 64.07
222 21.79 0.00 2.31 17.95 0.00 0.00 0.00 0.00 0.00 57.95
223 35.18 0.00 1.51 3.27 0.00 0.00 0.25 0.00 0.00 59.80
224 61.17 0.00 4.57 12.94 0.00 0.00 0.00 0.00 0.00 21.32
225 19.70 0.00 1.77 19.70 0.00 0.00 0.00 0.00 0.00 58.84
226 0.00 0.00 0.25 12.85 0.00 0.00 0.00 0.00 0.00 86.90
227 0.50 0.00 0.25 15.50 0.00 0.00 0.00 0.00 0.00 83.75
228 0.25 0.00 0.25 5.28 0.00 0.00 0.00 0.00 0.00 94.22
229 0.75 0.00 0.00 5.26 0.00 0.00 0.00 0.00 0.00 93.98
230 1.25 0.00 0.50 6.48 0.00 0.00 0.00 0.00 0.00 91.77
231 12.50 0.00 1.28 70.66 0.00 0.00 0.00 0.00 0.00 15.56
232 3.08 0.00 1.03 80.51 0.00 0.26 0.26 0.00 0.00 14.87
233 3.53 0.00 0.50 49.62 0.00 0.00 0.00 0.00 0.00 46.35
234 23.72 0.00 1.53 58.16 0.00 0.00 0.00 0.00 0.00 16.58
235 2.26 0.00 0.75 71.86 0.00 0.25 0.00 0.00 0.00 24.87
236 40.10 0.00 2.31 39.59 0.00 0.00 0.26 0.00 0.00 17.74
237 24.81 0.00 2.56 17.14 0.00 0.00 0.00 0.00 0.00 55.50
238 37.56 0.00 2.33 19.43 0.00 0.00 0.00 0.00 0.00 40.67
239 24.81 0.00 0.50 0.25 0.00 0.00 0.00 0.00 0.00 74.44
240 13.26 0.00 0.00 11.67 0.00 0.00 0.00 0.00 0.00 75.07
241 0.00 0.00 0.25 28.21 0.00 0.00 0.00 0.00 0.00 71.54
242 0.25 0.00 0.51 26.08 0.00 0.00 0.25 0.00 0.00 72.91
243 11.14 0.00 0.76 14.18 0.00 0.00 0.00 0.00 0.00 73.92
244 23.53 0.00 2.05 14.83 0.00 0.77 0.26 0.00 0.00 58.57
245 4.04 0.00 0.76 3.03 0.00 0.00 0.00 0.00 0.00 92.17
246 0.25 0.00 0.25 1.75 0.00 0.00 0.00 0.00 0.00 97.74
247 0.25 0.00 0.25 0.25 0.00 0.00 0.00 0.00 0.00 99.24
248 43.48 0.00 3.32 4.86 0.00 0.00 0.00 0.00 0.00 48.34
249 18.90 0.00 2.10 6.30 0.00 0.00 0.00 0.00 0.00 72.70
250 24.75 0.00 1.52 17.42 0.00 0.00 0.00 0.00 0.00 56.31
251 22.03 0.00 3.29 4.56 0.00 0.00 0.00 0.00 0.00 70.13
252 32.49 0.00 2.54 25.63 0.00 0.00 0.25 0.00 0.00 39.09
253 3.52 0.00 0.25 71.36 0.00 0.25 0.00 0.00 0.00 24.62
254 36.39 0.00 2.62 45.81 0.00 0.79 0.26 0.00 0.00 14.14
255 48.71 0.00 1.55 14.69 0.00 0.26 0.00 0.00 0.00 34.79
256 27.02 0.00 2.78 10.10 0.00 0.00 0.00 0.00 0.00 60.10
257 1.27 0.00 0.51 61.17 0.00 0.00 0.00 0.00 0.00 37.06
258 1.01 0.00 1.51 79.60 0.00 0.00 0.00 0.00 0.00 17.88
259 39.59 0.00 2.06 15.42 0.00 0.00 0.00 0.00 0.00 42.93
260 20.25 0.00 1.77 0.25 0.00 0.00 0.00 0.00 0.00 77.72
261 6.05 0.00 0.50 1.76 0.00 0.25 0.00 0.00 0.00 91.44
262 0.25 0.00 0.25 40.36 0.00 0.00 0.25 0.00 0.00 58.88
263 1.29 0.00 0.52 95.87 0.00 0.00 0.52 0.00 0.00 1.81
264 24.48 0.00 1.30 55.47 0.00 0.00 0.00 0.00 0.00 18.75
265 5.71 0.00 0.78 81.56 0.00 0.00 0.26 0.00 0.00 11.69
266 5.48 0.00 0.78 86.68 0.00 0.00 0.00 0.00 0.00 7.05
267 5.25 0.00 0.52 82.68 0.00 0.00 0.26 0.00 0.00 11.29
268 1.28 0.00 0.26 62.24 0.00 0.00 0.00 0.00 0.00 36.22
269 41.46 0.00 1.76 31.16 0.00 0.00 0.00 0.00 0.00 25.63
270 32.40 0.00 4.59 18.11 0.00 0.26 0.00 0.00 0.00 44.64
271 23.86 0.00 2.28 12.94 0.00 0.00 0.00 0.00 0.00 60.91
272 22.22 0.00 1.52 2.27 0.00 0.00 0.00 0.00 0.00 73.99
273 23.10 0.00 1.27 7.11 0.00 0.00 0.00 0.00 0.00 68.53
274 23.17 0.00 2.27 2.02 0.00 0.00 0.00 0.00 0.00 72.54
275 49.36 0.00 1.53 11.51 0.00 0.00 0.00 0.00 0.00 37.60
276 34.38 0.00 0.26 15.89 0.00 0.00 0.26 0.00 0.00 49.22
277 24.69 0.00 0.25 6.55 0.00 0.00 0.00 0.00 0.00 68.51
278 25.00 0.00 0.51 26.77 0.00 0.00 0.00 0.00 0.00 47.73
279 29.79 0.00 6.38 48.67 0.00 0.27 0.00 0.00 0.00 14.89
280 10.61 0.00 0.53 70.29 0.00 0.00 0.27 0.00 0.00 18.30
281 13.68 0.00 1.84 58.42 0.00 0.00 0.00 0.00 0.00 26.05
282 33.25 0.00 1.57 32.98 0.00 0.00 0.52 0.00 0.00 31.68
283 6.03 0.00 1.51 26.63 0.00 0.00 0.00 0.00 0.00 65.83
284 24.55 0.00 1.28 35.55 0.00 0.00 0.00 0.00 0.00 38.62
285 23.60 0.00 2.79 27.16 0.00 0.00 0.00 0.00 0.00 46.45
286 11.31 0.00 0.50 65.33 0.00 0.00 0.00 0.00 0.00 22.86
287 25.45 0.00 2.54 16.28 0.00 0.00 0.00 0.00 0.00 55.73
288 25.77 0.00 2.30 11.48 0.00 0.26 0.00 0.00 0.00 60.20
289 23.99 0.00 1.26 3.79 0.00 0.00 0.00 0.00 0.00 70.96
290 44.78 0.00 2.04 4.58 0.00 0.00 0.25 0.00 0.00 48.35
291 43.68 0.00 4.74 49.47 0.00 0.00 0.26 0.00 0.00 1.84
292 0.00 0.00 0.00 86.62 0.00 0.00 0.25 0.00 0.00 13.13
293 1.27 0.00 0.25 98.47 0.00 0.00 0.00 0.00 0.00 0.00
294 0.76 0.00 0.51 98.74 0.00 0.00 0.00 0.00 0.00 0.00
295 3.58 0.00 1.02 90.54 0.00 0.00 0.00 0.00 0.00 4.86
296 5.97 0.00 0.52 76.88 0.00 0.00 0.00 0.00 0.00 16.62
297 27.89 0.00 1.05 67.89 0.00 0.00 0.26 0.00 0.00 2.89
298 10.44 0.00 1.83 64.23 0.00 0.00 0.00 0.00 0.00 23.50
299 23.81 0.00 1.75 8.27 0.00 0.00 0.00 0.00 0.00 66.17
300 22.14 0.00 2.04 27.48 0.00 0.00 0.25 0.00 0.00 48.09
301 18.78 0.00 2.28 28.68 0.00 0.00 0.00 0.00 0.00 50.25
302 22.37 0.00 1.54 26.22 0.00 0.00 0.00 0.00 0.00 49.87
303 37.31 0.00 1.27 11.68 0.00 0.51 0.00 0.00 0.00 49.24
304 25.00 0.00 0.25 3.75 0.00 0.00 0.00 0.00 0.00 71.00
305 24.81 0.00 0.25 3.54 0.00 0.00 0.00 0.00 0.00 71.39
306 31.73 0.00 2.03 4.57 0.00 0.00 0.00 0.00 0.00 61.68
307 18.59 0.00 2.76 26.38 0.00 0.00 0.00 0.00 0.00 52.26
308 26.53 0.00 2.30 25.26 0.00 0.00 0.00 0.00 0.00 45.92
309 29.13 0.00 4.20 58.53 0.00 0.00 0.26 0.00 0.00 7.87
310 0.25 0.00 0.25 79.65 0.00 0.00 0.50 0.00 0.00 19.35
311 6.02 0.00 1.05 75.13 0.00 0.00 0.00 0.00 0.00 17.80
312 15.03 0.00 1.81 69.17 0.00 0.00 0.00 0.00 0.00 13.99
313 17.60 0.00 0.26 61.73 0.00 0.00 0.00 0.00 0.00 20.41
314 6.36 0.00 1.27 49.62 0.00 0.00 0.00 0.00 0.00 42.75
315 20.15 0.00 2.30 48.98 0.00 0.00 0.00 0.00 0.00 28.57
316 24.19 0.00 2.00 10.97 0.00 0.25 0.25 0.00 0.00 62.34
317 51.15 0.00 4.60 2.81 0.00 0.00 0.00 0.00 0.00 41.43
318 0.25 0.00 0.25 30.58 0.00 0.00 0.00 0.00 0.00 68.92
319 0.25 0.00 0.25 14.32 0.00 0.00 0.00 0.00 0.00 85.18
320 0.00 0.00 0.00 11.08 0.00 0.00 0.00 0.00 0.00 88.92
321 0.50 0.00 0.50 7.75 0.00 0.25 0.00 0.00 0.00 91.00
322 0.00 0.00 0.00 39.09 0.00 0.00 0.00 0.00 0.00 60.91
323 0.50 0.00 0.50 22.86 0.00 0.00 0.00 0.00 0.00 76.13
324 0.25 0.00 0.00 1.01 0.00 0.00 0.00 0.00 0.00 98.74
325 0.25 0.00 0.50 0.25 0.00 0.00 0.00 0.00 0.00 99.00
326 1.00 0.00 0.75 11.28 0.00 0.00 0.25 0.00 0.00 86.72
327 18.39 0.00 0.78 42.49 0.00 0.00 0.00 0.00 0.00 38.34
328 10.94 0.00 1.56 85.16 0.00 0.00 0.00 0.00 0.00 2.34
329 3.84 0.00 0.77 94.63 0.00 0.00 0.26 0.00 0.00 0.51
330 8.33 0.00 2.34 72.92 0.00 0.00 0.00 0.00 0.00 16.41
331 48.22 0.00 1.52 7.87 0.00 0.00 0.00 0.00 0.00 42.39
332 20.20 0.00 1.26 4.80 0.00 0.00 0.00 0.00 0.00 73.74
333 6.62 0.00 1.27 24.94 0.00 0.00 0.25 0.00 0.00 66.92
334 84.58 0.00 2.31 7.97 0.00 0.51 0.00 0.00 0.00 4.63
335 58.73 0.00 2.78 13.67 0.00 0.00 0.00 0.00 0.00 24.81
336 32.74 0.00 2.03 26.40 0.00 0.00 0.25 0.00 0.00 38.58
337 7.87 0.00 0.51 41.37 0.00 0.00 0.00 0.00 0.00 50.25
338 0.75 0.00 0.25 27.93 0.00 0.00 0.00 0.00 0.00 71.07
339 0.00 0.00 0.25 28.46 0.00 0.00 0.00 0.00 0.00 71.28
340 0.25 0.00 0.25 27.39 0.00 0.00 0.00 0.00 0.00 72.11
341 0.25 0.00 0.25 25.50 0.00 0.00 0.25 0.00 0.00 73.75
342 0.51 0.00 0.51 32.15 0.00 0.00 0.00 0.00 0.00 66.84
343 1.51 0.00 1.01 23.12 0.00 0.00 0.00 0.00 0.00 74.37
344 1.52 0.00 1.01 37.37 0.00 0.00 0.00 0.00 0.00 60.10
345 1.52 0.00 1.01 26.08 0.00 0.00 0.00 0.00 0.00 71.39
346 76.18 0.00 4.19 9.95 0.00 0.52 0.00 0.00 0.00 9.16
347 20.45 0.00 0.25 23.48 0.00 0.00 0.00 0.00 0.00 55.81
348 0.51 0.00 0.51 42.17 0.00 0.00 0.00 0.00 0.00 56.82
349 1.52 0.00 1.26 25.51 0.00 0.00 0.25 0.00 0.00 71.46
350 16.24 0.00 1.78 54.06 0.00 0.00 0.00 0.00 0.00 27.92
351 26.37 0.00 3.39 34.99 0.00 0.00 0.00 0.00 0.00 35.25
352 33.68 0.00 2.07 8.03 0.00 0.00 0.00 0.00 0.00 56.22
353 21.12 0.00 0.51 30.03 0.00 0.00 0.00 0.00 0.00 48.35
354 20.20 0.00 0.51 22.98 0.00 0.00 0.00 0.00 0.00 56.31
355 19.13 0.00 2.55 24.74 0.00 0.00 0.00 0.00 0.00 53.57
356 56.23 0.00 3.56 16.28 0.00 0.00 0.00 0.00 0.00 23.92
357 57.25 0.00 4.58 25.19 0.00 0.25 0.00 0.00 0.00 12.72
358 12.63 0.00 3.79 62.88 0.00 0.00 0.00 0.00 0.00 20.71
359 3.29 0.00 0.76 75.95 0.00 0.00 0.00 0.00 0.00 20.00
360 11.98 0.00 2.34 69.53 0.00 0.26 0.00 0.00 0.00 15.89
361 73.16 0.00 3.54 14.68 0.00 0.25 0.00 0.00 0.00 8.35
362 45.23 0.00 0.75 15.58 0.00 0.25 0.00 0.00 0.00 38.19
363 2.77 0.00 0.25 28.72 0.00 0.00 0.25 0.00 0.00 68.01
364 31.69 0.00 1.30 17.66 0.00 0.00 0.00 0.00 0.00 49.35
365 23.80 0.00 0.25 20.76 0.00 0.00 0.00 0.00 0.00 55.19
366 24.05 0.00 0.25 2.03 0.00 0.00 0.00 0.00 0.00 73.67
367 44.76 0.00 4.60 10.23 0.00 0.51 0.00 0.00 0.00 39.90
368 24.17 0.00 4.58 45.80 0.00 0.00 0.00 0.00 0.00 25.45
369 24.56 0.00 2.51 22.31 0.00 0.00 0.00 0.00 0.00 50.63
370 20.32 0.00 0.80 14.97 0.00 0.00 0.27 0.00 0.00 63.64
371 42.64 0.00 1.52 20.30 0.00 0.00 0.25 0.00 0.00 35.28
372 69.19 0.00 4.96 9.14 0.00 0.26 0.26 0.00 0.00 16.19
373 37.69 0.00 2.76 3.27 0.00 0.25 0.00 0.00 0.00 56.03
374 0.25 0.00 0.25 4.52 0.00 0.00 0.00 0.00 0.00 94.97
375 0.25 0.00 0.25 2.76 0.00 0.00 0.00 0.00 0.00 96.74
376 0.75 0.00 0.25 3.51 0.00 0.25 0.25 0.00 0.00 94.99
377 0.25 0.00 0.00 2.01 0.00 0.00 0.00 0.00 0.00 97.74
378 0.25 0.00 0.25 7.04 0.00 0.00 0.00 0.00 0.00 92.46
379 0.25 0.00 0.00 16.12 0.00 0.00 0.00 0.00 0.00 83.63
380 0.25 0.00 0.25 15.75 0.00 0.00 0.00 0.00 0.00 83.75
381 0.25 0.00 0.25 10.83 0.00 0.00 0.00 0.00 0.00 88.66
382 0.25 0.00 0.25 5.28 0.00 0.00 0.00 0.00 0.00 94.22
383 0.76 0.00 1.52 49.75 0.00 0.00 0.00 0.00 0.00 47.98
384 0.50 0.00 1.26 50.00 0.00 0.00 0.00 0.00 0.00 48.24
385 0.51 0.00 1.26 42.17 0.00 0.00 0.00 0.00 0.00 56.06
386 0.50 0.00 0.75 32.16 0.00 0.00 0.00 0.00 0.00 66.58
387 0.75 0.00 4.51 59.65 0.00 0.00 0.25 0.00 0.00 34.84
388 0.76 0.00 1.53 62.34 0.00 0.00 0.25 0.00 0.00 35.11
389 0.00 0.00 0.00 4.77 0.00 0.00 0.00 0.00 0.00 95.23
390 0.25 0.00 0.25 2.50 0.00 0.00 0.00 0.00 0.00 97.00
391 0.00 0.00 0.00 1.75 0.00 0.25 0.00 0.00 0.00 97.99
392 0.25 0.00 0.50 2.99 0.00 0.00 0.00 0.00 0.00 96.26
393 0.25 0.00 0.00 1.50 0.00 0.00 0.00 0.00 0.00 98.25
394 0.25 0.00 0.25 3.00 0.00 0.00 0.25 0.00 0.00 96.25
395 0.25 0.00 0.25 1.75 0.00 0.00 0.00 0.00 0.00 97.75
396 0.00 0.00 0.25 1.76 0.00 0.00 0.00 0.00 0.00 97.99
397 0.00 0.00 0.25 1.50 0.00 0.00 0.00 0.00 0.00 98.25
398 0.25 0.00 0.00 2.26 0.00 0.00 0.00 0.00 0.00 97.49
399 0.00 0.00 0.50 1.50 0.00 0.00 0.00 0.00 0.00 98.00
400 0.25 0.00 0.25 1.75 0.00 0.00 0.00 0.00 0.00 97.76
401 0.25 0.00 0.00 2.76 0.00 0.00 0.00 0.00 0.00 96.99
402 0.00 0.00 0.50 4.77 0.00 0.00 0.00 0.00 0.00 94.72
403 0.00 0.00 0.25 5.01 0.00 0.00 0.00 0.00 0.00 94.74
404 0.00 0.00 0.00 3.02 0.00 0.00 0.00 0.00 0.00 96.98
405 0.00 0.00 0.50 1.50 0.00 0.00 0.00 0.00 0.00 98.00
406 0.25 0.00 0.50 2.75 0.00 0.00 0.00 0.00 0.00 96.50
407 0.25 0.00 0.00 3.51 0.00 0.00 0.00 0.00 0.00 96.24
408 0.00 0.00 0.25 0.25 0.00 0.00 0.00 0.00 0.00 99.50
409 0.00 0.00 0.25 2.26 0.00 0.00 0.00 0.00 0.00 97.49
410 0.00 0.00 0.00 3.02 0.00 0.00 0.00 0.00 0.00 96.98
411 0.25 0.00 0.50 1.74 0.00 0.00 0.00 0.00 0.00 97.51
412 0.25 0.00 0.25 2.27 0.00 0.00 0.00 0.00 0.00 97.23
413 0.25 0.00 0.25 1.75 0.00 0.00 0.00 0.00 0.00 97.75
414 0.25 0.00 0.00 1.75 0.00 0.00 0.00 0.00 0.00 97.99
415 0.00 0.00 0.25 6.27 0.00 0.00 0.00 0.00 0.00 93.48
416 0.00 0.00 0.25 32.91 0.00 0.00 0.00 0.00 0.00 66.83
417 0.25 0.00 0.50 48.62 0.00 0.00 0.25 0.00 0.00 50.38
418 0.00 0.00 0.25 22.86 0.00 0.00 0.00 0.00 0.00 76.88
419 0.25 0.00 0.25 5.01 0.00 0.00 0.00 0.00 0.00 94.49
420 0.25 0.00 0.00 2.01 0.00 0.00 0.00 0.00 0.00 97.74
421 0.00 0.00 0.25 3.25 0.00 0.00 0.00 0.00 0.00 96.50
422 0.00 0.00 0.25 0.75 0.00 0.00 0.00 0.00 0.00 99.00
423 0.25 0.00 0.00 0.75 0.00 0.00 0.00 0.00 0.00 98.99
424 0.00 0.00 0.00 0.25 0.00 0.00 0.00 0.00 0.00 99.75
425 0.25 0.00 0.00 1.25 0.00 0.00 0.00 0.00 0.00 98.50
426 0.00 0.00 0.25 0.75 0.00 0.00 0.00 0.00 0.00 99.00
427 0.00 0.00 0.00 0.25 0.00 0.00 0.00 0.00 0.00 99.75
428 0.00 0.00 0.25 0.50 0.00 0.00 0.00 0.00 0.00 99.25
429 0.25 0.00 0.00 0.00 0.00 0.00 0.00 0.00 0.00 99.75
430 0.25 0.00 0.00 0.00 0.00 0.00 0.00 0.00 0.00 99.75
431 0.25 0.00 0.25 0.75 0.00 0.00 0.00 0.00 0.00 98.75
432 0.25 0.00 0.00 0.00 0.00 0.00 0.00 0.00 0.00 99.75
433 0.00 0.00 0.25 1.50 0.00 0.00 0.00 0.00 0.00 98.25
434 0.50 0.00 0.00 0.50 0.00 0.00 0.00 0.00 0.00 99.00
435 0.25 0.00 0.00 0.25 0.00 0.00 0.00 0.00 0.00 99.50
436 0.50 0.00 0.50 1.50 0.00 0.00 0.00 0.00 0.00 97.51
437 0.00 0.00 0.25 1.26 0.00 0.00 0.00 0.00 0.00 98.49
438 0.50 0.00 0.25 0.50 0.00 0.00 0.25 0.00 0.00 98.51
439 0.25 0.00 0.00 0.50 0.00 0.00 0.00 0.00 0.00 99.25
440 0.00 0.00 0.00 0.50 0.00 0.00 0.00 0.00 0.00 99.50
441 0.50 0.00 0.25 0.50 0.00 0.00 0.00 0.00 0.00 98.76
442 0.25 0.00 0.50 1.00 0.00 0.00 0.00 0.00 0.00 98.25
443 0.00 0.00 0.25 1.00 0.00 0.00 0.00 0.00 0.00 98.75
444 0.25 0.00 0.00 0.00 0.00 0.00 0.00 0.00 0.00 99.75
445 0.00 0.00 0.00 2.01 0.00 0.00 0.00 0.00 0.00 97.99
446 0.00 0.00 0.00 3.01 0.00 0.00 0.00 0.00 0.00 96.99
447 0.25 0.00 0.75 3.01 0.00 0.00 0.00 0.00 0.00 95.99
448 0.00 0.00 0.25 9.55 0.00 0.00 0.00 0.00 0.00 90.20
449 0.50 0.00 0.25 1.00 0.00 0.00 0.00 0.00 0.00 98.25
450 0.00 0.00 0.25 1.25 0.00 0.00 0.00 0.00 0.00 98.50
451 0.00 0.00 0.50 2.25 0.00 0.00 0.00 0.00 0.00 97.25
452 0.25 0.00 0.00 2.26 0.00 0.00 0.00 0.00 0.00 97.49
453 0.25 0.00 0.00 1.25 0.00 0.00 0.00 0.00 0.00 98.50
454 0.00 0.00 0.25 2.01 0.00 0.00 0.00 0.00 0.00 97.74
455 0.00 0.00 0.00 2.02 0.00 0.00 0.00 0.00 0.00 97.98
456 0.00 0.00 0.00 1.25 0.00 0.00 0.00 0.00 0.00 98.75
457 0.25 0.00 0.00 1.50 0.00 0.00 0.00 0.00 0.00 98.25
458 0.25 0.00 0.00 1.76 0.00 0.00 0.00 0.00 0.00 97.99
459 0.00 0.00 0.25 2.25 0.00 0.00 0.00 0.00 0.00 97.50
460 0.00 0.00 0.25 2.26 0.00 0.00 0.00 0.00 0.00 97.49
461 0.00 0.00 0.25 2.01 0.00 0.00 0.00 0.00 0.00 97.74
462 0.00 0.00 0.00 2.01 0.00 0.00 0.00 0.00 0.00 97.99
463 0.25 0.00 0.25 2.26 0.00 0.00 0.00 0.00 0.00 97.24
464 0.50 0.00 0.00 1.25 0.00 0.00 0.00 0.00 0.00 98.25
465 0.00 0.00 0.25 1.75 0.00 0.00 0.00 0.00 0.00 97.99
466 0.25 0.00 0.00 1.25 0.00 0.25 0.00 0.00 0.00 98.25
467 0.25 0.00 0.25 2.25 0.00 0.00 0.00 0.00 0.00 97.25
468 0.76 0.00 0.76 19.95 0.00 0.00 0.00 0.00 0.00 78.54
469 2.99 0.00 1.75 20.95 0.00 0.00 0.00 0.00 0.00 74.31
470 2.51 0.00 2.01 22.06 0.00 0.00 0.00 0.00 0.00 73.43
471 1.02 0.00 1.28 13.04 0.00 0.00 0.00 0.00 0.00 84.65
472 0.25 0.00 0.50 0.75 0.00 0.00 0.00 0.00 0.00 98.50
473 0.00 0.00 0.00 0.76 0.00 0.00 0.25 0.00 0.00 98.99
474 0.00 0.00 0.25 0.50 0.00 0.00 0.00 0.00 0.00 99.25
475 0.25 0.00 0.25 0.75 0.00 0.00 0.00 0.00 0.00 98.75
476 0.00 0.00 0.00 0.75 0.00 0.00 0.00 0.00 0.00 99.25
477 0.25 0.00 0.25 1.25 0.00 0.00 0.00 0.00 0.00 98.25
478 0.25 0.00 0.25 1.50 0.00 0.00 0.00 0.00 0.00 98.00
479 0.25 0.00 0.00 0.75 0.00 0.00 0.00 0.00 0.00 98.99
480 0.00 0.00 0.50 0.50 0.00 0.00 0.00 0.00 0.00 99.00
481 0.50 0.00 0.25 1.76 0.00 0.00 0.00 0.00 0.00 97.48
482 0.25 0.00 0.25 0.75 0.00 0.00 0.00 0.00 0.00 98.75
483 0.25 0.00 0.00 1.50 0.00 0.00 0.00 0.00 0.00 98.25
484 0.25 0.00 0.25 0.50 0.00 0.00 0.00 0.00 0.00 99.00
485 5.29 0.00 3.78 3.27 0.00 0.00 0.00 0.00 0.00 87.66
