0 0.00 0.00 0.25 2.00 0.00 0.00 0.00 0.00 0.00 97.75
1 0.00 0.00 0.25 0.75 0.00 0.00 0.00 0.00 0.00 99.00
2 0.00 0.00 0.00 2.51 0.00 0.00 0.00 0.00 0.00 97.49
3 0.50 0.00 0.25 0.50 0.00 0.00 0.00 0.00 0.00 98.75
4 0.00 0.00 0.50 0.75 0.00 0.00 0.00 0.00 0.00 98.75
5 0.50 0.00 0.25 2.01 0.00 0.00 0.00 0.00 0.00 97.24
6 3.08 0.00 2.31 1.54 0.00 0.00 0.00 0.00 0.00 93.08
7 0.25 0.00 0.00 2.00 0.00 0.00 0.00 0.00 0.00 97.75
8 0.00 0.00 0.00 1.26 0.00 0.00 0.00 0.00 0.00 98.74
9 0.25 0.00 0.25 10.50 0.00 0.00 0.00 0.00 0.00 89.00
10 0.50 0.00 0.25 28.07 0.00 0.00 0.00 0.00 0.00 71.18
11 0.00 0.00 0.50 28.97 0.00 0.00 0.00 0.00 0.00 70.53
12 0.50 0.00 0.75 25.50 0.00 0.00 0.00 0.00 0.00 73.25
13 1.51 0.00 0.50 36.93 0.00 0.00 0.00 0.00 0.00 61.06
14 1.52 0.00 0.76 26.01 0.00 0.00 0.00 0.00 0.00 71.72
15 3.29 0.00 0.25 23.54 0.00 0.00 0.00 0.00 0.00 72.91
16 3.79 0.00 0.51 21.46 0.00 0.00 0.00 0.00 0.00 74.24
17 1.02 0.00 0.51 25.63 0.00 0.00 0.00 0.00 0.00 72.84
18 1.76 0.00 0.50 27.64 0.00 0.00 0.00 0.00 0.00 70.10
19 0.50 0.00 1.01 46.73 0.00 0.00 0.25 0.00 0.00 51.51
20 3.28 0.00 1.26 46.46 0.00 0.00 0.00 0.00 0.00 48.99
21 5.10 0.00 1.02 36.48 0.00 0.00 0.00 0.00 0.00 57.40
22 7.12 0.00 1.02 27.74 0.00 0.00 0.00 0.00 0.00 64.12
23 6.58 0.00 0.76 24.05 0.00 0.00 0.00 0.00 0.00 68.61
24 9.37 0.00 0.76 21.52 0.00 0.00 0.00 0.00 0.00 68.35
25 2.78 0.00 0.25 25.76 0.00 0.00 0.00 0.00 0.00 71.21
26 10.83 0.00 1.01 19.14 0.00 0.00 0.00 0.00 0.00 69.02
27 7.79 0.00 2.26 21.61 0.00 0.00 0.00 0.00 0.00 68.34
28 10.08 0.00 2.02 18.64 0.00 0.00 0.00 0.00 0.00 69.27
29 10.18 0.00 2.04 17.30 0.00 0.00 0.00 0.00 0.00 70.48
30 5.03 0.00 1.01 20.10 0.00 0.00 0.00 0.00 0.00 73.87
31 3.27 0.00 0.76 28.21 0.00 0.00 0.25 0.00 0.00 67.51
32 5.17 0.00 1.03 42.38 0.00 0.00 0.00 0.00 0.00 51.42
33 6.35 0.00 6.08 21.27 0.00 0.00 0.00 0.00 0.00 66.30
34 3.09 0.00 6.19 42.53 0.00 0.00 0.00 0.00 0.00 48.20
35 5.47 0.00 0.52 42.45 0.00 0.00 0.00 0.00 0.00 51.56
36 2.78 0.00 1.01 36.87 0.00 0.00 0.00 0.00 0.00 59.34
37 2.03 0.00 0.76 46.19 0.00 0.00 0.00 0.00 0.00 51.02
38 0.50 0.00 0.00 26.13 0.00 0.00 0.00 0.00 0.00 73.37
39 13.44 0.00 1.55 12.40 0.00 0.00 0.26 0.00 0.00 72.35
40 10.31 0.00 2.06 16.75 0.00 0.00 0.00 0.00 0.00 70.88
41 8.63 0.00 0.76 18.02 0.00 0.00 0.25 0.00 0.00 72.34
42 9.95 0.00 1.53 23.47 0.00 0.00 0.00 0.00 0.00 65.05
43 82.37 0.00 2.74 4.26 0.00 0.00 0.00 0.00 0.00 10.64
44 83.62 0.00 8.76 2.82 0.00 0.00 0.00 0.00 0.00 4.80
45 32.60 0.00 4.14 18.78 0.00 0.00 0.00 0.00 0.00 44.48
46 0.50 0.00 0.25 26.07 0.00 0.00 0.00 0.00 0.00 73.18
47 0.00 0.00 0.25 25.25 0.00 0.00 0.00 0.00 0.00 74.49
48 0.25 0.00 0.25 25.81 0.00 0.00 0.25 0.00 0.00 73.43
49 25.57 0.00 4.81 20.00 0.00 0.51 0.00 0.00 0.00 49.11
50 86.52 0.00 7.21 1.25 0.00 0.31 0.00 0.00 0.00 4.70
51 84.48 0.00 6.90 2.30 0.00 0.86 0.29 0.00 0.00 5.17
52 90.29 0.00 3.14 2.29 0.00 0.29 0.00 0.00 0.00 4.00
53 90.97 0.00 3.43 0.31 0.00 0.00 0.00 0.00 0.00 5.30
54 88.10 0.00 6.55 0.00 0.00 1.19 0.00 0.00 0.00 4.17
55 91.60 0.00 6.16 0.00 0.00 0.28 0.00 0.00 0.00 1.96
56 91.99 0.00 5.04 0.00 0.00 0.59 0.00 0.00 0.00 2.37
57 15.60 0.00 1.53 2.81 0.00 0.26 0.00 0.00 0.00 79.80
58 73.23 0.00 3.15 5.25 0.00 0.52 0.26 0.00 0.00 17.59
59 87.87 0.00 6.80 0.00 0.00 0.59 0.00 0.00 0.00 4.73
60 90.63 0.00 6.04 0.30 0.00 0.00 0.00 0.00 0.00 3.02
61 92.77 0.00 5.20 0.29 0.00 0.29 0.00 0.00 0.00 1.45
62 78.01 0.00 5.57 4.40 0.00 0.59 0.00 0.00 0.00 11.44
63 16.26 0.00 2.17 7.05 0.00 0.00 0.27 0.00 0.00 74.25
64 49.21 0.00 3.17 7.14 0.00 1.59 0.00 0.00 0.00 38.89
65 89.20 0.00 6.79 0.31 0.00 0.00 0.00 0.00 0.00 3.70
66 66.05 0.00 24.69 0.00 0.00 0.62 0.00 0.00 0.00 8.64
67 78.47 0.00 20.06 0.00 0.00 0.00 0.00 0.00 0.00 1.47
68 85.80 0.00 7.10 0.31 0.00 2.78 0.31 0.00 0.00 3.70
69 69.02 0.00 21.78 0.92 0.00 0.31 0.00 0.00 0.00 7.98
70 17.96 0.00 0.83 68.23 0.00 0.28 0.28 0.00 0.00 12.43
71 33.14 0.00 1.71 64.57 0.00 0.00 0.57 0.00 0.00 0.00
72 25.96 0.00 5.19 57.65 0.00 0.00 0.00 0.00 0.00 11.20
73 1.28 0.00 1.53 56.63 0.00 0.00 0.00 0.00 0.00 40.56
74 0.00 0.00 0.50 26.82 0.00 0.25 0.00 0.00 0.00 72.43
75 0.25 0.00 0.25 5.25 0.00 0.00 0.00 0.00 0.00 94.25
76 0.25 0.00 0.00 9.02 0.00 0.00 0.00 0.00 0.00 90.73
77 1.25 0.00 0.50 11.28 0.00 0.00 0.00 0.00 0.00 86.97
78 16.93 0.00 1.59 47.88 0.00 0.00 0.26 0.00 0.00 33.33
79 16.16 0.00 8.84 2.74 0.00 0.00 0.00 0.00 0.00 72.26
80 25.67 0.00 0.30 4.18 0.00 0.30 0.00 0.00 0.00 69.55
81 49.29 0.00 3.42 34.19 0.00 0.28 0.00 0.00 0.00 12.82
82 4.29 0.00 0.76 7.58 0.00 0.00 0.25 0.00 0.00 87.12
83 55.81 0.00 2.33 2.84 0.00 0.00 0.00 0.00 0.00 39.02
84 25.56 0.00 2.01 1.50 0.00 0.00 0.00 0.00 0.00 70.93
85 0.00 0.00 0.00 2.27 0.00 0.00 0.00 0.00 0.00 97.73
86 4.53 0.00 1.26 8.31 0.00 0.00 0.00 0.00 0.00 85.89
87 19.79 0.00 1.54 72.75 0.00 0.00 0.00 0.00 0.00 5.91
88 15.06 0.00 2.08 63.38 0.00 0.00 0.00 0.00 0.00 19.48
89 83.75 0.00 3.08 8.12 0.00 0.28 0.28 0.00 0.00 4.48
90 30.10 0.00 2.36 44.50 0.00 0.00 0.00 0.00 0.00 23.04
91 9.04 0.00 1.13 70.06 0.00 0.00 0.00 0.00 0.00 19.77
92 17.17 0.00 0.54 77.66 0.00 0.00 0.27 0.00 0.00 4.36
93 18.21 0.00 1.96 61.06 0.00 0.00 0.00 0.00 0.00 18.77
94 27.15 0.00 0.81 57.53 0.00 0.27 0.00 0.00 0.00 14.25
95 19.67 0.00 2.19 57.38 0.00 0.27 0.27 0.00 0.00 20.22
96 8.21 0.00 0.51 68.21 0.00 0.26 0.00 0.00 0.00 22.82
97 40.72 0.00 2.49 34.35 0.00 0.28 0.00 0.00 0.00 22.16
98 7.40 0.00 0.51 46.17 0.00 0.26 0.00 0.00 0.00 45.66
99 1.26 0.00 0.25 20.96 0.00 0.00 0.00 0.00 0.00 77.53
100 1.79 0.00 0.00 17.95 0.00 0.00 0.26 0.00 0.00 80.00
101 40.48 0.00 2.38 32.80 0.00 0.00 0.00 0.00 0.00 24.34
102 29.55 0.00 6.07 51.98 0.00 0.26 0.00 0.00 0.00 12.14
103 19.28 0.00 3.31 11.02 0.00 0.00 0.00 0.00 0.00 66.39
104 6.01 0.00 0.00 4.75 0.00 0.00 0.00 0.00 0.00 89.24
105 19.46 0.00 0.27 2.43 0.00 0.00 0.00 0.00 0.00 77.84
106 23.63 0.00 2.20 3.85 0.00 0.00 0.00 0.00 0.00 70.33
107 0.25 0.00 0.00 3.02 0.00 0.00 0.00 0.00 0.00 96.73
108 0.00 0.00 0.25 2.26 0.00 0.00 0.00 0.00 0.00 97.49
109 18.73 0.00 1.73 2.88 0.00 0.00 0.29 0.00 0.00 76.37
110 11.58 0.00 1.58 10.26 0.00 0.53 0.00 0.00 0.00 76.05
111 64.22 0.00 7.95 8.56 0.00 0.31 0.31 0.00 0.00 18.65
112 6.25 0.00 0.31 1.88 0.00 0.00 0.31 0.00 0.00 91.25
113 0.66 0.00 0.33 4.32 0.00 0.00 0.66 0.00 0.00 94.02
114 1.33 0.00 0.66 3.65 0.00 0.00 0.33 0.00 0.00 94.02
115 6.86 0.00 0.00 36.68 0.00 0.26 0.26 0.00 0.00 55.94
116 1.51 0.00 0.25 25.69 0.00 0.00 0.00 0.00 0.00 72.54
117 12.57 0.00 3.83 12.84 0.00 0.00 0.27 0.00 0.00 70.49
118 13.26 0.00 2.31 8.07 0.00 0.00 0.00 0.00 0.00 76.37
119 12.35 0.00 1.18 13.24 0.00 0.00 0.00 0.00 0.00 73.24
120 19.57 0.00 1.63 21.74 0.00 0.00 0.27 0.00 0.00 56.79
121 18.09 0.00 1.33 40.43 0.00 0.00 0.27 0.00 0.00 39.89
122 10.78 0.00 0.00 5.69 0.00 0.00 0.00 0.00 0.00 83.53
123 16.94 0.00 0.28 3.33 0.00 0.00 0.00 0.00 0.00 79.44
124 6.85 0.00 0.00 2.49 0.00 0.00 0.31 0.00 0.00 90.34
125 15.14 0.00 0.86 9.71 0.00 0.00 0.00 0.00 0.00 74.29
126 12.67 0.00 1.08 70.62 0.00 0.00 0.00 0.00 0.00 15.63
127 10.67 0.00 0.91 18.90 0.00 0.00 0.61 0.00 0.00 68.90
128 20.11 0.00 2.12 7.14 0.00 0.00 0.00 0.00 0.00 70.63
129 21.59 0.00 2.27 16.19 0.00 0.28 0.28 0.00 0.00 59.38
130 23.76 0.00 2.49 13.81 0.00 0.00 0.00 0.00 0.00 59.94
131 12.43 0.00 2.02 3.18 0.00 0.00 0.00 0.00 0.00 82.37
132 1.75 0.00 0.25 8.27 0.00 0.00 0.00 0.00 0.00 89.72
133 0.50 0.00 0.25 17.54 0.00 0.00 0.00 0.00 0.00 81.70
134 0.25 0.00 0.75 26.13 0.00 0.00 0.00 0.00 0.00 72.86
135 0.00 0.00 0.25 6.52 0.00 0.00 0.00 0.00 0.00 93.23
136 0.00 0.00 0.25 15.58 0.00 0.00 0.00 0.00 0.00 84.17
137 0.25 0.00 0.00 7.77 0.00 0.00 0.00 0.00 0.00 91.98
138 0.00 0.00 0.25 2.51 0.00 0.00 0.00 0.00 0.00 97.24
139 0.25 0.00 0.25 2.01 0.00 0.00 0.00 0.00 0.00 97.49
140 0.75 0.00 0.25 2.74 0.00 0.00 0.25 0.00 0.00 96.02
141 0.00 0.00 0.25 1.26 0.00 0.00 0.00 0.00 0.00 98.49
142 0.25 0.00 0.00 3.51 0.00 0.00 0.00 0.00 0.00 96.24
143 0.00 0.00 0.51 4.80 0.00 0.00 0.00 0.00 0.00 94.70
144 0.00 0.00 0.25 3.76 0.00 0.00 0.00 0.00 0.00 95.99
145 0.00 0.00 0.25 1.51 0.00 0.00 0.00 0.00 0.00 98.24
146 0.50 0.00 0.00 2.49 0.00 0.00 0.00 0.00 0.00 97.01
147 0.25 0.00 0.50 6.52 0.00 0.00 0.00 0.00 0.00 92.73
148 0.50 0.00 0.75 10.50 0.00 0.00 0.00 0.00 0.00 88.25
149 0.25 0.00 0.00 1.26 0.00 0.00 0.00 0.00 0.00 98.49
150 0.00 0.00 0.50 12.03 0.00 0.00 0.00 0.00 0.00 87.47
151 13.01 0.00 2.30 40.82 0.00 0.26 0.00 0.00 0.00 43.62
152 16.12 0.00 1.79 3.28 0.00 0.00 0.00 0.00 0.00 78.81
153 15.15 0.00 3.31 17.08 0.00 0.00 0.28 0.00 0.00 64.19
154 11.02 0.00 1.88 30.11 0.00 0.00 0.00 0.00 0.00 56.99
155 1.76 0.00 0.29 51.76 0.00 0.00 0.00 0.00 0.00 46.18
156 18.60 0.00 1.62 28.03 0.00 0.00 0.00 0.00 0.00 51.75
157 8.52 0.00 1.10 25.00 0.00 0.00 0.00 0.00 0.00 65.38
158 12.89 0.00 1.72 6.59 0.00 0.00 0.29 0.00 0.00 78.51
159 59.78 0.00 0.84 21.23 0.00 0.00 0.00 0.00 0.00 18.16
160 7.89 0.00 0.25 57.76 0.00 0.00 0.00 0.00 0.00 34.10
161 16.20 0.00 4.88 54.24 0.00 0.00 0.00 0.00 0.00 24.68
162 25.07 0.00 8.45 46.06 0.00 0.00 0.00 0.00 0.00 20.41
163 18.77 0.00 6.77 1.23 0.00 0.00 0.00 0.00 0.00 73.23
164 16.99 0.00 0.00 1.67 0.00 0.00 0.00 0.00 0.00 81.34
165 6.85 0.00 0.00 13.08 0.00 0.00 0.31 0.00 0.00 79.75
166 11.24 0.00 1.44 43.23 0.00 0.29 0.58 0.00 0.00 43.23
167 2.05 0.00 0.77 88.49 0.00 0.00 0.26 0.00 0.00 8.44
168 3.04 0.00 0.51 74.94 0.00 0.00 0.25 0.00 0.00 21.27
169 16.98 0.00 2.92 58.62 0.00 0.00 0.00 0.00 0.00 21.49
170 5.98 0.00 0.54 45.65 0.00 0.00 0.27 0.00 0.00 47.55
171 7.12 0.00 1.58 47.49 0.00 0.00 0.00 0.00 0.00 43.80
172 5.43 0.00 0.54 68.21 0.00 0.00 0.00 0.00 0.00 25.82
173 22.12 0.00 2.42 13.33 0.00 0.00 0.30 0.00 0.00 61.82
174 9.61 0.00 1.50 1.20 0.00 0.00 0.00 0.00 0.00 87.69
175 5.94 0.00 1.25 9.38 0.00 0.00 0.31 0.00 0.00 83.12
176 7.69 0.00 0.62 20.31 0.00 0.00 0.00 0.00 0.00 71.38
177 17.77 0.00 1.15 7.16 0.00 0.00 0.00 0.00 0.00 73.93
178 54.60 0.00 7.18 25.29 0.00 0.00 0.29 0.00 0.00 12.64
179 28.88 0.00 2.41 13.90 0.00 0.00 0.00 0.00 0.00 54.81
180 22.49 0.00 2.91 53.44 0.00 0.00 0.00 0.00 0.00 21.16
181 0.25 0.00 0.00 49.87 0.00 0.00 0.00 0.00 0.00 49.87
182 18.13 0.00 1.98 55.81 0.00 0.00 0.00 0.00 0.00 24.08
183 7.53 0.00 1.81 62.65 0.00 0.00 0.30 0.00 0.00 27.71
184 28.45 0.00 3.66 44.79 0.00 0.00 0.28 0.00 0.00 22.82
185 22.06 0.00 2.01 53.01 0.00 0.00 0.00 0.00 0.00 22.92
186 16.71 0.00 1.31 76.76 0.00 0.00 0.26 0.00 0.00 4.96
187 16.81 0.00 1.71 34.76 0.00 0.00 0.00 0.00 0.00 46.72
188 6.25 0.00 1.25 30.00 0.00 0.00 0.00 0.00 0.00 62.50
189 12.54 0.00 2.28 12.54 0.00 0.00 0.00 0.00 0.00 72.65
190 29.80 0.00 2.87 16.91 0.00 0.00 0.29 0.00 0.00 50.14
191 41.43 0.00 2.49 33.02 0.00 0.00 0.00 0.00 0.00 23.05
192 19.95 0.00 4.26 29.52 0.00 0.00 0.00 0.00 0.00 46.28
193 4.53 0.00 0.00 18.41 0.00 0.00 0.28 0.00 0.00 76.77
194 10.78 0.00 0.30 1.80 0.00 0.00 0.00 0.00 0.00 87.13
195 12.57 0.00 0.29 5.56 0.00 0.00 0.00 0.00 0.00 81.58
196 3.68 0.00 0.85 59.21 0.00 0.00 0.28 0.00 0.00 35.98
197 1.26 0.00 0.25 97.74 0.00 0.25 0.00 0.00 0.00 0.50
198 1.76 0.00 0.25 91.44 0.00 0.00 0.25 0.00 0.00 6.30
199 3.61 0.00 0.52 87.37 0.00 0.00 0.00 0.00 0.00 8.51
200 15.82 0.00 1.13 61.30 0.00 0.00 0.28 0.00 0.00 21.47
201 36.50 0.00 2.45 30.06 0.00 0.00 0.61 0.00 0.00 30.37
202 12.93 0.00 1.72 17.53 0.00 0.00 0.29 0.00 0.00 67.53
203 20.87 0.00 3.05 21.88 0.00 0.00 0.00 0.00 0.00 54.20
204 20.47 0.00 3.67 6.56 0.00 0.00 0.00 0.00 0.00 69.29
205 15.17 0.00 1.97 5.90 0.00 0.00 0.00 0.00 0.00 76.97
206 2.41 0.00 0.27 14.44 0.00 0.00 0.27 0.00 0.00 82.62
207 0.25 0.00 0.50 13.50 0.00 0.00 0.00 0.00 0.00 85.75
208 0.50 0.00 0.00 27.82 0.00 0.00 0.00 0.00 0.00 71.68
209 0.25 0.00 0.00 25.69 0.00 0.00 0.00 0.00 0.00 74.06
210 0.25 0.00 0.51 31.06 0.00 0.00 0.00 0.00 0.00 68.18
211 5.99 0.00 0.95 70.35 0.00 0.00 0.00 0.00 0.00 22.71
212 22.46 0.00 1.54 66.62 0.00 0.00 0.00 0.00 0.00 9.37
213 11.73 0.00 2.05 12.90 0.00 0.00 0.29 0.00 0.00 73.02
214 28.73 0.00 0.85 24.51 0.00 0.00 0.00 0.00 0.00 45.92
215 10.91 0.00 3.12 69.09 0.00 0.00 0.00 0.00 0.00 16.88
216 0.00 0.00 0.25 66.84 0.00 0.00 0.00 0.00 0.00 32.91
217 0.25 0.00 0.50 14.75 0.00 0.00 0.00 0.00 0.00 84.50
218 0.25 0.00 0.25 14.25 0.00 0.00 0.00 0.00 0.00 85.25
219 0.25 0.00 0.50 10.33 0.00 0.00 0.00 0.00 0.00 88.92
220 0.00 0.00 0.25 10.78 0.00 0.00 0.00 0.00 0.00 88.97
221 0.25 0.00 0.00 6.03 0.00 0.00 0.00 0.00 0.00 93.72
222 0.00 0.00 0.25 3.27 0.00 0.00 0.00 0.00 0.00 96.48
223 0.25 0.00 0.25 9.52 0.00 0.00 0.00 0.00 0.00 89.97
224 0.25 0.00 0.00 9.80 0.00 0.00 0.00 0.00 0.00 89.95
225 0.25 0.00 0.25 8.04 0.00 0.00 0.00 0.00 0.00 91.46
226 0.25 0.00 0.00 11.06 0.00 0.00 0.00 0.00 0.00 88.69
227 0.51 0.00 1.28 2.55 0.00 0.00 0.26 0.00 0.00 95.41
228 8.29 0.00 3.14 7.71 0.00 0.00 0.00 0.00 0.00 80.86
229 19.74 0.00 1.05 14.21 0.00 0.00 0.00 0.00 0.00 65.00
230 12.40 0.00 1.32 68.87 0.00 0.00 0.00 0.00 0.00 17.41
231 19.95 0.00 1.33 78.46 0.00 0.00 0.00 0.00 0.00 0.27
232 13.89 0.00 0.76 85.35 0.00 0.00 0.00 0.00 0.00 0.00
233 6.44 0.00 1.03 76.03 0.00 0.00 0.26 0.00 0.00 16.24
234 23.40 0.00 1.60 65.69 0.00 0.00 0.00 0.00 0.00 9.31
235 22.59 0.00 1.65 31.40 0.00 0.00 0.00 0.00 0.00 44.35
236 8.12 0.00 1.25 27.81 0.00 0.00 0.00 0.00 0.00 62.81
237 38.08 0.00 3.11 39.12 0.00 0.00 0.26 0.00 0.00 19.43
238 8.77 0.00 1.25 22.31 0.00 0.25 0.00 0.00 0.00 67.42
239 0.00 0.00 0.25 23.93 0.00 0.00 0.00 0.00 0.00 75.82
240 0.50 0.00 0.00 33.83 0.00 0.00 0.25 0.00 0.00 65.41
241 0.50 0.00 0.50 31.58 0.00 0.00 0.00 0.00 0.00 67.42
242 0.25 0.00 0.00 8.56 0.00 0.00 0.00 0.00 0.00 91.18
243 21.73 0.00 0.52 25.39 0.00 0.00 0.00 0.00 0.00 52.36
244 38.11 0.00 2.97 31.62 0.00 0.00 0.00 0.00 0.00 27.30
245 13.33 0.00 0.00 2.61 0.00 0.00 0.00 0.00 0.00 84.06
246 5.94 0.00 0.31 4.38 0.00 0.00 0.31 0.00 0.00 89.06
247 16.34 0.00 0.28 3.32 0.00 0.00 0.00 0.00 0.00 80.06
248 28.57 0.00 2.57 38.57 0.00 0.00 0.00 0.00 0.00 30.29
249 11.81 0.00 2.20 10.71 0.00 0.00 0.27 0.00 0.00 75.00
250 3.77 0.00 0.50 32.66 0.00 0.00 0.00 0.00 0.00 63.07
251 8.62 0.00 0.52 15.67 0.00 0.00 0.00 0.00 0.00 75.20
252 19.10 0.00 1.69 9.83 0.00 0.00 0.00 0.00 0.00 69.38
253 20.29 0.00 0.88 3.53 0.00 0.00 0.29 0.00 0.00 75.00
254 27.64 0.00 2.98 26.56 0.00 0.00 0.00 0.00 0.00 42.82
255 21.94 0.00 2.22 17.50 0.00 0.00 0.28 0.00 0.00 58.06
256 10.24 0.00 1.08 37.47 0.00 0.00 0.00 0.00 0.00 51.21
257 0.25 0.00 0.50 20.55 0.00 0.00 0.00 0.00 0.00 78.70
258 0.25 0.00 0.50 3.74 0.00 0.25 0.00 0.00 0.00 95.26
259 0.00 0.00 0.00 1.01 0.00 0.00 0.00 0.00 0.00 98.99
260 0.50 0.00 0.50 4.26 0.00 0.00 0.00 0.00 0.00 94.74
261 1.52 0.00 0.25 58.84 0.00 0.00 0.00 0.00 0.00 39.39
262 1.55 0.00 0.52 85.57 0.00 0.00 0.26 0.00 0.00 12.11
263 8.03 0.00 0.52 90.93 0.00 0.00 0.00 0.00 0.00 0.52
264 14.67 0.00 0.80 75.20 0.00 0.00 0.00 0.00 0.00 9.33
265 7.22 0.00 1.03 85.57 0.00 0.00 0.00 0.00 0.00 6.19
266 16.35 0.00 2.18 45.50 0.00 0.00 0.00 0.00 0.00 35.97
267 8.18 0.00 0.77 70.84 0.00 0.00 0.00 0.00 0.00 20.20
268 6.38 0.00 0.77 67.60 0.00 0.00 0.00 0.00 0.00 25.26
269 24.64 0.00 1.15 34.10 0.00 0.00 0.00 0.00 0.00 40.11
270 79.83 0.00 5.48 7.49 0.00 0.00 0.00 0.00 0.00 7.20
271 28.48 0.00 0.30 5.45 0.00 0.00 0.30 0.00 0.00 65.45
272 10.75 0.00 0.00 22.99 0.00 0.00 0.00 0.00 0.00 66.27
273 15.82 0.00 0.00 9.89 0.00 0.00 0.00 0.00 0.00 74.29
274 7.41 0.00 0.28 27.35 0.00 0.00 0.28 0.00 0.00 64.67
275 6.23 0.00 2.34 65.97 0.00 0.00 0.00 0.00 0.00 25.45
276 1.53 0.00 0.26 67.86 0.00 0.00 0.00 0.00 0.00 30.36
277 7.69 0.00 1.03 74.36 0.00 0.00 0.00 0.00 0.00 16.92
278 26.43 0.00 0.54 71.12 0.00 0.00 0.00 0.00 0.00 1.91
279 5.48 0.00 1.04 92.69 0.00 0.00 0.00 0.00 0.00 0.78
280 5.64 0.00 1.54 28.97 0.00 0.26 0.26 0.00 0.00 63.33
281 0.00 0.00 0.25 3.02 0.00 0.00 0.00 0.00 0.00 96.73
282 5.30 0.00 1.52 16.92 0.00 0.00 0.00 0.00 0.00 76.26
283 16.25 0.00 1.65 29.75 0.00 0.00 0.00 0.00 0.00 52.34
284 7.56 0.00 1.16 50.00 0.00 0.00 0.00 0.00 0.00 41.28
285 12.97 0.00 1.73 23.34 0.00 0.00 0.00 0.00 0.00 61.96
286 13.01 0.00 1.73 6.65 0.00 0.00 0.00 0.00 0.00 78.61
287 12.50 0.00 2.03 1.74 0.00 0.00 0.00 0.00 0.00 83.72
288 21.65 0.00 1.14 1.71 0.00 0.00 0.28 0.00 0.00 75.21
289 20.31 0.00 1.25 2.19 0.00 0.00 0.00 0.00 0.00 76.25
290 52.97 0.00 3.68 16.43 0.00 0.00 0.00 0.00 0.00 26.91
291 2.30 0.00 1.53 95.91 0.00 0.00 0.26 0.00 0.00 0.00
292 0.26 0.00 0.77 98.97 0.00 0.00 0.00 0.00 0.00 0.00
293 0.50 0.00 0.75 98.74 0.00 0.00 0.00 0.00 0.00 0.00
294 0.76 0.00 0.51 98.74 0.00 0.00 0.00 0.00 0.00 0.00
295 5.18 0.00 1.55 88.34 0.00 0.00 0.00 0.00 0.00 4.92
296 30.62 0.00 1.08 67.48 0.00 0.00 0.27 0.00 0.00 0.54
297 16.62 0.00 1.56 69.61 0.00 0.00 0.00 0.00 0.00 12.21
298 14.36 0.00 1.86 18.88 0.00 0.00 0.00 0.00 0.00 64.89
299 13.26 0.00 2.21 16.02 0.00 0.28 0.00 0.00 0.00 68.23
300 18.35 0.00 2.33 11.37 0.00 0.00 0.26 0.00 0.00 67.70
301 20.73 0.00 2.24 4.20 0.00 0.00 0.00 0.00 0.00 72.83
302 61.14 0.00 0.90 9.34 0.00 0.00 0.00 0.00 0.00 28.61
303 19.03 0.00 0.27 1.88 0.00 0.00 0.00 0.00 0.00 78.82
304 10.51 0.00 0.00 0.60 0.00 0.00 0.30 0.00 0.00 88.59
305 10.06 0.00 0.59 7.69 0.00 0.00 0.30 0.00 0.00 81.36
306 20.26 0.00 4.47 66.32 0.00 0.00 0.00 0.00 0.00 8.95
307 1.52 0.00 0.76 64.30 0.00 0.00 0.00 0.00 0.00 33.42
308 1.27 0.00 0.51 98.22 0.00 0.00 0.00 0.00 0.00 0.00
309 0.25 0.00 0.50 99.25 0.00 0.00 0.00 0.00 0.00 0.00
310 10.85 0.00 1.29 78.04 0.00 0.00 0.00 0.00 0.00 9.82
311 22.95 0.00 1.37 70.77 0.00 0.00 0.00 0.00 0.00 4.92
312 2.55 0.00 0.00 97.45 0.00 0.00 0.00 0.00 0.00 0.00
313 1.78 0.00 0.25 97.97 0.00 0.00 0.00 0.00 0.00 0.00
314 14.71 0.00 1.36 54.50 0.00 0.00 0.00 0.00 0.00 29.43
315 9.09 0.00 1.76 11.14 0.00 0.00 0.00 0.00 0.00 78.01
316 15.69 0.00 1.96 19.61 0.00 0.00 0.28 0.00 0.00 62.46
317 11.38 0.00 0.60 26.05 0.00 0.00 0.00 0.00 0.00 61.98
318 13.08 0.00 0.58 16.28 0.00 0.00 0.00 0.00 0.00 70.06
319 16.71 0.00 1.13 6.52 0.00 0.00 0.00 0.00 0.00 75.64
320 70.99 0.00 3.70 16.05 0.00 0.31 0.31 0.00 0.00 8.64
321 2.52 0.00 1.76 35.01 0.00 0.00 0.00 0.00 0.00 60.71
322 4.02 0.00 0.25 53.02 0.00 0.00 0.00 0.00 0.00 42.71
323 17.22 0.00 1.94 13.89 0.00 0.00 0.00 0.00 0.00 66.94
324 0.25 0.00 0.00 2.26 0.00 0.00 0.00 0.00 0.00 97.49
325 1.51 0.00 0.00 15.11 0.00 0.00 0.00 0.00 0.00 83.38
326 6.96 0.00 0.52 48.45 0.00 0.00 0.00 0.00 0.00 44.07
327 5.64 0.00 1.28 87.95 0.00 0.00 0.00 0.00 0.00 5.13
328 17.10 0.00 2.07 77.98 0.00 0.26 0.00 0.00 0.00 2.59
329 31.07 0.00 1.98 45.48 0.00 0.00 0.00 0.00 0.00 21.47
330 14.81 0.00 1.14 13.39 0.00 0.00 0.28 0.00 0.00 70.37
331 15.34 0.00 0.00 2.56 0.00 0.00 0.28 0.00 0.00 81.82
332 8.56 0.00 0.00 3.36 0.00 0.00 0.31 0.00 0.00 87.77
333 14.55 0.00 0.91 6.97 0.00 0.00 0.00 0.00 0.00 77.58
334 10.19 0.00 0.80 29.49 0.00 0.00 0.00 0.00 0.00 59.52
335 3.29 0.00 0.51 42.78 0.00 0.00 0.00 0.00 0.00 53.42
336 2.78 0.00 0.51 30.63 0.00 0.00 0.00 0.00 0.00 66.08
337 0.50 0.00 0.25 29.72 0.00 0.00 0.00 0.00 0.00 69.52
338 0.51 0.00 0.51 30.00 0.00 0.00 0.00 0.00 0.00 68.97
339 52.51 0.00 0.84 20.95 0.00 0.00 0.28 0.00 0.00 25.42
340 76.61 0.00 0.00 7.31 0.00 0.00 0.00 0.00 0.00 16.08
341 1.26 0.00 0.75 32.41 0.00 0.00 0.25 0.00 0.00 65.33
342 7.12 0.00 0.76 32.32 0.00 0.00 0.00 0.00 0.00 59.80
343 18.97 0.00 4.62 37.44 0.00 0.00 0.00 0.00 0.00 38.97
344 36.80 0.00 2.93 9.60 0.00 0.00 0.00 0.00 0.00 50.67
345 6.96 0.00 0.77 55.41 0.00 0.00 0.00 0.00 0.00 36.86
346 3.61 0.00 3.09 58.51 0.00 0.00 0.00 0.00 0.00 34.79
347 13.13 0.00 1.01 68.69 0.00 0.25 0.00 0.00 0.00 16.92
348 24.00 0.00 1.07 19.20 0.00 0.00 0.00 0.00 0.00 55.73
349 85.16 0.00 1.37 5.22 0.00 0.00 0.00 0.00 0.00 8.24
350 0.50 0.00 0.25 47.36 0.00 0.00 0.00 0.00 0.00 51.89
351 0.25 0.00 0.25 50.25 0.00 0.00 0.00 0.00 0.00 49.24
352 0.00 0.00 0.25 59.95 0.00 0.00 0.00 0.00 0.00 39.80
353 0.00 0.00 0.50 34.67 0.00 0.00 0.00 0.00 0.00 64.82
354 0.76 0.00 0.25 27.78 0.00 0.00 0.25 0.00 0.00 70.96
355 8.06 0.00 1.01 54.66 0.00 0.00 0.00 0.00 0.00 36.27
356 58.76 0.00 0.27 23.18 0.00 0.00 0.00 0.00 0.00 17.79
357 67.15 0.00 0.87 24.71 0.00 0.29 0.00 0.00 0.00 6.98
358 65.85 0.00 0.61 2.44 0.00 0.00 0.00 0.00 0.00 31.10
359 69.34 0.00 1.10 13.81 0.00 0.00 0.00 0.00 0.00 15.75
360 66.87 0.00 0.91 9.73 0.00 0.00 0.00 0.00 0.00 22.49
361 20.88 0.00 0.55 23.35 0.00 0.00 0.00 0.00 0.00 55.22
362 0.00 0.00 0.50 28.14 0.00 0.00 0.00 0.00 0.00 71.36
363 0.25 0.00 0.25 32.08 0.00 0.00 0.00 0.00 0.00 67.42
364 0.25 0.00 0.25 29.57 0.00 0.00 0.00 0.00 0.00 69.92
365 0.25 0.00 0.50 28.21 0.00 0.00 0.25 0.00 0.00 70.78
366 54.93 0.00 7.04 16.62 0.00 0.56 0.00 0.00 0.00 20.85
367 13.21 0.00 1.04 42.49 0.00 0.00 0.00 0.00 0.00 43.26
368 17.70 0.00 2.53 62.36 0.00 0.00 0.00 0.00 0.00 17.42
369 18.29 0.00 1.43 32.29 0.00 0.00 0.29 0.00 0.00 47.71
370 11.28 0.00 0.89 13.95 0.00 0.00 0.30 0.00 0.00 73.59
371 62.36 0.00 3.93 25.00 0.00 0.28 0.00 0.00 0.00 8.43
372 37.71 0.00 2.57 6.29 0.00 0.00 0.00 0.00 0.00 53.43
373 65.56 0.00 2.72 14.80 0.00 0.30 0.00 0.00 0.00 16.62
374 13.29 0.00 0.29 2.60 0.00 0.00 0.29 0.00 0.00 83.53
375 10.48 0.00 0.30 2.40 0.00 0.00 0.00 0.00 0.00 86.83
376 28.22 0.00 3.07 4.91 0.00 0.00 0.31 0.00 0.00 63.50
377 23.31 0.00 1.97 25.84 0.00 0.00 0.00 0.00 0.00 48.88
378 2.91 0.00 0.26 56.35 0.00 0.00 0.00 0.00 0.00 40.48
379 19.53 0.00 1.06 55.15 0.00 0.00 0.00 0.00 0.00 24.27
380 48.00 0.00 3.43 9.14 0.00 0.29 0.29 0.00 0.00 38.86
381 2.74 0.00 1.10 3.84 0.00 0.27 0.27 0.00 0.00 91.78
382 0.77 0.00 0.77 59.44 0.00 0.00 0.00 0.00 0.00 39.03
383 0.51 0.00 1.77 42.03 0.00 0.00 0.00 0.00 0.00 55.70
384 0.25 0.00 0.51 26.52 0.00 0.00 0.00 0.00 0.00 72.73
385 0.50 0.00 4.53 48.36 0.00 0.00 0.00 0.00 0.00 46.60
386 2.29 0.00 2.04 73.28 0.00 0.00 0.00 0.00 0.00 22.39
387 0.25 0.00 0.76 37.78 0.00 0.00 0.00 0.00 0.00 61.21
388 0.00 0.00 0.00 3.02 0.00 0.00 0.00 0.00 0.00 96.98
389 0.25 0.00 0.25 2.25 0.00 0.00 0.00 0.00 0.00 97.25
390 0.00 0.00 0.00 1.51 0.00 0.00 0.00 0.00 0.00 98.49
391 0.25 0.00 0.25 1.00 0.00 0.00 0.00 0.00 0.00 98.50
392 0.00 0.00 0.25 0.50 0.00 0.00 0.00 0.00 0.00 99.25
393 0.00 0.00 0.00 0.50 0.00 0.00 0.00 0.00 0.00 99.50
394 0.50 0.00 0.50 2.74 0.00 0.00 0.00 0.00 0.00 96.27
395 0.00 0.00 0.00 0.75 0.00 0.00 0.00 0.00 0.00 99.25
396 0.00 0.00 0.00 1.25 0.00 0.00 0.25 0.00 0.00 98.50
397 0.00 0.00 0.00 1.00 0.00 0.00 0.00 0.00 0.00 99.00
398 0.00 0.00 0.25 1.00 0.00 0.00 0.00 0.00 0.00 98.75
399 0.25 0.00 0.00 0.75 0.00 0.00 0.00 0.00 0.00 99.00
400 0.00 0.00 0.25 4.51 0.00 0.00 0.00 0.00 0.00 95.24
401 0.00 0.00 0.00 19.19 0.00 0.00 0.00 0.00 0.00 80.81
402 0.00 0.00 0.25 0.75 0.00 0.00 0.00 0.00 0.00 99.00
403 0.25 0.00 0.00 0.25 0.00 0.00 0.00 0.00 0.00 99.50
404 0.00 0.00 0.25 0.75 0.00 0.00 0.00 0.00 0.00 99.00
405 0.25 0.00 0.00 0.25 0.00 0.00 0.00 0.00 0.00 99.50
406 0.00 0.00 0.00 0.76 0.00 0.00 0.00 0.00 0.00 99.24
407 0.25 0.00 0.00 0.50 0.00 0.00 0.00 0.00 0.00 99.25
408 0.00 0.00 0.25 1.25 0.00 0.00 0.00 0.00 0.00 98.50
409 0.00 0.00 0.00 0.75 0.00 0.00 0.00 0.00 0.00 99.25
410 0.00 0.00 0.00 0.76 0.00 0.00 0.00 0.00 0.00 99.24
411 0.25 0.00 0.25 1.25 0.00 0.00 0.00 0.00 0.00 98.25
412 0.50 0.00 0.00 1.26 0.00 0.00 0.00 0.00 0.00 98.24
413 0.00 0.00 0.00 1.00 0.00 0.00 0.00 0.00 0.00 99.00
414 0.25 0.00 0.25 8.75 0.00 0.00 0.00 0.00 0.00 90.75
415 0.25 0.00 0.25 28.32 0.00 0.00 0.00 0.00 0.00 71.18
416 0.00 0.00 0.00 28.21 0.00 0.00 0.00 0.00 0.00 71.79
417 0.25 0.00 0.25 13.53 0.00 0.00 0.00 0.00 0.00 85.96
418 0.25 0.00 0.00 7.52 0.00 0.00 0.00 0.00 0.00 92.23
419 0.00 0.00 0.50 4.74 0.00 0.00 0.00 0.00 0.00 94.76
420 0.00 0.00 0.00 5.53 0.00 0.00 0.00 0.00 0.00 94.47
421 0.25 0.00 0.50 2.74 0.00 0.00 0.00 0.00 0.00 96.51
422 0.00 0.00 0.25 1.00 0.00 0.00 0.00 0.00 0.00 98.75
423 0.00 0.00 0.25 0.50 0.00 0.00 0.00 0.00 0.00 99.25
424 0.00 0.00 0.25 2.00 0.00 0.00 0.00 0.00 0.00 97.75
425 0.00 0.00 0.00 0.75 0.00 0.00 0.00 0.00 0.00 99.25
426 0.00 0.00 0.25 0.75 0.00 0.00 0.00 0.00 0.00 98.99
427 0.00 0.00 0.25 0.25 0.00 0.00 0.00 0.00 0.00 99.50
428 0.00 0.00 0.00 0.50 0.00 0.00 0.00 0.00 0.00 99.50
429 0.25 0.00 0.50 1.00 0.00 0.00 0.00 0.00 0.00 98.26
430 0.25 0.00 0.00 1.25 0.00 0.00 0.00 0.00 0.00 98.50
431 0.00 0.00 0.00 0.50 0.00 0.00 0.00 0.00 0.00 99.50
432 0.00 0.00 0.25 0.00 0.00 0.00 0.00 0.00 0.00 99.75
433 0.25 0.00 0.25 0.75 0.00 0.00 0.00 0.00 0.00 98.75
434 0.25 0.00 0.00 0.50 0.00 0.00 0.00 0.00 0.00 99.25
435 0.25 0.00 0.00 0.25 0.00 0.00 0.00 0.00 0.00 99.50
436 0.25 0.00 0.50 1.00 0.00 0.00 0.00 0.00 0.00 98.25
437 0.25 0.00 0.25 0.50 0.00 0.00 0.00 0.00 0.00 99.00
438 0.00 0.00 0.25 0.50 0.00 0.00 0.00 0.00 0.00 99.25
439 0.25 0.00 0.25 0.50 0.00 0.00 0.00 0.00 0.00 99.00
440 0.00 0.00 0.25 0.75 0.00 0.00 0.00 0.00 0.00 99.00
441 0.00 0.00 0.00 0.25 0.00 0.00 0.00 0.00 0.00 99.75
442 0.00 0.00 0.25 1.51 0.00 0.00 0.00 0.00 0.00 98.24
443 0.25 0.00 0.25 0.25 0.00 0.00 0.00 0.00 0.00 99.25
444 0.25 0.00 0.00 1.00 0.00 0.00 0.25 0.00 0.00 98.50
445 0.00 0.00 0.50 1.25 0.00 0.00 0.00 0.00 0.00 98.25
446 0.25 0.00 0.50 11.31 0.00 0.00 0.00 0.00 0.00 87.94
447 0.00 0.00 0.00 0.75 0.00 0.00 0.00 0.00 0.00 99.25
448 0.50 0.00 0.00 1.50 0.00 0.00 0.00 0.00 0.00 98.00
449 0.25 0.00 0.25 0.25 0.00 0.00 0.00 0.00 0.00 99.25
450 0.25 0.00 0.00 1.25 0.00 0.00 0.00 0.00 0.00 98.50
451 0.25 0.00 0.00 1.00 0.00 0.00 0.00 0.00 0.00 98.75
452 0.00 0.00 0.25 0.25 0.00 0.00 0.00 0.00 0.00 99.50
453 0.00 0.00 0.00 0.00 0.00 0.00 0.00 0.00 0.00 100.00
454 0.25 0.00 0.00 0.75 0.00 0.00 0.00 0.00 0.00 99.00
455 0.00 0.00 0.00 0.25 0.00 0.00 0.00 0.00 0.00 99.75
456 0.00 0.00 0.25 1.00 0.00 0.00 0.00 0.00 0.00 98.75
457 0.50 0.00 0.00 0.50 0.00 0.00 0.00 0.00 0.00 99.00
458 0.25 0.00 0.00 0.75 0.00 0.00 0.00 0.00 0.00 98.99
459 0.00 0.00 0.25 0.75 0.00 0.00 0.00 0.00 0.00 99.00
460 0.25 0.00 0.00 1.00 0.00 0.00 0.00 0.00 0.00 98.75
461 0.00 0.00 0.00 0.25 0.00 0.00 0.00 0.00 0.00 99.75
462 0.00 0.00 0.50 1.00 0.00 0.00 0.00 0.00 0.00 98.50
463 0.00 0.00 0.00 0.25 0.00 0.00 0.00 0.00 0.00 99.75
464 0.00 0.00 0.00 0.50 0.00 0.00 0.00 0.00 0.00 99.50
465 0.25 0.00 0.00 0.75 0.00 0.00 0.00 0.00 0.00 99.00
466 0.25 0.00 0.50 1.25 0.00 0.00 0.00 0.00 0.00 98.00
467 0.25 0.00 0.00 0.25 0.00 0.00 0.00 0.00 0.00 99.50
468 0.00 0.00 0.25 1.00 0.00 0.00 0.00 0.00 0.00 98.75
469 0.00 0.00 0.25 0.50 0.00 0.00 0.00 0.00 0.00 99.25
470 0.50 0.00 0.50 14.00 0.00 0.00 0.00 0.00 0.00 85.00
471 1.50 0.00 1.50 22.31 0.00 0.00 0.00 0.00 0.00 74.69
472 2.52 0.00 1.76 21.66 0.00 0.00 0.00 0.00 0.00 74.06
473 1.51 0.00 2.27 22.17 0.00 0.00 0.00 0.00 0.00 74.06
474 0.00 0.00 0.50 2.76 0.00 0.00 0.00 0.00 0.00 96.73
475 0.25 0.00 0.00 0.50 0.00 0.00 0.00 0.00 0.00 99.25
476 0.25 0.00 0.50 1.25 0.00 0.00 0.00 0.00 0.00 98.00
477 0.00 0.00 0.25 0.50 0.00 0.00 0.00 0.00 0.00 99.25
478 0.00 0.00 0.00 1.50 0.00 0.00 0.00 0.00 0.00 98.50
479 0.00 0.00 0.25 1.01 0.00 0.00 0.00 0.00 0.00 98.74
480 0.50 0.00 0.00 2.01 0.00 0.00 0.00 0.00 0.00 97.49
481 0.50 0.00 0.00 0.50 0.00 0.00 0.00 0.00 0.00 99.00
482 0.00 0.00 0.25 0.75 0.00 0.00 0.00 0.00 0.00 99.00
483 0.00 0.00 0.25 0.00 0.00 0.00 0.00 0.00 0.00 99.75
484 3.08 0.00 2.31 1.54 0.00 0.00 0.00 0.00 0.00 93.08
485 0.50 0.00 0.50 5.53 0.00 0.00 0.00 0.00 0.00 93.47
