0 2.37 0.49 0.00
1 0.90 2.50 0.00
2 2.14 0.42 0.00
3 0.99 0.42 0.00
4 1.11 0.93 0.00
5 5.65 3.54 0.00
6 2.86 2.61 0.00
7 1.91 0.93 0.00
8 1.22 0.42 0.00
9 4.11 0.54 0.00
10 1.12 3.57 0.00
11 2.03 2.27 0.00
12 1.16 0.42 0.00
13 1.58 0.93 0.00
14 1.67 0.42 0.00
15 1.12 0.42 0.00
16 1.97 4.28 0.00
17 1.71 0.42 0.00
18 0.55 0.42 0.00
19 1.65 0.93 0.00
20 0.45 0.00 0.00
21 1.49 1.83 0.00
22 1.70 1.05 0.00
23 1.58 0.42 0.00
24 0.66 0.42 0.00
25 1.99 0.93 0.00
26 2.84 5.59 0.00
27 0.82 0.42 0.00
28 1.76 4.12 0.00
29 26319.78 69.73 0.00
30 62905.15 105.67 0.00
31 2.39 2.91 0.00
32 0.71 1.92 0.00
33 5.16 2.62 0.00
34 1.48 2.43 0.00
35 0.44 0.42 0.00
36 2.56 2.20 0.00
37 24.48 4.62 0.00
38 0.44 0.42 0.00
39 2.25 0.42 0.00
40 1.69 4.15 0.00
41 5.79 4.56 0.00
42 1.26 0.42 0.00
43 23.95 41.16 0.00
44 41.90 72.84 0.00
45 43.18 72.84 0.00
46 24.52 59.46 0.00
47 1.17 5.31 0.00
48 1.45 0.42 0.00
49 2955.20 5155.73 0.00
50 2937.87 5161.47 0.00
51 7058.86 9814.79 0.00
52 2959.16 5195.45 0.00
53 90.60 112.41 0.00
54 224.89 264.95 0.00
55 4128.95 2991.20 0.00
56 5903.93 8689.34 0.00
57 1796.68 1799.44 0.00
58 2237.75 2721.60 0.00
59 2428.14 3041.30 0.00
60 21.54 479.42 0.00
61 2424.36 2459.67 0.00
62 2257.63 2727.90 0.00
63 509.14 54.71 0.00
64 29145.15 30448.92 0.00
65 1.75 21.51 0.00
66 27188.14 14848.60 0.00
67 63.81 14339.09 0.00
68 25328.51 16845.09 0.00
69 7251.80 17964.91 0.00
70 12746.74 11126.76 0.00
71 2731.68 4166.50 0.00
72 2253.03 4947.05 0.00
73 1818.50 4513.89 0.00
74 4603.60 617.93 0.00
75 2.16 0.42 0.00
76 2.58 2.78 0.00
77 29.25 31.86 0.00
78 12635.78 6345.32 0.00
79 6320.53 18720.43 0.00
80 31.19 6244.99 0.00
81 6370.50 144.66 0.00
82 1.60 0.95 0.00
83 12584.03 6395.67 0.00
84 56.07 6279.57 0.00
85 6263.74 23.65 0.00
86 491.18 431.23 0.00
87 9253.72 7678.59 0.00
88 13342.91 13158.04 0.00
89 2716.47 4884.51 0.00
90 3736.12 3003.84 0.00
91 7516.61 5434.10 0.00
92 4847.75 4546.74 0.00
93 6905.01 6176.49 0.00
94 8602.70 5137.45 0.00
95 7615.18 4218.51 0.00
96 8183.58 5111.70 0.00
97 4366.50 5899.21 0.00
98 2241.05 9.49 0.00
99 464.29 2.29 0.00
100 4026.98 4106.52 0.00
101 4794.24 8304.79 0.00
102 6182.29 8730.49 0.00
103 4157.26 8507.11 0.00
104 3.27 455.02 0.00
105 1.66 0.42 0.00
106 2596.07 5819.43 0.00
107 1.04 6.09 0.00
108 1.55 0.42 0.00
109 1.31 0.93 0.00
110 1389.90 2512.29 0.00
111 10036.79 10027.71 0.00
112 1.48 0.93 0.00
113 2.49 0.61 0.00
114 896.43 2.10 0.00
115 402.19 6678.18 0.00
116 4.48 3998.47 0.00
117 8.01 452.20 0.00
118 417.85 42.47 0.00
119 5892.13 3902.17 0.00
120 5.39 3718.83 0.00
121 3.51 53.46 0.00
122 1.70 1.84 0.00
123 2.63 0.56 0.00
124 7.03 19.35 0.00
125 18.75 1255.96 0.00
126 5231.53 5061.05 0.00
127 1099.85 2.67 0.00
128 6.21 1.21 0.00
129 3.04 0.54 0.00
130 38.92 6268.65 0.00
131 2.81 6.73 0.00
132 26.66 37.36 0.00
133 3921.38 54.22 0.00
134 2395.66 10.15 0.00
135 0.77 0.00 0.00
136 1.62 2.73 0.00
137 0.71 1.84 0.00
138 1.92 6.37 0.00
139 4666.42 46.56 0.00
140 5109.64 51.67 0.00
141 1490.90 3.23 0.00
142 2.10 0.99 0.00
143 1329.78 9.20 0.00
144 13.09 14.14 0.00
145 1.54 0.93 0.00
146 6.26 21.02 0.00
147 3.20 0.49 0.00
148 1.65 0.93 0.00
149 12.05 20.49 0.00
150 1.05 4.25 0.00
151 69.15 107.49 0.00
152 2.64 1.90 0.00
153 21.78 18.87 0.00
154 1.33 0.93 0.00
155 0.66 0.00 0.00
156 8.83 21.62 0.00
157 25.68 22.73 0.00
158 1.22 0.43 0.00
159 2.02 0.49 0.00
160 1.64 0.93 0.00
161 1.20 2.33 0.00
162 1.60 0.00 0.00
163 2.12 0.99 0.00
164 5.36 15.98 0.00
165 2.50 3.53 0.00
166 4.39 12.33 0.00
167 1.60 4.88 0.00
168 2.40 3.39 0.00
169 5.63 12.04 0.00
170 1.90 0.62 0.00
171 2.95 2.28 0.00
172 1.36 0.93 0.00
173 45.39 41.36 0.00
174 15.98 7.41 0.00
175 0.77 0.93 0.00
176 24.58 17.14 0.00
177 12.52 31.51 0.00
178 5.21 12.47 0.00
179 1.84 1.90 0.00
180 3.29 10.83 0.00
181 1.72 4.34 0.00
182 5.33 13.17 0.00
183 0.96 2.98 0.00
184 1.20 5.33 0.00
185 20.53 44.62 0.00
186 4.34 8.95 0.00
187 2.29 0.65 0.00
188 7.12 10.43 0.00
189 1.08 0.55 0.00
190 5.82 14.03 0.00
191 2.76 2.10 0.00
192 0.60 0.00 0.00
193 29.23 15.06 0.00
194 4.83 8.56 0.00
195 17.69 28.49 0.00
196 23.00 10.68 0.00
197 3.66 3.06 0.00
198 11.89 5.50 0.00
199 1.80 2.42 0.00
200 4.61 17.16 0.00
201 3.00 10.13 0.00
202 1.71 0.99 0.00
203 2.17 0.48 0.00
204 1.91 0.49 0.00
205 17.16 41.80 0.00
206 19.59 47.26 0.00
207 0.82 0.45 0.00
208 1.55 0.93 0.00
209 3.05 5.59 0.00
210 1.41 3.09 0.00
211 2.85 2.73 0.00
212 0.94 1.84 0.00
213 3.36 5.59 0.00
214 1.33 0.93 0.00
215 16.70 10.56 0.00
216 6.87 5.04 0.00
217 3.99 10.72 0.00
218 2.61 1.05 0.00
219 1.00 0.00 0.00
220 4.29 20.16 0.00
221 1.53 3.56 0.00
222 2.48 4.88 0.00
223 6.43 16.98 0.00
224 1.14 1.90 0.00
225 5.64 9.37 0.00
226 1.79 2.85 0.00
227 2.17 1.90 0.00
228 151.13 30853.28 0.00
229 163.40 16762.78 0.00
230 23.16 48.25 0.00
231 5.42 3.88 0.00
232 39.49 49.39 0.00
233 1958.25 22.86 0.00
234 677.18 17.00 0.00
235 2674.97 3366.48 0.00
236 4495.18 4214.28 0.00
237 6271.37 2919.57 0.00
238 10.47 14.20 0.00
239 2842.85 7802.41 0.00
240 5.70 460.01 0.00
241 30.79 6256.90 0.00
242 21.79 20.25 0.00
243 19.56 19.37 0.00
244 6288.37 38.53 0.00
245 6283.14 65.54 0.00
246 0.76 2.01 0.00
247 787.20 16.81 0.00
248 11763.05 28.32 0.00
249 17.81 11.06 0.00
250 4.26 1.78 0.00
251 2.65 1.86 0.00
252 23.57 1316.74 0.00
253 7.84 2062.75 0.00
254 46.23 9165.07 0.00
255 6310.68 53.81 0.00
256 500.54 30.40 0.00
257 3908.25 64.61 0.00
258 1879.19 23.92 0.00
259 16.59 6222.21 0.00
260 3.23 22.05 0.00
261 4.34 7.95 0.00
262 21.58 21.81 0.00
263 2.26 0.42 0.00
264 0.34 0.00 0.00
265 4.80 1.26 0.00
266 9.49 22.90 0.00
267 5.58 10.48 0.00
268 2.26 1.07 0.00
269 3.37 5.03 0.00
270 12.41 29.56 0.00
271 68.53 31.16 0.00
272 10.63 22.33 0.00
273 1.49 1.90 0.00
274 1.42 2.42 0.00
275 1.96 0.42 0.00
276 2.57 9.64 0.00
277 2.35 0.93 0.00
278 1.19 0.42 0.00
279 18.37 41.65 0.00
280 18.53 22.33 0.00
281 18.45 32.79 0.00
282 53.29 44.57 0.00
283 18.20 11.48 0.00
284 0.70 1.90 0.00
285 1.14 1.90 0.00
286 2.00 2.38 0.00
287 0.86 2.92 0.00
288 8.93 20.84 0.00
289 4.76 10.56 0.00
290 48.21 85.55 0.00
291 1.18 2.27 0.00
292 1.71 1.00 0.00
293 0.89 0.00 0.00
294 0.89 0.42 0.00
295 1.33 0.93 0.00
296 1.53 2.07 0.00
297 1.38 0.00 0.00
298 6.22 12.70 0.00
299 1.92 5.02 0.00
300 1.52 3.67 0.00
301 2.82 11.72 0.00
302 1.79 0.29 0.00
303 15.00 35.40 0.00
304 44.17 27.06 0.00
305 1.38 1.44 0.00
306 33.60 38.21 0.00
307 21.35 12.18 0.00
308 0.66 0.42 0.00
309 1.55 0.42 0.00
310 3.58 8.38 0.00
311 1.98 5.05 0.00
312 11.33 36.49 0.00
313 0.99 6.89 0.00
314 1.23 0.00 0.00
315 6.41 10.88 0.00
316 12.83 11.16 0.00
317 17.85 22.60 0.00
318 2.15 6.38 0.00
319 22.31 19.31 0.00
320 1.87 17.59 0.00
321 8.47 19.86 0.00
322 1.04 0.51 0.00
323 7.72 14.70 0.00
324 2.33 4.88 0.00
325 0.88 1.07 0.00
326 50.29 77.50 0.00
327 1.33 0.90 0.00
328 7.95 9.47 0.00
329 22.93 6727.74 0.00
330 10990.89 5757.02 0.00
331 1615.60 4041.42 0.00
332 2.60 3.14 0.00
333 1.05 0.48 0.00
334 12.00 2241.51 0.00
335 2.47 0.48 0.00
336 1.16 2.08 0.00
337 4.34 3.96 0.00
338 0.66 0.51 0.00
339 3.62 7.97 0.00
340 20.14 47.67 0.00
341 1.68 2.66 0.00
342 5713.19 23.97 0.00
343 561.96 2.82 0.00
344 5.89 7.96 0.00
345 24.96 25.00 0.00
346 3.94 6.01 0.00
347 14.18 29.64 0.00
348 43.36 5683.83 0.00
349 21.30 6806.83 0.00
350 10253.53 50.74 0.00
351 2343.14 20.43 0.00
352 15.04 28.66 0.00
353 3.32 4.75 0.00
354 1.11 0.43 0.00
355 5081.45 69.39 0.00
356 2521.39 25.85 0.00
357 9760.89 32.68 0.00
358 1504.62 21.98 0.00
359 1.80 0.51 0.00
360 17.76 1287.98 0.00
361 22.21 4977.33 0.00
362 1826.90 51.80 0.00
363 4450.31 53.98 0.00
364 3.14 4.96 0.00
365 1.21 1.48 0.00
366 4.43 12.75 0.00
367 9.68 10.73 0.00
368 3.66 3.71 0.00
369 4.06 5.55 0.00
370 7.21 377.01 0.00
371 19.13 5810.74 0.00
372 5.61 9.96 0.00
373 0.77 0.42 0.00
374 3.52 3.70 0.00
375 1.11 0.42 0.00
376 1.69 3.67 0.00
377 2.14 1.03 0.00
378 2.32 2.46 0.00
379 1.67 0.43 0.00
380 1.29 2.55 0.00
381 2.83 4.71 0.00
382 3.30 0.42 0.00
383 5.99 1.38 0.00
384 0.77 0.42 0.00
385 2.76 1.19 0.00
386 2.01 1.79 0.00
387 0.93 0.00 0.00
388 2.89 3.16 0.00
389 0.99 0.93 0.00
390 0.88 0.42 0.00
391 1.79 0.48 0.00
392 1.03 2.43 0.00
393 0.77 0.42 0.00
394 2.00 0.42 0.00
395 0.99 0.93 0.00
396 1.33 0.42 0.00
397 1.15 0.42 0.00
398 0.77 0.93 0.00
399 1.78 0.42 0.00
400 0.99 0.42 0.00
401 0.77 0.93 0.00
402 1.38 0.42 0.00
403 0.66 0.42 0.00
404 0.99 0.93 0.00
405 1.67 0.42 0.00
406 1.23 0.48 0.00
407 1.26 2.43 0.00
408 3.74 236.28 0.00
409 0.99 0.42 0.00
410 1.41 0.93 0.00
411 1.78 0.42 0.00
412 1.04 0.42 0.00
413 1.10 0.93 0.00
414 1.55 0.42 0.00
415 1.59 0.48 0.00
416 2.24 0.94 0.00
417 1.26 0.42 0.00
418 1.06 0.48 0.00
419 2.14 0.42 0.00
420 2.71 0.51 0.00
421 0.68 0.48 0.00
422 1.70 2.43 0.00
423 1.33 0.42 0.00
424 2.37 0.42 0.00
425 1.44 0.93 0.00
426 1.11 0.42 0.00
427 2.45 0.42 0.00
428 1.87 0.93 0.00
429 0.77 0.42 0.00
430 0.77 0.42 0.00
431 1.99 0.93 0.00
432 1.82 0.42 0.00
433 1.20 0.42 0.00
434 1.65 0.93 0.00
435 0.88 0.42 0.00
436 2.12 0.48 0.00
437 1.48 2.43 0.00
438 1.00 0.42 0.00
439 2.21 0.42 0.00
440 1.00 0.93 0.00
441 1.33 0.42 0.00
442 2.05 0.42 0.00
443 1.36 0.93 0.00
444 1.56 0.42 0.00
445 1.44 0.42 0.00
446 0.87 0.93 0.00
447 0.93 0.42 0.00
448 1.90 0.42 0.00
449 0.54 0.93 0.00
450 0.88 0.42 0.00
451 2.37 1.98 0.00
452 1.38 0.93 0.00
453 0.77 0.42 0.00
454 1.66 0.42 0.00
455 0.77 0.93 0.00
456 2.00 0.42 0.00
457 1.11 0.42 0.00
458 1.28 0.93 0.00
459 2.48 0.42 0.00
460 1.39 0.42 0.00
461 0.88 0.93 0.00
462 2.53 0.42 0.00
463 0.33 0.42 0.00
464 0.84 0.93 0.00
465 2.04 0.42 0.00
466 0.90 1.98 0.00
467 1.04 0.93 0.00
468 1.88 0.41 0.00
469 0.45 0.42 0.00
470 1.21 0.93 0.00
471 1.33 0.42 0.00
472 1.77 0.42 0.00
473 0.66 0.93 0.00
474 2.22 0.42 0.00
475 0.78 0.00 0.00
476 2.35 0.93 0.00
477 1.46 0.42 0.00
478 0.97 0.42 0.00
479 2.24 0.93 0.00
480 2.08 0.42 0.00
481 1.13 0.56 0.00
482 5.92 5.64 0.00
483 0.77 0.42 0.00
484 1.19 0.42 0.00
485 3.43 118.73 0.00
486 0.77 0.42 0.00
487 6.93 47.77 0.00
488 1.72 0.93 0.00
489 5.53 4.15 0.00
490 3.46 292.60 0.00
