0 15.95 16.88 0.00
1 7.73 1.19 0.00
2 10.08 3.10 0.00
3 3.17 0.60 0.00
4 4.47 1.38 0.00
5 3.65 0.64 0.00
6 29.43 33.54 0.00
7 4.47 2.33 0.00
8 4.22 1.70 0.00
9 2.69 3.96 0.00
10 13.97 22.22 0.00
11 17.42 3.96 0.00
12 2.48 1.22 0.00
13 5.50 7.82 0.00
14 4.18 0.73 0.00
15 2.30 0.53 0.00
16 15.27 3.38 0.00
17 10.45 3.73 0.00
18 2.34 0.49 0.00
19 5.13 0.96 0.00
20 2.59 0.64 0.00
21 10.65 2.51 0.00
22 5.03 0.92 0.00
23 3.29 0.64 0.00
24 2.55 0.53 0.00
25 5.58 0.96 0.00
26 17.75 5.36 0.00
27 9.04 5.05 0.00
28 17.81 4.79 0.00
29 54.03 56.01 0.00
30 540.18 275142.63 0.00
31 110.04 78332.21 0.00
32 25.95 19.08 0.00
33 10.12 244.32 0.00
34 228.84 88086.88 0.00
35 2.54 0.64 0.00
36 14.11 3.90 0.00
37 12.62 48.06 0.00
38 6.37 24.02 0.00
39 7.45 2.10 0.00
40 10.18 1.88 0.00
41 20.96 16.08 0.00
42 10.59 4.61 0.00
43 65.29 36.26 0.00
44 182.77 100.20 0.00
45 261.11 152.27 0.00
46 210.67 122.94 0.00
47 112.93 58.11 0.00
48 63.99 27.51 0.00
49 138.83 122.95 0.00
50 38.41 19.80 0.00
51 268.49 156.44 0.00
52 295.34 172.56 0.00
53 161.75 94.65 0.00
54 118.08 63.36 0.00
55 332.33 206.05 0.00
56 235.86 136.96 0.00
57 239.12 121.62 0.00
58 164.83 120.49 0.00
59 33.80 9.91 0.00
60 218.79 102.73 0.00
61 224.87 103.96 0.00
62 131.14 57.05 0.00
63 144.46 52.38 0.00
64 174.34 118.22 0.00
65 41.41 19.76 0.00
66 152.95 71.94 0.00
67 81.00 34.08 0.00
68 181.79 88.43 0.00
69 70.14 29.19 0.00
70 143.23 65.08 0.00
71 70.44 27.77 0.00
72 22.48 2.00 0.00
73 42.34 3.33 0.00
74 32.78 3.30 0.00
75 7.99 0.93 0.00
76 16.64 4.04 0.00
77 10.15 1.22 0.00
78 119.79 116.14 0.00
79 89.32 38.01 0.00
80 64.71 26.90 0.00
81 205.17 88.77 0.00
82 48.67 17.23 0.00
83 69.07 25.95 0.00
84 257.36 106.73 0.00
85 4.25 0.97 0.00
86 159.75 35.41 0.00
87 141.11 118.16 0.00
88 4.27 0.92 0.00
89 13.08 3.84 0.00
90 151.68 63.84 0.00
91 93.50 37.67 0.00
92 34.21 11.36 0.00
93 33.19 11.83 0.00
94 78.35 32.82 0.00
95 85.65 36.71 0.00
96 71.88 28.01 0.00
97 55.68 22.34 0.00
98 35.83 15.13 0.00
99 2.43 0.43 0.00
100 5.59 0.96 0.00
101 81.64 31.42 0.00
102 53.56 16.96 0.00
103 72.31 23.72 0.00
104 15.91 1.20 0.00
105 2.40 0.53 0.00
106 35.39 7.41 0.00
107 58.18 9.08 0.00
108 2.95 0.72 0.00
109 9.98 2.18 0.00
110 32.42 3.96 0.00
111 210.68 150.15 0.00
112 87.40 36.89 0.00
113 3.27 0.64 0.00
114 33.26 11.45 0.00
115 66.31 28.64 0.00
116 28.07 6.93 0.00
117 33.26 9.42 0.00
118 28.50 10.16 0.00
119 88.65 38.10 0.00
120 24.85 8.80 0.00
121 76.20 27.43 0.00
122 16.87 2.38 0.00
123 24.08 7.41 0.00
124 31.40 8.28 0.00
125 28.54 10.12 0.00
126 111.67 41.47 0.00
127 24.84 5.90 0.00
128 60.75 25.09 0.00
129 60.12 24.03 0.00
130 67.83 14.20 0.00
131 29.72 7.09 0.00
132 33.99 8.03 0.00
133 54.87 20.01 0.00
134 66.13 15.49 0.00
135 18.29 3.44 0.00
136 21.15 4.48 0.00
137 9.78 1.86 0.00
138 8.66 1.99 0.00
139 7.23 2.22 0.00
140 62.66 23.55 0.00
141 14.81 3.95 0.00
142 13.48 2.00 0.00
143 11.87 5.50 0.00
144 7.24 1.94 0.00
145 10.48 2.66 0.00
146 32.51 16.46 0.00
147 4.89 0.94 0.00
148 5.41 0.96 0.00
149 3.62 0.64 0.00
150 20.52 1.97 0.00
151 136.84 116.39 0.00
152 49.48 12.16 0.00
153 23.71 5.51 0.00
154 22.32 6.90 0.00
155 12.28 3.53 0.00
156 28.90 7.51 0.00
157 54.97 21.50 0.00
158 28.54 11.38 0.00
159 17.30 6.79 0.00
160 6.57 1.45 0.00
161 14.97 2.52 0.00
162 22.27 7.08 0.00
163 31.75 11.56 0.00
164 22.77 6.27 0.00
165 9.41 1.58 0.00
166 26.88 5.79 0.00
167 26.81 8.65 0.00
168 10.57 2.63 0.00
169 12.68 3.30 0.00
170 70.97 27.79 0.00
171 14.51 2.90 0.00
172 20.71 5.03 0.00
173 31.71 8.00 0.00
174 11.79 3.45 0.00
175 13.61 3.58 0.00
176 16.25 6.74 0.00
177 23.89 5.36 0.00
178 48.80 18.85 0.00
179 9.60 2.66 0.00
180 69.37 22.81 0.00
181 45.38 23.45 0.00
182 36.21 8.94 0.00
183 16.75 3.19 0.00
184 42.39 15.56 0.00
185 43.92 18.57 0.00
186 29.00 7.54 0.00
187 16.79 7.29 0.00
188 11.91 2.99 0.00
189 14.86 5.72 0.00
190 45.39 17.21 0.00
191 18.52 4.15 0.00
192 40.89 13.92 0.00
193 14.61 2.98 0.00
194 8.93 2.41 0.00
195 23.57 8.04 0.00
196 22.81 4.94 0.00
197 28.37 8.64 0.00
198 8.24 1.86 0.00
199 9.04 2.47 0.00
200 16.82 3.32 0.00
201 49.26 16.83 0.00
202 16.28 4.61 0.00
203 18.97 2.92 0.00
204 10.62 3.10 0.00
205 30.93 13.06 0.00
206 88.05 34.35 0.00
207 12.14 3.51 0.00
208 13.22 2.06 0.00
209 12.11 3.61 0.00
210 6.07 0.85 0.00
211 39.28 11.54 0.00
212 18.69 3.68 0.00
213 29.04 8.35 0.00
214 44.62 16.61 0.00
215 15.08 4.46 0.00
216 29.76 5.18 0.00
217 25.19 4.22 0.00
218 10.28 1.34 0.00
219 6.57 1.58 0.00
220 28.14 13.21 0.00
221 11.31 2.66 0.00
222 18.83 4.73 0.00
223 22.85 5.36 0.00
224 28.37 5.70 0.00
225 29.99 3.93 0.00
226 19.13 3.66 0.00
227 17.84 3.15 0.00
228 6.64 1.99 0.00
229 22.20 3.13 0.00
230 34.50 3.97 0.00
231 102.00 113.74 0.00
232 38.79 10.48 0.00
233 10.91 1.78 0.00
234 12.83 3.62 0.00
235 38.47 17.62 0.00
236 32.40 11.80 0.00
237 40.29 13.33 0.00
238 107.96 52.17 0.00
239 11.61 2.32 0.00
240 30.05 11.10 0.00
241 69.76 28.05 0.00
242 21.83 3.76 0.00
243 17.62 2.58 0.00
244 3.84 0.85 0.00
245 105.19 47.29 0.00
246 50.12 21.22 0.00
247 16.31 3.83 0.00
248 4.58 0.90 0.00
249 65.46 28.58 0.00
250 24.59 5.60 0.00
251 21.10 6.88 0.00
252 24.82 5.44 0.00
253 80.64 33.33 0.00
254 32.83 11.51 0.00
255 111.84 44.13 0.00
256 30.24 9.18 0.00
257 74.10 18.28 0.00
258 44.98 6.25 0.00
259 30.14 12.65 0.00
260 20.33 2.90 0.00
261 24.42 4.37 0.00
262 142.40 116.42 0.00
263 7.29 1.05 0.00
264 2.25 0.43 0.00
265 13.81 4.67 0.00
266 9.26 1.40 0.00
267 15.56 4.75 0.00
268 5.36 1.21 0.00
269 20.67 6.12 0.00
270 11.70 2.75 0.00
271 13.01 3.39 0.00
272 52.04 12.12 0.00
273 39.30 16.34 0.00
274 12.51 1.87 0.00
275 25.55 8.57 0.00
276 17.79 4.00 0.00
277 22.13 7.67 0.00
278 5.96 1.21 0.00
279 3.62 1.00 0.00
280 95.77 38.44 0.00
281 10.82 1.87 0.00
282 41.38 14.31 0.00
283 58.67 22.26 0.00
284 17.06 5.29 0.00
285 19.06 7.56 0.00
286 33.15 10.06 0.00
287 31.55 10.75 0.00
288 5.01 1.42 0.00
289 15.14 4.15 0.00
290 30.30 7.66 0.00
291 79.68 29.49 0.00
292 58.23 21.81 0.00
293 9.24 0.93 0.00
294 3.75 0.98 0.00
295 11.41 5.95 0.00
296 52.78 18.88 0.00
297 7.24 1.61 0.00
298 6.32 1.43 0.00
299 89.27 37.53 0.00
300 30.42 9.49 0.00
301 19.42 4.50 0.00
302 34.68 7.73 0.00
303 19.37 4.84 0.00
304 19.87 5.75 0.00
305 16.83 4.76 0.00
306 23.36 6.60 0.00
307 50.73 15.17 0.00
308 39.07 15.92 0.00
309 22.88 8.29 0.00
310 31.88 10.75 0.00
311 18.92 2.91 0.00
312 42.10 12.08 0.00
313 53.30 14.46 0.00
314 38.05 15.33 0.00
315 11.86 3.42 0.00
316 65.41 22.72 0.00
317 30.54 7.49 0.00
318 42.08 8.43 0.00
319 30.64 7.38 0.00
320 31.76 6.21 0.00
321 23.20 5.76 0.00
322 57.86 11.09 0.00
323 32.77 4.88 0.00
324 33.45 6.97 0.00
325 14.95 3.04 0.00
326 9.88 2.47 0.00
327 96.47 152.43 0.00
328 25.86 4.62 0.00
329 11.48 4.58 0.00
330 19.63 6.23 0.00
331 16.27 5.46 0.00
332 23.47 5.19 0.00
333 8.12 2.75 0.00
334 24.95 6.56 0.00
335 16.13 4.70 0.00
336 14.12 2.78 0.00
337 15.06 4.02 0.00
338 6.48 3.21 0.00
339 7.75 1.85 0.00
340 57.94 23.85 0.00
341 2.69 0.71 0.00
342 20.02 2.93 0.00
343 60.53 24.99 0.00
344 9.08 2.50 0.00
345 11.44 4.29 0.00
346 116.24 49.08 0.00
347 32.60 10.82 0.00
348 30.38 12.59 0.00
349 21.75 8.27 0.00
350 83.15 36.18 0.00
351 13.81 2.75 0.00
352 47.79 16.44 0.00
353 73.84 29.53 0.00
354 40.83 18.76 0.00
355 11.89 3.37 0.00
356 55.72 21.76 0.00
357 29.76 11.33 0.00
358 72.24 30.33 0.00
359 26.20 13.18 0.00
360 14.07 2.67 0.00
361 29.17 7.90 0.00
362 96.80 35.69 0.00
363 43.46 18.19 0.00
364 10.91 1.68 0.00
365 8.33 2.62 0.00
366 15.92 3.10 0.00
367 21.68 3.70 0.00
368 70.78 29.39 0.00
369 55.17 25.29 0.00
370 18.94 4.07 0.00
371 25.45 5.33 0.00
372 18.32 5.85 0.00
373 69.41 9.96 0.00
374 41.02 14.94 0.00
375 7.06 1.78 0.00
376 7.04 1.22 0.00
377 15.60 2.68 0.00
378 7.76 2.26 0.00
379 22.66 7.37 0.00
380 9.39 2.17 0.00
381 15.86 3.51 0.00
382 34.45 5.84 0.00
383 8.74 29.41 0.00
384 3.99 1.10 0.00
385 6.28 1.61 0.00
386 3.62 0.81 0.00
387 11.05 2.66 0.00
388 12.29 0.85 0.00
389 4.26 1.07 0.00
390 3.43 0.75 0.00
391 4.63 0.70 0.00
392 10.00 1.37 0.00
393 3.59 0.70 0.00
394 3.19 0.53 0.00
395 4.29 0.85 0.00
396 3.88 0.75 0.00
397 2.40 0.53 0.00
398 3.89 0.85 0.00
399 4.16 0.75 0.00
400 2.62 0.53 0.00
401 3.73 0.85 0.00
402 3.77 0.75 0.00
403 2.34 0.53 0.00
404 3.95 0.85 0.00
405 3.88 0.75 0.00
406 4.20 0.66 0.00
407 10.45 1.37 0.00
408 240.65 2.27 0.00
409 2.73 0.53 0.00
410 3.84 0.85 0.00
411 4.67 0.83 0.00
412 2.19 0.53 0.00
413 4.14 0.75 0.00
414 4.21 0.75 0.00
415 2.74 0.53 0.00
