0 2.37 0.37 0.00
1 0.90 0.96 0.00
2 2.14 1.73 0.00
3 0.99 0.30 0.00
4 0.94 0.82 0.00
5 5.48 3.53 0.00
6 3.18 2.86 0.00
7 1.51 0.82 0.00
8 1.22 0.30 0.00
9 4.11 0.43 0.00
10 1.52 3.45 0.00
11 1.96 2.23 0.00
12 1.16 0.30 0.00
13 1.58 0.82 0.00
14 1.78 0.30 0.00
15 1.01 0.30 0.00
16 2.10 3.01 0.00
17 1.71 1.73 0.00
18 0.55 0.30 0.00
19 1.65 0.82 0.00
20 0.55 0.30 0.00
21 1.32 1.97 0.00
22 1.70 0.82 0.00
23 1.58 0.30 0.00
24 0.66 0.30 0.00
25 1.99 0.82 0.00
26 1.58 3.99 0.00
27 2.06 1.96 0.00
28 1.76 4.01 0.00
29 17.34 7.72 0.00
30 88318.21 118.34 0.00
31 2.39 4.44 0.00
32 0.71 0.30 0.00
33 5.14 2.51 0.00
34 1.48 2.32 0.00
35 0.44 0.30 0.00
36 2.52 1.96 0.00
37 0.99 0.85 0.00
38 24.03 4.19 0.00
39 2.25 0.30 0.00
40 1.62 0.95 0.00
41 5.51 4.45 0.00
42 1.55 4.54 0.00
43 14.88 24.89 0.00
44 32.14 53.75 0.00
45 39.26 67.56 0.00
46 47.24 84.91 0.00
47 37.80 69.64 0.00
48 1.64 15.18 0.00
49 3536.84 7949.98 0.00
50 3513.96 7948.37 0.00
51 7085.52 16524.46 0.00
52 3542.21 7411.08 0.00
53 93.11 109.04 0.00
54 138.41 164.97 0.00
55 1248.80 8084.39 0.00
56 6067.87 13656.36 0.00
57 87.99 3995.22 0.00
58 2555.82 2096.97 0.00
59 2746.41 2144.34 0.00
60 584.91 272.78 0.00
61 1881.89 1742.43 0.00
62 2763.30 1906.68 0.00
63 6.15 123.38 0.00
64 29569.29 35614.40 0.00
65 1.75 0.30 0.00
66 21234.95 22031.20 0.00
67 7864.15 13032.94 0.00
68 23471.34 28591.18 0.00
69 7250.23 8807.92 0.00
70 7132.69 17339.93 0.00
71 6851.82 4337.01 0.00
72 6771.55 30.30 0.00
73 4285.14 104.00 0.00
74 181.13 1236.31 0.00
75 2.16 36.38 0.00
76 2.71 4.37 0.00
77 26.73 273.37 0.00
78 6425.51 12268.88 0.00
79 25013.37 15304.37 0.00
80 6323.87 9750.32 0.00
81 109.76 6346.54 0.00
82 1.89 5.42 0.00
83 12560.20 6294.91 0.00
84 5.79 1.35 0.00
85 43.53 12420.69 0.00
86 13001.51 828.05 0.00
87 8103.58 9609.93 0.00
88 12411.79 13894.11 0.00
89 5186.45 3074.85 0.00
90 3287.07 4139.71 0.00
91 5549.79 6839.88 0.00
92 5576.38 4791.49 0.00
93 8645.35 6786.90 0.00
94 4488.58 7025.22 0.00
95 8053.64 5827.09 0.00
96 6761.89 6950.93 0.00
97 7442.92 5009.96 0.00
98 6655.01 5629.12 0.00
99 550.14 3842.87 0.00
100 941.02 1881.55 0.00
101 3699.37 3357.46 0.00
102 5836.70 3924.91 0.00
103 5842.45 6399.33 0.00
104 1.85 0.44 0.00
105 9.60 8.22 0.00
106 2264.16 11.83 0.00
107 52.40 0.43 0.00
108 1.55 0.30 0.00
109 13.62 1390.53 0.00
110 2804.87 3559.59 0.00
111 9819.10 10227.17 0.00
112 1.48 0.88 0.00
113 17.26 827.76 0.00
114 4409.44 6429.61 0.00
115 8679.25 6134.13 0.00
116 4043.72 4186.59 0.00
117 268.76 0.63 0.00
118 4.36 1.30 0.00
119 4078.21 1865.93 0.00
120 3690.66 2426.23 0.00
121 9.07 15.27 0.00
122 2.06 6.38 0.00
123 12566.61 8410.23 0.00
124 8.24 8.21 0.00
125 10.58 13.91 0.00
126 5.90 11.00 0.00
127 5.08 6.85 0.00
128 1478.22 84.93 0.00
129 4864.07 10.72 0.00
130 14.84 10.44 0.00
131 2.87 6.82 0.00
132 21.62 31.77 0.00
133 36.27 3880.79 0.00
134 6280.68 7683.78 0.00
135 4.17 986.74 0.00
136 2.46 13.22 0.00
137 0.71 0.30 0.00
138 0.89 0.30 0.00
139 15.00 6147.43 0.00
140 5.49 61.85 0.00
141 1.40 1.99 0.00
142 2.33 2.49 0.00
143 1.25 0.30 0.00
144 2.52 3.22 0.00
145 1.54 0.83 0.00
146 1.57 2.39 0.00
147 3.38 0.33 0.00
148 1.47 0.82 0.00
149 3.41 3.22 0.00
150 0.77 0.32 0.00
151 96.50 99.76 0.00
152 2.68 4.82 0.00
153 2.92 7.83 0.00
154 1.33 0.96 0.00
155 1.03 1.79 0.00
156 8.05 17.11 0.00
157 3.79 5.69 0.00
158 9.65 20.66 0.00
159 3.03 5.39 0.00
160 1.54 0.51 0.00
161 1.33 2.47 0.00
162 2.00 3.41 0.00
163 3.17 5.25 0.00
164 1.83 0.37 0.00
165 1.99 0.32 0.00
166 2.04 3.07 0.00
167 0.82 1.73 0.00
168 3.30 2.80 0.00
169 25.28 27.61 0.00
170 4.90 11.08 0.00
171 7.53 14.59 0.00
172 1.91 8.20 0.00
173 6.73 15.74 0.00
174 4.23 7.96 0.00
175 1.03 2.44 0.00
176 2.34 2.35 0.00
177 4.07 3.41 0.00
178 56.94 47.64 0.00
179 2.21 3.36 0.00
180 17.95 39.39 0.00
181 6.11 14.90 0.00
182 19.70 15.77 0.00
183 0.55 0.30 0.00
184 5.24 13.74 0.00
185 4.03 5.02 0.00
186 4.31 11.68 0.00
187 2.81 3.49 0.00
188 30.49 15.15 0.00
189 1.08 0.63 0.00
190 14.64 13.73 0.00
191 3.28 5.11 0.00
192 1.00 5.72 0.00
193 5.14 9.74 0.00
194 3.25 1.61 0.00
195 3.15 0.38 0.00
196 2.21 2.99 0.00
197 0.82 1.81 0.00
198 6.20 16.92 0.00
199 2.06 3.93 0.00
200 27.58 28.63 0.00
201 10.39 23.15 0.00
202 1.60 0.51 0.00
203 23.38 14.47 0.00
204 5.68 14.90 0.00
205 7.61 5.82 0.00
206 12.33 30.27 0.00
207 1.34 3.28 0.00
208 2.07 3.79 0.00
209 15.06 13.25 0.00
210 5.93 10.78 0.00
211 7.45 19.77 0.00
212 1.22 6.45 0.00
213 8.47 8.29 0.00
214 1.65 8.31 0.00
215 2.26 2.19 0.00
216 6.10 14.37 0.00
217 1.53 2.44 0.00
218 28.45 15.67 0.00
219 1.11 0.30 0.00
220 15.61 8.56 0.00
221 1.85 3.90 0.00
222 2.67 9.52 0.00
223 5.31 22.05 0.00
224 0.88 0.44 0.00
225 6.70 9.74 0.00
226 1.98 3.15 0.00
227 2.19 1.73 0.00
228 24037.96 43.19 0.00
229 26.98 26.87 0.00
230 19.06 22.07 0.00
231 8.90 4.87 0.00
232 31.02 2916.07 0.00
233 21.01 4565.52 0.00
234 28.20 2529.49 0.00
235 3366.13 2210.24 0.00
236 4497.56 3753.96 0.00
237 2644.92 1.33 0.00
238 3.64 1.42 0.00
239 7876.85 2860.44 0.00
240 462.06 8.90 0.00
241 6263.53 21.95 0.00
242 8.76 13.84 0.00
243 5.70 7.42 0.00
244 6270.39 29.92 0.00
245 3.28 0.51 0.00
246 1.09 2.35 0.00
247 12.97 1403.53 0.00
248 67.13 29725.53 0.00
249 35.73 63.10 0.00
250 12524.07 77.88 0.00
251 4.68 5.35 0.00
252 1435.46 2954.14 0.00
253 2072.14 2526.77 0.00
254 2823.79 830.72 0.00
255 24.71 6234.74 0.00
256 20.37 24.72 0.00
257 1054.20 22.85 0.00
258 3501.67 23.90 0.00
259 1770.07 28.92 0.00
260 16.08 6176.95 0.00
261 6291.11 104.74 0.00
262 22.68 39.29 0.00
263 2.09 0.30 0.00
264 0.44 0.30 0.00
265 43.81 34.01 0.00
266 42.71 16.14 0.00
267 5.44 11.43 0.00
268 2.15 0.51 0.00
269 4.10 8.17 0.00
270 12.12 25.51 0.00
271 8.40 24.31 0.00
272 4.26 6.25 0.00
273 5.54 14.49 0.00
274 1.16 7.40 0.00
275 1.96 0.30 0.00
276 1.52 2.35 0.00
277 2.18 0.82 0.00
278 1.19 0.30 0.00
279 1.43 0.37 0.00
280 2.20 0.91 0.00
281 15.42 36.48 0.00
282 12.23 30.17 0.00
283 18.28 42.00 0.00
284 0.44 0.30 0.00
285 0.88 0.30 0.00
286 2.36 4.47 0.00
287 0.71 0.33 0.00
288 76.27 37.10 0.00
289 3.94 7.19 0.00
290 10.58 24.14 0.00
291 0.92 1.93 0.00
292 2.16 7.62 0.00
293 1.61 3.71 0.00
294 0.78 0.00 0.00
295 1.33 0.82 0.00
296 2.64 9.23 0.00
297 1.49 0.30 0.00
298 21.46 44.85 0.00
299 3.14 9.49 0.00
300 1.22 0.00 0.00
301 1.01 0.96 0.00
302 10.89 5.76 0.00
303 24.48 42.11 0.00
304 13.57 32.72 0.00
305 1.90 3.42 0.00
306 32.85 22.65 0.00
307 3.65 0.89 0.00
308 0.66 0.30 0.00
309 20.56 7.52 0.00
310 7.16 7.38 0.00
311 2.37 8.20 0.00
312 7.63 27.36 0.00
313 0.77 0.00 0.00
314 7.30 13.24 0.00
315 14.71 31.30 0.00
316 1.66 2.45 0.00
317 27.57 29.00 0.00
318 1.63 3.28 0.00
319 5.37 16.85 0.00
320 1.97 3.29 0.00
321 7.87 17.78 0.00
322 10.70 13.00 0.00
323 48.03 34.25 0.00
324 3.58 24.78 0.00
325 0.71 0.96 0.00
326 66.81 33.33 0.00
327 2.44 6.61 0.00
328 21.11 17.99 0.00
329 6794.79 48.20 0.00
330 5760.87 9773.43 0.00
331 4050.40 2681.13 0.00
332 1.83 0.43 0.00
333 1.05 0.37 0.00
334 2253.28 6238.10 0.00
335 5.86 11.87 0.00
336 0.77 0.32 0.00
337 3.88 2.25 0.00
338 0.66 0.30 0.00
339 1.40 2.22 0.00
340 1.66 0.51 0.00
341 0.99 0.30 0.00
342 5.72 12.09 0.00
343 2.70 0.32 0.00
344 5.50 9.48 0.00
345 25.62 54.66 0.00
346 2.72 0.96 0.00
347 4.42 7.15 0.00
348 11991.11 77.58 0.00
349 6848.01 22.96 0.00
350 26.21 4489.07 0.00
351 32.06 8012.18 0.00
352 16.08 1757.40 0.00
353 20.92 3926.75 0.00
354 33.38 5138.50 0.00
355 6283.61 1791.96 0.00
356 7.13 1237.71 0.00
357 20.41 9649.38 0.00
358 1075.55 1561.59 0.00
359 3209.22 10.86 0.00
360 2015.74 18.53 0.00
361 14.69 6243.31 0.00
362 25.29 55.44 0.00
363 1.00 1.65 0.00
364 4.03 5.73 0.00
365 1.11 0.36 0.00
366 3.82 4.87 0.00
367 4824.93 52.81 0.00
368 7773.91 40.92 0.00
369 5.53 509.41 0.00
370 13.86 5730.10 0.00
371 5.96 6.07 0.00
372 8.89 23.90 0.00
373 3.05 23.80 0.00
374 4.26 5.05 0.00
375 0.94 0.32 0.00
376 1.35 0.96 0.00
377 2.04 1.73 0.00
378 2.59 2.35 0.00
379 2.35 2.82 0.00
380 0.89 0.30 0.00
381 2.52 2.56 0.00
382 3.70 2.44 0.00
383 5.78 0.88 0.00
384 1.34 1.93 0.00
385 2.74 1.01 0.00
386 1.53 1.14 0.00
387 1.23 3.04 0.00
388 2.70 0.51 0.00
389 0.88 0.30 0.00
390 0.88 0.30 0.00
391 1.89 0.88 0.00
392 0.93 1.81 0.00
393 0.77 0.30 0.00
394 2.11 0.82 0.00
395 0.88 0.30 0.00
396 1.33 0.30 0.00
397 1.25 0.82 0.00
398 0.66 0.30 0.00
399 1.61 0.30 0.00
400 1.10 0.82 0.00
401 0.66 0.30 0.00
402 1.38 0.30 0.00
403 0.77 0.82 0.00
404 0.88 0.30 0.00
405 1.67 0.30 0.00
406 1.34 0.96 0.00
407 1.15 1.73 0.00
408 2.11 0.30 0.00
409 1.10 0.82 0.00
410 1.23 0.30 0.00
411 1.78 0.30 0.00
412 1.14 0.82 0.00
413 0.99 0.30 0.00
414 1.55 0.30 0.00
415 1.69 0.88 0.00
416 2.14 0.32 0.00
417 1.10 0.30 0.00
418 1.00 0.88 0.00
419 2.14 0.30 0.00
420 2.54 0.30 0.00
421 0.79 2.39 0.00
422 1.59 0.30 0.00
423 1.33 0.30 0.00
424 2.31 0.82 0.00
425 1.33 0.30 0.00
426 1.11 0.30 0.00
427 2.56 0.82 0.00
428 1.77 0.30 0.00
429 0.77 0.30 0.00
430 0.88 0.82 0.00
431 1.72 0.30 0.00
432 1.65 0.30 0.00
433 1.31 0.82 0.00
434 1.44 0.00 0.00
435 0.88 0.30 0.00
436 2.23 0.88 0.00
437 1.37 1.81 0.00
438 1.00 0.30 0.00
439 2.32 0.82 0.00
440 0.89 0.30 0.00
441 1.33 0.30 0.00
442 2.16 0.82 0.00
443 1.25 0.30 0.00
444 1.56 0.30 0.00
445 1.54 0.82 0.00
446 0.76 0.30 0.00
447 0.93 0.30 0.00
448 1.83 0.82 0.00
449 0.43 0.30 0.00
450 0.88 0.30 0.00
451 2.42 0.88 0.00
452 1.27 1.81 0.00
453 0.77 0.30 0.00
454 1.76 0.82 0.00
455 0.66 0.30 0.00
456 2.00 0.30 0.00
457 1.20 0.81 0.00
458 1.17 0.30 0.00
459 2.48 0.30 0.00
460 1.49 0.82 0.00
461 0.77 0.30 0.00
462 2.53 0.30 0.00
463 0.44 0.82 0.00
464 0.73 0.30 0.00
465 2.04 0.30 0.00
466 1.01 0.88 0.00
467 0.94 1.81 0.00
468 1.90 0.30 0.00
469 0.56 0.82 0.00
470 1.11 0.30 0.00
471 1.33 0.30 0.00
472 1.88 0.82 0.00
473 0.55 0.30 0.00
474 2.22 0.30 0.00
475 1.00 0.82 0.00
476 2.25 0.30 0.00
477 1.46 0.30 0.00
478 3.62 2.86 0.00
479 3.69 1.48 0.00
480 1.91 0.30 0.00
481 1.23 0.88 0.00
482 3.28 119.25 0.00
483 0.77 0.30 0.00
484 1.29 0.82 0.00
485 1.44 0.30 0.00
486 5.49 46.26 0.00
487 2.19 1.95 0.00
488 1.62 0.30 0.00
489 7.47 296.43 0.00
490 0.54 0.51 0.00
