0 0 3 1024512 3622308 10268 70676 26 35 275 16 9 8 1 87 4 0
1 0 0 1024440 3622908 10308 69712 80 0 0 206 396 0 0 96 4 0
2 0 0 1024368 3621684 10308 70808 40 0 0 155 351 0 0 99 1 0
3 0 0 1024296 3622516 10308 69776 84 0 0 175 379 0 0 97 3 0
4 0 0 1024236 3621432 10308 70800 64 0 4 152 357 0 0 99 0 0
5 0 0 1024168 3622268 10320 69768 76 0 64 149 378 0 0 99 1 0
6 1 0 1024112 3620872 10320 70792 56 0 0 177 405 1 0 98 2 0
7 0 0 1024052 3616728 10320 69784 68 0 0 571 1078 3 3 93 2 0
8 0 0 1023980 3615428 10320 70820 64 0 0 159 399 0 0 98 2 0
9 0 0 1023920 3616560 10320 69792 64 0 0 134 354 0 0 98 1 0
10 0 1 1023824 3615688 10320 70732 168 0 0 215 467 0 0 90 10 0
11 0 1 1023272 3615532 10368 69684 872 0 16 522 815 1 0 72 28 0
12 0 1 1023108 3590544 10916 75888 244 0 0 503 670 0 1 70 29 0
13 0 1 1023052 3589468 10916 75780 48 0 0 429 643 1 1 73 26 0
14 0 1 1022796 3576228 11076 83424 328 0 0 686 983 2 1 61 37 0
15 0 1 1022740 3568080 11076 86544 60 0 0 526 727 2 1 72 26 0
16 1 0 1022684 3562220 11088 89532 76 0 144 604 810 3 1 73 24 0
17 0 1 1022616 3548604 11088 93864 76 0 0 733 913 4 1 74 21 0
18 0 1 1022544 3537540 11088 97972 84 0 0 501 701 1 1 73 26 0
19 0 2 1022408 3530456 11216 101544 176 0 332 681 979 2 1 70 28 0
20 3 1 1022280 3514504 12500 109532 52 0 0 978 1844 3 1 49 47 0
21 0 3 1022196 3500656 13464 112460 104 0 0 1429 2085 6 1 57 36 0
22 0 1 1021832 3483516 13464 113060 340 0 0 679 926 7 1 64 28 0
23 0 1 1021776 3466608 13468 115876 80 0 0 750 1054 7 1 69 24 0
24 0 1 1021712 3446384 13480 116636 76 0 28 703 863 9 1 68 21 0
25 0 1 1021648 3442324 13480 120084 84 0 0 567 753 3 0 71 26 0
26 1 1 1021592 3429716 13480 120720 56 0 0 672 824 11 1 69 19 0
27 1 1 1021532 3369936 13480 124576 64 0 0 988 1423 8 2 69 22 0
28 2 0 1021456 3341952 13480 126416 96 0 0 1043 1339 10 2 69 19 0
29 3 0 1021396 3258144 13488 130120 80 0 48 1257 1839 10 2 70 18 0
30 3 1 1021332 3238196 13488 131456 56 0 0 749 1096 5 1 74 20 0
31 2 2 1021256 3203800 13488 133092 88 0 0 667 1231 3 1 68 28 0
32 2 2 1021088 3185584 13488 132640 208 0 0 903 1563 5 1 52 43 0
33 0 2 1020908 3085904 13488 221944 200 0 61376 3799 954 7 6 66 21 0
34 1 1 1020752 2989364 13496 309408 176 0 26904 960 1525 3 6 49 43 0
35 0 1 1020584 2961644 13496 311532 188 0 0 640 996 6 1 51 42 0
36 0 2 1020380 2939464 13496 311408 288 0 0 617 995 3 1 60 37 0
37 0 1 1020104 2917096 13496 312996 332 0 0 555 960 2 1 51 46 0
38 0 1 1020048 2921520 13496 312640 52 0 0 379 728 1 0 73 26 0
39 0 1 1019980 2872808 13508 314828 108 0 136 1037 1644 13 2 72 13 0
40 1 0 1019836 2721664 13508 320540 84 0 0 1235 1245 8 1 73 18 0
41 0 2 1019224 2692148 13508 326156 804 0 0 1908 3141 10 1 65 23 0
42 4 0 1019088 2595156 13708 327488 176 0 0 1510 1233 82 3 11 5 0
43 5 6 1018816 2272572 13712 336344 376 0 564 2909 2013 83 9 5 3 0
44 0 1 1018232 2122560 13716 341956 820 0 4 1594 1376 33 4 44 19 0
45 0 1 1017536 2122252 13716 340880 1276 0 0 714 1160 1 0 73 26 0
46 0 1 1017320 2120548 13716 341952 584 0 0 600 1040 0 0 74 25 0
47 0 1 1017168 2122064 13716 340964 588 0 64 456 991 0 0 73 26 0
48 6 2 1016992 2009892 13724 341960 684 0 528 2785 2884 25 5 50 20 0
49 4 1 1016696 1868312 13724 346728 788 0 0 4346 2523 86 8 5 1 0
50 7 2 1016376 1833180 13732 358396 816 0 0 6714 3424 84 8 5 2 0
51 4 0 1015996 1796076 13732 361072 780 0 0 3850 2356 90 3 4 2 0
52 4 0 1015940 1789572 13732 366656 72 0 232 3515 2203 91 3 5 0 0
53 11 2 1015884 1716188 13736 379756 88 0 516 5489 2312 88 8 4 0 0
54 4 0 1015816 1580524 13740 391532 56 0 28 5579 2213 92 6 2 0 0
55 4 0 1015760 1573884 13740 397416 64 0 0 5825 2294 92 6 2 0 0
56 0 1 1015700 1570552 13740 400816 60 0 0 1437 1108 16 2 80 3 0
57 4 0 1015628 1567236 13744 403476 64 0 40124 3506 2012 73 4 17 5 0
58 4 1 1015568 1535420 13752 433732 44 0 596 5928 1992 88 7 5 0 0
59 4 0 1015516 1450056 13752 463140 60 0 0 4483 1583 90 6 3 0 0
60 3 0 1015340 1312968 13760 507524 88 0 24516 5231 2261 78 6 12 4 0
61 0 0 1015280 1294964 13764 522900 60 0 144828 1365 996 16 2 75 7 0
62 4 1 1015208 1279112 13768 521792 92 0 628 3818 2336 50 5 38 7 0
63 4 0 1015148 1060512 13772 546376 60 0 0 2410 1442 89 7 4 0 0
64 6 0 1015092 825808 13772 546768 44 0 0 35699 2943 66 25 9 0 0
65 5 0 1015028 460512 13748 571444 44 0 0 10521 1556 78 20 1 0 0
66 5 1 1014960 332504 13752 571020 88 0 32620 5001 2993 86 10 4 0 0
67 4 3 1015100 157880 13596 435904 64 204 55856 5621 2753 69 22 8 1 0
68 0 6 1015036 145792 13596 446952 68 0 0 2063 2300 18 1 12 69 0
69 1 5 1015212 146672 13500 429740 52 228 228 3306 1689 33 2 0 64 1
70 1 4 1015188 143412 13428 385188 80 40 42868 3866 1520 26 5 11 57 0
71 0 4 1014820 137712 13428 391152 420 0 0 834 1346 1 2 40 57 0
72 1 1 1014752 135220 13432 393420 84 0 544 540 862 0 1 73 27 0
73 0 0 1014700 136244 13436 392404 64 0 4 290 693 0 0 95 5 0
74 1 0 1014632 135036 13436 393556 52 0 0 319 740 0 0 91 9 0
75 0 1 1014556 135932 13436 392684 80 0 0 489 860 1 1 87 12 0
76 3 1 1015500 116120 13436 409244 68 1000 1000 1596 1425 17 2 33 48 0
77 1 0 1016108 147504 12532 278736 92 680 760 7146 728 16 9 73 2 0
78 1 3 1016052 140096 12560 284584 60 0 0 966 793 26 1 69 4 0
79 3 0 1015996 104008 12600 320776 40 0 0 3965 2309 49 4 13 34 0
80 7 0 1016728 108296 12592 315812 84 0 0 3155 2043 56 2 39 3 0
81 0 0 1016668 106388 12600 317264 76 0 564 1516 973 26 2 71 2 0
82 0 1 1016608 107288 12600 316132 72 0 0 308 692 0 0 98 2 0
83 1 5 1019356 119856 12592 306156 88 2836 2836 1066 1338 5 1 86 9 0
84 1 5 1019300 107720 12592 315004 64 0 0 1719 2236 20 2 6 73 0
85 2 3 1019396 132532 12456 294480 84 172 172 2197 2335 15 2 19 63 0
86 0 9 1019292 109348 12412 317524 120 4 30948 2564 1589 84 4 4 8 0
87 2 4 1019272 119824 12360 308552 60 48 456 2643 2405 30 2 24 44 0
88 1 6 1019220 109236 12364 316876 64 0 18828 1572 1638 8 1 18 73 0
89 1 5 1019080 105312 12364 322008 132 0 0 1331 1445 20 1 4 75 0
90 4 4 1019196 112100 12304 315576 52 176 176 1885 2141 16 2 19 63 0
91 4 3 1019128 104552 12312 323780 68 0 592 1824 1849 28 1 15 56 0
92 0 6 1019092 111240 12152 317372 84 44 12480 1841 2082 18 2 21 59 0
93 4 5 1019044 104876 12152 323472 56 0 0 1524 1862 9 1 23 68 0
94 0 4 1019060 127836 10336 302176 76 88 31292 2500 1742 40 3 23 34 0
95 0 2 1019004 123996 10336 306568 48 0 0 1483 1720 7 1 46 47 0
96 0 0 1018948 124652 10344 305756 56 0 564 723 963 2 0 79 19 0
97 0 2 1018884 122524 10344 307296 80 0 0 772 985 2 0 80 18 0
98 0 7 1018804 108804 10344 319272 88 0 0 1702 1616 41 3 21 35 0
99 4 0 1018748 141196 10232 276936 64 0 0 31144 1686 31 8 11 49 0
100 1 0 1018616 140156 10240 276524 56 0 508 582 506 7 0 88 5 0
101 1 0 1018552 140072 10240 275488 60 0 0 470 525 19 0 78 2 0
102 0 0 1018480 127992 10240 289224 88 0 24940 1209 1129 23 2 71 4 0
103 0 0 1018356 128660 10240 288340 96 0 0 328 752 0 0 97 3 0
104 0 0 1018288 127820 10240 289260 68 0 0 290 663 0 0 97 2 0
105 0 0 1018224 116348 10248 300724 68 0 592 1394 1218 19 3 75 3 0
106 5 1 1018128 114208 10252 304028 92 0 0 1405 1495 13 2 74 12 0
107 1 0 1020012 126944 10252 273668 60 1944 1944 4986 2206 63 8 23 7 0
108 1 0 1019940 124956 10252 274268 108 0 0 457 489 6 0 92 2 0
109 1 0 1019872 125496 10252 273244 56 0 0 547 679 1 0 94 4 1
110 1 0 1019812 124120 10260 274860 64 0 528 586 636 1 1 94 4 0
111 0 1 1019748 122736 10260 273600 208 0 0 872 1111 7 0 55 37 0
112 0 1 1019684 119712 10260 275520 148 0 0 472 968 2 0 72 26 0
113 0 1 1038140 132072 8504 264604 92 18512 47432 5348 816 13 4 71 12 0
114 1 2 1038072 106452 8508 289904 100 0 14072 846 932 14 3 75 9 0
115 1 0 1038020 117904 7792 280676 64 0 16924 1073 835 12 1 75 11 0
116 1 0 1038004 131176 7536 267520 84 60 24820 1899 888 20 2 57 22 0
117 1 0 1037912 118828 7544 281020 108 0 0 1573 1405 18 1 39 41 0
118 1 0 1037796 116756 7544 282356 152 0 0 468 522 11 0 84 5 0
119 1 0 1037736 117792 7544 281468 64 0 0 405 405 16 0 81 3 0
120 0 5 1037576 117308 7556 282452 92 0 5144 696 654 15 1 71 14 0
121 1 6 1037496 121004 6504 288896 88 4 21604 815 930 13 1 16 70 0
122 1 0 1037448 113552 6324 297488 84 24 29928 800 894 12 1 71 16 1
123 1 0 1037412 107504 6040 302580 72 20 29136 792 842 20 2 71 7 0
124 1 0 1037344 113604 5700 296568 212 12 592 1497 1214 22 3 59 16 0
125 1 0 1037832 110956 5324 304100 72 556 32252 1211 1022 23 2 60 14 0
126 0 0 1037824 115708 5092 298272 56 48 48 674 817 13 2 82 3 0
127 0 1 1037768 114620 5092 299656 56 0 0 386 743 1 0 90 9 0
128 0 1 1037692 115612 5092 299108 64 0 0 461 795 1 1 81 18 0
129 0 0 1037636 108176 5100 306028 48 0 516 652 766 0 1 74 25 0
130 0 0 1037576 108376 5100 304976 68 0 2592 300 681 0 0 93 6 0
131 0 0 1037516 107044 5100 306004 52 0 0 317 724 0 0 84 16 0
132 0 0 1037420 107784 5100 305076 140 0 0 313 676 0 0 92 8 0
133 0 0 1037360 107448 5100 305996 64 0 0 295 673 0 0 97 3 0
134 0 0 1037292 108440 5108 304972 68 0 24 344 749 0 0 97 2 0
135 0 0 1037236 107132 5108 306124 48 0 0 371 725 1 0 96 3 0
136 0 0 1037176 107664 5108 304984 80 0 0 316 698 0 0 98 1 0
137 0 0 1037104 107944 5108 306100 68 0 0 348 736 0 0 96 4 0
138 0 0 1037052 107636 5108 305176 52 0 0 444 950 0 1 95 5 0
139 0 0 1036984 106636 5116 306272 68 0 12 343 727 0 0 96 4 0
140 0 0 1036860 106248 5116 306404 68 0 0 315 703 0 0 97 2 0
141 0 1 1036800 107068 5124 305676 68 0 0 402 816 0 1 91 8 0
142 0 0 1036728 106240 5304 307032 72 0 0 498 893 0 1 90 9 0
143 0 0 1036668 107264 5312 306036 60 0 44 334 730 0 0 98 2 0
144 0 0 1036608 106272 5312 306996 60 0 8796 349 659 0 0 88 12 0
145 2 2 1036560 115804 4700 297728 204 72 23836 1596 1925 15 3 39 43 0
146 1 1 1036468 111132 4516 303880 88 0 0 789 787 15 1 80 3 0
147 1 0 1036580 110952 3400 305344 52 168 40300 920 899 15 3 66 16 0
148 0 4 1054896 131628 2932 285364 52 18360 39736 2642 829 10 2 54 34 0
149 1 1 1054816 118544 2936 299736 80 0 15748 682 784 3 0 48 49 0
150 1 1 1054904 131864 2416 285024 80 172 16264 760 809 20 2 55 23 0
151 1 3 1054840 118308 2420 298624 76 0 16384 540 734 8 1 62 29 0
152 3 2 1054792 102500 2420 315164 72 0 23676 556 708 14 2 79 5 0
153 0 5 1054792 119900 2184 297736 24 40 124 1151 822 64 1 12 23 0
154 4 0 1054712 120168 2644 296052 76 0 4 528 862 3 0 36 61 0
155 1 7 1054792 129912 2448 289800 36 100 28188 890 1083 17 7 21 55 0
156 1 0 1054708 128856 2004 179208 92 16 16 30325 1022 35 13 21 32 0
157 1 0 1054632 126836 2004 180028 80 0 0 461 509 12 0 87 1 0
158 1 0 1054576 127868 2004 178912 64 0 0 455 460 15 0 83 2 0
159 1 0 1054520 126704 2012 179892 48 0 564 479 454 5 0 80 14 1
160 1 6 1054396 116796 2024 190200 68 0 0 1107 1112 2 1 6 91 0
161 0 4 1054312 110180 2024 196532 68 0 0 2715 1779 5 1 24 70 0
162 0 2 1054260 106680 1852 200292 80 32 18876 5022 2893 19 3 26 51 0
163 1 2 1054212 103336 1860 203760 52 0 520 1567 1394 3 0 51 46 0
164 0 7 1055928 133000 1716 180200 24 1744 18664 1227 744 6 2 34 59 0
165 1 0 1055824 113292 1716 199552 100 0 17160 911 988 19 1 31 49 0
166 1 0 1055780 106548 1588 206596 60 16 17996 798 1094 11 2 79 8 0
167 1 0 1055748 111092 1512 203908 44 32 32700 743 910 9 2 88 2 0
168 1 1 1057856 133912 1392 183136 68 2160 30324 1269 817 6 1 74 20 0
169 1 0 1057792 113148 1428 203976 60 0 11452 611 780 11 1 75 13 0
170 4 2 1078996 147380 1292 170584 60 21272 42540 15672 1136 29 4 58 8 0
171 1 0 1078884 115484 1304 202360 116 0 37772 1712 1066 46 5 18 31 0
172 0 6 1078864 120980 1256 197672 56 28 20680 958 999 38 2 39 20 0
173 0 7 1078840 115076 1264 203396 28 0 20000 805 959 5 2 40 54 0
174 1 4 1078800 106104 1264 212928 32 0 0 771 883 11 1 37 51 0
175 1 6 1079124 114568 1248 226716 56 376 2964 1131 1018 12 2 25 61 0
176 1 3 1089000 125636 964 217496 84 9968 34612 3808 914 18 5 23 53 0
177 2 2 1088972 125848 884 228236 60 36 30008 2356 1566 26 2 28 44 0
178 0 8 1088948 110068 884 241916 28 0 10960 1486 1324 8 1 7 84 0
179 1 1 1088884 122856 860 229352 100 36 6252 920 1004 27 2 26 44 0
180 1 0 1088796 109428 856 245752 52 0 9112 693 825 9 1 73 18 0
181 1 1 1089016 103964 864 250880 108 328 41496 708 913 13 3 70 14 0
182 1 1 1089064 120924 860 234336 84 132 23832 3721 1825 58 4 17 21 0
183 0 1 1089012 109408 836 206272 52 0 6164 16351 1031 26 5 40 29 0
184 1 0 1088944 109112 836 205808 68 0 0 310 530 3 0 63 34 0
185 1 0 1088884 107916 836 206864 72 0 0 476 497 8 0 88 3 0
186 1 0 1088828 108804 836 206024 68 0 0 500 536 14 0 85 1 0
187 3 6 1088828 104220 816 209960 56 60 17908 817 685 7 1 57 35 0
188 0 7 1088980 142396 796 172084 52 200 200 916 1082 1 0 9 90 0
189 1 4 1088912 137884 796 177072 64 0 0 1009 1088 2 1 0 97 0
190 0 4 1088840 134644 796 181240 100 0 0 1335 1357 2 0 11 87 0
191 0 5 1088784 113832 800 201720 48 0 292 3904 2072 12 1 22 66 0
192 1 1 1089224 118900 788 198164 64 504 22340 6695 2405 37 3 8 51 1
193 1 0 1089500 119548 780 198888 68 344 21760 1214 1018 12 1 70 16 0
194 1 0 1090384 123784 776 194840 56 940 37472 1932 1154 22 4 50 24 0
195 1 0 1111376 126340 780 194484 68 21056 39252 7904 1097 19 4 68 10 0
196 3 0 1112048 113436 784 207888 60 1000 39600 2682 851 19 2 76 3 0
197 1 0 1112660 116080 776 205476 72 412 412 1202 1058 7 1 77 15 0
198 1 0 1112604 117136 776 204648 60 0 0 556 954 1 0 90 10 0
199 0 1 1112532 115884 776 205556 112 0 0 358 753 0 1 73 27 0
200 0 2 1112416 115572 792 206184 84 0 16008 374 740 0 0 70 29 0
201 1 4 1112584 122696 776 198256 96 228 228 742 953 5 1 39 55 0
202 0 11 1112556 114984 776 205584 32 0 268 418 703 3 0 8 89 0
203 2 2 1112452 103236 784 216900 116 0 22020 942 986 36 1 7 55 0
204 1 0 1113032 126128 992 194448 140 668 36876 1155 1309 16 4 51 28 0
205 0 3 1112976 110652 1000 210392 60 0 8756 670 871 12 1 79 8 0
206 0 8 1113720 130588 1092 192344 32 776 18428 1222 1264 30 3 11 56 0
207 0 9 1113824 143184 1096 178948 8 108 6296 368 675 1 0 25 74 0
208 0 0 1113736 148640 1096 172400 84 0 0 509 755 0 1 68 31 0
209 0 1 1113688 147664 1096 173136 52 0 0 379 743 1 0 86 13 0
210 0 0 1113608 148624 1096 172288 68 0 0 379 844 0 1 87 12 0
211 0 0 1113552 147600 1104 173264 56 0 548 429 815 0 0 88 12 0
212 1 0 1113496 148544 1112 172156 52 0 12400 344 729 0 0 94 6 0
213 0 0 1113428 147384 1112 173252 72 0 0 355 780 0 0 96 3 0
214 0 0 1113360 148400 1112 172184 68 0 0 397 802 0 0 90 10 0
215 1 1 1113300 148140 1116 173180 68 0 32 371 743 0 0 90 10 0
216 0 0 1113232 149008 1120 172152 68 0 4 368 816 0 0 91 8 0
217 0 0 1113168 147796 1120 173212 68 0 0 364 792 0 0 89 11 0
218 0 0 1113112 148788 1124 172184 56 0 0 330 729 0 0 98 3 0
219 0 2 1112592 207036 1120 91532 200 52 52 2218 2130 3 4 86 6 0
220 0 4 1112468 166892 1152 133244 76 0 6672 1163 1410 8 1 30 60 0
221 1 7 1112400 151824 1152 148200 80 0 0 1246 1627 18 1 7 74 0
222 0 14 1112372 130800 1156 168664 36 0 468 1046 1201 21 1 0 78 0
223 0 5 1112312 122204 1172 177496 56 0 8224 940 1251 4 1 8 87 0
224 1 5 1112204 110724 1176 189336 92 0 436 783 1213 9 0 17 73 0
225 1 4 1112536 115160 1192 183940 1044 500 27804 1796 1816 31 2 32 35 0
226 1 0 1112264 117588 1156 179184 3044 92 15628 2339 2572 13 1 52 34 0
227 1 3 1112448 113884 964 183740 72 256 12716 1404 1293 33 3 37 27 0
228 0 0 1112996 120776 880 176592 60 608 608 1863 1970 18 3 44 36 0
229 0 1 1112880 120696 880 176284 164 0 0 441 853 0 0 82 17 0
230 0 1 1112776 119520 888 177188 216 0 592 571 898 1 0 66 34 0
231 0 1 1112632 119468 1128 176408 244 0 0 458 868 0 0 68 32 0
232 0 0 1112496 118352 1144 177164 196 0 8400 585 1011 1 0 84 15 0
233 4 0 1112424 119220 1144 176336 68 0 0 588 800 19 0 78 3 0
234 4 0 1092584 126168 1168 159092 10040 700 700 3807 2884 33 3 13 51 0
235 1 0 1092528 126348 1180 159044 52 0 624 694 604 18 1 75 6 0
236 1 0 1092460 125028 1180 160036 68 0 0 508 600 6 0 89 4 0
237 1 0 1092400 125352 1180 159168 60 0 0 463 540 14 0 82 3 0
238 1 2 1095504 122808 1180 162456 68 3164 3164 2062 1887 23 2 40 35 0
239 0 2 1095436 105424 1188 179668 68 0 9456 909 984 21 1 68 9 0
240 1 0 1099724 130120 1192 156172 60 0 0 513 860 2 0 76 22 0
241 1 1 1099648 110100 1196 177956 80 0 20056 845 895 19 1 71 8 0
242 1 0 1099544 111372 1192 175584 104 0 22280 1057 1056 26 2 66 5 0
243 1 1 1140564 103112 1192 185960 68 41080 52432 3762 1722 18 3 55 24 0
244 1 3 1140512 103216 1144 187436 68 0 8896 1173 952 30 2 51 17 0
245 0 1 1140436 111488 1136 178996 92 16 8744 1142 889 14 2 53 32 0
246 0 0 1140372 111028 1136 179960 76 0 0 437 719 0 0 71 29 0
247 0 0 1140304 109932 1136 181060 52 0 0 394 798 0 1 96 4 0
248 0 0 1140244 110580 1136 180244 60 0 0 324 701 0 0 98 2 0
249 0 1 1140188 109376 1144 181436 72 0 564 409 707 0 0 98 2 0
250 0 5 1140124 102684 1144 188080 84 0 17312 952 996 2 1 58 40 0
251 2 4 1140056 116596 1104 174672 80 0 0 2428 2049 1 1 8 90 0
252 0 5 1139984 105420 1104 185956 72 0 0 3360 2324 6 1 4 89 0
253 0 5 1140092 112336 1112 178520 80 172 172 3459 2318 14 1 6 79 0
254 0 4 1140160 119288 1096 172700 52 128 212 4442 2771 8 1 9 82 0
255 1 1 1140192 115488 1084 175228 100 92 92 2872 2278 14 2 29 54 0
256 0 5 1140188 108588 1084 183928 12 0 8788 408 655 11 1 23 65 0
257 1 3 1140220 123564 1052 168396 12 44 11556 365 659 4 1 25 71 0
258 4 1 1140124 103580 1332 186988 116 0 15840 1376 1688 17 1 40 41 0
259 4 0 1140144 122604 1464 168320 84 108 34824 1560 1121 85 4 6 5 0
260 1 0 1140020 112996 1508 176724 60 0 0 479 495 15 0 62 23 0
261 1 1 1139952 114040 1508 175692 96 0 0 425 488 15 0 76 9 0
262 0 5 1139904 112616 1512 177236 72 0 0 492 560 10 0 73 17 0
263 3 4 1139916 129136 1608 163204 68 92 15472 1546 1547 5 2 29 64 0
264 2 3 1139840 125812 1608 166800 56 0 0 1061 1188 1 0 26 73 0
265 0 5 1139788 114232 1608 179660 92 0 0 3928 2162 9 1 12 78 0
266 0 4 1139880 124820 1588 168860 80 160 160 4590 2527 26 1 3 70 0
267 3 1 1139808 113624 1596 180640 80 0 472 4088 2980 6 1 3 90 0
268 0 0 1139752 110304 1596 183604 32 0 4672 2366 2174 4 1 79 16 0
269 0 1 1139700 110324 1596 183464 88 0 0 356 687 0 0 94 5 0
270 1 1 1139692 122716 1588 171016 44 68 6352 575 802 8 2 72 18 0
271 1 2 1139668 110608 1588 184156 40 0 8612 574 694 13 2 40 45 0
272 1 0 1139924 114040 1584 180580 64 336 27612 949 1351 9 1 53 37 0
273 1 1 1140000 115972 1572 178548 108 144 15560 745 789 14 1 66 19 0
274 1 0 1140220 116184 1568 178824 52 296 31660 689 786 13 2 81 4 0
275 1 0 1140388 119804 1496 176464 124 232 14668 765 861 14 2 81 3 0
276 1 0 1140320 105072 1500 190128 52 0 13100 816 793 33 1 65 1 0
277 1 1 1140484 112164 1132 184840 84 216 16764 749 817 6 1 88 5 0
278 0 10 1140960 131324 1240 166364 44 516 32352 1943 3193 53 5 13 29 0
279 0 15 1141152 137300 1228 159244 4 192 364 480 1075 1 0 0 99 0
280 0 9 1142092 176916 1224 128888 8 320 6740 429 735 1 1 0 99 0
281 0 5 1142024 180064 1260 127108 68 0 840 954 1016 2 1 3 94 0
282 0 5 1141964 158408 1260 150832 72 0 0 3230 2394 7 1 2 90 0
283 0 4 1141896 131020 1316 178656 108 0 0 4093 2290 30 1 1 68 0
284 1 1 1141888 122204 980 187276 100 64 18724 3772 2772 17 2 27 55 0
285 1 0 1141812 105596 980 203496 88 0 8476 575 752 13 2 57 28 0
286 1 2 1142148 114836 968 195368 80 388 30748 770 818 12 3 74 11 0
287 1 0 1142080 112316 964 205352 76 0 18352 780 809 20 2 71 7 0
288 4 0 1142124 116656 960 201488 64 112 19064 981 855 35 2 59 4 0
289 1 0 1142064 111448 960 207020 64 0 0 1176 855 46 1 44 9 0
290 1 0 1141996 109712 960 208140 32 0 0 442 430 18 0 80 2 0
291 1 0 1141940 110392 968 207280 64 0 520 523 393 9 0 89 1 0
292 1 2 1141932 131692 968 185368 56 52 26536 856 706 13 1 66 19 0
293 0 4 1141868 113708 972 202812 92 0 13396 1160 1095 16 3 16 64 0
294 0 4 1141808 109948 972 207288 76 0 0 917 911 2 1 24 74 0
295 0 6 1141768 108604 972 209220 56 0 0 744 938 1 1 0 98 0
296 0 5 1141676 104248 976 213132 68 0 272 766 969 1 1 0 98 0
297 2 2 1141736 110232 976 208588 64 116 464 4325 2457 14 2 10 76 0
298 0 4 1141984 117556 924 200804 32 316 6484 3239 1869 19 1 5 75 0
299 0 5 1141932 112848 924 205956 96 0 0 1013 1012 3 0 0 97 0
300 1 1 1141892 106404 900 212304 88 116 9056 1702 1499 15 2 48 36 0
301 1 0 1141920 103064 900 216488 96 128 26588 802 871 12 2 76 10 0
302 1 0 1141900 109000 900 212604 212 168 18776 1351 942 17 2 52 30 0
303 1 0 1143892 127112 460 194400 64 2060 25880 1244 883 8 1 78 14 0
304 1 0 1143836 106680 492 215316 52 0 28096 687 786 18 1 69 13 0
305 4 0 1143996 124476 500 198228 64 224 224 2048 1040 43 1 53 3 0
306 0 1 1144372 123912 1240 197684 92 464 58516 2089 1291 36 5 26 33 0
307 0 3 1144320 119300 1240 203480 60 0 0 452 840 2 1 55 43 0
308 1 0 1144256 104648 1252 218292 60 0 0 690 1111 6 1 54 39 0
309 0 0 1144352 121336 1248 201364 68 168 168 779 899 14 1 82 4 0
310 0 0 1144296 122328 1248 200364 60 0 0 332 698 0 0 97 2 0
311 0 1 1144224 120368 1256 203180 152 0 636 622 1060 2 0 75 24 0
312 0 6 1144124 107664 1256 216336 132 0 0 2224 2030 9 1 19 71 0
313 0 6 1144248 115544 1236 210148 84 184 184 2986 2886 4 1 3 92 0
314 0 5 1144464 109624 1232 216680 64 272 13268 1643 1541 24 3 7 66 0
315 1 0 1144436 125476 1508 199844 232 112 8304 1229 1305 30 2 37 31 0
316 1 0 1144368 126224 1516 198692 68 0 176 479 511 13 0 83 4 0
317 1 0 1144312 124432 1516 199528 64 0 0 448 436 16 0 81 3 0
318 1 0 1144244 121892 1516 202740 72 0 0 549 640 11 0 82 6 0
319 1 0 1144280 126644 1476 200180 48 96 15760 613 788 13 1 78 8 0
320 0 1 1144140 113596 1488 212572 172 0 72 641 1085 4 1 56 39 0
321 0 1 1144020 113728 1488 212388 228 0 0 478 880 1 0 72 27 0
322 0 1 1143888 111308 1488 213988 216 0 0 483 941 1 1 69 29 0
323 4 1 1143808 111616 1488 213492 156 0 0 460 882 3 0 65 32 0
324 4 0 1143580 109384 1488 214808 240 0 15660 1482 1089 88 1 1 9 0
325 0 1 1143500 110192 1496 213816 160 0 36 884 966 38 0 42 19 0
326 0 1 1143152 108980 1512 215140 680 0 0 919 1508 3 1 65 31 0
327 0 4 1141956 105260 1904 214864 1524 0 0 1746 2595 6 1 54 39 0
328 2 1 1141084 127952 1892 200528 1740 580 23396 3457 6311 50 6 22 21 0
329 0 4 1140700 124124 2032 203664 536 0 0 1157 2355 11 1 70 17 0
330 1 3 1140652 116176 2040 211364 52 0 116 700 820 3 2 24 72 0
331 1 3 1140580 103348 2040 223656 48 0 0 798 902 5 2 39 54 0
332 2 1 1140768 126464 2024 201472 104 264 264 2216 1800 28 2 8 62 0
333 4 1 1140324 116520 2024 210192 544 0 0 1545 1824 40 1 51 7 0
334 0 4 1140256 115760 2024 210220 1088 0 0 1463 2142 48 0 29 23 0
335 0 4 1140244 115268 2032 210300 1304 0 24 841 1545 1 0 49 50 0
336 0 4 1140236 114096 2032 210440 648 0 0 663 1192 0 1 46 53 0
337 0 4 1140228 113964 2044 210656 140 0 0 460 930 0 1 43 57 0
338 0 4 1140020 113284 2044 210848 672 0 0 753 1218 0 0 74 26 0
339 0 4 1139164 112196 2044 210788 1200 0 0 1262 2061 1 1 63 36 0
340 3 5 1137972 108908 2052 212184 736 0 0 1652 1602 69 1 11 20 0
341 3 5 1137924 105996 2052 214916 312 0 0 1349 1233 66 1 15 18 0
342 3 6 1137880 105408 2176 214732 884 0 0 1476 1438 69 1 24 6 0
343 3 1 1137748 121312 2180 194528 3052 216 216 2224 2627 68 1 14 17 0
344 0 4 1137664 121076 2192 195348 344 0 48 1391 1180 65 1 27 7 0
345 0 2 1137080 115680 2196 199896 712 0 0 909 959 1 1 72 27 0
346 0 1 1136756 114068 2196 201236 468 0 0 593 796 0 0 64 35 0
347 0 1 1136500 113632 2196 201168 320 0 0 432 735 0 0 70 30 0
348 0 1 1135780 112920 2196 201172 760 0 0 855 1542 0 1 75 25 0
349 1 1 1121604 104940 2280 205760 2000 0 20668 1542 2458 6 2 60 32 0
350 0 1 1120356 116556 2196 195876 1616 236 22196 3152 5777 53 6 35 6 0
351 4 2 1120340 121348 2216 196884 72 36 36 1222 1564 13 2 18 67 0
352 1 2 1120292 113616 2216 203644 68 16 21088 1459 1389 22 1 21 56 0
353 2 1 1120256 117440 2220 200956 68 24 22392 747 939 15 1 72 11 0
354 1 4 1119844 126300 2224 191504 540 20 14636 1529 1558 26 2 41 31 0
355 2 1 1118960 112012 2320 205808 1024 36 20796 2374 4152 66 4 18 11 0
356 3 2 1118276 110596 2040 207016 852 32 21584 1677 2796 39 2 46 12 0
357 1 1 1117992 104848 1348 212416 324 20 19816 1696 2749 44 2 48 6 0
358 1 1 1117920 104000 1348 213500 76 0 0 459 446 16 0 81 3 0
359 1 1 1117840 104356 1356 212428 96 0 160 522 504 8 0 89 2 0
360 0 3 1142332 127224 1296 185088 484 96 96 1054 1239 20 2 26 53 0
361 0 3 1142104 117860 1296 196644 308 0 12904 651 1079 3 1 43 54 0
362 4 0 1141264 121944 1252 191088 924 20 14720 1771 3145 35 2 27 36 0
363 0 0 1140592 110068 1260 206728 780 0 5140 1830 4597 35 4 57 5 0
364 0 2 1140420 107916 1260 209196 380 0 0 610 1045 1 0 71 28 0
365 0 3 1140196 180484 1960 134256 648 0 0 979 1527 1 1 43 55 0
366 0 3 1139772 247484 2560 70920 824 0 0 1044 1690 1 1 62 37 0
367 0 1 1139620 246940 2564 71772 172 0 0 366 699 0 0 73 26 0
368 0 4 995472 3613956 2764 75620 708 0 616 979 1262 2 6 31 62 0
369 0 2 994892 3611472 2904 78972 1524 0 0 1069 1755 1 1 29 69 0
370 0 0 993984 3609648 2904 81084 436 0 0 492 842 0 1 84 15 0
371 0 0 993924 3610684 2904 80044 64 0 0 188 405 0 0 97 2 0
372 0 0 993868 3610084 2904 81084 56 0 0 215 442 0 0 97 2 0
373 0 0 993788 3610996 2916 80044 84 0 72 212 444 0 0 98 1 0
374 0 0 993732 3609960 2916 81068 72 0 0 199 392 0 0 99 1 0
375 0 0 993676 3610996 2916 79956 80 0 0 169 385 0 0 99 1 0
376 0 0 993572 3610312 2988 80896 100 0 0 229 438 0 0 97 3 0
377 0 0 993512 3611236 2988 80096 96 0 0 175 392 0 0 99 1 0
378 0 0 993456 3609040 2996 81132 76 0 12 208 435 0 0 99 1 0
379 0 0 993388 3609892 2996 80244 72 0 0 170 379 0 0 99 1 0
380 0 0 993276 3609592 2996 80016 76 0 0 162 367 0 0 99 1 0
381 0 0 993208 3608564 2996 81196 84 0 0 184 400 0 0 99 1 0
382 0 1 992920 3609312 3004 80244 576 0 12 423 697 0 0 84 16 0
383 0 0 992760 3607976 3004 81440 340 0 0 359 612 0 0 91 9 0
384 0 0 992692 3608972 3004 80196 60 0 0 175 400 0 0 99 0 0
385 0 0 992636 3607884 3004 81332 64 0 0 170 383 0 0 99 1 0
386 0 0 992584 3608784 3004 80200 36 0 0 158 367 0 0 100 0 0
387 0 0 992508 3608040 3012 81444 108 0 12 207 442 0 0 99 1 0
388 0 0 992448 3608536 3012 80320 68 0 0 171 392 0 0 100 0 0
389 0 0 992392 3607268 3012 81348 76 0 0 200 407 0 0 98 2 0
390 0 0 992312 3608164 3012 80296 72 0 0 174 389 0 0 99 1 0
391 0 0 992256 3607520 3012 81260 68 0 0 187 411 0 0 99 1 0
392 0 1 992200 3608424 3020 80360 68 0 5668 179 390 0 0 99 1 0
393 0 1 992140 3606560 3020 81464 84 0 0 249 492 1 0 98 2 0
394 0 0 992084 3607496 3020 80524 36 0 0 197 451 0 0 99 1 0
395 0 0 992016 3606564 3020 81384 124 0 0 186 401 0 0 99 1 0
396 0 1 991840 3607444 3020 80272 208 0 0 247 483 0 0 81 18 0
397 0 1 991720 3607116 3028 81352 264 0 11304 309 605 0 0 69 30 0
398 0 1 991420 3607680 3028 80468 364 0 0 267 530 0 0 73 26 0
399 0 0 990724 3607184 3028 81372 124 0 0 218 462 0 0 93 7 0
400 0 0 990608 3606780 3028 81480 112 0 0 176 391 0 0 95 5 0
401 0 0 990524 3607228 3036 80464 156 0 24 204 430 0 0 94 6 0
402 0 0 990468 3606036 3036 81600 48 0 0 174 365 0 0 99 1 0
403 0 0 990408 3607012 3036 80524 68 0 0 170 400 0 0 99 1 0
404 0 0 990336 3605884 3036 81608 120 0 0 183 401 0 0 98 1 0
405 0 0 990276 3606608 3036 80580 84 0 0 181 392 0 0 99 1 0
406 0 0 990208 3605692 3044 81652 100 0 12 203 416 0 0 99 1 0
407 0 0 990140 3605980 3044 80560 52 0 0 185 416 0 0 99 1 0
408 0 0 990084 3605580 3044 81612 84 0 0 179 381 0 0 99 0 0
409 0 0 990024 3605944 3044 80580 36 0 0 159 370 0 0 99 1 0
410 0 0 989956 3605124 3044 81664 80 0 0 221 440 0 0 98 2 0
411 0 0 989880 3606072 3052 80848 48 0 12 184 403 0 0 99 1 0
412 0 0 989820 3605144 3052 81636 88 0 0 188 387 0 0 100 0 0
413 0 0 989752 3606020 3052 80748 52 0 0 170 394 0 0 99 1 0
414 0 0 989696 3605084 3052 81656 80 0 0 184 393 0 0 99 0 0
415 0 0 989636 3605168 3052 80644 68 0 0 186 405 0 0 100 0 0
416 0 0 989560 3604084 3060 81720 84 0 12 211 448 0 0 98 1 0
417 0 0 989500 3605080 3060 80756 100 0 0 181 381 0 0 99 0 0
418 0 0 989436 3604592 3060 81776 104 0 0 196 406 0 0 99 1 0
419 0 0 989368 3605084 3060 80680 52 0 0 177 393 0 0 100 0 0
420 0 0 989252 3604164 3068 81820 80 0 52 193 401 0 0 99 1 0
421 0 0 989176 3604456 3068 80932 92 0 0 270 592 0 0 99 1 0
422 0 0 989112 3603396 3068 81920 96 0 0 189 394 0 0 99 1 0
423 0 0 989048 3604408 3068 80792 68 0 0 162 372 0 0 99 0 0
424 0 0 988960 3603280 3068 81880 108 0 0 197 438 0 0 98 2 0
425 0 0 988892 3604320 3076 80820 76 0 20 188 427 0 0 99 1 0
426 0 0 988616 3603328 3076 81928 468 0 0 477 754 0 1 87 12 0
427 0 0 988548 3604064 3076 80916 88 0 0 189 418 0 0 99 1 0
428 0 0 988492 3603588 3076 81864 68 0 0 173 376 0 0 99 1 0
429 0 0 988432 3604432 3076 80792 84 0 0 190 394 0 0 99 0 0
430 0 0 988360 3603440 3084 81772 88 0 164 222 471 1 0 98 1 0
431 0 0 988288 3604180 3084 80860 100 0 0 178 377 0 0 99 1 0
432 0 0 988232 3603752 3084 81804 68 0 0 168 387 0 0 100 0 0
433 0 0 988160 3604516 3084 80744 96 0 0 162 381 0 0 99 1 0
434 0 0 988104 3603536 3084 81844 64 0 0 162 379 0 0 100 0 0
435 0 0 988032 3604424 3092 80920 112 0 12 182 421 0 0 99 1 0
436 0 0 987968 3604096 3092 81824 68 0 0 182 401 0 0 99 0 0
437 0 0 987908 3604772 3092 80820 84 0 0 164 380 0 0 99 1 0
438 0 0 987848 3604148 3092 81888 84 0 0 173 414 0 0 99 1 0
439 0 0 987780 3604448 3092 81056 96 0 0 191 396 0 0 99 1 0
440 0 0 987672 3604464 3100 80940 76 0 0 167 382 0 0 99 1 0
441 0 0 987600 3603304 3100 81860 104 0 0 181 399 0 0 99 1 0
442 0 0 987540 3604372 3100 80988 64 0 0 143 354 0 0 100 0 0
443 0 0 987480 3603064 3100 82064 88 0 0 190 447 0 0 99 1 0
444 0 0 987404 3603460 3108 80892 88 0 12 190 435 0 0 99 1 0
445 0 0 987348 3602252 3108 82044 96 0 0 179 389 0 0 99 1 0
446 0 0 987288 3603092 3108 81140 64 0 0 159 385 0 0 99 0 0
447 0 0 987216 3602016 3108 82104 104 0 0 176 401 0 0 99 1 0
448 0 0 987156 3602416 3108 80984 60 0 0 164 379 0 0 99 1 0
449 0 1 987036 3596404 3388 85288 180 0 60 753 1445 1 1 75 23 0
450 0 1 986972 3585644 3468 86672 96 0 0 1044 1768 2 2 74 22 0
451 0 1 986912 3587920 3556 93428 32 0 0 893 1714 2 1 74 23 0
452 0 0 986852 3584568 3660 97780 112 0 0 764 1564 1 2 83 14 0
453 0 0 986784 3582980 3660 99068 96 0 0 179 393 0 0 99 1 0
454 0 0 986724 3583720 3668 98244 96 0 20 173 386 0 0 99 1 0
455 0 0 986668 3582856 3668 99220 32 0 0 147 355 0 0 99 0 0
456 0 0 986600 3583756 3668 98156 140 0 0 178 400 0 0 99 1 0
457 0 0 986532 3582828 3672 99240 80 0 0 180 414 0 0 98 2 0
458 0 0 986468 3583696 3672 98176 108 0 0 165 366 0 0 99 1 0
459 0 0 986392 3582600 3684 99600 60 0 76 254 547 1 0 97 2 0
460 0 0 986280 3582724 3684 99408 80 0 0 146 360 0 0 99 1 0
