0 3 0 536260 1013956 87372 625944 1 1 51 1 1 1 0 98 1 0
1 0 0 536260 1013332 87380 625944 0 0 92 845 1825 1 1 98 0 0
2 0 1 536260 1012728 87392 625952 0 0 4 641 1473 0 0 99 1 0
3 3 0 536260 950988 87548 626040 0 0 24 2549 4813 34 5 59 3 0
4 0 0 536260 909696 87548 626048 0 0 4 1756 3232 40 4 57 0 0
5 2 0 536260 955544 87548 626056 0 0 40 2289 4687 31 3 66 0 0
6 0 0 536260 910336 87552 626056 0 0 124 1644 3104 39 2 59 0 0
7 1 0 536252 955564 87560 626064 0 0 2124 2192 12221 23 5 67 5 0
8 3 0 536252 878376 87560 626084 0 0 0 1429 2385 38 3 59 0 0
9 0 1 536252 788700 87560 626088 0 0 0 1323 2247 34 4 62 0 0
10 1 0 536252 614360 87560 714392 0 0 0 1438 2587 25 12 61 2 0
11 2 0 536252 564816 87568 714480 8 0 264 1558 2667 40 3 56 0 0
12 0 1 536252 555508 87568 715476 0 0 0 1172 2078 10 1 73 16 0
13 3 0 536252 528576 87568 716084 0 0 0 1241 2110 27 2 64 7 0
14 0 0 536252 494096 87568 716152 8 0 4 1432 2870 25 2 72 1 0
15 2 0 536252 493764 87568 716164 0 0 0 785 1798 0 1 99 0 0
16 0 0 536252 493796 87576 716168 0 0 96 721 1673 1 1 99 0 0
17 0 0 536252 497208 87576 716204 0 0 1748 1259 2659 2 1 93 5 0
18 0 0 536252 489092 87576 716204 0 0 0 970 2195 3 1 96 0 0
19 0 0 536252 487076 87576 716208 0 0 0 1783 4710 2 1 97 0 0
20 0 0 536252 487048 87580 716212 0 0 56 1129 2485 1 1 98 0 0
21 0 0 536252 487048 87580 716228 0 0 0 820 1775 1 1 99 0 0
22 0 0 536252 486984 87580 716232 0 0 0 888 2017 1 1 99 0 0
23 0 0 536252 487032 87580 716232 0 0 0 885 1955 1 0 99 0 0
24 0 0 536252 486436 87588 716484 0 0 320 2728 7455 8 1 90 1 0
25 0 0 536252 486436 87588 716488 0 0 0 2026 5568 2 0 98 0 1
26 0 0 536252 401800 87592 716560 0 0 1776 1933 3224 9 3 85 3 0
27 0 0 536252 368892 87592 716560 0 0 0 968 2223 1 2 96 0 0
28 0 0 536252 368828 87592 716564 0 0 0 914 2229 1 1 98 0 0
29 0 0 536252 368376 87592 716576 0 0 0 1155 2389 6 1 94 0 0
30 1 0 536252 366552 87596 716440 0 0 4744 7411 4468 13 10 59 17 1
31 0 0 536252 367256 87596 716396 12 0 0 2345 2100 3 2 95 1 0
32 0 0 536252 367376 87596 716424 0 0 0 949 1986 2 1 97 0 0
33 1 0 536252 342632 87596 716424 0 0 0 992 1962 1 2 97 0 0
34 0 0 536252 301568 87596 716428 0 0 0 3848 5341 4 3 93 0 0
35 0 1 536252 301600 87600 716428 0 0 652 940 2108 2 1 97 0 0
36 1 0 536252 301696 87604 716448 0 0 1220 1067 2197 1 1 94 4 0
37 0 0 536252 301568 87604 716440 0 0 0 1002 2155 2 1 97 0 0
38 0 0 536252 301632 87604 716440 0 0 0 803 1809 1 1 99 0 0
39 0 0 536252 301696 87604 716444 0 0 0 732 1640 1 0 98 0 0
40 0 0 536252 300884 87608 716472 0 0 88728 1402 3056 2 1 94 3 1
41 0 0 536252 300980 87608 716476 0 0 0 841 1938 1 1 99 0 0
42 0 0 536252 300140 87608 716484 0 0 0 1608 4357 7 1 92 0 1
43 0 0 536252 299860 87608 716488 0 0 0 1451 2703 20 1 79 0 1
44 0 0 536252 297196 87612 716500 0 0 92 1724 2983 28 1 70 0 1
45 0 0 536252 299716 87616 716516 0 0 1724 2098 3899 12 2 81 4 1
46 0 0 536252 294884 87616 716520 0 0 0 1421 2655 10 1 88 0 1
47 0 0 536252 163480 87616 716628 0 0 0 1369 2164 11 7 82 0 0
48 0 0 536252 162780 87616 716664 0 0 0 1431 2748 12 1 87 0 0
49 2 0 536252 162348 87624 716676 0 0 96 1069 2147 3 1 96 0 0
50 0 0 536252 161952 87624 716692 0 0 0 1798 3536 15 1 84 0 1
51 3 0 536252 162016 87624 716708 0 0 0 1840 3398 10 1 87 0 2
52 2 0 536252 161208 87624 716824 0 0 0 1491 3044 4 1 93 1 1
53 4 0 536252 161272 87624 716832 0 0 0 1196 10218 4 1 95 0 1
54 0 0 536252 161368 87628 716844 0 0 80 1781 3313 7 1 90 0 2
55 0 0 536252 161088 87628 716996 0 0 1680 1985 3801 8 1 87 4 1
56 0 0 536252 160740 87628 716996 0 0 0 1384 2790 6 1 93 0 0
57 0 0 536252 156372 87628 717016 0 0 0 1349 2631 9 1 90 0 0
58 0 0 536252 156312 87628 717092 0 0 0 888 1881 1 0 98 0 1
59 0 0 536252 156184 87632 717088 0 0 92 1600 3061 4 1 94 0 1
60 0 0 536240 158432 87632 717128 0 0 0 1194 2410 6 0 94 0 0
61 3 0 536240 158368 87632 717136 0 0 0 1243 2528 4 1 94 0 1
62 0 0 536240 157904 87632 717256 0 0 0 1315 2539 7 1 92 0 0
63 0 0 536240 157472 87632 717268 0 0 1760 2450 5684 4 1 91 4 1
64 0 0 536240 156596 87632 717272 0 0 68 1506 2811 10 1 89 0 0
65 0 0 536240 156404 87632 717276 0 0 0 1196 2367 1 1 97 0 2
66 0 0 536240 156248 87632 717288 0 0 0 1280 2601 4 1 95 0 0
67 0 0 536240 156248 87632 717292 0 0 0 1139 2381 2 0 97 0 1
68 0 0 536240 156280 87636 717308 0 0 76 1458 2858 3 1 95 0 2
69 1 0 536240 156064 87636 717320 0 0 20 1225 2481 4 1 95 0 0
70 1 0 536240 156128 87636 717320 0 0 0 845 1839 1 0 99 0 0
71 0 0 536240 156160 87636 717328 0 0 0 929 2005 2 1 98 0 0
72 0 0 536240 155896 87636 717424 0 0 0 906 1926 3 1 97 0 0
73 0 1 536240 155864 87640 717440 0 0 632 890 2048 1 1 93 5 0
74 0 0 536240 155848 87640 717448 0 0 1608 1230 2354 1 1 95 4 0
75 0 0 536240 155848 87640 717444 0 0 0 859 1897 0 0 99 0 0
76 0 0 536240 155848 87640 717448 0 0 0 1149 2293 3 1 96 0 0
77 0 0 536240 155912 87640 717476 0 0 0 1115 8606 4 1 95 0 0
78 0 0 536240 155816 87644 717488 0 0 120 1054 2187 2 1 97 0 1
79 0 0 536240 155488 87644 717508 0 0 668 1475 2881 7 2 91 0 0
80 0 0 536240 155240 87644 717512 0 0 0 1109 2346 2 1 97 0 0
81 1 0 536240 154888 87644 717528 0 0 0 1684 3322 8 1 89 1 1
82 0 0 536240 149332 87648 717780 0 0 328 3052 7560 7 1 92 0 0
83 0 0 536240 149240 87652 717936 0 0 1768 2992 6629 6 1 88 4 1
84 0 0 536240 149116 87652 717980 0 0 0 1291 2653 3 1 96 0 0
85 0 0 536240 148956 87652 717984 0 0 0 653 1488 0 0 99 0 0
86 0 0 536240 149020 87652 717984 0 0 0 847 1963 1 0 98 0 0
87 1 0 536240 148956 87652 718000 0 0 100 1490 3077 3 1 95 0 1
88 0 1 536240 148804 87652 718136 0 0 2332 1253 2209 6 1 70 24 0
89 0 1 536240 148708 87652 718136 0 0 740 912 1944 1 1 73 24 0
90 0 1 536240 148772 87652 718136 0 0 1636 870 1881 1 1 74 25 0
91 0 0 536240 148836 87652 717892 0 0 68 1175 2241 3 1 95 2 0
92 0 0 536240 148868 87652 717896 0 0 0 1086 2298 2 0 98 0 0
93 1 3 536240 148708 87652 717964 0 0 584 1777 4528 3 1 80 16 0
94 0 0 536240 148740 87652 717960 0 0 1288 1274 2560 2 1 92 5 1
95 0 0 536240 148836 87652 717960 0 0 0 904 1953 1 1 99 0 0
96 0 0 536240 148868 87652 717964 0 0 0 772 1779 1 0 99 0 0
97 0 0 536240 148616 87660 717972 0 0 60 812 1851 1 1 99 0 0
98 0 0 536240 148648 87660 717992 0 0 0 1203 2410 2 1 97 0 0
99 0 0 536240 148616 87660 717996 0 0 20 917 1916 2 1 98 0 0
100 0 0 536240 148712 87660 718004 0 0 0 989 5471 2 1 98 0 0
101 0 0 536240 148744 87664 718000 0 0 48 762 1706 1 1 99 0 0
102 3 0 536240 148712 87664 718004 0 0 1680 2954 7022 4 1 92 4 0
103 0 0 536240 148428 87664 718100 0 0 148 2431 8175 7 0 92 0 1
104 0 0 536240 148556 87664 718108 0 0 0 813 1804 1 0 99 0 0
105 0 0 536240 148460 87664 718108 0 0 0 791 1748 0 1 99 0 0
106 0 0 536240 148524 87664 718116 0 0 72 1117 2402 1 1 98 0 0
107 0 0 536240 147408 87664 718176 0 0 0 1803 3294 16 1 83 0 0
108 0 0 536240 147252 87664 718176 0 0 196 993 2092 2 1 97 0 0
109 0 0 536240 147080 87664 718176 0 0 0 841 1904 1 0 99 0 0
110 0 0 536240 146904 87664 718176 0 0 0 1582 4312 2 1 96 1 1
111 0 0 536240 146840 87668 718188 0 0 84 1019 2230 1 1 98 0 0
112 0 0 536240 146904 87668 718196 0 0 1680 1248 2696 2 1 94 3 0
113 0 0 536240 146840 87668 718200 0 0 272 910 2034 1 1 98 0 0
114 0 0 536240 146904 87668 718204 0 0 0 901 1943 1 0 99 0 0
115 0 0 536240 146968 87668 718204 0 0 0 1135 2340 2 1 98 0 0
116 0 0 536240 146808 87668 718216 0 0 68 894 1920 1 1 96 3 0
117 0 0 536240 146904 87668 718224 0 0 0 1183 2499 7 1 92 0 0
118 0 0 536240 146968 87668 718232 0 0 4 857 1819 1 1 99 0 0
119 0 0 536240 146872 87668 718236 0 0 0 884 1982 1 1 98 0 0
120 0 0 536240 146904 87672 718232 0 0 1732 1839 4704 2 1 93 4 0
121 0 0 536240 146744 87672 718336 0 0 0 1122 2441 3 1 96 0 0
122 0 0 536240 146920 87672 718340 0 0 64 943 1901 1 1 98 0 0
123 0 0 536240 146856 87672 718344 0 0 0 1098 2212 1 1 98 0 0
124 0 0 536240 146920 87672 718352 0 0 0 941 1941 1 1 98 0 0
125 0 0 536240 146888 87676 718364 0 0 76 1119 2379 2 1 97 0 0
126 1 0 536240 146760 87676 718372 0 0 0 1035 2175 2 1 97 0 0
127 0 0 536232 146388 87676 718384 4 0 392 1042 2141 6 0 94 0 0
128 0 0 536232 146232 87676 718388 0 0 0 905 2002 2 1 97 0 1
129 0 0 536232 146360 87676 718388 0 0 0 886 1960 2 1 97 0 0
130 0 1 536232 146264 87680 718404 0 0 1576 1080 2417 1 1 95 3 0
131 0 0 536232 146440 87684 718400 0 0 232 996 2176 1 1 98 1 0
132 0 0 536232 146312 87684 718408 0 0 0 741 1700 1 1 99 0 0
133 0 0 536232 146376 87684 718408 0 0 0 1868 4997 3 1 97 0 0
134 0 0 536232 146408 87684 718412 0 0 0 813 1872 1 0 98 0 0
135 0 0 536232 146376 87684 718420 0 0 60 973 2225 2 1 97 0 0
136 0 0 536232 146472 87684 718424 0 0 0 866 2034 1 1 99 0 0
137 0 0 536232 146252 87684 718436 0 0 0 783 1858 1 0 99 0 0
138 0 0 536232 145688 87684 718436 0 0 0 2683 9785 4 1 94 1 1
139 3 0 536232 145504 87684 718440 0 0 0 1185 3175 3 1 96 0 1
140 0 0 536232 143892 87696 718712 0 0 1728 1281 2590 8 1 87 4 0
141 0 0 536232 143764 87696 718716 0 0 0 853 1863 0 1 99 0 0
142 0 0 536232 143828 87696 718716 0 0 0 794 1833 1 1 99 0 0
143 0 0 536232 143860 87696 718724 0 0 0 728 1724 1 1 99 0 0
144 0 0 536232 143700 87700 718728 0 0 64 911 2126 2 0 98 0 0
145 0 0 536232 143572 87704 718672 0 0 4732 1664 3606 5 1 82 12 0
146 0 0 536232 143560 87704 718684 0 0 0 1092 2338 6 1 94 0 0
147 0 0 536232 143704 87704 718688 0 0 0 837 1908 1 1 99 0 0
148 0 0 536420 149368 87068 717188 0 188 188 1035 2230 1 1 98 0 0
149 0 0 536420 148960 87068 717192 0 0 0 835 1972 1 1 99 0 0
150 0 1 536420 148740 87068 717220 0 0 584 943 2055 2 1 79 18 0
151 0 0 536420 148740 87072 717224 0 0 1236 1365 3086 1 0 90 8 0
152 1 0 536420 148836 87072 717224 0 0 0 974 2185 1 1 98 0 0
153 0 0 536420 148336 87072 717228 0 0 0 2638 6682 3 1 97 0 0
154 0 0 536420 148368 87080 717240 0 0 60 844 1961 1 1 86 13 0
155 0 0 536420 148464 87080 717244 0 0 76 898 2123 1 0 99 0 0
156 1 0 536420 148400 87080 717252 0 0 0 1011 2281 2 0 98 0 0
157 0 0 536420 148496 87080 717256 0 0 0 820 1853 0 1 99 0 0
158 0 0 536420 148432 87080 717256 0 0 0 815 1808 1 1 98 0 1
159 0 0 536420 148464 87084 717256 0 0 56 806 1794 1 1 99 0 0
160 0 0 536420 148336 87092 717276 0 0 64 812 1789 1 0 97 2 0
161 0 0 536420 148400 87092 717276 0 0 0 847 1862 1 1 99 0 0
162 0 0 536420 148336 87092 717280 0 0 0 845 1862 1 1 99 0 0
163 0 0 536420 148336 87096 717292 0 0 88 1660 4688 2 1 96 1 0
164 0 0 536420 148368 87096 717296 0 0 0 900 2016 1 0 99 0 0
165 0 0 536420 148180 87096 717308 0 0 0 971 2147 1 1 99 0 0
166 0 0 536420 147556 87096 717308 0 0 0 982 2125 1 1 97 1 1
167 0 0 536420 147428 87096 717312 0 0 0 836 1873 1 1 98 0 0
168 0 0 536420 147616 87100 717304 0 0 1796 1287 2727 1 1 93 5 0
169 0 0 536420 147552 87100 717308 0 0 0 931 2095 1 1 98 0 0
170 0 0 536420 147616 87100 717376 0 0 0 841 1856 1 0 99 0 0
171 0 0 536420 147584 87100 717380 0 0 0 908 2066 1 1 98 0 0
172 1 0 536420 139676 87100 717380 0 0 0 841 1849 5 1 94 0 0
173 0 0 536420 139772 87104 717396 0 0 60 1194 2577 1 1 96 2 0
174 0 0 536420 139708 87104 717396 0 0 0 1674 4627 2 1 97 0 0
175 0 0 536420 139744 87104 717404 0 0 124 876 1977 1 0 99 0 0
176 0 0 536420 139616 87104 717412 0 0 0 751 1806 1 1 98 0 0
177 0 0 536420 139744 87104 717420 0 0 0 840 1900 1 0 99 0 0
178 0 6 536420 139524 87108 717620 0 0 576 2253 5750 4 2 66 29 0
179 0 1 536420 146284 87108 717632 0 0 1352 1849 3950 1 1 51 48 0
180 0 0 536420 146128 87116 717624 0 0 0 838 1949 1 1 98 0 0
181 0 0 536420 146032 87120 717732 0 0 64 1055 2245 2 0 97 1 0
182 0 0 536420 146188 87120 717744 0 0 0 996 2151 1 1 99 0 0
183 0 0 536420 146172 87120 717748 0 0 76 1037 2107 6 1 93 0 0
184 0 0 536420 146236 87120 717748 0 0 0 833 1866 0 0 99 0 0
185 0 0 536420 146316 87120 717752 0 0 0 1645 4669 2 1 97 0 0
186 0 0 536420 146220 87120 717756 0 0 60 907 1998 1 1 99 0 0
187 0 0 536420 146204 87128 717764 0 0 1728 1297 2513 1 0 93 6 0
188 0 0 536420 146300 87128 717772 0 0 68 880 1950 1 0 99 0 0
189 0 0 536420 146332 87128 717776 0 0 0 709 1668 1 0 98 0 0
190 0 0 536420 146204 87128 717776 0 0 0 769 1868 1 0 99 0 0
191 0 0 536420 146300 87136 717784 0 0 84 946 2063 1 1 98 1 0
192 0 0 536420 146268 87136 717796 0 0 0 944 2069 1 0 99 0 0
193 0 0 536420 146272 87136 717804 0 0 216 1008 2150 1 0 99 0 0
194 0 0 536420 146020 87136 717804 0 0 0 850 1843 1 1 98 1 0
195 1 0 536420 145928 87136 717808 0 0 0 1623 10479 8 1 91 0 0
196 0 0 536420 145552 87140 718060 0 0 2016 1610 6239 4 1 91 4 0
197 0 0 536420 145584 87140 718064 0 0 0 1159 2396 3 1 96 0 0
198 2 0 536420 145648 87140 718072 0 0 4 741 1731 0 0 99 0 0
199 0 0 536420 145520 87140 718076 0 0 0 743 1692 1 1 99 0 0
200 0 1 536420 145584 87152 718164 0 0 668 1197 2697 2 1 85 12 0
201 0 1 536420 145520 87152 718168 0 0 608 923 1984 1 0 74 24 0
202 0 1 536420 145368 87152 718180 0 0 0 969 2156 2 1 73 24 0
203 0 1 536420 145272 87152 718180 0 0 844 876 1933 1 1 75 24 0
204 0 1 536420 145208 87152 718184 0 0 2668 934 2006 1 1 74 24 1
205 0 1 536420 145272 87156 717964 0 0 656 1240 2759 1 0 89 10 0
206 0 1 536420 145160 87156 717964 0 0 0 1007 2421 1 1 74 24 0
207 0 1 536420 145224 87156 717976 0 0 1116 903 2167 1 0 74 24 0
208 0 0 536420 145288 87156 717972 0 0 68 2709 7170 2 1 85 12 0
209 0 0 536420 145352 87156 717976 0 0 0 779 1878 1 1 99 0 0
210 0 0 536420 145256 87160 717980 0 0 60 1046 2376 1 1 98 1 0
211 0 0 536420 145320 87160 717988 0 0 0 827 1911 0 0 99 0 0
212 0 0 536420 145256 87160 718000 0 0 180 952 2134 1 1 99 0 0
213 0 0 536420 145224 87160 718000 0 0 0 903 2006 1 0 98 0 0
214 0 0 536420 145288 87160 718004 0 0 0 972 2154 0 1 99 0 0
215 0 0 536420 145256 87164 718032 0 0 1788 2876 6901 4 1 88 7 0
216 0 0 536420 145320 87164 718032 0 0 0 968 2085 1 1 98 0 0
217 0 0 536420 145256 87164 718040 0 0 4 918 2034 1 1 99 0 0
218 0 0 536420 145288 87164 718040 0 0 0 1862 4696 2 0 98 0 0
219 0 0 536420 145260 87164 718140 0 0 0 901 2045 1 1 98 0 0
220 0 0 536420 145260 87168 718200 0 0 0 1097 2285 2 1 97 0 0
221 0 0 536420 145104 87172 718216 0 0 76 1015 2080 7 1 93 0 0
222 2 0 536420 144784 87172 718216 0 0 0 1078 2267 1 1 97 1 0
223 0 0 536420 144816 87172 718220 0 0 0 866 1829 3 0 97 0 0
224 0 2 536420 140100 87172 718232 0 0 692 1881 5165 13 1 71 15 0
225 0 0 536420 140036 87176 718232 0 0 1136 1284 2535 2 0 78 20 0
226 1 0 536420 140260 87176 718236 0 0 228 1004 2123 1 1 98 0 0
227 0 0 536420 140100 87176 718244 0 0 0 1028 2148 2 1 97 0 0
228 0 0 536420 140132 87176 718248 0 0 0 1351 4059 2 0 98 0 0
229 0 0 536420 140228 87180 718252 0 0 76 903 1997 1 0 98 0 0
230 0 0 536420 140164 87180 718260 0 0 0 993 2119 1 1 98 0 0
231 0 0 536420 139884 87180 718268 0 0 8 929 2021 1 1 98 0 0
232 0 0 536420 139980 87180 718272 0 0 0 894 2060 1 1 99 0 0
233 0 0 536420 140012 87180 718276 0 0 0 729 1678 0 1 99 0 0
234 0 0 536420 139884 87180 718280 0 0 1748 1514 2986 3 1 93 4 0
235 0 0 536412 139740 87180 718292 16 0 0 1014 2216 2 1 97 0 0
236 0 0 536412 139868 87180 718300 0 0 0 777 1753 1 1 99 0 0
237 0 0 536412 139900 87180 718304 0 0 0 807 1864 0 0 99 0 0
238 0 0 536412 139900 87180 718304 0 0 0 948 2022 2 1 97 0 0
239 0 0 536412 139836 87184 718316 0 0 60 2200 5361 3 1 96 0 0
240 0 0 536412 139680 87184 718332 0 0 388 995 2199 1 1 97 1 0
241 0 0 536412 139712 87184 718340 0 0 0 977 2089 2 0 98 0 0
242 0 0 536412 139680 87184 718340 0 0 0 1065 2270 2 1 97 0 0
243 0 0 536412 139556 87192 718440 0 0 1824 1309 2466 2 0 93 5 0
244 0 0 536412 139668 87192 718440 0 0 0 1080 2299 1 0 99 0 0
245 0 0 536412 139668 87192 718452 0 0 0 1137 2363 2 0 97 0 0
246 0 0 536412 139796 87192 718456 0 0 0 765 1733 1 1 99 0 0
247 0 0 536412 139700 87192 718456 0 0 0 955 2052 1 1 98 0 0
248 0 0 536412 139764 87196 718472 0 0 60 919 1992 0 0 99 0 0
249 0 0 536412 139700 87196 718476 0 0 0 986 2165 1 1 98 0 0
250 1 0 536412 139432 87196 718544 0 0 0 1386 2672 7 1 92 0 1
251 0 1 536412 139112 87196 718548 0 0 0 910 1904 2 0 97 1 0
252 1 0 536412 139176 87196 718548 0 0 0 1658 4181 3 0 96 1 1
253 0 1 536412 139144 87200 718808 0 0 976 2528 6865 8 2 85 5 0
254 0 1 536412 139208 87200 718808 0 0 1064 868 1897 0 1 74 25 0
255 0 1 536408 138320 87204 718816 12 0 40 1214 2720 0 1 84 15 0
256 0 0 536404 138244 87204 718832 0 0 0 758 1706 1 1 98 1 0
257 0 0 536404 138340 87204 718836 0 0 0 948 2121 1 1 99 0 0
258 1 0 536404 138404 87208 718840 0 0 80 2277 5944 2 2 95 2 0
259 0 0 536404 138152 87216 718776 0 0 4812 1450 2999 3 1 78 19 0
260 0 0 536404 138280 87216 718764 0 0 0 951 2076 7 1 92 0 0
261 0 0 536404 138136 87216 718764 0 0 0 906 2087 1 1 99 0 0
262 0 0 536404 138200 87224 718760 0 0 1772 2674 6633 2 1 92 4 0
263 0 0 536404 138168 87224 718764 0 0 0 932 2088 1 1 98 0 0
264 0 0 536404 131104 87224 718776 0 0 0 1041 2133 5 1 94 0 0
265 0 0 536404 130912 87224 718780 0 0 0 1671 4661 2 0 98 0 0
266 0 0 536404 130976 87224 718780 0 0 0 848 1982 1 1 99 0 0
267 0 0 536404 131008 87228 718788 0 0 60 1110 2393 2 1 97 1 0
268 0 0 536404 130912 87228 718800 0 0 0 1083 2426 1 1 99 0 0
269 2 0 536404 131040 87228 718808 0 0 76 944 2051 1 1 98 0 0
270 0 0 536404 130784 87228 718812 0 0 0 951 2096 2 1 98 0 0
271 0 0 536404 130816 87228 718816 0 0 0 756 1766 1 0 99 0 0
272 0 6 536404 130688 87232 718820 0 0 580 987 2197 1 1 84 15 0
273 3 2 536404 130688 87236 718832 0 0 1200 2655 7356 1 0 43 56 0
274 1 0 536404 130628 87236 718828 0 0 472 1266 2562 1 1 96 3 1
275 1 0 536404 130532 87236 718832 0 0 0 819 1819 1 1 99 0 0
276 1 0 536404 130468 87244 718840 0 0 96 1184 2441 2 1 98 0 0
277 1 0 536404 130628 87244 718844 0 0 0 1102 2281 2 1 97 0 0
278 0 0 536404 130500 87244 718852 0 0 0 977 2157 1 1 98 0 0
279 3 0 536404 130508 87244 718860 0 0 4 1056 2214 1 0 97 1 1
280 0 0 536404 130656 87248 718868 0 0 44 823 2040 0 1 97 2 0
281 0 1 536404 130560 87248 718880 0 0 616 1088 2450 2 1 76 21 0
282 0 0 536404 130624 87248 718888 0 0 1112 1142 2627 1 1 75 24 0
283 0 0 536404 130688 87248 718880 0 0 8 1333 3443 2 0 97 0 0
284 0 0 536404 130656 87248 718888 0 0 0 1049 2249 2 1 98 0 0
285 0 0 536404 130592 87248 718900 0 0 60 1021 2259 1 0 97 2 0
286 0 0 536404 130688 87248 718904 0 0 0 896 1989 1 1 98 0 0
287 0 0 536404 130624 87248 718916 0 0 0 848 1905 0 1 99 0 0
288 0 0 536404 130544 87248 718916 0 0 0 955 2026 1 1 98 0 0
289 0 0 536404 130656 87248 718920 0 0 0 968 2225 2 0 98 0 0
290 1 0 536404 130592 87252 718920 0 0 40 1083 2344 1 1 98 0 0
291 0 0 536404 130512 87256 718928 0 0 1720 1479 2956 2 1 93 4 1
292 0 0 536404 130384 87256 719032 0 0 0 925 1996 2 1 98 0 0
293 0 0 536404 130448 87256 719036 0 0 0 905 2064 1 0 99 0 0
294 0 0 536404 130544 87256 719040 0 0 0 930 2117 1 1 98 0 0
295 0 0 536404 130448 87260 719052 0 0 68 2082 5502 4 1 78 17 0
296 1 0 536404 130512 87260 719052 0 0 0 847 1914 1 1 99 0 0
297 0 0 536404 130480 87260 719060 0 0 0 1104 2430 2 1 97 0 0
298 0 0 536404 130416 87260 719068 0 0 84 1067 2214 8 1 91 0 0
299 0 0 536404 130576 87260 719068 0 0 0 765 1739 1 0 99 0 0
300 0 0 536404 130432 87272 719084 0 0 1728 1449 2891 3 1 82 14 0
301 3 0 536404 130432 87272 719084 0 0 0 882 1983 1 0 99 0 0
302 1 0 536404 130528 87272 719084 0 0 112 1039 2273 1 1 98 0 0
303 0 0 536404 130496 87272 719100 0 0 0 824 1867 1 1 99 0 0
304 0 0 536404 130592 87280 719112 0 0 76 2000 5921 2 1 97 0 0
305 0 0 536404 130464 87280 719112 0 0 0 914 2031 0 1 99 0 0
306 0 0 536404 130464 87280 719128 0 0 0 918 1959 1 1 98 0 0
307 0 0 536404 130032 87280 719132 0 0 192 1678 3809 2 1 95 2 1
308 1 0 536404 129876 87280 719228 0 0 0 1764 4397 6 1 92 0 0
309 0 0 536404 129692 87296 719488 0 0 2084 1387 3750 5 1 90 5 0
310 0 0 536404 129472 87296 719500 0 0 0 1137 2496 3 1 97 0 0
311 0 0 536404 129664 87296 719540 0 0 0 1003 2042 1 1 98 0 0
312 0 0 536404 129568 87296 719540 0 0 0 922 2157 1 1 98 0 0
313 0 0 536404 129664 87296 719548 0 0 0 870 1950 1 1 99 0 0
314 2 1 536404 129380 87300 719560 0 0 1288 1422 3108 4 1 88 7 1
315 0 0 536404 129540 87304 719436 0 0 3596 1485 10575 3 1 92 5 0
316 0 0 536404 129476 87304 719400 0 0 8 923 2044 1 1 98 0 0
317 0 0 536400 129492 87304 719408 4 0 12 1015 2124 8 1 91 0 0
318 0 0 536400 129352 87304 719412 0 0 32 904 2017 1 0 98 1 0
319 1 0 536400 129448 87304 719416 0 0 12 934 2393 1 1 98 0 1
320 0 0 536400 129480 87304 719432 0 0 8 919 2030 1 1 99 0 0
321 0 0 536400 129384 87304 719436 0 0 232 1576 4786 1 1 98 0 0
322 0 0 536400 129416 87304 719436 0 0 16 850 2091 1 0 99 0 0
323 0 0 536400 129416 87308 719460 4 0 96 1027 2345 2 1 95 2 0
324 0 0 536400 129448 87308 719460 0 0 0 810 1968 1 0 99 0 0
325 0 0 536400 129384 87308 719468 0 0 8 749 1777 1 1 99 0 0
326 0 0 536400 129352 87308 719476 0 0 100 959 2158 1 0 99 0 0
327 0 0 536400 129384 87308 719476 0 0 0 805 1854 1 1 99 0 0
328 1 0 536396 129480 87316 719484 0 0 112 1189 2488 1 1 97 1 1
329 1 0 536396 129480 87320 719488 0 0 1764 1541 3016 3 1 89 7 0
330 0 0 536396 129324 87320 719500 0 0 28 991 2136 1 1 90 8 0
331 0 0 536396 129260 87320 719504 0 0 44 1151 8797 3 1 96 1 0
332 0 0 536396 129324 87320 719504 0 0 0 907 2036 1 1 99 0 0
333 0 0 536396 129260 87324 719528 0 0 168 1289 2617 2 1 96 1 1
334 0 0 536396 129292 87324 719528 0 0 16 836 1872 1 0 98 1 0
335 0 0 536396 129304 87324 719540 0 0 80 1110 2344 2 1 96 1 1
336 0 0 536396 129324 87324 719548 0 0 120 1158 2399 1 1 93 5 0
337 0 0 536396 129324 87324 719556 0 0 28 896 1976 1 1 94 4 0
338 1 0 536384 129356 87328 719556 16 0 1788 1447 2872 3 1 89 8 0
339 0 0 536384 129356 87328 719556 0 0 32 1166 2357 2 1 97 1 0
340 0 0 536384 129356 87328 719580 0 0 260 2150 5002 3 1 90 6 0
341 0 0 536384 129260 87328 719580 0 0 0 768 1720 1 1 99 0 0
342 0 0 536384 129324 87332 719584 0 0 104 992 2171 1 1 96 2 0
343 1 0 557720 140976 78320 687680 0 21832 21908 1438 2540 6 4 89 1 1
344 0 0 603840 156324 77328 681676 0 45624 45668 1178 2276 2 2 93 3 0
345 0 0 603820 156404 77328 681696 0 0 68 938 2169 0 1 98 2 0
346 0 0 603820 156324 77328 681680 0 0 0 829 1982 1 0 99 0 0
347 0 0 603820 156388 77340 681676 0 0 1800 3403 8664 3 2 90 5 0
348 0 0 603820 156308 77340 681692 0 0 16 1048 2220 2 1 97 0 0
349 1 0 603820 156340 77340 681704 0 0 28 1050 2274 1 1 97 1 0
350 0 0 603820 156500 77340 681716 0 0 92 1338 2776 2 1 96 1 1
351 0 0 603820 156376 77340 681824 0 0 0 1982 5141 2 1 97 0 0
352 0 0 603820 156124 77348 681840 0 0 84 1034 2255 1 1 98 0 0
353 0 0 603820 156252 77348 681844 0 0 24 984 2312 1 0 98 0 0
354 0 0 603820 156064 77348 681860 0 0 36 913 2253 1 1 98 1 0
355 1 0 603820 156064 77348 681868 0 0 164 1212 2696 7 1 92 1 0
356 0 0 603820 155916 77348 681884 0 0 32 995 2303 3 1 96 0 0
357 3 1 603820 155980 77356 681884 0 0 876 1068 2453 1 1 96 3 0
358 1 0 603820 156028 77360 681916 0 0 948 1154 2424 1 1 97 2 0
359 0 0 603820 155940 77360 681924 0 0 0 905 2088 1 1 98 0 0
360 0 0 603820 155908 77360 681932 0 0 0 816 1911 0 0 100 0 0
361 0 0 603820 155972 77364 681936 0 0 72 1071 2339 1 1 98 0 0
362 4 0 603820 155876 77364 681956 0 0 24 992 2146 2 1 98 0 0
363 3 0 603816 155632 77364 681964 0 0 344 3531 8695 8 2 86 3 1
364 1 0 601568 1052492 77364 593836 44 0 52 1794 3657 20 4 71 4 1
365 2 0 601560 1053464 77364 593812 0 0 0 1197 2701 10 1 90 0 0
366 0 0 601560 1054524 77368 594080 0 0 444 1967 5289 6 1 93 0 0
367 0 0 601560 1055984 77372 594132 0 0 1768 1165 2397 1 1 94 4 0
368 0 0 601560 1061692 77372 594324 0 0 192 762 1592 5 1 94 0 0
369 0 0 601560 1061804 77372 594332 0 0 92 1663 5206 1 0 98 0 0
370 0 0 601560 1061836 77372 594332 0 0 0 763 1758 1 0 99 0 0
371 0 0 601560 1061204 77376 595060 0 0 5696 1250 2291 2 2 85 12 0
372 0 0 601560 1061336 77376 595016 0 0 0 652 1544 0 0 100 0 0
373 0 0 601560 1061400 77376 595020 0 0 0 618 1447 1 1 99 0 0
374 0 0 601560 1061432 77376 595020 0 0 256 635 1485 0 0 99 0 0
375 1 0 601556 1061148 77376 595024 0 0 0 821 1882 1 0 99 0 0
376 0 0 601556 1061244 77376 595028 0 0 1780 1155 2358 1 1 94 4 0
377 0 0 601556 1061276 77376 595028 0 0 0 943 2435 2 1 97 0 0
378 0 0 601556 1061316 77376 595028 0 0 0 645 1527 0 0 99 0 0
379 0 0 601556 1061380 77376 595028 0 0 36 651 1520 1 1 99 0 0
380 0 0 601556 1061252 77376 595040 0 0 68 671 1556 1 1 99 0 0
381 0 0 601556 1061316 77376 595048 0 0 0 692 2117 1 1 99 0 0
382 0 0 601556 1061348 77376 595052 0 0 0 640 1620 0 1 99 0 0
383 0 0 601556 1061380 77376 595052 0 0 232 582 1457 0 0 99 0 0
384 0 0 601552 1061220 77376 595052 0 0 0 769 1802 1 0 99 0 0
385 0 0 601552 1061284 77384 595052 0 0 1760 1758 4667 2 1 93 4 0
386 0 0 601552 1061316 77384 595052 0 0 0 869 2103 1 1 98 0 0
387 0 0 601552 1061380 77384 595056 0 0 0 664 1697 0 0 100 0 0
388 0 0 601552 1061060 77384 595056 0 0 4 668 1598 2 0 98 0 0
389 0 0 601552 1061124 77384 595060 0 0 0 676 1631 0 0 99 0 0
390 0 0 601552 1061156 77392 595068 0 0 60 833 1914 1 1 99 0 0
391 1 0 601552 1061220 77392 595072 0 0 0 666 1550 0 0 100 0 0
392 0 0 601552 1061044 77392 595072 0 0 0 639 1467 0 1 99 0 0
393 0 0 601552 1060924 77392 595072 0 0 8 940 2054 1 1 98 1 0
