0 1 3 846632 3489876 12440 50260 30 43 272 1 5 3 1 91 5 0
1 2 0 846532 3487820 12448 51392 112 0 0 248 475 0 0 97 3 0
2 1 0 846432 3488680 12460 50488 144 0 72 202 394 0 0 98 2 0
3 1 0 846348 3488136 12460 51452 92 0 0 179 381 0 0 98 1 0
4 0 1 846280 3488932 12460 50320 112 0 0 190 419 0 0 98 1 0
5 0 0 846192 3487580 12460 51432 132 0 0 178 395 0 0 99 1 0
6 2 1 846104 3486868 12460 50404 88 0 0 247 547 0 0 98 1 0
7 3 1 846044 3482448 12460 51532 76 0 52 526 1050 5 2 91 2 0
8 0 0 845948 3483060 12468 50460 80 0 4 182 399 0 0 99 1 0
9 0 1 845712 3481904 12628 51356 424 0 0 331 549 0 0 91 8 0
10 1 1 845556 3482660 12628 50420 308 0 0 262 506 0 0 92 8 0
11 0 1 845116 3480976 12648 51328 676 0 0 458 673 0 1 74 25 0
12 0 4 844812 3481276 12656 50460 496 0 152 334 614 0 0 70 29 0
13 1 2 844260 3478796 13244 51872 744 0 4 796 1265 0 0 70 30 0
14 0 1 844152 3455288 13380 56484 88 0 0 506 766 0 1 73 26 0
15 0 1 844064 3439356 13388 65796 80 0 0 827 1146 2 1 73 23 0
16 0 1 843832 3429820 13388 69036 316 0 0 709 961 2 0 70 28 0
17 0 1 843748 3415116 13396 72768 104 0 56 552 953 5 1 74 20 0
18 1 0 843664 3407400 13396 77632 16 0 0 522 838 1 0 75 24 0
19 2 1 843592 3396600 13400 81628 108 0 0 551 759 2 1 73 24 0
20 1 3 843440 3381652 13400 91476 116 0 0 557 760 2 1 71 26 0
21 1 1 843336 3367176 13416 93084 140 0 236 765 936 6 0 71 23 0
22 0 2 843256 3342336 13416 96160 120 0 0 800 1033 8 1 71 20 0
23 2 1 843188 3318504 13424 97160 76 0 0 731 1031 12 1 69 18 0
24 0 1 843056 3309764 13428 101260 188 0 0 510 864 4 0 74 22 0
25 2 1 842976 3292416 13428 102624 96 0 0 605 988 11 1 70 17 0
26 1 3 842928 3226604 13432 106660 40 0 16 943 1626 8 2 73 17 0
27 1 1 842812 3179332 13436 109136 136 0 4 1427 1820 12 3 70 15 0
28 0 4 842752 3109636 13436 113700 104 0 0 1091 1450 8 1 73 18 0
29 2 2 842360 3021844 13436 125456 500 0 0 2847 2476 11 3 54 30 0
30 0 2 842036 2924180 13436 203600 388 0 88204 6756 1145 4 5 68 23 0
31 0 3 841936 2834200 13444 291128 116 0 156 780 1278 3 5 74 17 0
32 0 2 841864 2823656 13444 293136 112 0 0 567 947 6 1 71 23 0
33 0 2 841788 2783400 13444 292612 72 0 0 468 829 2 1 75 22 0
34 0 3 841700 2780328 13444 294492 140 0 0 476 779 3 0 68 30 0
35 0 2 841616 2777268 13444 294460 132 0 0 458 769 1 0 69 30 0
36 1 1 841548 2763740 13452 296204 84 0 104 700 1159 4 0 66 30 0
37 0 3 841472 2757660 13452 296756 136 0 56 538 907 8 0 67 24 0
38 0 2 841384 2749624 13452 297572 92 0 0 467 878 2 1 70 28 0
39 0 2 841280 2618360 13452 298768 108 0 0 1306 1901 10 2 69 20 0
40 8 1 840604 2497448 13456 308200 720 0 584 1997 2250 46 4 34 16 0
41 2 2 840528 2327108 13460 311012 148 0 4 1507 986 93 6 1 1 0
42 3 1 839988 2006192 13460 320444 800 0 0 2972 2156 75 12 10 3 0
43 0 1 839760 2003388 13460 323804 312 0 0 822 887 11 1 84 4 0
44 0 0 839660 2004372 13460 322716 80 0 0 321 692 0 0 98 1 0
45 0 2 839584 2003548 13468 323772 124 0 560 365 697 0 0 98 2 0
46 0 0 839480 2004436 13468 322900 136 0 0 310 661 0 0 98 2 0
47 0 0 839200 2002992 13468 323744 352 0 0 415 781 0 0 92 7 0
48 6 0 839108 1880488 13468 323000 104 0 0 2413 2426 27 4 67 2 0
49 5 1 839052 1723336 13472 330556 64 0 0 3906 2257 82 9 9 0 0
50 4 0 838956 1677812 13480 342216 92 0 508 6613 3181 83 8 8 1 0
51 6 0 838876 1643632 13480 345220 80 0 0 3854 2179 86 3 8 3 0
52 4 0 838800 1638256 13484 350568 48 0 0 3414 1740 92 5 3 1 0
53 8 1 838732 1590356 13484 365856 108 0 0 5751 2470 89 8 2 0 0
54 4 1 838640 1553860 13484 375752 108 0 0 5475 2373 89 7 4 0 0
55 4 1 838564 1442896 13500 382600 64 0 19196 6173 2603 89 7 2 1 0
56 0 2 838500 1437620 13500 385904 68 0 0 1892 1354 38 2 57 3 0
57 4 1 838408 1433476 13500 390336 84 0 0 3107 2141 77 4 15 4 0
58 5 1 838320 1394032 13512 418648 96 0 32828 4542 2197 86 8 5 1 0
59 4 1 838228 1323740 13512 436752 112 0 0 1606 1098 95 4 1 1 0
60 5 1 838072 1174948 13524 482044 60 0 84108 8880 2012 90 9 1 0 0
61 2 1 837992 1141004 13528 512752 76 0 0 1887 1049 89 4 7 0 0
62 4 2 837892 1105760 13528 515588 136 0 0 5014 2390 53 4 39 4 0
63 4 1 837804 905948 13528 514492 124 0 0 7543 1063 83 12 4 0 0
64 4 1 837732 688972 13532 539776 56 0 56228 13863 1765 67 17 15 1 0
65 5 2 837648 480228 13532 534460 148 0 0 3176 1872 77 21 1 0 0
66 6 1 837552 292988 13532 558600 108 0 80376 6545 2919 72 25 3 0 0
67 4 2 837372 116408 13528 557404 252 0 28808 2311 1476 84 14 2 0 0
68 0 8 838196 144412 13528 345296 120 916 30112 7564 2812 37 20 19 24 0
69 0 10 838128 136360 13532 353820 88 0 472 1820 2170 5 1 13 82 0
70 2 3 838020 152868 4464 294100 104 0 120 7500 2867 29 6 19 46 0
71 1 2 837932 122616 4444 265884 120 0 19944 1489 1155 26 7 39 28 0
72 0 1 837860 120512 4448 268304 96 0 20836 448 768 1 1 81 18 0
73 0 1 837788 121580 4448 267232 104 0 0 301 645 0 0 94 5 0
74 0 1 837692 121760 4448 267324 120 0 0 321 698 0 0 92 8 0
75 0 2 837640 120304 4456 268708 32 0 508 505 875 1 1 85 13 0
76 4 0 838708 143048 2284 128864 100 1172 1172 2510 1671 22 12 29 37 0
77 1 0 840788 131892 796 74452 112 2172 8496 3991 605 18 7 74 2 0
78 4 0 840712 125144 796 80768 100 0 0 761 583 13 1 80 5 0
79 0 0 840636 123184 800 83340 84 0 0 4798 1967 63 3 15 19 0
80 3 1 840484 103316 880 103700 88 0 0 3047 2049 50 3 37 10 0
81 0 0 840396 119280 740 69684 136 0 0 3101 1728 48 5 38 9 0
82 3 0 840304 117988 748 70948 88 0 0 965 981 13 1 85 1 0
83 0 8 840224 117268 748 71652 96 0 0 1336 1463 2 1 90 8 0
84 1 9 840172 118912 752 69356 68 0 548 2432 2186 27 2 3 69 0
85 2 2 840064 110720 760 78408 228 0 0 6798 2749 23 2 26 49 0
86 4 0 839976 120304 1040 82980 112 0 0 1991 1979 46 1 38 15 0
87 0 10 839936 122860 1040 78636 44 0 41332 2297 1754 67 5 1 27 0
88 0 10 839892 132380 1032 69844 36 0 4124 1627 1800 3 2 8 87 0
89 0 11 839816 121988 1036 81192 96 0 460 1420 1709 6 2 24 69 0
90 4 1 839692 107248 1040 95688 124 0 176 2515 2323 34 1 0 64 0
91 2 6 839580 122692 1040 80132 128 0 25076 3356 1825 59 4 2 35 0
92 0 8 839516 120088 1040 83104 64 0 8252 2273 2434 13 2 10 75 0
93 1 5 839432 116164 1040 86704 100 0 17056 2267 2265 29 3 8 61 0
94 0 5 839360 126144 1048 77620 80 0 9208 2408 2021 28 2 16 54 0
95 0 0 839268 125084 1048 78384 144 0 0 1266 1422 7 1 61 31 0
96 0 0 839180 123884 1048 79724 84 0 0 547 936 3 0 91 6 0
97 1 1 839084 120704 1048 82664 56 0 0 832 878 27 1 67 4 0
98 0 6 839032 107808 1052 94700 56 0 24952 1831 1887 15 2 19 64 0
99 1 1 838944 104128 1060 96096 72 0 528 1256 1125 31 0 28 41 0
100 1 0 838776 103340 1060 96088 84 0 0 438 470 14 0 83 3 0
101 3 5 838704 103040 1060 99592 88 0 0 1004 1021 23 1 72 4 0
102 0 0 838604 111736 1068 86848 76 0 45940 2438 1710 58 4 33 5 0
103 0 0 838520 111712 1076 88084 124 0 564 377 702 1 0 97 3 0
104 0 0 838444 112644 1076 87076 56 0 0 307 693 0 0 99 1 0
105 0 0 838344 111648 1076 88112 96 0 0 332 758 0 0 97 3 0
106 1 3 838264 102888 1076 99836 52 0 0 1568 1768 6 1 83 11 0
107 0 0 838188 118652 1076 84704 56 0 2108 2881 2139 49 2 26 23 0
108 0 0 838104 118716 1084 83904 84 0 516 453 859 0 0 96 4 0
109 0 1 838032 114704 1096 88568 60 0 0 835 1331 5 1 90 5 0
110 3 1 837968 114240 1096 88208 68 0 0 721 1092 2 0 93 5 0
111 1 1 837876 112472 1096 89320 88 0 0 1663 1226 47 1 50 2 0
112 1 0 837788 112876 1096 88356 64 0 0 463 484 12 0 88 0 0
113 1 0 837716 111128 1104 89352 88 0 496 520 512 17 0 82 1 0
114 0 4 838192 122036 1104 76736 36 568 568 1419 1426 19 1 60 19 0
115 2 1 838108 112428 1400 93416 88 0 0 958 1118 9 1 9 81 0
116 1 0 838024 111208 1400 94788 92 0 0 453 815 4 0 59 36 0
117 1 0 837932 114940 1392 90736 88 0 10652 847 1001 21 2 70 7 0
118 1 0 837864 117004 1376 89996 100 0 23948 817 872 20 2 76 2 0
119 2 0 837816 116012 1380 92188 88 24 14040 708 855 20 3 75 2 0
120 1 1 837664 114084 960 95220 84 0 14476 2190 1673 25 1 63 11 0
121 2 0 839524 128676 652 67400 72 1936 22932 2125 1673 20 2 53 25 0
122 1 0 839436 109632 672 86812 80 0 15584 930 899 29 2 63 6 0
123 1 0 840344 109260 600 88360 104 984 27368 836 854 18 2 78 1 0
124 1 0 840928 105116 608 93888 68 664 22388 700 838 20 2 73 5 0
125 0 0 840836 119412 968 77692 88 0 0 854 976 8 1 87 4 0
126 0 0 840760 118292 968 79220 108 0 0 331 699 0 0 97 3 0
127 0 0 840684 119188 980 78412 60 0 528 460 776 0 0 96 4 0
128 0 0 840600 118044 980 79464 72 0 0 412 767 1 0 94 6 0
129 1 0 840516 119040 980 78516 104 0 6688 304 659 0 0 95 4 0
130 1 0 840444 117732 980 79672 80 0 0 296 688 0 0 90 10 0
131 0 1 840352 118184 980 78668 92 0 0 298 704 1 0 90 9 0
132 0 0 840276 117300 988 79740 104 0 24 326 730 0 0 92 8 0
133 0 0 840204 118064 988 78652 68 0 0 315 729 0 0 97 3 0
134 0 0 840116 116928 988 79740 100 0 0 342 734 0 0 96 3 0
135 0 0 840040 116980 988 79168 80 0 0 405 753 1 0 94 5 0
136 0 0 839964 115728 988 80204 76 0 0 312 719 0 0 97 3 0
137 0 1 839884 116328 1000 79896 96 0 12 392 794 0 0 93 6 0
138 0 0 839812 113420 1064 82544 88 0 0 469 961 0 0 94 6 0
139 0 0 839736 114252 1064 81540 112 0 0 312 674 0 0 99 1 0
140 0 0 839576 114184 1064 81308 104 0 0 303 668 0 0 98 2 0
141 2 1 839500 111472 1080 83716 100 0 36 415 888 0 0 87 13 0
142 0 0 839404 108600 1360 85756 108 0 0 486 999 0 1 87 13 0
143 0 0 839328 107504 1360 86836 88 0 0 355 723 1 0 96 3 0
144 0 1 839268 108120 1360 86304 72 0 0 351 689 0 0 83 17 0
145 2 1 839200 122964 1360 87592 84 0 0 1412 1754 4 1 39 57 0
146 0 3 840284 128608 1348 82756 16 1096 1204 480 905 3 1 37 59 0
147 1 1 841732 128760 1312 83796 104 1512 39608 925 1273 7 2 56 35 0
148 1 1 842332 122460 1304 93076 60 684 14776 608 781 13 1 58 28 0
149 1 1 842284 103972 1308 111740 44 0 13928 627 806 14 2 56 28 0
150 1 1 842268 115860 1260 100992 20 0 23920 661 914 12 2 47 39 0
151 0 5 842236 119328 756 97556 28 0 18904 651 915 9 1 50 39 0
152 0 5 842216 114820 800 101860 28 0 10496 466 923 0 0 17 82 0
153 0 7 842216 114728 800 102016 8 0 0 246 562 0 0 0 100 0
154 1 1 842160 104540 800 111536 48 0 0 445 749 9 1 18 72 0
155 0 2 844488 123668 788 95004 24 2348 26580 755 978 15 2 53 31 0
156 1 0 844340 105472 796 112392 140 0 11420 816 1131 5 1 60 33 0
157 3 1 844256 120240 792 97608 80 0 8284 1244 991 47 1 37 16 0
158 1 0 844184 117116 1116 100688 96 0 7260 936 770 44 1 43 12 0
159 1 0 844100 116128 1120 101792 88 0 0 506 621 10 1 75 14 0
160 1 9 843940 122476 848 95156 80 0 14444 861 883 14 1 51 34 0
161 0 6 843836 131080 924 85236 112 0 29800 1476 1817 5 4 9 83 0
162 0 5 843756 121364 932 96136 72 0 0 1531 1360 9 1 7 84 0
163 3 2 843688 117036 932 101136 84 0 0 1074 1131 8 2 5 85 0
164 2 6 843616 108628 932 110476 84 0 0 1064 1069 5 1 13 82 0
165 3 1 843480 114716 928 103260 140 0 648 7540 2006 39 2 7 52 0
166 1 1 857536 118160 912 107764 92 14120 47132 11738 1618 18 5 55 22 0
167 1 1 857480 111412 912 114804 64 0 23644 2246 855 19 2 64 15 0
168 1 1 857388 103152 912 130688 96 0 26148 1351 877 16 1 76 6 0
169 0 1 857316 114020 528 119508 64 0 16876 1203 1399 15 1 54 30 0
170 2 2 857232 102040 624 132368 108 0 9664 1306 1106 49 2 15 34 0
171 1 2 857128 105520 820 130452 104 0 35164 1419 1067 28 3 59 11 0
172 1 1 857092 114904 812 121156 36 0 10220 698 810 15 1 52 32 0
173 1 2 858224 120632 812 114832 48 1172 22092 674 927 13 2 55 30 0
174 1 2 858188 133312 812 104140 40 0 18500 913 1049 13 1 54 32 0
175 0 3 858140 121068 820 116228 48 0 6872 610 759 21 1 67 12 0
176 3 1 857964 119852 832 116804 196 0 4608 1104 867 39 4 14 42 0
177 0 8 861980 134788 876 107940 48 4052 25796 1555 1175 42 2 16 40 0
178 0 8 861968 124960 880 115628 8 0 11912 496 821 1 1 26 73 0
179 0 10 861968 127408 880 111792 8 4 4 323 735 0 0 3 97 0
180 0 7 870140 138492 892 103940 24 8204 14164 1020 1247 1 1 4 95 0
181 1 4 870052 130112 892 112440 96 0 0 2252 2199 4 1 26 70 0
182 0 5 870004 122684 892 120524 56 0 0 1889 1632 6 1 14 79 0
183 0 5 869976 118268 892 123940 32 0 0 770 942 2 0 0 98 0
184 2 2 869816 118184 736 123976 220 0 0 4511 2615 27 2 1 71 0
185 1 0 869764 118488 720 128252 76 24 21768 3701 2192 19 1 51 29 0
186 1 1 873888 123768 720 127860 52 4172 25816 2428 1054 11 2 75 11 0
187 1 1 873820 128360 712 124168 72 0 32512 2800 881 11 2 62 25 0
188 1 1 873800 106876 712 145652 24 0 21668 641 851 13 1 54 32 0
189 1 1 873764 111800 716 141584 60 8 17564 581 851 9 1 54 36 0
190 4 0 873632 120976 568 132556 148 0 15976 768 878 24 1 53 22 0
191 1 0 873552 120888 568 132588 112 0 0 524 518 14 0 80 6 0
192 1 1 873488 119748 568 133820 84 0 0 424 455 6 1 79 15 0
193 1 1 873392 119180 568 133880 92 0 0 613 722 19 0 50 30 0
194 1 0 873312 128852 936 125752 88 0 18580 1646 1458 24 3 65 9 0
195 3 1 873240 119684 996 135612 80 0 18364 2123 1424 25 3 51 21 0
196 1 7 882240 123360 952 132356 72 9052 51652 1315 1117 23 4 23 51 0
197 0 4 882236 121356 932 133744 8 0 12420 376 591 3 2 10 85 0
198 0 8 882224 126696 932 128176 8 0 0 273 419 0 0 1 99 0
199 1 7 882184 113888 940 141936 48 0 0 863 994 3 1 0 96 0
200 2 6 882156 128480 940 129532 28 0 6336 1075 1263 6 4 31 58 0
201 1 6 882132 110316 944 148164 44 0 10196 957 1127 14 2 31 53 0
202 1 4 882092 117856 948 141752 48 0 25856 812 829 12 2 34 52 0
203 0 5 882056 105296 948 154112 40 0 14948 917 1020 6 1 0 93 0
204 0 5 882000 104940 956 153532 56 0 436 1290 1203 3 0 12 85 0
205 0 4 881956 103400 956 155056 48 0 0 1164 1148 2 1 25 73 0
206 0 5 881888 117076 956 140724 88 0 0 1142 1135 11 1 22 65 0
207 0 5 881820 112808 1228 143932 100 0 0 961 1014 1 1 25 73 0
208 0 5 881760 110788 1228 146452 76 0 2604 996 1061 2 0 14 84 0
209 0 4 881680 106444 1236 150744 76 0 152 885 1049 2 0 0 98 0
210 1 1 886608 122116 1228 140568 148 5060 5060 1934 1272 7 2 35 56 0
211 1 1 886532 121020 1244 144300 92 0 29812 862 833 16 2 80 2 0
212 1 1 886476 122536 804 144332 52 0 21640 2850 892 8 2 80 11 0
213 2 1 886384 105168 808 162436 92 0 20128 895 1181 13 2 69 17 0
214 1 0 886276 112704 800 155920 104 0 23436 769 787 18 2 80 1 0
215 1 1 887584 108576 796 161188 132 1396 18068 821 887 14 1 71 13 0
216 1 0 887516 118316 1240 148176 72 0 36404 1149 1029 28 3 65 4 0
217 0 0 887428 118612 1240 148992 84 0 0 575 906 4 1 91 5 0
218 0 5 887348 119624 1240 148212 80 0 0 415 842 1 1 96 3 0
219 3 3 887268 105584 1244 164448 100 0 488 1050 1426 7 1 29 63 0
220 0 6 887160 111768 964 159768 44 0 16300 1518 1011 16 1 8 75 0
221 0 6 887124 121040 964 148848 48 0 0 958 1193 6 1 0 94 0
222 1 6 887072 106496 976 164740 76 0 12444 1072 1120 30 1 0 69 0
223 2 1 891800 120340 1036 156816 196 4872 21128 1287 1257 24 3 38 35 0
224 1 1 891872 117004 1032 158692 84 164 24252 934 961 14 1 79 6 0
225 2 1 891800 115968 1004 161768 80 0 11540 2341 1794 35 3 35 28 0
226 3 1 891712 112244 1304 164592 108 0 8348 1073 1019 29 1 65 5 0
227 1 2 891632 104640 1256 171380 100 0 21932 953 1041 20 5 52 24 0
228 1 3 891532 112892 1268 162740 140 0 8000 817 1133 9 1 40 50 0
229 0 2 891428 103224 1268 173276 140 0 0 552 942 3 0 43 54 0
230 0 1 891348 117388 1268 159104 104 0 0 639 980 3 0 89 8 0
231 4 3 891240 114600 1268 161760 156 0 0 916 927 28 1 64 8 0
232 1 1 891168 114844 1276 158908 72 0 18616 983 939 22 3 68 8 0
233 1 1 891072 102176 1280 173452 132 0 0 1247 897 33 1 51 16 0
234 2 1 890996 102184 1288 172604 80 0 580 527 509 14 0 83 3 0
235 1 1 894268 121700 1280 152944 160 3388 3388 510 552 16 1 78 5 0
236 3 5 894204 120200 1268 154660 68 0 0 994 979 12 0 55 33 0
237 0 2 894112 123836 1252 150364 128 0 15660 1934 1607 26 2 47 24 0
238 0 1 894048 124488 1252 149972 68 0 0 345 721 0 0 91 9 0
239 4 1 893964 123308 1276 151240 108 0 36 859 1086 12 1 77 10 0
240 4 1 893776 119756 1268 138136 136 0 0 3128 2715 27 3 38 32 0
241 1 1 893696 110664 1280 148092 84 0 4316 977 960 34 1 60 5 0
242 1 3 893552 123572 1280 136012 212 0 23292 906 1026 20 2 59 20 0
243 2 4 893432 115828 1288 144712 192 0 9456 816 1034 16 1 67 16 0
244 0 2 893304 114404 1292 145740 192 0 128 522 910 0 0 72 27 0
245 0 1 892964 114840 1292 144952 620 0 0 689 1182 0 1 73 27 0
246 0 0 892872 113716 1292 146144 280 0 0 481 888 0 1 90 10 0
247 0 1 892792 114248 1292 145136 100 0 0 401 796 1 0 96 4 0
248 0 12 892744 111892 1308 146648 88 0 11512 493 878 1 1 73 26 0
249 0 6 892676 108448 1312 150848 80 0 4 1773 1750 1 0 20 79 0
250 0 6 892620 103528 1312 154616 60 0 0 2172 2180 1 1 6 93 0
251 0 6 892568 115800 1312 141588 52 0 0 2795 2596 3 1 8 88 0
252 0 5 892520 110992 1312 146932 48 0 0 2320 2064 3 0 0 97 0
253 0 8 892444 107752 1316 149856 84 0 68 2172 1626 31 1 1 67 0
254 0 7 892408 106824 1328 151796 40 0 4 989 1308 1 0 0 99 0
255 0 7 892352 101724 1328 156640 84 0 0 1598 1434 2 1 0 97 0
256 0 6 892268 114488 1328 143056 104 0 0 2951 2363 5 1 1 94 0
257 0 1 892092 140684 1340 131432 208 0 0 4876 3498 13 2 21 64 0
258 0 2 892048 140348 1348 131652 48 0 48 375 764 0 0 92 7 0
259 1 1 891956 126580 1348 146552 128 0 0 573 876 10 1 73 16 0
260 1 1 891784 104896 1312 169148 88 0 23896 676 807 7 1 78 15 0
261 1 1 891708 107672 1312 165640 104 0 15272 567 715 16 1 81 2 0
262 1 0 893212 107140 1004 167428 124 1616 26196 656 888 17 2 72 10 0
263 1 0 895500 115536 976 159320 88 2372 10728 1375 747 45 2 51 2 0
264 4 2 895452 117152 956 157960 64 0 15188 708 841 20 1 66 13 0
265 1 1 895324 117404 1248 157712 144 0 0 1030 796 49 1 27 24 0
266 1 0 895236 115980 1248 158784 92 0 0 482 525 19 0 73 8 0
267 1 1 895188 116796 1248 157924 52 0 0 425 438 7 0 69 23 0
268 0 11 899680 120524 1268 154472 64 4536 28732 763 717 11 4 18 67 0
269 0 7 901444 120768 1264 158288 76 1808 15876 854 884 5 2 0 92 0
270 0 7 901420 132468 1284 146372 28 0 164 711 971 1 1 12 87 0
271 0 6 901372 131888 1284 147476 48 0 16644 719 931 1 1 15 84 0
272 1 4 901252 116584 1284 164180 128 0 0 3778 2483 8 1 4 88 0
273 2 3 901140 128652 984 151680 128 0 640 5799 3134 25 1 2 72 0
274 1 1 901040 117888 984 161948 132 0 8972 3813 1631 18 3 63 16 0
275 2 4 900992 119952 988 159952 56 0 23160 1438 1401 45 2 40 13 0
276 0 4 900960 102868 992 178212 36 0 18604 627 838 7 1 2 90 0
277 0 7 904484 122204 992 161648 8 3524 3524 295 684 0 1 0 99 0
278 0 10 904480 121904 996 161816 8 0 216 252 620 0 0 0 100 0
279 0 10 904452 111496 1000 172416 28 0 14052 888 1543 2 0 10 87 0
280 3 0 906756 116760 1000 167008 92 2424 15336 1465 978 24 1 58 17 0
281 2 5 914272 119372 1060 166844 76 7588 37540 2152 1690 23 2 27 47 0
282 0 5 914228 115388 1060 171960 36 0 0 1389 1220 3 1 25 72 0
283 0 6 914176 112412 1060 174804 68 0 0 1250 1272 1 0 23 76 0
284 0 6 914112 110640 1060 175996 72 0 0 1108 1177 3 1 25 72 0
285 0 5 914044 106528 1060 181316 76 0 0 1788 1468 2 0 19 79 0
286 0 4 913900 110188 1056 181236 160 0 532 6780 3537 28 2 3 66 0
287 1 0 948120 108436 1060 192600 104 34320 53412 2932 1290 17 4 57 22 0
288 1 0 948028 107476 1056 193908 112 0 35692 873 1007 6 1 89 5 0
289 1 0 947940 103848 1056 197836 108 0 0 1287 1488 36 1 50 14 0
290 1 0 947824 104288 1056 196928 148 0 0 509 579 9 0 75 16 0
291 1 2 947740 102936 1060 198000 112 0 456 485 507 14 0 73 13 0
292 1 2 948364 116852 1040 183820 28 648 4104 1173 795 20 2 37 42 0
293 1 1 948248 108068 1044 191860 112 0 17052 676 930 14 1 57 27 0
294 1 1 948180 105648 1044 195200 92 0 30820 622 771 11 2 83 4 0
295 1 3 948152 113228 720 190208 32 0 22924 629 777 12 2 56 30 0
296 1 5 948148 113104 724 190264 8 0 248 408 412 7 5 24 64 0
297 0 5 948084 115796 900 191632 72 0 23692 1946 1721 17 2 14 67 0
298 1 2 947964 106232 900 202852 140 0 0 3443 2527 10 1 28 61 0
299 1 2 965216 118044 900 199552 76 17324 38048 3779 1505 22 3 25 50 0
300 1 2 965684 150820 836 186080 116 0 3816 912 1088 20 1 55 24 0
301 1 0 965600 125760 840 210036 92 0 38584 761 867 11 1 65 22 0
302 2 1 965488 112008 848 223684 144 0 0 960 972 27 1 69 3 0
303 0 2 965392 111864 852 221852 100 0 39668 1005 903 23 2 52 22 0
304 0 0 965304 110500 852 223676 72 0 0 523 897 0 0 67 32 0
305 0 0 965224 110608 916 223180 104 0 560 569 948 0 0 94 6 0
306 0 0 965132 109648 916 224272 100 0 0 396 777 1 0 96 3 0
307 0 1 965048 109172 920 225216 100 0 0 621 1044 1 0 82 17 0
308 0 5 966460 112148 924 223644 84 1488 1488 2957 2192 10 1 18 71 0
309 1 5 966372 121348 904 214704 96 0 0 2315 2370 3 1 0 97 0
310 0 6 966280 128072 1188 208192 112 0 92 2534 2598 37 2 4 58 0
311 0 1 966200 119812 1188 215056 128 0 0 1267 1803 9 1 51 39 0
312 6 2 965264 117184 1204 217992 884 0 0 1756 2077 57 1 31 11 0
313 0 1 964924 116604 1340 217440 544 0 0 1673 2495 71 1 18 10 0
314 0 1 964468 113204 1620 217556 840 0 0 1209 1954 2 0 65 33 0
315 0 1 963648 108524 1620 222112 1064 0 0 1005 1819 3 2 68 28 0
316 0 1 963488 108460 1628 221256 192 0 68 557 1053 3 2 68 27 0
317 0 1 963272 108024 1628 221356 248 0 0 440 1008 0 0 74 25 0
318 0 1 963084 107216 1628 221864 236 0 0 506 1014 1 1 72 27 0
319 0 6 962760 115472 1624 214256 408 0 0 830 1978 2 2 49 48 0
320 0 1 962376 115760 1632 213288 236 0 20 428 803 0 0 73 26 0
321 3 9 961908 105900 1636 221748 632 0 24284 1812 2401 49 1 35 14 0
322 4 4 961136 117976 1724 210420 908 0 0 2091 4061 10 2 37 51 0
323 1 3 961052 119376 1724 209684 80 0 0 4867 3120 8 1 16 75 0
324 1 0 960972 110892 1732 217676 84 0 24024 2344 2025 35 2 34 29 0
325 1 0 960880 117204 1740 212140 112 0 11820 738 833 12 1 85 1 0
326 2 4 960796 104448 1744 225448 120 0 16576 1054 1188 15 1 66 19 0
327 1 1 960688 104804 1744 224668 120 0 0 611 641 23 0 50 27 0
328 1 1 960572 103972 1744 224960 168 0 0 531 541 12 0 73 15 1
329 3 5 962660 125544 1744 201748 228 2256 2256 2198 733 20 1 72 7 0
330 3 6 962256 122996 1756 205440 980 324 14876 1627 1781 43 3 39 14 0
331 2 4 960952 107420 1752 220648 1384 0 56480 3062 4100 53 4 17 26 0
332 0 6 960368 103152 1712 223996 796 0 0 3809 3774 25 3 18 55 0
333 0 5 960328 123176 1712 204328 48 0 0 1263 1450 3 1 1 95 0
334 1 5 960172 111796 1712 215148 160 0 0 1927 1669 15 1 1 84 0
335 2 5 959752 124492 1716 202576 552 0 160 2134 1858 41 2 14 43 1
336 7 4 958548 118784 1720 205524 1396 0 21256 2415 3074 66 4 12 18 0
337 0 3 957848 122968 1720 201384 788 0 24448 1888 2488 30 2 11 57 0
338 0 3 957668 117516 1720 207020 216 0 0 1286 1341 4 1 25 70 0
339 0 3 957568 111368 1740 212912 96 0 0 798 1238 3 1 27 70 0
340 2 3 956412 109788 1684 213064 900 0 0 1816 2810 23 2 38 37 0
341 0 7 956288 102016 1768 221236 168 0 0 1664 1526 3 0 47 49 0
342 0 3 956056 115616 1772 206556 220 0 15196 1403 1636 22 5 27 46 0
343 0 2 956004 114500 1772 207500 84 0 0 571 888 2 0 50 49 0
344 1 0 955908 120624 1780 202688 404 332 8776 1139 1653 10 2 53 34 0
345 1 0 955820 105568 1780 216672 88 0 12980 769 914 8 1 83 9 0
346 2 2 955584 108168 1780 196740 288 0 0 1298 1363 18 2 68 12 0
347 1 3 954960 121316 1776 185204 696 0 15616 1327 2042 37 2 22 39 0
348 0 1 954628 112128 1780 195812 348 0 16636 1125 2172 4 1 38 57 0
349 0 2 954448 112352 1788 194888 236 0 104 441 834 0 0 74 25 0
350 0 1 954148 111032 1788 195672 316 0 0 563 1076 1 1 71 28 0
351 0 0 953988 112016 1788 194780 164 0 0 338 724 0 1 90 10 0
352 0 0 953896 110676 1788 195820 100 0 0 346 739 0 0 95 5 0
353 0 0 953808 111732 1788 194812 88 0 4572 370 749 0 1 97 3 0
354 0 0 953728 110432 1788 195820 96 0 0 351 744 0 0 96 4 0
355 0 0 953640 111084 1796 194796 96 0 52 378 776 0 0 97 3 0
356 0 0 953544 110000 1796 196028 132 0 0 354 739 0 0 97 3 0
357 0 0 953460 110492 1796 194976 92 0 0 367 728 0 0 96 4 0
358 0 0 953380 109376 1796 196012 88 0 0 339 704 0 0 88 12 0
359 0 0 953292 110276 1796 195024 124 0 0 359 742 0 0 87 12 0
360 0 3 953108 109628 1804 195544 148 0 0 512 1040 1 0 89 10 0
361 0 2 952864 238776 2532 68692 448 0 0 1022 1754 1 2 42 56 0
362 0 3 952536 237644 2548 69520 620 0 0 709 1110 0 0 63 36 0
363 1 2 941080 3576628 2596 74060 2432 0 0 1735 2364 0 4 36 61 0
364 0 1 939232 3577904 2688 75272 1316 0 652 971 1431 0 1 47 53 0
365 0 0 939096 3575320 2688 77504 172 0 0 463 886 0 0 76 23 0
366 0 0 939020 3576312 2688 76552 88 0 0 211 473 0 0 96 4 0
367 0 0 938928 3575320 2688 77580 100 0 0 222 482 0 0 96 4 0
368 0 0 938848 3576392 2688 76544 92 0 0 204 442 0 0 98 2 0
369 0 0 938756 3575612 2700 77500 120 0 64 234 469 0 0 97 3 0
370 0 0 938660 3576264 2700 76652 128 0 0 209 451 0 0 97 3 0
371 0 0 938572 3575024 2700 77628 132 0 0 233 448 0 0 98 2 0
372 0 0 938488 3575552 2700 76644 108 0 0 208 434 0 0 98 2 0
373 0 0 938400 3574468 2700 77712 88 0 0 213 468 0 0 98 2 0
374 0 0 938320 3575460 2708 76660 92 0 12 220 488 0 0 97 3 0
375 0 0 938232 3574252 2708 77700 88 0 0 258 567 0 0 97 2 0
376 0 0 938136 3575276 2708 76668 108 0 0 227 524 0 0 97 3 0
377 0 0 938056 3573876 2708 77680 108 0 60 229 479 0 0 98 2 0
378 0 0 937972 3574868 2708 76672 96 0 0 201 440 0 0 99 1 0
379 1 0 937888 3573660 2716 77688 108 0 32 206 442 0 0 98 2 0
380 0 0 937716 3573908 2716 77684 88 0 0 223 485 0 0 97 3 0
381 0 0 937628 3574840 2716 76704 72 0 732 264 545 0 0 98 2 0
382 0 0 937544 3573508 2716 77712 80 0 0 237 538 0 0 97 3 0
383 0 0 937452 3574500 2724 76648 120 0 56 212 439 0 0 97 2 0
384 0 0 937356 3573324 2724 77704 92 0 0 234 510 0 0 98 2 0
385 0 0 937280 3574156 2724 76680 100 0 0 205 471 0 0 98 2 0
386 0 0 937196 3573072 2724 77716 116 0 0 235 496 0 0 97 3 0
387 0 0 937112 3573516 2724 76604 96 0 0 208 475 0 0 97 3 0
388 0 0 937028 3573104 2732 77684 116 0 12 210 441 0 0 97 3 0
389 0 0 936948 3573816 2732 76676 100 0 0 278 576 0 0 98 2 0
390 0 0 936856 3572664 2732 77800 132 0 0 222 489 0 0 98 2 0
391 0 0 936776 3573536 2732 76816 120 0 0 194 447 0 0 98 2 0
392 0 1 936676 3572916 2732 77592 188 0 0 233 474 0 0 85 15 0
393 0 1 936420 3573624 2740 76724 284 0 16 281 654 0 0 69 31 0
394 0 0 935788 3573236 2740 77748 384 0 0 293 657 0 1 86 13 0
395 0 1 935708 3574204 2740 76660 104 0 0 188 450 0 0 85 15 0
396 1 0 935612 3573244 2740 77692 120 0 12 224 477 0 0 90 10 0
397 0 0 935524 3573924 2740 76848 104 0 0 223 478 0 0 85 15 0
398 0 1 935448 3572828 2748 77712 96 0 16 234 475 0 0 84 15 0
399 0 0 935348 3573572 2748 76856 108 0 0 219 477 0 0 93 7 0
400 0 0 935176 3573700 2748 76888 104 0 0 207 460 0 0 96 4 0
401 0 0 935084 3572344 2748 78076 140 0 0 244 524 0 0 97 3 0
402 0 0 935004 3572776 2756 76996 112 0 12 196 439 0 0 97 3 0
403 0 0 934932 3571660 2756 78084 88 0 0 213 459 0 0 97 2 0
404 0 0 934844 3572708 2756 77144 84 0 0 236 542 0 0 98 2 0
405 0 0 934768 3571600 2756 77880 72 0 32 244 545 0 0 97 2 0
406 0 0 934684 3572616 2756 76904 96 0 0 210 484 0 0 98 1 0
407 0 0 934592 3571368 2764 78092 96 0 20 243 544 0 0 96 3 0
408 0 0 934512 3571796 2764 76924 88 0 0 200 471 0 0 98 2 0
409 0 0 934428 3571292 2764 78076 116 0 0 214 486 0 0 97 3 0
410 0 1 934304 3572180 2764 77128 148 0 0 217 490 0 0 97 3 0
411 0 0 934188 3571444 2764 77900 136 0 0 231 517 0 1 96 4 0
412 0 0 934068 3571852 2772 77012 144 0 12 210 515 0 0 96 3 0
413 0 0 933936 3571100 2772 77940 184 0 0 209 496 0 0 96 4 0
414 0 0 933852 3571392 2772 77152 108 0 0 174 438 0 0 98 2 0
415 0 0 933772 3570288 2772 78020 112 0 72 210 481 0 1 98 2 0
416 0 0 933676 3571292 2772 76976 168 0 0 205 466 0 0 98 2 0
417 0 0 933592 3570208 2780 77996 100 0 52 200 454 0 0 98 2 0
418 0 0 933516 3571096 2780 76984 80 0 0 234 537 0 1 97 2 0
419 0 0 933428 3569980 2780 78152 108 0 0 297 656 0 0 96 4 0
420 0 0 933276 3570076 2780 78176 80 0 0 205 477 0 0 97 2 0
421 0 0 933024 3570416 2788 77052 292 0 16 320 681 0 0 91 8 0
422 0 0 932940 3569000 2788 78040 108 0 0 259 562 1 1 95 4 0
423 0 0 932856 3569808 2788 76972 88 0 0 175 448 0 0 98 2 0
424 0 0 932768 3568848 2788 78160 92 0 0 195 442 0 0 98 2 0
425 0 0 932692 3569852 2788 76996 76 0 0 183 441 0 0 98 2 0
426 0 0 932596 3568756 2796 78152 120 0 44 217 487 0 0 97 3 0
427 0 0 932508 3569064 2796 77184 92 0 0 198 433 0 0 98 2 0
428 0 0 932428 3569000 2796 77868 76 0 0 224 481 0 0 98 2 0
429 0 0 932344 3569928 2796 77220 108 0 0 209 462 0 0 97 3 0
430 0 0 932256 3569504 2796 78020 136 0 0 221 470 0 0 97 3 0
431 0 0 932176 3569744 2804 77216 92 0 12 233 538 0 0 96 3 0
432 0 0 932092 3568628 2804 78156 100 0 0 230 483 0 0 96 3 0
433 0 0 931996 3569500 2804 77220 104 0 0 205 470 0 0 98 2 0
434 0 0 931912 3568360 2804 78160 104 0 40 223 487 0 0 97 3 0
435 0 0 931832 3569440 2804 77204 104 0 0 220 498 0 0 97 3 0
436 0 0 931700 3568140 2816 78120 172 0 20 252 510 0 0 94 5 0
437 0 0 931612 3568892 2816 77268 84 0 0 210 464 0 0 97 2 0
438 0 0 931536 3567680 2816 78220 96 0 0 211 457 0 0 97 3 0
439 0 0 931436 3568848 2816 77108 128 0 0 205 449 0 0 97 3 0
440 0 0 931260 3568568 2824 77172 104 0 12 217 483 0 0 97 3 0
441 0 0 931176 3567364 2824 78256 124 0 0 224 473 0 0 97 3 0
442 0 0 931088 3568392 2824 77252 84 0 0 190 426 0 0 98 3 0
443 0 0 931000 3567400 2824 78424 100 0 0 213 449 0 0 96 3 0
444 0 0 930908 3567308 2824 78456 132 0 0 235 485 0 0 97 3 0
445 0 0 930832 3568036 2832 77328 120 0 12 221 476 0 0 99 1 0
446 0 0 930748 3566616 2832 78348 112 0 0 234 493 0 0 95 4 0
447 0 0 930652 3567656 2832 77316 108 0 0 266 606 0 0 96 4 0
448 0 1 930576 3566960 2836 78416 92 0 92 218 468 0 0 97 3 0
449 1 0 930460 3559980 3004 81308 180 0 0 978 1738 1 0 73 26 0
450 0 1 930372 3546404 3104 85556 124 0 56 1014 1882 3 1 74 22 0
451 0 1 930284 3545860 3220 93136 104 0 0 889 1607 2 1 72 25 0
452 0 0 930192 3547488 3248 95504 132 0 0 566 1116 1 1 89 10 0
453 0 0 930088 3547932 3256 94608 136 0 8 238 502 0 0 96 3 0
454 0 0 930008 3547476 3256 95544 84 0 0 213 458 0 0 98 2 0
455 0 0 929920 3548096 3268 94492 96 0 52 246 546 0 0 97 3 0
456 0 0 929828 3546968 3268 95580 128 0 0 235 495 0 0 98 2 0
457 0 0 929752 3547912 3268 94464 116 0 0 211 437 0 0 98 2 0
458 0 0 929672 3547096 3268 95596 116 0 0 205 420 0 0 98 2 0
