0 0 3 965080 3576868 12908 71812 37 48 282 2 6 12 1 83 4 0
1 0 0 965020 3577108 12916 70936 72 0 0 197 418 0 0 96 4 0
2 0 0 964948 3576160 12928 71892 80 0 88 204 410 0 0 96 3 0
3 0 0 964880 3577160 12928 71032 72 0 0 165 405 0 0 98 1 0
4 0 0 964824 3576064 12928 71908 60 0 0 182 429 0 1 97 2 0
5 0 0 964780 3576944 12928 71012 64 0 0 155 385 0 0 99 1 0
6 1 1 964768 3572980 12928 71996 32 0 0 295 618 1 1 97 2 0
7 0 0 964744 3572032 12928 70920 16 0 36 533 1019 6 3 90 1 0
8 0 0 964736 3571156 12936 71896 8 0 24 170 414 0 0 99 1 0
9 0 0 964728 3571896 12936 71048 8 0 0 137 395 0 0 99 0 0
10 0 1 964644 3570772 12936 71776 196 0 0 188 452 0 0 91 9 0
11 0 3 963868 3570460 13064 70876 1192 0 0 583 1099 1 0 62 37 0
12 1 0 963300 3549380 13652 75308 876 0 0 728 1195 1 1 64 34 0
13 0 1 963292 3544408 13664 76800 8 0 156 449 662 1 0 75 25 0
14 0 1 963280 3533824 13672 82260 12 0 0 577 868 2 1 73 24 0
15 0 1 963272 3524028 13672 87564 8 0 0 538 744 1 1 75 24 0
16 1 0 963260 3512316 13672 90912 12 0 0 536 850 4 1 74 22 0
17 1 1 963236 3504164 13672 94264 28 0 16 441 849 3 1 73 23 0
18 1 1 963228 3492688 13680 99380 12 0 32 627 816 2 0 76 23 0
19 0 1 963216 3485568 13680 103488 12 0 0 522 758 1 1 75 23 0
20 0 1 963196 3466428 13816 111344 8 0 0 567 826 4 1 72 23 0
21 1 2 963184 3450296 13820 114144 12 0 16 664 785 6 1 73 20 0
22 0 1 963172 3424740 13824 116604 8 0 4 758 1001 11 1 72 17 0
23 1 0 963156 3408208 13832 117172 20 0 0 744 975 10 1 69 20 1
24 2 0 963148 3404432 13832 121532 4 0 0 656 827 4 1 73 23 0
25 0 1 963124 3391820 13832 121792 32 0 0 612 794 9 1 71 20 0
26 0 1 963112 3346952 13840 125348 12 0 24 1079 1249 8 1 72 18 1
27 1 0 963092 3301464 13840 127280 40 0 0 981 1279 10 2 72 16 0
28 0 1 963040 3215272 13840 131068 72 0 0 1309 1855 11 2 70 16 0
29 0 1 962956 3167004 13840 132820 108 0 0 1001 1626 7 2 71 19 0
30 0 1 962524 3025016 13840 222396 584 0 62384 3223 1943 19 11 52 17 0
31 0 1 962500 2930380 13848 309900 24 0 26124 798 1119 4 6 74 16 0
32 0 1 962468 2922792 13848 312160 44 0 0 757 1243 6 1 67 26 0
33 0 1 962424 2885448 13848 311504 44 0 0 493 860 3 1 68 27 0
34 0 1 962388 2881300 13848 313044 52 0 0 430 795 1 1 65 34 0
35 0 2 962372 2876464 13848 312600 20 0 0 425 757 2 0 71 27 0
36 0 1 962344 2871184 13856 314416 32 0 92 487 788 2 0 66 32 0
37 1 1 962324 2870544 13856 314364 28 0 0 431 797 2 0 72 26 0
38 1 1 962300 2822904 13856 315576 24 0 0 755 1320 5 1 70 24 0
39 5 0 962268 2685860 13856 316240 44 0 56 1306 1885 12 3 69 15 1
40 1 1 961900 2643128 13864 327132 368 0 148 1686 2842 7 1 67 25 0
41 7 0 961692 2540652 13988 328224 224 0 0 1702 1568 71 3 16 10 0
42 6 2 961560 2278092 13988 334468 208 0 0 2488 1950 82 9 6 4 0
43 5 0 961268 2037340 13988 353128 408 0 0 3488 2221 83 10 4 3 0
44 5 0 960940 2007592 13992 373272 348 0 0 3666 2162 85 6 6 3 0
45 6 1 960644 1887872 14000 397620 316 0 520 4223 2247 84 7 3 5 0
46 6 0 960272 1864272 14004 417932 392 0 0 3636 2086 78 6 8 9 0
47 1 0 960244 1859812 14004 421660 32 0 0 857 840 13 2 84 2 0
48 7 0 960160 1762972 14004 420488 100 0 0 3052 2820 30 4 61 4 0
49 6 0 960088 1746880 14004 430312 56 0 0 4109 2397 90 7 3 0 0
50 1 5 960052 1731060 14008 437840 60 0 480 6852 3027 84 9 5 1 0
51 7 0 960020 1623948 14012 442820 52 0 4 4426 2368 86 7 5 2 0
52 6 0 959984 1621352 14016 444956 52 0 0 3108 1941 89 4 5 1 1
53 4 0 959956 1608964 14016 454764 24 0 0 3728 1766 94 5 1 0 0
54 6 0 959932 1592472 14016 470616 16 0 0 6819 2816 90 9 2 0 0
55 5 0 959912 1585288 14032 477060 16 0 492 5950 2483 92 6 3 0 0
56 0 1 959900 1583032 14036 479844 16 0 0 2487 1407 55 3 39 3 0
57 4 0 959872 1575492 14044 487436 32 0 22452 2730 1877 79 3 13 5 0
58 4 0 959848 1547900 14044 512648 28 0 39936 4013 1726 90 6 3 1 0
59 8 1 959788 1461384 14044 544124 72 0 42784 2399 1254 92 7 1 0 0
60 4 0 959688 1310676 14060 585180 48 0 87056 4391 2347 91 7 1 0 0
61 0 0 959636 1283360 14060 609528 52 0 0 1505 975 48 4 46 3 0
62 4 0 959596 1229136 14060 610596 48 0 0 4033 2440 51 6 37 6 0
63 4 0 959552 1003128 14060 617528 44 0 0 1350 911 90 8 1 0 0
64 8 1 959484 819080 14072 635488 68 0 135824 23867 2584 73 23 3 1 0
65 4 0 959440 595260 14072 633756 48 0 0 10852 1274 82 17 1 0 0
66 5 0 959668 418676 14072 648500 48 268 268 6139 2832 83 12 5 1 0
67 5 0 962352 172016 14072 661576 56 2720 58744 3810 1546 83 15 1 1 0
68 0 2 962520 151712 13828 550312 184 312 312 4650 2247 41 12 19 28 0
69 1 3 962436 153908 13796 476380 156 64 576 2154 1359 38 4 22 36 0
70 2 0 962248 140016 13796 488908 176 0 0 1289 1385 26 2 42 29 0
71 2 1 962348 147572 13716 392096 16 120 37620 3666 1319 24 8 60 8 0
72 1 0 962312 138340 13716 400628 48 0 0 559 893 8 1 76 15 0
73 1 0 962276 139592 13716 399668 28 0 0 296 673 0 0 95 5 0
74 1 0 962220 138212 13724 400812 64 0 452 382 763 0 0 89 10 0
75 1 4 962180 138940 13724 400192 68 0 0 463 830 1 0 82 17 0
76 3 1 962440 150772 13724 387196 48 296 296 3077 1999 8 3 29 60 0
77 5 1 968120 124680 12584 273236 264 5940 5940 7514 3231 61 14 12 12 1
78 8 0 968052 107204 12428 211572 44 0 0 23878 1665 27 10 58 5 0
79 1 0 969944 118480 12320 200384 72 1948 2428 3266 1733 32 2 52 13 0
80 4 0 969936 125800 8132 107516 120 152 160 2594 1555 22 6 63 8 1
81 1 0 969488 123420 8132 108508 440 0 0 562 590 26 0 73 1 0
82 5 0 969432 111092 8136 120200 64 0 0 1333 880 35 2 62 1 0
83 0 13 969612 131628 6292 101220 60 224 692 19638 2476 52 7 34 6 0
84 2 7 969576 112576 6436 119956 48 0 4 2193 2472 10 1 11 78 0
85 4 2 969748 119548 5816 111668 76 224 224 2261 2386 26 1 15 58 0
86 5 1 969712 120420 5820 112628 28 0 0 2172 1541 65 2 29 4 0
87 1 10 969792 122676 4932 110924 56 148 57096 2217 2434 31 7 3 59 0
88 0 13 969712 113336 4936 121516 100 0 464 1670 1974 6 1 0 93 0
89 2 7 969672 104732 4940 130336 48 0 108 1599 1726 3 1 0 96 0
90 2 3 969800 120940 3524 114968 100 200 200 1884 1611 59 1 2 38 0
91 1 6 970184 109604 2868 126752 28 420 28968 2566 2358 42 3 17 38 0
92 1 8 970612 115608 2320 122292 36 456 6760 1819 2132 16 3 2 79 1
93 3 7 970572 106824 2328 131880 52 0 492 1885 1840 45 1 5 49 0
94 3 4 970864 111872 1636 126692 80 368 19252 2391 2417 33 3 5 58 0
95 0 3 970804 104652 1636 135388 68 0 0 1620 2012 13 1 1 86 0
96 0 2 971192 122616 1608 117648 76 456 456 714 1173 0 1 38 61 0
97 4 0 971116 113836 1608 125088 92 0 0 772 967 18 1 66 14 0
98 0 7 971424 121716 1536 117256 52 356 13380 1499 1699 15 3 28 54 0
99 4 2 971344 119920 1540 118984 88 0 12464 1384 1849 17 1 14 68 0
100 0 0 971368 122448 1540 116840 88 0 0 397 792 1 0 92 8 0
101 4 0 971308 122936 1540 115976 52 0 0 565 908 7 0 91 2 0
102 1 0 971240 119968 1548 117052 84 0 488 700 588 31 0 66 2 0
103 1 0 971176 120940 1548 115980 88 0 0 480 484 25 0 74 1 0
104 1 0 971112 120188 1548 117000 68 0 0 485 546 25 0 73 2 0
105 0 0 971036 110544 1552 128920 80 0 27756 987 1157 26 2 67 5 0
106 1 3 971128 119468 1476 119692 24 124 124 1662 1691 3 2 76 20 0
107 1 0 971056 119428 1484 117312 76 0 472 1186 901 25 1 66 9 0
108 2 0 971008 118300 1484 118556 64 0 0 564 607 25 0 70 5 0
109 0 0 970980 119108 1484 120500 16 0 0 839 1082 19 1 76 4 1
110 1 2 970936 111092 1484 127536 36 0 0 912 1046 3 1 81 16 0
111 1 1 970892 106032 1484 132688 44 0 0 1381 1311 22 1 53 24 0
112 1 0 971360 117256 1432 115724 44 516 948 767 598 25 1 63 12 0
113 1 0 971336 117752 1432 114696 40 0 0 444 457 25 0 74 1 0
114 1 0 971272 117224 1432 115664 64 0 0 471 466 25 0 73 1 0
115 0 3 971248 118880 1632 121084 60 0 0 1713 1698 14 2 35 50 0
116 0 1 971196 112792 1636 127372 88 0 0 587 881 5 0 57 37 0
117 0 0 971124 113756 1648 126472 60 0 480 492 798 0 0 88 12 0
118 0 2 971076 111112 1648 128940 72 0 0 549 830 2 0 94 3 0
119 1 0 971160 118172 1560 121568 68 136 136 2005 1710 27 2 55 16 0
120 1 1 971100 102992 1560 137448 100 0 25556 731 909 23 3 67 7 0
121 0 2 971176 104832 1356 135596 120 180 26920 780 928 22 3 61 14 0
122 1 0 971464 110900 1316 130712 72 344 24164 716 880 23 2 68 7 0
123 0 4 972224 121760 1312 119492 88 836 11608 1811 1618 30 3 41 26 0
124 0 0 972116 109236 1312 131796 124 0 0 823 1023 9 1 38 52 0
125 1 0 976320 124952 980 117540 68 4252 6844 1031 947 20 1 76 3 0
126 1 0 976264 103388 1000 138620 76 0 24152 853 840 25 2 70 2 0
127 1 3 976564 102388 964 143632 88 432 28204 1282 1097 42 3 43 12 0
128 0 3 976656 107604 796 137776 88 156 11776 1371 1116 20 2 23 55 0
129 2 1 978068 127052 692 105672 64 1468 16024 1784 1284 14 3 35 48 0
130 1 0 977988 108812 696 124092 88 0 12108 651 778 26 1 61 13 0
131 0 1 978068 128548 672 105396 104 180 8912 539 809 8 1 83 9 0
132 0 0 978000 128972 672 104276 80 0 0 308 669 0 0 93 7 0
133 0 0 977936 128628 672 105276 72 0 0 306 687 0 1 96 3 0
134 0 0 977876 122532 672 111512 60 0 0 624 857 1 0 94 6 0
135 0 0 977808 123556 672 110488 116 0 0 294 634 0 0 97 3 0
136 0 0 977744 122472 680 111516 60 0 8260 334 690 0 0 97 2 0
137 0 0 977688 122916 680 111124 76 0 0 382 776 0 0 95 5 0
138 0 0 977612 121552 736 112520 104 0 0 451 932 0 0 93 7 0
139 0 0 977552 121608 736 111512 84 0 0 315 667 0 0 97 2 0
140 0 0 977456 121920 744 111508 48 0 16 278 625 0 0 98 1 0
141 0 2 977380 116992 1160 115612 172 0 0 743 1204 0 0 76 24 0
142 0 0 977320 116528 1160 115856 72 0 0 393 817 0 1 93 7 0
143 0 2 977264 115256 1160 117060 88 0 0 327 688 0 0 96 4 0
144 0 1 977176 115748 1160 116548 160 0 0 351 701 0 0 70 30 0
145 1 0 977104 106272 1260 141764 88 0 17196 1418 1653 8 3 57 32 0
146 1 1 977412 123036 1200 125288 40 348 8740 619 786 23 2 63 12 0
147 1 5 977292 108784 1224 140744 168 0 23088 1010 950 43 2 20 35 0
148 1 1 978720 120860 1276 132344 176 1528 15996 1914 927 27 3 29 41 0
149 1 2 979212 127448 1264 126120 28 512 23084 734 863 23 2 37 38 0
150 0 7 979116 121452 1268 132340 120 0 14108 1112 865 47 1 18 35 0
151 0 8 979196 152220 872 101120 92 148 12424 1251 1297 17 4 0 79 0
152 1 5 979148 151448 872 102856 40 0 4 636 885 1 1 20 77 0
153 1 6 979136 150772 872 103512 44 0 0 741 855 3 3 17 77 0
154 0 5 979088 149988 872 104576 56 0 0 842 870 3 4 35 58 0
155 1 5 979056 148028 872 106580 56 0 0 858 1015 2 2 26 70 0
156 0 5 978944 139660 880 115544 140 0 6640 3287 2405 4 1 10 85 0
157 4 0 978880 125912 880 129560 72 0 0 4601 2400 30 1 2 66 0
158 1 0 979320 125448 748 100008 80 532 5112 15913 653 28 6 54 12 0
159 1 0 979240 123352 748 100772 76 0 0 507 547 25 0 67 8 0
160 1 2 979124 123220 756 100800 84 0 60 446 441 21 1 69 9 0
161 0 3 979044 106348 756 118776 112 0 0 3807 2428 9 1 26 64 0
162 1 0 1007244 120976 644 107912 44 28252 68368 11025 1454 19 6 63 12 0
163 1 1 1007376 112588 604 117156 24 156 23052 854 915 20 2 64 14 0
164 0 2 1008212 122660 436 109188 100 892 24800 3452 904 16 2 43 40 0
165 1 1 1008840 122920 492 111180 132 732 22736 1079 1303 17 2 60 21 0
166 1 0 1009504 121296 504 114932 104 740 22396 825 1028 23 2 69 6 0
167 1 0 1009420 107544 504 128708 100 0 19080 634 773 24 1 71 4 0
168 1 0 1010032 114020 544 125836 76 676 20932 1225 849 20 2 61 17 0
169 0 3 1009968 108316 548 131016 56 0 0 577 686 19 3 57 21 0
170 1 4 1009892 106260 580 133284 88 0 120 999 1041 24 1 48 27 0
171 1 4 1017460 173352 760 87188 76 7628 62272 2563 1391 48 7 26 18 1
172 0 7 1017360 166952 768 96268 112 0 6208 890 1071 29 1 39 31 0
173 0 8 1017308 159600 768 103308 72 0 11688 710 965 5 1 17 77 0
174 0 12 1017248 156940 772 106508 64 0 208 1338 1390 2 2 13 84 0
175 1 11 1017220 135056 780 127016 36 0 9524 1076 1260 20 1 2 77 0
176 2 6 1017036 118712 792 144016 260 0 16616 2332 2027 33 3 4 59 1
177 1 9 1019160 114116 780 148628 444 2316 30536 2892 1947 36 3 1 60 0
178 1 9 1041860 148852 712 117508 108 22736 37836 9438 1632 19 5 0 77 0
179 1 8 1041788 121500 716 145188 168 0 27188 986 1133 23 3 1 73 0
180 1 4 1041784 115060 300 152436 1616 292 292 2860 2527 14 2 38 47 0
181 1 4 1041668 117472 308 150180 1720 128 28568 1928 1808 23 3 38 36 0
182 1 4 1041720 123952 304 142544 1952 172 22696 2060 1894 23 2 30 44 0
183 1 3 1041632 109904 312 155900 468 0 11316 966 1313 23 1 41 35 0
184 4 0 1041548 107408 256 157180 592 12 23896 1145 1257 24 3 56 18 0
185 1 0 1086656 147328 200 62672 60 45168 45168 20585 862 31 11 50 8 0
186 1 1 1086608 147352 200 60992 48 0 0 461 510 25 0 72 3 0
187 1 0 1086536 146076 200 62028 76 0 0 485 561 25 0 63 12 0
188 1 5 1086516 146572 208 61340 20 0 56 404 561 18 0 68 13 0
189 0 7 1086488 131260 268 77952 36 0 18148 693 1025 18 2 41 39 0
190 1 1 1086364 110924 380 97896 136 0 17364 725 1068 15 2 57 26 0
191 2 0 1086400 115576 1012 93904 92 124 16732 1354 1208 25 3 55 17 0
192 0 2 1088508 102792 1084 106116 88 2188 25944 2385 1698 19 3 51 27 0
193 0 3 1088744 120556 1092 88100 52 272 764 928 916 4 5 32 59 1
194 0 1 1089156 145544 1164 90332 92 496 5272 1834 1736 28 2 37 33 0
195 1 0 1089092 125956 1168 110320 84 0 25288 717 869 23 2 71 3 0
196 1 0 1089100 128308 1140 108792 56 64 27136 736 968 22 3 69 6 0
197 1 0 1089056 104360 1144 133116 48 0 16552 797 1049 23 2 64 11 0
198 1 4 1089440 108864 1128 129840 116 444 30592 724 904 21 3 47 29 0
199 1 2 1089416 106416 1212 136864 72 36 22856 635 840 22 3 33 42 0
200 0 5 1094168 129264 1228 112352 60 44 42256 1096 1721 14 3 14 69 0
201 0 3 1094076 124052 1228 118060 88 0 0 486 907 1 0 20 79 0
202 0 5 1094012 120948 1236 121992 92 0 532 1059 1151 1 0 26 73 0
203 0 3 1094380 128832 1440 112552 84 440 8896 1777 1576 27 2 7 64 0
204 0 2 1140756 132404 1452 119244 76 46404 52592 6177 1331 11 5 46 38 0
205 0 4 1199204 138128 1452 114848 16 58456 58456 7519 831 2 4 6 88 0
206 1 2 1199112 127920 1456 127520 96 0 8324 779 886 22 1 47 30 0
207 1 2 1199088 108732 1464 147028 20 0 20940 624 823 17 2 40 41 0
208 0 1 1199064 126324 1228 130624 100 64 7904 1015 1105 16 1 46 37 0
209 0 1 1198972 125240 1228 131596 96 0 0 354 709 0 0 80 20 0
210 1 0 1198932 116432 1228 141048 32 0 11440 515 815 8 1 81 10 0
211 1 0 1199144 117732 1192 141568 52 268 19180 621 723 23 2 69 7 0
212 4 0 1199092 103136 1204 156180 64 0 15712 664 758 29 2 66 4 0
213 1 0 1199328 117672 952 140684 84 288 33412 817 930 23 3 70 4 0
214 2 0 1199288 118168 952 139728 36 0 0 274 606 0 0 97 3 0
215 0 0 1199236 117448 952 140748 68 0 0 342 657 0 0 95 5 0
216 0 0 1199148 118416 952 139840 136 0 0 349 689 0 0 85 15 0
217 0 0 1199092 117300 960 140824 64 0 452 388 706 0 0 88 12 0
218 0 1 1199492 156900 848 76092 304 668 5900 1886 1331 15 8 71 6 0
219 1 0 1199436 138712 848 95408 60 0 8696 779 923 24 2 72 3 0
220 2 4 1166436 108208 860 124896 1004 0 0 1051 1406 5 1 10 84 0
221 0 9 1166428 114084 632 119812 44 32 440 1021 1186 4 2 1 93 0
222 0 7 1166488 116940 612 116112 64 120 128 1048 1006 2 1 9 88 1
223 0 7 1166516 116284 608 117404 60 88 88 1035 1426 4 1 4 91 0
224 2 2 1166868 112296 652 122124 44 400 18572 1068 1103 16 2 16 66 0
225 0 5 1165968 130724 676 113212 1772 536 4672 1806 1677 35 2 27 35 0
226 2 2 1146408 106404 684 114396 20592 0 312 4051 4355 6 1 8 84 1
227 1 3 1132996 117668 684 91220 14072 368 368 2838 2896 3 1 10 85 0
228 1 3 1124588 118132 772 89344 9020 352 4640 3550 2865 20 3 26 52 1
229 0 2 1124468 109028 868 97788 200 0 0 739 1075 4 0 43 53 0
230 0 0 1124332 106880 1012 98944 220 0 0 772 1046 4 0 62 34 0
231 0 0 1124280 107624 1024 97840 64 0 496 475 778 0 0 89 10 0
232 0 0 1124192 107480 1024 98876 100 0 0 398 804 0 0 95 5 0
233 0 1 1092000 124372 1024 82484 624 352 7732 1686 1626 38 2 56 4 0
234 1 0 1091948 122420 1024 84444 84 0 0 469 497 23 1 73 4 0
235 1 0 1091896 123220 1024 83240 60 0 0 445 467 25 0 74 1 0
236 1 2 1091788 108076 1032 99772 176 0 52 1202 815 29 0 63 7 0
237 4 0 1092852 123840 1060 87192 64 1116 18172 1726 1225 25 3 62 11 0
238 1 2 1092916 103876 1088 106968 76 128 128 2647 2190 23 2 24 50 0
239 0 0 1092888 118264 1088 92848 104 64 64 1360 2129 7 1 81 11 0
240 0 1 1092776 115252 1096 96008 68 0 508 673 926 1 0 68 31 0
241 0 1 1092700 111816 1096 100160 108 0 7412 619 884 0 1 48 52 0
242 1 0 1092752 120452 1192 91116 56 108 8576 1929 1369 48 2 47 2 0
243 2 2 1092752 109916 1120 108588 76 64 8332 1595 1296 37 2 40 21 0
244 1 0 1093028 107404 1032 113448 80 380 15132 1482 1523 28 2 41 29 0
245 3 3 1093380 119556 1012 104552 72 424 24372 2483 1203 24 3 25 49 0
246 3 2 1093148 105804 1012 118616 244 0 8832 1338 1468 38 1 19 42 0
247 2 0 1094176 120656 948 109044 52 1064 14080 1414 1172 42 2 42 13 0
248 1 0 1095376 117240 932 113396 56 1252 22240 1443 1006 25 3 63 9 0
249 4 0 1096952 120512 864 96780 72 1624 13272 1928 1355 29 3 65 3 0
250 1 4 1096756 109116 1068 108112 216 0 4700 1258 1335 18 3 34 44 1
251 0 5 1101928 123704 952 95140 268 5416 5432 2767 1821 10 2 12 74 1
252 2 2 1102560 121320 884 102120 44 680 680 3867 1657 27 1 11 60 0
253 0 0 1102996 116608 872 110668 52 488 488 2665 2240 6 2 44 48 0
254 1 0 1102952 101860 872 125576 44 0 11684 953 1225 15 2 77 6 0
255 1 4 1104044 108648 872 118816 148 1172 21744 1005 992 22 2 59 17 0
256 1 5 1104424 126060 880 101564 24 412 8180 676 979 15 1 55 29 0
257 4 1 1104836 126324 1012 103636 88 476 24192 739 1049 22 2 49 28 0
258 1 2 1104720 104128 1016 125892 212 0 16380 973 1430 24 2 56 18 0
259 4 0 1104844 117160 1188 110868 336 296 19644 1141 1318 34 2 44 20 0
260 4 0 1067476 106360 1076 91196 21480 44 44 4798 4018 25 1 14 60 0
261 0 1 1121076 140108 548 51016 52 53652 53664 5382 7186 16 5 53 27 0
262 1 0 1121020 140160 548 50488 44 0 0 419 497 14 0 65 21 0
263 1 2 1120944 138948 548 51588 80 0 0 511 565 24 0 64 12 0
264 0 1 1118372 139476 556 50644 152 0 20 474 570 17 0 67 16 0
265 0 1 1089136 129216 556 51652 9768 0 0 2709 2469 1 1 72 26 0
266 0 1 1084260 125248 556 50636 4968 0 0 1512 1535 0 1 72 28 0
267 1 0 1081840 123016 556 51736 1160 0 0 662 729 14 0 72 13 0
268 4 1 1081852 123848 1136 50712 48 56 11784 1693 1175 38 2 47 13 0
269 0 7 1082632 128808 1048 45960 92 820 43400 2576 2301 14 4 10 72 0
270 0 4 1082592 127656 1048 47288 68 0 0 602 972 0 1 26 73 0
271 0 6 1082548 111220 1048 65148 40 0 0 648 925 3 0 0 97 0
272 0 4 1082500 117500 1048 59340 64 4 4 730 1061 6 1 11 81 0
273 0 5 1082416 103396 1048 73408 120 0 0 703 892 4 0 28 68 0
274 0 4 1082648 102964 1032 74436 96 296 812 1350 1112 24 2 12 63 0
275 1 0 1082704 107104 1032 72980 36 104 6828 7571 1963 23 2 45 29 0
276 1 0 1082672 105832 1024 74100 36 12 23536 706 849 24 2 72 2 0
277 1 0 1082648 109812 1028 71220 36 20 16576 711 842 23 2 70 6 0
278 1 2 1082952 119308 1012 61160 48 348 16380 734 836 24 2 54 21 0
279 1 3 1083156 109260 288 72768 40 252 26412 889 1364 17 2 51 30 0
280 1 4 1083476 139964 216 43892 20 264 15116 2025 3252 9 1 25 65 0
281 4 0 1083436 133260 284 49856 56 4 8256 1209 1393 35 2 31 32 0
282 4 3 1083688 153800 864 31032 48 280 31348 3005 4445 48 4 7 42 0
283 1 6 1084452 148508 900 40180 48 816 21656 2181 2319 1 1 20 78 1
284 0 4 1084408 114488 904 76892 44 0 0 1556 1696 8 1 9 82 1
285 0 4 1084384 114752 900 76824 40 16 16 695 925 5 1 6 88 0
286 4 0 1084428 126712 892 65052 40 84 88 5068 1062 14 2 6 77 0
287 0 2 1084396 115216 892 77428 32 0 0 809 994 12 2 5 81 0
288 1 0 1084428 120340 892 73376 16 48 15372 5448 1308 20 2 32 46 0
289 1 0 1084412 116896 896 75884 20 4 26832 1319 1047 23 3 72 2 0
290 1 0 1113332 135080 896 70668 32 28952 48372 8917 917 23 4 71 2 0
291 1 0 1113304 126524 896 78984 48 0 6352 1111 985 44 1 51 4 0
292 0 2 1113236 126720 896 78140 88 0 0 512 579 25 0 66 9 0
293 1 0 1113100 125984 904 79012 196 0 240 639 753 23 1 58 19 0
294 0 1 1113056 126328 904 78312 56 0 0 484 509 24 0 64 12 0
295 1 8 1113200 140652 488 64244 20 148 16516 1525 1951 22 2 6 70 0
296 1 0 1113168 131048 556 73408 24 4 21848 665 898 10 1 28 60 0
297 3 2 1117072 132136 572 83956 28 4124 36376 3411 1128 38 3 45 14 0
298 0 12 1135840 137364 584 79088 16 18580 19024 9783 861 4 2 0 94 0
299 0 8 1135760 132136 608 86304 132 36 14692 1000 1312 17 4 3 75 0
300 4 4 1136128 106708 600 116228 1440 848 848 3861 2822 30 2 1 67 0
301 1 5 1153104 129296 584 98192 2668 17668 34296 10198 2491 35 3 7 54 0
302 1 4 1152992 106712 600 120044 656 0 17492 1028 1280 21 1 25 53 0
303 4 4 1152800 103760 596 122084 1620 0 26440 4123 1797 23 3 29 45 0
304 1 4 1152804 106004 596 118316 1344 20 15192 2004 1439 24 2 6 69 0
305 1 1 1152920 108696 604 115316 1072 196 21408 2716 1682 23 2 28 47 0
306 4 3 1153000 119168 300 103992 336 172 16944 1218 1031 25 1 51 22 0
307 2 0 1156812 157380 880 79308 48 3860 30220 4672 1435 67 4 15 15 0
308 1 0 1156760 123492 944 113096 56 0 21972 1475 1192 25 2 55 17 1
309 1 0 1156736 106668 944 130128 16 0 16652 567 711 24 1 74 1 0
310 0 1 1156696 117900 952 119492 68 0 18452 853 1235 17 2 71 10 0
311 0 5 1156612 120120 1096 116908 224 12 12 926 1326 7 1 48 45 0
312 0 6 1156548 115908 1088 122188 132 0 528 1486 2001 8 1 13 78 1
313 2 1 1156484 107188 1092 129736 88 0 0 1711 1959 7 1 48 43 0
314 4 1 1156440 116108 1304 119964 240 12 32 1430 1347 13 1 23 62 1
315 1 0 1156412 106668 1304 124276 24 0 5448 697 597 22 1 68 9 0
316 1 0 1156404 107284 1304 123412 16 0 0 442 453 24 0 75 1 0
317 1 0 1156392 105444 1312 124272 12 0 112 476 480 25 0 74 2 0
318 2 1 1156428 114284 1320 122620 244 92 8908 1401 1277 31 3 47 19 0
319 7 2 1154792 105456 1460 130984 1360 0 4156 1505 1367 50 1 29 20 0
320 1 2 1154444 104672 1476 130460 248 0 0 562 1165 1 0 59 39 0
321 0 2 1154408 103332 1484 131756 104 0 80 394 770 1 0 71 28 0
322 0 2 1154328 103704 1744 130900 116 0 0 433 841 2 0 71 27 0
323 0 2 1154320 103000 1748 131940 48 0 11440 394 798 0 0 75 25 0
324 0 1 1154680 127868 2004 104936 172 452 452 755 1459 3 1 64 31 0
325 0 1 1154356 127780 2004 104708 312 0 0 619 1165 0 0 75 24 0
326 0 1 1153916 127284 2012 104708 500 0 56 511 1227 0 1 74 25 0
327 2 4 1153228 114400 2024 118804 736 0 12124 1328 3263 1 2 70 27 0
328 0 6 1154380 116268 2172 120828 580 1584 19548 4438 7059 67 4 17 11 0
329 0 6 1153116 121100 2168 114524 1524 80 12524 1383 1523 9 2 24 65 0
330 0 5 1152644 106924 2168 129124 404 0 0 729 922 5 2 15 79 0
331 1 1 1152016 127524 2176 139760 564 0 108 2351 2650 11 2 45 41 0
332 0 0 1152004 125648 2176 141580 8 0 0 961 1238 9 1 86 4 0
333 4 2 1151760 121728 2176 145268 256 0 0 1766 1718 85 2 13 1 0
334 0 1 1151292 113292 2176 153064 472 0 0 1282 1469 6 1 59 34 0
335 4 1 1151104 104344 2148 160544 748 476 16052 2487 4029 37 5 38 20 0
336 1 4 1151432 114080 2224 151188 296 524 16164 2414 3141 36 6 21 36 0
337 0 6 1151888 122004 2080 144676 120 532 532 1264 1406 5 1 25 69 0
338 2 3 1151496 104612 1996 162312 540 28 15592 2418 2642 16 2 25 56 0
339 1 2 1151452 131528 1920 134488 508 168 168 1258 1324 37 1 30 32 0
340 4 1 1151328 111220 1928 152792 136 0 9104 1314 1359 47 2 35 16 0
341 0 2 1151192 109988 1928 152720 172 0 0 698 1126 13 0 45 42 0
342 1 3 1150896 109708 1928 153552 476 0 0 970 1322 20 0 38 41 0
343 4 2 1149792 121024 2004 143692 1460 48 37136 2733 4855 54 5 12 28 0
344 0 3 1148684 113568 2016 150868 788 0 4744 1831 3046 31 3 22 44 0
345 0 7 1148040 119828 2024 143968 692 64 64 856 1069 4 1 15 81 0
346 0 6 1147496 107672 2024 156000 568 0 0 846 1158 3 0 8 89 0
347 2 0 1145724 118460 1396 144704 2024 80 20144 1431 1231 36 2 15 46 0
348 1 0 1147588 125592 1392 138216 40 1920 22204 1167 788 23 3 73 1 0
349 2 0 1147548 107900 1404 155164 64 0 14748 1877 1930 23 1 67 8 0
350 4 1 1147324 126628 1404 121388 384 80 80 8606 2305 72 4 15 9 0
351 0 2 1147172 125352 1404 121980 180 0 0 722 1014 23 1 47 29 0
352 2 1 1146832 106208 1408 139268 408 0 12204 1229 1529 25 2 27 46 0
353 0 1 1146404 105176 1408 139676 440 0 0 753 1119 5 1 64 30 0
354 1 0 1145848 115480 1032 133696 688 76 30896 1947 3880 28 3 51 18 0
355 0 0 1145776 113644 1032 135060 72 0 0 458 1018 1 0 95 4 0
356 0 0 1145732 114168 1032 134172 64 0 0 351 726 0 0 98 2 0
357 0 0 1145688 113368 1032 135056 52 0 0 331 709 0 0 98 2 0
358 0 0 1145628 113972 1032 134236 76 0 0 317 710 0 0 98 2 0
359 0 0 1145576 112980 1044 135260 60 0 5016 324 708 0 0 98 2 0
360 0 0 1145504 112840 1044 135276 16 0 0 339 709 0 0 95 5 0
361 0 0 1145488 113728 1044 134392 28 0 0 289 641 0 0 97 3 0
362 0 0 1145468 112904 1044 135236 16 0 0 321 656 0 0 99 1 0
363 0 0 1145440 112880 1052 134636 28 0 16 415 833 0 0 96 4 0
364 1 1 1145160 117148 1656 129096 552 0 0 973 1696 0 1 49 49 1
365 0 5 1144624 187764 2208 59512 1048 0 0 1102 1666 0 2 47 51 0
366 0 6 1143740 180700 2788 64696 1624 0 0 1213 1562 1 0 40 59 1
367 0 4 979028 3636980 2788 66228 2760 0 0 1273 1881 2 6 42 50 0
368 0 0 978120 3633536 3076 69340 1000 0 532 828 1158 1 1 44 55 0
369 0 1 978088 3634308 3076 68464 36 0 0 166 401 0 0 97 2 0
370 0 0 978040 3633340 3076 69472 48 0 0 160 376 0 0 98 2 0
371 0 0 978004 3634376 3076 68592 36 0 0 143 365 0 0 99 1 0
372 0 0 977952 3633332 3076 69540 52 0 0 171 436 0 0 98 2 0
373 0 0 977916 3634400 3084 68444 36 0 16 138 373 0 0 98 2 0
374 0 0 977892 3633472 3084 69464 24 0 0 131 340 0 0 98 2 0
375 0 0 977860 3634392 3084 68584 32 0 0 144 387 0 0 98 1 0
376 0 0 977820 3633188 3084 69460 40 0 0 134 352 0 0 98 2 0
377 0 0 977788 3634256 3084 68372 24 0 0 130 346 0 0 99 1 0
378 0 0 977740 3633128 3092 69460 48 0 744 228 390 0 0 95 4 0
379 0 0 977700 3634120 3092 68544 56 0 0 162 403 0 0 98 2 0
380 0 0 977628 3634060 3092 68548 40 0 0 146 366 0 0 99 1 0
381 0 0 977596 3633068 3092 69572 32 0 0 145 367 0 0 98 2 0
382 0 0 977580 3633968 3100 68668 16 0 20 151 380 0 0 99 1 0
383 0 0 977532 3632884 3100 69700 60 0 0 169 416 0 0 98 2 0
384 0 0 977488 3633612 3100 68808 60 0 0 149 354 0 0 99 1 0
385 0 0 977480 3632724 3100 69708 8 0 0 141 365 0 0 99 1 0
386 0 0 977464 3633612 3100 68820 24 0 0 154 379 0 0 99 1 0
387 0 0 977452 3632632 3108 69700 8 0 16 151 385 0 0 99 1 0
388 0 0 977444 3633500 3108 68788 12 0 0 158 372 0 0 99 1 0
389 0 0 977436 3633192 3108 69816 4 0 0 137 372 0 0 99 1 0
390 0 0 977424 3633420 3108 68696 16 0 0 137 348 0 0 99 1 0
391 0 0 977416 3633256 3108 69820 4 0 0 149 373 0 0 99 1 0
392 0 0 977408 3632988 3116 68936 8 0 16 180 440 0 0 100 0 0
393 0 0 977400 3632052 3116 69904 8 0 0 208 497 0 0 99 1 0
394 0 0 977388 3633096 3116 68804 8 0 0 133 355 0 0 100 0 0
395 0 1 977364 3632136 3116 69792 68 0 0 182 398 0 0 94 5 0
396 0 2 977100 3633128 3116 68664 340 0 0 309 579 0 0 72 27 0
397 0 1 976820 3631828 3124 69784 300 0 24 343 711 0 0 71 29 0
398 0 0 976120 3633244 3124 68972 120 0 0 223 503 0 0 90 10 0
399 0 0 976112 3632872 3124 69988 8 0 0 151 384 0 0 96 4 0
400 0 0 976080 3632472 3124 70052 20 0 0 161 412 0 0 94 6 0
401 0 0 976072 3633308 3132 68960 8 0 16 146 377 0 0 99 1 0
402 0 0 976052 3632596 3132 69992 20 0 0 174 426 0 1 99 1 0
403 0 0 976028 3633632 3132 69112 24 0 0 210 496 0 0 98 1 0
404 1 1 976020 3632628 3132 70048 20 0 0 149 362 0 0 99 1 0
405 0 0 976004 3633652 3132 69044 8 0 0 138 361 0 0 100 0 0
406 0 0 975976 3632500 3140 70048 36 0 16 188 433 0 0 98 2 0
407 0 0 975952 3633492 3140 69044 28 0 124 166 410 0 0 99 1 0
408 0 0 975920 3632532 3140 70060 32 0 0 170 422 0 0 98 2 0
409 0 0 975900 3633556 3140 69044 20 0 0 155 397 0 0 99 1 0
410 0 0 975892 3632596 3140 70068 8 0 0 160 375 0 0 99 1 0
411 0 0 975884 3633092 3148 69140 8 0 56 157 379 0 0 99 1 0
412 0 0 975872 3632164 3148 70176 12 0 0 161 387 0 0 99 1 0
413 0 0 975840 3632780 3148 69284 44 0 0 162 355 0 0 99 1 0
414 0 0 975788 3631664 3148 70304 80 0 0 173 381 0 0 99 1 0
415 0 0 975720 3632532 3148 69292 104 0 0 186 395 0 0 98 1 0
416 0 0 975668 3631572 3156 70304 60 0 16 174 399 0 0 98 2 0
417 0 0 975612 3632472 3156 69292 76 0 0 163 373 0 0 99 1 0
418 0 0 975576 3632472 3156 69284 56 0 0 173 370 0 0 99 1 0
419 0 0 975512 3631420 3156 70304 100 0 0 183 407 0 0 98 2 0
420 0 0 975388 3627712 3164 74216 72 0 16 216 474 0 1 98 2 0
421 0 0 975324 3628596 3164 73200 88 0 0 265 567 0 1 98 2 0
422 0 0 975244 3627480 3164 74200 116 0 0 171 383 0 0 99 1 0
423 0 0 975176 3628380 3164 73176 92 0 0 166 390 0 0 98 2 0
424 0 1 974924 3626956 3164 74224 296 0 0 325 625 1 1 91 8 0
425 0 0 974780 3627956 3172 73196 236 0 52 286 566 0 0 94 6 0
426 0 0 974716 3627244 3172 74224 84 0 8 161 420 0 0 98 2 0
427 0 0 974684 3627740 3172 73208 36 0 0 139 363 0 0 98 2 0
428 0 0 974668 3626464 3172 74236 16 0 0 138 349 0 0 99 1 0
429 0 0 974592 3627488 3172 73244 128 0 0 196 430 0 1 98 1 0
430 0 0 974580 3626404 3180 74260 12 0 16 148 379 0 0 99 1 0
431 0 0 974544 3627552 3180 73244 36 0 0 153 377 0 0 98 1 0
432 0 0 974528 3626468 3180 74272 12 0 0 139 365 0 0 99 1 0
433 0 0 974508 3627460 3180 73248 24 0 0 134 360 0 0 99 1 0
434 0 0 974468 3626500 3180 74272 40 0 0 140 350 0 0 99 1 0
435 0 0 974440 3627524 3188 73240 52 0 16 157 383 0 0 99 1 0
436 0 0 974404 3626744 3188 74264 52 0 40 160 365 0 0 99 1 0
437 0 0 974356 3627644 3188 73256 76 0 0 152 377 0 0 98 1 0
438 0 0 974332 3626312 3188 74284 24 0 0 145 376 0 0 98 2 0
439 0 0 974268 3627180 3188 73260 84 0 0 161 371 0 0 98 2 0
440 0 0 974196 3626964 3196 73260 32 0 104 162 407 0 0 98 2 0
441 0 0 974176 3625880 3196 74284 20 0 0 144 371 0 0 98 2 0
442 0 0 974152 3626872 3196 73260 24 0 0 146 391 0 0 99 1 0
443 0 0 974080 3625756 3196 74296 100 0 0 168 410 0 0 97 2 0
444 0 0 974020 3626904 3204 73264 84 0 52 147 372 0 0 98 1 0
445 0 0 973964 3625596 3204 74296 56 0 0 154 384 0 0 97 2 0
446 0 0 973908 3626464 3204 73272 76 0 0 144 378 0 0 98 2 0
447 0 0 973856 3626372 3340 74344 48 0 0 189 389 0 0 95 4 0
448 0 0 973788 3626372 3340 73320 92 0 0 157 360 0 1 98 1 0
449 0 0 973744 3624884 3348 74404 36 0 16 195 450 0 0 98 2 0
450 0 0 973708 3624700 3348 73932 52 0 0 257 553 0 0 95 5 0
451 0 0 973668 3623752 3348 75080 52 0 0 156 369 0 0 98 1 0
452 0 0 973616 3624856 3348 73920 100 0 0 161 378 0 0 98 1 0
453 0 0 973580 3623488 3348 75072 36 0 0 169 383 0 0 99 1 0
454 0 0 973552 3624356 3356 74040 40 0 20 160 365 0 0 99 1 0
455 0 1 973444 3619752 4460 77128 220 0 0 569 778 1 0 83 16 0
456 0 1 973348 3610296 6324 78884 140 0 0 1121 1689 1 1 74 25 0
457 0 1 973304 3608792 7428 84416 36 0 0 1011 1756 3 2 73 22 0
458 1 0 973268 3600448 9204 90460 40 0 0 1063 1773 1 1 75 23 0
459 0 0 973224 3600232 9216 91988 64 0 56 274 546 0 0 97 3 0
460 0 0 973164 3600216 9216 92080 48 0 0 169 379 0 0 98 2 0
