0 0.25 0.00 0.00 0.75 0.00 0.00 0.00 0.00 0.00 98.99
1 0.25 0.00 0.25 0.50 0.00 0.00 0.00 0.00 0.00 99.00
2 0.25 0.00 0.75 0.00 0.00 0.00 0.00 0.00 0.00 99.00
3 0.25 0.00 0.00 0.50 0.00 0.00 0.25 0.00 0.00 99.00
4 0.00 0.00 0.25 0.25 0.00 0.00 0.00 0.00 0.00 99.50
5 0.50 0.00 0.25 0.50 0.00 0.00 0.00 0.00 0.00 98.75
6 2.60 0.00 2.86 0.00 0.00 0.00 0.00 0.00 0.00 94.55
7 0.00 0.00 0.00 0.50 0.00 0.00 0.00 0.00 0.00 99.50
8 0.25 0.00 0.25 0.25 0.00 0.00 0.00 0.00 0.00 99.25
9 0.25 0.00 0.00 0.25 0.00 0.00 0.00 0.00 0.00 99.50
10 1.24 0.00 1.00 28.36 0.00 0.00 0.00 0.00 0.00 69.40
11 0.76 0.00 0.51 46.08 0.00 0.00 0.00 0.00 0.00 52.66
12 0.26 0.00 0.77 42.31 0.00 0.00 0.26 0.00 0.00 56.41
13 1.76 0.00 0.50 23.87 0.00 0.00 0.00 0.00 0.00 73.87
14 2.27 0.00 0.25 23.48 0.00 0.00 0.00 0.00 0.00 73.99
15 3.51 0.00 0.75 22.81 0.00 0.00 0.00 0.00 0.00 72.93
16 2.82 0.00 0.51 20.77 0.00 0.00 0.00 0.00 0.00 75.90
17 2.74 0.00 0.75 22.69 0.00 0.00 0.00 0.00 0.00 73.82
18 1.25 0.00 1.00 23.31 0.00 0.00 0.00 0.00 0.00 74.44
19 1.00 0.00 1.00 25.31 0.00 0.00 0.00 0.00 0.00 72.68
20 5.54 0.00 1.26 21.41 0.00 0.00 0.00 0.00 0.00 71.79
21 5.05 0.00 0.51 21.72 0.00 0.00 0.00 0.00 0.00 72.73
22 7.51 0.00 1.81 17.10 0.00 0.00 0.00 0.00 0.00 73.58
23 9.97 0.00 1.02 19.44 0.00 0.00 0.00 0.00 0.00 69.57
24 1.51 0.00 0.50 23.12 0.00 0.00 0.00 0.00 0.00 74.87
25 5.85 0.00 0.51 22.90 0.00 0.00 0.00 0.00 0.00 70.74
26 6.17 0.00 0.77 19.79 0.00 0.00 0.00 0.00 0.00 73.26
27 8.31 0.00 2.02 18.39 0.00 0.00 0.00 0.00 0.00 71.28
28 11.03 0.00 0.77 15.13 0.00 0.00 0.00 0.00 0.00 73.08
29 8.12 0.00 2.54 18.02 0.00 0.00 0.25 0.00 0.00 71.07
30 1.75 0.00 0.50 23.25 0.00 0.00 0.00 0.00 0.00 74.50
31 2.51 0.00 0.50 34.59 0.00 0.00 0.00 0.00 0.00 62.41
32 2.51 0.00 0.50 29.65 0.00 0.00 0.00 0.00 0.00 67.34
33 3.29 0.00 2.53 26.33 0.00 0.00 0.00 0.00 0.00 67.85
34 5.39 0.00 1.08 24.26 0.00 0.00 0.00 0.00 0.00 69.27
35 3.48 0.00 7.75 15.24 0.00 0.00 0.00 0.00 0.00 73.53
36 2.10 0.00 3.15 17.59 0.00 0.00 0.00 0.00 0.00 77.17
37 7.40 0.00 0.77 22.96 0.00 0.00 0.00 0.00 0.00 68.88
38 1.51 0.00 1.01 19.35 0.00 0.00 0.25 0.00 0.00 77.89
39 0.75 0.00 0.50 52.50 0.00 0.00 0.00 0.00 0.00 46.25
40 1.01 0.00 0.00 30.98 0.00 0.00 0.00 0.00 0.00 68.01
41 4.04 0.00 1.26 23.48 0.00 0.00 0.00 0.00 0.00 71.21
42 8.70 0.00 0.77 17.14 0.00 0.00 0.00 0.00 0.00 73.40
43 2.53 0.00 1.52 22.53 0.00 0.00 0.00 0.00 0.00 73.42
44 6.47 0.00 5.93 18.60 0.00 0.00 0.00 0.00 0.00 69.00
45 3.01 0.00 0.50 23.31 0.00 0.00 0.00 0.00 0.00 73.18
46 5.06 0.00 0.51 20.00 0.00 0.00 0.25 0.00 0.00 74.18
47 2.02 0.00 0.76 28.28 0.00 0.00 0.00 0.00 0.00 68.94
48 6.12 0.00 1.79 17.35 0.00 0.00 0.00 0.00 0.00 74.74
49 3.51 0.00 1.00 27.82 0.00 0.00 0.00 0.00 0.00 67.67
50 40.75 0.00 2.41 24.40 0.00 0.00 0.00 0.00 0.00 32.44
51 30.45 0.00 18.11 17.32 0.00 0.26 0.00 0.00 0.00 33.86
52 62.73 0.00 18.23 10.46 0.00 0.27 0.27 0.00 0.00 8.04
53 41.64 0.00 6.37 25.20 0.00 0.00 0.00 0.00 0.00 26.79
54 26.61 0.00 5.38 43.82 0.00 0.00 0.00 0.00 0.00 24.19
55 25.32 0.00 4.91 35.66 0.00 0.00 0.26 0.00 0.00 33.85
56 0.25 0.00 0.25 27.14 0.00 0.00 0.25 0.00 0.00 72.11
57 0.50 0.00 0.00 44.72 0.00 0.00 0.00 0.00 0.00 54.77
58 0.50 0.00 0.50 36.75 0.00 0.00 0.00 0.00 0.00 62.25
59 0.00 0.00 0.25 50.38 0.00 0.00 0.00 0.00 0.00 49.37
60 0.25 0.00 0.00 53.77 0.00 0.00 0.00 0.00 0.00 45.98
61 0.00 0.00 0.00 49.87 0.00 0.00 0.00 0.00 0.00 50.13
62 0.25 0.00 0.25 60.30 0.00 0.00 0.00 0.00 0.00 39.20
63 0.00 0.00 3.31 71.25 0.00 0.00 0.25 0.00 0.00 25.19
64 1.77 0.00 0.51 51.01 0.00 0.00 0.00 0.00 0.00 46.72
65 0.25 0.00 0.50 53.00 0.00 0.00 0.00 0.00 0.00 46.25
66 0.50 0.00 0.25 49.12 0.00 0.00 0.00 0.00 0.00 50.13
67 35.70 0.00 6.30 40.68 0.00 0.52 0.00 0.00 0.00 16.80
68 33.87 0.00 2.40 50.13 0.00 0.27 0.00 0.00 0.00 13.33
69 5.51 0.00 1.00 75.94 0.00 0.00 0.00 0.00 0.00 17.54
70 24.67 0.00 3.71 62.86 0.00 0.00 0.00 0.00 0.00 8.75
71 26.63 0.00 5.71 51.36 0.00 0.00 0.00 0.00 0.00 16.30
72 35.08 0.00 6.08 47.79 0.00 0.00 0.00 0.00 0.00 11.05
73 33.25 0.00 3.64 48.05 0.00 0.00 0.00 0.00 0.00 15.06
74 47.59 0.00 5.08 36.90 0.00 0.27 0.27 0.00 0.00 9.89
75 38.66 0.00 3.61 50.00 0.00 0.00 0.00 0.00 0.00 7.73
76 42.60 0.00 7.27 41.82 0.00 0.00 0.00 0.00 0.00 8.31
77 36.25 0.00 4.37 44.73 0.00 0.26 0.26 0.00 0.00 14.14
78 45.56 0.00 5.83 39.72 0.00 0.28 0.28 0.00 0.00 8.33
79 32.81 0.00 5.21 55.73 0.00 0.00 0.00 0.00 0.00 6.25
80 32.79 0.00 3.55 46.45 0.00 0.00 0.00 0.00 0.00 17.21
81 43.04 0.00 9.45 37.80 0.00 0.26 0.00 0.00 0.00 9.45
82 2.81 0.00 0.00 49.10 0.00 0.00 0.00 0.00 0.00 48.08
83 0.25 0.00 0.25 49.50 0.00 0.00 0.00 0.00 0.00 50.00
84 40.70 0.00 4.58 36.93 0.00 0.00 0.27 0.00 0.00 17.52
85 37.46 0.00 5.19 44.09 0.00 0.29 0.00 0.00 0.00 12.97
86 49.72 0.00 8.19 21.75 0.00 0.00 0.00 0.00 0.00 20.34
87 46.99 0.00 4.87 32.95 0.00 0.29 0.29 0.00 0.00 14.61
88 55.56 0.00 10.28 23.89 0.00 0.00 0.28 0.00 0.00 10.00
89 39.50 0.00 4.70 44.75 0.00 0.28 0.28 0.00 0.00 10.50
90 32.31 0.00 5.57 30.36 0.00 0.28 0.00 0.00 0.00 31.48
91 5.30 0.00 1.01 30.81 0.00 0.00 0.00 0.00 0.00 62.88
92 0.00 0.00 0.25 27.41 0.00 0.00 0.00 0.00 0.00 72.34
93 0.50 0.00 0.00 34.92 0.00 0.00 0.00 0.00 0.00 64.57
94 0.25 0.00 0.25 56.17 0.00 0.00 0.25 0.00 0.00 43.07
95 39.04 0.00 0.30 29.73 0.00 0.00 0.00 0.00 0.00 30.93
96 78.45 0.00 2.01 1.44 0.00 0.00 0.00 0.00 0.00 18.10
97 89.25 0.00 3.58 3.26 0.00 0.00 0.00 0.00 0.00 3.91
98 90.12 0.00 9.01 0.29 0.00 0.00 0.00 0.00 0.00 0.58
99 71.35 0.00 1.17 2.63 0.00 0.00 0.29 0.00 0.00 24.56
100 66.77 0.00 0.60 10.27 0.00 0.00 0.00 0.00 0.00 22.36
101 37.50 0.00 0.56 29.72 0.00 0.00 0.00 0.00 0.00 32.22
102 0.25 0.00 0.25 25.13 0.00 0.00 0.00 0.00 0.00 74.37
103 0.50 0.00 0.25 33.17 0.00 0.00 0.00 0.00 0.00 66.08
104 0.75 0.00 0.25 44.11 0.00 0.00 0.00 0.00 0.00 54.89
105 1.52 0.00 0.25 42.17 0.00 0.00 0.00 0.00 0.00 56.06
106 0.50 0.00 1.51 35.52 0.00 0.00 0.25 0.00 0.00 62.22
107 10.24 0.00 0.26 45.41 0.00 0.00 0.00 0.00 0.00 44.09
108 28.53 0.00 0.28 18.28 0.00 0.00 0.00 0.00 0.00 52.91
109 0.00 0.00 0.00 25.19 0.00 0.00 0.00 0.00 0.00 74.81
110 0.25 0.00 0.00 24.87 0.00 0.00 0.00 0.00 0.00 74.87
111 3.24 0.00 0.25 35.16 0.00 0.00 0.00 0.00 0.00 61.35
112 40.46 0.00 6.94 18.21 0.00 0.00 0.29 0.00 0.00 34.10
113 76.88 0.00 18.32 1.50 0.00 0.00 0.30 0.00 0.00 3.00
114 53.50 0.00 9.80 22.97 0.00 0.28 0.00 0.00 0.00 13.45
115 0.25 0.00 0.51 34.94 0.00 0.00 0.00 0.00 0.00 64.30
116 0.00 0.00 0.00 11.39 0.00 0.00 0.00 0.00 0.00 88.61
117 0.25 0.00 0.25 31.08 0.00 0.00 0.00 0.00 0.00 68.42
118 0.50 0.00 0.00 4.51 0.00 0.00 0.25 0.00 0.00 94.74
119 0.75 0.00 0.25 9.77 0.00 0.00 0.00 0.00 0.00 89.22
120 0.00 0.00 0.00 5.04 0.00 0.00 0.00 0.00 0.00 94.96
121 0.00 0.00 0.25 21.30 0.00 0.00 0.00 0.00 0.00 78.45
122 0.76 0.00 0.25 21.41 0.00 0.00 0.00 0.00 0.00 77.58
123 0.25 0.00 0.25 10.25 0.00 0.00 0.00 0.00 0.00 89.25
124 0.25 0.00 0.00 1.50 0.00 0.00 0.50 0.00 0.00 97.74
125 0.50 0.00 0.00 1.00 0.00 0.00 0.00 0.00 0.00 98.50
126 0.25 0.00 0.00 1.00 0.00 0.00 0.25 0.00 0.00 98.50
127 0.00 0.00 0.25 1.01 0.00 0.00 0.00 0.00 0.00 98.74
128 0.25 0.00 0.25 2.75 0.00 0.00 0.00 0.00 0.00 96.75
129 0.50 0.00 0.00 0.25 0.00 0.00 0.00 0.00 0.00 99.25
130 0.25 0.00 0.00 1.25 0.00 0.00 0.00 0.00 0.00 98.50
131 0.25 0.00 0.25 0.00 0.00 0.00 0.00 0.00 0.00 99.50
132 0.25 0.00 0.00 0.50 0.00 0.00 0.00 0.00 0.00 99.25
133 0.00 0.00 0.25 4.76 0.00 0.00 0.00 0.00 0.00 94.99
134 0.25 0.00 0.00 5.04 0.00 0.00 0.00 0.00 0.00 94.71
135 0.25 0.00 0.25 0.25 0.00 0.00 0.00 0.00 0.00 99.25
136 0.00 0.00 0.25 0.75 0.00 0.00 0.00 0.00 0.00 99.00
137 0.00 0.00 0.00 0.00 0.00 0.00 0.00 0.00 0.00 100.00
138 0.50 0.00 0.76 19.14 0.00 0.00 0.00 0.00 0.00 79.60
139 0.25 0.00 0.25 1.00 0.00 0.00 0.00 0.00 0.00 98.50
140 0.25 0.00 0.00 4.76 0.00 0.00 0.00 0.00 0.00 94.99
141 0.00 0.00 0.25 2.26 0.00 0.00 0.00 0.00 0.00 97.49
142 0.00 0.00 0.00 3.53 0.00 0.00 0.00 0.00 0.00 96.47
143 0.25 0.00 0.00 2.00 0.00 0.00 0.00 0.00 0.00 97.75
144 0.00 0.00 0.25 1.25 0.00 0.00 0.00 0.00 0.00 98.50
145 1.75 0.00 0.75 13.22 0.00 0.00 0.00 0.00 0.00 84.29
146 0.00 0.00 0.25 1.75 0.00 0.00 0.00 0.00 0.00 97.99
147 0.25 0.00 0.25 0.50 0.00 0.00 0.00 0.00 0.00 99.00
148 8.84 0.00 0.00 2.02 0.00 0.00 0.00 0.00 0.00 89.14
149 42.98 0.00 4.21 3.65 0.00 0.00 0.00 0.00 0.00 49.16
150 10.06 0.00 0.29 5.75 0.00 0.00 0.00 0.00 0.00 83.91
151 12.24 0.00 0.00 0.00 0.00 0.00 0.29 0.00 0.00 87.46
152 28.08 0.00 0.29 2.29 0.00 0.00 0.00 0.00 0.00 69.34
153 3.23 0.00 0.32 0.32 0.00 0.00 0.32 0.00 0.00 95.81
154 21.71 0.00 0.29 0.86 0.00 0.00 0.00 0.00 0.00 77.14
155 14.80 0.00 0.30 0.00 0.00 0.00 0.00 0.00 0.00 84.89
156 7.98 0.00 0.00 0.00 0.00 0.00 0.31 0.00 0.00 91.72
157 24.93 0.00 0.57 0.00 0.00 0.00 0.00 0.00 0.00 74.50
158 20.63 0.00 0.26 0.79 0.00 0.00 0.00 0.00 0.00 78.31
159 22.48 0.00 0.26 1.03 0.00 0.00 0.00 0.00 0.00 76.23
160 0.00 0.00 0.25 1.00 0.00 0.00 0.00 0.00 0.00 98.75
161 0.25 0.00 0.25 0.75 0.00 0.00 0.00 0.00 0.00 98.75
162 0.00 0.00 0.50 0.50 0.00 0.00 0.00 0.00 0.00 98.99
163 0.00 0.00 0.50 0.50 0.00 0.00 0.00 0.00 0.00 98.99
164 0.25 0.00 0.25 1.25 0.00 0.00 0.00 0.00 0.00 98.25
165 0.00 0.00 0.25 0.75 0.00 0.00 0.00 0.00 0.00 98.99
166 0.25 0.00 0.25 0.75 0.00 0.00 0.00 0.00 0.00 98.75
167 0.00 0.00 0.25 0.75 0.00 0.00 0.00 0.00 0.00 99.00
168 0.25 0.00 0.25 6.05 0.00 0.00 0.25 0.00 0.00 93.20
169 0.25 0.00 0.25 7.77 0.00 0.00 0.00 0.00 0.00 91.73
170 0.00 0.00 0.25 17.04 0.00 0.00 0.00 0.00 0.00 82.71
171 0.25 0.00 0.00 24.43 0.00 0.00 0.00 0.00 0.00 75.31
172 0.00 0.00 0.00 2.52 0.00 0.00 0.00 0.00 0.00 97.48
173 0.25 0.00 0.25 0.00 0.00 0.00 0.00 0.00 0.00 99.50
174 0.00 0.00 0.00 1.01 0.00 0.00 0.00 0.00 0.00 98.99
175 0.25 0.00 0.50 0.25 0.00 0.00 0.00 0.00 0.00 99.00
176 0.25 0.00 0.25 1.26 0.00 0.00 0.00 0.00 0.00 98.24
177 7.65 0.00 0.00 1.53 0.00 0.00 0.00 0.00 0.00 90.82
178 97.96 0.00 0.00 0.00 0.00 0.00 0.58 0.00 0.00 1.46
179 95.95 0.00 0.54 1.08 0.00 0.00 0.00 0.00 0.00 2.43
180 98.31 0.00 0.28 1.12 0.00 0.00 0.00 0.00 0.00 0.28
181 99.45 0.00 0.27 0.00 0.00 0.00 0.00 0.00 0.00 0.27
182 77.84 0.00 0.54 0.00 0.00 0.00 0.00 0.00 0.00 21.62
183 42.03 0.00 0.00 0.87 0.00 0.00 0.00 0.00 0.00 57.10
184 2.19 0.00 0.00 1.10 0.00 0.00 0.27 0.00 0.00 96.44
185 0.25 0.00 0.50 0.50 0.00 0.00 0.00 0.00 0.00 98.75
186 0.00 0.00 0.00 0.50 0.00 0.00 0.00 0.00 0.00 99.50
187 0.00 0.00 0.00 0.50 0.00 0.00 0.00 0.00 0.00 99.50
188 0.25 0.00 0.25 1.01 0.00 0.00 0.00 0.00 0.00 98.49
189 0.25 0.00 0.00 1.00 0.00 0.00 0.00 0.00 0.00 98.75
190 0.00 0.00 0.00 1.50 0.00 0.00 0.25 0.00 0.00 98.25
191 0.00 0.00 0.25 0.25 0.00 0.00 0.00 0.00 0.00 99.50
192 0.00 0.00 0.00 1.01 0.00 0.00 0.00 0.00 0.00 98.99
193 0.25 0.00 0.25 0.25 0.00 0.00 0.25 0.00 0.00 99.00
194 0.25 0.00 0.00 1.26 0.00 0.00 0.00 0.00 0.00 98.49
195 0.25 0.00 0.25 0.50 0.00 0.00 0.00 0.00 0.00 99.00
196 0.25 0.00 0.25 0.00 0.00 0.00 0.00 0.00 0.00 99.50
197 0.00 0.00 0.00 1.75 0.00 0.00 0.00 0.00 0.00 98.25
198 0.25 0.00 0.76 9.34 0.00 0.00 0.00 0.00 0.00 89.65
199 0.25 0.00 0.00 1.50 0.00 0.00 0.00 0.00 0.00 98.25
200 0.25 0.00 0.25 5.78 0.00 0.00 0.00 0.00 0.00 93.72
201 0.25 0.00 0.25 4.00 0.00 0.00 0.00 0.00 0.00 95.50
202 0.75 0.00 0.25 4.00 0.00 0.00 0.00 0.00 0.00 95.00
203 0.00 0.00 0.25 0.75 0.00 0.00 0.00 0.00 0.00 99.00
204 0.00 0.00 0.00 0.76 0.00 0.00 0.00 0.00 0.00 99.24
205 0.25 0.00 0.25 0.25 0.00 0.25 0.00 0.00 0.00 99.00
206 0.00 0.00 0.25 0.75 0.00 0.00 0.00 0.00 0.00 99.00
207 0.00 0.00 0.00 0.00 0.00 0.00 0.00 0.00 0.00 100.00
208 0.25 0.00 0.25 1.00 0.00 0.00 0.00 0.00 0.00 98.50
209 0.00 0.00 0.00 0.00 0.00 0.00 0.00 0.00 0.00 100.00
210 0.00 0.00 0.25 0.50 0.00 0.00 0.25 0.00 0.00 99.00
211 0.25 0.00 0.00 0.25 0.00 0.00 0.00 0.00 0.00 99.50
212 0.25 0.00 0.25 0.75 0.00 0.00 0.00 0.00 0.00 98.75
213 0.00 0.00 0.25 0.50 0.00 0.00 0.00 0.00 0.00 99.25
214 0.50 0.00 0.50 0.75 0.00 0.00 0.00 0.00 0.00 98.26
215 0.00 0.00 0.00 0.25 0.00 0.00 0.00 0.00 0.00 99.75
216 0.00 0.00 0.25 0.50 0.00 0.00 0.00 0.00 0.00 99.25
217 0.25 0.00 0.25 0.25 0.00 0.00 0.00 0.00 0.00 99.25
218 0.75 0.00 0.50 2.49 0.00 0.00 0.00 0.00 0.00 96.26
219 0.00 0.00 0.00 0.25 0.00 0.00 0.00 0.00 0.00 99.75
220 0.50 0.00 0.00 0.50 0.00 0.00 0.00 0.00 0.00 99.00
221 0.00 0.00 0.50 0.50 0.00 0.00 0.00 0.00 0.00 99.00
222 0.00 0.00 0.25 1.50 0.00 0.00 0.00 0.00 0.00 98.25
223 0.00 0.00 0.25 0.00 0.00 0.00 0.00 0.00 0.00 99.75
224 0.00 0.00 0.25 1.76 0.00 0.00 0.00 0.00 0.00 97.98
225 0.25 0.00 0.00 0.25 0.00 0.00 0.00 0.00 0.00 99.50
226 0.00 0.00 0.25 1.25 0.00 0.00 0.00 0.00 0.00 98.50
227 0.25 0.00 0.00 0.25 0.00 0.00 0.00 0.00 0.00 99.50
228 0.00 0.00 0.00 0.51 0.00 0.00 0.00 0.00 0.00 99.49
229 0.25 0.00 0.00 0.75 0.00 0.00 0.00 0.00 0.00 99.00
230 0.25 0.00 0.00 0.50 0.00 0.00 0.00 0.00 0.00 99.24
231 0.00 0.00 0.00 0.25 0.00 0.00 0.00 0.00 0.00 99.75
232 37.08 0.00 0.52 1.31 0.00 0.00 0.00 0.00 0.00 61.10
233 34.30 0.00 8.18 22.96 0.00 0.00 0.00 0.00 0.00 34.56
234 10.21 0.00 0.30 1.80 0.00 0.00 0.30 0.00 0.00 87.39
235 7.74 0.00 0.31 1.86 0.00 0.00 0.00 0.00 0.00 90.09
236 27.17 0.00 0.58 6.07 0.00 0.00 0.00 0.00 0.00 66.18
237 3.55 0.00 0.00 0.32 0.00 0.00 0.32 0.00 0.00 95.81
238 25.00 0.00 0.28 0.00 0.00 0.00 0.00 0.00 0.00 74.72
239 12.57 0.00 0.00 0.00 0.00 0.00 0.00 0.00 0.00 87.43
240 8.97 0.00 0.51 1.03 0.00 0.00 0.00 0.00 0.00 89.49
241 0.25 0.00 0.25 0.25 0.00 0.00 0.00 0.00 0.00 99.25
242 0.50 0.00 0.00 0.50 0.00 0.00 0.00 0.00 0.00 98.99
243 0.75 0.00 0.00 1.01 0.00 0.00 0.00 0.00 0.00 98.24
244 0.50 0.00 0.25 0.50 0.00 0.00 0.00 0.00 0.00 98.75
245 0.00 0.00 0.00 0.50 0.00 0.00 0.00 0.00 0.00 99.50
246 0.00 0.00 0.00 0.00 0.00 0.00 0.00 0.00 0.00 100.00
247 0.00 0.00 0.25 1.75 0.00 0.00 0.00 0.00 0.00 97.99
248 0.25 0.00 0.25 0.50 0.00 0.00 0.25 0.00 0.00 98.75
249 0.25 0.00 0.00 1.25 0.00 0.00 0.00 0.00 0.00 98.50
250 0.00 0.00 0.25 0.51 0.00 0.25 0.00 0.00 0.00 98.99
251 0.50 0.00 0.25 1.24 0.00 0.00 0.25 0.00 0.00 97.76
252 0.25 0.00 0.00 0.76 0.00 0.00 0.00 0.00 0.00 98.99
253 0.50 0.00 0.25 0.75 0.00 0.00 0.00 0.00 0.00 98.49
254 0.00 0.00 0.00 1.01 0.00 0.00 0.00 0.00 0.00 98.99
255 0.50 0.00 0.25 1.50 0.00 0.00 0.00 0.00 0.00 97.76
256 0.50 0.00 0.25 0.50 0.00 0.00 0.00 0.00 0.00 98.75
257 0.50 0.00 0.00 0.75 0.00 0.00 0.00 0.00 0.00 98.75
258 0.25 0.00 0.25 3.27 0.00 0.00 0.00 0.00 0.00 96.22
259 0.50 0.00 0.50 5.00 0.00 0.00 0.00 0.00 0.00 94.00
260 0.00 0.00 0.00 0.76 0.00 0.00 0.00 0.00 0.00 99.24
261 0.00 0.00 0.25 5.25 0.00 0.00 0.00 0.00 0.00 94.50
262 0.50 0.00 0.25 9.52 0.00 0.00 0.00 0.00 0.00 89.72
263 0.00 0.00 0.25 5.76 0.00 0.00 0.00 0.00 0.00 93.98
264 0.25 0.00 0.25 2.75 0.00 0.00 0.00 0.00 0.00 96.75
265 0.00 0.00 0.50 1.75 0.00 0.00 0.00 0.00 0.00 97.74
266 0.25 0.00 0.00 0.50 0.00 0.00 0.00 0.00 0.00 99.25
267 0.00 0.00 0.00 1.26 0.00 0.00 0.00 0.00 0.00 98.74
268 0.00 0.00 0.25 1.00 0.00 0.00 0.00 0.00 0.00 98.75
269 0.25 0.00 0.00 1.00 0.00 0.00 0.00 0.00 0.00 98.75
270 0.25 0.00 0.00 0.50 0.00 0.00 0.00 0.00 0.00 99.25
271 15.67 0.00 0.26 1.04 0.00 0.00 0.00 0.00 0.00 83.03
272 13.08 0.00 0.58 0.29 0.00 0.00 0.29 0.00 0.00 85.76
273 6.27 0.00 0.00 0.63 0.00 0.00 0.00 0.00 0.00 93.10
274 13.54 0.00 0.29 0.58 0.00 0.00 0.29 0.00 0.00 85.30
275 78.61 0.00 1.51 0.90 0.00 0.00 0.00 0.00 0.00 18.98
276 96.58 0.00 0.62 0.31 0.00 0.00 0.00 0.00 0.00 2.48
277 98.49 0.00 0.30 0.60 0.00 0.00 0.30 0.00 0.00 0.30
278 97.73 0.00 0.32 0.00 0.00 0.00 0.00 0.00 0.00 1.94
279 86.43 0.00 0.59 0.00 0.00 0.00 0.29 0.00 0.00 12.68
280 60.47 0.00 0.29 0.29 0.00 0.00 0.00 0.00 0.00 38.95
281 23.66 0.00 0.32 0.32 0.00 0.00 0.32 0.00 0.00 75.39
282 1.02 0.00 0.00 0.00 0.00 0.00 0.00 0.00 0.00 98.98
283 0.50 0.00 0.00 1.26 0.00 0.00 0.00 0.00 0.00 98.24
284 0.00 0.00 0.00 1.26 0.00 0.00 0.00 0.00 0.00 98.74
285 0.00 0.00 0.50 1.01 0.00 0.00 0.25 0.00 0.00 98.24
286 0.25 0.00 0.00 0.50 0.00 0.00 0.25 0.00 0.00 98.99
287 0.25 0.00 0.25 0.50 0.00 0.00 0.00 0.00 0.00 98.99
288 0.25 0.00 0.00 0.75 0.00 0.00 0.00 0.00 0.00 98.99
289 0.25 0.00 0.25 4.25 0.00 0.00 0.00 0.00 0.00 95.25
290 0.50 0.00 0.00 1.75 0.00 0.00 0.00 0.00 0.00 97.74
291 0.25 0.00 0.00 4.28 0.00 0.00 0.00 0.00 0.00 95.47
292 0.25 0.00 0.25 1.00 0.00 0.00 0.00 0.00 0.00 98.50
293 0.00 0.00 0.25 4.77 0.00 0.00 0.00 0.00 0.00 94.97
294 0.00 0.00 0.00 1.25 0.00 0.00 0.00 0.00 0.00 98.75
295 0.00 0.00 0.25 0.75 0.00 0.00 0.00 0.00 0.00 98.99
296 0.25 0.00 0.25 1.00 0.00 0.00 0.00 0.00 0.00 98.50
297 0.00 0.00 0.00 1.01 0.00 0.00 0.00 0.00 0.00 98.99
298 0.50 0.00 0.25 0.75 0.00 0.00 0.00 0.00 0.00 98.50
299 0.25 0.00 0.00 1.00 0.00 0.00 0.25 0.00 0.00 98.50
300 0.25 0.00 0.00 0.25 0.00 0.00 0.00 0.00 0.00 99.50
301 0.00 0.00 0.00 0.50 0.00 0.00 0.00 0.00 0.00 99.50
302 0.00 0.00 0.25 0.50 0.00 0.00 0.00 0.00 0.00 99.25
303 0.50 0.00 0.00 2.26 0.00 0.00 0.00 0.00 0.00 97.24
304 0.25 0.00 0.00 0.75 0.00 0.00 0.00 0.00 0.00 99.00
305 0.00 0.00 0.25 1.01 0.00 0.00 0.00 0.00 0.00 98.74
306 0.25 0.00 0.25 0.00 0.00 0.00 0.00 0.00 0.00 99.50
307 0.50 0.00 0.00 0.75 0.00 0.00 0.00 0.00 0.00 98.75
308 0.25 0.00 0.25 0.00 0.00 0.00 0.00 0.00 0.00 99.50
309 0.00 0.00 0.50 6.27 0.00 0.00 0.00 0.00 0.00 93.23
310 1.00 0.00 0.25 0.00 0.00 0.00 0.00 0.00 0.00 98.75
311 2.06 0.00 4.88 6.68 0.00 0.26 0.00 0.00 0.00 86.12
312 4.24 0.00 18.30 15.12 0.00 0.27 0.00 0.00 0.00 62.07
313 5.81 0.00 5.52 13.08 0.00 0.00 0.29 0.00 0.00 75.29
314 2.96 0.00 4.14 19.23 0.00 0.00 0.00 0.00 0.00 73.67
315 6.48 0.00 9.30 6.48 0.00 0.00 0.00 0.00 0.00 77.75
316 5.11 0.00 5.71 4.20 0.00 0.00 0.00 0.00 0.00 84.98
317 2.33 0.00 0.87 16.86 0.00 0.00 0.00 0.00 0.00 79.94
318 0.50 0.00 0.25 31.00 0.00 0.00 0.25 0.00 0.00 68.00
319 0.25 0.00 0.25 51.13 0.00 0.00 0.00 0.00 0.00 48.37
320 2.26 0.00 0.25 59.30 0.00 0.00 0.00 0.00 0.00 38.19
321 0.50 0.00 0.75 13.00 0.00 0.00 0.00 0.00 0.00 85.75
322 5.18 0.00 4.92 5.70 0.00 2.07 0.00 0.00 0.00 82.12
323 5.56 0.00 7.02 2.34 0.00 0.00 0.00 0.00 0.00 85.09
324 3.33 0.00 6.97 6.97 0.00 0.00 0.00 0.00 0.00 82.73
325 5.37 0.00 6.27 6.87 0.00 0.00 0.00 0.00 0.00 81.49
326 3.93 0.00 7.85 0.60 0.00 0.00 0.00 0.00 0.00 87.61
327 1.85 0.00 6.48 1.85 0.00 0.00 0.31 0.00 0.00 89.51
328 2.38 0.00 2.38 22.75 0.00 0.00 0.00 0.00 0.00 72.49
329 1.03 0.00 2.84 20.62 0.00 0.00 0.00 0.00 0.00 75.52
330 1.89 0.00 2.97 20.81 0.00 0.00 0.27 0.00 0.00 74.05
331 10.96 0.00 1.87 14.71 0.00 0.00 0.00 0.00 0.00 72.46
332 35.94 0.00 1.16 16.23 0.00 0.00 0.00 0.00 0.00 46.67
333 15.57 0.00 0.82 2.19 0.00 0.00 0.00 0.00 0.00 81.42
334 7.67 0.00 0.31 1.53 0.00 0.00 0.31 0.00 0.00 90.18
335 9.82 0.00 0.30 1.79 0.00 0.00 0.60 0.00 0.00 87.50
336 8.94 0.00 1.36 0.81 0.00 0.54 0.00 0.00 0.00 88.35
337 22.74 0.00 0.58 25.07 0.00 0.00 0.58 0.00 0.00 51.02
338 27.52 0.00 1.09 5.45 0.00 0.00 0.00 0.00 0.00 65.94
339 11.00 0.00 0.77 13.55 0.00 0.00 0.00 0.00 0.00 74.68
340 18.75 0.00 0.00 0.27 0.00 0.00 0.00 0.00 0.00 80.98
341 12.54 0.00 0.29 0.58 0.00 0.00 0.00 0.00 0.00 86.59
342 5.66 0.00 0.00 1.26 0.00 0.00 0.31 0.00 0.00 92.77
343 23.82 0.00 0.52 10.99 0.00 0.00 0.00 0.00 0.00 64.66
344 15.11 0.00 0.25 1.51 0.00 0.00 0.00 0.00 0.00 83.12
345 0.00 0.00 0.25 1.01 0.00 0.00 0.00 0.00 0.00 98.74
346 12.47 0.00 0.25 0.76 0.00 0.00 0.25 0.00 0.00 86.26
347 12.90 0.00 0.00 1.17 0.00 0.00 0.00 0.00 0.00 85.92
348 16.01 0.00 0.28 0.56 0.00 0.00 0.28 0.00 0.00 82.87
349 18.41 0.00 0.00 0.82 0.00 0.00 0.27 0.00 0.00 80.49
350 41.60 0.00 0.55 0.55 0.00 0.00 0.00 0.00 0.00 57.30
351 0.25 0.00 0.25 1.00 0.00 0.00 0.00 0.00 0.00 98.50
352 0.00 0.00 0.00 0.00 0.00 0.00 0.00 0.00 0.00 100.00
353 0.25 0.00 0.25 1.00 0.00 0.00 0.25 0.00 0.00 98.25
354 0.00 0.00 0.50 0.50 0.00 0.00 0.00 0.00 0.00 99.00
355 3.74 0.00 0.53 2.94 0.00 0.00 0.00 0.00 0.00 92.78
356 4.88 0.00 0.51 3.08 0.00 0.00 0.00 0.00 0.00 91.52
357 0.25 0.00 0.25 1.25 0.00 0.00 0.00 0.00 0.00 98.25
358 1.26 0.00 0.25 11.11 0.00 0.00 0.00 0.00 0.00 87.37
359 0.00 0.00 0.00 1.50 0.00 0.00 0.00 0.00 0.00 98.50
360 0.00 0.00 0.51 18.94 0.00 0.00 0.00 0.00 0.00 80.56
361 1.27 0.00 0.00 28.68 0.00 0.00 0.00 0.00 0.00 70.05
362 3.54 0.00 0.25 29.04 0.00 0.25 0.00 0.00 0.00 66.92
363 4.42 0.00 0.26 25.97 0.00 0.00 0.00 0.00 0.00 69.35
364 2.57 0.00 0.77 26.74 0.00 0.00 0.26 0.00 0.00 69.67
365 3.56 0.00 0.25 25.19 0.00 0.00 0.00 0.00 0.00 70.99
366 14.47 0.00 0.79 25.53 0.00 0.00 0.00 0.00 0.00 59.21
367 5.47 0.00 0.78 26.04 0.00 0.00 0.00 0.00 0.00 67.71
368 20.60 0.00 2.71 24.93 0.00 0.00 0.00 0.00 0.00 51.76
369 19.01 0.00 2.92 6.14 0.00 0.00 0.29 0.00 0.00 71.64
370 8.18 0.00 0.30 4.55 0.00 0.00 0.00 0.00 0.00 86.97
371 0.75 0.00 0.75 11.53 0.00 0.00 0.00 0.00 0.00 86.97
372 0.25 0.00 0.50 1.25 0.00 0.00 0.00 0.00 0.00 98.00
373 0.00 0.00 0.50 1.00 0.00 0.00 0.00 0.00 0.00 98.50
374 0.50 0.00 0.25 1.75 0.00 0.00 0.00 0.00 0.00 97.50
375 0.25 0.00 0.25 0.25 0.00 0.00 0.00 0.00 0.00 99.25
376 0.50 0.00 0.25 1.25 0.00 0.00 0.00 0.00 0.00 98.00
377 0.25 0.00 0.00 0.25 0.00 0.00 0.00 0.00 0.00 99.50
378 0.51 0.00 0.25 5.56 0.00 0.00 0.00 0.00 0.00 93.69
379 0.00 0.00 0.25 0.50 0.00 0.00 0.00 0.00 0.00 99.25
380 0.00 0.00 0.25 0.75 0.00 0.00 0.00 0.00 0.00 99.00
381 0.00 0.00 0.00 1.76 0.00 0.00 0.00 0.00 0.00 98.24
382 0.25 0.00 0.50 1.00 0.00 0.00 0.00 0.00 0.00 98.25
383 0.25 0.00 0.25 0.75 0.00 0.00 0.00 0.00 0.00 98.75
384 0.00 0.00 0.00 1.01 0.00 0.00 0.00 0.00 0.00 98.99
385 0.25 0.00 0.00 0.25 0.00 0.00 0.25 0.00 0.00 99.25
386 0.00 0.00 0.25 1.00 0.00 0.00 0.00 0.00 0.00 98.75
387 0.00 0.00 0.00 0.00 0.00 0.00 0.00 0.00 0.00 100.00
388 0.25 0.00 0.00 1.01 0.00 0.00 0.00 0.00 0.00 98.74
389 0.25 0.00 0.00 1.25 0.00 0.00 0.00 0.00 0.00 98.50
390 0.25 0.00 0.00 0.75 0.00 0.00 0.00 0.00 0.00 99.00
391 0.00 0.00 0.25 3.76 0.00 0.00 0.00 0.00 0.00 95.99
392 0.00 0.00 0.00 4.77 0.00 0.00 0.00 0.00 0.00 95.23
393 0.50 0.00 0.25 2.49 0.00 0.00 0.00 0.00 0.00 96.76
394 0.00 0.00 0.00 5.54 0.00 0.00 0.00 0.00 0.00 94.46
395 0.25 0.00 0.25 1.25 0.00 0.00 0.00 0.00 0.00 98.25
396 0.25 0.00 0.00 1.26 0.00 0.00 0.00 0.00 0.00 98.49
397 0.00 0.00 0.25 0.25 0.00 0.00 0.00 0.00 0.00 99.50
398 0.00 0.00 0.25 1.01 0.00 0.00 0.00 0.00 0.00 98.74
399 0.25 0.00 0.25 0.50 0.00 0.00 0.00 0.00 0.00 99.00
400 0.25 0.00 0.50 0.75 0.00 0.00 0.00 0.00 0.00 98.50
401 49.04 0.00 0.55 1.92 0.00 0.00 0.00 0.00 0.00 48.49
402 99.08 0.00 0.31 0.00 0.00 0.00 0.31 0.00 0.00 0.31
403 96.09 0.00 0.28 1.40 0.00 0.28 0.00 0.00 0.00 1.96
404 98.63 0.00 0.55 0.00 0.00 0.00 0.00 0.00 0.00 0.82
405 98.99 0.00 0.00 0.67 0.00 0.00 0.00 0.00 0.00 0.34
406 82.48 0.00 0.30 1.21 0.00 0.00 0.00 0.00 0.00 16.01
407 52.65 0.00 0.93 1.87 0.00 0.00 0.31 0.00 0.00 44.24
408 8.59 0.00 0.31 1.23 0.00 0.00 0.61 0.00 0.00 89.26
409 3.87 0.00 0.26 0.00 0.00 0.00 0.00 0.00 0.00 95.88
410 0.00 0.00 0.50 1.01 0.00 0.00 0.00 0.00 0.00 98.49
411 0.50 0.00 0.25 1.25 0.00 0.00 0.00 0.00 0.00 98.00
412 0.00 0.00 0.00 1.01 0.00 0.00 0.25 0.00 0.00 98.74
413 0.25 0.00 0.25 0.25 0.00 0.00 0.00 0.00 0.00 99.25
414 0.25 0.00 0.50 0.75 0.00 0.00 0.00 0.00 0.00 98.50
415 0.00 0.00 0.00 0.76 0.00 0.00 0.00 0.00 0.00 99.24
416 0.00 0.00 0.50 1.26 0.00 0.00 0.00 0.00 0.00 98.24
417 0.25 0.00 0.00 0.75 0.00 0.00 0.00 0.00 0.00 99.00
418 0.25 0.00 0.25 1.00 0.00 0.00 0.00 0.00 0.00 98.50
419 0.00 0.00 0.00 0.25 0.00 0.00 0.00 0.00 0.00 99.75
420 0.50 0.00 0.25 2.26 0.00 0.00 0.00 0.00 0.00 96.99
421 0.00 0.00 0.25 3.26 0.00 0.00 0.00 0.00 0.00 96.49
422 0.00 0.00 0.00 7.79 0.00 0.00 0.00 0.00 0.00 92.21
423 0.00 0.00 0.25 19.25 0.00 0.00 0.00 0.00 0.00 80.50
424 0.00 0.00 0.00 9.57 0.00 0.00 0.00 0.00 0.00 90.43
425 0.25 0.00 0.50 8.23 0.00 0.00 0.00 0.00 0.00 91.02
426 0.25 0.00 0.25 4.50 0.00 0.00 0.00 0.00 0.00 95.00
427 0.00 0.00 0.00 0.25 0.00 0.00 0.00 0.00 0.00 99.75
428 0.50 0.00 0.25 1.50 0.00 0.00 0.00 0.00 0.00 97.75
429 0.50 0.00 0.00 1.00 0.00 0.00 0.00 0.00 0.00 98.50
430 32.84 0.00 0.60 1.49 0.00 0.30 0.30 0.00 0.00 64.48
431 32.76 0.00 2.30 5.17 0.00 0.29 0.00 0.00 0.00 59.48
432 31.16 0.00 0.30 1.19 0.00 0.00 0.30 0.00 0.00 67.06
433 28.82 0.00 0.29 3.53 0.00 0.00 0.29 0.00 0.00 67.06
434 25.00 0.00 0.51 1.52 0.00 0.00 0.00 0.00 0.00 72.98
435 12.57 0.00 0.00 1.17 0.00 0.00 0.00 0.00 0.00 86.26
436 0.84 0.00 1.68 16.25 0.00 0.00 0.28 0.00 0.00 80.95
437 17.19 0.00 0.00 5.99 0.00 0.00 0.26 0.00 0.00 76.56
438 12.87 0.00 1.17 17.25 0.00 0.00 0.00 0.00 0.00 68.71
439 17.22 0.00 0.28 0.28 0.00 0.00 0.00 0.00 0.00 82.22
440 9.61 0.00 0.30 1.50 0.00 0.00 0.60 0.00 0.00 87.99
441 9.37 0.00 0.00 0.91 0.00 0.00 0.00 0.00 0.00 89.73
442 13.68 0.00 0.85 1.99 0.00 0.00 0.57 0.00 0.00 82.91
443 2.60 0.00 0.00 0.32 0.00 0.00 0.32 0.00 0.00 96.75
444 11.90 0.00 0.30 0.89 0.00 0.00 0.30 0.00 0.00 86.61
445 17.26 0.00 0.55 0.27 0.00 0.55 0.00 0.00 0.00 81.37
446 5.40 0.00 0.00 1.59 0.00 0.00 0.00 0.00 0.00 93.02
447 11.59 0.00 0.29 1.74 0.00 0.00 0.29 0.00 0.00 86.09
448 7.45 0.00 0.00 0.93 0.00 0.00 0.00 0.00 0.00 91.61
449 12.35 0.00 0.00 0.29 0.00 0.00 0.00 0.00 0.00 87.35
450 2.01 0.00 0.25 1.00 0.00 0.00 0.00 0.00 0.00 96.74
451 0.75 0.00 0.25 2.50 0.00 0.00 0.00 0.00 0.00 96.50
452 0.25 0.00 0.25 1.00 0.00 0.00 0.00 0.00 0.00 98.50
453 0.00 0.00 0.25 0.50 0.00 0.00 0.00 0.00 0.00 99.25
454 0.00 0.00 0.25 1.01 0.00 0.00 0.00 0.00 0.00 98.74
455 0.00 0.00 0.00 0.76 0.00 0.00 0.00 0.00 0.00 99.24
456 0.00 0.00 0.50 0.75 0.00 0.00 0.00 0.00 0.00 98.75
457 0.25 0.00 0.00 5.06 0.00 0.00 0.00 0.00 0.00 94.68
458 1.02 0.00 1.27 19.54 0.00 0.00 0.00 0.00 0.00 78.17
459 0.50 0.00 0.25 0.50 0.00 0.00 0.00 0.00 0.00 98.75
460 0.50 0.00 0.25 0.75 0.00 0.00 0.25 0.00 0.00 98.25
461 0.00 0.00 0.25 0.25 0.00 0.00 0.00 0.00 0.00 99.50
462 0.25 0.00 0.25 1.25 0.00 0.00 0.00 0.00 0.00 98.25
463 0.25 0.00 0.75 1.00 0.00 0.00 0.00 0.00 0.00 98.00
464 0.25 0.00 0.00 1.76 0.00 0.00 0.00 0.00 0.00 97.99
465 0.00 0.00 0.25 0.75 0.00 0.00 0.00 0.00 0.00 99.00
466 0.25 0.00 0.25 2.51 0.00 0.00 0.00 0.00 0.00 96.99
467 0.00 0.00 0.25 11.78 0.00 0.00 0.00 0.00 0.00 87.97
468 0.00 0.00 0.25 4.53 0.00 0.00 0.00 0.00 0.00 95.21
469 0.25 0.00 0.25 2.00 0.00 0.00 0.00 0.00 0.00 97.50
470 0.25 0.00 0.00 2.01 0.00 0.00 0.00 0.00 0.00 97.74
471 0.00 0.00 0.25 0.50 0.00 0.00 0.00 0.00 0.00 99.25
472 0.76 0.00 0.00 12.09 0.00 0.00 0.00 0.00 0.00 87.15
473 0.25 0.00 0.25 1.50 0.00 0.00 0.00 0.00 0.00 97.99
474 0.50 0.00 0.25 0.00 0.00 0.00 0.00 0.00 0.00 99.25
475 0.00 0.00 0.25 1.50 0.00 0.00 0.00 0.00 0.00 98.25
476 0.00 0.00 0.00 0.25 0.00 0.00 0.00 0.00 0.00 99.75
477 0.50 0.00 0.00 0.75 0.00 0.00 0.00 0.00 0.00 98.75
478 0.25 0.00 0.25 0.25 0.00 0.00 0.00 0.00 0.00 99.25
479 0.25 0.00 0.00 0.50 0.00 0.00 0.00 0.00 0.00 99.25
480 0.25 0.00 0.50 1.00 0.00 0.00 0.00 0.00 0.00 98.25
481 0.25 0.00 0.00 0.50 0.00 0.00 0.00 0.00 0.00 99.25
482 0.00 0.00 0.25 0.25 0.00 0.00 0.25 0.00 0.00 99.25
483 0.50 0.00 0.00 0.75 0.00 0.00 0.00 0.00 0.00 98.74
484 0.00 0.00 0.25 0.25 0.00 0.00 0.00 0.00 0.00 99.50
485 0.00 0.00 0.51 34.26 0.00 0.00 0.00 0.00 0.00 65.23
486 0.00 0.00 0.00 0.25 0.00 0.00 0.00 0.00 0.00 99.75
487 0.25 0.00 0.00 0.50 0.00 0.00 0.00 0.00 0.00 99.25
488 0.25 0.00 0.50 0.50 0.00 0.00 0.00 0.00 0.00 98.75
489 0.00 0.00 0.00 0.50 0.00 0.00 0.00 0.00 0.00 99.50
490 0.25 0.00 0.25 1.00 0.00 0.00 0.00 0.00 0.00 98.50
491 0.00 0.00 0.25 0.50 0.00 0.00 0.00 0.00 0.00 99.25
492 0.00 0.00 0.25 1.00 0.00 0.00 0.00 0.00 0.00 98.75
493 0.25 0.00 0.50 0.75 0.00 0.00 0.00 0.00 0.00 98.49
494 0.00 0.00 0.00 0.50 0.00 0.00 0.00 0.00 0.00 99.50
495 0.00 0.00 0.00 1.01 0.00 0.00 0.00 0.00 0.00 98.99
496 0.25 0.00 0.25 0.00 0.00 0.00 0.00 0.00 0.00 99.50
497 0.00 0.00 0.00 0.75 0.00 0.00 0.00 0.00 0.00 99.25
498 0.25 0.00 0.25 4.51 0.00 0.00 0.25 0.00 0.00 94.74
499 0.25 0.00 1.00 2.75 0.00 0.00 0.00 0.00 0.00 96.00
500 0.25 0.00 0.25 0.50 0.00 0.00 0.00 0.00 0.00 99.00
501 0.25 0.00 0.00 1.25 0.00 0.00 0.00 0.00 0.00 98.50
502 0.25 0.00 0.00 0.00 0.00 0.00 0.00 0.00 0.00 99.75
503 0.25 0.00 0.25 3.25 0.00 0.00 0.00 0.00 0.00 96.25
504 0.25 0.00 0.25 0.25 0.00 0.00 0.00 0.00 0.00 99.25
505 0.00 0.00 0.00 0.25 0.00 0.00 0.00 0.00 0.00 99.75
506 0.25 0.00 0.00 0.25 0.00 0.00 0.00 0.00 0.00 99.50
507 0.25 0.00 0.25 1.00 0.00 0.00 0.00 0.00 0.00 98.50
508 0.00 0.00 0.25 0.25 0.00 0.00 0.00 0.00 0.00 99.50
509 0.00 0.00 0.25 0.50 0.00 0.00 0.00 0.00 0.00 99.25
510 0.50 0.00 0.25 0.25 0.00 0.00 0.00 0.00 0.00 99.00
511 0.00 0.00 0.00 0.25 0.00 0.00 0.00 0.00 0.00 99.75
512 0.00 0.00 0.25 0.25 0.00 0.00 0.00 0.00 0.00 99.50
513 0.25 0.00 0.00 1.01 0.00 0.00 0.00 0.00 0.00 98.74
514 0.00 0.00 0.00 0.75 0.00 0.00 0.00 0.00 0.00 99.25
515 0.25 0.00 0.25 1.00 0.00 0.00 0.00 0.00 0.00 98.50
516 0.00 0.00 0.00 0.76 0.00 0.00 0.00 0.00 0.00 99.24
517 0.50 0.00 0.25 0.50 0.00 0.00 0.00 0.00 0.00 98.75
518 0.50 0.00 0.00 0.75 0.00 0.00 0.00 0.00 0.00 98.75
519 0.00 0.00 0.25 0.76 0.00 0.00 0.00 0.00 0.00 98.99
520 0.00 0.00 0.25 0.50 0.00 0.00 0.00 0.00 0.00 99.25
521 0.25 0.00 0.25 1.25 0.00 0.00 0.00 0.00 0.00 98.25
522 0.00 0.00 0.25 1.00 0.00 0.00 0.00 0.00 0.00 98.75
523 0.25 0.00 0.25 0.00 0.00 0.00 0.00 0.00 0.00 99.50
524 0.25 0.00 0.50 1.00 0.00 0.00 0.25 0.00 0.00 98.00
525 0.25 0.00 0.25 2.50 0.00 0.00 0.00 0.00 0.00 97.00
526 0.25 0.00 0.25 0.50 0.00 0.00 0.00 0.00 0.00 99.00
527 0.50 0.00 0.00 1.25 0.00 0.00 0.00 0.00 0.00 98.25
528 0.50 0.00 0.25 0.50 0.00 0.00 0.00 0.00 0.00 98.75
529 0.25 0.00 0.00 0.75 0.00 0.00 0.00 0.00 0.00 99.00
530 0.25 0.00 0.50 0.75 0.00 0.00 0.00 0.00 0.00 98.50
531 0.00 0.00 0.00 1.01 0.00 0.00 0.00 0.00 0.00 98.99
532 0.25 0.00 0.25 1.50 0.00 0.00 0.00 0.00 0.00 98.00
533 0.00 0.00 0.50 4.25 0.00 0.00 0.00 0.00 0.00 95.25
534 0.00 0.00 0.25 2.51 0.00 0.00 0.00 0.00 0.00 97.24
535 0.25 0.00 0.25 4.26 0.00 0.00 0.00 0.00 0.00 95.24
536 0.00 0.00 0.00 4.02 0.00 0.00 0.00 0.00 0.00 95.98
537 0.50 0.00 0.25 7.48 0.00 0.00 0.00 0.00 0.00 91.77
538 0.00 0.00 0.25 1.76 0.00 0.00 0.00 0.00 0.00 97.99
539 0.25 0.00 0.00 3.76 0.00 0.00 0.00 0.00 0.00 95.99
540 0.00 0.00 0.25 3.26 0.00 0.00 0.00 0.00 0.00 96.49
541 0.25 0.00 0.25 1.00 0.00 0.00 0.00 0.00 0.00 98.50
542 0.00 0.00 0.25 0.25 0.00 0.00 0.00 0.00 0.00 99.50
543 0.25 0.00 0.25 1.25 0.00 0.00 0.00 0.00 0.00 98.25
544 0.00 0.00 0.00 0.50 0.00 0.00 0.00 0.00 0.00 99.50
545 0.25 0.00 0.00 0.25 0.00 0.00 0.00 0.00 0.00 99.50
546 0.50 0.00 0.25 1.25 0.00 0.00 0.00 0.00 0.00 98.00
547 0.25 0.00 0.00 1.00 0.00 0.00 0.00 0.00 0.00 98.75
548 0.50 0.00 0.00 0.75 0.00 0.00 0.00 0.00 0.00 98.75
549 0.00 0.00 0.00 1.01 0.00 0.00 0.00 0.00 0.00 98.99
550 0.25 0.00 0.00 0.50 0.00 0.00 0.00 0.00 0.00 99.25
551 0.25 0.00 0.25 0.50 0.00 0.00 0.00 0.00 0.00 99.00
552 0.00 0.00 0.00 0.75 0.00 0.00 0.00 0.00 0.00 99.25
553 0.00 0.00 0.25 0.76 0.00 0.00 0.25 0.00 0.00 98.74
554 0.25 0.00 0.25 0.25 0.00 0.00 0.00 0.00 0.00 99.25
555 0.00 0.00 0.00 1.50 0.00 0.00 0.00 0.00 0.00 98.50
556 0.25 0.00 0.00 0.00 0.00 0.25 0.00 0.00 0.00 99.50
557 0.25 0.00 0.00 1.25 0.00 0.00 0.00 0.00 0.00 98.50
558 0.50 0.00 0.75 1.50 0.00 0.00 0.00 0.00 0.00 97.24
559 0.25 0.00 0.25 1.00 0.00 0.00 0.00 0.00 0.00 98.50
560 0.00 0.00 0.00 0.50 0.00 0.00 0.00 0.00 0.00 99.50
561 0.00 0.00 0.00 0.50 0.00 0.00 0.00 0.00 0.00 99.50
562 0.50 0.00 0.25 0.00 0.00 0.00 0.00 0.00 0.00 99.25
563 0.25 0.00 0.25 0.75 0.00 0.00 0.00 0.00 0.00 98.75
564 0.25 0.00 0.00 0.75 0.00 0.00 0.00 0.00 0.00 99.00
565 0.00 0.00 0.50 1.00 0.00 0.00 0.00 0.00 0.00 98.50
566 0.00 0.00 0.00 1.01 0.00 0.00 0.00 0.00 0.00 98.99
567 0.25 0.00 0.00 0.50 0.00 0.00 0.00 0.00 0.00 99.25
568 0.50 0.00 0.00 0.25 0.00 0.00 0.00 0.00 0.00 99.25
569 0.00 0.00 0.25 0.25 0.00 0.00 0.00 0.00 0.00 99.50
570 0.00 0.00 0.00 0.76 0.00 0.00 0.00 0.00 0.00 99.24
571 0.50 0.00 1.00 20.95 0.00 0.00 0.00 0.00 0.00 77.56
572 0.00 0.00 1.27 23.80 0.00 0.00 0.00 0.00 0.00 74.94
573 0.00 0.00 1.77 25.00 0.00 0.00 0.00 0.00 0.00 73.23
574 0.25 0.00 3.56 23.16 0.00 0.00 0.00 0.00 0.00 73.03
575 0.50 0.00 0.25 26.63 0.00 0.00 0.00 0.00 0.00 72.61
576 0.25 0.00 0.25 25.32 0.00 0.00 0.00 0.00 0.00 74.18
577 0.25 0.00 0.25 26.25 0.00 0.00 0.00 0.00 0.00 73.25
578 0.25 0.00 0.25 24.81 0.00 0.00 0.00 0.00 0.00 74.69
579 2.30 0.00 2.55 25.00 0.00 0.00 0.00 0.00 0.00 70.15
580 0.00 0.00 0.25 24.81 0.00 0.00 0.00 0.00 0.00 74.94
581 0.00 0.00 0.00 24.94 0.00 0.00 0.00 0.00 0.00 75.06
582 0.00 0.00 0.25 6.28 0.00 0.00 0.00 0.00 0.00 93.47
583 0.50 0.00 0.50 1.00 0.00 0.00 0.00 0.00 0.00 98.00
584 0.00 0.00 0.25 1.51 0.00 0.00 0.25 0.00 0.00 97.98
585 0.00 0.00 0.50 0.50 0.00 0.00 0.00 0.00 0.00 99.00
586 0.25 0.00 0.25 0.00 0.00 0.00 0.00 0.00 0.00 99.50
587 0.00 0.00 0.25 0.75 0.00 0.00 0.00 0.00 0.00 99.00
588 0.25 0.00 0.50 0.50 0.00 0.00 0.00 0.00 0.00 98.75
589 0.00 0.00 0.00 0.25 0.00 0.00 0.00 0.00 0.00 99.75
590 0.25 0.00 0.25 0.25 0.00 0.00 0.00 0.00 0.00 99.25
591 0.50 0.00 0.00 1.75 0.00 0.00 0.00 0.00 0.00 97.74
592 0.00 0.00 0.25 0.25 0.00 0.00 0.00 0.00 0.00 99.50
593 0.00 0.00 0.00 1.01 0.00 0.00 0.00 0.00 0.00 98.99
594 0.25 0.00 0.25 0.25 0.00 0.00 0.00 0.00 0.00 99.25
595 0.00 0.00 0.25 0.75 0.00 0.00 0.00 0.00 0.00 99.00
596 0.00 0.00 0.00 0.50 0.00 0.00 0.00 0.00 0.00 99.50
597 0.25 0.00 0.00 0.50 0.00 0.00 0.00 0.00 0.00 99.25
598 0.00 0.00 0.00 0.00 0.00 0.00 0.00 0.00 0.00 100.00
599 0.25 0.00 0.00 0.75 0.00 0.00 0.00 0.00 0.00 99.00
600 0.25 0.00 0.25 0.50 0.00 0.00 0.00 0.00 0.00 99.00
601 0.25 0.00 0.00 1.00 0.00 0.00 0.00 0.00 0.00 98.75
602 0.00 0.00 0.25 0.25 0.00 0.00 0.00 0.00 0.00 99.50
603 0.25 0.00 0.00 0.75 0.00 0.00 0.00 0.00 0.00 99.00
604 0.00 0.00 0.00 0.25 0.00 0.00 0.00 0.00 0.00 99.75
605 0.00 0.00 0.00 0.76 0.00 0.00 0.00 0.00 0.00 99.24
606 0.75 0.00 0.25 0.50 0.00 0.25 0.00 0.00 0.00 98.25
607 0.00 0.00 0.25 0.50 0.00 0.00 0.00 0.00 0.00 99.25
608 0.50 0.00 0.00 0.50 0.00 0.00 0.00 0.00 0.00 98.99
609 0.00 0.00 0.00 0.25 0.00 0.00 0.00 0.00 0.00 99.75
610 0.00 0.00 0.25 0.25 0.00 0.00 0.00 0.00 0.00 99.50
611 0.00 0.00 0.00 0.75 0.00 0.00 0.00 0.00 0.00 99.25
612 0.25 0.00 0.00 0.25 0.00 0.00 0.00 0.00 0.00 99.50
613 0.25 0.00 0.25 1.00 0.00 0.00 0.00 0.00 0.00 98.50
614 0.00 0.00 0.00 0.00 0.00 0.00 0.00 0.00 0.00 100.00
615 0.25 0.00 0.00 0.50 0.00 0.00 0.00 0.00 0.00 99.25
616 0.25 0.00 0.00 0.50 0.00 0.00 0.00 0.00 0.00 99.25
617 0.00 0.00 0.00 1.00 0.00 0.00 0.25 0.00 0.00 98.75
618 0.50 0.00 0.75 1.00 0.00 0.00 0.00 0.00 0.00 97.74
619 0.00 0.00 0.00 0.25 0.00 0.00 0.00 0.00 0.00 99.75
620 0.00 0.00 0.00 0.25 0.00 0.00 0.00 0.00 0.00 99.75
621 0.00 0.00 0.00 0.00 0.00 0.00 0.00 0.00 0.00 100.00
622 0.25 0.00 0.25 0.50 0.00 0.00 0.00 0.00 0.00 99.00
623 0.25 0.00 0.00 1.01 0.00 0.00 0.00 0.00 0.00 98.74
624 0.00 0.00 0.25 0.50 0.00 0.00 0.00 0.00 0.00 99.25
625 0.00 0.00 0.00 1.01 0.00 0.00 0.00 0.00 0.00 98.99
626 0.25 0.00 0.25 0.25 0.00 0.00 0.00 0.00 0.00 99.25
627 0.00 0.00 0.00 0.50 0.00 0.00 0.00 0.00 0.00 99.50
628 0.25 0.00 0.00 0.00 0.00 0.00 0.00 0.00 0.00 99.75
629 0.25 0.00 0.00 0.75 0.00 0.00 0.00 0.00 0.00 98.99
630 0.00 0.00 0.25 0.25 0.00 0.00 0.00 0.00 0.00 99.50
631 0.25 0.00 0.00 0.75 0.00 0.00 0.00 0.00 0.00 99.00
632 0.25 0.00 0.25 0.25 0.00 0.00 0.00 0.00 0.00 99.25
633 0.25 0.00 0.25 1.50 0.00 0.00 0.00 0.00 0.00 97.99
634 0.00 0.00 0.25 0.50 0.00 0.00 0.00 0.00 0.00 99.25
635 0.25 0.00 0.00 0.50 0.00 0.00 0.00 0.00 0.00 99.25
636 0.00 0.00 0.00 0.25 0.00 0.00 0.00 0.00 0.00 99.75
637 0.00 0.00 0.25 0.25 0.00 0.00 0.00 0.00 0.00 99.50
638 0.00 0.00 0.25 0.25 0.00 0.00 0.00 0.00 0.00 99.50
639 0.25 0.00 0.50 7.00 0.00 0.00 0.25 0.00 0.00 92.00
640 0.25 0.00 0.00 0.50 0.00 0.00 0.00 0.00 0.00 99.25
641 0.00 0.00 0.25 0.50 0.00 0.00 0.00 0.00 0.00 99.25
642 0.25 0.00 0.25 0.00 0.00 0.00 0.00 0.00 0.00 99.50
643 0.00 0.00 0.25 1.51 0.00 0.00 0.00 0.00 0.00 98.24
644 0.00 0.00 0.25 0.25 0.00 0.00 0.00 0.00 0.00 99.50
645 0.25 0.00 0.00 10.55 0.00 0.00 0.00 0.00 0.00 89.20
646 0.00 0.00 0.25 18.34 0.00 0.00 0.00 0.00 0.00 81.41
647 0.25 0.00 0.25 3.76 0.00 0.00 0.00 0.00 0.00 95.74
648 0.50 0.00 0.25 0.75 0.00 0.00 0.00 0.00 0.00 98.50
649 0.25 0.00 0.25 1.50 0.00 0.00 0.00 0.00 0.00 98.00
650 0.25 0.00 0.25 3.25 0.00 0.00 0.00 0.00 0.00 96.25
651 0.00 0.00 0.50 2.00 0.00 0.00 0.00 0.00 0.00 97.50
652 0.00 0.00 0.25 4.26 0.00 0.00 0.00 0.00 0.00 95.49
653 0.75 0.00 0.25 10.50 0.00 0.00 0.00 0.00 0.00 88.50
654 0.50 0.00 0.50 28.46 0.00 0.00 0.00 0.00 0.00 70.53
655 15.82 0.00 0.00 3.11 0.00 0.00 0.00 0.00 0.00 81.07
656 18.31 0.00 0.27 0.27 0.00 0.00 0.27 0.00 0.00 80.87
657 12.32 0.00 0.00 0.29 0.00 0.00 0.00 0.00 0.00 87.39
658 17.22 0.00 0.28 0.28 0.00 0.00 0.28 0.00 0.00 81.94
659 19.57 0.00 0.27 1.34 0.00 0.00 0.00 0.00 0.00 78.82
660 18.63 0.00 0.27 0.27 0.00 0.00 0.00 0.00 0.00 80.82
661 22.48 0.00 0.26 0.78 0.00 0.00 0.00 0.00 0.00 76.49
662 9.60 0.00 13.40 37.20 0.00 0.00 0.20 0.00 0.00 39.60
663 11.29 0.00 1.21 48.79 0.00 0.81 0.00 0.00 0.00 37.90
664 4.38 0.00 1.03 27.58 0.00 0.00 0.00 0.00 0.00 67.01
665 0.25 0.00 0.00 41.16 0.00 0.00 0.00 0.00 0.00 58.59
666 0.50 0.00 0.00 30.33 0.00 0.25 0.25 0.00 0.00 68.67
667 0.00 0.00 0.25 18.84 0.00 0.00 0.00 0.00 0.00 80.90
668 0.50 0.00 0.00 4.52 0.00 0.00 0.00 0.00 0.00 94.97
669 0.00 0.00 0.00 7.29 0.00 0.00 0.00 0.00 0.00 92.71
670 0.00 0.00 0.25 4.03 0.00 0.00 0.00 0.00 0.00 95.72
671 0.25 0.00 0.25 0.75 0.00 0.00 0.00 0.00 0.00 98.75
672 0.25 0.00 0.00 0.25 0.00 0.00 0.00 0.00 0.00 99.50
673 0.00 0.00 0.25 5.53 0.00 0.00 0.00 0.00 0.00 94.22
674 0.75 0.00 0.50 4.27 0.00 0.00 0.00 0.00 0.00 94.47
675 3.53 0.00 0.50 21.66 0.00 0.00 0.00 0.00 0.00 74.31
676 11.31 0.00 0.50 13.82 0.00 0.00 0.25 0.00 0.00 74.12
677 0.50 0.00 0.50 24.69 0.00 0.00 0.00 0.00 0.00 74.31
678 0.50 0.00 1.01 45.48 0.00 0.00 0.00 0.00 0.00 53.02
679 0.00 0.00 0.00 24.87 0.00 0.00 0.00 0.00 0.00 75.13
680 0.25 0.00 1.00 24.31 0.00 0.00 0.00 0.00 0.00 74.44
681 0.25 0.00 0.00 25.06 0.00 0.00 0.00 0.00 0.00 74.68
682 2.56 0.00 0.26 20.97 0.00 0.00 0.00 0.00 0.00 76.21
683 0.00 0.00 0.25 25.63 0.00 0.00 0.00 0.00 0.00 74.12
684 0.25 0.00 0.25 24.69 0.00 0.00 0.00 0.00 0.00 74.81
685 8.03 0.00 0.28 9.97 0.00 0.00 0.00 0.00 0.00 81.72
686 5.03 0.00 0.53 15.87 0.00 0.00 0.00 0.00 0.00 78.57
687 8.17 0.00 0.00 7.89 0.00 0.00 0.28 0.00 0.00 83.66
688 6.58 0.00 0.00 0.31 0.00 0.00 0.00 0.00 0.00 93.10
689 5.85 0.00 0.51 4.83 0.00 0.00 0.00 0.00 0.00 88.80
690 0.25 0.00 0.25 0.75 0.00 0.00 0.00 0.00 0.00 98.75
691 0.00 0.00 0.25 1.00 0.00 0.00 0.00 0.00 0.00 98.75
692 0.25 0.00 0.00 2.26 0.00 0.00 0.00 0.00 0.00 97.49
693 0.00 0.00 0.25 1.01 0.00 0.00 0.00 0.00 0.00 98.74
694 0.00 0.00 0.25 0.50 0.00 0.00 0.00 0.00 0.00 99.25
695 0.25 0.00 0.50 0.75 0.00 0.00 0.00 0.00 0.00 98.50
696 0.25 0.00 0.00 0.50 0.00 0.00 0.00 0.00 0.00 99.25
697 0.00 0.00 0.50 1.01 0.00 0.00 0.00 0.00 0.00 98.49
698 0.25 0.00 0.00 0.50 0.00 0.00 0.00 0.00 0.00 99.25
699 0.25 0.00 0.00 0.75 0.00 0.00 0.00 0.00 0.00 99.00
700 0.00 0.00 0.00 0.25 0.00 0.00 0.00 0.00 0.00 99.75
701 0.25 0.00 0.25 0.50 0.00 0.00 0.00 0.00 0.00 99.00
702 0.00 0.00 0.25 0.75 0.00 0.00 0.00 0.00 0.00 99.00
703 0.25 0.00 0.00 0.51 0.00 0.00 0.00 0.00 0.00 99.24
704 0.25 0.00 0.25 1.00 0.00 0.00 0.00 0.00 0.00 98.50
705 0.25 0.00 0.25 0.76 0.00 0.00 0.00 0.00 0.00 98.74
706 0.50 0.00 0.25 0.50 0.00 0.00 0.25 0.00 0.00 98.50
707 0.00 0.00 0.00 0.25 0.00 0.00 0.00 0.00 0.00 99.75
708 0.00 0.00 0.00 1.01 0.00 0.00 0.00 0.00 0.00 98.99
709 0.00 0.00 0.00 0.00 0.00 0.00 0.00 0.00 0.00 100.00
710 0.25 0.00 0.00 0.50 0.00 0.00 0.00 0.00 0.00 99.25
711 0.25 0.00 0.00 0.25 0.00 0.00 0.00 0.00 0.00 99.50
712 0.00 0.00 0.00 0.75 0.00 0.00 0.00 0.00 0.00 99.25
713 0.00 0.00 0.00 0.75 0.00 0.00 0.00 0.00 0.00 99.25
714 0.25 0.00 0.00 0.25 0.00 0.00 0.00 0.00 0.00 99.50
715 0.25 0.00 0.00 0.25 0.00 0.00 0.00 0.00 0.00 99.50
716 0.00 0.00 0.00 0.76 0.00 0.00 0.00 0.00 0.00 99.24
717 0.50 0.00 0.25 1.50 0.00 0.00 0.00 0.00 0.00 97.75
718 0.25 0.00 0.00 0.75 0.00 0.00 0.00 0.00 0.00 98.99
719 0.00 0.00 0.25 0.25 0.00 0.00 0.00 0.00 0.00 99.50
720 0.00 0.00 0.00 0.75 0.00 0.00 0.00 0.00 0.00 99.25
721 0.00 0.00 0.25 0.50 0.00 0.00 0.00 0.00 0.00 99.25
722 0.00 0.00 0.00 0.75 0.00 0.00 0.00 0.00 0.00 99.25
723 0.00 0.00 0.00 3.27 0.00 0.00 0.00 0.00 0.00 96.73
724 0.25 0.00 0.00 5.03 0.00 0.00 0.00 0.00 0.00 94.72
725 0.00 0.00 0.25 2.76 0.00 0.00 0.00 0.00 0.00 96.99
726 0.00 0.00 0.00 2.02 0.00 0.00 0.00 0.00 0.00 97.98
727 0.50 0.00 0.25 30.40 0.00 0.00 0.00 0.00 0.00 68.84
728 0.25 0.00 0.50 3.00 0.00 0.00 0.00 0.00 0.00 96.25
729 0.00 0.00 0.00 3.26 0.00 0.00 0.00 0.00 0.00 96.74
730 0.25 0.00 0.00 6.78 0.00 0.00 0.00 0.00 0.00 92.96
731 0.25 0.00 0.25 0.50 0.00 0.00 0.00 0.00 0.00 99.00
732 0.00 0.00 0.25 6.03 0.00 0.00 0.00 0.00 0.00 93.72
733 0.00 0.00 0.00 0.50 0.00 0.00 0.00 0.00 0.00 99.50
734 0.25 0.00 0.25 1.26 0.00 0.00 0.00 0.00 0.00 98.24
735 0.00 0.00 0.25 0.25 0.00 0.00 0.25 0.00 0.00 99.25
736 0.25 0.00 0.00 1.25 0.00 0.00 0.00 0.00 0.00 98.50
737 0.50 0.00 0.50 4.02 0.00 0.00 0.00 0.00 0.00 94.97
738 0.25 0.00 0.50 1.25 0.00 0.00 0.00 0.00 0.00 97.99
739 0.00 0.00 0.00 0.76 0.00 0.00 0.00 0.00 0.00 99.24
740 0.00 0.00 0.25 0.75 0.00 0.00 0.00 0.00 0.00 99.00
741 16.32 0.00 0.26 4.21 0.00 0.00 0.00 0.00 0.00 79.21
742 6.25 0.00 0.31 1.25 0.00 0.00 0.00 0.00 0.00 92.19
743 16.71 0.00 0.56 0.56 0.00 0.00 0.00 0.00 0.00 82.17
744 7.12 0.00 0.00 5.64 0.00 0.00 0.30 0.00 0.00 86.94
745 42.60 0.00 10.36 2.37 0.00 0.30 0.00 0.00 0.00 44.38
746 45.48 0.00 0.55 6.58 0.00 0.00 0.00 0.00 0.00 47.40
747 0.50 0.00 0.25 0.50 0.00 0.00 0.00 0.00 0.00 98.75
748 0.00 0.00 0.25 1.26 0.00 0.00 0.00 0.00 0.00 98.49
749 0.00 0.00 0.25 0.25 0.00 0.00 0.50 0.00 0.00 99.00
750 0.00 0.00 0.25 2.76 0.00 0.00 0.00 0.00 0.00 96.98
751 0.00 0.00 0.25 0.25 0.00 0.00 0.00 0.00 0.00 99.50
752 0.25 0.00 0.25 1.01 0.00 0.00 0.00 0.00 0.00 98.49
753 0.76 0.00 0.00 25.00 0.00 0.00 0.00 0.00 0.00 74.24
754 10.53 0.00 1.94 35.46 0.00 0.28 0.28 0.00 0.00 51.52
755 20.70 0.00 3.79 18.66 0.00 0.00 0.00 0.00 0.00 56.85
756 11.72 0.00 1.30 33.59 0.00 0.00 0.00 0.00 0.00 53.39
757 12.30 0.00 1.31 29.58 0.00 0.00 0.00 0.00 0.00 56.81
758 7.61 0.00 0.51 25.13 0.00 0.00 0.00 0.00 0.00 66.75
759 12.14 0.00 0.26 38.76 0.00 0.00 0.00 0.00 0.00 48.84
760 3.03 0.00 0.25 61.11 0.00 0.00 0.00 0.00 0.00 35.61
761 9.64 0.00 0.76 16.75 0.00 0.00 0.00 0.00 0.00 72.84
762 3.53 0.00 0.50 95.97 0.00 0.00 0.00 0.00 0.00 0.00
763 0.00 0.00 0.25 99.75 0.00 0.00 0.00 0.00 0.00 0.00
764 0.25 0.00 0.00 81.16 0.00 0.00 0.25 0.00 0.00 18.34
765 0.00 0.00 0.25 68.78 0.00 0.00 0.00 0.00 0.00 30.96
766 6.84 0.00 0.76 43.80 0.00 0.00 0.00 0.00 0.00 48.61
767 11.81 0.00 0.00 10.44 0.00 0.00 0.00 0.00 0.00 77.75
768 4.07 0.00 0.51 54.96 0.25 0.00 0.00 0.00 0.00 40.20
769 0.00 0.00 0.25 1.01 0.00 0.00 0.00 0.00 0.00 98.74
770 0.00 0.00 0.25 2.26 0.00 0.00 0.00 0.00 0.00 97.49
771 0.50 0.00 0.00 17.09 0.00 0.00 0.00 0.00 0.00 82.41
772 0.25 0.00 0.25 1.75 0.00 0.00 0.00 0.00 0.00 97.74
773 0.00 0.00 0.00 1.26 0.00 0.00 0.00 0.00 0.00 98.74
774 0.25 0.00 0.00 1.00 0.00 0.00 0.00 0.00 0.00 98.75
775 0.25 0.00 0.25 1.25 0.00 0.00 0.00 0.00 0.00 98.25
776 0.00 0.00 0.00 0.76 0.00 0.00 0.00 0.00 0.00 99.24
777 0.50 0.00 0.25 1.00 0.00 0.00 0.00 0.00 0.00 98.25
778 0.00 0.00 0.25 1.25 0.00 0.00 0.25 0.00 0.00 98.25
779 0.25 0.00 0.00 0.00 0.00 0.00 0.00 0.00 0.00 99.75
780 0.25 0.00 0.25 1.25 0.00 0.00 0.00 0.00 0.00 98.25
781 0.00 0.00 0.00 1.01 0.00 0.00 0.00 0.00 0.00 98.99
782 0.25 0.00 0.00 1.00 0.00 0.00 0.00 0.00 0.00 98.75
783 0.25 0.00 0.00 8.27 0.00 0.00 0.00 0.00 0.00 91.48
784 0.25 0.00 0.00 5.28 0.00 0.00 0.00 0.00 0.00 94.47
785 0.25 0.00 0.25 1.00 0.00 0.00 0.00 0.00 0.00 98.50
786 0.50 0.00 0.00 6.27 0.00 0.00 0.00 0.00 0.00 93.23
787 0.00 0.00 0.00 1.26 0.00 0.00 0.00 0.00 0.00 98.74
788 0.00 0.00 0.76 1.51 0.00 0.25 0.00 0.00 0.00 97.48
789 0.00 0.00 0.50 2.76 0.00 0.00 0.00 0.00 0.00 96.73
790 0.25 0.00 0.25 3.50 0.00 0.00 0.00 0.00 0.00 96.00
791 0.00 0.00 0.25 2.26 0.00 0.00 0.00 0.00 0.00 97.49
792 0.25 0.00 0.00 4.01 0.00 0.00 0.00 0.00 0.00 95.74
793 0.00 0.00 0.00 7.29 0.00 0.00 0.00 0.00 0.00 92.71
794 0.00 0.00 0.25 3.27 0.00 0.00 0.00 0.00 0.00 96.47
795 0.25 0.00 0.00 5.01 0.00 0.00 0.00 0.00 0.00 94.74
796 0.25 0.00 0.00 0.75 0.00 0.00 0.00 0.00 0.00 98.99
797 0.25 0.00 0.25 0.50 0.00 0.00 0.00 0.00 0.00 99.00
798 12.28 0.00 0.75 8.27 0.00 0.00 0.25 0.00 0.00 78.45
799 90.62 0.00 1.14 6.53 0.00 0.28 0.00 0.00 0.00 1.42
800 15.80 0.00 0.78 83.16 0.00 0.00 0.00 0.00 0.00 0.26
801 2.33 0.00 4.15 91.71 0.00 0.00 0.00 0.00 0.00 1.81
802 1.28 0.00 0.77 80.87 0.00 0.00 0.00 0.00 0.00 17.09
803 89.17 0.00 0.64 5.10 0.00 0.00 0.00 0.00 0.00 5.10
804 68.73 0.00 1.69 23.94 0.00 0.00 0.28 0.00 0.00 5.35
805 27.45 0.00 1.90 68.48 0.00 0.00 0.00 0.00 0.00 2.17
806 77.55 0.00 3.79 13.41 0.00 0.00 0.29 0.00 0.00 4.96
807 51.86 0.00 2.66 10.37 0.00 0.00 0.27 0.00 0.00 34.84
808 8.33 0.00 0.93 1.85 0.00 0.00 0.00 0.00 0.00 88.89
809 14.97 0.00 0.56 28.25 0.00 0.00 0.28 0.00 0.00 55.93
810 11.50 0.00 0.59 2.95 0.00 0.00 0.00 0.00 0.00 84.96
811 1.57 0.00 0.52 27.82 0.00 0.00 0.00 0.00 0.00 70.08
812 0.50 0.00 0.75 33.92 0.00 0.00 0.25 0.00 0.00 64.57
813 0.00 0.00 0.00 50.00 0.00 0.00 0.00 0.00 0.00 50.00
814 2.27 0.00 0.25 31.99 0.00 0.00 0.00 0.00 0.00 65.49
815 0.00 0.00 0.25 31.66 0.00 0.25 0.00 0.00 0.00 67.84
816 0.00 0.00 0.00 25.76 0.00 0.00 0.00 0.00 0.00 74.24
817 2.33 0.00 4.40 19.17 0.00 0.00 0.00 0.00 0.00 74.09
818 12.09 0.00 0.00 1.18 0.00 0.00 0.00 0.00 0.00 86.73
819 35.31 0.00 0.89 4.15 0.00 0.00 0.30 0.00 0.00 59.35
820 14.77 0.00 0.28 4.26 0.00 0.00 0.00 0.00 0.00 80.68
821 4.17 0.00 0.00 0.32 0.00 0.00 0.00 0.00 0.00 95.51
822 27.25 0.00 0.87 1.74 0.00 0.00 0.29 0.00 0.00 69.86
823 10.57 0.00 0.00 6.34 0.00 0.00 0.91 0.00 0.00 82.18
824 2.30 0.00 1.64 9.21 0.00 0.00 0.33 0.00 0.00 86.51
825 20.90 0.00 2.09 2.99 0.00 0.00 0.30 0.00 0.00 73.73
826 3.56 0.00 0.00 0.65 0.00 0.00 0.32 0.00 0.00 95.47
827 12.32 0.00 0.29 1.47 0.00 0.00 0.00 0.00 0.00 85.92
828 32.42 0.00 0.00 0.61 0.00 0.00 0.00 0.00 0.00 66.97
829 19.94 0.00 0.29 0.88 0.00 0.00 0.00 0.00 0.00 78.89
830 16.71 0.00 0.00 0.84 0.00 0.00 0.56 0.00 0.00 81.89
831 45.58 0.00 2.21 1.93 0.00 0.28 0.00 0.00 0.00 50.00
832 15.34 0.00 0.57 5.97 0.00 0.00 0.28 0.00 0.00 77.84
833 11.87 0.00 0.00 2.37 0.00 0.00 0.00 0.00 0.00 85.76
834 32.93 0.00 1.50 0.90 0.00 0.00 0.00 0.00 0.00 64.67
835 20.51 0.00 2.25 14.04 0.00 0.00 0.28 0.00 0.00 62.92
836 8.41 0.00 0.65 0.97 0.00 0.00 0.00 0.00 0.00 89.97
837 41.47 0.00 1.47 7.06 0.00 0.00 0.00 0.00 0.00 50.00
838 17.13 0.00 0.28 2.49 0.00 0.00 0.00 0.00 0.00 80.11
839 15.30 0.00 0.28 3.97 0.00 0.00 0.00 0.00 0.00 80.45
840 49.57 0.00 1.15 14.61 0.00 0.00 0.29 0.00 0.00 34.38
841 39.57 0.00 0.61 7.67 0.00 0.00 0.31 0.00 0.00 51.84
842 9.39 0.00 0.00 0.30 0.00 0.00 0.00 0.00 0.00 90.30
843 11.54 0.00 0.00 0.59 0.00 0.00 0.30 0.00 0.00 87.57
844 19.69 0.00 0.94 3.75 0.00 0.00 0.00 0.00 0.00 75.62
845 3.88 0.00 0.52 1.03 0.00 0.26 0.00 0.00 0.00 94.32
846 0.25 0.00 0.25 0.25 0.00 0.00 0.00 0.00 0.00 99.25
847 0.25 0.00 0.25 2.53 0.00 0.00 0.00 0.00 0.00 96.97
848 0.51 0.00 1.02 35.29 0.00 0.00 0.26 0.00 0.00 62.92
849 0.00 0.00 0.25 1.27 0.00 0.00 0.00 0.00 0.00 98.48
850 0.25 0.00 0.25 8.54 0.00 0.00 0.00 0.00 0.00 90.95
851 0.51 0.00 1.27 19.80 0.00 0.00 0.00 0.00 0.00 78.43
852 0.25 0.00 0.00 1.50 0.00 0.00 0.25 0.00 0.00 97.99
853 0.25 0.00 0.25 5.01 0.00 0.00 0.00 0.00 0.00 94.49
854 0.00 0.00 0.25 6.31 0.00 0.00 0.00 0.00 0.00 93.43
855 0.51 0.00 1.27 6.58 0.00 0.25 0.00 0.00 0.00 91.39
856 0.50 0.00 0.25 0.75 0.00 0.00 0.00 0.00 0.00 98.50
857 0.00 0.00 0.00 1.76 0.00 0.00 0.00 0.00 0.00 98.24
858 0.76 0.00 0.25 16.12 0.00 0.25 0.00 0.00 0.00 82.62
859 0.50 0.00 0.76 21.66 0.00 0.00 0.00 0.00 0.00 77.08
860 0.25 0.00 0.25 1.25 0.00 0.00 0.00 0.00 0.00 98.25
861 0.00 0.00 0.25 7.63 0.00 0.00 0.00 0.00 0.00 92.11
862 0.50 0.00 0.50 3.76 0.00 0.00 0.00 0.00 0.00 95.24
863 0.25 0.00 0.00 1.76 0.00 0.00 0.00 0.00 0.00 97.99
864 0.00 0.00 0.25 1.00 0.00 0.00 0.00 0.00 0.00 98.75
865 0.25 0.00 0.25 0.75 0.00 0.00 0.00 0.00 0.00 98.75
866 0.00 0.00 0.00 0.25 0.00 0.00 0.00 0.00 0.00 99.75
867 0.25 0.00 0.25 0.75 0.00 0.00 0.00 0.00 0.00 98.75
868 0.25 0.00 0.25 0.25 0.00 0.00 0.00 0.00 0.00 99.25
869 0.00 0.00 0.25 6.77 0.00 0.00 0.00 0.00 0.00 92.98
870 0.25 0.00 0.25 5.75 0.00 0.00 0.00 0.00 0.00 93.75
871 0.25 0.00 0.00 6.27 0.00 0.00 0.00 0.00 0.00 93.48
872 0.00 0.00 0.50 1.75 0.00 0.00 0.00 0.00 0.00 97.75
873 0.50 0.00 0.00 3.75 0.00 0.00 0.00 0.00 0.00 95.75
874 0.00 0.00 0.00 11.06 0.00 0.00 0.00 0.00 0.00 88.94
875 0.25 0.00 0.25 1.50 0.00 0.00 0.00 0.00 0.00 97.99
876 0.00 0.00 0.25 0.25 0.00 0.00 0.00 0.00 0.00 99.50
877 0.00 0.00 0.50 2.76 0.00 0.00 0.00 0.00 0.00 96.74
878 0.00 0.00 0.25 0.50 0.00 0.00 0.00 0.00 0.00 99.25
879 0.25 0.00 0.25 0.75 0.00 0.00 0.00 0.00 0.00 98.75
880 0.00 0.00 0.25 0.50 0.00 0.00 0.00 0.00 0.00 99.25
881 0.00 0.00 0.00 0.50 0.00 0.00 0.00 0.00 0.00 99.50
882 0.50 0.00 0.00 0.75 0.00 0.00 0.00 0.00 0.00 98.75
883 0.00 0.00 0.25 2.51 0.00 0.00 0.00 0.00 0.00 97.24
884 0.25 0.00 0.00 9.80 0.00 0.00 0.00 0.00 0.00 89.95
885 0.25 0.00 0.25 1.75 0.00 0.00 0.00 0.00 0.00 97.75
886 0.25 0.00 0.25 4.75 0.00 0.00 0.00 0.00 0.00 94.75
887 0.25 0.00 0.00 0.50 0.00 0.00 0.00 0.00 0.00 99.25
888 0.00 0.00 0.25 1.00 0.00 0.00 0.25 0.00 0.00 98.50
889 0.25 0.00 0.00 0.75 0.00 0.00 0.00 0.00 0.00 98.99
890 0.25 0.00 0.25 2.49 0.00 0.00 0.00 0.00 0.00 97.01
891 0.00 0.00 0.50 5.26 0.00 0.00 0.00 0.00 0.00 94.24
892 0.00 0.00 0.00 0.25 0.00 0.00 0.00 0.00 0.00 99.75
893 0.25 0.00 0.25 1.50 0.00 0.00 0.00 0.00 0.00 98.00
894 0.25 0.00 0.00 0.75 0.00 0.00 0.00 0.00 0.00 99.00
895 0.00 0.00 0.25 1.01 0.00 0.00 0.00 0.00 0.00 98.74
896 0.00 0.00 0.25 0.75 0.00 0.00 0.00 0.00 0.00 99.00
897 0.25 0.00 0.25 0.25 0.00 0.00 0.00 0.00 0.00 99.25
898 0.25 0.00 0.00 0.50 0.00 0.00 0.00 0.00 0.00 99.25
899 0.00 0.00 0.00 0.25 0.00 0.00 0.00 0.00 0.00 99.75
900 0.00 0.00 0.00 1.01 0.00 0.00 0.00 0.00 0.00 98.99
901 0.25 0.00 0.25 0.75 0.00 0.00 0.00 0.00 0.00 98.75
902 0.25 0.00 0.00 0.75 0.00 0.00 0.00 0.00 0.00 98.99
903 0.00 0.00 0.00 0.00 0.00 0.00 0.00 0.00 0.00 100.00
904 0.25 0.00 0.00 0.75 0.00 0.00 0.00 0.00 0.00 99.00
905 0.25 0.00 0.00 1.25 0.00 0.00 0.00 0.00 0.00 98.50
906 0.00 0.00 0.00 0.50 0.00 0.00 0.00 0.00 0.00 99.50
907 0.00 0.00 0.00 0.75 0.00 0.00 0.00 0.00 0.00 99.25
908 0.00 0.00 0.00 1.01 0.00 0.00 0.00 0.00 0.00 98.99
909 0.00 0.00 0.25 0.50 0.00 0.00 0.00 0.00 0.00 99.25
910 0.25 0.00 0.00 1.01 0.00 0.00 0.00 0.00 0.00 98.74
911 0.25 0.00 0.25 0.75 0.00 0.00 0.00 0.00 0.00 98.75
912 0.00 0.00 0.00 1.26 0.00 0.00 0.00 0.00 0.00 98.74
913 0.25 0.00 0.25 0.25 0.00 0.00 0.00 0.00 0.00 99.25
914 0.00 0.00 0.00 2.77 0.00 0.00 0.00 0.00 0.00 97.23
915 0.00 0.00 0.00 0.50 0.00 0.00 0.00 0.00 0.00 99.50
916 0.00 0.00 0.00 1.51 0.00 0.00 0.00 0.00 0.00 98.49
917 0.25 0.00 0.00 0.25 0.00 0.00 0.00 0.00 0.00 99.50
918 0.25 0.00 0.25 7.02 0.00 0.00 0.25 0.00 0.00 92.23
919 0.50 0.00 0.50 3.00 0.00 0.00 0.00 0.00 0.00 96.00
920 0.25 0.00 0.00 1.26 0.00 0.00 0.00 0.00 0.00 98.49
921 0.50 0.00 0.00 0.25 0.00 0.00 0.00 0.00 0.00 99.25
922 0.00 0.00 0.25 1.76 0.00 0.00 0.00 0.00 0.00 97.99
923 0.00 0.00 0.00 0.25 0.00 0.00 0.00 0.00 0.00 99.75
924 0.00 0.00 0.25 1.25 0.00 0.00 0.00 0.00 0.00 98.50
925 0.50 0.00 0.25 0.50 0.00 0.00 0.00 0.00 0.00 98.75
926 0.00 0.00 0.00 0.75 0.00 0.00 0.00 0.00 0.00 99.25
927 0.00 0.00 0.00 0.50 0.00 0.00 0.00 0.00 0.00 99.50
928 0.25 0.00 0.00 1.25 0.00 0.00 0.00 0.00 0.00 98.50
929 0.25 0.00 0.50 0.25 0.00 0.00 0.00 0.00 0.00 99.00
930 0.25 0.00 0.25 1.25 0.00 0.00 0.00 0.00 0.00 98.25
931 0.25 0.00 0.25 0.00 0.00 0.00 0.00 0.00 0.00 99.50
932 0.00 0.00 0.25 1.00 0.00 0.00 0.25 0.00 0.00 98.50
933 0.00 0.00 0.00 0.00 0.00 0.00 0.00 0.00 0.00 100.00
934 0.00 0.00 0.25 2.26 0.00 0.00 0.00 0.00 0.00 97.49
935 0.25 0.00 0.00 2.25 0.00 0.00 0.00 0.00 0.00 97.50
936 0.25 0.00 0.00 8.04 0.00 0.00 0.00 0.00 0.00 91.71
937 0.00 0.00 0.00 2.76 0.00 0.00 0.00 0.00 0.00 97.24
938 0.25 0.00 0.25 8.27 0.00 0.00 0.00 0.00 0.00 91.23
939 0.25 0.00 0.00 1.25 0.00 0.00 0.00 0.00 0.00 98.50
940 0.25 0.00 0.25 0.75 0.00 0.00 0.00 0.00 0.00 98.75
941 0.00 0.00 0.25 0.25 0.00 0.00 0.00 0.00 0.00 99.50
942 0.00 0.00 0.25 1.50 0.00 0.00 0.00 0.00 0.00 98.25
943 0.25 0.00 0.00 0.50 0.00 0.00 0.00 0.00 0.00 99.25
944 0.00 0.00 0.25 1.26 0.00 0.00 0.00 0.00 0.00 98.49
945 0.25 0.00 0.00 0.25 0.00 0.00 0.00 0.00 0.00 99.50
946 0.00 0.00 0.00 0.75 0.00 0.00 0.00 0.00 0.00 99.25
947 0.25 0.00 0.25 0.75 0.00 0.00 0.00 0.00 0.00 98.75
948 0.00 0.00 0.00 0.75 0.00 0.00 0.00 0.00 0.00 99.25
949 0.50 0.00 0.00 0.50 0.00 0.00 0.00 0.00 0.00 99.00
950 0.00 0.00 0.25 1.01 0.00 0.00 0.00 0.00 0.00 98.74
951 0.50 0.00 0.25 0.75 0.00 0.00 0.00 0.00 0.00 98.50
952 0.00 0.00 0.25 1.50 0.00 0.00 0.00 0.00 0.00 98.25
953 0.00 0.00 0.25 0.50 0.00 0.00 0.00 0.00 0.00 99.25
954 0.25 0.00 0.25 0.75 0.00 0.00 0.00 0.00 0.00 98.75
955 0.00 0.00 0.00 1.26 0.00 0.00 0.00 0.00 0.00 98.74
956 0.25 0.00 0.00 1.00 0.00 0.00 0.00 0.00 0.00 98.75
957 0.00 0.00 0.25 0.50 0.00 0.00 0.00 0.00 0.00 99.25
958 0.00 0.00 0.00 1.26 0.00 0.00 0.00 0.00 0.00 98.74
959 0.00 0.00 0.00 0.50 0.00 0.00 0.00 0.00 0.00 99.50
960 0.00 0.00 0.00 0.75 0.00 0.00 0.00 0.00 0.00 99.25
961 0.25 0.00 0.00 0.25 0.00 0.00 0.00 0.00 0.00 99.50
962 0.00 0.00 0.00 0.50 0.00 0.00 0.00 0.00 0.00 99.50
963 0.25 0.00 0.00 0.50 0.00 0.00 0.00 0.00 0.00 99.25
964 0.25 0.00 0.00 1.25 0.00 0.00 0.00 0.00 0.00 98.50
965 0.00 0.00 0.00 0.00 0.00 0.00 0.00 0.00 0.00 100.00
966 0.25 0.00 0.25 1.25 0.00 0.00 0.00 0.00 0.00 98.25
967 0.00 0.00 0.00 0.50 0.00 0.00 0.00 0.00 0.00 99.50
968 0.00 0.00 0.25 1.25 0.00 0.00 0.00 0.00 0.00 98.50
969 0.75 0.00 0.00 2.76 0.00 0.00 0.00 0.00 0.00 96.48
970 0.25 0.00 0.25 0.50 0.00 0.00 0.00 0.00 0.00 99.00
971 0.00 0.00 0.00 0.75 0.00 0.00 0.00 0.00 0.00 99.25
972 0.00 0.00 0.25 1.25 0.00 0.00 0.00 0.00 0.00 98.50
973 0.25 0.00 0.25 0.50 0.00 0.00 0.00 0.00 0.00 98.99
974 0.00 0.00 0.25 1.26 0.00 0.00 0.00 0.00 0.00 98.49
975 0.25 0.00 0.00 0.75 0.00 0.00 0.00 0.00 0.00 99.00
976 0.00 0.00 0.50 0.75 0.00 0.00 0.00 0.00 0.00 98.74
977 0.25 0.00 0.25 0.50 0.00 0.00 0.00 0.00 0.00 99.00
978 0.75 0.00 0.25 1.01 0.00 0.00 0.00 0.00 0.00 97.99
979 0.25 0.00 0.25 0.75 0.00 0.00 0.00 0.00 0.00 98.75
980 0.00 0.00 0.25 1.00 0.00 0.00 0.00 0.00 0.00 98.75
981 0.00 0.00 0.00 0.25 0.00 0.00 0.00 0.00 0.00 99.75
982 0.25 0.00 0.25 1.50 0.00 0.00 0.00 0.00 0.00 98.00
983 0.00 0.00 0.25 1.25 0.00 0.00 0.00 0.00 0.00 98.50
984 0.00 0.00 0.00 0.75 0.00 0.00 0.00 0.00 0.00 99.25
985 0.25 0.00 0.00 0.25 0.00 0.00 0.00 0.00 0.00 99.50
986 0.25 0.00 0.00 2.76 0.00 0.00 0.00 0.00 0.00 96.99
987 0.00 0.00 0.25 3.01 0.00 0.00 0.00 0.00 0.00 96.74
988 0.25 0.00 0.25 1.25 0.00 0.00 0.00 0.00 0.00 98.25
989 0.00 0.00 0.00 2.77 0.00 0.00 0.00 0.00 0.00 97.23
990 0.25 0.00 0.00 5.75 0.00 0.00 0.00 0.00 0.00 94.00
991 0.00 0.00 0.25 2.01 0.00 0.00 0.00 0.00 0.00 97.74
992 0.25 0.00 0.00 22.06 0.00 0.00 0.00 0.00 0.00 77.69
993 0.00 0.00 0.25 1.50 0.00 0.00 0.00 0.00 0.00 98.25
994 0.25 0.00 0.00 1.50 0.00 0.00 0.00 0.00 0.00 98.25
995 0.00 0.00 0.25 0.75 0.00 0.00 0.00 0.00 0.00 98.99
996 0.00 0.00 0.00 0.50 0.00 0.00 0.00 0.00 0.00 99.50
997 0.00 0.00 0.00 1.01 0.00 0.00 0.00 0.00 0.00 98.99
998 0.00 0.00 0.25 0.50 0.00 0.00 0.25 0.00 0.00 99.00
999 0.00 0.00 0.00 1.00 0.00 0.00 0.00 0.00 0.00 99.00
1000 0.00 0.00 0.00 0.76 0.00 0.00 0.00 0.00 0.00 99.24
1001 0.00 0.00 0.00 1.26 0.00 0.00 0.00 0.00 0.00 98.74
1002 0.00 0.00 0.00 2.02 0.00 0.00 0.00 0.00 0.00 97.98
1003 0.00 0.00 0.00 1.01 0.00 0.00 0.00 0.00 0.00 98.99
1004 0.25 0.00 0.25 1.00 0.00 0.00 0.00 0.00 0.00 98.50
1005 0.25 0.00 0.00 0.75 0.00 0.00 0.00 0.00 0.00 99.00
1006 0.50 0.00 0.25 0.25 0.00 0.00 0.00 0.00 0.00 99.00
1007 0.00 0.00 0.00 0.25 0.00 0.00 0.00 0.00 0.00 99.75
1008 0.00 0.00 0.50 0.00 0.00 0.00 0.00 0.00 0.00 99.50
1009 0.00 0.00 0.00 0.75 0.00 0.00 0.00 0.00 0.00 99.25
1010 0.00 0.00 0.25 1.26 0.00 0.00 0.00 0.00 0.00 98.49
1011 0.00 0.00 0.25 1.25 0.00 0.00 0.00 0.00 0.00 98.50
1012 0.00 0.00 0.00 0.25 0.00 0.00 0.00 0.00 0.00 99.75
1013 0.00 0.00 0.25 0.50 0.00 0.00 0.00 0.00 0.00 99.25
1014 0.25 0.00 0.00 0.25 0.00 0.00 0.00 0.00 0.00 99.50
1015 0.25 0.00 0.25 1.00 0.00 0.00 0.00 0.00 0.00 98.50
1016 0.00 0.00 0.00 0.50 0.00 0.00 0.00 0.00 0.00 99.50
1017 0.00 0.00 0.00 0.50 0.00 0.00 0.00 0.00 0.00 99.50
1018 0.00 0.00 0.00 0.25 0.00 0.00 0.00 0.00 0.00 99.75
1019 0.25 0.00 0.00 0.50 0.00 0.00 0.00 0.00 0.00 99.25
1020 0.25 0.00 0.25 0.50 0.00 0.00 0.00 0.00 0.00 99.00
1021 0.00 0.00 0.00 3.02 0.00 0.00 0.00 0.00 0.00 96.98
1022 0.00 0.00 0.25 0.50 0.00 0.00 0.00 0.00 0.00 99.25
1023 0.00 0.00 0.00 4.03 0.00 0.00 0.00 0.00 0.00 95.97
1024 0.25 0.00 0.00 0.25 0.00 0.00 0.00 0.00 0.00 99.50
1025 0.00 0.00 0.00 1.01 0.00 0.00 0.00 0.00 0.00 98.99
1026 0.25 0.00 0.00 0.50 0.00 0.00 0.00 0.00 0.00 99.25
1027 0.00 0.00 0.00 0.75 0.00 0.00 0.00 0.00 0.00 99.25
1028 0.25 0.00 0.25 0.50 0.00 0.00 0.00 0.00 0.00 99.00
1029 0.00 0.00 0.00 1.51 0.00 0.00 0.00 0.00 0.00 98.49
1030 0.00 0.00 0.00 0.75 0.00 0.00 0.00 0.00 0.00 99.25
1031 0.25 0.00 0.25 0.50 0.00 0.00 0.00 0.00 0.00 98.99
1032 0.00 0.00 0.00 0.50 0.00 0.00 0.25 0.00 0.00 99.25
1033 0.25 0.00 0.00 0.76 0.00 0.00 0.00 0.00 0.00 98.99
1034 0.00 0.00 0.50 1.25 0.00 0.00 0.00 0.00 0.00 98.25
1035 0.00 0.00 0.00 0.75 0.00 0.00 0.00 0.00 0.00 99.25
1036 0.25 0.00 0.50 0.00 0.00 0.00 0.00 0.00 0.00 99.25
1037 0.00 0.00 0.00 1.26 0.00 0.00 0.00 0.00 0.00 98.74
1038 0.25 0.00 1.01 1.01 0.00 0.00 0.00 0.00 0.00 97.74
1039 0.00 0.00 0.25 1.00 0.00 0.00 0.00 0.00 0.00 98.75
1040 0.25 0.00 0.25 0.50 0.00 0.00 0.00 0.00 0.00 99.00
1041 0.00 0.00 0.25 1.26 0.00 0.00 0.00 0.00 0.00 98.49
1042 1.00 0.00 0.00 1.75 0.00 0.00 0.00 0.00 0.00 97.24
1043 0.25 0.00 0.25 0.50 0.00 0.00 0.00 0.00 0.00 99.00
1044 0.00 0.00 0.25 0.25 0.00 0.00 0.00 0.00 0.00 99.50
1045 0.25 0.00 0.25 10.50 0.00 0.00 0.00 0.00 0.00 89.00
1046 0.25 0.00 0.25 15.08 0.00 0.00 0.00 0.00 0.00 84.42
1047 0.25 0.00 0.25 1.25 0.00 0.00 0.00 0.00 0.00 98.25
1048 0.00 0.00 0.00 0.25 0.00 0.00 0.00 0.00 0.00 99.75
1049 0.25 0.00 0.25 4.26 0.00 0.00 0.00 0.00 0.00 95.24
1050 0.00 0.00 0.00 1.26 0.00 0.00 0.00 0.00 0.00 98.74
1051 0.00 0.00 0.00 4.77 0.00 0.00 0.00 0.00 0.00 95.23
1052 0.00 0.00 0.00 2.76 0.00 0.00 0.00 0.00 0.00 97.24
1053 0.25 0.00 0.25 7.25 0.00 0.00 0.00 0.00 0.00 92.25
1054 0.00 0.00 0.00 3.76 0.00 0.00 0.00 0.00 0.00 96.24
1055 0.00 0.00 0.00 3.78 0.00 0.00 0.00 0.00 0.00 96.22
1056 0.50 0.00 0.00 2.00 0.00 0.00 0.00 0.00 0.00 97.50
1057 0.00 0.00 0.00 4.02 0.00 0.00 0.00 0.00 0.00 95.98
1058 0.25 0.00 0.50 1.75 0.00 0.00 0.00 0.00 0.00 97.50
1059 0.00 0.00 0.00 0.75 0.00 0.00 0.00 0.00 0.00 99.25
1060 0.00 0.00 0.00 0.75 0.00 0.00 0.00 0.00 0.00 99.25
1061 0.25 0.00 0.25 1.25 0.00 0.00 0.00 0.00 0.00 98.25
1062 0.00 0.00 0.25 0.75 0.00 0.00 0.00 0.00 0.00 99.00
1063 0.25 0.00 0.00 0.75 0.00 0.00 0.00 0.00 0.00 98.99
1064 0.50 0.00 0.00 3.02 0.00 0.00 0.25 0.00 0.00 96.23
1065 0.00 0.00 0.25 1.50 0.00 0.00 0.00 0.00 0.00 98.25
1066 0.25 0.00 0.25 0.75 0.00 0.00 0.00 0.00 0.00 98.75
1067 0.25 0.00 0.25 1.00 0.00 0.00 0.00 0.00 0.00 98.50
1068 0.00 0.00 0.25 0.75 0.00 0.00 0.00 0.00 0.00 99.00
1069 0.00 0.00 0.00 0.00 0.00 0.00 0.00 0.00 0.00 100.00
1070 0.25 0.00 0.25 0.50 0.00 0.00 0.00 0.00 0.00 99.00
1071 0.00 0.00 0.25 0.50 0.00 0.00 0.00 0.00 0.00 99.25
1072 0.00 0.00 0.00 0.25 0.00 0.00 0.00 0.00 0.00 99.75
1073 0.25 0.00 0.00 1.51 0.00 0.00 0.00 0.00 0.00 98.24
1074 0.25 0.00 0.25 0.25 0.00 0.00 0.00 0.00 0.00 99.25
1075 0.00 0.00 0.00 0.76 0.00 0.00 0.00 0.00 0.00 99.24
1076 0.25 0.00 0.25 0.25 0.00 0.00 0.00 0.00 0.00 99.25
1077 0.25 0.00 0.00 1.00 0.00 0.00 0.25 0.00 0.00 98.50
1078 0.00 0.00 0.00 0.25 0.00 0.00 0.00 0.00 0.00 99.75
1079 0.00 0.00 0.25 0.75 0.00 0.00 0.00 0.00 0.00 99.00
1080 0.00 0.00 0.00 0.25 0.00 0.00 0.00 0.00 0.00 99.75
1081 0.25 0.00 0.25 1.50 0.00 0.00 0.00 0.00 0.00 97.99
1082 0.25 0.00 0.00 0.50 0.00 0.00 0.00 0.00 0.00 99.25
1083 0.00 0.00 0.25 0.50 0.00 0.00 0.00 0.00 0.00 99.25
1084 0.00 0.00 0.25 0.00 0.00 0.00 0.00 0.00 0.00 99.75
1085 0.25 0.00 0.00 1.25 0.00 0.00 0.00 0.00 0.00 98.50
1086 0.00 0.00 0.50 0.25 0.00 0.00 0.00 0.00 0.00 99.25
1087 0.00 0.00 0.00 0.75 0.00 0.00 0.00 0.00 0.00 99.25
1088 0.25 0.00 0.00 1.01 0.00 0.00 0.00 0.00 0.00 98.74
1089 0.25 0.00 0.00 1.25 0.00 0.00 0.00 0.00 0.00 98.50
1090 0.50 0.00 0.25 0.25 0.00 0.00 0.00 0.00 0.00 99.00
1091 0.00 0.00 0.00 1.01 0.00 0.00 0.00 0.00 0.00 98.99
1092 0.25 0.00 0.00 0.25 0.00 0.00 0.00 0.00 0.00 99.50
1093 0.00 0.00 0.25 0.50 0.00 0.00 0.00 0.00 0.00 99.25
1094 0.00 0.00 0.50 0.75 0.00 0.00 0.00 0.00 0.00 98.75
1095 0.00 0.00 0.00 1.00 0.00 0.00 0.25 0.00 0.00 98.75
1096 0.00 0.00 0.00 0.25 0.00 0.00 0.00 0.00 0.00 99.75
1097 0.25 0.00 0.00 0.75 0.00 0.00 0.00 0.00 0.00 98.99
1098 0.25 0.00 1.00 1.00 0.00 0.00 0.00 0.00 0.00 97.75
1099 0.00 0.00 0.00 0.76 0.00 0.00 0.00 0.00 0.00 99.24
1100 0.50 0.00 0.00 0.25 0.00 0.00 0.00 0.00 0.00 99.25
1101 0.25 0.00 0.00 1.25 0.00 0.00 0.00 0.00 0.00 98.50
1102 0.25 0.00 0.25 1.50 0.00 0.00 0.00 0.00 0.00 98.00
1103 0.00 0.00 0.25 2.27 0.00 0.00 0.00 0.00 0.00 97.48
1104 0.25 0.00 0.00 2.26 0.00 0.00 0.00 0.00 0.00 97.49
1105 0.25 0.00 0.00 2.51 0.00 0.00 0.00 0.00 0.00 97.24
1106 0.25 0.00 0.50 2.75 0.00 0.00 0.00 0.00 0.00 96.50
1107 0.00 0.00 0.00 1.76 0.00 0.00 0.00 0.00 0.00 98.24
1108 0.00 0.00 0.00 1.26 0.00 0.00 0.00 0.00 0.00 98.74
1109 0.25 0.00 0.25 2.00 0.00 0.00 0.00 0.00 0.00 97.50
1110 0.00 0.00 0.00 2.76 0.00 0.00 0.00 0.00 0.00 97.24
1111 0.00 0.00 0.00 1.76 0.00 0.00 0.00 0.00 0.00 98.24
1112 0.00 0.00 0.00 1.00 0.00 0.00 0.00 0.00 0.00 99.00
1113 0.25 0.00 0.25 1.01 0.00 0.00 0.00 0.00 0.00 98.49
1114 0.25 0.00 0.00 6.52 0.00 0.00 0.00 0.00 0.00 93.23
1115 0.00 0.00 0.25 6.52 0.00 0.00 0.00 0.00 0.00 93.23
1116 0.00 0.00 0.00 7.05 0.00 0.00 0.00 0.00 0.00 92.95
1117 0.00 0.00 0.25 9.77 0.00 0.00 0.00 0.00 0.00 89.97
1118 0.50 0.00 0.00 9.55 0.00 0.00 0.00 0.00 0.00 89.95
1119 0.00 0.00 0.25 6.00 0.00 0.00 0.25 0.00 0.00 93.50
1120 0.00 0.00 0.25 11.53 0.00 0.00 0.00 0.00 0.00 88.22
1121 0.00 0.00 0.00 15.11 0.00 0.00 0.00 0.00 0.00 84.89
1122 0.50 0.00 0.00 5.50 0.00 0.00 0.00 0.00 0.00 94.00
1123 0.25 0.00 0.25 1.00 0.00 0.00 0.00 0.00 0.00 98.50
1124 0.00 0.00 0.25 1.77 0.00 0.00 0.00 0.00 0.00 97.98
1125 0.00 0.00 0.00 1.76 0.00 0.00 0.00 0.00 0.00 98.24
1126 0.25 0.00 0.25 1.75 0.00 0.00 0.00 0.00 0.00 97.74
1127 0.50 0.00 0.00 2.25 0.00 0.00 0.00 0.00 0.00 97.25
1128 0.00 0.00 0.00 3.27 0.00 0.00 0.00 0.00 0.00 96.73
1129 0.25 0.00 0.25 1.75 0.00 0.00 0.00 0.00 0.00 97.75
1130 0.25 0.00 0.00 3.26 0.00 0.00 0.00 0.00 0.00 96.49
1131 0.00 0.00 0.00 2.02 0.00 0.00 0.00 0.00 0.00 97.98
1132 0.00 0.00 0.00 3.03 0.00 0.00 0.00 0.00 0.00 96.97
1133 0.51 0.00 1.52 1.26 0.00 0.00 0.00 0.00 0.00 96.72
1134 0.00 0.00 0.00 1.76 0.00 0.25 0.00 0.00 0.00 97.99
1135 0.00 0.00 0.25 2.24 0.00 0.00 0.25 0.00 0.00 97.26
1136 0.25 0.00 0.25 2.00 0.00 0.00 0.00 0.00 0.00 97.50
1137 0.00 0.00 0.25 1.50 0.00 0.00 0.00 0.00 0.00 98.25
1138 0.25 0.00 0.25 1.75 0.00 0.00 0.00 0.00 0.00 97.74
1139 0.00 0.00 0.25 3.01 0.00 0.00 0.00 0.00 0.00 96.74
1140 0.25 0.00 0.00 2.76 0.00 0.00 0.00 0.00 0.00 96.98
1141 0.00 0.00 0.00 1.51 0.00 0.00 0.00 0.00 0.00 98.49
1142 0.00 0.00 0.25 2.76 0.00 0.00 0.00 0.00 0.00 96.99
1143 0.25 0.00 0.00 1.00 0.00 0.00 0.00 0.00 0.00 98.75
1144 0.00 0.00 0.00 2.26 0.00 0.00 0.00 0.00 0.00 97.74
1145 0.25 0.00 0.00 5.26 0.00 0.00 0.00 0.00 0.00 94.49
1146 0.75 0.00 0.25 5.49 0.00 0.00 0.00 0.00 0.00 93.52
1147 0.00 0.00 0.25 1.25 0.00 0.00 0.00 0.00 0.00 98.50
1148 0.25 0.00 0.00 2.02 0.00 0.00 0.00 0.00 0.00 97.73
1149 0.25 0.00 0.00 1.50 0.00 0.00 0.00 0.00 0.00 98.25
1150 0.50 0.00 0.00 2.01 0.00 0.00 0.00 0.00 0.00 97.49
1151 0.00 0.00 0.25 2.75 0.00 0.00 0.00 0.00 0.00 97.00
1152 0.25 0.00 0.25 1.01 0.00 0.00 0.00 0.00 0.00 98.49
1153 0.25 0.00 0.00 1.00 0.00 0.00 0.00 0.00 0.00 98.75
1154 0.75 0.00 0.25 3.49 0.00 0.00 0.00 0.00 0.00 95.51
1155 0.00 0.00 0.00 2.01 0.00 0.00 0.00 0.00 0.00 97.99
1156 0.00 0.00 0.00 2.26 0.00 0.00 0.00 0.00 0.00 97.74
1157 0.00 0.00 0.25 2.26 0.00 0.00 0.00 0.00 0.00 97.49
1158 0.25 0.00 0.50 2.52 0.00 0.00 0.00 0.00 0.00 96.73
1159 0.00 0.00 0.25 7.77 0.00 0.00 0.00 0.00 0.00 91.98
1160 0.25 0.00 0.00 14.04 0.00 0.00 0.00 0.00 0.00 85.71
1161 0.75 0.00 0.25 36.18 0.00 0.00 0.25 0.00 0.00 62.56
1162 17.46 0.00 0.26 24.34 0.00 0.00 0.00 0.00 0.00 57.94
1163 8.54 0.00 0.30 4.57 0.00 0.00 0.00 0.00 0.00 86.59
1164 16.25 0.00 0.28 8.40 0.00 0.00 0.28 0.00 0.00 74.79
1165 18.79 0.00 0.87 2.89 0.00 0.00 0.00 0.00 0.00 77.46
1166 8.28 0.00 0.31 1.23 0.00 0.00 0.00 0.00 0.00 90.18
1167 22.80 0.00 0.27 0.82 0.00 0.00 0.00 0.00 0.00 76.10
1168 7.14 0.00 0.00 8.39 0.00 0.00 0.00 0.00 0.00 84.47
1169 10.86 0.00 0.57 6.29 0.00 0.00 0.00 0.00 0.00 82.29
1170 48.75 0.00 0.28 5.54 0.00 0.00 0.28 0.00 0.00 45.15
1171 0.00 0.00 0.25 2.51 0.00 0.25 0.00 0.00 0.00 96.99
1172 0.00 0.00 0.00 2.76 0.00 0.00 0.00 0.00 0.00 97.24
1173 0.00 0.00 0.00 2.01 0.00 0.00 0.00 0.00 0.00 97.99
1174 0.25 0.00 0.00 3.02 0.00 0.00 0.00 0.00 0.00 96.73
1175 0.25 0.00 0.00 3.52 0.00 0.00 0.00 0.00 0.00 96.23
1176 0.25 0.00 0.25 2.51 0.00 0.00 0.00 0.00 0.00 96.98
1177 0.00 0.00 0.00 2.02 0.00 0.00 0.00 0.00 0.00 97.98
1178 0.25 0.00 0.25 4.01 0.00 0.00 0.25 0.00 0.00 95.24
1179 0.25 0.00 0.25 3.01 0.00 0.00 0.00 0.00 0.00 96.49
1180 0.00 0.00 0.00 4.27 0.00 0.00 0.00 0.00 0.00 95.73
1181 0.75 0.00 0.25 3.00 0.00 0.00 0.00 0.00 0.00 96.00
1182 0.25 0.00 0.75 34.84 0.00 0.00 0.00 0.00 0.00 64.16
1183 0.50 0.00 1.00 27.82 0.00 0.00 0.00 0.00 0.00 70.68
1184 0.00 0.00 0.51 40.91 0.00 0.00 0.25 0.00 0.00 58.33
1185 0.00 0.00 0.75 40.85 0.00 0.00 0.00 0.00 0.00 58.40
1186 0.25 0.00 0.75 42.04 0.00 0.25 0.00 0.00 0.00 56.72
1187 0.50 0.00 0.25 39.00 0.00 0.00 0.00 0.00 0.00 60.25
1188 0.50 0.00 0.00 40.20 0.00 0.00 0.00 0.00 0.00 59.30
1189 0.25 0.00 2.51 41.46 0.00 0.00 0.00 0.00 0.00 55.78
1190 0.25 0.00 0.50 26.25 0.00 0.00 0.25 0.00 0.00 72.75
1191 0.00 0.00 1.00 24.31 0.00 0.00 0.00 0.00 0.00 74.69
1192 0.00 0.00 0.25 29.72 0.00 0.00 0.00 0.00 0.00 70.03
1193 0.00 0.00 0.50 38.04 0.00 0.00 0.00 0.00 0.00 61.46
1194 0.25 0.00 0.50 32.33 0.00 0.00 0.00 0.00 0.00 66.92
1195 0.00 0.00 0.75 34.34 0.00 0.00 0.00 0.00 0.00 64.91
1196 0.25 0.00 1.01 30.73 0.00 0.00 0.00 0.00 0.00 68.01
1197 0.50 0.00 1.01 24.18 0.00 0.00 0.00 0.00 0.00 74.31
1198 0.25 0.00 0.50 24.12 0.00 0.00 0.00 0.00 0.00 75.13
1199 0.25 0.00 0.25 24.49 0.00 0.00 0.00 0.00 0.00 75.00
1200 0.00 0.00 0.00 18.39 0.00 0.00 0.00 0.00 0.00 81.61
1201 0.00 0.00 0.25 2.76 0.00 0.00 0.00 0.00 0.00 96.99
1202 0.25 0.00 0.25 2.51 0.00 0.00 0.00 0.00 0.00 96.99
1203 0.25 0.00 0.25 2.26 0.00 0.00 0.00 0.00 0.00 97.24
1204 0.00 0.00 0.25 2.26 0.00 0.00 0.00 0.00 0.00 97.49
1205 0.50 0.00 0.25 3.25 0.00 0.00 0.00 0.00 0.00 96.00
1206 0.00 0.00 0.00 1.25 0.00 0.00 0.00 0.00 0.00 98.75
1207 0.25 0.00 0.00 2.26 0.00 0.00 0.25 0.00 0.00 97.24
1208 0.00 0.00 0.50 2.76 0.00 0.00 0.00 0.00 0.00 96.73
1209 0.25 0.00 0.00 2.25 0.00 0.00 0.00 0.00 0.00 97.50
1210 0.00 0.00 0.25 1.51 0.00 0.00 0.00 0.00 0.00 98.24
1211 0.50 0.00 0.00 3.27 0.00 0.00 0.00 0.00 0.00 96.23
1212 0.25 0.00 0.00 1.75 0.00 0.00 0.00 0.00 0.00 97.99
1213 0.00 0.00 0.00 4.27 0.00 0.00 0.00 0.00 0.00 95.73
1214 0.25 0.00 0.50 3.02 0.00 0.00 0.00 0.00 0.00 96.23
1215 0.50 0.00 0.00 3.76 0.00 0.00 0.00 0.00 0.00 95.74
1216 0.50 0.00 0.25 2.25 0.00 0.00 0.00 0.00 0.00 97.00
1217 0.25 0.00 0.50 3.51 0.00 0.00 0.00 0.00 0.00 95.74
1218 0.25 0.00 0.51 8.33 0.00 0.00 0.00 0.00 0.00 90.91
1219 0.00 0.00 0.25 2.76 0.00 0.00 0.00 0.00 0.00 96.99
1220 0.00 0.00 0.25 0.75 0.00 0.00 0.00 0.00 0.00 99.00
1221 0.25 0.00 0.00 0.75 0.00 0.00 0.00 0.00 0.00 98.99
1222 1.52 0.00 0.51 15.15 0.00 0.00 0.00 0.00 0.00 82.83
1223 16.32 0.00 0.78 23.06 0.00 0.00 0.00 0.00 0.00 59.84
1224 99.06 0.00 0.31 0.00 0.00 0.00 0.00 0.00 0.00 0.62
1225 99.11 0.00 0.59 0.00 0.00 0.00 0.30 0.00 0.00 0.00
1226 96.85 0.00 0.00 0.00 0.00 0.00 0.00 0.00 0.00 3.15
1227 99.34 0.00 0.66 0.00 0.00 0.00 0.00 0.00 0.00 0.00
1228 97.00 0.00 0.60 0.30 0.00 0.00 0.00 0.00 0.00 2.10
1229 90.69 0.00 0.30 8.71 0.00 0.00 0.00 0.00 0.00 0.30
1230 90.12 0.00 0.31 5.86 0.00 0.00 0.31 0.00 0.00 3.40
1231 98.33 0.00 0.00 0.00 0.00 0.28 0.00 0.00 0.00 1.39
1232 98.05 0.00 0.65 0.97 0.00 0.00 0.00 0.00 0.00 0.32
1233 97.28 0.00 0.00 0.00 0.00 0.00 0.00 0.00 0.00 2.72
1234 93.67 0.00 0.63 5.38 0.00 0.00 0.00 0.00 0.00 0.32
1235 97.45 0.00 1.27 0.00 0.00 0.00 0.00 0.00 0.00 1.27
1236 97.92 0.00 0.30 0.30 0.00 0.00 0.30 0.00 0.00 1.19
1237 100.00 0.00 0.00 0.00 0.00 0.00 0.00 0.00 0.00 0.00
1238 98.79 0.00 0.30 0.00 0.00 0.00 0.00 0.00 0.00 0.91
1239 99.69 0.00 0.00 0.00 0.00 0.00 0.31 0.00 0.00 0.00
1240 78.31 0.00 0.28 0.56 0.00 0.00 0.00 0.00 0.00 20.85
1241 69.88 0.00 0.00 1.20 0.00 0.00 0.00 0.00 0.00 28.92
1242 41.38 0.00 0.31 1.25 0.00 0.00 0.00 0.00 0.00 57.05
1243 0.25 0.00 0.25 1.01 0.00 0.00 0.00 0.00 0.00 98.49
1244 0.25 0.00 0.00 1.26 0.00 0.00 0.25 0.00 0.00 98.24
1245 0.00 0.00 0.25 0.75 0.00 0.00 0.00 0.00 0.00 99.00
1246 0.25 0.00 0.00 0.00 0.00 0.00 0.00 0.00 0.00 99.75
1247 0.00 0.00 0.25 1.25 0.00 0.00 0.00 0.00 0.00 98.50
1248 0.25 0.00 0.25 0.25 0.00 0.00 0.00 0.00 0.00 99.24
1249 0.25 0.00 0.00 1.25 0.00 0.00 0.00 0.00 0.00 98.50
1250 0.50 0.00 0.25 0.75 0.00 0.00 0.00 0.00 0.00 98.50
1251 0.25 0.00 0.00 1.00 0.00 0.00 0.00 0.00 0.00 98.75
1252 0.00 0.00 0.00 2.02 0.00 0.00 0.00 0.00 0.00 97.98
1253 0.50 0.00 0.00 1.25 0.00 0.00 0.00 0.00 0.00 98.25
1254 0.00 0.00 0.25 0.75 0.00 0.00 0.00 0.00 0.00 98.99
1255 0.25 0.00 0.25 0.75 0.00 0.00 0.00 0.00 0.00 98.75
1256 0.50 0.00 0.25 0.25 0.00 0.00 0.00 0.00 0.00 99.00
1257 0.00 0.00 0.25 0.75 0.00 0.00 0.00 0.00 0.00 99.00
1258 0.00 0.00 0.25 0.25 0.00 0.00 0.00 0.00 0.00 99.50
1259 0.25 0.00 0.00 0.50 0.00 0.00 0.00 0.00 0.00 99.25
1260 0.00 0.00 0.00 8.29 0.00 0.00 0.00 0.00 0.00 91.71
1261 0.00 0.00 0.25 6.03 0.00 0.00 0.00 0.00 0.00 93.72
1262 0.50 0.00 0.00 0.50 0.00 0.00 0.25 0.00 0.00 98.75
1263 0.25 0.00 0.25 0.75 0.00 0.00 0.00 0.00 0.00 98.75
1264 0.25 0.00 0.00 0.25 0.00 0.00 0.00 0.00 0.00 99.50
1265 0.25 0.00 0.75 0.75 0.00 0.00 0.00 0.00 0.00 98.25
1266 0.00 0.00 0.00 0.50 0.00 0.00 0.00 0.00 0.00 99.50
1267 0.00 0.00 0.00 0.25 0.00 0.00 0.00 0.00 0.00 99.75
1268 0.76 0.00 0.25 5.56 0.00 0.00 0.00 0.00 0.00 93.43
1269 8.31 0.00 4.16 28.05 0.00 0.26 0.00 0.00 0.00 59.22
1270 7.65 0.00 0.51 5.87 0.00 0.00 0.00 0.00 0.00 85.97
1271 86.99 0.00 0.58 4.34 0.00 0.00 0.00 0.00 0.00 8.09
1272 91.19 0.00 0.61 5.47 0.00 0.00 0.00 0.00 0.00 2.74
1273 77.41 0.00 2.48 11.02 0.00 0.00 0.00 0.00 0.00 9.09
1274 34.30 0.00 0.26 4.49 0.00 0.00 0.26 0.00 0.00 60.69
1275 0.00 0.00 0.50 0.75 0.00 0.00 0.00 0.00 0.00 98.75
1276 0.00 0.00 0.25 0.50 0.00 0.00 0.00 0.00 0.00 99.25
1277 0.25 0.00 0.25 7.52 0.00 0.00 0.00 0.00 0.00 91.98
1278 0.00 0.00 0.00 14.61 0.00 0.00 0.00 0.00 0.00 85.39
1279 0.25 0.00 0.50 17.25 0.00 0.00 0.00 0.00 0.00 82.00
1280 0.25 0.00 0.25 2.51 0.00 0.00 0.00 0.00 0.00 96.98
1281 0.25 0.00 0.00 3.26 0.00 0.00 0.00 0.00 0.00 96.49
1282 0.00 0.00 0.25 1.00 0.00 0.00 0.00 0.00 0.00 98.75
1283 0.00 0.00 0.25 2.76 0.00 0.00 0.00 0.00 0.00 96.99
1284 0.00 0.00 0.00 0.25 0.00 0.00 0.00 0.00 0.00 99.75
1285 0.00 0.00 0.25 0.75 0.00 0.00 0.00 0.00 0.00 98.99
1286 0.25 0.00 0.50 1.00 0.00 0.00 0.00 0.00 0.00 98.25
1287 0.00 0.00 0.25 0.25 0.00 0.00 0.25 0.00 0.00 99.25
1288 28.84 0.00 0.79 2.38 0.00 0.00 0.00 0.00 0.00 67.99
1289 78.44 0.00 3.89 14.97 0.00 0.00 0.30 0.00 0.00 2.40
1290 92.58 0.00 0.00 2.37 0.00 0.00 0.00 0.00 0.00 5.04
1291 21.78 0.00 0.26 0.00 0.00 0.00 0.00 0.00 0.00 77.95
1292 0.25 0.00 0.00 1.25 0.00 0.00 0.00 0.00 0.00 98.50
1293 0.00 0.00 0.25 0.76 0.00 0.00 0.00 0.00 0.00 98.99
1294 0.50 0.00 0.25 1.00 0.00 0.00 0.00 0.00 0.00 98.25
1295 0.00 0.00 0.25 0.76 0.00 0.00 0.00 0.00 0.00 98.99
1296 0.50 0.00 0.25 0.50 0.00 0.00 0.00 0.00 0.00 98.75
1297 0.50 0.00 0.00 0.50 0.00 0.00 0.00 0.00 0.00 99.00
1298 0.00 0.00 0.00 1.01 0.00 0.00 0.00 0.00 0.00 98.99
1299 0.00 0.00 0.50 0.25 0.00 0.00 0.00 0.00 0.00 99.25
1300 0.25 0.00 0.00 0.50 0.00 0.00 0.00 0.00 0.00 99.25
1301 0.00 0.00 0.00 0.25 0.00 0.00 0.00 0.00 0.00 99.75
1302 0.00 0.00 0.25 1.01 0.00 0.00 0.00 0.00 0.00 98.74
1303 0.25 0.00 0.25 0.00 0.00 0.00 0.00 0.00 0.00 99.50
1304 0.00 0.00 0.50 2.76 0.00 0.00 0.00 0.00 0.00 96.74
1305 0.00 0.00 0.00 0.50 0.00 0.00 0.25 0.00 0.00 99.25
1306 6.84 0.00 1.52 2.03 0.00 0.00 0.00 0.00 0.00 89.62
1307 85.51 0.00 0.28 9.09 0.00 0.00 0.00 0.00 0.00 5.11
1308 96.70 0.00 0.55 1.10 0.00 0.00 0.00 0.00 0.00 1.65
1309 73.91 0.00 0.58 11.30 0.00 0.00 0.00 0.00 0.00 14.20
1310 8.67 0.00 0.51 2.30 0.00 0.26 0.26 0.00 0.00 88.01
1311 0.25 0.00 0.25 0.25 0.00 0.00 0.00 0.00 0.00 99.25
1312 0.50 0.00 0.00 0.50 0.00 0.00 0.00 0.00 0.00 99.00
1313 0.00 0.00 0.25 1.50 0.00 0.00 0.00 0.00 0.00 98.25
1314 0.25 0.00 0.25 0.76 0.00 0.00 0.00 0.00 0.00 98.74
1315 0.25 0.00 0.00 1.00 0.00 0.00 0.00 0.00 0.00 98.75
1316 0.00 0.00 0.00 1.01 0.00 0.00 0.25 0.00 0.00 98.74
1317 0.00 0.00 0.25 0.00 0.00 0.00 0.00 0.00 0.00 99.75
1318 0.25 0.00 0.25 0.75 0.00 0.00 0.00 0.00 0.00 98.75
1319 0.00 0.00 0.00 0.25 0.00 0.00 0.00 0.00 0.00 99.75
1320 0.25 0.00 0.00 0.76 0.00 0.00 0.00 0.00 0.00 98.99
1321 0.00 0.00 0.25 0.25 0.00 0.00 0.00 0.00 0.00 99.50
1322 0.25 0.00 0.00 1.51 0.00 0.00 0.00 0.00 0.00 98.24
1323 6.82 0.00 0.76 3.54 0.00 0.25 0.00 0.00 0.00 88.64
1324 0.50 0.00 0.25 1.00 0.00 0.00 0.25 0.00 0.00 97.99
1325 0.25 0.00 0.25 0.50 0.00 0.00 0.00 0.00 0.00 99.00
1326 72.40 0.00 0.59 5.04 0.00 0.00 0.00 0.00 0.00 21.96
1327 97.66 0.00 0.88 0.29 0.00 0.00 0.00 0.00 0.00 1.17
1328 55.23 0.00 0.29 6.98 0.00 0.00 0.29 0.00 0.00 37.21
1329 0.50 0.00 0.00 0.75 0.00 0.25 0.00 0.00 0.00 98.50
1330 0.00 0.00 0.25 0.50 0.00 0.00 0.00 0.00 0.00 99.25
1331 0.25 0.00 0.25 0.25 0.00 0.00 0.00 0.00 0.00 99.25
1332 0.50 0.00 0.25 1.25 0.00 0.00 0.00 0.00 0.00 97.99
1333 0.00 0.00 0.76 0.51 0.00 0.00 0.00 0.00 0.00 98.73
1334 0.00 0.00 0.25 1.25 0.00 0.00 0.25 0.00 0.00 98.25
1335 0.00 0.00 0.50 0.25 0.00 0.00 0.00 0.00 0.00 99.25
1336 0.50 0.00 0.25 0.50 0.00 0.00 0.00 0.00 0.00 98.75
1337 0.00 0.00 0.00 0.25 0.00 0.00 0.00 0.00 0.00 99.75
1338 0.25 0.00 0.25 10.10 0.00 0.00 0.00 0.00 0.00 89.39
1339 0.25 0.00 0.50 1.50 0.00 0.00 0.00 0.00 0.00 97.75
1340 0.25 0.00 0.00 0.25 0.00 0.00 0.00 0.00 0.00 99.50
1341 0.25 0.00 0.25 0.25 0.00 0.00 0.00 0.00 0.00 99.25
1342 0.00 0.00 0.25 9.82 0.00 0.00 0.00 0.00 0.00 89.92
1343 5.36 0.00 0.77 5.10 0.00 0.26 0.00 0.00 0.00 88.52
1344 85.27 0.00 0.63 3.45 0.00 0.00 0.31 0.00 0.00 10.34
1345 91.88 0.00 0.56 1.12 0.00 0.00 0.00 0.00 0.00 6.44
1346 44.84 0.00 0.29 9.44 0.00 0.00 0.29 0.00 0.00 45.13
1347 0.00 0.00 0.25 0.75 0.00 0.00 0.00 0.00 0.00 99.00
1348 0.25 0.00 0.25 5.26 0.00 0.00 0.00 0.00 0.00 94.24
1349 0.00 0.00 0.25 1.75 0.00 0.00 0.00 0.00 0.00 98.00
1350 0.00 0.00 0.00 3.52 0.00 0.00 0.25 0.00 0.00 96.23
1351 0.00 0.00 0.00 3.02 0.00 0.00 0.00 0.00 0.00 96.98
1352 0.00 0.00 0.25 1.51 0.00 0.00 0.00 0.00 0.00 98.24
1353 0.25 0.00 0.00 0.00 0.00 0.00 0.00 0.00 0.00 99.75
1354 0.25 0.00 0.25 1.00 0.00 0.00 0.00 0.00 0.00 98.50
1355 0.00 0.00 0.00 0.50 0.00 0.00 0.00 0.00 0.00 99.50
1356 0.00 0.00 0.00 1.76 0.00 0.00 0.00 0.00 0.00 98.24
1357 0.25 0.00 0.00 0.00 0.00 0.00 0.00 0.00 0.00 99.75
1358 0.25 0.00 0.25 0.75 0.00 0.00 0.25 0.00 0.00 98.49
1359 0.00 0.00 0.25 0.50 0.00 0.00 0.00 0.00 0.00 99.25
1360 68.60 0.00 0.55 5.23 0.00 0.00 0.28 0.00 0.00 25.34
1361 92.24 0.00 0.62 2.17 0.00 0.00 0.00 0.00 0.00 4.97
1362 71.70 0.00 0.00 0.00 0.00 0.31 0.31 0.00 0.00 27.67
1363 1.25 0.00 0.50 0.75 0.00 0.00 0.00 0.00 0.00 97.49
1364 0.25 0.00 0.00 1.00 0.00 0.00 0.00 0.00 0.00 98.75
1365 0.25 0.00 0.25 0.50 0.00 0.00 0.00 0.00 0.00 99.00
1366 0.00 0.00 0.00 1.01 0.00 0.00 0.00 0.00 0.00 98.99
1367 0.25 0.00 0.00 0.25 0.00 0.00 0.00 0.00 0.00 99.50
1368 0.00 0.00 0.25 0.50 0.00 0.00 0.00 0.00 0.00 99.24
1369 0.25 0.00 0.25 0.50 0.00 0.00 0.00 0.00 0.00 99.00
1370 0.00 0.00 0.25 2.01 0.00 0.00 0.00 0.00 0.00 97.74
1371 0.00 0.00 0.00 0.75 0.00 0.00 0.00 0.00 0.00 99.25
1372 0.00 0.00 0.25 0.76 0.00 0.00 0.00 0.00 0.00 98.99
1373 0.25 0.00 0.00 0.75 0.00 0.00 0.00 0.00 0.00 99.00
1374 0.00 0.00 0.25 1.00 0.00 0.00 0.00 0.00 0.00 98.75
1375 0.25 0.00 0.00 0.25 0.00 0.00 0.00 0.00 0.00 99.50
1376 5.38 0.00 0.51 1.54 0.00 0.00 0.00 0.00 0.00 92.56
1377 0.00 0.00 0.00 0.25 0.00 0.00 0.25 0.00 0.00 99.50
1378 23.62 0.00 0.26 1.05 0.00 0.00 0.00 0.00 0.00 75.07
1379 97.16 0.00 0.63 0.32 0.00 0.00 0.00 0.00 0.00 1.89
1380 90.34 0.00 0.57 0.28 0.00 0.00 0.00 0.00 0.00 8.81
1381 20.52 0.00 0.26 1.04 0.00 0.00 0.26 0.00 0.00 77.92
1382 0.00 0.00 0.50 1.01 0.00 0.00 0.00 0.00 0.00 98.49
1383 0.50 0.00 0.00 0.50 0.00 0.00 0.00 0.00 0.00 99.00
1384 0.00 0.00 0.50 0.50 0.00 0.00 0.00 0.00 0.00 98.99
1385 0.25 0.00 0.25 0.00 0.00 0.00 0.00 0.00 0.00 99.50
1386 0.25 0.00 0.75 1.00 0.00 0.00 0.00 0.00 0.00 98.01
1387 0.00 0.00 0.00 0.25 0.00 0.00 0.00 0.00 0.00 99.75
1388 0.25 0.00 0.50 0.75 0.00 0.00 0.25 0.00 0.00 98.26
1389 0.25 0.00 0.00 0.50 0.00 0.00 0.00 0.00 0.00 99.25
1390 0.50 0.00 0.50 1.24 0.00 0.00 0.00 0.00 0.00 97.77
1391 0.00 0.00 0.25 0.50 0.00 0.00 0.00 0.00 0.00 99.24
1392 0.25 0.00 0.75 1.00 0.00 0.00 0.00 0.00 0.00 98.00
1393 0.00 0.00 1.00 0.75 0.00 0.00 0.00 0.00 0.00 98.25
1394 0.25 0.00 0.00 1.01 0.00 0.00 0.00 0.00 0.00 98.74
1395 67.65 0.00 1.07 1.60 0.00 0.27 0.00 0.00 0.00 29.41
1396 95.22 0.00 0.90 0.30 0.00 0.00 0.60 0.00 0.00 2.99
1397 73.48 0.00 0.30 0.61 0.00 0.00 0.61 0.00 0.00 25.00
1398 0.51 0.00 0.51 1.80 0.00 0.00 0.00 0.00 0.00 97.17
1399 0.00 0.00 0.25 0.25 0.00 0.00 0.00 0.00 0.00 99.50
1400 0.25 0.00 0.50 0.75 0.00 0.00 0.00 0.00 0.00 98.50
1401 0.25 0.00 0.00 1.75 0.00 0.00 0.00 0.00 0.00 97.99
1402 0.00 0.00 0.25 0.75 0.00 0.00 0.00 0.00 0.00 99.00
1403 0.00 0.00 0.00 1.51 0.00 0.00 0.00 0.00 0.00 98.49
1404 0.00 0.00 0.25 0.00 0.00 0.00 0.00 0.00 0.00 99.75
1405 0.50 0.00 0.00 1.00 0.00 0.00 0.00 0.00 0.00 98.50
1406 0.25 0.00 0.25 0.75 0.00 0.00 0.00 0.00 0.00 98.75
1407 0.25 0.00 0.25 1.00 0.00 0.00 0.00 0.00 0.00 98.50
1408 0.00 0.00 0.25 0.25 0.00 0.00 0.00 0.00 0.00 99.50
1409 0.25 0.00 0.25 0.75 0.00 0.00 0.00 0.00 0.00 98.75
1410 0.00 0.00 0.50 0.25 0.00 0.00 0.00 0.00 0.00 99.25
1411 0.00 0.00 0.25 1.26 0.00 0.00 0.00 0.00 0.00 98.49
1412 5.56 0.00 1.01 0.00 0.00 0.25 0.00 0.00 0.00 93.18
1413 56.94 0.00 5.56 6.94 0.00 0.00 0.28 0.00 0.00 30.28
1414 44.00 0.00 0.53 13.87 0.00 0.00 0.00 0.00 0.00 41.60
1415 75.78 0.00 0.31 5.59 0.00 0.00 0.00 0.00 0.00 18.32
1416 20.11 0.00 0.27 4.02 0.00 0.00 0.00 0.00 0.00 75.60
1417 0.50 0.00 0.25 12.25 0.00 0.00 0.00 0.00 0.00 87.00
1418 0.25 0.00 0.25 29.47 0.00 0.00 0.00 0.00 0.00 70.03
1419 0.25 0.00 0.25 44.05 0.00 0.00 0.00 0.00 0.00 55.44
1420 0.50 0.00 0.25 30.83 0.00 0.00 0.25 0.00 0.00 68.17
1421 0.25 0.00 0.75 51.76 0.00 0.00 0.00 0.00 0.00 47.24
1422 0.75 0.00 0.25 71.11 0.00 0.00 0.00 0.00 0.00 27.89
1423 0.00 0.00 0.76 52.91 0.00 0.00 0.00 0.00 0.00 46.33
1424 0.51 0.00 0.25 65.74 0.00 0.00 0.00 0.00 0.00 33.50
1425 0.00 0.00 0.50 75.88 0.00 0.00 0.00 0.00 0.00 23.62
1426 1.78 0.00 7.89 60.56 0.00 0.00 0.00 0.00 0.00 29.77
1427 0.00 0.00 0.00 13.35 0.00 0.00 0.00 0.00 0.00 86.65
1428 0.00 0.00 0.25 0.50 0.00 0.00 0.00 0.00 0.00 99.25
1429 0.25 0.00 0.00 2.26 0.00 0.00 0.00 0.00 0.00 97.49
1430 0.25 0.00 0.00 0.50 0.00 0.00 0.25 0.00 0.00 99.00
1431 0.00 0.00 0.25 0.75 0.00 0.00 0.00 0.00 0.00 99.00
1432 0.00 0.00 0.00 0.25 0.00 0.00 0.00 0.00 0.00 99.75
1433 0.00 0.00 0.25 0.75 0.00 0.00 0.00 0.00 0.00 99.00
1434 0.25 0.00 0.00 0.25 0.00 0.00 0.00 0.00 0.00 99.50
1435 0.00 0.00 0.25 0.75 0.00 0.00 0.00 0.00 0.00 99.00
1436 0.25 0.00 0.00 0.25 0.00 0.00 0.00 0.00 0.00 99.50
1437 0.00 0.00 0.25 1.25 0.00 0.00 0.00 0.00 0.00 98.50
1438 0.25 0.00 0.00 0.50 0.00 0.00 0.00 0.00 0.00 99.25
1439 0.00 0.00 0.00 0.50 0.00 0.00 0.00 0.00 0.00 99.50
1440 0.00 0.00 0.25 0.25 0.00 0.00 0.00 0.00 0.00 99.50
1441 0.00 0.00 0.25 0.50 0.00 0.00 0.00 0.00 0.00 99.25
1442 0.25 0.00 0.00 0.75 0.00 0.00 0.00 0.00 0.00 99.00
1443 0.00 0.00 0.25 0.25 0.00 0.00 0.00 0.00 0.00 99.50
1444 0.00 0.00 0.25 0.75 0.00 0.00 0.00 0.00 0.00 99.00
1445 0.25 0.00 0.00 0.50 0.00 0.00 0.00 0.00 0.00 99.25
1446 0.00 0.00 0.00 0.50 0.00 0.00 0.00 0.00 0.00 99.50
1447 0.25 0.00 0.25 0.50 0.00 0.00 0.00 0.00 0.00 99.00
1448 0.00 0.00 0.25 0.75 0.00 0.00 0.25 0.00 0.00 98.75
1449 0.25 0.00 0.25 0.25 0.00 0.00 0.00 0.00 0.00 99.25
1450 0.00 0.00 0.25 0.25 0.00 0.00 0.00 0.00 0.00 99.50
1451 0.25 0.00 0.50 0.25 0.00 0.00 0.00 0.00 0.00 99.00
1452 0.25 0.00 0.25 0.25 0.00 0.00 0.00 0.00 0.00 99.25
1453 0.25 0.00 0.25 1.51 0.00 0.00 0.00 0.00 0.00 97.98
1454 0.50 0.00 0.00 0.25 0.00 0.00 0.00 0.00 0.00 99.25
1455 0.00 0.00 0.25 0.75 0.00 0.00 0.00 0.00 0.00 99.00
1456 0.00 0.00 0.00 0.00 0.00 0.00 0.00 0.00 0.00 100.00
1457 0.00 0.00 0.25 0.75 0.00 0.00 0.00 0.00 0.00 99.00
1458 0.25 0.00 0.25 1.26 0.00 0.00 0.00 0.00 0.00 98.24
1459 0.00 0.00 0.25 0.50 0.00 0.00 0.00 0.00 0.00 99.25
1460 0.00 0.00 0.00 0.25 0.00 0.00 0.00 0.00 0.00 99.75
1461 0.00 0.00 0.25 0.50 0.00 0.00 0.00 0.00 0.00 99.25
1462 0.00 0.00 0.00 0.25 0.00 0.00 0.00 0.00 0.00 99.75
1463 0.25 0.00 0.25 1.25 0.00 0.00 0.00 0.00 0.00 98.25
1464 0.00 0.00 0.00 0.25 0.00 0.00 0.00 0.00 0.00 99.75
1465 0.25 0.00 0.00 0.50 0.00 0.00 0.00 0.00 0.00 99.25
1466 0.00 0.00 0.00 0.25 0.00 0.00 0.00 0.00 0.00 99.75
1467 0.00 0.00 0.50 1.75 0.00 0.00 0.00 0.00 0.00 97.76
1468 0.00 0.00 0.00 0.50 0.00 0.00 0.00 0.00 0.00 99.50
1469 0.00 0.00 0.25 5.00 0.00 0.00 0.00 0.00 0.00 94.75
1470 0.00 0.00 0.00 1.50 0.00 0.00 0.00 0.00 0.00 98.50
1471 0.25 0.00 0.00 7.04 0.00 0.00 0.00 0.00 0.00 92.71
1472 0.00 0.00 0.00 0.50 0.00 0.00 0.00 0.00 0.00 99.50
1473 0.25 0.00 0.25 2.01 0.00 0.00 0.00 0.00 0.00 97.49
1474 0.00 0.00 0.00 1.50 0.00 0.00 0.00 0.00 0.00 98.50
1475 0.25 0.00 0.00 5.28 0.00 0.00 0.00 0.00 0.00 94.47
1476 0.00 0.00 0.00 3.51 0.00 0.00 0.00 0.00 0.00 96.49
1477 0.25 0.00 0.25 1.75 0.00 0.00 0.00 0.00 0.00 97.75
1478 0.00 0.00 0.00 7.54 0.00 0.00 0.00 0.00 0.00 92.46
1479 0.25 0.00 0.25 5.25 0.00 0.00 0.00 0.00 0.00 94.25
1480 0.00 0.00 0.00 0.50 0.00 0.00 0.00 0.00 0.00 99.50
1481 0.25 0.00 0.25 1.25 0.00 0.00 0.00 0.00 0.00 98.25
1482 0.25 0.00 0.25 0.25 0.00 0.00 0.25 0.00 0.00 99.00
1483 0.00 0.00 0.50 1.51 0.00 0.00 0.00 0.00 0.00 97.99
1484 0.00 0.00 0.00 0.50 0.00 0.00 0.00 0.00 0.00 99.50
1485 0.00 0.00 0.25 1.00 0.00 0.00 0.00 0.00 0.00 98.75
1486 0.00 0.00 0.25 5.78 0.00 0.00 0.00 0.00 0.00 93.97
1487 0.25 0.00 0.00 1.50 0.00 0.00 0.00 0.00 0.00 98.25
1488 0.25 0.00 0.00 0.50 0.00 0.00 0.00 0.00 0.00 99.25
1489 0.50 0.00 0.25 13.00 0.00 0.00 0.00 0.00 0.00 86.25
1490 0.25 0.00 0.25 11.08 0.00 0.00 0.00 0.00 0.00 88.41
1491 0.25 0.00 0.00 1.25 0.00 0.00 0.00 0.00 0.00 98.50
1492 0.00 0.00 0.00 0.50 0.00 0.00 0.00 0.00 0.00 99.50
1493 0.25 0.00 0.00 1.00 0.00 0.00 0.00 0.00 0.00 98.75
1494 0.00 0.00 0.25 0.50 0.00 0.00 0.00 0.00 0.00 99.25
1495 0.00 0.00 0.00 1.00 0.00 0.00 0.00 0.00 0.00 99.00
1496 0.25 0.00 0.00 0.50 0.00 0.00 0.00 0.00 0.00 99.25
1497 0.25 0.00 0.25 0.75 0.00 0.00 0.00 0.00 0.00 98.75
1498 0.00 0.00 0.00 0.50 0.00 0.00 0.00 0.00 0.00 99.50
1499 0.00 0.00 0.25 1.25 0.00 0.00 0.00 0.00 0.00 98.50
1500 0.50 0.00 0.50 16.79 0.00 0.00 0.00 0.00 0.00 82.21
1501 1.26 0.00 1.51 22.11 0.00 0.00 0.00 0.00 0.00 75.13
1502 1.79 0.00 1.54 20.77 0.00 0.00 0.00 0.00 0.00 75.90
1503 1.52 0.00 1.52 22.22 0.00 0.00 0.00 0.00 0.00 74.75
1504 0.25 0.00 0.00 3.27 0.00 0.00 0.00 0.00 0.00 96.47
1505 0.00 0.00 0.25 1.50 0.00 0.00 0.00 0.00 0.00 98.25
1506 0.25 0.00 0.00 0.75 0.00 0.00 0.00 0.00 0.00 99.00
1507 0.00 0.00 0.00 0.75 0.00 0.00 0.00 0.00 0.00 99.25
1508 0.00 0.00 0.00 1.01 0.00 0.00 0.00 0.00 0.00 98.99
1509 0.00 0.00 0.50 0.75 0.00 0.00 0.00 0.00 0.00 98.75
1510 0.00 0.00 0.00 0.75 0.00 0.00 0.00 0.00 0.00 99.25
1511 0.25 0.00 0.25 1.25 0.00 0.00 0.00 0.00 0.00 98.25
1512 0.00 0.00 0.50 0.75 0.00 0.00 0.00 0.00 0.00 98.75
1513 0.00 0.00 0.25 1.76 0.00 0.00 0.00 0.00 0.00 97.98
1514 0.25 0.00 0.00 1.00 0.00 0.00 0.00 0.00 0.00 98.75
1515 4.79 0.00 4.03 1.76 0.00 0.00 0.00 0.00 0.00 89.42
