0 0.25 0.00 0.25 1.75 0.00 0.00 0.00 0.00 0.00 97.76
1 0.25 0.00 0.00 0.50 0.00 0.00 0.00 0.00 0.00 99.25
2 0.00 0.00 0.00 0.76 0.00 0.00 0.00 0.00 0.00 99.24
3 0.00 0.00 0.25 0.25 0.00 0.00 0.00 0.00 0.00 99.50
4 0.25 0.00 0.50 0.50 0.00 0.00 0.00 0.00 0.00 98.75
5 0.25 0.00 0.25 0.25 0.00 0.00 0.00 0.00 0.00 99.25
6 5.06 0.00 2.78 1.27 0.00 0.00 0.25 0.00 0.00 90.63
7 0.25 0.00 0.00 0.75 0.00 0.00 0.00 0.00 0.00 99.00
8 0.25 0.00 0.25 0.25 0.00 0.00 0.00 0.00 0.00 99.25
9 0.00 0.00 0.25 0.25 0.00 0.00 0.00 0.00 0.00 99.50
10 0.50 0.00 0.00 22.11 0.00 0.00 0.00 0.00 0.00 77.39
11 0.50 0.00 0.50 37.25 0.00 0.00 0.25 0.00 0.00 61.50
12 0.51 0.00 0.76 55.19 0.00 0.00 0.00 0.00 0.00 43.54
13 0.76 0.00 1.27 34.52 0.00 0.00 0.00 0.00 0.00 63.45
14 1.28 0.00 0.77 23.98 0.00 0.00 0.26 0.00 0.00 73.72
15 1.51 0.00 0.75 24.12 0.00 0.00 0.00 0.00 0.00 73.62
16 2.53 0.00 0.51 22.78 0.00 0.25 0.25 0.00 0.00 73.67
17 5.04 0.00 1.26 20.65 0.00 0.00 0.00 0.00 0.00 73.05
18 2.04 0.00 0.51 22.70 0.00 0.00 0.00 0.00 0.00 74.74
19 1.51 0.00 0.50 23.43 0.00 0.00 0.00 0.00 0.00 74.56
20 2.02 0.00 1.01 24.18 0.00 0.00 0.00 0.00 0.00 72.80
21 6.31 0.00 1.01 21.46 0.00 0.00 0.00 0.00 0.00 71.21
22 9.32 0.00 1.01 18.64 0.00 0.00 0.25 0.00 0.00 70.78
23 7.42 0.00 0.51 19.69 0.00 0.00 0.00 0.00 0.00 72.38
24 7.89 0.00 0.76 21.63 0.00 0.00 0.00 0.00 0.00 69.72
25 6.17 0.00 0.51 20.82 0.00 0.00 0.00 0.00 0.00 72.49
26 9.14 0.00 1.02 19.54 0.00 0.00 0.00 0.00 0.00 70.30
27 12.50 0.00 1.79 12.24 0.00 0.00 0.00 0.00 0.00 73.47
28 12.63 0.00 3.09 13.92 0.00 0.00 0.26 0.00 0.00 70.10
29 6.67 0.00 1.28 17.69 0.00 0.00 0.51 0.00 0.00 73.85
30 2.56 0.00 0.51 45.78 0.00 0.00 0.26 0.00 0.00 50.90
31 14.58 0.00 7.67 40.41 0.00 0.00 0.00 0.00 0.00 37.34
32 2.28 0.00 8.86 43.80 0.00 0.00 0.00 0.00 0.00 45.06
33 2.02 0.00 2.02 46.60 0.00 0.00 0.00 0.00 0.00 49.37
34 9.85 0.00 0.25 39.65 0.00 0.00 0.25 0.00 0.00 50.00
35 1.51 0.00 0.76 30.73 0.00 0.00 0.25 0.00 0.00 66.75
36 1.26 0.00 0.25 26.45 0.00 0.00 0.00 0.00 0.00 72.04
37 2.01 0.00 1.26 28.39 0.00 0.00 0.00 0.00 0.00 68.34
38 4.05 0.00 1.01 24.30 0.00 0.00 0.00 0.00 0.00 70.63
39 6.82 0.00 0.25 21.21 0.00 0.00 0.00 0.00 0.00 71.72
40 6.09 0.00 3.55 23.10 0.00 0.00 0.25 0.00 0.00 67.01
41 1.78 0.00 0.25 30.96 0.00 0.00 0.25 0.00 0.00 66.75
42 10.18 0.00 1.53 15.27 0.00 0.00 0.00 0.00 0.00 73.03
43 6.74 0.00 1.30 34.97 0.00 0.00 1.04 0.00 0.00 55.96
44 42.78 0.00 3.06 33.06 0.00 0.00 0.56 0.00 0.00 20.56
45 0.50 0.00 0.25 49.25 0.00 0.00 0.50 0.00 0.00 49.50
46 1.00 0.00 0.25 49.37 0.00 0.00 0.00 0.00 0.00 49.37
47 0.25 0.00 0.25 49.37 0.00 0.00 0.25 0.00 0.00 49.87
48 54.31 0.00 0.51 10.41 0.00 0.00 0.00 0.00 0.00 34.77
49 5.26 0.00 0.25 23.31 0.00 0.00 0.00 0.00 0.00 71.18
50 0.25 0.00 0.25 27.14 0.00 0.00 0.25 0.00 0.00 72.11
51 0.25 0.00 0.25 27.57 0.00 0.00 0.00 0.00 0.00 71.93
52 19.59 0.00 20.62 33.51 0.00 0.00 0.00 0.00 0.00 26.29
53 52.69 0.00 16.37 26.34 0.00 0.26 0.00 0.00 0.00 4.35
54 38.74 0.00 7.85 49.21 0.00 0.00 0.26 0.00 0.00 3.93
55 24.16 0.00 5.97 58.44 0.00 0.00 0.00 0.00 0.00 11.43
56 51.05 0.00 6.02 21.73 0.00 0.00 0.26 0.00 0.00 20.94
57 39.33 0.00 6.43 32.90 0.00 0.26 0.51 0.00 0.00 20.57
58 18.93 0.00 0.77 53.20 0.00 0.00 0.00 0.00 0.00 27.11
59 11.86 0.00 0.77 61.60 0.00 0.00 0.26 0.00 0.00 25.52
60 18.41 0.00 3.84 48.08 0.00 0.00 0.00 0.00 0.00 29.67
61 11.42 0.00 1.02 68.27 0.00 0.00 0.00 0.00 0.00 19.29
62 28.06 0.00 5.10 51.53 0.00 0.26 0.00 0.00 0.00 15.05
63 29.08 0.00 7.91 60.20 0.00 0.00 0.26 0.00 0.00 2.55
64 14.40 0.00 1.03 63.50 0.00 0.00 0.26 0.00 0.00 20.82
65 20.66 0.00 4.08 58.93 0.00 0.00 0.26 0.00 0.00 16.07
66 8.65 0.00 1.53 83.97 0.00 0.00 0.25 0.00 0.00 5.60
67 35.43 0.00 4.46 36.22 0.00 0.00 0.26 0.00 0.00 23.62
68 28.79 0.00 4.11 27.51 0.00 0.51 0.00 0.00 0.00 39.07
69 38.46 0.00 4.10 37.95 0.00 0.51 0.26 0.00 0.00 18.72
70 24.29 0.00 3.10 56.07 0.00 0.00 0.00 0.00 0.00 16.54
71 26.36 0.00 3.36 56.07 0.00 0.26 0.52 0.00 0.00 13.44
72 7.30 0.00 0.50 91.44 0.00 0.00 0.25 0.00 0.00 0.50
73 23.86 0.00 2.41 50.40 0.00 0.00 0.27 0.00 0.00 23.06
74 29.17 0.00 3.12 44.79 0.00 0.26 0.26 0.00 0.00 22.40
75 34.74 0.00 6.84 41.84 0.00 0.00 0.00 0.00 0.00 16.58
76 33.42 0.00 4.70 57.70 0.00 0.00 0.00 0.00 0.00 4.18
77 31.88 0.00 4.63 51.16 0.00 0.26 0.26 0.00 0.00 11.83
78 34.10 0.00 6.15 48.97 0.00 0.00 0.00 0.00 0.00 10.77
79 27.15 0.00 4.96 30.55 0.00 0.00 0.00 0.00 0.00 37.34
80 31.17 0.00 4.16 45.97 0.00 0.00 0.26 0.00 0.00 18.44
81 39.26 0.00 4.51 41.91 0.00 0.00 0.27 0.00 0.00 14.06
82 48.03 0.00 5.51 17.06 0.00 0.26 0.00 0.00 0.00 29.13
83 44.76 0.00 4.09 17.39 0.00 0.26 0.51 0.00 0.00 32.99
84 32.05 0.00 2.31 26.41 0.00 0.26 0.26 0.00 0.00 38.72
85 34.18 0.00 4.59 24.74 0.00 0.00 0.00 0.00 0.00 36.48
86 13.16 0.00 0.76 31.39 0.00 0.00 0.00 0.00 0.00 54.68
87 10.94 0.00 3.56 8.14 0.00 0.00 0.00 0.00 0.00 77.35
88 0.25 0.00 0.50 3.49 0.00 0.00 0.25 0.00 0.00 95.51
89 0.00 0.00 0.00 2.52 0.00 0.00 0.00 0.00 0.00 97.48
90 0.25 0.00 0.00 4.28 0.00 0.00 0.00 0.00 0.00 95.47
91 0.00 0.00 0.00 3.27 0.00 0.00 0.00 0.00 0.00 96.73
92 0.25 0.00 0.25 1.25 0.00 0.00 0.00 0.00 0.00 98.25
93 0.25 0.00 0.00 1.25 0.00 0.00 0.00 0.00 0.00 98.50
94 0.25 0.00 0.00 1.51 0.00 0.00 0.00 0.00 0.00 98.24
95 0.00 0.00 0.00 0.50 0.00 0.00 0.00 0.00 0.00 99.50
96 19.85 0.00 1.02 3.31 0.00 0.00 0.25 0.00 0.00 75.57
97 75.71 0.00 6.20 0.00 0.00 0.26 0.00 0.00 0.00 17.83
98 0.25 0.00 0.00 1.51 0.00 0.00 0.00 0.00 0.00 98.24
99 0.00 0.00 0.00 1.51 0.00 0.00 0.00 0.00 0.00 98.49
100 0.00 0.00 0.25 7.52 0.00 0.00 0.25 0.00 0.00 91.98
101 0.00 0.00 0.00 2.26 0.00 0.00 0.00 0.00 0.00 97.74
102 1.01 0.00 0.25 3.02 0.00 0.00 0.00 0.00 0.00 95.73
103 0.25 0.00 0.00 1.01 0.00 0.00 0.00 0.00 0.00 98.74
104 0.75 0.00 0.50 4.25 0.00 0.25 0.25 0.00 0.00 94.00
105 2.03 0.00 0.51 23.29 0.00 0.00 0.25 0.00 0.00 73.92
106 18.07 0.00 0.51 22.65 0.00 0.00 0.00 0.00 0.00 58.78
107 14.65 0.00 0.51 2.78 0.00 0.00 0.00 0.00 0.00 82.07
108 0.25 0.00 0.00 11.31 0.00 0.00 0.00 0.00 0.00 88.44
109 0.25 0.00 0.50 0.25 0.00 0.00 0.00 0.00 0.00 99.00
110 0.25 0.00 0.25 1.25 0.00 0.00 0.00 0.00 0.00 98.25
111 1.02 0.00 0.51 19.80 0.00 0.00 0.25 0.00 0.00 78.43
112 38.68 0.00 7.89 10.43 0.00 0.00 0.00 0.00 0.00 43.00
113 89.72 0.00 7.46 0.51 0.00 0.00 0.26 0.00 0.00 2.06
114 32.99 0.00 3.84 1.53 0.00 0.00 0.00 0.00 0.00 61.64
115 0.50 0.00 0.00 0.75 0.00 0.00 0.00 0.00 0.00 98.75
116 0.25 0.00 0.25 0.25 0.00 0.00 0.00 0.00 0.00 99.25
117 0.00 0.00 0.00 0.50 0.00 0.00 0.00 0.00 0.00 99.50
118 0.25 0.00 0.00 1.52 0.00 0.00 0.00 0.00 0.00 98.23
119 0.00 0.00 0.00 0.00 0.00 0.00 0.00 0.00 0.00 100.00
120 0.25 0.00 0.25 2.50 0.00 0.00 0.00 0.00 0.00 97.00
121 0.00 0.00 0.00 0.00 0.00 0.00 0.00 0.00 0.00 100.00
122 0.25 0.00 0.51 3.79 0.00 0.00 0.00 0.00 0.00 95.45
123 0.25 0.00 0.00 0.25 0.00 0.00 0.00 0.00 0.00 99.50
124 0.50 0.00 0.25 3.00 0.00 0.00 0.25 0.00 0.00 96.00
125 0.25 0.00 0.25 0.25 0.00 0.00 0.00 0.00 0.00 99.25
126 0.50 0.00 0.25 1.76 0.00 0.00 0.00 0.00 0.00 97.49
127 0.25 0.00 0.00 0.50 0.00 0.00 0.00 0.00 0.00 99.25
128 0.00 0.00 0.25 0.25 0.00 0.00 0.00 0.00 0.00 99.50
129 0.25 0.00 0.00 0.25 0.00 0.00 0.00 0.00 0.00 99.50
130 0.00 0.00 0.25 0.75 0.00 0.00 0.00 0.00 0.00 98.99
131 0.25 0.00 0.25 0.25 0.00 0.00 0.00 0.00 0.00 99.25
132 0.25 0.00 0.00 0.50 0.00 0.00 0.00 0.00 0.00 99.24
133 0.00 0.00 0.25 1.52 0.00 0.00 0.00 0.00 0.00 98.23
134 0.00 0.00 0.25 3.01 0.00 0.00 0.00 0.00 0.00 96.74
135 0.25 0.00 0.00 0.00 0.00 0.00 0.00 0.00 0.00 99.75
136 0.00 0.00 0.50 0.50 0.00 0.00 0.00 0.00 0.00 99.00
137 0.00 0.00 0.50 2.77 0.00 0.00 0.25 0.00 0.00 96.47
138 0.50 0.00 0.25 1.00 0.00 0.00 0.00 0.00 0.00 98.25
139 0.00 0.00 0.25 0.25 0.00 0.00 0.00 0.00 0.00 99.50
140 0.25 0.00 0.50 5.75 0.00 0.00 0.00 0.00 0.00 93.50
141 0.00 0.00 0.25 0.00 0.00 0.00 0.00 0.00 0.00 99.75
142 0.25 0.00 0.25 2.01 0.00 0.00 0.00 0.00 0.00 97.49
143 0.00 0.00 0.00 0.00 0.00 0.00 0.00 0.00 0.00 100.00
144 0.25 0.00 0.00 0.25 0.00 0.00 0.00 0.00 0.00 99.50
145 39.90 0.00 7.51 5.18 0.00 0.00 0.00 0.00 0.00 47.41
146 27.41 0.00 1.78 1.78 0.00 0.00 0.00 0.00 0.00 69.04
147 24.69 0.00 0.00 0.25 0.00 0.00 0.00 0.00 0.00 75.06
148 42.31 0.00 1.79 1.03 0.00 0.00 0.00 0.00 0.00 54.87
149 24.81 0.00 0.25 0.00 0.00 0.00 0.00 0.00 0.00 74.94
150 23.68 0.00 1.26 1.26 0.00 0.00 0.00 0.00 0.00 73.80
151 37.06 0.00 0.00 0.00 0.00 0.00 0.25 0.00 0.00 62.69
152 24.87 0.00 0.25 0.50 0.00 0.00 0.00 0.00 0.00 74.37
153 36.20 0.00 0.00 0.00 0.00 0.00 0.00 0.00 0.00 63.80
154 24.94 0.00 0.00 0.76 0.00 0.00 0.00 0.00 0.00 74.31
155 24.62 0.00 0.25 0.50 0.00 0.00 0.00 0.00 0.00 74.62
156 6.08 0.00 0.25 0.00 0.00 0.00 0.00 0.00 0.00 93.67
157 0.25 0.00 0.00 0.75 0.00 0.00 0.00 0.00 0.00 99.00
158 0.50 0.00 0.25 10.55 0.00 0.00 0.25 0.00 0.00 88.44
159 0.25 0.00 0.25 25.19 0.00 0.00 0.25 0.00 0.00 74.06
160 0.25 0.00 0.00 24.75 0.00 0.00 0.00 0.00 0.00 75.00
161 0.25 0.00 0.76 25.44 0.00 0.00 0.00 0.00 0.00 73.55
162 0.00 0.00 0.25 24.75 0.00 0.00 0.00 0.00 0.00 75.00
163 0.25 0.00 0.50 28.14 0.00 0.00 0.00 0.00 0.00 71.11
164 0.00 0.00 0.00 25.82 0.00 0.00 0.51 0.00 0.00 73.67
165 1.01 0.00 0.25 25.00 0.00 0.00 0.00 0.00 0.00 73.74
166 0.50 0.00 0.25 24.62 0.00 0.00 0.00 0.00 0.00 74.62
167 0.25 0.00 0.50 25.31 0.00 0.00 0.25 0.00 0.00 73.68
168 0.50 0.00 0.00 24.81 0.00 0.00 0.00 0.00 0.00 74.69
169 0.25 0.00 0.25 24.81 0.00 0.00 0.00 0.00 0.00 74.69
170 0.00 0.00 0.00 25.44 0.00 0.00 0.00 0.00 0.00 74.56
171 0.00 0.00 0.00 24.94 0.00 0.00 0.00 0.00 0.00 75.06
172 0.25 0.00 0.25 24.94 0.00 0.00 0.00 0.00 0.00 74.56
173 0.25 0.00 0.00 25.25 0.00 0.00 0.00 0.00 0.00 74.49
174 0.25 0.00 0.25 42.03 0.00 0.00 0.00 0.00 0.00 57.47
175 50.00 0.00 0.76 27.92 0.00 0.00 0.00 0.00 0.00 21.32
176 72.47 0.00 0.76 24.49 0.00 0.00 0.00 0.00 0.00 2.27
177 70.88 0.00 1.80 21.39 0.00 0.00 0.26 0.00 0.00 5.67
178 97.71 0.00 0.76 0.25 0.00 0.25 0.00 0.00 0.00 1.02
179 97.41 0.00 1.04 0.52 0.00 0.00 0.00 0.00 0.00 1.04
180 98.46 0.00 0.77 0.00 0.00 0.00 0.00 0.00 0.00 0.77
181 98.99 0.00 0.51 0.00 0.00 0.00 0.00 0.00 0.00 0.51
182 85.57 0.00 0.25 0.00 0.00 0.00 0.25 0.00 0.00 13.92
183 30.23 0.00 0.25 1.51 0.00 0.00 0.00 0.00 0.00 68.01
184 0.25 0.00 0.25 0.25 0.00 0.00 0.00 0.00 0.00 99.25
185 0.00 0.00 0.00 1.01 0.00 0.00 0.00 0.00 0.00 98.99
186 0.50 0.00 0.25 0.00 0.00 0.00 0.00 0.00 0.00 99.25
187 0.00 0.00 0.25 2.26 0.00 0.00 0.00 0.00 0.00 97.49
188 0.00 0.00 0.25 0.50 0.00 0.00 0.00 0.00 0.00 99.25
189 0.25 0.00 0.25 1.00 0.00 0.00 0.00 0.00 0.00 98.50
190 0.25 0.00 0.25 0.00 0.00 0.00 0.00 0.00 0.00 99.50
191 0.50 0.00 0.00 1.76 0.00 0.00 0.00 0.00 0.00 97.74
192 0.00 0.00 0.25 0.00 0.00 0.00 0.00 0.00 0.00 99.75
193 0.50 0.00 0.50 0.75 0.00 0.00 0.00 0.00 0.00 98.25
194 0.00 0.00 0.00 1.26 0.00 0.00 0.00 0.00 0.00 98.74
195 0.00 0.00 0.25 1.00 0.00 0.00 0.00 0.00 0.00 98.75
196 0.25 0.00 0.25 3.02 0.00 0.00 0.00 0.00 0.00 96.47
197 0.00 0.00 0.00 7.30 0.00 0.00 0.00 0.00 0.00 92.70
198 0.75 0.00 0.25 27.32 0.00 0.00 0.25 0.00 0.00 71.43
199 0.25 0.00 0.00 49.62 0.00 0.00 0.00 0.00 0.00 50.13
200 0.25 0.00 0.50 33.08 0.00 0.00 0.00 0.00 0.00 66.17
201 0.00 0.00 0.50 26.63 0.00 0.00 0.00 0.00 0.00 72.86
202 0.25 0.00 0.25 13.78 0.00 0.00 0.00 0.00 0.00 85.71
203 0.00 0.00 0.25 1.01 0.00 0.00 0.00 0.00 0.00 98.74
204 0.00 0.00 0.50 0.50 0.00 0.00 0.00 0.00 0.00 99.00
205 0.00 0.00 0.00 1.26 0.00 0.00 0.00 0.00 0.00 98.74
206 0.25 0.00 0.25 0.50 0.00 0.00 0.00 0.00 0.00 99.00
207 0.50 0.00 0.00 1.00 0.00 0.00 0.00 0.00 0.00 98.50
208 0.25 0.00 0.00 0.50 0.00 0.00 0.00 0.00 0.00 99.25
209 0.25 0.00 0.00 1.00 0.00 0.00 0.00 0.00 0.00 98.75
210 0.00 0.00 0.25 0.50 0.00 0.00 0.00 0.00 0.00 99.25
211 0.25 0.00 0.25 1.50 0.00 0.00 0.25 0.00 0.00 97.74
212 0.00 0.00 0.25 0.75 0.00 0.00 0.00 0.00 0.00 98.99
213 0.50 0.00 0.00 1.00 0.00 0.00 0.00 0.00 0.00 98.50
214 0.00 0.00 0.00 0.25 0.00 0.00 0.00 0.00 0.00 99.75
215 0.25 0.00 0.25 0.75 0.00 0.00 0.00 0.00 0.00 98.75
216 0.25 0.00 0.25 0.25 0.00 0.00 0.00 0.00 0.00 99.25
217 0.00 0.00 0.25 0.50 0.00 0.00 0.00 0.00 0.00 99.24
218 0.00 0.00 0.00 0.50 0.00 0.00 0.00 0.00 0.00 99.50
219 0.25 0.00 0.25 0.50 0.00 0.00 0.00 0.00 0.00 98.99
220 0.25 0.00 0.25 0.50 0.00 0.00 0.00 0.00 0.00 99.00
221 0.25 0.00 0.25 0.75 0.00 0.00 0.00 0.00 0.00 98.74
222 0.25 0.00 0.00 0.25 0.00 0.00 0.00 0.00 0.00 99.50
223 0.25 0.00 0.00 2.02 0.00 0.00 0.00 0.00 0.00 97.73
224 0.00 0.00 0.25 0.50 0.00 0.00 0.00 0.00 0.00 99.25
225 0.00 0.00 0.00 1.01 0.00 0.00 0.25 0.00 0.00 98.74
226 0.25 0.00 0.50 0.25 0.00 0.00 0.00 0.00 0.00 99.00
227 0.25 0.00 0.25 1.00 0.00 0.00 0.00 0.00 0.00 98.50
228 0.00 0.00 0.00 0.50 0.00 0.00 0.00 0.00 0.00 99.50
229 0.25 0.00 0.00 0.50 0.00 0.00 0.00 0.00 0.00 99.25
230 0.25 0.00 0.25 0.25 0.00 0.00 0.00 0.00 0.00 99.25
231 0.00 0.00 0.00 0.75 0.00 0.00 0.00 0.00 0.00 99.25
232 35.31 0.00 6.44 0.00 0.00 0.00 0.26 0.00 0.00 57.99
233 24.87 0.00 0.25 0.75 0.00 0.00 0.00 0.00 0.00 74.12
234 24.87 0.00 0.25 1.26 0.00 0.00 0.00 0.00 0.00 73.62
235 37.88 0.00 0.00 4.80 0.00 0.00 0.00 0.00 0.00 57.32
236 24.81 0.00 0.50 0.25 0.00 0.00 0.00 0.00 0.00 74.44
237 34.85 0.00 0.25 3.03 0.00 0.00 0.00 0.00 0.00 61.87
238 25.06 0.00 0.25 0.75 0.00 0.00 0.00 0.00 0.00 73.93
239 34.10 0.00 0.51 0.25 0.00 0.00 0.00 0.00 0.00 65.14
240 24.69 0.00 0.00 0.25 0.00 0.00 0.00 0.00 0.00 75.06
241 25.06 0.00 0.00 0.25 0.00 0.00 0.00 0.00 0.00 74.69
242 22.11 0.00 0.00 0.25 0.00 0.00 0.00 0.00 0.00 77.64
243 0.00 0.00 0.25 3.27 0.00 0.00 0.00 0.00 0.00 96.47
244 0.50 0.00 0.00 0.00 0.00 0.00 0.00 0.00 0.00 99.50
245 0.75 0.00 0.25 0.75 0.00 0.00 0.00 0.00 0.00 98.26
246 0.25 0.00 0.00 0.25 0.00 0.00 0.00 0.00 0.00 99.50
247 0.00 0.00 0.00 2.77 0.00 0.00 0.00 0.00 0.00 97.23
248 0.25 0.00 0.25 0.25 0.00 0.00 0.25 0.00 0.00 99.00
249 0.00 0.00 0.00 0.50 0.00 0.00 0.00 0.00 0.00 99.50
250 0.25 0.00 0.25 3.53 0.00 0.00 0.25 0.00 0.00 95.72
251 0.00 0.00 0.25 0.75 0.00 0.00 0.00 0.00 0.00 99.00
252 0.00 0.00 0.25 0.50 0.00 0.00 0.00 0.00 0.00 99.24
253 0.00 0.00 0.00 1.78 0.00 0.00 0.00 0.00 0.00 98.22
254 0.25 0.00 0.25 1.01 0.00 0.00 0.00 0.00 0.00 98.49
255 0.25 0.00 0.00 0.75 0.00 0.00 0.25 0.00 0.00 98.75
256 0.25 0.00 0.25 0.00 0.00 0.00 0.00 0.00 0.00 99.50
257 0.00 0.00 0.25 0.50 0.00 0.00 0.00 0.00 0.00 99.25
258 0.25 0.00 0.50 2.02 0.00 0.00 0.00 0.00 0.00 97.23
259 0.00 0.00 0.00 1.26 0.00 0.00 0.00 0.00 0.00 98.74
260 0.25 0.00 0.25 1.00 0.00 0.00 0.00 0.00 0.00 98.50
261 0.50 0.00 0.00 3.99 0.00 0.00 0.00 0.00 0.00 95.51
262 0.25 0.00 0.25 3.26 0.00 0.00 0.00 0.00 0.00 96.24
263 0.00 0.00 0.00 10.58 0.00 0.00 0.00 0.00 0.00 89.42
264 0.00 0.00 0.25 6.02 0.00 0.00 0.00 0.00 0.00 93.73
265 0.00 0.00 0.25 2.51 0.00 0.00 0.00 0.00 0.00 97.24
266 0.25 0.00 0.25 3.25 0.00 0.00 0.00 0.00 0.00 96.25
267 0.00 0.00 0.00 2.02 0.00 0.00 0.00 0.00 0.00 97.98
268 0.00 0.00 0.00 0.25 0.00 0.00 0.00 0.00 0.00 99.75
269 0.25 0.00 0.00 0.50 0.00 0.00 0.00 0.00 0.00 99.25
270 0.25 0.00 0.00 0.75 0.00 0.00 0.00 0.00 0.00 98.99
271 43.00 0.00 9.41 0.00 0.00 0.00 0.00 0.00 0.00 47.58
272 98.95 0.00 0.26 0.00 0.00 0.00 0.26 0.00 0.00 0.52
273 98.96 0.00 0.26 0.00 0.00 0.00 0.00 0.00 0.00 0.78
274 98.99 0.00 0.25 0.25 0.00 0.00 0.00 0.00 0.00 0.51
275 98.96 0.00 0.52 0.00 0.00 0.00 0.00 0.00 0.00 0.52
276 81.25 0.00 0.60 0.00 0.00 0.30 0.30 0.00 0.00 17.56
277 24.94 0.00 0.00 0.00 0.00 0.00 0.00 0.00 0.00 75.06
278 24.81 0.00 0.75 2.26 0.00 0.00 0.00 0.00 0.00 72.18
279 69.21 0.00 1.02 0.00 0.00 0.00 0.00 0.00 0.00 29.77
280 23.48 0.00 0.00 0.00 0.00 0.00 0.00 0.00 0.00 76.52
281 0.00 0.00 0.25 0.25 0.00 0.00 0.00 0.00 0.00 99.50
282 0.00 0.00 0.00 1.01 0.00 0.00 0.00 0.00 0.00 98.99
283 0.50 0.00 0.75 6.77 0.00 0.00 0.50 0.00 0.00 91.48
284 0.00 0.00 0.00 0.75 0.00 0.00 0.25 0.00 0.00 98.99
285 0.00 0.00 0.25 0.50 0.00 0.00 0.25 0.00 0.00 99.00
286 0.25 0.00 0.25 0.75 0.00 0.00 0.00 0.00 0.00 98.75
287 0.00 0.00 0.00 0.25 0.00 0.00 0.00 0.00 0.00 99.75
288 0.25 0.00 0.51 7.32 0.00 0.00 0.00 0.00 0.00 91.92
289 0.00 0.00 0.25 0.00 0.00 0.00 0.00 0.00 0.00 99.75
290 0.25 0.00 0.00 8.54 0.00 0.00 0.00 0.00 0.00 91.21
291 0.50 0.00 0.00 0.25 0.00 0.00 0.00 0.00 0.00 99.25
292 0.50 0.00 0.25 17.29 0.00 0.00 0.00 0.00 0.00 81.95
293 0.00 0.00 0.25 28.17 0.00 0.00 0.25 0.00 0.00 71.32
294 0.25 0.00 0.50 18.55 0.00 0.00 0.00 0.00 0.00 80.70
295 0.50 0.00 0.00 0.25 0.00 0.00 0.25 0.00 0.00 99.00
296 0.76 0.00 0.00 1.77 0.00 0.00 0.00 0.00 0.00 97.47
297 0.00 0.00 0.00 0.00 0.00 0.00 0.00 0.00 0.00 100.00
298 0.25 0.00 0.25 1.00 0.00 0.00 0.00 0.00 0.00 98.50
299 0.25 0.00 0.25 2.00 0.00 0.00 0.00 0.00 0.00 97.50
300 0.50 0.00 0.25 0.75 0.00 0.00 0.00 0.00 0.00 98.50
301 0.00 0.00 0.00 0.00 0.00 0.00 0.00 0.00 0.00 100.00
302 0.25 0.00 0.25 0.75 0.00 0.00 0.00 0.00 0.00 98.75
303 17.84 0.00 0.75 6.28 0.00 0.00 0.00 0.00 0.00 75.13
304 23.99 0.00 0.00 1.01 0.00 0.00 0.00 0.00 0.00 75.00
305 25.00 0.00 0.00 1.01 0.00 0.00 0.00 0.00 0.00 73.99
306 25.00 0.00 0.25 1.00 0.00 0.00 0.00 0.00 0.00 73.75
307 22.14 0.00 1.02 0.76 0.00 0.00 0.00 0.00 0.00 76.08
308 10.91 0.00 2.03 1.52 0.00 0.00 0.25 0.00 0.00 85.28
309 25.06 0.00 0.00 0.00 0.00 0.00 0.00 0.00 0.00 74.94
310 24.75 0.00 0.25 2.53 0.00 0.00 0.00 0.00 0.00 72.47
311 9.82 0.00 0.25 0.00 0.00 0.00 0.00 0.00 0.00 89.92
312 7.42 0.00 1.53 3.84 0.00 0.00 0.00 0.00 0.00 87.21
313 6.63 0.00 0.26 0.51 0.00 0.00 0.00 0.00 0.00 92.60
314 16.33 0.00 0.25 5.28 0.00 0.00 0.00 0.00 0.00 78.14
315 24.75 0.00 0.00 0.25 0.00 0.00 0.00 0.00 0.00 75.00
316 24.87 0.00 0.00 1.01 0.00 0.00 0.00 0.00 0.00 74.12
317 19.10 0.00 0.75 14.57 0.00 0.25 0.25 0.00 0.00 65.08
318 11.93 0.00 1.27 3.30 0.00 0.00 0.00 0.00 0.00 83.50
319 8.35 0.00 0.00 0.51 0.00 0.25 0.00 0.00 0.00 90.89
320 21.27 0.00 0.00 1.77 0.00 0.00 0.00 0.00 0.00 76.96
321 24.87 0.00 0.25 0.00 0.00 0.00 0.00 0.00 0.00 74.87
322 19.80 0.00 0.75 2.01 0.00 0.25 0.00 0.00 0.00 77.19
323 0.25 0.00 0.25 0.50 0.00 0.00 0.00 0.00 0.00 99.00
324 0.25 0.00 0.25 0.50 0.00 0.00 0.00 0.00 0.00 99.00
325 12.21 0.00 3.38 13.77 0.00 0.00 0.00 0.00 0.00 70.65
326 25.31 0.00 0.25 1.50 0.00 0.00 0.00 0.00 0.00 72.93
327 25.38 0.00 0.00 1.01 0.00 0.00 0.00 0.00 0.00 73.62
328 4.00 0.00 0.25 0.50 0.00 0.00 0.00 0.00 0.00 95.25
329 0.00 0.00 0.00 0.50 0.00 0.00 0.00 0.00 0.00 99.50
330 0.25 0.00 0.25 0.75 0.00 0.00 0.25 0.00 0.00 98.50
331 0.25 0.00 0.00 0.50 0.00 0.00 0.00 0.00 0.00 99.25
332 0.00 0.00 0.00 0.50 0.00 0.00 0.00 0.00 0.00 99.50
333 0.25 0.00 0.25 0.00 0.00 0.00 0.00 0.00 0.00 99.50
334 0.25 0.00 0.00 0.50 0.00 0.00 0.00 0.00 0.00 99.25
335 0.25 0.00 0.00 0.25 0.00 0.00 0.00 0.00 0.00 99.50
336 0.25 0.00 0.25 0.25 0.00 0.00 0.00 0.00 0.00 99.25
337 0.25 0.00 0.50 0.00 0.00 0.00 0.00 0.00 0.00 99.25
338 0.00 0.00 0.00 0.76 0.00 0.00 0.00 0.00 0.00 99.24
339 0.25 0.00 0.50 0.00 0.00 0.00 0.00 0.00 0.00 99.25
340 0.25 0.00 0.00 0.75 0.00 0.00 0.25 0.00 0.00 98.75
341 0.00 0.00 0.00 0.00 0.00 0.00 0.00 0.00 0.00 100.00
342 0.25 0.00 0.00 0.50 0.00 0.00 0.00 0.00 0.00 99.25
343 0.76 0.00 0.76 3.02 0.00 0.00 0.25 0.00 0.00 95.21
344 0.00 0.00 0.25 0.25 0.00 0.00 0.00 0.00 0.00 99.49
345 0.00 0.00 0.00 0.25 0.00 0.00 0.00 0.00 0.00 99.75
346 4.77 0.00 0.50 1.51 0.00 0.00 0.00 0.00 0.00 93.22
347 24.87 0.00 0.25 0.00 0.00 0.00 0.00 0.00 0.00 74.87
348 24.94 0.00 0.00 0.50 0.00 0.00 0.00 0.00 0.00 74.56
349 24.81 0.00 0.25 0.25 0.00 0.00 0.00 0.00 0.00 74.69
350 38.99 0.00 0.51 1.01 0.00 0.00 0.00 0.00 0.00 59.49
351 25.19 0.00 0.00 0.00 0.00 0.00 0.00 0.00 0.00 74.81
352 34.34 0.00 0.76 0.25 0.00 0.00 0.25 0.00 0.00 64.39
353 25.06 0.00 0.00 0.00 0.00 0.00 0.00 0.00 0.00 74.94
354 23.93 0.00 0.25 1.01 0.00 0.00 0.00 0.00 0.00 74.81
355 34.95 0.00 0.00 0.00 0.00 0.00 0.00 0.00 0.00 65.05
356 24.56 0.00 0.25 2.78 0.00 0.00 0.00 0.00 0.00 72.41
357 33.33 0.00 0.25 0.51 0.00 0.00 0.25 0.00 0.00 65.66
358 24.87 0.00 0.00 7.87 0.00 0.00 0.25 0.00 0.00 67.01
359 27.96 0.00 0.00 1.01 0.00 0.00 0.00 0.00 0.00 71.03
360 11.20 0.00 0.51 22.39 0.00 0.00 0.00 0.00 0.00 65.90
361 19.14 0.00 0.50 8.82 0.00 0.00 0.00 0.00 0.00 71.54
362 24.94 0.00 0.00 1.51 0.00 0.00 0.00 0.00 0.00 73.55
363 22.22 0.00 1.52 8.08 0.00 0.00 0.25 0.00 0.00 67.93
364 10.83 0.00 1.01 30.23 0.00 0.00 0.00 0.00 0.00 57.93
365 13.57 0.00 1.26 21.36 0.00 0.00 0.25 0.00 0.00 63.57
366 25.00 0.00 0.00 10.61 0.00 0.00 0.00 0.00 0.00 64.39
367 24.87 0.00 0.00 1.26 0.00 0.00 0.00 0.00 0.00 73.87
368 24.23 0.00 1.79 11.48 0.00 0.00 0.00 0.00 0.00 62.50
369 25.13 0.00 1.02 1.78 0.00 0.00 0.00 0.00 0.00 72.08
370 25.00 0.00 0.00 0.76 0.00 0.00 0.00 0.00 0.00 74.24
371 24.62 0.00 0.76 4.57 0.00 0.00 0.00 0.00 0.00 70.05
372 24.56 0.00 0.50 0.75 0.00 0.00 0.25 0.00 0.00 73.93
373 25.25 0.00 0.00 3.54 0.00 0.00 0.00 0.00 0.00 71.21
374 14.07 0.00 0.25 0.25 0.00 0.00 0.00 0.00 0.00 85.43
375 0.25 0.00 0.00 0.25 0.00 0.00 0.00 0.00 0.00 99.50
376 0.25 0.00 0.25 0.50 0.00 0.00 0.00 0.00 0.00 99.00
377 0.00 0.00 0.00 3.02 0.00 0.00 0.00 0.00 0.00 96.98
378 0.25 0.00 1.77 11.11 0.00 0.25 0.00 0.00 0.00 86.62
379 0.25 0.00 0.00 0.75 0.00 0.00 0.00 0.00 0.00 98.99
380 0.25 0.00 0.50 1.00 0.00 0.00 0.00 0.00 0.00 98.25
381 0.25 0.00 0.00 0.00 0.00 0.00 0.25 0.00 0.00 99.50
382 0.00 0.00 0.00 0.25 0.00 0.00 0.00 0.00 0.00 99.75
383 0.00 0.00 0.00 0.00 0.00 0.00 0.00 0.00 0.00 100.00
384 0.00 0.00 0.00 0.25 0.00 0.00 0.00 0.00 0.00 99.75
385 0.00 0.00 0.25 0.50 0.00 0.00 0.00 0.00 0.00 99.25
386 0.25 0.00 0.25 0.51 0.00 0.00 0.00 0.00 0.00 98.99
387 0.25 0.00 0.00 0.50 0.00 0.00 0.00 0.00 0.00 99.25
388 0.25 0.00 0.00 0.50 0.00 0.00 0.25 0.00 0.00 99.00
389 0.25 0.00 0.00 1.26 0.00 0.00 0.00 0.00 0.00 98.49
390 0.00 0.00 0.25 0.50 0.00 0.00 0.25 0.00 0.00 98.99
391 0.25 0.00 0.00 1.51 0.00 0.00 0.00 0.00 0.00 98.24
392 0.25 0.00 0.25 0.00 0.00 0.00 0.00 0.00 0.00 99.50
393 0.00 0.00 0.00 7.56 0.00 0.00 0.00 0.00 0.00 92.44
394 0.25 0.00 0.00 1.76 0.00 0.00 0.00 0.00 0.00 97.99
395 0.25 0.00 0.25 2.50 0.00 0.00 0.00 0.00 0.00 97.00
396 0.00 0.00 0.00 0.00 0.00 0.00 0.00 0.00 0.00 100.00
397 0.00 0.00 0.25 0.75 0.00 0.00 0.00 0.00 0.00 98.99
398 0.00 0.00 0.00 0.00 0.00 0.00 0.00 0.00 0.00 100.00
399 0.25 0.00 0.00 0.75 0.00 0.00 0.00 0.00 0.00 99.00
400 0.00 0.00 0.50 0.00 0.00 0.00 0.00 0.00 0.00 99.50
401 44.76 0.00 0.00 2.30 0.00 0.00 0.00 0.00 0.00 52.94
402 68.86 0.00 0.00 0.00 0.00 0.00 0.00 0.00 0.00 31.14
403 24.75 0.00 0.51 1.01 0.00 0.00 0.25 0.00 0.00 73.48
404 25.13 0.00 0.00 0.25 0.00 0.00 0.00 0.00 0.00 74.62
405 58.57 0.00 0.26 3.58 0.00 0.00 0.00 0.00 0.00 37.60
406 45.74 0.00 1.29 0.26 0.00 0.00 0.26 0.00 0.00 52.45
407 24.87 0.00 0.00 1.26 0.00 0.00 0.00 0.00 0.00 73.87
408 24.94 0.00 0.25 0.00 0.00 0.00 0.00 0.00 0.00 74.81
409 53.94 0.00 0.76 0.51 0.00 0.25 0.00 0.00 0.00 44.53
410 42.86 0.00 1.00 0.00 0.00 0.00 0.00 0.00 0.00 56.14
411 25.06 0.00 0.00 0.75 0.00 0.00 0.00 0.00 0.00 74.19
412 54.85 0.00 2.04 0.77 0.00 0.00 0.00 0.00 0.00 42.35
413 21.01 0.00 1.27 7.59 0.00 0.00 0.00 0.00 0.00 70.13
414 24.87 0.00 0.25 0.00 0.00 0.00 0.00 0.00 0.00 74.87
415 47.26 0.00 5.74 2.87 0.00 0.00 0.26 0.00 0.00 43.86
416 31.98 0.00 0.25 2.54 0.00 0.00 0.00 0.00 0.00 65.23
417 25.32 0.00 0.25 4.81 0.00 0.00 0.00 0.00 0.00 69.62
418 47.19 0.00 2.30 2.04 0.00 0.00 0.26 0.00 0.00 48.21
419 41.73 0.00 0.76 0.00 0.00 0.00 0.00 0.00 0.00 57.51
420 24.75 0.00 0.00 0.51 0.00 0.00 0.51 0.00 0.00 74.24
421 25.19 0.00 0.00 3.02 0.00 0.00 0.00 0.00 0.00 71.79
422 57.99 0.00 0.52 6.44 0.00 0.00 0.00 0.00 0.00 35.05
423 59.59 0.00 0.78 24.35 0.00 0.00 0.00 0.00 0.00 15.28
424 27.32 0.00 1.50 48.62 0.00 0.25 0.00 0.00 0.00 22.31
425 25.76 0.00 0.00 36.87 0.00 0.00 0.00 0.00 0.00 37.37
426 27.09 0.00 0.76 18.23 0.00 0.00 0.25 0.00 0.00 53.67
427 48.15 0.00 1.99 6.84 0.00 0.00 0.00 0.00 0.00 43.02
428 11.21 0.00 0.29 0.00 0.00 0.00 0.29 0.00 0.00 88.20
429 27.09 0.00 0.25 1.27 0.00 0.00 0.00 0.00 0.00 71.39
430 56.74 0.00 1.30 5.70 0.00 0.00 0.00 0.00 0.00 36.27
431 25.06 0.00 0.50 0.75 0.00 0.00 0.00 0.00 0.00 73.68
432 25.13 0.00 0.00 0.00 0.00 0.00 0.00 0.00 0.00 74.87
433 42.93 0.00 1.83 14.92 0.00 0.00 0.52 0.00 0.00 39.79
434 27.48 0.00 0.25 3.05 0.00 0.25 0.25 0.00 0.00 68.70
435 25.06 0.00 0.25 0.75 0.00 0.00 0.00 0.00 0.00 73.93
436 24.81 0.00 0.25 0.25 0.00 0.00 0.00 0.00 0.00 74.69
437 46.02 0.00 1.54 19.28 0.00 0.26 0.00 0.00 0.00 32.90
438 25.13 0.00 0.50 2.76 0.00 0.00 0.00 0.00 0.00 71.61
439 25.19 0.00 0.00 0.76 0.00 0.00 0.00 0.00 0.00 74.06
440 32.40 0.00 0.51 3.83 0.00 0.00 0.26 0.00 0.00 63.01
441 25.19 0.00 0.25 3.05 0.00 0.00 0.00 0.00 0.00 71.50
442 25.13 0.00 0.25 0.25 0.00 0.00 0.00 0.00 0.00 74.37
443 9.05 0.00 0.00 1.01 0.00 0.00 0.00 0.00 0.00 89.95
444 0.25 0.00 0.00 0.25 0.00 0.00 0.00 0.00 0.00 99.50
445 0.00 0.00 0.00 1.01 0.00 0.00 0.00 0.00 0.00 98.99
446 0.25 0.00 0.25 0.25 0.00 0.00 0.00 0.00 0.00 99.25
447 0.25 0.00 0.00 0.50 0.00 0.00 0.00 0.00 0.00 99.25
448 0.25 0.00 0.00 0.25 0.00 0.00 0.00 0.00 0.00 99.50
449 0.00 0.00 0.25 0.75 0.00 0.00 0.00 0.00 0.00 99.00
450 0.00 0.00 0.00 0.25 0.00 0.00 0.00 0.00 0.00 99.75
451 0.00 0.00 0.00 1.26 0.00 0.00 0.00 0.00 0.00 98.74
452 0.25 0.00 0.00 0.00 0.00 0.00 0.00 0.00 0.00 99.75
453 0.25 0.00 0.25 1.75 0.00 0.00 0.00 0.00 0.00 97.74
454 0.00 0.00 0.25 0.00 0.00 0.00 0.25 0.00 0.00 99.50
455 0.50 0.00 0.00 1.01 0.00 0.00 0.00 0.00 0.00 98.49
456 0.25 0.00 0.25 0.25 0.00 0.00 0.00 0.00 0.00 99.25
457 0.75 0.00 0.50 5.00 0.00 0.00 0.00 0.00 0.00 93.75
458 0.25 0.00 0.00 0.50 0.00 0.00 0.00 0.00 0.00 99.25
459 0.00 0.00 0.25 1.01 0.00 0.00 0.00 0.00 0.00 98.74
460 0.25 0.00 0.00 0.75 0.00 0.00 0.00 0.00 0.00 98.99
461 0.25 0.00 0.00 0.50 0.00 0.00 0.00 0.00 0.00 99.25
462 0.25 0.00 0.00 0.50 0.00 0.00 0.00 0.00 0.00 99.25
463 0.25 0.00 0.00 1.51 0.00 0.00 0.00 0.00 0.00 98.24
464 0.00 0.00 0.00 0.00 0.00 0.00 0.00 0.00 0.00 100.00
465 0.00 0.00 0.25 1.25 0.00 0.00 0.00 0.00 0.00 98.50
466 0.50 0.00 0.75 0.00 0.00 0.00 0.00 0.00 0.00 98.75
467 0.00 0.00 0.00 3.27 0.00 0.00 0.00 0.00 0.00 96.73
468 0.25 0.00 0.25 0.25 0.00 0.00 0.25 0.00 0.00 99.00
469 0.00 0.00 0.00 1.76 0.00 0.00 0.00 0.00 0.00 98.24
470 0.00 0.00 0.25 0.50 0.00 0.00 0.00 0.00 0.00 99.25
471 0.25 0.00 0.00 1.76 0.00 0.00 0.00 0.00 0.00 97.99
472 1.25 0.00 0.00 11.28 0.00 0.00 0.00 0.00 0.00 87.47
473 0.25 0.00 0.25 0.50 0.00 0.00 0.00 0.00 0.00 98.99
474 0.00 0.00 0.50 0.25 0.00 0.00 0.00 0.00 0.00 99.25
475 0.25 0.00 0.00 0.50 0.00 0.00 0.00 0.00 0.00 99.25
476 0.00 0.00 0.25 0.50 0.00 0.00 0.00 0.00 0.00 99.25
477 0.25 0.00 0.00 0.76 0.00 0.00 0.00 0.00 0.00 98.99
478 0.00 0.00 0.25 0.25 0.00 0.00 0.00 0.00 0.00 99.50
479 0.25 0.00 0.00 0.25 0.00 0.00 0.00 0.00 0.00 99.50
480 0.25 0.00 0.25 0.50 0.00 0.00 0.00 0.00 0.00 99.00
481 0.00 0.00 0.00 0.25 0.00 0.00 0.00 0.00 0.00 99.75
482 0.00 0.00 0.00 0.25 0.00 0.00 0.00 0.00 0.00 99.75
483 0.25 0.00 0.50 0.00 0.00 0.00 0.00 0.00 0.00 99.25
484 0.25 0.00 0.00 0.25 0.00 0.00 0.00 0.00 0.00 99.50
485 0.25 0.00 0.25 0.50 0.00 0.00 0.00 0.00 0.00 99.00
486 0.25 0.00 0.25 0.00 0.00 0.00 0.00 0.00 0.00 99.50
487 0.00 0.00 0.00 0.25 0.00 0.00 0.00 0.00 0.00 99.75
488 0.25 0.00 0.25 0.25 0.00 0.00 0.25 0.00 0.00 99.00
489 0.00 0.00 0.00 0.50 0.00 0.00 0.00 0.00 0.00 99.50
490 0.25 0.00 0.25 0.25 0.00 0.00 0.00 0.00 0.00 99.25
491 0.00 0.00 0.00 0.00 0.00 0.00 0.00 0.00 0.00 100.00
492 0.25 0.00 0.00 0.00 0.00 0.00 0.00 0.00 0.00 99.75
493 0.25 0.00 0.25 1.26 0.00 0.00 0.00 0.00 0.00 98.24
494 0.00 0.00 0.00 0.00 0.00 0.00 0.00 0.00 0.00 100.00
495 0.25 0.00 0.00 0.25 0.00 0.00 0.00 0.00 0.00 99.50
496 0.00 0.00 0.00 0.00 0.00 0.00 0.00 0.00 0.00 100.00
497 0.00 0.00 0.00 0.25 0.00 0.00 0.00 0.00 0.00 99.75
498 0.50 0.00 0.50 2.00 0.00 0.00 0.00 0.00 0.00 97.00
499 0.00 0.00 0.00 0.51 0.00 0.00 0.00 0.00 0.00 99.49
500 0.25 0.00 0.00 0.00 0.00 0.00 0.00 0.00 0.00 99.75
501 0.25 0.00 0.25 0.00 0.00 0.00 0.00 0.00 0.00 99.50
502 0.00 0.00 0.00 1.26 0.00 0.00 0.00 0.00 0.00 98.74
503 0.25 0.00 0.00 0.00 0.00 0.00 0.00 0.00 0.00 99.75
504 0.00 0.00 0.00 0.75 0.00 0.00 0.00 0.00 0.00 99.25
505 0.25 0.00 0.00 0.00 0.00 0.00 0.00 0.00 0.00 99.75
506 0.00 0.00 0.50 0.50 0.00 0.00 0.00 0.00 0.00 99.00
507 0.00 0.00 0.00 0.00 0.00 0.00 0.25 0.00 0.00 99.75
508 0.50 0.00 0.00 0.50 0.00 0.00 0.00 0.00 0.00 99.00
509 0.00 0.00 0.00 0.00 0.00 0.00 0.00 0.00 0.00 100.00
510 0.00 0.00 0.00 0.50 0.00 0.00 0.00 0.00 0.00 99.50
511 0.00 0.00 0.25 6.57 0.00 0.00 0.00 0.00 0.00 93.18
512 0.00 0.00 1.52 23.86 0.00 0.00 0.00 0.00 0.00 74.62
513 0.51 0.00 2.80 20.87 0.00 0.00 0.00 0.00 0.00 75.83
514 0.50 0.00 0.50 4.26 0.00 0.00 0.00 0.00 0.00 94.74
515 0.25 0.00 0.25 0.25 0.00 0.00 0.00 0.00 0.00 99.25
516 0.25 0.00 0.25 0.75 0.00 0.00 0.00 0.00 0.00 98.75
517 0.00 0.00 0.00 0.25 0.00 0.00 0.00 0.00 0.00 99.75
518 0.25 0.00 0.00 0.75 0.00 0.00 0.00 0.00 0.00 99.00
519 0.00 0.00 0.25 0.00 0.00 0.00 0.25 0.00 0.00 99.50
520 0.25 0.00 0.25 0.50 0.00 0.00 0.00 0.00 0.00 98.99
521 0.00 0.00 0.25 0.25 0.00 0.00 0.00 0.00 0.00 99.50
522 0.00 0.00 0.00 0.25 0.00 0.00 0.00 0.00 0.00 99.75
523 0.25 0.00 0.25 0.50 0.00 0.00 0.00 0.00 0.00 98.99
524 0.25 0.00 0.00 0.00 0.00 0.00 0.00 0.00 0.00 99.75
525 0.00 0.00 0.00 0.25 0.00 0.00 0.00 0.00 0.00 99.75
526 0.00 0.00 0.00 0.50 0.00 0.00 0.00 0.00 0.00 99.50
527 0.25 0.00 0.00 0.25 0.00 0.00 0.00 0.00 0.00 99.50
528 0.25 0.00 0.25 0.50 0.00 0.00 0.00 0.00 0.00 99.00
529 0.00 0.00 0.00 0.00 0.00 0.00 0.00 0.00 0.00 100.00
530 0.00 0.00 0.25 0.75 0.00 0.00 0.00 0.00 0.00 99.00
531 0.25 0.00 0.00 0.00 0.00 0.00 0.00 0.00 0.00 99.75
532 0.25 0.00 0.00 0.75 0.00 0.00 0.00 0.00 0.00 98.99
533 0.00 0.00 0.25 2.01 0.00 0.00 0.00 0.00 0.00 97.74
534 0.00 0.00 0.00 2.77 0.00 0.00 0.00 0.00 0.00 97.23
535 0.25 0.00 0.25 0.75 0.00 0.00 0.00 0.00 0.00 98.75
536 0.25 0.00 0.00 0.50 0.00 0.00 0.00 0.00 0.00 99.25
537 0.00 0.00 0.25 1.26 0.00 0.00 0.00 0.00 0.00 98.49
538 0.75 0.00 0.00 1.76 0.00 0.00 0.00 0.00 0.00 97.49
539 0.00 0.00 0.00 0.75 0.00 0.00 0.00 0.00 0.00 99.25
540 0.00 0.00 0.50 5.26 0.00 0.00 0.00 0.00 0.00 94.24
541 0.25 0.00 0.00 0.00 0.00 0.00 0.00 0.00 0.00 99.75
542 0.00 0.00 0.25 0.75 0.00 0.00 0.25 0.00 0.00 98.75
543 0.00 0.00 0.00 0.25 0.00 0.00 0.00 0.00 0.00 99.75
544 0.00 0.00 0.25 0.50 0.00 0.00 0.00 0.00 0.00 99.25
545 0.25 0.00 0.00 0.00 0.00 0.00 0.00 0.00 0.00 99.75
546 0.00 0.00 0.00 0.50 0.00 0.00 0.00 0.00 0.00 99.50
547 0.25 0.00 0.00 0.25 0.00 0.00 0.00 0.00 0.00 99.50
548 0.00 0.00 0.00 0.25 0.00 0.00 0.00 0.00 0.00 99.75
549 0.25 0.00 0.25 0.00 0.00 0.25 0.00 0.00 0.00 99.25
550 0.00 0.00 0.00 4.28 0.00 0.00 0.00 0.00 0.00 95.72
551 0.25 0.00 0.25 0.00 0.00 0.00 0.00 0.00 0.00 99.50
552 0.25 0.00 0.25 0.75 0.00 0.00 0.00 0.00 0.00 98.75
553 0.00 0.00 0.25 0.51 0.00 0.00 0.25 0.00 0.00 98.99
554 0.50 0.00 0.00 0.00 0.00 0.00 0.00 0.00 0.00 99.50
555 0.25 0.00 0.25 0.25 0.00 0.00 0.00 0.00 0.00 99.25
556 0.25 0.00 0.50 1.00 0.00 0.00 0.25 0.00 0.00 97.99
557 0.25 0.00 0.50 0.00 0.00 0.00 0.00 0.00 0.00 99.25
558 0.00 0.00 0.76 1.76 0.00 0.00 0.00 0.00 0.00 97.48
559 0.25 0.00 0.25 2.01 0.00 0.00 0.00 0.00 0.00 97.49
560 0.00 0.00 0.00 0.75 0.00 0.00 0.00 0.00 0.00 99.25
561 0.25 0.00 0.00 0.00 0.00 0.00 0.00 0.00 0.00 99.75
562 0.00 0.00 0.00 0.25 0.00 0.00 0.00 0.00 0.00 99.75
563 0.00 0.00 0.25 0.75 0.00 0.00 0.00 0.00 0.00 99.00
564 0.25 0.00 0.00 1.26 0.00 0.00 0.00 0.00 0.00 98.49
565 0.00 0.00 0.25 2.01 0.00 0.00 0.00 0.00 0.00 97.74
566 0.50 0.00 0.00 1.25 0.00 0.00 0.00 0.00 0.00 98.25
567 0.25 0.00 0.25 0.00 0.00 0.00 0.00 0.00 0.00 99.50
568 0.00 0.00 0.00 0.25 0.00 0.00 0.00 0.00 0.00 99.75
569 0.25 0.00 0.25 0.00 0.00 0.00 0.00 0.00 0.00 99.50
570 0.00 0.00 0.00 0.75 0.00 0.00 0.00 0.00 0.00 99.25
571 0.25 0.00 0.25 0.00 0.00 0.00 0.00 0.00 0.00 99.50
572 0.00 0.00 0.00 0.75 0.00 0.00 0.25 0.00 0.00 99.00
573 0.25 0.00 0.00 0.00 0.00 0.00 0.00 0.00 0.00 99.75
574 0.50 0.00 0.00 5.28 0.00 0.00 0.00 0.00 0.00 94.22
575 0.25 0.00 0.25 0.25 0.00 0.00 0.00 0.00 0.00 99.25
576 0.00 0.00 0.00 3.53 0.00 0.00 0.00 0.00 0.00 96.47
577 0.00 0.00 0.25 2.76 0.00 0.00 0.00 0.00 0.00 96.99
578 0.00 0.00 0.25 3.52 0.00 0.00 0.00 0.00 0.00 96.23
579 0.25 0.00 0.00 2.01 0.00 0.00 0.00 0.00 0.00 97.74
580 0.25 0.00 0.25 1.25 0.00 0.00 0.00 0.00 0.00 98.25
581 0.00 0.00 0.25 0.00 0.00 0.00 0.00 0.00 0.00 99.75
582 0.00 0.00 0.00 1.26 0.00 0.00 0.00 0.00 0.00 98.74
583 0.50 0.00 0.25 0.00 0.00 0.00 0.00 0.00 0.00 99.25
584 0.50 0.00 0.25 1.00 0.00 0.00 0.00 0.00 0.00 98.25
585 0.00 0.00 0.00 0.00 0.00 0.00 0.25 0.00 0.00 99.75
586 0.25 0.00 0.00 0.50 0.00 0.00 0.00 0.00 0.00 99.24
587 0.25 0.00 0.25 0.00 0.00 0.00 0.25 0.00 0.00 99.25
588 0.00 0.00 0.25 1.00 0.00 0.00 0.00 0.00 0.00 98.75
589 0.50 0.00 0.00 0.75 0.00 0.00 0.00 0.00 0.00 98.75
590 0.50 0.00 0.25 0.75 0.00 0.00 0.00 0.00 0.00 98.50
591 0.00 0.00 0.25 0.50 0.00 0.00 0.00 0.00 0.00 99.25
592 0.50 0.00 0.25 0.50 0.00 0.00 0.00 0.00 0.00 98.75
593 0.00 0.00 0.00 1.00 0.00 0.00 0.00 0.00 0.00 99.00
594 0.25 0.00 0.00 0.75 0.00 0.00 0.00 0.00 0.00 98.99
595 0.25 0.00 0.25 0.00 0.00 0.00 0.00 0.00 0.00 99.50
596 0.50 0.00 0.25 0.25 0.00 0.00 0.00 0.00 0.00 99.00
597 0.50 0.00 0.00 0.25 0.00 0.00 0.00 0.00 0.00 99.25
598 0.00 0.00 0.25 0.25 0.00 0.00 0.00 0.00 0.00 99.50
599 0.25 0.00 0.00 1.26 0.00 0.00 0.00 0.00 0.00 98.49
600 0.25 0.00 0.00 0.00 0.00 0.00 0.00 0.00 0.00 99.75
601 0.00 0.00 0.25 0.25 0.00 0.00 0.00 0.00 0.00 99.50
602 0.25 0.00 0.00 0.50 0.00 0.00 0.25 0.00 0.00 99.00
603 0.00 0.00 0.25 0.00 0.00 0.00 0.00 0.00 0.00 99.75
604 0.25 0.00 0.00 0.25 0.00 0.00 0.00 0.00 0.00 99.50
605 0.00 0.00 0.25 0.50 0.00 0.00 0.00 0.00 0.00 99.25
606 0.25 0.00 0.00 0.00 0.00 0.00 0.00 0.00 0.00 99.75
607 0.25 0.00 0.25 0.00 0.00 0.00 0.00 0.00 0.00 99.50
608 0.00 0.00 0.25 0.50 0.00 0.00 0.00 0.00 0.00 99.25
609 0.25 0.00 0.25 0.00 0.00 0.00 0.00 0.00 0.00 99.50
610 0.25 0.00 0.00 0.50 0.00 0.00 0.25 0.00 0.00 99.00
611 0.00 0.00 0.25 0.00 0.00 0.00 0.00 0.00 0.00 99.75
612 0.00 0.00 0.25 0.25 0.00 0.00 0.00 0.00 0.00 99.50
613 0.25 0.00 0.25 0.00 0.00 0.00 0.00 0.00 0.00 99.50
614 0.25 0.00 0.00 0.75 0.00 0.00 0.00 0.00 0.00 98.99
615 0.50 0.00 0.25 0.00 0.00 0.00 0.00 0.00 0.00 99.25
616 0.25 0.00 0.00 0.00 0.00 0.00 0.00 0.00 0.00 99.75
617 0.25 0.00 0.00 1.01 0.00 0.00 0.00 0.00 0.00 98.74
618 0.50 0.00 0.50 0.50 0.00 0.00 0.00 0.00 0.00 98.50
619 0.00 0.00 0.50 0.25 0.00 0.00 0.00 0.00 0.00 99.25
620 0.00 0.00 0.25 0.25 0.00 0.00 0.00 0.00 0.00 99.50
621 0.25 0.00 0.00 0.00 0.00 0.00 0.00 0.00 0.00 99.75
622 0.00 0.00 0.25 0.00 0.00 0.00 0.25 0.00 0.00 99.50
623 0.00 0.00 0.00 0.50 0.00 0.00 0.00 0.00 0.00 99.50
624 0.00 0.00 0.00 0.00 0.00 0.00 0.00 0.00 0.00 100.00
625 0.25 0.00 0.25 0.50 0.00 0.00 0.00 0.00 0.00 99.00
626 0.50 0.00 0.25 0.00 0.00 0.00 0.00 0.00 0.00 99.25
627 0.25 0.00 0.25 0.50 0.00 0.00 0.00 0.00 0.00 99.00
628 0.25 0.00 0.00 0.00 0.00 0.00 0.00 0.00 0.00 99.75
629 0.00 0.00 0.00 0.00 0.00 0.00 0.00 0.00 0.00 100.00
630 0.00 0.00 0.25 0.25 0.00 0.00 0.00 0.00 0.00 99.50
631 0.00 0.00 0.00 0.50 0.00 0.00 0.00 0.00 0.00 99.50
632 0.25 0.00 0.00 0.00 0.00 0.00 0.00 0.00 0.00 99.75
633 0.00 0.00 0.25 0.00 0.00 0.00 0.00 0.00 0.00 99.75
634 0.25 0.00 0.00 0.00 0.00 0.00 0.00 0.00 0.00 99.75
635 0.00 0.00 0.25 0.50 0.00 0.00 0.00 0.00 0.00 99.25
636 0.25 0.00 0.00 0.00 0.00 0.00 0.25 0.00 0.00 99.50
637 0.25 0.00 0.00 1.01 0.00 0.00 0.00 0.00 0.00 98.74
638 0.50 0.00 0.50 0.00 0.00 0.00 0.00 0.00 0.00 99.00
639 0.00 0.00 0.00 0.25 0.00 0.00 0.00 0.00 0.00 99.75
640 0.50 0.00 0.00 0.00 0.00 0.00 0.00 0.00 0.00 99.50
641 0.00 0.00 0.25 0.25 0.00 0.00 0.00 0.00 0.00 99.50
642 0.50 0.00 0.00 0.25 0.00 0.00 0.00 0.00 0.00 99.25
643 0.00 0.00 0.25 1.26 0.00 0.00 0.00 0.00 0.00 98.48
644 0.25 0.00 0.00 0.50 0.00 0.00 0.25 0.00 0.00 99.00
645 0.00 0.00 0.25 1.01 0.00 0.00 0.25 0.00 0.00 98.49
646 0.00 0.00 0.25 0.00 0.00 0.00 0.25 0.00 0.00 99.50
647 0.00 0.00 0.00 6.78 0.00 0.25 0.00 0.00 0.00 92.96
648 0.50 0.00 0.25 2.25 0.00 0.00 0.00 0.00 0.00 97.00
649 0.00 0.00 0.25 3.26 0.00 0.00 0.00 0.00 0.00 96.49
650 0.25 0.00 0.25 2.01 0.00 0.00 0.00 0.00 0.00 97.49
651 0.00 0.00 0.25 8.29 0.00 0.00 0.25 0.00 0.00 91.21
652 0.00 0.00 0.25 1.51 0.00 0.00 0.00 0.00 0.00 98.24
653 0.00 0.00 0.25 3.26 0.00 0.00 0.00 0.00 0.00 96.49
654 0.00 0.00 0.25 2.26 0.00 0.00 0.00 0.00 0.00 97.49
655 0.50 0.00 0.25 2.50 0.00 0.00 0.00 0.00 0.00 96.75
656 0.75 0.00 0.00 0.00 0.00 0.00 0.00 0.00 0.00 99.25
657 0.25 0.00 0.00 0.50 0.00 0.00 0.00 0.00 0.00 99.25
658 0.25 0.00 0.25 0.75 0.00 0.00 0.00 0.00 0.00 98.75
659 0.25 0.00 0.25 1.26 0.00 0.00 0.00 0.00 0.00 98.24
660 0.00 0.00 0.00 0.00 0.00 0.00 0.00 0.00 0.00 100.00
661 0.25 0.00 0.00 0.50 0.00 0.00 0.00 0.00 0.00 99.25
662 0.50 0.00 0.25 0.00 0.00 0.00 0.00 0.00 0.00 99.25
663 0.25 0.00 0.25 13.97 0.00 0.00 0.25 0.00 0.00 85.29
664 0.25 0.00 0.00 1.26 0.00 0.00 0.00 0.00 0.00 98.49
665 0.25 0.00 0.00 9.30 0.00 0.00 0.00 0.00 0.00 90.45
666 0.25 0.00 0.00 0.50 0.00 0.00 0.00 0.00 0.00 99.24
667 0.25 0.00 0.00 3.52 0.00 0.00 0.00 0.00 0.00 96.23
668 0.25 0.00 0.25 1.50 0.00 0.00 0.00 0.00 0.00 97.99
669 0.25 0.00 0.25 1.00 0.00 0.00 0.00 0.00 0.00 98.50
670 0.50 0.00 0.25 12.53 0.00 0.00 0.00 0.00 0.00 86.72
671 0.50 0.00 0.00 5.53 0.00 0.00 0.00 0.00 0.00 93.97
672 0.25 0.00 0.25 0.00 0.00 0.00 0.00 0.00 0.00 99.50
673 0.25 0.00 0.50 1.01 0.00 0.00 0.00 0.00 0.00 98.24
674 0.00 0.00 0.00 0.25 0.00 0.00 0.00 0.00 0.00 99.75
675 0.00 0.00 0.00 1.01 0.00 0.00 0.00 0.00 0.00 98.99
676 0.00 0.00 0.00 0.00 0.00 0.00 0.00 0.00 0.00 100.00
677 0.25 0.00 0.00 0.75 0.00 0.00 0.00 0.00 0.00 99.00
678 0.00 0.00 0.51 1.77 0.00 0.00 0.00 0.00 0.00 97.73
679 0.00 0.00 0.25 1.01 0.00 0.00 0.00 0.00 0.00 98.74
680 0.00 0.00 0.00 0.00 0.00 0.00 0.00 0.00 0.00 100.00
681 0.25 0.00 0.25 0.75 0.00 0.00 0.00 0.00 0.00 98.75
682 0.00 0.00 0.00 0.00 0.00 0.00 0.00 0.00 0.00 100.00
683 0.00 0.00 0.00 0.75 0.00 0.00 0.00 0.00 0.00 99.25
684 0.00 0.00 0.00 0.00 0.00 0.00 0.00 0.00 0.00 100.00
685 0.25 0.00 0.00 0.75 0.00 0.00 0.00 0.00 0.00 98.99
686 0.00 0.00 0.00 0.25 0.00 0.00 0.00 0.00 0.00 99.75
687 0.25 0.00 0.00 0.50 0.00 0.00 0.25 0.00 0.00 99.00
688 0.50 0.00 0.25 0.00 0.00 0.00 0.00 0.00 0.00 99.25
689 0.00 0.00 0.00 0.76 0.00 0.00 0.00 0.00 0.00 99.24
690 0.50 0.00 0.25 0.00 0.00 0.00 0.00 0.00 0.00 99.25
691 0.00 0.00 0.25 1.01 0.00 0.00 0.00 0.00 0.00 98.74
692 0.00 0.00 0.00 0.25 0.00 0.00 0.00 0.00 0.00 99.75
693 0.25 0.00 0.25 0.75 0.00 0.00 0.00 0.00 0.00 98.75
694 0.25 0.00 0.25 0.25 0.00 0.00 0.00 0.00 0.00 99.25
695 0.00 0.00 0.25 1.01 0.00 0.00 0.00 0.00 0.00 98.74
696 0.00 0.00 0.00 0.50 0.00 0.00 0.00 0.00 0.00 99.50
697 0.50 0.00 0.25 4.00 0.00 0.00 0.00 0.00 0.00 95.25
698 0.00 0.00 0.25 0.25 0.00 0.00 0.25 0.00 0.00 99.25
699 0.00 0.00 0.00 1.26 0.00 0.00 0.00 0.00 0.00 98.74
700 0.00 0.00 0.25 0.75 0.00 0.00 0.00 0.00 0.00 99.00
701 0.25 0.00 0.25 0.75 0.00 0.00 0.00 0.00 0.00 98.75
702 0.25 0.00 0.25 0.25 0.00 0.00 0.00 0.00 0.00 99.25
703 0.50 0.00 0.25 1.26 0.00 0.00 0.00 0.00 0.00 97.98
704 0.25 0.00 0.00 0.25 0.00 0.00 0.00 0.00 0.00 99.50
705 0.00 0.00 0.25 0.50 0.00 0.00 0.00 0.00 0.00 99.25
706 0.50 0.00 0.00 0.50 0.00 0.00 0.00 0.00 0.00 99.00
707 0.25 0.00 0.25 1.25 0.00 0.00 0.00 0.00 0.00 98.25
708 0.25 0.00 0.25 0.00 0.00 0.00 0.00 0.00 0.00 99.50
709 0.25 0.00 0.25 0.75 0.00 0.00 0.00 0.00 0.00 98.75
710 0.25 0.00 0.00 0.00 0.00 0.00 0.25 0.00 0.00 99.50
711 0.00 0.00 0.00 0.76 0.00 0.00 0.00 0.00 0.00 99.24
712 0.00 0.00 0.25 0.25 0.00 0.00 0.00 0.00 0.00 99.50
713 0.25 0.00 0.00 1.01 0.00 0.00 0.00 0.00 0.00 98.74
714 0.25 0.00 0.25 0.50 0.00 0.00 0.00 0.00 0.00 99.00
715 0.00 0.00 0.00 0.25 0.00 0.00 0.00 0.00 0.00 99.75
716 0.50 0.00 0.25 0.25 0.00 0.00 0.00 0.00 0.00 99.00
717 0.25 0.00 0.00 0.25 0.00 0.00 0.00 0.00 0.00 99.50
718 0.00 0.00 0.25 0.00 0.00 0.00 0.00 0.00 0.00 99.75
719 0.25 0.00 0.00 1.00 0.00 0.00 0.00 0.00 0.00 98.75
720 0.00 0.00 0.00 0.25 0.00 0.00 0.00 0.00 0.00 99.75
721 0.25 0.00 0.00 1.50 0.00 0.00 0.00 0.00 0.00 98.25
722 0.50 0.00 0.00 0.50 0.00 0.00 0.00 0.00 0.00 98.99
723 0.00 0.00 0.50 1.75 0.00 0.00 0.00 0.00 0.00 97.74
724 0.25 0.00 0.25 0.00 0.00 0.00 0.00 0.00 0.00 99.50
725 0.50 0.00 0.00 6.52 0.00 0.00 0.00 0.00 0.00 92.98
726 0.25 0.00 0.00 0.00 0.00 0.00 0.00 0.00 0.00 99.75
727 0.00 0.00 0.25 2.76 0.00 0.00 0.25 0.00 0.00 96.74
728 0.00 0.00 0.25 0.25 0.00 0.00 0.00 0.00 0.00 99.50
729 0.25 0.00 0.25 6.50 0.00 0.00 0.00 0.00 0.00 93.00
730 0.25 0.00 0.25 1.50 0.00 0.00 0.00 0.00 0.00 97.99
731 0.00 0.00 0.00 1.26 0.00 0.00 0.00 0.00 0.00 98.74
732 0.25 0.00 0.00 6.02 0.00 0.00 0.00 0.00 0.00 93.73
733 0.00 0.00 0.50 2.02 0.00 0.00 0.00 0.00 0.00 97.48
734 0.00 0.00 0.25 0.75 0.00 0.00 0.00 0.00 0.00 99.00
735 0.25 0.00 0.25 0.25 0.00 0.00 0.00 0.00 0.00 99.25
736 0.00 0.00 0.25 0.50 0.00 0.00 0.00 0.00 0.00 99.25
737 13.96 0.00 0.25 2.28 0.00 0.00 0.25 0.00 0.00 83.25
738 24.87 0.00 0.75 0.00 0.00 0.00 0.00 0.00 0.00 74.37
739 24.69 0.00 0.00 0.25 0.00 0.00 0.00 0.00 0.00 75.06
740 24.87 0.00 0.00 0.25 0.00 0.00 0.00 0.00 0.00 74.87
741 52.31 0.00 0.26 4.87 0.00 0.00 0.00 0.00 0.00 42.56
742 17.09 0.00 0.25 0.00 0.00 0.00 0.25 0.00 0.00 82.41
743 0.00 0.00 0.00 0.75 0.00 0.00 0.00 0.00 0.00 99.25
744 0.25 0.00 0.50 0.25 0.00 0.00 0.00 0.00 0.00 98.99
745 0.00 0.00 0.00 0.50 0.00 0.00 0.00 0.00 0.00 99.50
746 0.25 0.00 0.25 0.50 0.00 0.00 0.00 0.00 0.00 98.99
747 0.50 0.00 0.00 0.75 0.00 0.00 0.00 0.00 0.00 98.75
748 0.00 0.00 0.25 0.50 0.00 0.00 0.00 0.00 0.00 99.25
749 0.00 0.00 0.00 0.00 0.00 0.00 0.00 0.00 0.00 100.00
750 0.00 0.00 0.25 0.50 0.00 0.00 0.00 0.00 0.00 99.25
751 0.50 0.00 0.00 0.00 0.00 0.00 0.25 0.00 0.00 99.25
752 0.50 0.00 0.25 1.26 0.00 0.00 0.00 0.00 0.00 97.99
753 35.84 0.00 3.38 14.81 0.00 0.26 0.00 0.00 0.00 45.71
754 23.12 0.00 2.86 59.48 0.00 0.00 0.00 0.00 0.00 14.55
755 28.64 0.00 2.56 50.90 0.00 0.00 0.26 0.00 0.00 17.65
756 0.77 0.00 0.26 74.81 0.00 0.00 0.26 0.00 0.00 23.91
757 3.03 0.00 0.25 66.41 0.00 0.00 0.00 0.00 0.00 30.30
758 35.04 0.00 3.07 23.27 0.00 0.26 0.00 0.00 0.00 38.36
759 1.77 0.00 0.00 83.54 0.00 0.00 0.00 0.00 0.00 14.68
760 0.00 0.00 0.50 75.38 0.00 0.00 0.00 0.00 0.00 24.12
761 0.00 0.00 0.00 74.94 0.00 0.00 0.00 0.00 0.00 25.06
762 15.70 0.00 0.76 48.61 0.00 0.00 0.25 0.00 0.00 34.68
763 14.29 0.00 0.78 60.26 0.00 0.00 0.52 0.00 0.00 24.16
764 0.51 0.00 0.51 97.96 0.00 0.00 0.25 0.00 0.00 0.76
765 1.28 0.00 0.26 79.85 0.00 0.00 0.51 0.00 0.00 18.11
766 54.15 0.00 1.81 14.25 0.00 0.00 0.26 0.00 0.00 29.53
767 40.75 0.00 0.80 6.17 0.00 0.00 0.00 0.00 0.00 52.28
768 0.75 0.00 0.00 1.50 0.00 0.00 0.00 0.00 0.00 97.74
769 0.00 0.00 0.50 0.25 0.00 0.00 0.00 0.00 0.00 99.25
770 0.00 0.00 0.25 0.50 0.00 0.00 0.00 0.00 0.00 99.24
771 0.25 0.00 0.00 0.25 0.00 0.00 0.25 0.00 0.00 99.25
772 0.00 0.00 0.25 1.01 0.00 0.00 0.00 0.00 0.00 98.74
773 0.00 0.00 0.25 0.25 0.00 0.00 0.00 0.00 0.00 99.50
774 0.25 0.00 0.50 1.50 0.00 0.00 0.00 0.00 0.00 97.75
775 0.25 0.00 0.00 0.50 0.00 0.00 0.00 0.00 0.00 99.25
776 0.25 0.00 0.00 0.75 0.00 0.00 0.00 0.00 0.00 98.99
777 0.00 0.00 0.25 1.76 0.00 0.00 0.00 0.00 0.00 97.98
778 0.00 0.00 0.25 1.50 0.00 0.00 0.00 0.00 0.00 98.25
779 0.25 0.00 0.00 1.01 0.00 0.00 0.00 0.00 0.00 98.74
780 0.50 0.00 0.00 0.76 0.00 0.00 0.00 0.00 0.00 98.74
781 0.25 0.00 0.25 1.51 0.00 0.00 0.00 0.00 0.00 97.98
782 0.00 0.00 0.25 0.50 0.00 0.00 0.00 0.00 0.00 99.25
783 0.25 0.00 0.00 0.25 0.00 0.00 0.00 0.00 0.00 99.50
784 0.25 0.00 0.00 1.50 0.00 0.00 0.00 0.00 0.00 98.25
785 0.00 0.00 0.00 0.50 0.00 0.00 0.00 0.00 0.00 99.50
786 0.00 0.00 0.25 1.01 0.00 0.00 0.00 0.00 0.00 98.74
787 0.25 0.00 0.25 0.50 0.00 0.00 0.00 0.00 0.00 99.00
788 0.50 0.00 0.50 0.50 0.00 0.00 0.25 0.00 0.00 98.25
789 0.00 0.00 0.00 0.50 0.00 0.00 0.00 0.00 0.00 99.50
790 0.25 0.00 0.00 3.52 0.00 0.00 0.00 0.00 0.00 96.23
791 0.00 0.00 0.25 2.25 0.00 0.00 0.00 0.00 0.00 97.50
792 0.25 0.00 0.00 6.28 0.00 0.00 0.00 0.00 0.00 93.47
793 0.00 0.00 0.50 0.50 0.00 0.00 0.00 0.00 0.00 98.99
794 0.00 0.00 0.00 8.33 0.00 0.00 0.00 0.00 0.00 91.67
795 0.00 0.00 0.25 0.50 0.00 0.00 0.00 0.00 0.00 99.25
796 0.25 0.00 0.50 0.75 0.00 0.00 0.00 0.00 0.00 98.50
797 0.00 0.00 0.76 11.11 0.00 0.00 0.00 0.00 0.00 88.13
798 24.10 0.00 0.26 5.13 0.00 0.00 0.00 0.00 0.00 70.51
799 97.42 0.00 0.52 1.29 0.00 0.00 0.00 0.00 0.00 0.77
800 94.36 0.00 1.03 2.56 0.00 0.26 0.00 0.00 0.00 1.79
801 80.88 0.00 1.29 3.62 0.00 0.00 0.00 0.00 0.00 14.21
802 25.06 0.00 1.00 0.00 0.00 0.00 0.00 0.00 0.00 73.93
803 24.05 0.00 0.00 0.51 0.00 0.00 0.00 0.00 0.00 75.44
804 38.99 0.00 0.76 1.01 0.00 0.00 0.25 0.00 0.00 58.99
805 24.69 0.00 0.25 0.25 0.00 0.00 0.00 0.00 0.00 74.81
806 24.69 0.00 0.25 1.01 0.00 0.00 0.00 0.00 0.00 74.06
807 47.19 0.00 1.02 0.00 0.00 0.00 0.26 0.00 0.00 51.53
808 24.30 0.00 0.25 0.76 0.00 0.00 0.25 0.00 0.00 74.43
809 24.94 0.00 0.00 0.25 0.00 0.00 0.00 0.00 0.00 74.81
810 40.05 0.00 1.01 1.76 0.00 0.25 0.00 0.00 0.00 56.93
811 25.25 0.00 0.25 1.00 0.00 0.00 0.00 0.00 0.00 73.50
812 34.79 0.00 2.06 11.08 0.00 0.00 0.00 0.00 0.00 52.06
813 24.87 0.00 0.00 7.61 0.00 0.00 0.00 0.00 0.00 67.51
814 24.87 0.00 0.00 2.01 0.00 0.00 0.00 0.00 0.00 73.12
815 25.13 0.00 0.00 0.75 0.00 0.00 0.25 0.00 0.00 73.87
816 41.60 0.00 0.78 22.22 0.00 0.00 0.26 0.00 0.00 35.14
817 25.38 0.00 0.50 6.78 0.00 0.00 0.00 0.00 0.00 67.34
818 25.06 0.00 0.25 0.50 0.00 0.00 0.00 0.00 0.00 74.19
819 39.85 0.00 1.02 0.25 0.00 0.51 0.00 0.00 0.00 58.38
820 24.69 0.00 0.50 0.50 0.00 0.00 0.25 0.00 0.00 74.06
821 41.28 0.00 0.77 0.26 0.00 0.00 0.00 0.00 0.00 57.69
822 25.13 0.00 0.00 0.25 0.00 0.00 0.00 0.00 0.00 74.62
823 41.64 0.00 0.80 6.90 0.00 0.27 0.00 0.00 0.00 50.40
824 24.87 0.00 0.25 1.01 0.00 0.00 0.00 0.00 0.00 73.87
825 37.95 0.00 0.77 0.51 0.00 0.00 0.26 0.00 0.00 60.51
826 25.13 0.00 0.00 0.75 0.00 0.00 0.00 0.00 0.00 74.12
827 34.10 0.00 1.02 0.00 0.00 0.25 0.00 0.00 0.00 64.63
828 30.63 0.00 0.51 0.25 0.00 0.00 0.00 0.00 0.00 68.61
829 25.00 0.00 0.25 0.25 0.00 0.00 0.00 0.00 0.00 74.50
830 42.75 0.00 1.53 1.78 0.00 0.00 0.00 0.00 0.00 53.94
831 24.69 0.00 0.00 1.51 0.00 0.00 0.00 0.00 0.00 73.80
832 41.18 0.00 0.77 4.35 0.00 0.00 0.26 0.00 0.00 53.45
833 25.00 0.00 0.00 0.50 0.00 0.25 0.00 0.00 0.00 74.25
834 25.19 0.00 0.00 0.76 0.00 0.00 0.00 0.00 0.00 74.06
835 24.62 0.00 0.00 2.51 0.00 0.00 0.00 0.00 0.00 72.86
836 24.69 0.00 0.25 3.02 0.00 0.00 0.00 0.00 0.00 72.04
837 31.57 0.00 0.76 5.05 0.00 0.00 0.00 0.00 0.00 62.63
838 24.87 0.00 0.25 1.01 0.00 0.00 0.00 0.00 0.00 73.87
839 26.20 0.00 0.76 2.77 0.00 0.00 0.00 0.00 0.00 70.28
840 25.00 0.00 0.25 0.00 0.00 0.00 0.25 0.00 0.00 74.50
841 34.01 0.00 0.51 0.00 0.00 0.00 0.00 0.00 0.00 65.48
842 24.87 0.00 0.25 1.26 0.00 0.00 0.00 0.00 0.00 73.62
843 29.44 0.00 0.51 1.02 0.00 0.00 0.00 0.00 0.00 69.04
844 24.94 0.00 0.00 0.50 0.00 0.00 0.00 0.00 0.00 74.56
845 23.17 0.00 0.25 1.51 0.00 0.00 0.00 0.00 0.00 75.06
846 26.02 0.00 0.77 0.51 0.00 0.00 0.00 0.00 0.00 72.70
847 24.87 0.00 0.25 0.25 0.00 0.00 0.00 0.00 0.00 74.62
848 25.00 0.00 0.75 0.00 0.00 0.00 0.25 0.00 0.00 74.00
849 24.94 0.00 0.00 0.25 0.00 0.00 0.00 0.00 0.00 74.81
850 25.06 0.00 0.25 1.00 0.00 0.00 0.00 0.00 0.00 73.68
851 26.20 0.00 0.76 0.76 0.00 0.00 0.00 0.00 0.00 72.29
852 32.82 0.00 11.20 23.16 0.00 0.00 0.00 0.00 0.00 32.82
853 24.56 0.00 0.00 9.87 0.00 0.00 0.25 0.00 0.00 65.32
854 24.81 0.00 0.51 7.59 0.00 0.00 0.00 0.00 0.00 67.09
855 42.09 0.00 0.51 1.02 0.00 0.00 0.26 0.00 0.00 56.12
856 24.56 0.00 0.25 3.80 0.00 0.00 0.00 0.00 0.00 71.39
857 31.03 0.00 1.28 14.87 0.00 0.00 0.00 0.00 0.00 52.82
858 24.87 0.00 0.25 17.51 0.00 0.00 0.00 0.00 0.00 57.36
859 28.03 0.00 0.51 1.77 0.00 0.25 0.00 0.00 0.00 69.44
860 28.28 0.00 1.77 1.52 0.00 0.00 0.00 0.00 0.00 68.43
861 29.47 0.00 0.25 0.76 0.00 0.00 0.00 0.00 0.00 69.52
862 28.28 0.00 0.51 1.26 0.00 0.00 0.00 0.00 0.00 69.95
863 24.87 0.00 0.25 0.50 0.00 0.00 0.00 0.00 0.00 74.37
864 32.99 0.00 0.51 2.03 0.00 0.00 0.00 0.00 0.00 64.47
865 25.13 0.00 0.00 0.25 0.00 0.00 0.00 0.00 0.00 74.62
866 40.26 0.00 1.03 3.33 0.00 0.00 0.26 0.00 0.00 55.13
867 25.25 0.00 0.50 1.75 0.00 0.00 0.00 0.00 0.00 72.50
868 24.94 0.00 0.00 1.01 0.00 0.00 0.00 0.00 0.00 74.06
869 34.85 0.00 0.51 1.77 0.00 0.00 0.00 0.00 0.00 62.88
870 24.75 0.00 0.25 1.26 0.00 0.00 0.00 0.00 0.00 73.74
871 30.73 0.00 0.00 12.09 0.00 0.00 0.00 0.00 0.00 57.18
872 34.67 0.00 0.00 3.77 0.00 0.25 0.00 0.00 0.00 61.31
873 25.06 0.00 0.25 0.75 0.00 0.00 0.00 0.00 0.00 73.93
874 36.11 0.00 0.51 5.05 0.00 0.25 0.00 0.00 0.00 58.08
875 27.27 0.00 0.51 0.76 0.00 0.00 0.00 0.00 0.00 71.46
876 24.87 0.00 0.00 1.51 0.00 0.00 0.00 0.00 0.00 73.62
877 17.42 0.00 0.25 12.37 0.00 0.00 0.00 0.00 0.00 69.95
878 0.25 0.00 0.25 2.51 0.00 0.00 0.00 0.00 0.00 96.99
879 0.25 0.00 0.00 0.75 0.00 0.25 0.00 0.00 0.00 98.75
880 0.00 0.00 0.25 1.25 0.00 0.00 0.00 0.00 0.00 98.50
881 0.25 0.00 0.00 0.00 0.00 0.00 0.00 0.00 0.00 99.75
882 0.25 0.00 0.25 0.50 0.00 0.00 0.25 0.00 0.00 98.75
883 0.25 0.00 0.51 19.44 0.00 0.00 0.00 0.00 0.00 79.80
884 0.00 0.00 0.00 25.00 0.00 0.00 0.00 0.00 0.00 75.00
885 0.25 0.00 0.00 27.96 0.00 0.00 0.00 0.00 0.00 71.79
886 0.00 0.00 0.50 15.83 0.00 0.00 0.00 0.00 0.00 83.67
887 4.29 0.00 0.00 1.77 0.00 0.00 0.00 0.00 0.00 93.94
888 25.06 0.00 0.00 1.25 0.00 0.00 0.00 0.00 0.00 73.68
889 25.00 0.00 0.25 0.75 0.00 0.00 0.00 0.00 0.00 74.00
890 24.94 0.00 0.25 17.30 0.00 0.00 0.00 0.00 0.00 57.51
891 24.62 0.00 0.25 0.25 0.00 0.00 0.00 0.00 0.00 74.87
892 25.13 0.00 0.25 1.76 0.00 0.00 0.00 0.00 0.00 72.86
893 24.69 0.00 0.25 0.50 0.00 0.00 0.00 0.00 0.00 74.56
894 24.94 0.00 0.75 1.00 0.00 0.00 0.00 0.00 0.00 73.32
895 24.56 0.00 0.00 1.01 0.00 0.00 0.00 0.00 0.00 74.43
896 8.63 0.00 1.02 0.25 0.00 0.00 0.00 0.00 0.00 90.10
897 0.50 0.00 0.00 1.75 0.00 0.00 0.00 0.00 0.00 97.74
898 0.25 0.00 0.50 1.75 0.00 0.00 0.00 0.00 0.00 97.50
899 0.25 0.00 0.00 0.75 0.00 0.00 0.25 0.00 0.00 98.75
900 0.00 0.00 0.50 2.01 0.00 0.00 0.00 0.00 0.00 97.49
901 0.51 0.00 0.51 36.11 0.00 0.00 0.00 0.00 0.00 62.88
902 0.25 0.00 0.50 2.51 0.00 0.00 0.00 0.00 0.00 96.74
903 0.25 0.00 0.50 1.25 0.00 0.00 0.00 0.00 0.00 97.99
904 0.00 0.00 0.25 0.50 0.00 0.00 0.00 0.00 0.00 99.25
905 0.25 0.00 0.25 1.25 0.00 0.00 0.00 0.00 0.00 98.25
906 0.25 0.00 0.25 0.25 0.00 0.00 0.00 0.00 0.00 99.25
907 0.00 0.00 0.50 1.76 0.00 0.00 0.00 0.00 0.00 97.74
908 0.25 0.00 0.25 0.25 0.00 0.00 0.00 0.00 0.00 99.25
909 0.00 0.00 0.00 1.51 0.00 0.00 0.00 0.00 0.00 98.49
910 0.00 0.00 0.00 0.50 0.00 0.00 0.00 0.00 0.00 99.50
911 0.00 0.00 0.00 1.26 0.00 0.00 0.00 0.00 0.00 98.74
912 0.00 0.00 0.25 0.75 0.00 0.00 0.00 0.00 0.00 99.00
913 0.25 0.00 0.50 2.51 0.00 0.00 0.25 0.00 0.00 96.48
914 0.25 0.00 0.00 0.50 0.00 0.00 0.00 0.00 0.00 99.25
915 0.25 0.00 0.00 0.76 0.00 0.00 0.00 0.00 0.00 98.99
916 0.00 0.00 0.25 0.25 0.00 0.00 0.00 0.00 0.00 99.50
917 0.50 0.00 0.00 12.34 0.00 0.00 0.00 0.00 0.00 87.15
918 0.25 0.00 1.26 9.05 0.00 0.00 0.00 0.00 0.00 89.45
919 0.50 0.00 0.25 3.00 0.00 0.00 0.00 0.00 0.00 96.25
920 0.00 0.00 0.25 0.75 0.00 0.00 0.00 0.00 0.00 99.00
921 0.25 0.00 0.00 1.51 0.00 0.00 0.00 0.00 0.00 98.24
922 0.00 0.00 0.50 0.75 0.00 0.00 0.00 0.00 0.00 98.75
923 0.00 0.00 0.00 1.26 0.00 0.00 0.00 0.00 0.00 98.74
924 0.00 0.00 0.00 0.50 0.00 0.00 0.00 0.00 0.00 99.50
925 0.25 0.00 0.25 1.50 0.00 0.00 0.00 0.00 0.00 97.99
926 0.25 0.00 0.00 0.25 0.00 0.00 0.00 0.00 0.00 99.50
927 0.25 0.00 0.00 1.25 0.00 0.00 0.00 0.00 0.00 98.50
928 0.25 0.00 0.25 0.75 0.00 0.00 0.00 0.00 0.00 98.75
929 0.00 0.00 0.25 1.00 0.00 0.00 0.00 0.00 0.00 98.75
930 0.25 0.00 0.25 0.50 0.00 0.00 0.00 0.00 0.00 99.00
931 0.25 0.00 0.00 1.00 0.00 0.00 0.00 0.00 0.00 98.75
932 0.00 0.00 0.00 1.01 0.00 0.00 0.00 0.00 0.00 98.99
933 0.25 0.00 0.25 4.01 0.00 0.00 0.00 0.00 0.00 95.49
934 0.25 0.00 0.50 4.25 0.00 0.00 0.25 0.00 0.00 94.75
935 0.25 0.00 0.00 4.02 0.00 0.00 0.00 0.00 0.00 95.73
936 0.25 0.00 0.00 4.01 0.00 0.00 0.00 0.00 0.00 95.74
937 0.00 0.00 0.25 4.53 0.00 0.00 0.00 0.00 0.00 95.21
938 0.00 0.00 0.00 1.01 0.00 0.00 0.00 0.00 0.00 98.99
939 0.25 0.00 0.25 3.26 0.00 0.00 0.00 0.00 0.00 96.24
940 0.00 0.00 0.00 0.25 0.00 0.00 0.00 0.00 0.00 99.75
941 0.25 0.00 0.00 1.25 0.00 0.00 0.00 0.00 0.00 98.50
942 0.00 0.00 0.00 0.50 0.00 0.00 0.00 0.00 0.00 99.50
943 0.00 0.00 0.00 5.56 0.00 0.00 0.25 0.00 0.00 94.19
944 0.50 0.00 0.00 1.25 0.00 0.00 0.25 0.00 0.00 97.99
945 0.00 0.00 0.25 1.76 0.00 0.00 0.00 0.00 0.00 97.99
946 0.00 0.00 0.00 0.76 0.00 0.00 0.00 0.00 0.00 99.24
947 0.25 0.00 0.25 0.75 0.00 0.00 0.00 0.00 0.00 98.75
948 0.25 0.00 0.25 0.50 0.00 0.00 0.00 0.00 0.00 99.00
949 0.25 0.00 0.25 0.75 0.00 0.00 0.00 0.00 0.00 98.75
950 0.25 0.00 0.00 0.25 0.00 0.00 0.00 0.00 0.00 99.50
951 0.76 0.00 1.01 12.63 0.00 0.00 0.00 0.00 0.00 85.61
952 0.25 0.00 0.00 1.01 0.00 0.00 0.00 0.00 0.00 98.74
953 0.00 0.00 0.00 0.50 0.00 0.00 0.00 0.00 0.00 99.50
954 0.25 0.00 0.25 0.25 0.00 0.00 0.25 0.00 0.00 99.00
955 0.25 0.00 0.25 1.00 0.00 0.00 0.00 0.00 0.00 98.50
956 0.50 0.00 0.25 0.75 0.00 0.00 0.00 0.00 0.00 98.50
957 0.25 0.00 0.50 1.00 0.00 0.00 0.00 0.00 0.00 98.25
958 0.00 0.00 0.25 0.25 0.00 0.00 0.00 0.00 0.00 99.50
959 0.25 0.00 0.00 1.25 0.00 0.00 0.00 0.00 0.00 98.50
960 0.00 0.00 0.00 0.50 0.00 0.00 0.00 0.00 0.00 99.50
961 0.25 0.00 0.25 0.50 0.00 0.00 0.00 0.00 0.00 99.00
962 0.00 0.00 0.00 0.50 0.00 0.00 0.00 0.00 0.00 99.50
963 0.00 0.00 0.00 1.26 0.00 0.00 0.00 0.00 0.00 98.74
964 0.25 0.00 0.00 0.25 0.00 0.00 0.00 0.00 0.00 99.50
965 0.50 0.00 0.25 0.75 0.00 0.00 0.00 0.00 0.00 98.51
966 0.25 0.00 0.25 1.00 0.00 0.00 0.00 0.00 0.00 98.50
967 0.25 0.00 0.25 0.75 0.00 0.00 0.00 0.00 0.00 98.75
968 0.00 0.00 0.00 1.26 0.00 0.00 0.00 0.00 0.00 98.74
969 0.25 0.00 0.00 1.25 0.00 0.00 0.00 0.00 0.00 98.50
970 0.25 0.00 0.25 0.75 0.00 0.00 0.00 0.00 0.00 98.75
971 0.25 0.00 0.25 0.75 0.00 0.00 0.00 0.00 0.00 98.75
972 0.00 0.00 0.50 0.75 0.00 0.25 0.00 0.00 0.00 98.50
973 0.25 0.00 0.00 3.80 0.00 0.00 0.00 0.00 0.00 95.95
974 0.00 0.00 0.25 0.25 0.00 0.00 0.25 0.00 0.00 99.25
975 0.00 0.00 0.00 0.76 0.00 0.00 0.00 0.00 0.00 99.24
976 0.25 0.00 0.25 0.50 0.00 0.00 0.00 0.00 0.00 99.00
977 0.25 0.00 0.76 11.84 0.00 0.00 0.00 0.00 0.00 87.15
978 0.50 0.00 0.25 0.50 0.00 0.00 0.00 0.00 0.00 98.75
979 0.00 0.00 0.00 0.25 0.00 0.00 0.00 0.00 0.00 99.75
980 0.00 0.00 0.25 0.25 0.00 0.00 0.00 0.00 0.00 99.50
981 0.25 0.00 0.25 0.25 0.00 0.00 0.00 0.00 0.00 99.25
982 0.25 0.00 0.00 0.25 0.00 0.00 0.00 0.00 0.00 99.50
983 0.25 0.00 0.00 0.75 0.00 0.00 0.00 0.00 0.00 99.00
984 0.25 0.00 0.50 4.24 0.00 0.00 0.00 0.00 0.00 95.01
985 0.25 0.00 0.00 0.50 0.00 0.00 0.00 0.00 0.00 99.24
986 0.50 0.00 0.00 0.25 0.00 0.00 0.25 0.00 0.00 99.00
987 0.00 0.00 0.25 1.00 0.00 0.00 0.00 0.00 0.00 98.75
988 0.25 0.00 0.00 2.76 0.00 0.00 0.00 0.00 0.00 96.98
989 0.25 0.00 0.25 3.75 0.00 0.00 0.00 0.00 0.00 95.75
990 0.25 0.00 0.00 0.00 0.00 0.00 0.00 0.00 0.00 99.75
991 0.00 0.00 0.00 1.51 0.00 0.00 0.00 0.00 0.00 98.49
992 0.00 0.00 0.00 4.52 0.00 0.00 0.00 0.00 0.00 95.48
993 0.00 0.00 0.00 1.26 0.00 0.00 0.00 0.00 0.00 98.74
994 0.00 0.00 0.25 2.01 0.00 0.00 0.00 0.00 0.00 97.74
995 0.00 0.00 0.00 1.26 0.00 0.00 0.00 0.00 0.00 98.74
996 0.00 0.00 0.25 0.00 0.00 0.00 0.00 0.00 0.00 99.75
997 0.25 0.00 0.00 3.52 0.00 0.00 0.00 0.00 0.00 96.23
998 0.25 0.00 0.00 1.50 0.00 0.00 0.00 0.00 0.00 98.25
999 0.00 0.00 0.00 0.25 0.00 0.00 0.00 0.00 0.00 99.75
1000 0.25 0.00 0.00 0.25 0.00 0.00 0.00 0.00 0.00 99.50
1001 0.00 0.00 0.00 0.25 0.00 0.00 0.00 0.00 0.00 99.75
1002 0.25 0.00 0.25 0.25 0.00 0.00 0.00 0.00 0.00 99.25
1003 0.00 0.00 0.25 1.01 0.00 0.00 0.25 0.00 0.00 98.49
1004 0.00 0.00 0.00 0.25 0.00 0.00 0.00 0.00 0.00 99.75
1005 0.50 0.00 0.00 0.50 0.00 0.00 0.00 0.00 0.00 99.00
1006 0.25 0.00 0.25 0.25 0.00 0.00 0.00 0.00 0.00 99.25
1007 0.25 0.00 0.25 0.50 0.00 0.00 0.00 0.00 0.00 99.00
1008 0.00 0.00 0.00 0.25 0.00 0.00 0.00 0.00 0.00 99.75
1009 0.00 0.00 0.25 1.50 0.00 0.00 0.00 0.00 0.00 98.25
1010 0.25 0.00 0.00 0.50 0.00 0.00 0.00 0.00 0.00 99.25
1011 0.25 0.00 0.25 0.75 0.00 0.00 0.00 0.00 0.00 98.75
1012 0.25 0.00 0.00 0.75 0.00 0.00 0.00 0.00 0.00 99.00
1013 0.00 0.00 0.25 0.50 0.00 0.00 0.00 0.00 0.00 99.25
1014 0.00 0.00 0.00 0.50 0.00 0.00 0.00 0.00 0.00 99.50
1015 0.00 0.00 0.25 0.50 0.00 0.00 0.00 0.00 0.00 99.25
1016 0.25 0.00 0.00 0.00 0.00 0.00 0.00 0.00 0.00 99.75
1017 0.25 0.00 0.00 0.25 0.00 0.00 0.00 0.00 0.00 99.50
1018 0.00 0.00 0.00 1.01 0.00 0.00 0.00 0.00 0.00 98.99
1019 0.25 0.00 0.00 0.00 0.00 0.00 0.00 0.00 0.00 99.75
1020 0.00 0.00 0.25 0.75 0.00 0.00 0.00 0.00 0.00 99.00
1021 0.25 0.00 0.25 0.00 0.00 0.00 0.00 0.00 0.00 99.50
1022 0.25 0.00 1.27 7.87 0.00 0.00 0.00 0.00 0.00 90.61
1023 0.50 0.00 0.00 0.00 0.00 0.00 0.00 0.00 0.00 99.50
1024 0.00 0.00 0.25 0.75 0.00 0.00 0.25 0.00 0.00 98.75
1025 0.00 0.00 0.00 0.25 0.00 0.00 0.00 0.00 0.00 99.75
1026 0.25 0.00 0.00 1.01 0.00 0.00 0.00 0.00 0.00 98.74
1027 0.00 0.00 0.00 0.00 0.00 0.00 0.00 0.00 0.00 100.00
1028 0.00 0.00 0.00 1.01 0.00 0.00 0.00 0.00 0.00 98.99
1029 0.00 0.00 0.00 0.25 0.00 0.00 0.00 0.00 0.00 99.75
1030 0.75 0.00 0.25 1.00 0.00 0.00 0.00 0.00 0.00 98.00
1031 0.50 0.00 0.00 1.25 0.00 0.00 0.00 0.00 0.00 98.25
1032 0.25 0.00 0.25 1.26 0.00 0.00 0.25 0.00 0.00 97.99
1033 0.25 0.00 0.50 0.25 0.00 0.00 0.00 0.00 0.00 98.99
1034 0.25 0.00 0.00 1.01 0.00 0.00 0.00 0.00 0.00 98.74
1035 0.00 0.00 0.00 0.50 0.00 0.00 0.25 0.00 0.00 99.25
1036 0.25 0.00 0.00 0.76 0.00 0.00 0.00 0.00 0.00 98.99
1037 0.25 0.00 0.25 1.51 0.00 0.00 0.00 0.00 0.00 97.98
1038 0.00 0.00 0.25 0.50 0.00 0.00 0.00 0.00 0.00 99.25
1039 0.25 0.00 0.00 0.50 0.00 0.00 0.00 0.00 0.00 99.25
1040 0.25 0.00 0.00 0.50 0.00 0.00 0.00 0.00 0.00 99.25
1041 0.00 0.00 0.00 0.00 0.00 0.00 0.25 0.00 0.00 99.75
1042 0.25 0.00 0.00 1.01 0.00 0.00 0.00 0.00 0.00 98.74
1043 0.25 0.00 0.25 0.50 0.00 0.00 0.00 0.00 0.00 99.00
1044 0.25 0.00 0.25 1.25 0.00 0.00 0.00 0.00 0.00 98.25
1045 0.00 0.00 0.25 1.00 0.00 0.00 0.00 0.00 0.00 98.75
1046 0.00 0.00 0.00 2.02 0.00 0.00 0.00 0.00 0.00 97.98
1047 0.25 0.00 0.25 0.75 0.00 0.00 0.00 0.00 0.00 98.75
1048 0.00 0.00 0.00 2.77 0.00 0.00 0.00 0.00 0.00 97.23
1049 0.00 0.00 0.25 0.25 0.00 0.00 0.00 0.00 0.00 99.50
1050 0.25 0.00 0.25 6.52 0.00 0.00 0.00 0.00 0.00 92.98
1051 0.25 0.00 0.00 0.50 0.00 0.00 0.00 0.00 0.00 99.25
1052 0.00 0.00 0.00 4.52 0.00 0.00 0.00 0.00 0.00 95.48
1053 0.00 0.00 0.00 1.01 0.00 0.00 0.00 0.00 0.00 98.99
1054 0.25 0.00 0.50 4.74 0.00 0.00 0.00 0.00 0.00 94.51
1055 0.25 0.00 0.00 0.75 0.00 0.00 0.00 0.00 0.00 98.99
1056 0.25 0.00 0.25 3.50 0.00 0.00 0.00 0.00 0.00 96.00
1057 0.00 0.00 0.00 4.03 0.00 0.00 0.00 0.00 0.00 95.97
1058 0.25 0.00 0.00 6.53 0.00 0.00 0.00 0.00 0.00 93.22
1059 0.00 0.00 0.25 2.51 0.00 0.00 0.25 0.00 0.00 96.99
1060 0.50 0.00 0.25 0.75 0.00 0.00 0.00 0.00 0.00 98.50
1061 0.00 0.00 0.00 0.00 0.00 0.00 0.00 0.00 0.00 100.00
1062 0.25 0.00 0.25 1.00 0.00 0.00 0.00 0.00 0.00 98.50
1063 0.00 0.00 0.25 0.76 0.00 0.00 0.00 0.00 0.00 98.99
1064 0.00 0.00 0.25 1.26 0.00 0.00 0.00 0.00 0.00 98.49
1065 0.00 0.00 0.00 0.50 0.00 0.00 0.00 0.00 0.00 99.50
1066 0.25 0.00 0.25 0.50 0.00 0.00 0.00 0.00 0.00 98.99
1067 0.00 0.00 0.00 1.01 0.00 0.00 0.00 0.00 0.00 98.99
1068 0.25 0.00 0.25 0.50 0.00 0.00 0.00 0.00 0.00 99.00
1069 0.50 0.00 0.00 0.75 0.00 0.00 0.00 0.00 0.00 98.75
1070 0.00 0.00 0.25 1.26 0.00 0.00 0.25 0.00 0.00 98.24
1071 0.00 0.00 0.00 0.50 0.00 0.00 0.00 0.00 0.00 99.50
1072 0.00 0.00 0.25 1.25 0.00 0.00 0.00 0.00 0.00 98.50
1073 0.25 0.00 0.00 0.00 0.00 0.00 0.00 0.00 0.00 99.75
1074 0.25 0.00 0.00 0.75 0.00 0.00 0.00 0.00 0.00 99.00
1075 0.00 0.00 0.00 0.25 0.00 0.00 0.00 0.00 0.00 99.75
1076 0.25 0.00 0.25 1.00 0.00 0.00 0.00 0.00 0.00 98.50
1077 0.00 0.00 0.25 0.50 0.00 0.00 0.00 0.00 0.00 99.25
1078 0.25 0.00 0.00 0.50 0.00 0.00 0.00 0.00 0.00 99.25
1079 0.00 0.00 0.25 0.00 0.00 0.00 0.25 0.00 0.00 99.50
1080 0.25 0.00 0.25 0.75 0.00 0.00 0.00 0.00 0.00 98.75
1081 0.25 0.00 0.25 1.00 0.00 0.00 0.00 0.00 0.00 98.50
1082 0.00 0.00 0.00 0.76 0.00 0.00 0.00 0.00 0.00 99.24
1083 0.00 0.00 0.25 0.25 0.00 0.00 0.00 0.00 0.00 99.50
1084 0.25 0.00 0.25 0.50 0.00 0.00 0.00 0.00 0.00 99.00
1085 0.25 0.00 0.25 0.50 0.00 0.00 0.00 0.00 0.00 99.00
1086 0.25 0.00 0.00 0.50 0.00 0.00 0.00 0.00 0.00 99.25
1087 0.25 0.00 0.00 0.25 0.00 0.00 0.00 0.00 0.00 99.50
1088 0.00 0.00 0.25 0.50 0.00 0.00 0.00 0.00 0.00 99.25
1089 0.00 0.00 0.00 0.25 0.00 0.00 0.00 0.00 0.00 99.75
1090 0.00 0.00 0.25 0.75 0.00 0.00 0.00 0.00 0.00 99.00
1091 0.50 0.00 0.00 0.25 0.00 0.00 0.00 0.00 0.00 99.25
1092 0.00 0.00 0.50 0.75 0.00 0.00 0.00 0.00 0.00 98.75
1093 0.25 0.00 0.00 0.25 0.00 0.00 0.00 0.00 0.00 99.50
1094 0.25 0.00 0.25 1.00 0.00 0.00 0.00 0.00 0.00 98.50
1095 0.25 0.00 0.00 0.50 0.00 0.00 0.00 0.00 0.00 99.25
1096 0.25 0.00 0.25 0.50 0.00 0.00 0.00 0.00 0.00 98.99
1097 0.25 0.00 0.25 1.52 0.00 0.00 0.00 0.00 0.00 97.98
1098 0.50 0.00 0.25 1.25 0.00 0.00 0.00 0.00 0.00 98.00
1099 0.25 0.00 0.00 0.25 0.00 0.00 0.00 0.00 0.00 99.50
1100 0.50 0.00 0.00 0.75 0.00 0.00 0.00 0.00 0.00 98.75
1101 0.25 0.00 0.25 0.50 0.00 0.00 0.00 0.00 0.00 99.00
1102 0.25 0.00 0.00 1.26 0.00 0.00 0.00 0.00 0.00 98.49
1103 0.00 0.00 0.25 0.25 0.00 0.00 0.00 0.00 0.00 99.50
1104 0.25 0.00 0.00 0.75 0.00 0.00 0.00 0.00 0.00 99.00
1105 0.50 0.00 0.00 0.25 0.00 0.00 0.25 0.00 0.00 99.00
1106 0.00 0.00 0.25 1.01 0.00 0.00 0.00 0.00 0.00 98.74
1107 0.25 0.00 0.25 0.25 0.00 0.25 0.00 0.00 0.00 99.00
1108 0.25 0.00 0.00 1.00 0.00 0.00 0.00 0.00 0.00 98.75
1109 0.00 0.00 0.25 0.25 0.00 0.00 0.00 0.00 0.00 99.50
1110 0.25 0.00 0.25 0.75 0.00 0.00 0.00 0.00 0.00 98.75
1111 0.25 0.00 0.00 0.50 0.00 0.00 0.00 0.00 0.00 99.25
1112 0.00 0.00 0.00 1.76 0.00 0.00 0.00 0.00 0.00 98.24
1113 0.25 0.00 0.25 0.25 0.00 0.00 0.00 0.00 0.00 99.25
1114 0.25 0.00 0.25 22.81 0.00 0.00 0.00 0.00 0.00 76.69
1115 0.25 0.00 0.25 25.76 0.00 0.00 0.00 0.00 0.00 73.74
1116 0.50 0.00 0.50 24.56 0.00 0.00 0.00 0.00 0.00 74.44
1117 0.00 0.00 0.76 26.52 0.00 0.00 0.00 0.00 0.00 72.73
1118 0.50 0.00 1.00 24.69 0.00 0.00 0.00 0.00 0.00 73.82
1119 0.50 0.00 0.50 24.56 0.00 0.00 0.00 0.00 0.00 74.44
1120 0.50 0.00 0.25 30.00 0.00 0.00 0.00 0.00 0.00 69.25
1121 0.00 0.00 0.25 24.62 0.00 0.00 0.00 0.00 0.00 75.13
1122 0.50 0.00 2.01 22.61 0.00 0.00 0.00 0.00 0.00 74.87
1123 0.00 0.00 0.50 3.27 0.00 0.00 0.00 0.00 0.00 96.22
1124 0.50 0.00 1.00 0.50 0.00 0.00 0.00 0.00 0.00 97.99
1125 0.00 0.00 0.00 0.51 0.00 0.00 0.00 0.00 0.00 99.49
1126 0.00 0.00 0.25 0.50 0.00 0.00 0.00 0.00 0.00 99.25
1127 0.25 0.00 0.25 0.25 0.00 0.00 0.25 0.00 0.00 99.00
1128 0.25 0.00 0.25 0.50 0.00 0.00 0.00 0.00 0.00 99.00
1129 0.50 0.00 0.25 1.75 0.00 0.00 0.00 0.00 0.00 97.50
1130 0.00 0.00 0.25 0.75 0.00 0.00 0.00 0.00 0.00 98.99
1131 0.00 0.00 0.00 0.50 0.00 0.00 0.00 0.00 0.00 99.50
1132 0.00 0.00 0.25 1.01 0.00 0.00 0.00 0.00 0.00 98.74
1133 0.50 0.00 0.00 1.25 0.00 0.00 0.00 0.00 0.00 98.25
1134 0.00 0.00 0.25 0.50 0.00 0.00 0.00 0.00 0.00 99.25
1135 0.25 0.00 0.00 1.26 0.00 0.00 0.00 0.00 0.00 98.49
1136 0.25 0.00 0.25 0.25 0.00 0.00 0.00 0.00 0.00 99.25
1137 0.00 0.00 0.00 0.76 0.00 0.00 0.00 0.00 0.00 99.24
1138 0.25 0.00 0.25 0.50 0.00 0.00 0.25 0.00 0.00 98.75
1139 0.00 0.00 0.00 0.50 0.00 0.00 0.00 0.00 0.00 99.50
1140 0.25 0.00 0.00 0.00 0.00 0.00 0.00 0.00 0.00 99.75
1141 0.50 0.00 0.00 0.75 0.00 0.00 0.00 0.00 0.00 98.75
1142 0.25 0.00 0.25 0.75 0.00 0.00 0.00 0.00 0.00 98.75
1143 0.25 0.00 0.25 2.53 0.00 0.00 0.00 0.00 0.00 96.97
1144 0.25 0.00 0.25 0.75 0.00 0.00 0.00 0.00 0.00 98.75
1145 0.00 0.00 0.00 0.75 0.00 0.00 0.00 0.00 0.00 99.25
1146 0.25 0.00 0.00 1.01 0.00 0.00 0.00 0.00 0.00 98.74
1147 0.50 0.00 0.25 1.00 0.00 0.00 0.00 0.00 0.00 98.25
1148 0.25 0.00 0.25 0.50 0.00 0.00 0.00 0.00 0.00 99.00
1149 0.00 0.00 0.00 1.26 0.00 0.00 0.00 0.00 0.00 98.74
1150 0.50 0.00 0.25 4.75 0.00 0.00 0.00 0.00 0.00 94.50
1151 0.00 0.00 0.25 1.01 0.00 0.00 0.00 0.00 0.00 98.74
1152 0.25 0.00 0.25 0.00 0.00 0.00 0.00 0.00 0.00 99.50
1153 0.25 0.00 0.25 5.56 0.00 0.00 0.00 0.00 0.00 93.94
1154 0.25 0.00 0.25 1.00 0.00 0.00 0.25 0.00 0.00 98.25
1155 0.00 0.00 0.25 0.50 0.00 0.00 0.00 0.00 0.00 99.25
1156 0.00 0.00 0.25 0.25 0.00 0.00 0.00 0.00 0.00 99.50
1157 0.25 0.00 0.25 5.79 0.00 0.00 0.00 0.00 0.00 93.70
1158 0.25 0.00 0.50 3.26 0.00 0.00 0.00 0.00 0.00 95.99
1159 0.00 0.00 0.00 4.27 0.00 0.00 0.00 0.00 0.00 95.73
1160 0.00 0.00 0.00 4.53 0.00 0.00 0.00 0.00 0.00 95.47
1161 0.75 0.00 0.25 39.20 0.00 0.00 0.25 0.00 0.00 59.55
1162 0.50 0.00 0.50 38.60 0.00 0.00 0.00 0.00 0.00 60.40
1163 0.25 0.00 0.00 3.27 0.00 0.00 0.00 0.00 0.00 96.48
1164 0.50 0.00 0.00 9.57 0.00 0.00 0.00 0.00 0.00 89.92
1165 20.65 0.00 0.00 9.07 0.00 0.00 0.00 0.00 0.00 70.28
1166 24.81 0.00 0.50 0.50 0.00 0.00 0.00 0.00 0.00 74.19
1167 24.56 0.00 0.00 2.53 0.00 0.00 0.00 0.00 0.00 72.91
1168 33.33 0.00 0.25 0.25 0.00 0.00 0.25 0.00 0.00 65.91
1169 24.87 0.00 0.00 1.01 0.00 0.00 0.00 0.00 0.00 74.12
1170 29.95 0.00 0.25 0.76 0.00 0.00 0.00 0.00 0.00 69.04
1171 25.00 0.00 0.00 0.25 0.00 0.00 0.00 0.00 0.00 74.75
1172 29.65 0.00 0.00 0.00 0.00 0.00 0.00 0.00 0.00 70.35
1173 24.69 0.00 0.00 0.76 0.00 0.00 0.00 0.00 0.00 74.56
1174 35.81 0.00 0.51 8.95 0.00 0.00 0.00 0.00 0.00 54.73
1175 2.56 0.00 8.44 11.25 0.00 0.00 0.26 0.00 0.00 77.49
1176 23.04 0.00 0.25 0.51 0.00 0.00 0.00 0.00 0.00 76.20
1177 0.25 0.00 0.25 4.03 0.00 0.00 0.00 0.00 0.00 95.47
1178 26.09 0.00 6.39 16.62 0.00 0.26 0.26 0.00 0.00 50.38
1179 28.24 0.00 1.81 20.47 0.00 0.00 0.00 0.00 0.00 49.48
1180 24.36 0.00 0.51 17.44 0.00 0.00 0.00 0.00 0.00 57.69
1181 24.69 0.00 0.25 0.50 0.00 0.00 0.00 0.00 0.00 74.56
1182 23.87 0.00 0.00 1.26 0.00 0.00 0.00 0.00 0.00 74.87
1183 18.72 0.00 0.77 30.00 0.00 0.00 0.00 0.00 0.00 50.51
1184 24.74 0.00 0.26 40.05 0.00 0.00 0.00 0.00 0.00 34.95
1185 24.94 0.00 0.25 17.38 0.00 0.00 0.00 0.00 0.00 57.43
1186 21.36 0.00 0.50 23.37 0.00 0.00 0.25 0.00 0.00 54.52
1187 5.01 0.00 1.75 26.07 0.00 0.00 0.00 0.00 0.00 67.17
1188 15.33 0.00 0.25 4.02 0.00 0.00 0.00 0.00 0.00 80.40
1189 24.81 0.00 0.50 10.78 0.00 0.00 0.00 0.00 0.00 63.91
1190 18.05 0.00 0.25 10.53 0.00 0.00 0.00 0.00 0.00 71.18
1191 0.25 0.00 0.25 6.30 0.00 0.00 0.00 0.00 0.00 93.20
1192 0.00 0.00 0.25 9.05 0.00 0.00 0.00 0.00 0.00 90.70
1193 0.00 0.00 0.25 9.32 0.00 0.00 0.00 0.00 0.00 90.43
1194 0.50 0.00 0.25 5.26 0.00 0.00 0.00 0.00 0.00 93.98
1195 0.25 0.00 0.25 10.28 0.00 0.00 0.00 0.00 0.00 89.22
1196 0.00 0.00 0.00 5.54 0.00 0.00 0.00 0.00 0.00 94.46
1197 0.25 0.00 0.25 1.51 0.00 0.00 0.00 0.00 0.00 97.98
1198 0.25 0.00 0.00 3.25 0.00 0.00 0.25 0.00 0.00 96.25
1199 0.00 0.00 0.25 1.52 0.00 0.00 0.00 0.00 0.00 98.23
1200 0.25 0.00 0.25 1.25 0.00 0.00 0.00 0.00 0.00 98.25
1201 0.00 0.00 0.25 1.26 0.00 0.00 0.00 0.00 0.00 98.49
1202 0.50 0.00 0.00 0.25 0.00 0.00 0.00 0.00 0.00 99.25
1203 0.25 0.00 0.25 0.50 0.00 0.00 0.00 0.00 0.00 98.99
1204 0.25 0.00 0.25 0.25 0.00 0.00 0.00 0.00 0.00 99.25
1205 0.25 0.00 0.25 1.00 0.00 0.00 0.00 0.00 0.00 98.50
1206 0.00 0.00 0.25 0.25 0.00 0.00 0.00 0.00 0.00 99.50
1207 0.25 0.00 0.50 1.50 0.00 0.00 0.00 0.00 0.00 97.75
1208 0.25 0.00 0.00 0.25 0.00 0.00 0.00 0.00 0.00 99.50
1209 0.00 0.00 0.00 2.53 0.00 0.00 0.00 0.00 0.00 97.47
1210 0.25 0.00 0.00 0.50 0.00 0.00 0.00 0.00 0.00 99.25
1211 0.00 0.00 0.00 2.02 0.00 0.00 0.00 0.00 0.00 97.98
1212 0.00 0.00 0.25 0.25 0.00 0.00 0.00 0.00 0.00 99.50
1213 0.25 0.00 0.25 1.26 0.00 0.00 0.00 0.00 0.00 98.24
1214 0.00 0.00 0.00 0.50 0.00 0.00 0.00 0.00 0.00 99.50
1215 0.00 0.00 0.00 0.25 0.00 0.00 0.00 0.00 0.00 99.75
1216 0.25 0.00 0.50 2.25 0.00 0.00 0.00 0.00 0.00 97.00
1217 0.50 0.00 0.00 1.00 0.00 0.00 0.25 0.00 0.00 98.25
1218 0.00 0.00 0.51 16.24 0.00 0.00 0.00 0.00 0.00 83.25
1219 0.25 0.00 0.00 1.51 0.00 0.00 0.00 0.00 0.00 98.24
1220 0.00 0.00 0.25 0.25 0.00 0.00 0.00 0.00 0.00 99.50
1221 0.25 0.00 0.25 1.25 0.00 0.00 0.00 0.00 0.00 98.25
1222 1.53 0.00 0.76 19.08 0.00 0.00 0.00 0.00 0.00 78.63
1223 15.60 0.00 0.26 21.23 0.00 0.00 0.00 0.00 0.00 62.92
1224 99.23 0.00 0.26 0.00 0.00 0.00 0.00 0.00 0.00 0.51
1225 25.56 0.00 0.25 1.00 0.00 0.00 0.00 0.00 0.00 73.18
1226 24.69 0.00 0.00 0.25 0.00 0.00 0.00 0.00 0.00 75.06
1227 24.75 0.00 0.00 0.25 0.00 0.00 0.00 0.00 0.00 75.00
1228 71.39 0.00 0.25 0.00 0.00 0.00 0.00 0.00 0.00 28.35
1229 99.74 0.00 0.26 0.00 0.00 0.00 0.00 0.00 0.00 0.00
1230 99.23 0.00 0.51 0.00 0.00 0.00 0.00 0.00 0.00 0.26
1231 100.00 0.00 0.00 0.00 0.00 0.00 0.00 0.00 0.00 0.00
1232 68.78 0.00 0.25 17.51 0.00 0.00 0.00 0.00 0.00 13.45
1233 1.27 0.00 0.51 37.40 0.00 0.00 0.25 0.00 0.00 60.56
1234 47.34 0.00 0.51 16.20 0.00 0.00 0.25 0.00 0.00 35.70
1235 97.21 0.00 0.25 2.03 0.00 0.00 0.00 0.00 0.00 0.51
1236 99.74 0.00 0.00 0.00 0.00 0.00 0.00 0.00 0.00 0.26
1237 98.48 0.00 0.76 0.51 0.00 0.00 0.00 0.00 0.00 0.25
1238 98.73 0.00 0.76 0.25 0.00 0.00 0.00 0.00 0.00 0.25
1239 100.00 0.00 0.00 0.00 0.00 0.00 0.00 0.00 0.00 0.00
1240 65.91 0.00 1.14 25.85 0.00 0.00 0.28 0.00 0.00 6.82
1241 85.86 0.00 1.29 1.80 0.00 0.26 0.00 0.00 0.00 10.80
1242 99.24 0.00 0.51 0.00 0.00 0.00 0.25 0.00 0.00 0.00
1243 99.19 0.00 0.81 0.00 0.00 0.00 0.00 0.00 0.00 0.00
1244 92.91 0.00 0.26 1.31 0.00 0.00 0.00 0.00 0.00 5.51
1245 98.88 0.00 0.56 0.00 0.00 0.00 0.56 0.00 0.00 0.00
1246 98.38 0.00 0.54 0.00 0.00 0.00 0.27 0.00 0.00 0.81
1247 88.66 0.00 0.52 1.03 0.00 0.00 0.00 0.00 0.00 9.79
1248 46.06 0.00 0.25 6.62 0.00 0.00 0.00 0.00 0.00 47.07
1249 45.94 0.00 0.51 5.58 0.00 0.00 0.00 0.00 0.00 47.97
1250 48.36 0.00 0.25 1.76 0.00 0.00 0.00 0.00 0.00 49.62
1251 24.69 0.00 0.00 0.50 0.00 0.00 0.00 0.00 0.00 74.81
1252 3.01 0.00 0.50 1.25 0.00 0.00 0.00 0.00 0.00 95.24
1253 0.00 0.00 0.25 0.75 0.00 0.00 0.00 0.00 0.00 98.99
1254 0.00 0.00 0.00 2.26 0.00 0.00 0.00 0.00 0.00 97.74
1255 0.50 0.00 0.25 1.25 0.00 0.00 0.00 0.00 0.00 97.99
1256 0.25 0.00 0.00 1.26 0.00 0.00 0.25 0.00 0.00 98.24
1257 0.00 0.00 0.25 0.50 0.00 0.00 0.00 0.00 0.00 99.25
1258 0.25 0.00 0.00 1.75 0.00 0.00 0.00 0.00 0.00 97.99
1259 0.25 0.00 0.25 2.26 0.00 0.00 0.00 0.00 0.00 97.24
1260 0.25 0.00 0.00 3.27 0.00 0.00 0.00 0.00 0.00 96.47
1261 0.25 0.00 0.00 1.51 0.00 0.00 0.00 0.00 0.00 98.24
1262 0.25 0.00 0.25 1.76 0.00 0.00 0.00 0.00 0.00 97.74
1263 0.00 0.00 0.00 1.25 0.00 0.00 0.00 0.00 0.00 98.75
1264 1.01 0.00 0.25 8.59 0.00 0.00 0.00 0.00 0.00 90.15
1265 0.75 0.00 0.00 1.50 0.00 0.00 0.00 0.00 0.00 97.76
1266 0.00 0.00 0.25 2.26 0.00 0.00 0.00 0.00 0.00 97.49
1267 0.00 0.00 0.25 2.76 0.00 0.00 0.00 0.00 0.00 96.98
1268 1.26 0.00 0.25 8.82 0.00 0.00 0.00 0.00 0.00 89.67
1269 14.62 0.00 3.13 20.63 0.00 0.26 0.26 0.00 0.00 61.10
1270 14.95 0.00 2.06 18.56 0.00 0.00 0.52 0.00 0.00 63.92
1271 89.49 0.00 0.00 4.31 0.00 0.00 0.00 0.00 0.00 6.20
1272 96.74 0.00 0.54 1.63 0.00 0.00 0.00 0.00 0.00 1.09
1273 68.11 0.00 0.54 8.65 0.00 0.27 0.54 0.00 0.00 21.89
1274 0.75 0.00 0.25 1.51 0.00 0.00 0.00 0.00 0.00 97.49
1275 0.00 0.00 0.00 1.26 0.00 0.00 0.00 0.00 0.00 98.74
1276 16.28 0.00 7.89 11.20 0.00 0.00 0.25 0.00 0.00 64.38
1277 18.27 0.00 0.25 15.23 0.00 0.00 0.00 0.00 0.00 66.24
1278 0.25 0.00 0.25 35.01 0.00 0.00 0.25 0.00 0.00 64.23
1279 0.50 0.00 0.50 31.25 0.00 0.00 0.00 0.00 0.00 67.75
1280 0.25 0.00 0.50 10.28 0.00 0.00 0.00 0.00 0.00 88.97
1281 0.00 0.00 0.50 10.28 0.00 0.00 0.00 0.00 0.00 89.22
1282 0.25 0.00 0.25 9.80 0.00 0.00 0.00 0.00 0.00 89.70
1283 0.25 0.00 0.50 4.50 0.00 0.00 0.00 0.00 0.00 94.75
1284 0.25 0.00 0.25 1.00 0.00 0.00 0.00 0.00 0.00 98.50
1285 0.00 0.00 0.00 0.25 0.00 0.00 0.00 0.00 0.00 99.75
1286 0.00 0.00 0.50 0.50 0.00 0.00 0.00 0.00 0.00 99.00
1287 0.50 0.00 0.25 1.00 0.00 0.00 0.00 0.00 0.00 98.25
1288 27.78 0.00 1.06 7.67 0.00 0.26 0.26 0.00 0.00 62.96
1289 93.30 0.00 0.52 2.32 0.00 0.00 0.00 0.00 0.00 3.87
1290 93.08 0.00 0.77 0.77 0.00 0.00 0.26 0.00 0.00 5.13
1291 58.16 0.00 0.26 5.36 0.00 0.00 0.00 0.00 0.00 36.22
1292 1.01 0.00 1.26 1.01 0.00 0.00 0.00 0.00 0.00 96.73
1293 24.62 0.00 1.76 0.00 0.00 0.00 0.00 0.00 0.00 73.62
1294 4.31 0.00 0.00 0.51 0.00 0.00 0.00 0.00 0.00 95.18
1295 0.25 0.00 0.25 0.25 0.00 0.00 0.00 0.00 0.00 99.25
1296 0.50 0.00 0.00 0.75 0.00 0.00 0.25 0.00 0.00 98.50
1297 0.25 0.00 0.25 0.50 0.00 0.00 0.00 0.00 0.00 99.00
1298 0.25 0.00 0.00 0.25 0.00 0.00 0.00 0.00 0.00 99.50
1299 0.25 0.00 0.25 0.25 0.00 0.00 0.00 0.00 0.00 99.25
1300 0.25 0.00 0.50 1.00 0.00 0.00 0.00 0.00 0.00 98.25
1301 0.25 0.00 0.00 0.75 0.00 0.00 0.00 0.00 0.00 99.00
1302 0.25 0.00 0.50 0.50 0.00 0.00 0.00 0.00 0.00 98.75
1303 0.50 0.00 0.00 2.02 0.00 0.00 0.00 0.00 0.00 97.48
1304 0.00 0.00 0.00 0.76 0.00 0.00 0.00 0.00 0.00 99.24
1305 0.25 0.00 0.25 0.50 0.00 0.00 0.00 0.00 0.00 99.00
1306 12.02 0.00 0.77 0.51 0.00 0.26 0.26 0.00 0.00 86.19
1307 93.38 0.00 0.25 2.29 0.00 0.00 0.00 0.00 0.00 4.07
1308 87.66 0.00 0.26 1.80 0.00 0.00 0.00 0.00 0.00 10.28
1309 47.45 0.00 0.51 4.59 0.00 0.00 0.00 0.00 0.00 47.45
1310 0.50 0.00 0.00 1.01 0.00 0.00 0.00 0.00 0.00 98.49
1311 8.84 0.00 0.51 0.76 0.00 0.25 0.00 0.00 0.00 89.65
1312 22.42 0.00 0.25 1.26 0.00 0.00 0.00 0.00 0.00 76.07
1313 0.00 0.00 0.25 1.25 0.00 0.00 0.00 0.00 0.00 98.50
1314 0.25 0.00 0.00 1.52 0.00 0.00 0.00 0.00 0.00 98.23
1315 0.00 0.00 0.00 1.01 0.00 0.00 0.00 0.00 0.00 98.99
1316 0.75 0.00 0.00 1.75 0.00 0.00 0.25 0.00 0.00 97.24
1317 0.00 0.00 0.25 1.00 0.00 0.00 0.00 0.00 0.00 98.75
1318 0.50 0.00 0.25 1.76 0.00 0.00 0.25 0.00 0.00 97.24
1319 0.25 0.00 0.00 1.76 0.00 0.00 0.00 0.00 0.00 97.98
1320 0.25 0.00 0.00 2.76 0.00 0.00 0.00 0.00 0.00 96.98
1321 0.25 0.00 0.00 2.01 0.00 0.00 0.00 0.00 0.00 97.74
1322 0.00 0.00 0.50 1.75 0.00 0.00 0.00 0.00 0.00 97.74
1323 7.12 0.00 0.51 1.53 0.00 0.25 0.00 0.00 0.00 90.59
1324 0.25 0.00 0.25 1.78 0.00 0.00 0.00 0.00 0.00 97.72
1325 0.00 0.00 0.00 2.01 0.00 0.00 0.00 0.00 0.00 97.99
1326 70.95 0.00 1.29 4.11 0.00 0.00 0.26 0.00 0.00 23.39
1327 92.71 0.00 0.52 4.69 0.00 0.00 0.00 0.00 0.00 2.08
1328 76.29 0.00 0.77 1.03 0.00 0.26 0.00 0.00 0.00 21.65
1329 27.64 0.00 0.25 0.00 0.00 0.00 0.00 0.00 0.00 72.11
1330 15.15 0.00 0.00 1.01 0.00 0.00 0.00 0.00 0.00 83.84
1331 0.00 0.00 0.25 1.25 0.00 0.00 0.00 0.00 0.00 98.50
1332 0.00 0.00 0.25 1.26 0.00 0.00 0.25 0.00 0.00 98.23
1333 0.50 0.00 0.25 1.01 0.00 0.00 0.00 0.00 0.00 98.24
1334 0.00 0.00 0.25 0.76 0.00 0.00 0.00 0.00 0.00 98.99
1335 0.00 0.00 0.25 1.25 0.00 0.00 0.00 0.00 0.00 98.50
1336 0.50 0.00 0.25 1.51 0.00 0.00 0.00 0.00 0.00 97.74
1337 0.25 0.00 0.25 1.00 0.00 0.00 0.00 0.00 0.00 98.50
1338 0.50 0.00 0.75 1.25 0.00 0.00 0.00 0.00 0.00 97.49
1339 0.25 0.00 0.00 1.01 0.00 0.00 0.00 0.00 0.00 98.74
1340 0.25 0.00 0.00 1.76 0.00 0.00 0.00 0.00 0.00 97.99
1341 0.25 0.00 0.25 0.75 0.00 0.00 0.00 0.00 0.00 98.75
1342 0.25 0.00 0.25 8.02 0.00 0.00 0.00 0.00 0.00 91.48
1343 11.22 0.00 0.77 9.95 0.00 0.26 0.26 0.00 0.00 77.55
1344 81.89 0.00 1.02 9.18 0.00 0.00 0.00 0.00 0.00 7.91
1345 89.06 0.00 1.53 3.31 0.00 0.00 0.00 0.00 0.00 6.11
1346 64.82 0.00 0.50 7.29 0.00 0.25 0.00 0.00 0.00 27.14
1347 2.01 0.00 0.25 9.52 0.00 0.00 0.00 0.00 0.00 88.22
1348 23.41 0.00 1.02 1.02 0.00 0.00 0.00 0.00 0.00 74.55
1349 18.34 0.00 0.00 2.01 0.00 0.00 0.00 0.00 0.00 79.65
1350 0.25 0.00 0.25 5.01 0.00 0.00 0.00 0.00 0.00 94.49
1351 0.25 0.00 0.00 10.05 0.00 0.00 0.00 0.00 0.00 89.70
1352 0.00 0.00 0.25 1.26 0.00 0.00 0.00 0.00 0.00 98.49
1353 0.25 0.00 0.25 1.76 0.00 0.00 0.25 0.00 0.00 97.49
1354 0.25 0.00 0.50 2.01 0.00 0.00 0.00 0.00 0.00 97.24
1355 0.50 0.00 0.25 0.76 0.00 0.00 0.00 0.00 0.00 98.49
1356 0.25 0.00 0.25 1.50 0.00 0.00 0.00 0.00 0.00 97.99
1357 0.00 0.00 0.25 1.26 0.00 0.00 0.00 0.00 0.00 98.49
1358 0.50 0.00 0.25 1.25 0.00 0.00 0.00 0.00 0.00 97.99
1359 0.25 0.00 0.25 1.50 0.00 0.00 0.00 0.00 0.00 97.99
1360 75.97 0.00 1.03 0.78 0.00 0.00 0.26 0.00 0.00 21.96
1361 94.63 0.00 0.26 2.56 0.00 0.00 0.00 0.00 0.00 2.56
1362 80.34 0.00 0.28 1.14 0.00 0.00 0.00 0.00 0.00 18.23
1363 22.37 0.00 0.77 1.29 0.00 0.00 0.00 0.00 0.00 75.58
1364 12.85 0.00 0.00 0.76 0.00 0.00 0.25 0.00 0.00 86.15
1365 0.00 0.00 0.00 1.76 0.00 0.00 0.00 0.00 0.00 98.24
1366 0.00 0.00 0.25 0.75 0.00 0.00 0.00 0.00 0.00 98.99
1367 0.25 0.00 0.00 0.75 0.00 0.00 0.00 0.00 0.00 99.00
1368 0.00 0.00 0.00 0.50 0.00 0.00 0.00 0.00 0.00 99.50
1369 0.00 0.00 0.50 1.00 0.00 0.00 0.00 0.00 0.00 98.50
1370 0.00 0.00 0.00 0.00 0.00 0.00 0.00 0.00 0.00 100.00
1371 0.00 0.00 0.00 1.25 0.00 0.00 0.00 0.00 0.00 98.75
1372 0.25 0.00 0.50 0.50 0.00 0.00 0.00 0.00 0.00 98.74
1373 0.25 0.00 0.00 0.75 0.00 0.00 0.00 0.00 0.00 99.00
1374 0.00 0.00 0.00 0.25 0.00 0.25 0.00 0.00 0.00 99.49
1375 0.00 0.00 0.00 0.50 0.00 0.00 0.00 0.00 0.00 99.50
1376 5.57 0.00 0.76 0.76 0.00 0.00 0.00 0.00 0.00 92.91
1377 0.25 0.00 0.25 0.75 0.00 0.00 0.00 0.00 0.00 98.75
1378 26.90 0.00 0.51 0.25 0.00 0.00 0.00 0.00 0.00 72.34
1379 97.70 0.00 0.26 0.51 0.00 0.00 0.26 0.00 0.00 1.28
1380 78.28 0.00 0.25 0.25 0.00 0.00 0.00 0.00 0.00 21.21
1381 31.31 0.00 0.25 0.25 0.00 0.00 0.00 0.00 0.00 68.18
1382 10.05 0.00 0.00 0.00 0.00 0.00 0.00 0.00 0.00 89.95
1383 0.25 0.00 0.25 0.00 0.00 0.00 0.00 0.00 0.00 99.50
1384 0.00 0.00 0.25 0.25 0.00 0.00 0.00 0.00 0.00 99.50
1385 1.00 0.00 0.25 3.26 0.00 0.00 0.00 0.00 0.00 95.49
1386 0.25 0.00 0.00 0.25 0.00 0.00 0.00 0.00 0.00 99.50
1387 0.00 0.00 0.00 1.01 0.00 0.00 0.00 0.00 0.00 98.99
1388 0.50 0.00 0.25 0.50 0.00 0.00 0.00 0.00 0.00 98.74
1389 0.00 0.00 0.00 0.25 0.00 0.00 0.00 0.00 0.00 99.75
1390 0.00 0.00 0.25 0.76 0.00 0.00 0.25 0.00 0.00 98.74
1391 0.50 0.00 0.00 0.75 0.00 0.00 0.00 0.00 0.00 98.75
1392 0.25 0.00 0.00 0.25 0.00 0.00 0.00 0.00 0.00 99.50
1393 0.26 0.00 0.26 1.28 0.00 0.00 0.26 0.00 0.00 97.96
1394 0.00 0.00 0.00 0.25 0.00 0.00 0.00 0.00 0.00 99.75
1395 66.67 0.00 0.81 0.81 0.00 0.27 0.27 0.00 0.00 31.18
1396 97.44 0.00 0.51 0.26 0.00 0.00 0.00 0.00 0.00 1.79
1397 74.36 0.00 0.26 0.00 0.00 0.00 0.00 0.00 0.00 25.38
1398 13.25 0.00 0.75 1.00 0.00 0.00 0.25 0.00 0.00 84.75
1399 10.08 0.00 0.50 0.76 0.00 0.00 0.00 0.00 0.00 88.66
1400 21.27 0.00 0.00 0.51 0.00 0.00 0.00 0.00 0.00 78.23
1401 0.00 0.00 0.25 0.75 0.00 0.00 0.00 0.00 0.00 98.99
1402 0.25 0.00 0.25 1.25 0.00 0.00 0.25 0.00 0.00 98.00
1403 0.25 0.00 0.25 0.50 0.00 0.00 0.00 0.00 0.00 99.00
1404 0.25 0.00 0.25 1.01 0.00 0.00 0.00 0.00 0.00 98.49
1405 0.25 0.00 0.25 1.25 0.00 0.00 0.00 0.00 0.00 98.25
1406 1.51 0.00 0.25 0.00 0.00 0.25 0.00 0.00 0.00 97.99
1407 0.50 0.00 0.25 0.25 0.00 0.00 0.00 0.00 0.00 99.00
1408 0.25 0.00 0.50 1.25 0.00 0.00 0.00 0.00 0.00 97.99
1409 0.25 0.00 0.25 1.50 0.00 0.00 0.00 0.00 0.00 97.99
1410 0.75 0.00 0.00 1.50 0.00 0.00 0.00 0.00 0.00 97.75
1411 0.00 0.00 0.50 0.25 0.00 0.00 0.00 0.00 0.00 99.25
1412 5.79 0.00 1.26 0.76 0.00 0.25 0.00 0.00 0.00 91.94
1413 51.55 0.00 0.26 17.53 0.00 0.00 0.26 0.00 0.00 30.41
1414 98.21 0.00 0.77 0.00 0.00 0.00 0.00 0.00 0.00 1.02
1415 88.46 0.00 0.77 1.03 0.00 0.00 0.00 0.00 0.00 9.74
1416 8.59 0.00 0.25 1.77 0.00 0.00 0.00 0.00 0.00 89.39
1417 0.50 0.00 0.25 12.03 0.00 0.00 0.00 0.00 0.00 87.22
1418 0.25 0.00 0.25 26.95 0.00 0.00 0.00 0.00 0.00 72.54
1419 0.00 0.00 0.25 32.49 0.00 0.00 0.00 0.00 0.00 67.26
1420 0.50 0.00 0.25 30.83 0.00 0.00 0.25 0.00 0.00 68.17
1421 0.50 0.00 0.25 32.08 0.00 0.00 0.00 0.00 0.00 67.17
1422 0.25 0.00 0.25 36.11 0.00 0.00 0.00 0.00 0.00 63.38
1423 0.00 0.00 1.78 64.89 0.00 0.00 0.51 0.00 0.00 32.82
1424 0.25 0.00 6.60 63.96 0.00 0.00 0.25 0.00 0.00 28.93
1425 0.00 0.00 0.51 75.25 0.00 0.00 0.00 0.00 0.00 24.24
1426 1.27 0.00 1.52 73.92 0.00 0.00 0.25 0.00 0.00 23.04
1427 0.25 0.00 0.51 47.85 0.00 0.00 0.25 0.00 0.00 51.14
1428 0.50 0.00 0.50 14.61 0.00 0.00 0.00 0.00 0.00 84.38
1429 0.00 0.00 0.00 3.01 0.00 0.00 0.25 0.00 0.00 96.74
1430 0.25 0.00 0.25 0.50 0.00 0.00 0.00 0.00 0.00 99.00
1431 0.25 0.00 0.25 1.00 0.00 0.00 0.00 0.00 0.00 98.50
1432 0.00 0.00 0.00 1.76 0.00 0.00 0.00 0.00 0.00 98.24
1433 0.00 0.00 0.00 1.01 0.00 0.00 0.00 0.00 0.00 98.99
1434 0.00 0.00 0.00 0.50 0.00 0.00 0.00 0.00 0.00 99.50
1435 0.25 0.00 0.00 0.50 0.00 0.00 0.00 0.00 0.00 99.25
1436 0.00 0.00 0.25 0.25 0.00 0.00 0.00 0.00 0.00 99.50
1437 0.25 0.00 0.00 2.26 0.00 0.00 0.00 0.00 0.00 97.49
1438 0.00 0.00 0.25 0.75 0.00 0.00 0.00 0.00 0.00 98.99
1439 0.50 0.00 0.25 1.25 0.00 0.00 0.00 0.00 0.00 98.00
1440 0.00 0.00 0.25 1.00 0.00 0.00 0.00 0.00 0.00 98.75
1441 0.00 0.00 0.25 1.25 0.00 0.00 0.00 0.00 0.00 98.50
1442 0.00 0.00 0.25 1.25 0.00 0.00 0.25 0.00 0.00 98.25
1443 0.00 0.00 0.25 0.50 0.00 0.00 0.00 0.00 0.00 99.25
1444 0.50 0.00 0.25 0.50 0.00 0.00 0.00 0.00 0.00 98.76
1445 0.00 0.00 0.00 1.01 0.00 0.00 0.00 0.00 0.00 98.99
1446 0.25 0.00 0.00 0.50 0.00 0.00 0.00 0.00 0.00 99.25
1447 0.00 0.00 0.00 0.50 0.00 0.00 0.00 0.00 0.00 99.50
1448 0.00 0.00 0.00 0.75 0.00 0.00 0.00 0.00 0.00 99.25
1449 0.25 0.00 0.25 1.25 0.00 0.00 0.00 0.00 0.00 98.25
1450 0.00 0.00 0.00 4.79 0.00 0.00 0.00 0.00 0.00 95.21
1451 0.00 0.00 0.25 0.75 0.00 0.00 0.00 0.00 0.00 99.00
1452 0.25 0.00 0.00 1.00 0.00 0.00 0.00 0.00 0.00 98.75
1453 0.00 0.00 0.00 2.53 0.00 0.00 0.00 0.00 0.00 97.47
1454 0.00 0.00 0.00 1.76 0.00 0.00 0.00 0.00 0.00 98.24
1455 0.00 0.00 0.25 1.00 0.00 0.00 0.00 0.00 0.00 98.75
1456 0.25 0.00 0.25 1.00 0.00 0.00 0.25 0.00 0.00 98.25
1457 0.00 0.00 0.25 0.75 0.00 0.00 0.00 0.00 0.00 99.00
1458 0.50 0.00 0.25 6.55 0.00 0.00 0.00 0.00 0.00 92.70
1459 0.00 0.00 0.25 1.00 0.00 0.00 0.00 0.00 0.00 98.75
1460 0.00 0.00 0.00 0.50 0.00 0.00 0.00 0.00 0.00 99.50
1461 0.00 0.00 0.00 7.54 0.00 0.00 0.00 0.00 0.00 92.46
1462 0.00 0.00 0.00 0.75 0.00 0.00 0.00 0.00 0.00 99.25
1463 0.00 0.00 0.00 0.76 0.00 0.00 0.00 0.00 0.00 99.24
1464 0.25 0.00 0.25 0.75 0.00 0.25 0.00 0.00 0.00 98.51
1465 0.00 0.00 0.00 0.50 0.00 0.00 0.00 0.00 0.00 99.50
1466 0.25 0.00 0.25 1.00 0.00 0.00 0.00 0.00 0.00 98.50
1467 0.00 0.00 0.00 1.75 0.00 0.00 0.00 0.00 0.00 98.25
1468 0.25 0.00 0.00 0.75 0.00 0.00 0.00 0.00 0.00 98.99
1469 0.00 0.00 0.00 2.76 0.00 0.00 0.00 0.00 0.00 97.24
1470 0.00 0.00 0.25 7.27 0.00 0.00 0.00 0.00 0.00 92.48
1471 0.00 0.00 0.25 4.51 0.00 0.00 0.00 0.00 0.00 95.24
1472 0.25 0.00 0.25 2.75 0.00 0.00 0.00 0.00 0.00 96.75
1473 0.00 0.00 0.00 5.28 0.00 0.00 0.00 0.00 0.00 94.72
1474 0.00 0.00 0.00 5.04 0.00 0.00 0.00 0.00 0.00 94.96
1475 0.00 0.00 0.25 1.50 0.00 0.00 0.00 0.00 0.00 98.25
1476 0.00 0.00 0.25 11.25 0.00 0.00 0.00 0.00 0.00 88.50
1477 0.00 0.00 0.00 7.79 0.00 0.00 0.00 0.00 0.00 92.21
1478 0.00 0.00 0.00 5.54 0.00 0.00 0.00 0.00 0.00 94.46
1479 0.00 0.00 0.25 2.75 0.00 0.00 0.00 0.00 0.00 97.00
1480 0.00 0.00 0.00 0.50 0.00 0.00 0.00 0.00 0.00 99.50
1481 0.25 0.00 0.00 0.75 0.00 0.00 0.00 0.00 0.00 99.00
1482 0.00 0.00 0.00 0.76 0.00 0.00 0.00 0.00 0.00 99.24
1483 0.00 0.00 0.25 5.26 0.00 0.00 0.25 0.00 0.00 94.24
1484 0.00 0.00 0.00 9.34 0.00 0.00 0.00 0.00 0.00 90.66
1485 0.00 0.00 0.25 0.75 0.00 0.00 0.00 0.00 0.00 99.00
1486 0.00 0.00 0.00 0.50 0.00 0.00 0.00 0.00 0.00 99.50
1487 0.25 0.00 0.00 5.25 0.00 0.00 0.00 0.00 0.00 94.50
1488 0.00 0.00 0.00 4.79 0.00 0.00 0.00 0.00 0.00 95.21
1489 0.00 0.00 0.25 15.29 0.00 0.00 0.25 0.00 0.00 84.21
1490 0.00 0.00 0.00 9.34 0.00 0.00 0.00 0.00 0.00 90.66
1491 0.25 0.00 0.00 0.00 0.00 0.00 0.00 0.00 0.00 99.75
1492 0.00 0.00 0.25 0.25 0.00 0.00 0.00 0.00 0.00 99.50
1493 0.00 0.00 0.00 0.25 0.00 0.00 0.00 0.00 0.00 99.75
1494 0.00 0.00 0.00 1.01 0.00 0.00 0.00 0.00 0.00 98.99
1495 0.00 0.00 0.00 0.50 0.00 0.00 0.00 0.00 0.00 99.50
1496 0.25 0.00 0.25 0.00 0.00 0.00 0.00 0.00 0.00 99.50
1497 0.00 0.00 0.00 0.25 0.00 0.00 0.00 0.00 0.00 99.75
1498 0.00 0.00 0.00 0.50 0.00 0.00 0.00 0.00 0.00 99.50
1499 0.25 0.00 0.50 0.25 0.00 0.00 0.00 0.00 0.00 99.00
1500 0.00 0.00 0.00 1.52 0.00 0.00 0.00 0.00 0.00 98.48
1501 0.25 0.00 0.00 0.25 0.00 0.00 0.00 0.00 0.00 99.50
1502 0.00 0.00 0.50 1.00 0.00 0.00 0.00 0.00 0.00 98.50
1503 0.00 0.00 0.00 0.00 0.00 0.00 0.00 0.00 0.00 100.00
1504 0.00 0.00 0.00 1.01 0.00 0.00 0.00 0.00 0.00 98.99
1505 0.00 0.00 0.25 0.50 0.00 0.00 0.00 0.00 0.00 99.25
1506 0.50 0.00 0.25 0.75 0.00 0.00 0.25 0.00 0.00 98.24
1507 0.25 0.00 0.50 11.06 0.00 0.00 0.00 0.00 0.00 88.19
1508 0.76 0.00 1.02 22.14 0.00 0.00 0.25 0.00 0.00 75.83
1509 2.30 0.00 1.53 20.46 0.00 0.00 0.00 0.00 0.00 75.70
1510 1.27 0.00 2.03 21.83 0.00 0.00 0.25 0.00 0.00 74.62
1511 0.50 0.00 0.76 5.04 0.00 0.00 0.00 0.00 0.00 93.70
1512 0.00 0.00 0.25 0.75 0.00 0.00 0.00 0.00 0.00 99.00
1513 0.00 0.00 0.25 0.76 0.00 0.00 0.00 0.00 0.00 98.99
1514 0.00 0.00 0.25 0.75 0.00 0.00 0.00 0.00 0.00 99.00
1515 1.01 0.00 0.75 0.25 0.00 0.00 0.00 0.00 0.00 97.99
1516 2.53 0.00 3.79 1.01 0.00 0.00 0.00 0.00 0.00 92.68
