0 1.26 0.00 0.50 0.00 0.00 0.00 0.00 0.00 0.00 98.24
1 0.75 0.00 0.50 0.50 0.00 0.00 0.00 0.00 0.00 98.25
2 33.33 0.00 6.77 1.56 0.00 0.00 0.00 0.00 0.00 58.33
3 37.44 0.00 3.08 3.85 0.00 0.00 0.26 0.00 0.00 55.38
4 22.11 0.00 3.68 0.26 0.00 0.00 0.00 0.00 0.00 73.95
5 47.35 0.00 2.65 0.00 0.00 0.00 0.00 0.00 0.00 50.00
6 17.09 0.00 4.08 0.00 0.00 0.26 0.00 0.00 0.00 78.57
7 32.91 0.00 3.54 7.59 0.00 0.00 0.25 0.00 0.00 55.70
8 42.38 0.00 4.65 1.55 0.00 0.00 0.00 0.00 0.00 51.42
9 34.83 0.00 8.97 0.00 0.00 0.00 0.26 0.00 0.00 55.94
10 27.98 0.00 9.84 2.07 0.00 0.00 0.26 0.00 0.00 59.84
11 40.31 0.00 3.66 2.88 0.00 0.00 0.26 0.00 0.00 52.88
12 26.87 0.00 4.13 7.75 0.00 0.00 0.00 0.00 0.00 61.24
13 0.76 0.00 0.25 2.28 0.00 0.00 0.25 0.00 0.00 96.46
14 0.25 0.00 0.51 1.27 0.00 0.00 0.00 0.00 0.00 97.97
15 8.16 0.00 4.34 0.00 0.00 0.26 0.26 0.00 0.00 86.99
16 0.51 0.00 0.51 4.37 0.00 0.00 0.00 0.00 0.00 94.60
17 2.80 0.00 0.76 8.40 0.00 0.00 0.00 0.00 0.00 88.04
18 0.50 0.00 0.75 1.51 0.00 0.00 0.25 0.00 0.00 96.98
19 0.51 0.00 0.51 0.00 0.00 0.00 0.00 0.00 0.00 98.99
20 0.51 0.00 0.51 0.00 0.00 0.00 0.00 0.00 0.00 98.99
21 1.01 0.00 0.76 0.25 0.00 0.00 0.00 0.00 0.00 97.98
22 0.75 0.00 0.50 0.00 0.00 0.25 0.00 0.00 0.00 98.49
23 0.25 0.00 1.25 0.00 0.00 0.00 0.25 0.00 0.00 98.25
24 0.76 0.00 0.00 0.00 0.00 0.00 0.00 0.00 0.00 99.24
25 0.50 0.00 0.50 0.00 0.00 0.00 0.00 0.00 0.00 98.99
26 3.33 0.00 2.82 3.59 0.00 0.00 0.00 0.00 0.00 90.26
27 1.51 0.00 2.02 0.00 0.00 0.00 0.25 0.00 0.00 96.22
28 1.76 0.00 0.00 0.00 0.00 0.25 0.00 0.00 0.00 97.99
29 6.19 0.00 3.35 0.00 0.00 1.29 0.26 0.00 0.00 88.92
30 3.39 0.00 2.87 0.00 0.00 0.78 0.26 0.00 0.00 92.69
31 0.76 0.00 0.51 0.00 0.00 0.00 0.00 0.00 0.00 98.73
32 3.07 0.00 1.28 3.07 0.00 0.26 0.00 0.00 0.00 92.33
33 3.02 0.00 2.77 0.00 0.00 0.00 0.00 0.00 0.00 94.21
34 2.01 0.00 0.50 0.00 0.00 0.00 0.25 0.00 0.00 97.24
35 1.54 0.00 1.28 0.00 0.00 0.00 0.26 0.00 0.00 96.92
36 4.08 0.00 1.02 7.65 0.00 0.00 0.26 0.00 0.00 86.99
37 0.75 0.00 0.50 0.50 0.00 0.00 0.00 0.00 0.00 98.24
38 0.75 0.00 0.25 0.00 0.00 0.00 0.00 0.00 0.00 98.99
39 0.25 0.00 0.25 0.00 0.00 0.00 0.00 0.00 0.00 99.49
40 0.25 0.00 0.25 0.00 0.00 0.00 0.00 0.00 0.00 99.49
41 1.01 0.00 0.51 1.26 0.00 0.00 0.00 0.00 0.00 97.22
42 2.03 0.00 1.27 1.52 0.00 0.00 0.00 0.00 0.00 95.18
43 1.26 0.00 0.50 0.76 0.00 0.00 0.25 0.00 0.00 97.23
44 5.91 0.00 0.51 5.91 0.00 0.00 0.26 0.00 0.00 87.40
45 1.02 0.00 0.51 1.28 0.00 0.00 1.53 0.00 0.00 95.66
46 0.50 0.00 0.25 0.76 0.00 0.00 0.25 0.00 0.00 98.24
47 1.01 0.00 0.50 6.80 0.00 0.25 0.00 0.00 0.00 91.44
48 0.25 0.00 0.25 0.00 0.00 0.00 0.25 0.00 0.00 99.24
49 0.76 0.00 0.00 0.00 0.00 0.00 0.25 0.00 0.00 98.99
50 0.50 0.00 0.50 0.00 0.00 0.00 0.00 0.00 0.00 98.99
51 1.00 0.00 0.75 0.25 0.00 0.00 0.00 0.00 0.00 98.00
52 3.53 0.00 0.76 1.26 0.00 0.00 0.00 0.00 0.00 94.46
53 0.76 0.00 0.25 0.00 0.00 0.00 0.25 0.00 0.00 98.73
54 0.76 0.00 0.25 13.35 0.00 0.00 0.25 0.00 0.00 85.39
55 1.01 0.00 0.50 0.00 0.00 0.00 0.00 0.00 0.00 98.49
56 1.51 0.00 0.50 0.75 0.00 0.00 0.50 0.00 0.00 96.73
57 2.03 0.00 1.01 17.97 0.00 0.00 0.51 0.00 0.00 78.48
58 1.27 0.00 0.25 24.56 0.00 0.00 0.25 0.00 0.00 73.67
59 1.01 0.00 0.76 24.75 0.00 0.00 0.00 0.00 0.00 73.48
60 0.75 0.00 0.75 24.81 0.00 0.00 0.00 0.00 0.00 73.68
61 1.52 0.00 0.00 43.29 0.00 0.00 0.00 0.00 0.00 55.19
62 1.15 0.00 0.57 68.09 0.00 0.00 0.16 0.00 0.00 30.03
63 2.74 0.00 0.75 0.00 0.00 0.00 0.00 0.00 0.00 96.51
64 1.26 0.00 0.50 4.79 0.00 0.00 0.00 0.00 0.00 93.45
65 2.54 0.00 0.76 19.54 0.00 0.00 0.25 0.00 0.00 76.90
66 2.26 0.00 0.50 24.12 0.00 0.00 0.00 0.00 0.00 73.12
67 0.77 0.00 0.51 42.05 0.00 0.00 0.26 0.00 0.00 56.41
68 0.50 0.00 0.50 24.18 0.00 0.00 0.00 0.00 0.00 74.81
69 7.38 0.00 1.53 24.94 0.00 0.00 0.00 0.00 0.00 66.16
70 3.05 0.00 0.44 52.71 0.00 0.00 0.09 0.00 0.00 43.72
71 1.00 0.00 0.25 0.50 0.00 0.25 0.25 0.00 0.00 97.76
72 0.25 0.00 0.00 0.00 0.00 0.00 0.00 0.00 0.00 99.75
73 2.02 0.00 1.01 17.42 0.00 0.00 0.00 0.00 0.00 79.55
74 2.53 0.00 0.51 24.24 0.00 0.00 0.00 0.00 0.00 72.73
75 3.83 0.00 0.26 23.72 0.00 0.00 0.51 0.00 0.00 71.68
76 1.68 0.00 0.46 39.16 0.00 0.00 0.15 0.00 0.00 58.55
77 1.01 0.00 0.51 46.58 0.00 0.00 0.76 0.00 0.00 51.14
78 1.84 0.00 0.67 24.48 0.00 0.00 0.00 0.00 0.00 73.01
79 1.02 0.00 0.51 11.20 0.00 0.00 0.00 0.00 0.00 87.28
80 1.01 0.00 0.75 2.51 0.00 0.00 0.00 0.00 0.00 95.73
81 1.00 0.00 0.50 0.25 0.00 0.00 0.25 0.00 0.00 97.99
82 0.50 0.00 0.50 0.00 0.00 0.25 0.00 0.00 0.00 98.74
83 1.01 0.00 0.25 0.00 0.00 0.00 0.00 0.00 0.00 98.73
84 0.76 0.00 0.50 0.00 0.00 0.00 0.25 0.00 0.00 98.49
85 0.76 0.00 0.25 0.00 0.00 0.00 0.00 0.00 0.00 98.99
86 0.76 0.00 0.25 0.00 0.00 0.00 0.00 0.00 0.00 98.99
87 21.43 0.00 8.67 5.87 0.00 0.00 0.51 0.00 0.00 63.52
88 19.58 0.00 1.32 0.00 0.00 0.00 0.53 0.00 0.00 78.57
89 2.27 0.00 0.51 0.00 0.00 0.00 0.00 0.00 0.00 97.22
90 1.01 0.00 0.25 0.00 0.00 0.25 0.00 0.00 0.00 98.49
91 2.27 0.00 0.25 0.00 0.00 0.00 0.25 0.00 0.00 97.23
92 1.02 0.00 0.76 0.00 0.00 0.00 0.00 0.00 0.00 98.22
93 0.75 0.00 0.50 0.00 0.00 0.00 0.00 0.00 0.00 98.74
94 1.52 0.00 0.76 1.26 0.00 0.00 0.51 0.00 0.00 95.96
95 3.56 0.00 0.76 19.59 0.00 0.00 0.51 0.00 0.00 75.57
96 0.76 0.00 0.50 0.00 0.00 0.25 0.00 0.00 0.00 98.49
97 3.30 0.00 0.51 4.06 0.00 0.00 0.25 0.00 0.00 91.88
98 7.83 0.00 0.51 0.00 0.00 0.00 0.25 0.00 0.00 91.41
99 3.77 0.00 1.01 0.00 0.00 0.00 0.00 0.00 0.00 95.23
100 1.52 0.00 0.76 0.00 0.00 0.00 0.00 0.00 0.00 97.73
101 1.01 0.00 0.25 1.52 0.00 0.00 0.00 0.00 0.00 97.22
102 9.74 0.00 0.77 5.13 0.00 0.26 0.00 0.00 0.00 84.10
103 1.26 0.00 0.76 0.00 0.00 0.00 0.25 0.00 0.00 97.73
104 3.35 0.00 1.29 0.00 0.00 0.00 0.52 0.00 0.00 94.85
105 1.79 0.00 0.77 0.00 0.00 0.00 0.00 0.00 0.00 97.45
106 1.79 0.00 0.26 0.00 0.00 0.00 0.00 0.00 0.00 97.96
107 2.81 0.00 0.51 4.34 0.00 0.00 0.26 0.00 0.00 92.09
108 1.00 0.00 0.50 0.00 0.00 0.00 0.25 0.00 0.00 98.25
109 0.76 0.00 0.25 0.00 0.00 0.00 0.00 0.00 0.00 98.99
110 1.01 0.00 0.50 0.00 0.00 0.00 0.00 0.00 0.00 98.49
111 0.51 0.00 0.51 0.00 0.00 0.00 0.00 0.00 0.00 98.99
112 3.54 0.00 1.01 0.00 0.00 0.00 0.00 0.00 0.00 95.44
113 0.50 0.00 0.50 0.00 0.00 0.25 0.00 0.00 0.00 98.74
114 1.02 0.00 0.51 0.00 0.00 0.00 0.25 0.00 0.00 98.22
115 0.75 0.00 0.25 0.00 0.00 0.00 0.00 0.00 0.00 98.99
116 1.50 0.00 0.75 0.00 0.00 0.00 0.25 0.00 0.00 97.50
117 1.26 0.00 0.76 3.78 0.00 0.00 0.00 0.00 0.00 94.21
118 0.76 0.00 0.50 0.00 0.00 0.00 0.00 0.00 0.00 98.74
119 0.50 0.00 0.25 0.00 0.00 0.00 0.25 0.00 0.00 98.99
120 2.26 0.00 0.25 0.00 0.00 0.00 0.00 0.00 0.00 97.49
121 0.76 0.00 0.25 0.25 0.00 0.00 0.00 0.00 0.00 98.74
122 11.57 0.00 1.29 2.06 0.00 0.00 0.00 0.00 0.00 85.09
123 0.51 0.00 0.25 0.00 0.00 0.00 0.00 0.00 0.00 99.24
124 1.01 0.00 1.01 1.01 0.00 0.00 0.25 0.00 0.00 96.73
125 0.25 0.00 0.50 0.00 0.00 0.00 0.00 0.00 0.00 99.24
126 0.99 0.00 0.49 3.95 0.00 0.00 0.00 0.00 0.00 94.57
127 0.51 0.00 0.25 0.25 0.00 0.00 0.25 0.00 0.00 98.74
128 3.27 0.00 1.26 9.82 0.00 0.00 0.00 0.00 0.00 85.64
129 1.26 0.00 0.50 0.00 0.00 0.00 0.00 0.00 0.00 98.24
130 0.25 0.00 0.00 0.00 0.00 0.00 0.00 0.00 0.00 99.75
131 1.01 0.00 0.25 0.25 0.00 0.00 0.00 0.00 0.00 98.49
132 0.50 0.00 0.75 0.00 0.00 0.00 0.00 0.00 0.00 98.74
133 0.25 0.00 0.51 0.00 0.00 0.00 0.00 0.00 0.00 99.24
134 0.50 0.00 0.50 0.00 0.00 0.00 0.00 0.00 0.00 98.99
135 1.25 0.00 0.50 0.00 0.00 0.00 0.00 0.00 0.00 98.25
136 4.91 0.00 1.55 1.55 0.00 0.00 0.26 0.00 0.00 91.73
137 0.76 0.00 0.25 3.56 0.00 0.00 0.25 0.00 0.00 95.17
138 0.75 0.00 0.75 0.00 0.00 0.25 0.25 0.00 0.00 98.00
139 2.04 0.00 0.25 1.02 0.00 0.00 0.00 0.00 0.00 96.69
140 0.75 0.00 0.50 0.00 0.00 0.00 0.00 0.00 0.00 98.75
141 0.25 0.00 0.51 0.25 0.00 0.00 0.00 0.00 0.00 98.99
142 1.27 0.00 0.51 0.00 0.00 0.00 0.51 0.00 0.00 97.72
143 1.79 0.00 0.26 0.00 0.00 0.00 0.00 0.00 0.00 97.95
144 3.05 0.00 0.51 0.00 0.00 0.00 0.51 0.00 0.00 95.93
145 0.25 0.00 0.50 0.00 0.00 0.00 0.00 0.00 0.00 99.24
146 1.27 0.00 0.25 0.00 0.00 0.00 0.00 0.00 0.00 98.48
147 0.76 0.00 0.51 4.30 0.00 0.00 0.25 0.00 0.00 94.18
148 1.51 0.00 0.50 0.00 0.00 0.00 0.00 0.00 0.00 97.98
149 0.50 0.00 0.25 0.00 0.00 0.00 0.00 0.00 0.00 99.25
150 1.76 0.00 0.50 0.00 0.00 0.00 0.00 0.00 0.00 97.74
151 0.76 0.00 0.50 0.00 0.00 0.00 0.00 0.00 0.00 98.74
152 0.51 0.00 0.00 0.00 0.00 0.00 0.00 0.00 0.00 99.49
153 0.50 0.00 0.75 0.00 0.00 0.00 0.00 0.00 0.00 98.74
154 0.51 0.00 0.25 0.00 0.00 0.25 0.00 0.00 0.00 98.98
155 1.54 0.00 0.51 1.03 0.00 0.00 0.26 0.00 0.00 96.67
156 0.50 0.00 0.50 0.25 0.00 0.00 0.00 0.00 0.00 98.75
157 1.01 0.00 0.76 3.79 0.00 0.00 0.00 0.00 0.00 94.44
158 10.15 0.00 1.27 0.00 0.00 0.00 0.25 0.00 0.00 88.32
159 0.51 0.00 0.00 0.00 0.00 0.00 0.00 0.00 0.00 99.49
160 0.25 0.00 0.50 0.00 0.00 0.00 0.00 0.00 0.00 99.25
161 0.76 0.00 0.50 0.25 0.00 0.00 0.00 0.00 0.00 98.49
162 0.75 0.00 0.00 0.00 0.00 0.00 0.00 0.00 0.00 99.25
163 1.25 0.00 0.50 0.00 0.00 0.00 0.00 0.00 0.00 98.25
164 1.01 0.00 0.25 0.00 0.00 0.25 0.00 0.00 0.00 98.49
165 0.50 0.00 0.76 0.00 0.00 0.00 0.00 0.00 0.00 98.74
166 0.50 0.00 0.00 0.00 0.00 0.00 0.25 0.00 0.00 99.24
167 2.03 0.00 0.76 3.55 0.00 0.00 0.51 0.00 0.00 93.15
168 5.58 0.00 1.02 0.25 0.00 0.25 0.25 0.00 0.00 92.64
169 0.51 0.00 0.25 0.00 0.00 0.00 0.00 0.00 0.00 99.24
170 2.30 0.00 0.26 0.00 0.00 0.00 0.51 0.00 0.00 96.94
171 1.52 0.00 0.25 0.25 0.00 0.00 0.76 0.00 0.00 97.22
172 0.26 0.00 0.26 0.00 0.00 0.00 0.00 0.00 0.00 99.49
173 3.04 0.00 0.51 0.00 0.00 0.00 0.51 0.00 0.00 95.95
174 6.33 0.00 1.01 0.25 0.00 0.25 0.00 0.00 0.00 92.15
175 1.26 0.00 0.51 0.00 0.00 0.00 0.25 0.00 0.00 97.98
176 0.76 0.00 0.25 0.00 0.00 0.00 0.00 0.00 0.00 98.99
177 1.52 0.00 0.76 4.04 0.00 0.00 0.00 0.00 0.00 93.69
178 1.00 0.00 0.75 0.00 0.00 0.00 0.00 0.00 0.00 98.25
179 0.51 0.00 0.25 0.00 0.00 0.00 0.00 0.00 0.00 99.24
180 0.25 0.00 0.75 0.00 0.00 0.25 0.00 0.00 0.00 98.75
181 2.53 0.00 0.51 0.00 0.00 0.00 0.00 0.00 0.00 96.96
182 9.74 0.00 0.77 0.26 0.00 0.00 0.26 0.00 0.00 88.97
183 0.75 0.00 0.50 0.00 0.00 0.00 0.00 0.00 0.00 98.75
184 1.27 0.00 0.25 0.00 0.00 0.00 0.00 0.00 0.00 98.48
185 0.76 0.00 0.50 1.26 0.00 0.00 0.00 0.00 0.00 97.48
186 0.25 0.00 0.00 0.76 0.00 0.00 0.00 0.00 0.00 98.98
187 1.01 0.00 0.76 3.28 0.00 0.00 0.51 0.00 0.00 94.44
188 4.53 0.00 1.26 11.08 0.00 0.25 0.00 0.00 0.00 82.87
189 0.50 0.00 0.76 0.00 0.00 0.00 0.00 0.00 0.00 98.74
190 2.28 0.00 0.51 0.00 0.00 0.25 0.00 0.00 0.00 96.95
191 2.25 0.00 0.25 0.25 0.00 0.00 0.00 0.00 0.00 97.25
192 0.76 0.00 0.00 0.00 0.00 0.00 0.00 0.00 0.00 99.24
193 0.76 0.00 0.51 0.00 0.00 0.00 0.00 0.00 0.00 98.73
194 1.00 0.00 0.75 0.00 0.00 0.00 0.00 0.00 0.00 98.25
195 0.25 0.00 0.25 0.00 0.00 0.00 0.00 0.00 0.00 99.49
196 1.25 0.00 0.50 0.00 0.00 0.00 0.00 0.00 0.00 98.25
197 1.26 0.00 0.50 4.03 0.00 0.00 0.00 0.00 0.00 94.21
198 0.75 0.00 1.25 0.00 0.00 0.00 0.00 0.00 0.00 97.99
199 2.79 0.00 0.25 0.00 0.00 0.00 0.00 0.00 0.00 96.95
200 0.50 0.00 0.50 0.00 0.00 0.00 0.25 0.00 0.00 98.74
201 5.78 0.00 0.50 0.25 0.00 0.00 0.00 0.00 0.00 93.47
202 1.25 0.00 0.50 0.00 0.00 0.00 0.25 0.00 0.00 97.99
203 1.01 0.00 0.00 0.00 0.00 0.00 0.00 0.00 0.00 98.99
204 0.51 0.00 0.25 0.00 0.00 0.00 0.00 0.00 0.00 99.24
205 0.76 0.00 0.25 0.00 0.00 0.00 0.00 0.00 0.00 98.99
206 0.25 0.00 0.51 0.00 0.00 0.00 0.00 0.00 0.00 99.24
207 1.52 0.00 0.25 4.29 0.00 0.00 0.00 0.00 0.00 93.94
208 0.75 0.00 0.75 0.00 0.00 0.00 0.00 0.00 0.00 98.50
209 1.01 0.00 0.25 0.00 0.00 0.00 0.00 0.00 0.00 98.73
210 1.27 0.00 0.51 0.00 0.00 0.00 0.25 0.00 0.00 97.96
211 1.25 0.00 1.00 0.00 0.00 0.00 0.00 0.00 0.00 97.76
212 0.51 0.00 0.51 0.00 0.00 0.00 0.00 0.00 0.00 98.99
213 1.01 0.00 0.76 0.00 0.00 0.00 0.00 0.00 0.00 98.23
214 0.50 0.00 1.01 0.00 0.00 0.00 0.25 0.00 0.00 98.24
215 0.51 0.00 0.51 1.26 0.00 0.00 0.25 0.00 0.00 97.47
216 0.25 0.00 0.25 0.00 0.00 0.00 0.25 0.00 0.00 99.24
217 1.26 0.00 0.75 4.02 0.00 0.00 0.00 0.00 0.00 93.97
218 0.75 0.00 0.50 0.00 0.00 0.25 0.00 0.00 0.00 98.49
219 0.50 0.00 0.50 0.00 0.00 0.00 0.25 0.00 0.00 98.75
220 0.50 0.00 0.25 0.00 0.00 0.00 0.00 0.00 0.00 99.24
221 1.01 0.00 0.25 0.25 0.00 0.00 0.00 0.00 0.00 98.49
222 1.77 0.00 0.76 0.00 0.00 0.00 0.00 0.00 0.00 97.47
223 3.54 0.00 0.51 0.00 0.00 0.25 0.51 0.00 0.00 95.19
224 1.02 0.00 0.25 0.00 0.00 0.00 0.00 0.00 0.00 98.73
225 1.77 0.00 0.51 0.00 0.00 0.00 0.00 0.00 0.00 97.73
226 1.26 0.00 0.25 0.00 0.00 0.00 0.00 0.00 0.00 98.48
227 2.52 0.00 0.25 4.28 0.00 0.00 0.25 0.00 0.00 92.70
228 6.84 0.00 2.28 0.00 0.00 0.00 0.25 0.00 0.00 90.63
229 1.27 0.00 0.76 0.00 0.00 0.00 0.00 0.00 0.00 97.97
230 2.03 0.00 0.25 0.00 0.00 0.00 0.00 0.00 0.00 97.72
231 1.51 0.00 0.50 0.25 0.00 0.00 0.25 0.00 0.00 97.49
232 0.75 0.00 0.25 0.00 0.00 0.00 0.00 0.00 0.00 98.99
233 3.05 0.00 0.51 0.00 0.00 0.00 0.00 0.00 0.00 96.45
234 1.26 0.00 0.00 0.00 0.00 0.00 0.00 0.00 0.00 98.74
235 2.77 0.00 1.01 0.00 0.00 0.00 0.00 0.00 0.00 96.22
236 1.26 0.00 0.76 1.76 0.00 0.00 0.00 0.00 0.00 96.22
237 0.50 0.00 0.50 5.54 0.00 0.00 0.00 0.00 0.00 93.45
238 0.00 0.00 0.25 0.00 0.00 0.00 0.00 0.00 0.00 99.75
239 0.50 0.00 0.25 0.00 0.00 0.25 0.00 0.00 0.00 98.99
240 0.00 0.00 0.25 0.00 0.00 0.00 0.25 0.00 0.00 99.49
241 1.01 0.00 0.25 0.25 0.00 0.00 0.00 0.00 0.00 98.49
242 12.50 0.00 1.28 0.00 0.00 0.00 0.00 0.00 0.00 86.22
243 0.51 0.00 0.00 0.00 0.00 0.00 0.00 0.00 0.00 99.49
244 0.51 0.00 0.25 0.00 0.00 0.00 0.00 0.00 0.00 99.24
245 0.76 0.00 0.25 1.27 0.00 0.00 0.25 0.00 0.00 97.47
246 1.00 0.00 0.50 0.00 0.00 0.00 0.00 0.00 0.00 98.50
247 1.27 0.00 0.51 4.30 0.00 0.00 0.00 0.00 0.00 93.92
248 3.28 0.00 1.26 8.59 0.00 0.25 0.25 0.00 0.00 86.36
249 1.01 0.00 0.25 1.01 0.00 0.00 0.00 0.00 0.00 97.74
250 0.76 0.00 0.25 0.00 0.00 0.00 0.25 0.00 0.00 98.74
251 0.25 0.00 0.25 0.00 0.00 0.00 0.00 0.00 0.00 99.49
252 0.50 0.00 0.25 0.00 0.00 0.00 0.00 0.00 0.00 99.24
253 0.51 0.00 0.25 0.00 0.00 0.00 0.00 0.00 0.00 99.24
254 0.50 0.00 0.75 0.00 0.00 0.00 0.00 0.00 0.00 98.75
255 1.01 0.00 0.25 0.00 0.00 0.00 0.00 0.00 0.00 98.74
256 1.01 0.00 0.50 0.00 0.00 0.00 0.00 0.00 0.00 98.49
257 1.26 0.00 0.25 3.77 0.00 0.00 0.00 0.00 0.00 94.72
258 0.76 0.00 0.76 0.00 0.00 0.00 0.00 0.00 0.00 98.49
259 0.50 0.00 0.50 0.00 0.00 0.00 0.00 0.00 0.00 98.99
260 1.52 0.00 0.76 0.00 0.00 0.00 0.25 0.00 0.00 97.47
261 0.51 0.00 0.25 0.25 0.00 0.00 0.00 0.00 0.00 98.99
262 3.32 0.00 1.02 0.00 0.00 0.00 0.00 0.00 0.00 95.65
263 0.76 0.00 0.25 0.00 0.00 0.00 0.25 0.00 0.00 98.74
264 1.76 0.00 0.00 0.00 0.00 0.00 0.00 0.00 0.00 98.24
265 2.79 0.00 0.76 0.00 0.00 0.00 0.25 0.00 0.00 96.19
266 1.27 0.00 0.51 0.25 0.00 0.00 0.25 0.00 0.00 97.72
267 1.02 0.00 0.25 4.07 0.00 0.00 0.25 0.00 0.00 94.40
268 2.78 0.00 0.51 0.00 0.00 0.00 0.00 0.00 0.00 96.71
269 1.51 0.00 0.75 0.00 0.00 0.00 0.00 0.00 0.00 97.74
270 1.77 0.00 0.51 0.00 0.00 0.00 0.00 0.00 0.00 97.73
271 3.53 0.00 0.50 0.00 0.00 0.00 0.25 0.00 0.00 95.72
272 1.01 0.00 0.50 0.00 0.00 0.00 0.00 0.00 0.00 98.49
273 1.27 0.00 0.00 0.00 0.00 0.00 0.00 0.00 0.00 98.73
274 0.00 0.00 0.76 0.00 0.00 0.00 0.25 0.00 0.00 98.99
275 0.51 0.00 0.25 1.27 0.00 0.00 0.00 0.00 0.00 97.97
276 0.50 0.00 0.25 0.00 0.00 0.00 0.25 0.00 0.00 98.99
277 0.51 0.00 0.25 4.07 0.00 0.00 0.00 0.00 0.00 95.17
278 1.26 0.00 0.50 0.00 0.00 0.00 0.00 0.00 0.00 98.24
279 0.76 0.00 0.76 0.00 0.00 0.00 0.00 0.00 0.00 98.48
280 0.50 0.00 0.75 0.00 0.00 0.00 0.00 0.00 0.00 98.75
281 0.50 0.00 0.25 0.25 0.00 0.00 0.25 0.00 0.00 98.74
282 2.03 0.00 0.25 0.00 0.00 0.00 0.00 0.00 0.00 97.72
283 0.76 0.00 0.25 0.00 0.00 0.00 0.00 0.00 0.00 98.99
284 0.50 0.00 0.50 0.00 0.00 0.00 0.00 0.00 0.00 98.99
285 4.83 0.00 0.51 0.00 0.00 0.00 0.25 0.00 0.00 94.40
286 1.02 0.00 0.51 3.56 0.00 0.00 0.00 0.00 0.00 94.91
287 0.76 0.00 0.50 0.76 0.00 0.00 0.00 0.00 0.00 97.98
288 0.75 0.00 0.50 0.00 0.00 0.00 0.00 0.00 0.00 98.74
289 0.75 0.00 0.25 0.00 0.00 0.00 0.25 0.00 0.00 98.74
290 1.25 0.00 1.00 0.00 0.00 0.00 0.00 0.00 0.00 97.75
291 0.76 0.00 0.50 0.25 0.00 0.00 0.00 0.00 0.00 98.49
292 0.25 0.00 0.51 0.00 0.00 0.00 0.00 0.00 0.00 99.24
293 1.75 0.00 0.50 0.00 0.00 0.00 0.00 0.00 0.00 97.74
294 1.25 0.00 0.25 0.00 0.00 0.00 0.25 0.00 0.00 98.25
295 2.56 0.00 0.26 0.00 0.00 0.00 0.00 0.00 0.00 97.19
296 0.76 0.00 0.50 0.00 0.00 0.00 0.25 0.00 0.00 98.49
297 1.01 0.00 0.51 4.04 0.00 0.25 0.00 0.00 0.00 94.19
298 1.01 0.00 0.00 0.00 0.00 0.00 0.00 0.00 0.00 98.99
299 1.01 0.00 0.25 0.00 0.00 0.00 0.00 0.00 0.00 98.74
300 0.50 0.00 0.50 0.00 0.00 0.00 0.25 0.00 0.00 98.74
301 1.26 0.00 0.50 0.25 0.00 0.00 0.00 0.00 0.00 97.99
302 10.57 0.00 1.29 0.00 0.00 0.26 0.26 0.00 0.00 87.63
303 0.76 0.00 0.51 0.00 0.00 0.00 0.25 0.00 0.00 98.48
304 0.51 0.00 0.25 1.27 0.00 0.00 0.25 0.00 0.00 97.72
305 0.75 0.00 1.25 0.00 0.00 0.00 0.25 0.00 0.00 97.76
306 1.00 0.00 0.50 0.00 0.00 0.00 0.00 0.00 0.00 98.50
307 1.26 0.00 0.50 4.28 0.00 0.00 0.00 0.00 0.00 93.95
308 2.05 0.00 2.05 13.33 0.00 0.00 0.26 0.00 0.00 82.31
309 1.01 0.00 0.50 4.52 0.00 0.00 0.00 0.00 0.00 93.97
310 1.26 0.00 0.00 0.00 0.00 0.00 0.00 0.00 0.00 98.74
311 0.51 0.00 0.25 0.25 0.00 0.00 0.25 0.00 0.00 98.74
312 0.75 0.00 0.50 0.00 0.00 0.00 0.25 0.00 0.00 98.49
313 1.01 0.00 0.76 0.00 0.00 0.00 0.00 0.00 0.00 98.23
314 0.00 0.00 0.25 0.00 0.00 0.00 0.00 0.00 0.00 99.75
315 0.50 0.00 0.76 0.00 0.00 0.00 0.00 0.00 0.00 98.74
316 0.75 0.00 0.50 0.00 0.00 0.00 0.00 0.00 0.00 98.74
317 2.02 0.00 0.51 4.04 0.00 0.00 0.00 0.00 0.00 93.43
318 2.27 0.00 1.01 0.00 0.00 0.25 0.25 0.00 0.00 96.21
319 0.76 0.00 0.25 0.00 0.00 0.00 0.00 0.00 0.00 98.99
320 0.75 0.00 0.25 0.00 0.00 0.00 0.00 0.00 0.00 98.99
321 0.76 0.00 0.50 0.25 0.00 0.00 0.00 0.00 0.00 98.49
322 0.50 0.00 0.00 0.00 0.00 0.25 0.00 0.00 0.00 99.24
323 0.51 0.00 0.25 0.00 0.00 0.00 0.00 0.00 0.00 99.24
324 1.00 0.00 0.25 0.00 0.00 0.00 0.00 0.00 0.00 98.75
325 0.76 0.00 0.50 0.00 0.00 0.00 0.00 0.00 0.00 98.74
326 0.75 0.00 0.50 0.00 0.00 0.00 0.00 0.00 0.00 98.75
327 1.26 0.00 0.76 4.28 0.00 0.00 0.00 0.00 0.00 93.70
328 1.53 0.00 0.76 0.00 0.00 0.00 0.00 0.00 0.00 97.71
329 0.75 0.00 0.50 0.00 0.00 0.00 0.00 0.00 0.00 98.75
330 0.50 0.00 0.50 0.00 0.00 0.00 0.00 0.00 0.00 98.99
331 2.78 0.00 1.01 0.00 0.00 0.00 0.25 0.00 0.00 95.96
332 0.25 0.00 0.50 0.00 0.00 0.00 0.00 0.00 0.00 99.24
333 0.76 0.00 0.25 0.50 0.00 0.00 0.00 0.00 0.00 98.49
334 1.27 0.00 0.76 1.02 0.00 0.00 0.00 0.00 0.00 96.95
335 0.51 0.00 0.51 0.00 0.00 0.00 0.51 0.00 0.00 98.48
336 0.76 0.00 0.25 3.78 0.00 0.25 0.25 0.00 0.00 94.71
337 3.55 0.00 0.76 0.51 0.00 0.00 0.00 0.00 0.00 95.18
338 0.25 0.00 0.50 0.00 0.00 0.25 0.00 0.00 0.00 98.99
339 0.25 0.00 0.50 0.00 0.00 0.00 0.00 0.00 0.00 99.25
340 1.53 0.00 0.25 0.00 0.00 0.00 0.25 0.00 0.00 97.96
341 1.53 0.00 0.76 0.25 0.00 0.00 0.00 0.00 0.00 97.46
342 1.01 0.00 0.50 0.00 0.00 0.50 0.25 0.00 0.00 97.74
343 0.51 0.00 0.00 0.00 0.00 0.00 0.00 0.00 0.00 99.49
344 1.01 0.00 0.00 0.00 0.00 0.00 0.25 0.00 0.00 98.73
345 4.83 0.00 0.51 0.00 0.00 0.00 0.00 0.00 0.00 94.66
346 0.76 0.00 0.51 0.00 0.00 0.00 0.00 0.00 0.00 98.73
347 1.01 0.00 0.76 4.30 0.00 0.00 0.00 0.00 0.00 93.92
348 1.26 0.00 0.50 0.00 0.00 0.00 0.50 0.00 0.00 97.74
349 0.51 0.00 0.25 0.00 0.00 0.00 0.00 0.00 0.00 99.24
350 1.25 0.00 0.50 0.00 0.00 0.25 0.25 0.00 0.00 97.74
351 0.50 0.00 0.50 0.25 0.00 0.00 0.00 0.00 0.00 98.74
352 0.51 0.00 0.00 0.00 0.00 0.00 0.00 0.00 0.00 99.49
353 1.78 0.00 0.51 0.00 0.00 0.00 0.25 0.00 0.00 97.46
354 0.25 0.00 0.25 0.00 0.00 0.00 0.00 0.00 0.00 99.49
355 0.25 0.00 0.25 0.00 0.00 0.00 0.00 0.00 0.00 99.49
356 0.50 0.00 0.25 0.00 0.00 0.00 0.25 0.00 0.00 98.99
357 0.52 0.00 0.78 4.18 0.00 0.26 0.00 0.00 0.00 94.26
358 0.76 0.00 0.51 0.00 0.00 0.00 0.00 0.00 0.00 98.74
359 0.76 0.00 0.25 0.00 0.00 0.00 0.25 0.00 0.00 98.74
360 0.25 0.00 0.75 0.00 0.00 0.00 0.25 0.00 0.00 98.75
361 1.01 0.00 0.50 0.25 0.00 0.00 0.00 0.00 0.00 98.24
362 10.03 0.00 1.80 0.26 0.00 0.00 0.00 0.00 0.00 87.92
363 0.76 0.00 0.25 0.00 0.00 0.00 0.00 0.00 0.00 98.99
364 0.51 0.00 0.51 1.01 0.00 0.00 0.25 0.00 0.00 97.73
365 1.01 0.00 0.51 0.00 0.00 0.00 0.00 0.00 0.00 98.48
366 0.50 0.00 0.50 0.00 0.00 0.00 0.00 0.00 0.00 98.99
367 1.01 0.00 0.50 4.27 0.00 0.00 0.25 0.00 0.00 93.97
368 3.32 0.00 0.77 8.42 0.00 0.00 0.00 0.00 0.00 87.50
369 0.51 0.00 0.76 2.29 0.00 0.00 0.00 0.00 0.00 96.44
370 0.25 0.00 0.25 0.00 0.00 0.00 0.00 0.00 0.00 99.50
371 1.00 0.00 0.75 0.00 0.00 0.00 0.00 0.00 0.00 98.25
372 0.75 0.00 0.75 0.00 0.00 0.00 0.00 0.00 0.00 98.49
373 1.00 0.00 0.75 0.00 0.00 0.00 0.00 0.00 0.00 98.25
374 0.51 0.00 0.00 0.00 0.00 0.00 0.00 0.00 0.00 99.49
375 1.01 0.00 0.76 0.00 0.00 0.00 0.00 0.00 0.00 98.24
376 0.50 0.00 0.00 0.25 0.00 0.00 0.25 0.00 0.00 98.99
377 0.25 0.00 0.25 4.07 0.00 0.25 0.00 0.00 0.00 95.17
378 2.28 0.00 0.76 0.00 0.00 0.00 0.25 0.00 0.00 96.70
379 0.25 0.00 0.25 0.00 0.00 0.00 0.00 0.00 0.00 99.49
380 0.00 0.00 0.25 0.00 0.00 0.00 0.00 0.00 0.00 99.75
381 1.25 0.00 0.75 0.00 0.00 0.00 0.00 0.00 0.00 98.00
382 0.76 0.00 0.25 0.00 0.00 0.00 0.00 0.00 0.00 98.99
383 0.76 0.00 0.25 0.00 0.00 0.00 0.25 0.00 0.00 98.74
384 1.01 0.00 0.25 0.00 0.00 0.00 0.00 0.00 0.00 98.74
385 0.76 0.00 0.51 0.00 0.00 0.00 0.00 0.00 0.00 98.74
386 0.50 0.00 0.50 5.53 0.00 0.25 0.00 0.00 0.00 93.22
387 1.78 0.00 0.76 0.00 0.00 0.00 0.00 0.00 0.00 97.46
388 1.25 0.00 0.50 0.00 0.00 0.00 0.25 0.00 0.00 98.00
389 0.25 0.00 0.00 0.00 0.00 0.00 0.00 0.00 0.00 99.75
390 0.25 0.00 0.50 0.00 0.00 0.00 0.00 0.00 0.00 99.24
391 0.76 0.00 0.25 0.00 0.00 0.00 0.00 0.00 0.00 98.99
392 4.57 0.00 0.51 0.00 0.00 0.00 0.00 0.00 0.00 94.92
393 0.76 0.00 0.25 0.00 0.00 0.00 0.25 0.00 0.00 98.74
394 3.18 0.00 0.27 1.06 0.00 0.00 1.33 0.00 0.00 94.16
395 5.08 0.00 0.76 0.51 0.00 0.00 0.76 0.00 0.00 92.89
396 1.02 0.00 0.51 0.25 0.00 0.00 0.25 0.00 0.00 97.97
397 1.78 0.00 0.51 4.06 0.00 0.00 0.25 0.00 0.00 93.40
398 2.04 0.00 0.25 0.00 0.00 0.00 0.00 0.00 0.00 97.71
399 0.50 0.00 0.25 0.00 0.00 0.00 0.25 0.00 0.00 98.99
400 0.76 0.00 0.51 0.00 0.00 0.00 0.25 0.00 0.00 98.47
401 1.27 0.00 0.51 0.00 0.00 0.00 0.00 0.00 0.00 98.23
402 0.76 0.00 0.50 0.00 0.00 0.00 0.00 0.00 0.00 98.74
403 1.02 0.00 0.51 0.00 0.00 0.00 0.25 0.00 0.00 98.22
404 0.25 0.00 0.00 0.00 0.00 0.00 0.00 0.00 0.00 99.75
405 0.51 0.00 0.25 0.00 0.00 0.00 0.00 0.00 0.00 99.24
406 1.01 0.00 0.50 0.25 0.00 0.00 0.25 0.00 0.00 97.99
407 1.26 0.00 1.51 4.03 0.00 0.25 0.00 0.00 0.00 92.95
408 1.01 0.00 0.25 0.00 0.00 0.00 0.00 0.00 0.00 98.74
409 0.76 0.00 0.25 0.00 0.00 0.00 0.25 0.00 0.00 98.74
410 2.05 0.00 0.26 0.00 0.00 0.00 0.00 0.00 0.00 97.70
411 0.76 0.00 0.25 0.25 0.00 0.00 0.00 0.00 0.00 98.73
412 0.50 0.00 0.50 0.00 0.00 0.00 0.00 0.00 0.00 98.99
413 0.25 0.00 0.25 0.00 0.00 0.00 0.25 0.00 0.00 99.24
414 0.76 0.00 0.51 0.00 0.00 0.00 0.00 0.00 0.00 98.73
415 0.76 0.00 0.25 0.00 0.00 0.00 0.00 0.00 0.00 98.99
416 0.25 0.00 0.25 0.00 0.00 0.00 0.00 0.00 0.00 99.49
417 1.01 0.00 0.50 4.53 0.00 0.00 0.00 0.00 0.00 93.95
418 0.50 0.00 0.50 0.00 0.00 0.00 0.25 0.00 0.00 98.74
419 0.76 0.00 0.25 0.00 0.00 0.00 0.00 0.00 0.00 98.99
420 0.51 0.00 0.51 0.00 0.00 0.00 0.00 0.00 0.00 98.99
421 1.01 0.00 0.25 0.00 0.00 0.00 0.25 0.00 0.00 98.48
422 10.51 0.00 1.54 0.26 0.00 0.00 0.26 0.00 0.00 87.44
423 0.51 0.00 0.25 0.00 0.00 0.00 0.00 0.00 0.00 99.24
424 0.51 0.00 0.25 0.00 0.00 0.00 0.25 0.00 0.00 98.99
425 0.76 0.00 0.50 1.01 0.00 0.25 0.25 0.00 0.00 97.23
426 0.25 0.00 0.25 0.00 0.00 0.00 0.00 0.00 0.00 99.49
427 1.51 0.00 1.26 4.52 0.00 0.00 0.00 0.00 0.00 92.71
428 2.56 0.00 1.02 12.02 0.00 0.00 0.51 0.00 0.00 83.89
429 0.51 0.00 0.51 0.00 0.00 0.00 0.25 0.00 0.00 98.74
430 1.00 0.00 0.75 0.00 0.00 0.00 0.00 0.00 0.00 98.25
431 1.25 0.00 0.75 0.25 0.00 0.00 0.00 0.00 0.00 97.74
432 2.27 0.00 0.51 0.00 0.00 0.00 0.00 0.00 0.00 97.22
433 0.50 0.00 0.25 0.00 0.00 0.00 0.25 0.00 0.00 98.99
434 0.50 0.00 1.00 0.00 0.00 0.00 0.00 0.00 0.00 98.50
435 1.00 0.00 0.75 0.00 0.00 0.00 0.00 0.00 0.00 98.25
436 0.75 0.00 1.01 5.53 0.00 0.00 0.00 0.00 0.00 92.71
437 0.25 0.00 0.25 0.00 0.00 0.25 0.00 0.00 0.00 99.25
438 1.26 0.00 1.01 0.00 0.00 0.00 0.00 0.00 0.00 97.73
439 0.50 0.00 0.75 0.00 0.00 0.00 0.00 0.00 0.00 98.74
440 0.25 0.00 0.75 0.00 0.00 0.00 0.25 0.00 0.00 98.75
441 1.02 0.00 0.51 0.26 0.00 0.00 0.26 0.00 0.00 97.96
442 0.50 0.00 0.75 0.00 0.00 0.00 0.00 0.00 0.00 98.75
443 0.50 0.00 0.75 0.00 0.00 0.00 0.00 0.00 0.00 98.74
444 0.75 0.00 0.25 0.00 0.00 0.00 0.00 0.00 0.00 98.99
445 0.50 0.00 0.50 0.00 0.00 0.00 0.00 0.00 0.00 98.99
446 0.76 0.00 0.51 0.00 0.00 0.00 0.00 0.00 0.00 98.74
447 0.51 0.00 0.51 4.30 0.00 0.00 0.00 0.00 0.00 94.68
448 0.51 0.00 0.25 0.00 0.00 0.00 0.00 0.00 0.00 99.24
449 0.51 0.00 0.25 0.00 0.00 0.00 0.00 0.00 0.00 99.24
450 1.00 0.00 0.50 0.00 0.00 0.00 0.00 0.00 0.00 98.50
451 0.50 0.00 0.50 0.25 0.00 0.25 0.00 0.00 0.00 98.49
452 1.53 0.00 0.26 0.00 0.00 0.00 0.00 0.00 0.00 98.21
453 0.25 0.00 0.25 0.00 0.00 0.00 0.25 0.00 0.00 99.24
454 0.25 0.00 0.25 0.00 0.00 0.00 0.00 0.00 0.00 99.49
455 1.52 0.00 0.25 0.76 0.00 0.00 0.25 0.00 0.00 97.21
456 0.51 0.00 0.25 0.25 0.00 0.00 0.00 0.00 0.00 98.99
457 1.50 0.00 0.75 4.25 0.00 0.00 0.00 0.00 0.00 93.50
458 1.00 0.00 0.50 0.00 0.00 0.00 0.00 0.00 0.00 98.50
459 0.25 0.00 0.25 0.00 0.00 0.00 0.00 0.00 0.00 99.49
460 0.50 0.00 0.50 0.00 0.00 0.25 0.00 0.00 0.00 98.75
461 0.76 0.00 0.25 0.00 0.00 0.25 0.00 0.00 0.00 98.74
462 0.50 0.00 0.25 0.00 0.00 0.00 0.25 0.00 0.00 99.00
463 0.25 0.00 0.25 0.00 0.00 0.00 0.00 0.00 0.00 99.49
464 1.52 0.00 0.51 0.00 0.00 0.00 0.00 0.00 0.00 97.97
465 1.25 0.00 1.00 0.00 0.00 0.00 0.00 0.00 0.00 97.75
466 0.25 0.00 0.25 0.00 0.00 0.00 0.00 0.00 0.00 99.49
467 0.76 0.00 1.01 4.30 0.00 0.00 0.00 0.00 0.00 93.92
468 1.26 0.00 0.00 0.00 0.00 0.00 0.00 0.00 0.00 98.74
469 1.01 0.00 0.25 0.00 0.00 0.00 0.25 0.00 0.00 98.49
470 0.50 0.00 0.50 0.00 0.00 0.00 0.00 0.00 0.00 98.99
471 0.76 0.00 0.25 0.00 0.00 0.00 0.00 0.00 0.00 98.99
472 0.50 0.00 0.50 0.00 0.00 0.00 0.00 0.00 0.00 99.00
473 0.75 0.00 0.50 0.00 0.00 0.25 0.00 0.00 0.00 98.50
474 0.51 0.00 0.00 0.00 0.00 0.00 0.00 0.00 0.00 99.49
475 0.76 0.00 0.50 0.00 0.00 0.00 0.00 0.00 0.00 98.74
476 0.50 0.00 0.25 0.25 0.00 0.00 0.00 0.00 0.00 98.99
477 1.26 0.00 0.50 4.03 0.00 0.00 0.25 0.00 0.00 93.95
478 1.52 0.00 0.51 0.00 0.00 0.00 0.00 0.00 0.00 97.97
479 0.75 0.00 0.25 0.00 0.00 0.00 0.00 0.00 0.00 98.99
480 0.75 0.00 0.75 0.00 0.00 0.00 0.00 0.00 0.00 98.50
481 0.51 0.00 0.00 0.25 0.00 0.00 0.00 0.00 0.00 99.24
482 4.34 0.00 0.51 0.00 0.00 0.00 0.51 0.00 0.00 94.64
483 5.58 0.00 1.27 0.76 0.00 0.00 0.00 0.00 0.00 92.39
484 1.01 0.00 0.25 0.00 0.00 0.00 0.25 0.00 0.00 98.49
485 2.54 0.00 1.02 1.02 0.00 0.00 0.00 0.00 0.00 95.43
486 1.26 0.00 0.50 4.28 0.00 0.00 0.00 0.00 0.00 93.95
487 0.75 0.00 0.50 0.00 0.00 0.00 0.00 0.00 0.00 98.74
488 1.52 0.00 0.51 6.31 0.00 0.00 0.25 0.00 0.00 91.41
489 1.01 0.00 0.51 3.79 0.00 0.00 0.00 0.00 0.00 94.70
490 0.00 0.00 0.25 0.00 0.00 0.00 0.00 0.00 0.00 99.75
491 1.01 0.00 0.25 0.00 0.00 0.00 0.00 0.00 0.00 98.74
492 0.50 0.00 0.75 0.00 0.00 0.00 0.00 0.00 0.00 98.75
493 1.01 0.00 0.50 0.00 0.00 0.00 0.00 0.00 0.00 98.49
494 0.25 0.00 0.75 0.00 0.00 0.00 0.00 0.00 0.00 99.00
495 1.52 0.00 0.51 0.00 0.00 0.00 0.00 0.00 0.00 97.98
496 1.25 0.00 0.50 0.50 0.00 0.00 0.00 0.00 0.00 97.74
497 0.50 0.00 0.25 3.77 0.00 0.00 0.25 0.00 0.00 95.23
498 0.76 0.00 0.76 0.00 0.00 0.00 0.00 0.00 0.00 98.49
499 0.50 0.00 0.50 0.00 0.00 0.00 0.00 0.00 0.00 98.99
500 0.25 0.00 0.50 0.00 0.00 0.00 0.00 0.00 0.00 99.24
501 0.75 0.00 1.00 0.25 0.00 0.00 0.00 0.00 0.00 98.00
502 0.50 0.00 0.50 0.00 0.00 0.00 0.00 0.00 0.00 98.99
503 2.03 0.00 0.51 0.00 0.00 0.00 0.25 0.00 0.00 97.22
504 0.50 0.00 0.50 0.00 0.00 0.00 0.00 0.00 0.00 98.99
505 0.75 0.00 0.50 0.00 0.00 0.00 0.00 0.00 0.00 98.74
506 0.50 0.00 0.25 0.00 0.00 0.00 0.00 0.00 0.00 99.24
507 0.76 0.00 0.76 4.28 0.00 0.00 0.00 0.00 0.00 94.21
508 0.76 0.00 0.25 0.00 0.00 0.00 0.00 0.00 0.00 98.99
509 1.00 0.00 0.50 0.00 0.00 0.25 0.25 0.00 0.00 98.00
510 0.51 0.00 0.25 0.00 0.00 0.00 0.00 0.00 0.00 99.24
511 2.75 0.00 1.25 0.25 0.00 0.00 0.00 0.00 0.00 95.75
512 0.25 0.00 0.25 0.00 0.00 0.00 0.00 0.00 0.00 99.49
513 1.00 0.00 0.50 0.00 0.00 0.00 0.25 0.00 0.00 98.25
514 1.02 0.00 0.26 1.02 0.00 0.00 0.00 0.00 0.00 97.70
515 1.00 0.00 0.75 0.00 0.00 0.00 0.25 0.00 0.00 98.00
516 0.51 0.00 0.51 0.00 0.00 0.00 0.00 0.00 0.00 98.99
517 0.76 0.00 0.25 4.03 0.00 0.25 0.25 0.00 0.00 94.46
518 0.25 0.00 0.25 0.00 0.00 0.00 0.00 0.00 0.00 99.49
519 1.26 0.00 0.00 0.00 0.00 0.00 0.00 0.00 0.00 98.74
520 0.51 0.00 0.00 0.00 0.00 0.00 0.00 0.00 0.00 99.49
521 1.00 0.00 0.50 0.25 0.00 0.00 0.00 0.00 0.00 98.25
522 0.50 0.00 0.50 0.00 0.00 0.00 0.00 0.00 0.00 98.99
523 0.50 0.00 0.25 0.00 0.00 0.00 0.00 0.00 0.00 99.24
524 0.25 0.00 0.00 0.00 0.00 0.00 0.00 0.00 0.00 99.75
525 2.53 0.00 0.76 0.00 0.00 0.00 0.25 0.00 0.00 96.46
526 1.01 0.00 0.25 0.00 0.00 0.00 0.00 0.00 0.00 98.74
527 1.26 0.00 0.76 4.55 0.00 0.00 0.00 0.00 0.00 93.43
528 0.50 0.00 0.25 0.00 0.00 0.00 0.00 0.00 0.00 99.24
529 0.76 0.00 0.25 0.00 0.00 0.00 0.00 0.00 0.00 98.99
530 0.25 0.00 0.50 0.00 0.00 0.00 0.25 0.00 0.00 98.99
531 0.25 0.00 0.51 0.00 0.00 0.00 0.00 0.00 0.00 99.24
532 0.50 0.00 0.25 0.00 0.00 0.00 0.00 0.00 0.00 99.24
533 0.50 0.00 0.25 0.00 0.00 0.25 0.00 0.00 0.00 98.99
534 0.75 0.00 0.75 0.00 0.00 0.00 0.00 0.00 0.00 98.50
535 0.51 0.00 0.25 0.00 0.00 0.00 0.00 0.00 0.00 99.24
536 0.76 0.00 0.51 4.29 0.00 0.00 0.00 0.00 0.00 94.44
537 0.76 0.00 0.50 0.00 0.00 0.00 0.00 0.00 0.00 98.74
538 2.02 0.00 0.25 0.00 0.00 0.00 0.25 0.00 0.00 97.47
539 0.25 0.00 0.51 0.00 0.00 0.00 0.00 0.00 0.00 99.24
540 0.75 0.00 0.25 0.00 0.00 0.00 0.00 0.00 0.00 99.00
541 0.75 0.00 0.75 0.25 0.00 0.00 0.00 0.00 0.00 98.25
542 3.81 0.00 0.76 0.00 0.00 0.00 0.00 0.00 0.00 95.43
543 5.85 0.00 1.53 1.02 0.00 0.00 0.00 0.00 0.00 91.60
544 1.01 0.00 0.76 1.26 0.00 0.00 0.00 0.00 0.00 96.98
545 0.00 0.00 0.25 0.00 0.00 0.00 0.25 0.00 0.00 99.49
546 0.75 0.00 1.01 0.75 0.00 0.00 0.00 0.00 0.00 97.49
547 0.76 0.00 0.50 3.53 0.00 0.00 0.00 0.00 0.00 95.21
548 2.05 0.00 0.51 12.56 0.00 0.00 0.26 0.00 0.00 84.62
549 0.75 0.00 0.75 0.00 0.00 0.00 0.00 0.00 0.00 98.50
550 0.75 0.00 0.50 0.00 0.00 0.00 0.00 0.00 0.00 98.75
551 1.00 0.00 0.50 0.00 0.00 0.00 0.00 0.00 0.00 98.50
552 1.27 0.00 0.25 0.00 0.00 0.00 0.00 0.00 0.00 98.48
553 1.00 0.00 0.50 0.00 0.00 0.00 0.00 0.00 0.00 98.50
554 0.25 0.00 0.25 0.00 0.00 0.00 0.00 0.00 0.00 99.50
555 1.01 0.00 0.50 0.00 0.00 0.00 0.00 0.00 0.00 98.49
556 0.50 0.00 0.75 0.25 0.00 0.00 0.00 0.00 0.00 98.50
557 1.01 0.00 0.51 4.04 0.00 0.00 0.00 0.00 0.00 94.44
558 0.51 0.00 0.76 0.00 0.00 0.00 0.00 0.00 0.00 98.74
559 0.75 0.00 0.25 0.00 0.00 0.00 0.25 0.00 0.00 98.74
560 1.26 0.00 1.01 0.00 0.00 0.25 0.00 0.00 0.00 97.49
561 0.76 0.00 0.25 0.76 0.00 0.00 0.00 0.00 0.00 98.23
562 0.75 0.00 0.50 0.00 0.00 0.00 0.00 0.00 0.00 98.75
563 0.75 0.00 0.25 0.00 0.00 0.00 0.25 0.00 0.00 98.75
564 0.25 0.00 1.25 0.00 0.00 0.00 0.00 0.00 0.00 98.50
565 0.25 0.00 0.51 0.00 0.00 0.00 0.25 0.00 0.00 98.98
566 0.75 0.00 0.25 0.00 0.00 0.00 0.00 0.00 0.00 98.99
567 1.01 0.00 0.75 4.52 0.00 0.00 0.00 0.00 0.00 93.72
568 0.75 0.00 0.75 0.00 0.00 0.00 0.25 0.00 0.00 98.25
569 0.76 0.00 0.00 0.00 0.00 0.00 0.00 0.00 0.00 99.24
570 0.25 0.00 0.25 0.00 0.00 0.00 0.00 0.00 0.00 99.49
571 2.02 0.00 0.51 0.00 0.00 0.00 0.00 0.00 0.00 97.47
572 0.76 0.00 0.25 0.00 0.00 0.00 0.00 0.00 0.00 98.99
573 0.75 0.00 0.50 0.00 0.00 0.00 0.00 0.00 0.00 98.75
574 0.50 0.00 0.76 1.01 0.00 0.00 0.25 0.00 0.00 97.48
575 0.25 0.00 0.76 0.00 0.00 0.00 0.00 0.00 0.00 98.98
576 1.26 0.00 0.25 0.25 0.00 0.00 0.25 0.00 0.00 97.98
577 0.76 0.00 0.76 4.30 0.00 0.00 0.25 0.00 0.00 93.92
578 0.51 0.00 0.25 0.00 0.00 0.25 0.00 0.00 0.00 98.99
579 0.76 0.00 0.25 0.00 0.00 0.00 0.00 0.00 0.00 98.99
580 0.25 0.00 0.00 0.00 0.00 0.00 0.00 0.00 0.00 99.75
581 1.75 0.00 0.75 0.25 0.00 0.00 0.00 0.00 0.00 97.24
582 4.30 0.00 0.51 0.00 0.00 0.00 0.00 0.00 0.00 95.19
583 1.78 0.00 0.76 0.00 0.00 0.00 0.00 0.00 0.00 97.46
584 0.25 0.00 0.25 0.00 0.00 0.00 0.25 0.00 0.00 99.25
585 0.76 0.00 0.50 0.00 0.00 0.00 0.00 0.00 0.00 98.74
586 0.50 0.00 0.25 0.00 0.00 0.00 0.00 0.00 0.00 99.24
587 0.51 0.00 0.51 4.31 0.00 0.00 0.00 0.00 0.00 94.67
588 0.50 0.00 0.50 0.00 0.00 0.00 0.00 0.00 0.00 98.99
589 0.25 0.00 0.51 0.00 0.00 0.00 0.00 0.00 0.00 99.24
590 1.00 0.00 0.50 0.00 0.00 0.00 0.00 0.00 0.00 98.50
591 1.00 0.00 0.50 0.25 0.00 0.00 0.00 0.00 0.00 98.25
592 0.75 0.00 0.25 0.00 0.00 0.25 0.00 0.00 0.00 98.75
593 0.25 0.00 0.50 0.00 0.00 0.00 0.00 0.00 0.00 99.24
594 0.25 0.00 0.25 0.00 0.00 0.00 0.00 0.00 0.00 99.49
595 0.75 0.00 0.75 0.00 0.00 0.25 0.25 0.00 0.00 98.00
596 2.26 0.00 1.26 1.01 0.00 0.00 0.00 0.00 0.00 95.48
597 1.25 0.00 0.50 3.25 0.00 0.00 0.00 0.00 0.00 95.00
598 1.00 0.00 1.00 0.00 0.00 0.00 0.00 0.00 0.00 97.99
599 0.76 0.00 0.50 0.00 0.00 0.00 0.00 0.00 0.00 98.74
600 0.25 0.00 0.50 0.00 0.00 0.00 0.00 0.00 0.00 99.24
601 0.75 0.00 0.75 0.00 0.00 0.25 0.25 0.00 0.00 98.00
602 2.02 0.00 0.50 0.00 0.00 0.00 0.00 0.00 0.00 97.48
603 9.11 0.00 1.52 0.25 0.00 0.00 0.25 0.00 0.00 88.86
604 0.26 0.00 0.26 1.02 0.00 0.00 0.26 0.00 0.00 98.21
605 0.51 0.00 0.25 0.00 0.00 0.00 0.00 0.00 0.00 99.24
606 1.01 0.00 0.25 0.00 0.00 0.00 0.00 0.00 0.00 98.74
607 0.75 0.00 0.50 4.52 0.00 0.00 0.25 0.00 0.00 93.97
608 3.31 0.00 1.27 5.09 0.00 0.00 0.00 0.00 0.00 90.33
609 0.77 0.00 0.77 3.83 0.00 0.00 0.00 0.00 0.00 94.64
610 0.25 0.00 0.50 0.00 0.00 0.00 0.00 0.00 0.00 99.24
611 0.51 0.00 0.51 0.00 0.00 0.00 0.00 0.00 0.00 98.99
612 0.25 0.00 0.25 0.00 0.00 0.00 0.25 0.00 0.00 99.24
613 0.76 0.00 0.50 0.00 0.00 0.00 0.00 0.00 0.00 98.74
614 0.75 0.00 0.50 0.00 0.00 0.00 0.00 0.00 0.00 98.75
615 0.25 0.00 0.51 0.00 0.00 0.00 0.00 0.00 0.00 99.24
616 0.75 0.00 0.75 0.25 0.00 0.00 0.00 0.00 0.00 98.25
617 1.26 0.00 0.25 4.04 0.00 0.00 0.00 0.00 0.00 94.44
618 1.00 0.00 0.75 0.00 0.00 0.00 0.00 0.00 0.00 98.25
619 0.50 0.00 0.50 0.00 0.00 0.00 0.00 0.00 0.00 98.99
620 1.78 0.00 0.51 0.00 0.00 0.25 0.00 0.00 0.00 97.46
621 0.76 0.00 0.00 0.25 0.00 0.00 0.25 0.00 0.00 98.74
622 0.50 0.00 0.75 0.00 0.00 0.00 0.00 0.00 0.00 98.75
623 0.50 0.00 0.75 0.00 0.00 0.00 0.00 0.00 0.00 98.75
624 5.12 0.00 0.77 0.00 0.00 0.00 0.00 0.00 0.00 94.12
625 0.50 0.00 0.00 0.00 0.00 0.00 0.00 0.00 0.00 99.50
626 0.25 0.00 0.76 0.00 0.00 0.00 0.00 0.00 0.00 98.99
627 0.75 0.00 0.50 4.52 0.00 0.00 0.00 0.00 0.00 94.22
628 0.51 0.00 0.25 0.00 0.00 0.00 0.25 0.00 0.00 98.99
629 1.01 0.00 0.25 0.00 0.00 0.00 0.00 0.00 0.00 98.74
630 1.76 0.00 0.50 0.00 0.00 0.00 0.25 0.00 0.00 97.48
631 1.01 0.00 0.00 0.25 0.00 0.00 0.00 0.00 0.00 98.74
632 0.51 0.00 0.25 0.00 0.00 0.00 0.00 0.00 0.00 99.24
633 0.75 0.00 0.50 0.00 0.00 0.00 0.00 0.00 0.00 98.74
634 1.01 0.00 0.76 1.01 0.00 0.00 0.25 0.00 0.00 96.97
635 0.00 0.00 0.25 0.00 0.00 0.00 0.00 0.00 0.00 99.75
636 1.01 0.00 0.76 4.81 0.00 0.00 0.51 0.00 0.00 92.91
637 0.25 0.00 0.51 0.00 0.00 0.00 0.00 0.00 0.00 99.24
638 1.00 0.00 0.50 0.00 0.00 0.00 0.00 0.00 0.00 98.50
639 1.00 0.00 0.25 0.00 0.00 0.00 0.00 0.00 0.00 98.75
640 0.50 0.00 0.75 0.00 0.00 0.00 0.25 0.00 0.00 98.50
641 0.76 0.00 0.00 0.25 0.00 0.00 0.00 0.00 0.00 98.99
642 2.01 0.00 0.50 0.00 0.00 0.00 0.00 0.00 0.00 97.49
643 0.75 0.00 0.50 0.00 0.00 0.00 0.00 0.00 0.00 98.75
644 0.25 0.00 0.25 0.00 0.00 0.00 0.00 0.00 0.00 99.50
645 1.26 0.00 0.51 0.00 0.00 0.00 0.00 0.00 0.00 98.23
646 5.29 0.00 1.01 0.50 0.00 0.00 0.00 0.00 0.00 93.20
647 0.51 0.00 0.25 4.05 0.00 0.00 0.00 0.00 0.00 95.19
648 0.76 0.00 0.25 0.00 0.00 0.00 0.00 0.00 0.00 98.99
649 0.76 0.00 0.00 0.00 0.00 0.00 0.00 0.00 0.00 99.24
650 0.50 0.00 0.50 0.00 0.00 0.00 0.00 0.00 0.00 98.99
651 1.26 0.00 0.25 0.00 0.00 0.00 0.00 0.00 0.00 98.49
652 0.50 0.00 0.50 0.00 0.00 0.00 0.25 0.00 0.00 98.75
653 0.50 0.00 0.50 0.00 0.00 0.25 0.00 0.00 0.00 98.74
654 2.28 0.00 0.51 0.00 0.00 0.00 0.00 0.00 0.00 97.22
655 0.50 0.00 0.50 0.00 0.00 0.00 0.00 0.00 0.00 98.99
656 4.76 0.00 0.50 0.25 0.00 0.00 0.00 0.00 0.00 94.49
657 1.26 0.00 0.50 4.27 0.00 0.00 0.00 0.00 0.00 93.97
658 0.00 0.00 0.00 0.00 0.00 0.00 0.00 0.00 0.00 100.00
659 0.25 0.00 0.51 0.00 0.00 0.00 0.00 0.00 0.00 99.24
660 0.25 0.00 0.50 0.00 0.00 0.00 0.00 0.00 0.00 99.25
661 0.75 0.00 0.75 0.00 0.00 0.00 0.00 0.00 0.00 98.49
662 2.78 0.00 0.00 0.00 0.00 0.00 0.00 0.00 0.00 97.22
663 8.65 0.00 0.25 0.25 0.00 0.25 0.25 0.00 0.00 90.33
664 0.50 0.00 0.76 0.00 0.00 0.00 0.00 0.00 0.00 98.74
665 0.76 0.00 0.51 1.01 0.00 0.00 0.00 0.00 0.00 97.73
666 0.00 0.00 0.76 0.00 0.00 0.00 0.00 0.00 0.00 99.24
667 0.77 0.00 0.51 4.59 0.00 0.00 0.26 0.00 0.00 93.88
668 3.56 0.00 0.51 10.94 0.00 0.00 0.00 0.00 0.00 84.99
669 0.50 0.00 0.50 0.00 0.00 0.00 0.00 0.00 0.00 98.99
670 0.76 0.00 0.25 0.00 0.00 0.00 0.00 0.00 0.00 98.99
671 0.75 0.00 0.75 0.25 0.00 0.00 0.00 0.00 0.00 98.25
672 0.50 0.00 0.75 0.00 0.00 0.00 0.00 0.00 0.00 98.75
673 1.00 0.00 0.75 0.00 0.00 0.00 0.00 0.00 0.00 98.25
674 0.25 0.00 0.00 0.00 0.00 0.00 0.00 0.00 0.00 99.75
675 0.76 0.00 0.25 0.00 0.00 0.00 0.00 0.00 0.00 98.99
676 2.02 0.00 0.76 0.00 0.00 0.25 0.25 0.00 0.00 96.73
677 1.26 0.00 0.50 4.27 0.00 0.00 0.00 0.00 0.00 93.97
678 0.76 0.00 0.50 0.00 0.00 0.00 0.00 0.00 0.00 98.74
679 0.75 0.00 0.50 0.00 0.00 0.00 0.00 0.00 0.00 98.75
680 0.76 0.00 0.00 0.00 0.00 0.00 0.00 0.00 0.00 99.24
681 0.51 0.00 0.51 0.00 0.00 0.00 0.00 0.00 0.00 98.99
682 0.50 0.00 0.50 0.00 0.00 0.25 0.00 0.00 0.00 98.75
683 0.25 0.00 0.25 0.00 0.00 0.00 0.00 0.00 0.00 99.49
684 2.27 0.00 0.25 0.00 0.00 0.00 0.00 0.00 0.00 97.48
685 0.25 0.00 0.51 0.00 0.00 0.00 0.00 0.00 0.00 99.24
686 1.25 0.00 1.00 4.76 0.00 0.00 0.25 0.00 0.00 92.73
687 1.00 0.00 0.75 0.00 0.00 0.00 0.00 0.00 0.00 98.25
688 0.25 0.00 0.25 0.00 0.00 0.00 0.00 0.00 0.00 99.49
689 0.25 0.00 0.50 0.00 0.00 0.00 0.25 0.00 0.00 98.99
690 0.51 0.00 0.00 0.00 0.00 0.00 0.00 0.00 0.00 99.49
691 0.76 0.00 0.25 0.00 0.00 0.00 0.00 0.00 0.00 98.99
692 0.51 0.00 0.25 0.00 0.00 0.00 0.00 0.00 0.00 99.24
693 0.25 0.00 0.25 0.00 0.00 0.00 0.00 0.00 0.00 99.49
694 4.15 0.00 0.52 0.00 0.00 0.00 0.26 0.00 0.00 95.08
695 0.51 0.00 0.51 1.27 0.00 0.00 0.25 0.00 0.00 97.46
696 2.54 0.00 1.02 0.51 0.00 0.00 0.00 0.00 0.00 95.94
697 0.25 0.00 0.25 3.80 0.00 0.00 0.00 0.00 0.00 95.70
698 0.75 0.00 0.25 0.00 0.00 0.00 0.25 0.00 0.00 98.75
699 0.75 0.00 0.75 0.00 0.00 0.00 0.00 0.00 0.00 98.50
700 0.51 0.00 0.00 0.00 0.00 0.00 0.00 0.00 0.00 99.49
701 0.76 0.00 0.51 0.00 0.00 0.00 0.00 0.00 0.00 98.74
702 0.75 0.00 0.75 0.00 0.00 0.00 0.00 0.00 0.00 98.50
703 0.75 0.00 0.50 0.00 0.00 0.00 0.00 0.00 0.00 98.74
704 0.00 0.00 0.50 0.00 0.00 0.00 0.25 0.00 0.00 99.24
705 6.65 0.00 0.77 0.00 0.00 0.00 0.00 0.00 0.00 92.58
706 1.01 0.00 0.50 0.00 0.00 0.00 0.00 0.00 0.00 98.49
707 0.51 0.00 0.00 4.83 0.00 0.00 0.00 0.00 0.00 94.66
708 0.50 0.00 0.25 0.00 0.00 0.00 0.00 0.00 0.00 99.25
709 2.53 0.00 0.25 0.00 0.00 0.00 0.00 0.00 0.00 97.22
710 0.50 0.00 0.50 0.00 0.00 0.00 0.00 0.00 0.00 98.99
711 1.00 0.00 0.50 0.00 0.00 0.00 0.25 0.00 0.00 98.25
712 0.50 0.00 0.75 0.00 0.00 0.00 0.00 0.00 0.00 98.75
713 0.75 0.00 0.25 0.00 0.00 0.00 0.25 0.00 0.00 98.74
714 0.25 0.00 0.00 0.00 0.00 0.00 0.00 0.00 0.00 99.75
715 1.50 0.00 0.50 0.00 0.00 0.00 0.25 0.00 0.00 97.74
716 0.76 0.00 0.25 0.25 0.00 0.00 0.00 0.00 0.00 98.74
717 0.75 0.00 1.01 4.02 0.00 0.00 0.00 0.00 0.00 94.22
718 0.51 0.00 0.25 0.00 0.00 0.00 0.00 0.00 0.00 99.24
719 3.88 0.00 0.52 0.00 0.00 0.00 0.00 0.00 0.00 95.61
720 0.75 0.00 0.50 0.00 0.00 0.00 0.00 0.00 0.00 98.75
721 0.75 0.00 0.50 0.25 0.00 0.00 0.00 0.00 0.00 98.50
722 4.53 0.00 0.25 0.00 0.00 0.00 0.00 0.00 0.00 95.21
723 21.59 0.00 1.80 0.00 0.00 0.00 0.26 0.00 0.00 76.35
724 0.50 0.00 0.50 0.00 0.00 0.00 0.00 0.00 0.00 98.99
725 0.25 0.00 0.76 1.26 0.00 0.00 0.25 0.00 0.00 97.47
726 1.01 0.00 0.50 0.00 0.00 0.00 0.00 0.00 0.00 98.49
727 0.76 0.00 0.51 4.55 0.00 0.00 0.00 0.00 0.00 94.19
728 5.61 0.00 1.53 4.59 0.00 0.00 0.26 0.00 0.00 88.01
729 0.51 0.00 0.76 6.84 0.00 0.00 0.00 0.00 0.00 91.90
730 0.25 0.00 0.25 0.00 0.00 0.00 0.25 0.00 0.00 99.24
731 0.51 0.00 0.25 0.25 0.00 0.00 0.00 0.00 0.00 98.99
732 0.76 0.00 0.76 0.00 0.00 0.00 0.25 0.00 0.00 98.22
733 0.50 0.00 0.50 0.00 0.00 0.00 0.25 0.00 0.00 98.74
734 2.55 0.00 1.02 0.00 0.00 0.00 0.00 0.00 0.00 96.43
735 1.01 0.00 0.25 0.00 0.00 0.00 0.25 0.00 0.00 98.49
736 5.56 0.00 1.01 4.29 0.00 0.00 0.00 0.00 0.00 89.14
737 0.76 0.00 0.76 0.00 0.00 0.00 0.00 0.00 0.00 98.48
738 0.25 0.00 0.76 0.00 0.00 0.25 0.00 0.00 0.00 98.74
739 0.75 0.00 0.50 0.00 0.00 0.00 0.00 0.00 0.00 98.75
740 0.51 0.00 0.25 0.00 0.00 0.00 0.00 0.00 0.00 99.24
741 0.75 0.00 0.75 0.00 0.00 0.25 0.00 0.00 0.00 98.25
742 0.76 0.00 0.51 0.00 0.00 0.00 0.25 0.00 0.00 98.48
743 5.12 0.00 0.77 0.51 0.00 0.00 0.26 0.00 0.00 93.35
744 0.51 0.00 0.25 0.00 0.00 0.00 0.00 0.00 0.00 99.24
745 1.01 0.00 0.50 0.00 0.00 0.00 0.25 0.00 0.00 98.24
746 1.01 0.00 0.00 1.01 0.00 0.00 0.00 0.00 0.00 97.97
747 0.50 0.00 0.50 3.76 0.00 0.25 0.25 0.00 0.00 94.74
748 0.75 0.00 0.25 0.00 0.00 0.25 0.25 0.00 0.00 98.50
749 2.51 0.00 0.75 0.00 0.00 0.00 0.00 0.00 0.00 96.73
750 0.50 0.00 0.50 0.00 0.00 0.00 0.00 0.00 0.00 98.99
751 0.75 0.00 0.50 3.27 0.00 0.25 0.00 0.00 0.00 95.23
752 0.75 0.00 0.25 0.00 0.00 0.00 0.00 0.00 0.00 99.00
753 1.01 0.00 0.25 0.00 0.00 0.00 0.00 0.00 0.00 98.73
754 0.76 0.00 0.25 4.82 0.00 0.00 0.25 0.00 0.00 93.91
755 1.77 0.00 0.76 0.00 0.00 0.00 0.51 0.00 0.00 96.96
756 0.51 0.00 0.25 0.76 0.00 0.00 0.25 0.00 0.00 98.22
757 1.50 0.00 0.75 8.77 0.00 0.00 0.25 0.00 0.00 88.72
758 1.01 0.00 0.25 0.00 0.00 0.25 0.00 0.00 0.00 98.49
759 1.01 0.00 0.50 0.00 0.00 0.00 0.25 0.00 0.00 98.24
760 0.50 0.00 0.25 0.00 0.00 0.00 0.00 0.00 0.00 99.25
761 0.76 0.00 0.00 0.00 0.00 0.00 0.00 0.00 0.00 99.24
762 0.50 0.00 0.50 0.00 0.00 0.00 0.00 0.00 0.00 98.99
763 0.76 0.00 0.00 0.00 0.00 0.00 0.00 0.00 0.00 99.24
764 0.50 0.00 0.50 0.00 0.00 0.00 0.00 0.00 0.00 99.00
765 0.51 0.00 0.25 0.00 0.00 0.00 0.00 0.00 0.00 99.24
766 1.26 0.00 0.25 0.00 0.00 0.00 0.00 0.00 0.00 98.49
767 1.77 0.00 0.76 4.80 0.00 0.00 0.00 0.00 0.00 92.68
768 0.50 0.00 0.25 0.00 0.00 0.00 0.00 0.00 0.00 99.24
769 0.76 0.00 0.25 0.00 0.00 0.00 0.00 0.00 0.00 98.99
770 0.50 0.00 0.25 0.00 0.00 0.00 0.00 0.00 0.00 99.25
771 1.26 0.00 0.50 0.00 0.00 0.00 0.00 0.00 0.00 98.24
772 0.75 0.00 0.25 0.00 0.00 0.00 0.25 0.00 0.00 98.74
773 0.25 0.00 0.25 0.00 0.00 0.00 0.00 0.00 0.00 99.49
774 0.25 0.00 1.01 0.00 0.00 0.00 0.00 0.00 0.00 98.74
775 1.00 0.00 0.50 0.00 0.00 0.00 0.00 0.00 0.00 98.50
776 1.26 0.00 0.50 4.03 0.00 0.00 0.25 0.00 0.00 93.95
777 0.51 0.00 0.00 0.00 0.00 0.00 0.00 0.00 0.00 99.49
778 0.51 0.00 0.25 0.00 0.00 0.00 0.00 0.00 0.00 99.24
779 0.50 0.00 0.50 0.00 0.00 0.00 0.00 0.00 0.00 98.99
780 1.77 0.00 0.51 0.00 0.00 0.00 0.00 0.00 0.00 97.72
781 0.75 0.00 0.25 0.25 0.00 0.00 0.00 0.00 0.00 98.74
782 0.50 0.00 0.50 0.00 0.00 0.00 0.00 0.00 0.00 98.99
783 8.55 0.00 0.26 0.00 0.00 0.00 0.00 0.00 0.00 91.19
784 0.50 0.00 0.50 0.00 0.00 0.00 0.25 0.00 0.00 98.74
785 0.51 0.00 0.51 1.27 0.00 0.00 0.00 0.00 0.00 97.72
786 2.03 0.00 1.01 1.01 0.00 0.00 0.25 0.00 0.00 95.70
787 0.76 0.00 0.50 3.78 0.00 0.00 0.00 0.00 0.00 94.96
788 0.25 0.00 0.00 0.00 0.00 0.00 0.00 0.00 0.00 99.75
789 11.37 0.00 2.58 10.08 0.00 0.00 0.00 0.00 0.00 75.97
790 1.25 0.00 0.50 0.00 0.00 0.00 0.00 0.00 0.00 98.25
791 1.27 0.00 0.51 0.25 0.00 0.00 0.00 0.00 0.00 97.97
792 1.50 0.00 0.25 0.00 0.00 0.00 0.25 0.00 0.00 97.99
793 0.75 0.00 0.75 0.00 0.00 0.00 0.00 0.00 0.00 98.50
794 0.51 0.00 0.25 0.00 0.00 0.25 0.25 0.00 0.00 98.73
795 1.27 0.00 0.25 0.00 0.00 0.00 0.00 0.00 0.00 98.47
796 6.39 0.00 0.77 0.00 0.00 0.00 0.00 0.00 0.00 92.84
797 1.27 0.00 0.51 4.06 0.00 0.00 0.25 0.00 0.00 93.91
798 0.51 0.00 0.51 0.00 0.00 0.00 0.00 0.00 0.00 98.98
799 0.76 0.00 0.25 0.00 0.00 0.00 0.00 0.00 0.00 98.98
800 0.50 0.00 0.75 0.00 0.00 0.00 0.25 0.00 0.00 98.50
801 0.51 0.00 0.00 0.25 0.00 0.00 0.00 0.00 0.00 99.24
802 1.27 0.00 0.51 0.00 0.00 0.00 0.25 0.00 0.00 97.97
803 1.01 0.00 0.51 0.00 0.00 0.25 0.25 0.00 0.00 97.98
804 0.50 0.00 0.25 0.00 0.00 0.00 0.00 0.00 0.00 99.24
805 1.02 0.00 0.51 0.00 0.00 0.00 0.00 0.00 0.00 98.48
806 0.76 0.00 0.25 0.00 0.00 0.00 0.00 0.00 0.00 98.99
807 0.76 0.00 0.51 4.58 0.00 0.00 0.25 0.00 0.00 93.89
808 1.01 0.00 0.00 0.00 0.00 0.00 0.00 0.00 0.00 98.99
809 0.51 0.00 0.25 0.00 0.00 0.00 0.00 0.00 0.00 99.24
810 0.51 0.00 0.25 0.00 0.00 0.00 0.00 0.00 0.00 99.24
811 0.76 0.00 0.51 0.25 0.00 0.00 0.00 0.00 0.00 98.48
812 0.50 0.00 0.50 0.00 0.00 0.00 0.50 0.00 0.00 98.49
813 0.00 0.00 0.51 0.00 0.00 0.00 0.00 0.00 0.00 99.49
814 1.27 0.00 0.76 0.51 0.00 0.00 0.25 0.00 0.00 97.22
815 0.51 0.00 0.25 0.51 0.00 0.00 0.76 0.00 0.00 97.98
816 2.05 0.00 1.02 0.00 0.00 0.00 0.51 0.00 0.00 96.42
817 1.26 0.00 1.01 4.29 0.00 0.00 0.00 0.00 0.00 93.43
818 0.51 0.00 0.25 0.00 0.00 0.00 0.25 0.00 0.00 98.99
819 1.52 0.00 0.51 0.00 0.00 0.00 0.25 0.00 0.00 97.73
820 0.76 0.00 0.25 0.00 0.00 0.00 0.00 0.00 0.00 98.99
821 0.25 0.00 0.25 0.00 0.00 0.00 0.00 0.00 0.00 99.49
822 1.01 0.00 0.25 0.00 0.00 0.00 0.00 0.00 0.00 98.74
823 0.51 0.00 0.25 0.00 0.00 0.00 0.25 0.00 0.00 98.99
824 0.25 0.00 0.75 0.00 0.00 0.00 0.00 0.00 0.00 99.00
825 0.51 0.00 0.51 0.00 0.00 0.00 0.00 0.00 0.00 98.99
826 1.77 0.00 0.51 5.06 0.00 0.00 0.25 0.00 0.00 92.41
827 0.50 0.00 0.50 0.00 0.00 0.00 0.00 0.00 0.00 98.99
828 0.76 0.00 0.76 0.00 0.00 0.00 0.00 0.00 0.00 98.48
829 2.02 0.00 0.76 0.00 0.00 0.00 0.00 0.00 0.00 97.22
830 0.25 0.00 0.75 0.00 0.00 0.00 0.25 0.00 0.00 98.75
831 1.01 0.00 0.25 0.25 0.00 0.00 0.00 0.00 0.00 98.48
832 0.25 0.00 0.76 0.00 0.00 0.25 0.00 0.00 0.00 98.74
833 0.76 0.00 0.51 0.00 0.00 0.00 0.00 0.00 0.00 98.74
834 0.76 0.00 0.50 0.00 0.00 0.00 0.25 0.00 0.00 98.49
835 0.25 0.00 0.25 0.00 0.00 0.00 0.00 0.00 0.00 99.49
836 1.50 0.00 0.75 0.00 0.00 0.00 0.25 0.00 0.00 97.50
837 1.26 0.00 0.75 4.27 0.00 0.00 0.25 0.00 0.00 93.47
838 0.75 0.00 0.50 0.00 0.00 0.00 0.00 0.00 0.00 98.74
839 0.25 0.00 0.25 0.00 0.00 0.00 0.25 0.00 0.00 99.24
840 0.51 0.00 0.00 0.00 0.00 0.00 0.00 0.00 0.00 99.49
841 0.51 0.00 0.51 0.00 0.00 0.00 0.25 0.00 0.00 98.73
842 2.04 0.00 0.25 0.00 0.00 0.00 0.00 0.00 0.00 97.71
843 8.72 0.00 1.03 0.26 0.00 0.26 0.51 0.00 0.00 89.23
844 0.51 0.00 0.51 0.00 0.00 0.00 0.25 0.00 0.00 98.74
845 1.01 0.00 0.76 1.01 0.00 0.00 0.00 0.00 0.00 97.22
846 0.25 0.00 0.51 0.00 0.00 0.00 0.00 0.00 0.00 99.24
847 1.26 0.00 0.76 4.80 0.00 0.00 0.25 0.00 0.00 92.93
848 3.05 0.00 1.02 0.25 0.00 0.00 0.25 0.00 0.00 95.43
849 1.82 0.00 1.04 11.69 0.00 0.00 0.00 0.00 0.00 85.45
850 0.50 0.00 0.25 0.00 0.00 0.00 0.00 0.00 0.00 99.25
851 0.76 0.00 0.50 0.25 0.00 0.00 0.00 0.00 0.00 98.49
852 0.51 0.00 0.51 0.00 0.00 0.00 0.00 0.00 0.00 98.99
853 0.51 0.00 0.00 0.00 0.00 0.25 0.00 0.00 0.00 99.24
854 0.50 0.00 0.25 0.00 0.00 0.00 0.25 0.00 0.00 98.99
855 0.50 0.00 0.50 0.00 0.00 0.00 0.00 0.00 0.00 98.99
856 0.25 0.00 0.00 0.00 0.00 0.00 0.00 0.00 0.00 99.75
857 1.31 0.00 0.52 2.35 0.00 0.00 0.00 0.00 0.00 95.82
858 1.01 0.00 1.27 0.00 0.00 0.00 0.00 0.00 0.00 97.72
859 0.76 0.00 0.25 0.00 0.00 0.00 0.00 0.00 0.00 98.99
860 0.25 0.00 0.25 0.00 0.00 0.25 0.00 0.00 0.00 99.24
861 0.76 0.00 0.25 0.25 0.00 0.00 0.00 0.00 0.00 98.74
862 0.25 0.00 0.50 0.00 0.00 0.00 0.25 0.00 0.00 98.99
863 0.75 0.00 0.50 0.00 0.00 0.00 0.00 0.00 0.00 98.74
864 0.51 0.00 0.25 0.00 0.00 0.00 0.25 0.00 0.00 98.99
865 0.51 0.00 0.51 0.00 0.00 0.00 0.00 0.00 0.00 98.99
866 0.25 0.00 0.51 0.00 0.00 0.00 0.25 0.00 0.00 98.99
867 1.01 0.00 1.51 4.77 0.00 0.00 0.00 0.00 0.00 92.71
868 2.30 0.00 0.26 0.00 0.00 0.00 0.00 0.00 0.00 97.44
869 0.50 0.00 0.75 0.00 0.00 0.00 0.00 0.00 0.00 98.74
870 0.50 0.00 0.25 0.00 0.00 0.00 0.00 0.00 0.00 99.24
871 0.76 0.00 0.25 0.25 0.00 0.00 0.00 0.00 0.00 98.74
872 0.75 0.00 0.50 0.00 0.00 0.00 0.25 0.00 0.00 98.50
873 1.26 0.00 0.00 0.00 0.00 0.00 0.00 0.00 0.00 98.74
874 0.25 0.00 0.76 1.01 0.00 0.00 0.00 0.00 0.00 97.97
875 0.25 0.00 0.00 0.00 0.00 0.00 0.25 0.00 0.00 99.49
876 0.76 0.00 0.51 4.04 0.00 0.00 0.00 0.00 0.00 94.70
877 0.75 0.00 0.25 0.25 0.00 0.00 0.25 0.00 0.00 98.49
878 0.75 0.00 0.50 0.00 0.00 0.00 0.00 0.00 0.00 98.75
879 2.01 0.00 0.25 0.00 0.00 0.25 0.00 0.00 0.00 97.49
880 0.50 0.00 0.50 0.00 0.00 0.00 0.00 0.00 0.00 98.99
881 0.51 0.00 0.25 0.00 0.00 0.00 0.00 0.00 0.00 99.24
882 0.75 0.00 0.25 0.00 0.00 0.00 0.00 0.00 0.00 98.99
883 0.51 0.00 0.25 0.00 0.00 0.00 0.00 0.00 0.00 99.24
884 0.25 0.00 0.25 0.00 0.00 0.00 0.25 0.00 0.00 99.24
885 1.27 0.00 0.25 0.00 0.00 0.00 0.00 0.00 0.00 98.48
886 4.83 0.00 1.02 0.25 0.00 0.00 0.00 0.00 0.00 93.89
887 0.76 0.00 0.76 4.31 0.00 0.00 0.00 0.00 0.00 94.16
888 0.50 0.00 0.25 0.00 0.00 0.00 0.00 0.00 0.00 99.24
889 1.00 0.00 0.25 0.00 0.00 0.00 0.00 0.00 0.00 98.75
890 0.75 0.00 0.50 0.00 0.00 0.00 0.00 0.00 0.00 98.75
891 0.76 0.00 0.00 0.25 0.00 0.00 0.00 0.00 0.00 98.99
892 1.52 0.00 0.51 0.00 0.00 0.00 0.25 0.00 0.00 97.72
893 0.00 0.00 0.51 0.00 0.00 0.00 0.00 0.00 0.00 99.49
894 0.25 0.00 0.50 0.00 0.00 0.00 0.00 0.00 0.00 99.24
895 1.00 0.00 0.25 0.00 0.00 0.00 0.00 0.00 0.00 98.75
896 0.75 0.00 0.25 0.00 0.00 0.00 0.00 0.00 0.00 98.99
897 1.01 0.00 0.51 4.04 0.00 0.00 0.00 0.00 0.00 94.44
898 0.25 0.00 0.50 0.00 0.00 0.00 0.00 0.00 0.00 99.24
899 0.75 0.00 0.75 0.00 0.00 0.00 0.00 0.00 0.00 98.50
900 0.50 0.00 0.25 0.00 0.00 0.00 0.25 0.00 0.00 98.99
901 0.50 0.00 0.50 0.25 0.00 0.00 0.00 0.00 0.00 98.74
902 0.51 0.00 0.00 0.00 0.00 0.00 0.00 0.00 0.00 99.49
903 9.90 0.00 0.78 0.00 0.00 0.26 0.00 0.00 0.00 89.06
904 0.51 0.00 0.25 0.00 0.00 0.00 0.00 0.00 0.00 99.24
905 0.51 0.00 0.51 1.27 0.00 0.00 0.25 0.00 0.00 97.47
906 0.50 0.00 0.50 0.00 0.00 0.00 0.00 0.00 0.00 98.99
907 1.02 0.00 0.51 4.31 0.00 0.00 0.25 0.00 0.00 93.91
908 0.50 0.00 0.76 0.50 0.00 0.00 0.00 0.00 0.00 98.24
909 2.32 0.00 1.03 11.60 0.00 0.00 0.00 0.00 0.00 85.05
910 1.25 0.00 0.00 0.00 0.00 0.00 0.00 0.00 0.00 98.75
911 1.01 0.00 0.25 0.25 0.00 0.00 0.00 0.00 0.00 98.49
912 1.52 0.00 0.51 0.00 0.00 0.25 0.00 0.00 0.00 97.72
913 0.75 0.00 0.25 0.00 0.00 0.00 0.00 0.00 0.00 98.99
914 0.75 0.00 0.25 0.00 0.00 0.00 0.25 0.00 0.00 98.75
915 0.25 0.00 0.00 0.00 0.00 0.00 0.00 0.00 0.00 99.75
916 0.51 0.00 0.25 0.00 0.00 0.00 0.00 0.00 0.00 99.24
917 0.76 0.00 0.51 4.04 0.00 0.00 0.00 0.00 0.00 94.70
918 0.25 0.00 0.76 0.00 0.00 0.00 0.00 0.00 0.00 98.99
919 0.75 0.00 0.50 0.00 0.00 0.00 0.00 0.00 0.00 98.74
920 0.75 0.00 0.50 0.00 0.00 0.00 0.00 0.00 0.00 98.74
921 2.01 0.00 0.50 0.25 0.00 0.00 0.25 0.00 0.00 96.98
922 0.50 0.00 0.25 0.00 0.00 0.00 0.00 0.00 0.00 99.24
923 1.02 0.00 0.25 0.00 0.00 0.00 0.00 0.00 0.00 98.73
924 0.50 0.00 0.50 0.00 0.00 0.00 0.00 0.00 0.00 98.99
925 1.01 0.00 0.25 0.00 0.00 0.00 0.00 0.00 0.00 98.74
926 1.01 0.00 0.50 5.28 0.00 0.25 0.25 0.00 0.00 92.71
927 0.75 0.00 0.75 1.26 0.00 0.00 0.00 0.00 0.00 97.24
928 0.50 0.00 0.50 0.00 0.00 0.00 0.00 0.00 0.00 98.99
929 0.50 0.00 0.25 0.00 0.00 0.00 0.00 0.00 0.00 99.24
930 0.50 0.00 0.25 0.00 0.00 0.00 0.00 0.00 0.00 99.24
931 1.78 0.00 0.51 0.25 0.00 0.00 0.25 0.00 0.00 97.21
932 6.91 0.00 1.53 0.00 0.00 0.00 0.00 0.00 0.00 91.56
933 2.53 0.00 1.52 0.00 0.00 0.00 0.00 0.00 0.00 95.95
934 0.51 0.00 0.00 0.00 0.00 0.00 0.00 0.00 0.00 99.49
935 0.76 0.00 0.51 1.01 0.00 0.00 0.51 0.00 0.00 97.22
936 0.00 0.00 0.51 0.00 0.00 0.00 0.00 0.00 0.00 99.49
937 0.50 0.00 1.26 3.78 0.00 0.00 0.00 0.00 0.00 94.46
938 1.25 0.00 0.50 0.00 0.00 0.00 0.25 0.00 0.00 98.00
939 1.49 0.00 0.75 0.00 0.00 0.00 0.00 0.00 0.00 97.76
940 0.75 0.00 0.25 0.00 0.00 0.00 0.00 0.00 0.00 98.99
941 0.25 0.00 1.01 0.00 0.00 0.00 0.00 0.00 0.00 98.74
942 2.04 0.00 0.51 0.00 0.00 0.00 0.00 0.00 0.00 97.46
943 0.75 0.00 0.50 0.00 0.00 0.00 0.00 0.00 0.00 98.74
944 0.75 0.00 0.75 1.75 0.00 0.00 0.00 0.00 0.00 96.76
945 0.50 0.00 0.50 0.00 0.00 0.00 0.25 0.00 0.00 98.74
946 0.76 0.00 0.25 0.00 0.00 0.00 0.00 0.00 0.00 98.99
947 0.51 0.00 0.76 4.56 0.00 0.00 0.00 0.00 0.00 94.18
948 0.76 0.00 0.25 0.00 0.00 0.00 0.00 0.00 0.00 98.99
949 1.00 0.00 0.25 0.00 0.00 0.00 0.00 0.00 0.00 98.75
950 0.51 0.00 0.25 0.00 0.00 0.00 0.00 0.00 0.00 99.24
951 0.75 0.00 1.00 0.25 0.00 0.00 0.00 0.00 0.00 98.00
952 0.25 0.00 0.25 0.00 0.00 0.00 0.00 0.00 0.00 99.49
953 0.50 0.00 0.25 0.00 0.00 0.00 0.00 0.00 0.00 99.24
954 0.50 0.00 0.25 0.00 0.00 0.00 0.00 0.00 0.00 99.24
955 2.02 0.00 0.50 0.00 0.00 0.00 0.25 0.00 0.00 97.23
956 0.75 0.00 0.75 0.00 0.00 0.00 0.00 0.00 0.00 98.49
957 1.01 0.00 0.25 4.04 0.00 0.00 0.00 0.00 0.00 94.70
958 0.75 0.00 0.50 0.00 0.00 0.00 0.00 0.00 0.00 98.75
959 0.25 0.00 0.50 0.00 0.00 0.00 0.00 0.00 0.00 99.24
960 0.75 0.00 0.75 0.00 0.00 0.00 0.00 0.00 0.00 98.50
961 1.01 0.00 0.25 0.00 0.00 0.00 0.00 0.00 0.00 98.74
962 0.50 0.00 0.50 0.00 0.00 0.00 0.25 0.00 0.00 98.75
963 11.22 0.00 1.79 0.26 0.00 0.26 0.00 0.00 0.00 86.48
964 2.02 0.00 0.51 0.00 0.00 0.00 0.00 0.00 0.00 97.47
965 0.75 0.00 0.75 1.26 0.00 0.00 0.25 0.00 0.00 96.98
966 0.50 0.00 0.50 0.00 0.00 0.00 0.00 0.00 0.00 98.99
967 1.01 0.00 1.01 4.53 0.00 0.00 0.00 0.00 0.00 93.45
968 3.54 0.00 0.51 0.00 0.00 0.00 0.25 0.00 0.00 95.71
969 5.84 0.00 0.76 10.15 0.00 0.25 0.00 0.00 0.00 82.99
970 0.25 0.00 0.75 0.00 0.00 0.00 0.00 0.00 0.00 98.99
971 0.75 0.00 0.50 0.25 0.00 0.00 0.00 0.00 0.00 98.50
972 0.51 0.00 0.00 0.00 0.00 0.00 0.00 0.00 0.00 99.49
973 0.50 0.00 0.50 0.00 0.00 0.00 0.00 0.00 0.00 98.99
974 0.50 0.00 0.25 0.00 0.00 0.00 0.00 0.00 0.00 99.24
975 0.00 0.00 0.50 0.00 0.00 0.00 0.25 0.00 0.00 99.24
976 1.01 0.00 0.76 4.79 0.00 0.00 0.00 0.00 0.00 93.45
977 1.01 0.00 0.50 0.00 0.00 0.00 0.00 0.00 0.00 98.49
978 2.02 0.00 1.01 0.00 0.00 0.00 0.00 0.00 0.00 96.97
979 0.50 0.00 0.50 0.00 0.00 0.00 0.00 0.00 0.00 98.99
980 0.50 0.00 0.25 0.00 0.00 0.00 0.00 0.00 0.00 99.25
981 1.01 0.00 0.25 0.25 0.00 0.00 0.00 0.00 0.00 98.49
982 0.25 0.00 0.50 0.00 0.00 0.00 0.00 0.00 0.00 99.25
983 0.75 0.00 0.75 0.00 0.00 0.00 0.00 0.00 0.00 98.50
984 1.00 0.00 0.50 0.00 0.00 0.00 0.00 0.00 0.00 98.50
985 0.50 0.00 0.75 0.00 0.00 0.00 0.00 0.00 0.00 98.75
986 2.03 0.00 0.25 0.25 0.00 0.00 0.00 0.00 0.00 97.47
987 1.01 0.00 0.50 4.53 0.00 0.00 0.25 0.00 0.00 93.70
988 0.51 0.00 0.25 0.00 0.00 0.00 0.00 0.00 0.00 99.24
989 1.00 0.00 0.75 0.00 0.00 0.00 0.00 0.00 0.00 98.25
990 0.75 0.00 1.00 0.00 0.00 0.00 0.00 0.00 0.00 98.25
991 0.76 0.00 0.25 0.25 0.00 0.00 0.00 0.00 0.00 98.74
992 0.25 0.00 0.50 0.00 0.00 0.00 0.00 0.00 0.00 99.24
993 0.76 0.00 0.25 0.00 0.00 0.00 0.00 0.00 0.00 98.99
994 1.00 0.00 0.25 0.00 0.00 0.00 0.25 0.00 0.00 98.50
995 0.51 0.00 0.51 1.01 0.00 0.00 0.25 0.00 0.00 97.72
996 0.76 0.00 0.00 0.00 0.00 0.00 0.00 0.00 0.00 99.24
997 0.51 0.00 1.01 4.04 0.00 0.00 0.00 0.00 0.00 94.44
998 1.77 0.00 0.51 0.00 0.00 0.00 0.00 0.00 0.00 97.73
999 0.25 0.00 0.50 0.00 0.00 0.00 0.25 0.00 0.00 98.99
1000 0.00 0.00 0.25 0.00 0.00 0.00 0.00 0.00 0.00 99.75
1001 0.76 0.00 0.25 0.00 0.00 0.00 0.00 0.00 0.00 98.99
1002 0.50 0.00 0.00 0.00 0.00 0.00 0.00 0.00 0.00 99.50
1003 0.51 0.00 0.51 0.00 0.00 0.00 0.00 0.00 0.00 98.99
1004 0.50 0.00 0.50 0.00 0.00 0.00 0.00 0.00 0.00 98.99
1005 0.50 0.00 0.75 0.00 0.00 0.00 0.00 0.00 0.00 98.75
1006 0.00 0.00 0.25 0.25 0.00 0.00 0.25 0.00 0.00 99.24
1007 0.76 0.00 0.51 4.57 0.00 0.00 0.00 0.00 0.00 94.16
1008 1.00 0.00 0.25 0.00 0.00 0.00 0.00 0.00 0.00 98.75
1009 2.02 0.00 0.50 0.00 0.00 0.00 0.00 0.00 0.00 97.48
1010 0.75 0.00 0.75 0.00 0.00 0.25 0.00 0.00 0.00 98.25
1011 0.51 0.00 0.00 0.25 0.00 0.00 0.00 0.00 0.00 99.24
1012 0.50 0.00 0.50 0.00 0.00 0.00 0.00 0.00 0.00 99.00
1013 0.75 0.00 0.50 0.00 0.00 0.00 0.00 0.00 0.00 98.74
1014 0.25 0.00 0.76 0.00 0.00 0.00 0.25 0.00 0.00 98.74
1015 0.50 0.00 0.75 0.00 0.00 0.00 0.00 0.00 0.00 98.75
1016 0.51 0.00 0.51 0.00 0.00 0.00 0.00 0.00 0.00 98.99
1017 1.50 0.00 0.75 4.00 0.00 0.25 0.00 0.00 0.00 93.50
1018 1.00 0.00 0.75 0.00 0.00 0.00 0.25 0.00 0.00 98.00
1019 1.01 0.00 0.51 0.00 0.00 0.00 0.00 0.00 0.00 98.48
1020 0.76 0.00 0.00 0.00 0.00 0.00 0.00 0.00 0.00 99.24
1021 0.76 0.00 0.51 0.00 0.00 0.00 0.00 0.00 0.00 98.74
1022 2.27 0.00 0.25 0.00 0.00 0.00 0.00 0.00 0.00 97.47
1023 8.23 0.00 1.03 0.26 0.00 0.00 0.51 0.00 0.00 89.97
1024 0.51 0.00 0.25 1.02 0.00 0.00 0.00 0.00 0.00 98.22
1025 0.25 0.00 0.75 0.00 0.00 0.00 0.00 0.00 0.00 98.99
1026 0.51 0.00 0.76 4.56 0.00 0.00 0.00 0.00 0.00 94.18
1027 6.55 0.00 1.51 0.00 0.00 0.00 0.00 0.00 0.00 91.94
1028 0.50 0.00 0.25 0.00 0.00 0.00 0.00 0.00 0.00 99.25
1029 2.04 0.00 0.77 10.97 0.00 0.00 0.26 0.00 0.00 85.97
1030 0.51 0.00 0.51 0.51 0.00 0.00 0.00 0.00 0.00 98.48
1031 0.76 0.00 0.25 0.25 0.00 0.00 0.00 0.00 0.00 98.74
1032 0.75 0.00 0.50 0.00 0.00 0.00 0.00 0.00 0.00 98.75
1033 1.01 0.00 0.50 0.00 0.00 0.00 0.00 0.00 0.00 98.49
1034 0.51 0.00 0.00 0.00 0.00 0.00 0.00 0.00 0.00 99.49
1035 2.02 0.00 0.51 0.00 0.00 0.00 0.00 0.00 0.00 97.47
1036 0.00 0.00 0.25 0.00 0.00 0.00 0.00 0.00 0.00 99.75
1037 0.51 0.00 1.02 4.07 0.00 0.00 0.00 0.00 0.00 94.40
1038 0.75 0.00 1.00 0.00 0.00 0.00 0.00 0.00 0.00 98.25
1039 0.75 0.00 0.50 0.00 0.00 0.00 0.25 0.00 0.00 98.50
1040 0.25 0.00 0.50 0.00 0.00 0.00 0.00 0.00 0.00 99.25
1041 1.00 0.00 0.50 0.00 0.00 0.25 0.00 0.00 0.00 98.25
1042 0.25 0.00 0.50 0.00 0.00 0.00 0.00 0.00 0.00 99.24
1043 1.01 0.00 0.50 0.00 0.00 0.00 0.00 0.00 0.00 98.49
1044 1.51 0.00 0.25 0.00 0.00 0.00 0.25 0.00 0.00 97.98
1045 0.50 0.00 0.50 0.00 0.00 0.00 0.00 0.00 0.00 98.99
1046 0.75 0.00 0.75 0.25 0.00 0.00 0.00 0.00 0.00 98.25
1047 1.27 0.00 0.76 4.56 0.00 0.00 0.00 0.00 0.00 93.42
1048 0.50 0.00 0.25 0.00 0.00 0.00 0.00 0.00 0.00 99.24
1049 1.00 0.00 0.50 0.00 0.00 0.00 0.00 0.00 0.00 98.50
1050 1.01 0.00 0.00 0.00 0.00 0.00 0.00 0.00 0.00 98.99
1051 0.50 0.00 1.01 0.00 0.00 0.00 0.00 0.00 0.00 98.49
1052 0.50 0.00 0.50 0.00 0.00 0.00 0.00 0.00 0.00 98.99
1053 0.75 0.00 0.50 0.00 0.00 0.00 0.25 0.00 0.00 98.50
1054 2.28 0.00 0.25 0.00 0.00 0.00 0.25 0.00 0.00 97.22
1055 0.51 0.00 0.25 1.02 0.00 0.00 0.25 0.00 0.00 97.97
1056 0.25 0.00 0.25 0.00 0.00 0.00 0.00 0.00 0.00 99.49
1057 0.51 0.00 0.76 4.06 0.00 0.00 0.00 0.00 0.00 94.67
1058 0.75 0.00 0.50 0.00 0.00 0.00 0.00 0.00 0.00 98.75
1059 1.01 0.00 0.25 0.00 0.00 0.00 0.00 0.00 0.00 98.74
1060 0.50 0.00 0.50 0.00 0.00 0.00 0.25 0.00 0.00 98.75
1061 1.52 0.00 0.25 0.25 0.00 0.00 0.00 0.00 0.00 97.98
1062 3.56 0.00 0.76 0.00 0.00 0.00 0.00 0.00 0.00 95.67
1063 0.76 0.00 0.00 0.00 0.00 0.00 0.00 0.00 0.00 99.24
1064 0.25 0.00 0.75 0.00 0.00 0.25 0.25 0.00 0.00 98.50
1065 1.00 0.00 0.25 0.00 0.00 0.00 0.00 0.00 0.00 98.75
1066 1.76 0.00 0.76 0.00 0.00 0.00 0.00 0.00 0.00 97.48
1067 1.26 0.00 0.76 4.53 0.00 0.00 0.00 0.00 0.00 93.45
1068 0.25 0.00 1.01 0.00 0.00 0.00 0.00 0.00 0.00 98.74
1069 0.50 0.00 0.50 0.25 0.00 0.00 0.00 0.00 0.00 98.74
1070 1.24 0.00 0.74 0.00 0.00 0.00 0.25 0.00 0.00 97.77
1071 1.01 0.00 0.00 0.00 0.00 0.00 0.00 0.00 0.00 98.99
1072 0.50 0.00 0.50 0.00 0.00 0.00 0.00 0.00 0.00 98.99
1073 0.50 0.00 0.50 0.00 0.00 0.00 0.00 0.00 0.00 98.99
1074 0.51 0.00 0.00 0.00 0.00 0.00 0.00 0.00 0.00 99.49
1075 0.50 0.00 0.50 0.00 0.00 0.00 0.00 0.00 0.00 98.99
1076 2.30 0.00 1.02 3.84 0.00 0.00 0.00 0.00 0.00 92.84
1077 0.76 0.00 0.51 0.25 0.00 0.00 0.00 0.00 0.00 98.48
1078 0.25 0.00 0.50 0.00 0.00 0.00 0.25 0.00 0.00 98.99
1079 2.04 0.00 0.25 0.00 0.00 0.00 0.00 0.00 0.00 97.71
1080 0.25 0.00 0.25 0.00 0.00 0.00 0.00 0.00 0.00 99.50
1081 0.50 0.00 0.00 0.25 0.00 0.00 0.00 0.00 0.00 99.24
1082 0.25 0.00 0.25 0.00 0.00 0.25 0.00 0.00 0.00 99.24
1083 7.46 0.00 1.03 0.00 0.00 0.00 0.00 0.00 0.00 91.52
1084 0.50 0.00 0.50 1.26 0.00 0.00 0.00 0.00 0.00 97.73
1085 0.75 0.00 0.50 0.00 0.00 0.00 0.25 0.00 0.00 98.50
1086 0.50 0.00 0.75 0.00 0.00 0.00 0.00 0.00 0.00 98.75
1087 2.28 0.00 1.02 4.31 0.00 0.00 0.00 0.00 0.00 92.39
1088 0.76 0.00 0.00 0.00 0.00 0.00 0.00 0.00 0.00 99.24
1089 1.77 0.00 1.27 10.38 0.00 0.00 0.00 0.00 0.00 86.58
1090 0.50 0.00 0.50 0.00 0.00 0.00 0.25 0.00 0.00 98.74
1091 0.75 0.00 0.25 0.25 0.00 0.00 0.00 0.00 0.00 98.74
1092 0.25 0.00 0.51 0.00 0.00 0.00 0.25 0.00 0.00 98.99
1093 0.25 0.00 0.51 0.00 0.00 0.00 0.00 0.00 0.00 99.24
1094 0.75 0.00 0.75 0.00 0.00 0.25 0.00 0.00 0.00 98.25
1095 0.50 0.00 0.50 0.00 0.00 0.00 0.00 0.00 0.00 98.99
1096 2.02 0.00 0.25 0.00 0.00 0.00 0.00 0.00 0.00 97.73
1097 1.01 0.00 0.76 4.03 0.00 0.00 0.25 0.00 0.00 93.95
1098 0.50 0.00 0.76 0.00 0.00 0.00 0.00 0.00 0.00 98.74
1099 0.76 0.00 0.00 0.00 0.00 0.00 0.00 0.00 0.00 99.24
1100 0.25 0.00 0.50 0.00 0.00 0.00 0.00 0.00 0.00 99.24
1101 0.25 0.00 0.51 0.00 0.00 0.00 0.00 0.00 0.00 99.24
1102 0.25 0.00 1.00 0.00 0.00 0.25 0.00 0.00 0.00 98.50
1103 0.76 0.00 0.00 0.00 0.00 0.00 0.00 0.00 0.00 99.24
1104 1.75 0.00 0.50 0.00 0.00 0.00 0.25 0.00 0.00 97.50
1105 0.76 0.00 0.51 0.00 0.00 0.00 0.00 0.00 0.00 98.74
1106 0.75 0.00 0.50 0.25 0.00 0.00 0.00 0.00 0.00 98.50
1107 2.26 0.00 0.50 4.76 0.00 0.00 0.25 0.00 0.00 92.23
1108 1.00 0.00 0.50 0.00 0.00 0.00 0.00 0.00 0.00 98.50
1109 0.75 0.00 1.00 0.00 0.00 0.00 0.00 0.00 0.00 98.25
1110 0.50 0.00 0.50 0.00 0.00 0.00 0.00 0.00 0.00 98.99
1111 0.51 0.00 0.51 0.00 0.00 0.00 0.00 0.00 0.00 98.99
1112 0.51 0.00 0.25 0.00 0.00 0.00 0.00 0.00 0.00 99.24
1113 0.51 0.00 0.25 0.00 0.00 0.00 0.00 0.00 0.00 99.24
1114 0.75 0.00 0.75 1.00 0.00 0.00 0.25 0.00 0.00 97.24
1115 0.25 0.00 0.00 0.00 0.00 0.25 0.00 0.00 0.00 99.49
1116 1.52 0.00 0.25 0.25 0.00 0.00 0.25 0.00 0.00 97.73
1117 2.55 0.00 1.02 4.34 0.00 0.00 0.00 0.00 0.00 92.09
1118 0.50 0.00 0.50 0.00 0.00 0.00 0.00 0.00 0.00 98.99
1119 0.50 0.00 0.75 0.00 0.00 0.00 0.00 0.00 0.00 98.74
1120 0.50 0.00 0.25 0.00 0.00 0.00 0.00 0.00 0.00 99.25
1121 0.50 0.00 0.50 0.25 0.00 0.00 0.00 0.00 0.00 98.74
1122 0.25 0.00 0.50 0.00 0.00 0.00 0.00 0.00 0.00 99.25
1123 0.50 0.00 0.50 0.00 0.00 0.00 0.25 0.00 0.00 98.74
1124 0.75 0.00 0.25 0.00 0.00 0.00 0.00 0.00 0.00 99.00
1125 0.76 0.00 0.51 0.00 0.00 0.00 0.00 0.00 0.00 98.74
1126 1.25 0.00 0.75 2.75 0.00 0.00 0.00 0.00 0.00 95.25
1127 1.01 0.00 0.76 2.02 0.00 0.00 0.00 0.00 0.00 96.21
1128 1.78 0.00 0.76 0.00 0.00 0.00 0.00 0.00 0.00 97.46
1129 0.75 0.00 0.50 0.00 0.00 0.00 0.00 0.00 0.00 98.74
1130 0.50 0.00 0.25 0.00 0.00 0.00 0.00 0.00 0.00 99.24
1131 1.01 0.00 0.50 0.00 0.00 0.00 0.00 0.00 0.00 98.49
1132 0.50 0.00 0.25 0.00 0.00 0.00 0.00 0.00 0.00 99.24
1133 1.00 0.00 0.25 0.00 0.00 0.00 0.00 0.00 0.00 98.75
1134 0.25 0.00 0.25 0.00 0.00 0.00 0.00 0.00 0.00 99.49
1135 0.75 0.00 0.00 0.00 0.00 0.25 0.00 0.00 0.00 98.99
1136 0.25 0.00 0.50 0.00 0.00 0.00 0.00 0.00 0.00 99.25
1137 0.76 0.00 0.51 4.05 0.00 0.00 0.25 0.00 0.00 94.43
1138 1.00 0.00 0.25 0.00 0.00 0.00 0.00 0.00 0.00 98.75
1139 0.25 0.00 0.51 0.00 0.00 0.00 0.00 0.00 0.00 99.24
1140 0.51 0.00 0.00 0.00 0.00 0.00 0.00 0.00 0.00 99.49
1141 1.77 0.00 0.51 0.00 0.00 0.00 0.00 0.00 0.00 97.72
1142 1.01 0.00 0.25 0.00 0.00 0.00 0.00 0.00 0.00 98.74
1143 7.91 0.00 1.02 0.26 0.00 0.00 0.00 0.00 0.00 90.82
1144 0.50 0.00 0.25 0.00 0.00 0.00 0.00 0.00 0.00 99.25
1145 0.25 0.00 0.25 1.02 0.00 0.00 0.25 0.00 0.00 98.22
1146 0.75 0.00 0.25 0.00 0.00 0.00 0.00 0.00 0.00 98.99
1147 2.79 0.00 1.02 4.82 0.00 0.00 0.00 0.00 0.00 91.37
1148 1.00 0.00 0.00 0.00 0.00 0.25 0.00 0.00 0.00 98.75
1149 1.56 0.00 1.04 12.21 0.00 0.00 0.26 0.00 0.00 84.94
1150 0.51 0.00 0.25 1.52 0.00 0.00 0.00 0.00 0.00 97.72
1151 0.75 0.00 0.50 0.00 0.00 0.25 0.00 0.00 0.00 98.49
1152 4.82 0.00 1.02 0.00 0.00 0.00 0.00 0.00 0.00 94.16
1153 0.51 0.00 0.00 0.00 0.00 0.00 0.00 0.00 0.00 99.49
1154 0.51 0.00 0.25 0.76 0.00 0.00 0.00 0.00 0.00 98.48
1155 1.52 0.00 0.51 1.26 0.00 0.00 0.00 0.00 0.00 96.72
1156 0.51 0.00 0.00 0.00 0.00 0.00 0.00 0.00 0.00 99.49
1157 7.16 0.00 1.02 7.93 0.00 0.00 0.26 0.00 0.00 83.63
1158 0.51 0.00 0.76 0.00 0.00 0.00 0.00 0.00 0.00 98.73
1159 1.01 0.00 0.50 0.00 0.00 0.00 0.00 0.00 0.00 98.49
1160 0.75 0.00 0.50 0.00 0.00 0.00 0.00 0.00 0.00 98.74
1161 1.27 0.00 0.51 0.00 0.00 0.00 0.51 0.00 0.00 97.71
1162 1.02 0.00 0.25 0.00 0.00 0.00 0.00 0.00 0.00 98.73
1163 2.27 0.00 1.01 0.00 0.00 0.25 0.00 0.00 0.00 96.46
1164 1.00 0.00 0.75 0.00 0.00 0.00 0.00 0.00 0.00 98.25
1165 1.01 0.00 0.50 0.00 0.00 0.00 0.00 0.00 0.00 98.49
1166 0.25 0.00 0.51 3.04 0.00 0.00 0.25 0.00 0.00 95.95
1167 1.02 0.00 0.51 1.79 0.00 0.00 0.00 0.00 0.00 96.68
1168 1.27 0.00 0.25 0.00 0.00 0.25 0.00 0.00 0.00 98.23
1169 0.50 0.00 0.50 0.00 0.00 0.00 0.00 0.00 0.00 98.99
1170 0.51 0.00 0.25 0.00 0.00 0.00 0.00 0.00 0.00 99.24
1171 0.75 0.00 0.75 0.25 0.00 0.00 0.00 0.00 0.00 98.25
1172 0.50 0.00 0.50 0.00 0.00 0.00 0.00 0.00 0.00 98.99
1173 0.75 0.00 0.25 0.00 0.00 0.00 0.00 0.00 0.00 98.99
1174 1.76 0.00 0.76 0.00 0.00 0.00 0.25 0.00 0.00 97.23
1175 0.51 0.00 0.51 2.03 0.00 0.00 0.00 0.00 0.00 96.96
1176 1.01 0.00 0.25 1.51 0.00 0.00 0.25 0.00 0.00 96.98
1177 1.02 0.00 0.51 5.84 0.00 0.00 0.00 0.00 0.00 92.64
1178 1.01 0.00 0.00 0.00 0.00 0.00 0.00 0.00 0.00 98.99
1179 1.01 0.00 0.50 0.00 0.00 0.00 0.00 0.00 0.00 98.49
1180 1.01 0.00 0.76 0.00 0.00 0.00 0.00 0.00 0.00 98.23
1181 0.76 0.00 0.25 0.25 0.00 0.00 0.25 0.00 0.00 98.48
1182 0.75 0.00 0.50 0.00 0.00 0.00 0.00 0.00 0.00 98.74
1183 0.00 0.00 0.00 0.00 0.00 0.00 0.00 0.00 0.00 100.00
1184 0.75 0.00 0.75 0.00 0.00 0.00 0.00 0.00 0.00 98.49
1185 2.76 0.00 0.75 0.00 0.00 0.25 0.00 0.00 0.00 96.24
1186 0.51 0.00 0.25 0.51 0.00 0.00 0.25 0.00 0.00 98.48
1187 1.26 0.00 0.75 5.03 0.00 0.00 0.00 0.00 0.00 92.96
1188 0.51 0.00 0.00 0.00 0.00 0.00 0.00 0.00 0.00 99.49
1189 0.51 0.00 0.00 0.00 0.00 0.00 0.00 0.00 0.00 99.49
1190 0.75 0.00 0.75 0.00 0.00 0.00 0.00 0.00 0.00 98.50
1191 0.76 0.00 0.25 0.00 0.00 0.00 0.25 0.00 0.00 98.74
1192 0.50 0.00 0.75 0.00 0.00 0.00 0.25 0.00 0.00 98.50
1193 0.50 0.00 0.25 0.00 0.00 0.00 0.00 0.00 0.00 99.24
1194 0.75 0.00 0.50 0.00 0.00 0.00 0.00 0.00 0.00 98.74
1195 1.01 0.00 0.00 0.00 0.00 0.00 0.00 0.00 0.00 98.99
1196 1.00 0.00 0.50 0.25 0.00 0.00 0.25 0.00 0.00 98.00
1197 0.76 0.00 0.51 4.05 0.00 0.00 0.00 0.00 0.00 94.68
1198 1.78 0.00 0.51 0.00 0.00 0.00 0.00 0.00 0.00 97.72
1199 0.50 0.00 0.50 0.00 0.00 0.00 0.25 0.00 0.00 98.75
1200 0.50 0.00 0.50 0.00 0.00 0.00 0.00 0.00 0.00 98.99
1201 2.03 0.00 0.76 0.00 0.00 0.00 0.00 0.00 0.00 97.22
1202 0.50 0.00 0.50 0.00 0.00 0.00 0.00 0.00 0.00 98.99
1203 8.67 0.00 0.77 0.26 0.00 0.00 0.00 0.00 0.00 90.31
1204 0.75 0.00 0.25 0.00 0.00 0.00 0.00 0.00 0.00 98.99
1205 1.01 0.00 1.01 1.01 0.00 0.00 0.00 0.00 0.00 96.98
1206 0.25 0.00 1.01 0.00 0.00 0.00 0.00 0.00 0.00 98.74
1207 2.81 0.00 0.51 4.34 0.00 0.00 0.26 0.00 0.00 92.09
1208 0.50 0.00 0.50 0.00 0.00 0.25 0.00 0.00 0.00 98.74
1209 2.02 0.00 0.76 10.33 0.00 0.00 0.00 0.00 0.00 86.90
1210 0.50 0.00 0.25 0.00 0.00 0.00 0.00 0.00 0.00 99.24
1211 0.25 0.00 0.25 0.25 0.00 0.00 0.00 0.00 0.00 99.24
1212 1.51 0.00 0.50 0.00 0.00 0.00 0.00 0.00 0.00 97.98
1213 8.12 0.00 0.51 2.03 0.00 0.25 0.00 0.00 0.00 89.09
1214 1.26 0.00 0.25 0.00 0.00 0.00 0.00 0.00 0.00 98.49
1215 0.25 0.00 0.75 0.00 0.00 0.00 0.50 0.00 0.00 98.49
1216 1.50 0.00 0.50 1.50 0.00 0.00 0.00 0.00 0.00 96.49
1217 3.79 0.00 0.51 3.03 0.00 0.00 0.25 0.00 0.00 92.42
1218 2.28 0.00 0.76 0.00 0.00 0.00 0.00 0.00 0.00 96.96
1219 0.51 0.00 0.51 0.00 0.00 0.00 0.00 0.00 0.00 98.99
1220 1.53 0.00 0.26 0.00 0.00 0.00 1.02 0.00 0.00 97.19
1221 1.01 0.00 0.51 0.00 0.00 0.00 0.51 0.00 0.00 97.98
1222 1.01 0.00 0.00 0.00 0.00 0.00 0.00 0.00 0.00 98.99
1223 1.50 0.00 0.50 0.00 0.00 0.00 0.25 0.00 0.00 97.75
1224 0.51 0.00 0.00 0.00 0.00 0.25 0.51 0.00 0.00 98.73
1225 1.76 0.00 0.50 0.00 0.00 0.00 0.00 0.00 0.00 97.73
1226 1.78 0.00 0.25 0.25 0.00 0.00 0.51 0.00 0.00 97.21
1227 1.01 0.00 0.50 5.04 0.00 0.00 0.50 0.00 0.00 92.95
1228 0.26 0.00 0.26 0.00 0.00 0.00 0.26 0.00 0.00 99.23
1229 0.50 0.00 0.50 0.00 0.00 0.00 0.00 0.00 0.00 98.99
1230 1.52 0.00 0.51 0.00 0.00 0.00 0.25 0.00 0.00 97.73
1231 1.25 0.00 0.75 0.00 0.00 0.00 0.00 0.00 0.00 97.99
1232 0.75 0.00 0.50 0.00 0.00 0.00 0.00 0.00 0.00 98.74
1233 0.51 0.00 0.25 0.00 0.00 0.00 0.51 0.00 0.00 98.73
1234 0.76 0.00 0.51 0.25 0.00 0.00 0.76 0.00 0.00 97.71
1235 0.25 0.00 0.00 1.01 0.00 0.00 1.01 0.00 0.00 97.73
1236 0.00 0.00 0.50 0.00 0.00 0.00 1.76 0.00 0.00 97.73
1237 2.80 0.00 0.51 4.33 0.00 0.00 0.51 0.00 0.00 91.86
1238 0.51 0.00 0.26 0.00 0.00 0.00 0.77 0.00 0.00 98.47
1239 1.01 0.00 0.25 0.00 0.00 0.00 0.00 0.00 0.00 98.74
1240 0.76 0.00 0.25 0.00 0.00 0.00 0.00 0.00 0.00 98.99
1241 0.76 0.00 0.51 0.00 0.00 0.00 0.25 0.00 0.00 98.48
1242 2.28 0.00 0.51 0.00 0.00 0.00 0.00 0.00 0.00 97.22
1243 4.26 0.00 1.00 0.00 0.00 0.00 0.00 0.00 0.00 94.74
1244 0.76 0.00 0.76 0.00 0.00 0.00 0.00 0.00 0.00 98.48
1245 0.50 0.00 0.50 0.76 0.00 0.25 0.00 0.00 0.00 97.98
1246 0.75 0.00 0.25 0.00 0.00 0.00 0.25 0.00 0.00 98.75
1247 0.76 0.00 0.76 4.79 0.00 0.00 0.00 0.00 0.00 93.70
1248 1.01 0.00 0.50 0.00 0.00 0.00 0.00 0.00 0.00 98.49
1249 0.25 0.00 0.25 0.00 0.00 0.00 0.00 0.00 0.00 99.49
1250 0.50 0.00 0.25 0.00 0.00 0.00 0.00 0.00 0.00 99.24
1251 1.26 0.00 0.50 0.25 0.00 0.00 0.00 0.00 0.00 97.99
1252 0.75 0.00 0.50 0.00 0.00 0.00 0.00 0.00 0.00 98.74
1253 1.01 0.00 0.25 0.00 0.00 0.00 0.25 0.00 0.00 98.49
1254 1.27 0.00 0.25 0.00 0.00 0.00 0.00 0.00 0.00 98.47
1255 0.51 0.00 0.00 0.00 0.00 0.00 0.00 0.00 0.00 99.49
1256 0.76 0.00 0.51 4.29 0.00 0.00 0.00 0.00 0.00 94.44
1257 0.50 0.00 0.25 0.00 0.00 0.00 0.00 0.00 0.00 99.24
1258 0.25 0.00 0.51 0.00 0.00 0.00 0.00 0.00 0.00 99.24
1259 3.76 0.00 0.75 0.00 0.00 0.25 0.25 0.00 0.00 94.99
1260 3.30 0.00 0.51 0.00 0.00 0.00 0.25 0.00 0.00 95.94
1261 21.82 0.00 1.56 7.27 0.00 0.00 0.52 0.00 0.00 68.83
1262 0.76 0.00 0.25 0.00 0.00 0.00 0.25 0.00 0.00 98.74
1263 12.77 0.00 1.33 0.27 0.00 0.00 1.60 0.00 0.00 84.04
1264 1.02 0.00 0.26 1.02 0.00 0.00 0.51 0.00 0.00 97.19
1265 0.00 0.00 0.76 0.00 0.00 0.25 0.00 0.00 0.00 98.99
1266 0.75 0.00 0.50 0.50 0.00 0.00 0.00 0.00 0.00 98.24
1267 5.28 0.00 0.79 2.90 0.00 0.00 0.53 0.00 0.00 90.50
1268 7.36 0.00 0.25 0.00 0.00 0.00 0.00 0.00 0.00 92.39
1269 1.78 0.00 0.76 8.63 0.00 0.00 0.00 0.00 0.00 88.83
1270 0.75 0.00 0.25 3.02 0.00 0.00 0.00 0.00 0.00 95.98
1271 2.03 0.00 0.51 0.00 0.00 0.00 0.00 0.00 0.00 97.47
1272 1.00 0.00 0.75 0.00 0.00 0.00 0.00 0.00 0.00 98.25
1273 0.51 0.00 0.00 0.00 0.00 0.00 0.25 0.00 0.00 99.24
1274 1.00 0.00 0.50 0.00 0.00 0.00 0.00 0.00 0.00 98.50
1275 0.50 0.00 0.25 0.00 0.00 0.00 0.00 0.00 0.00 99.24
1276 2.03 0.00 0.51 0.00 0.00 0.00 0.00 0.00 0.00 97.47
1277 1.01 0.00 0.51 4.04 0.00 0.00 0.00 0.00 0.00 94.44
1278 0.76 0.00 0.51 0.00 0.00 0.00 0.00 0.00 0.00 98.73
1279 11.29 0.00 1.57 0.00 0.00 0.00 0.26 0.00 0.00 86.88
1280 1.77 0.00 0.51 0.51 0.00 0.00 0.25 0.00 0.00 96.97
1281 1.79 0.00 0.26 0.26 0.00 0.00 0.26 0.00 0.00 97.45
1282 1.51 0.00 0.76 0.00 0.00 0.00 0.50 0.00 0.00 97.23
1283 0.50 0.00 0.50 0.00 0.00 0.00 0.00 0.00 0.00 98.99
1284 0.51 0.00 0.51 0.00 0.00 0.00 0.00 0.00 0.00 98.99
1285 1.52 0.00 0.76 0.00 0.00 0.00 0.00 0.00 0.00 97.72
1286 0.25 0.00 0.51 0.00 0.00 0.00 0.00 0.00 0.00 99.24
1287 0.75 0.00 0.75 5.03 0.00 0.25 0.00 0.00 0.00 93.22
1288 9.09 0.00 0.76 0.00 0.00 0.00 0.00 0.00 0.00 90.15
1289 0.50 0.00 0.50 0.00 0.00 0.25 0.25 0.00 0.00 98.50
1290 1.27 0.00 0.00 0.00 0.00 0.00 0.00 0.00 0.00 98.73
1291 1.25 0.00 0.50 0.00 0.00 0.00 0.00 0.00 0.00 98.25
1292 0.50 0.00 0.50 0.00 0.00 0.00 0.00 0.00 0.00 98.99
1293 0.51 0.00 0.25 0.00 0.00 0.00 0.00 0.00 0.00 99.24
1294 0.51 0.00 0.51 1.26 0.00 0.00 0.51 0.00 0.00 97.22
1295 1.52 0.00 0.51 0.00 0.00 0.00 0.00 0.00 0.00 97.97
1296 0.00 0.00 0.25 0.25 0.00 0.00 0.00 0.00 0.00 99.49
1297 10.47 0.00 1.57 2.09 0.00 0.26 0.26 0.00 0.00 85.34
1298 6.58 0.00 1.01 0.00 0.00 0.00 0.25 0.00 0.00 92.15
1299 5.13 0.00 0.26 0.00 0.00 0.00 0.51 0.00 0.00 94.10
1300 1.01 0.00 0.51 0.00 0.00 0.00 0.25 0.00 0.00 98.23
1301 1.52 0.00 0.51 0.00 0.00 0.00 0.00 0.00 0.00 97.98
1302 1.76 0.00 0.50 0.00 0.00 0.00 0.25 0.00 0.00 97.49
1303 0.76 0.00 0.25 0.00 0.00 0.00 0.00 0.00 0.00 98.99
1304 0.50 0.00 0.50 0.00 0.00 0.00 0.00 0.00 0.00 98.99
1305 1.01 0.00 0.50 0.00 0.00 0.00 0.00 0.00 0.00 98.49
1306 1.01 0.00 0.76 6.30 0.00 0.00 0.00 0.00 0.00 91.94
1307 2.03 0.00 1.01 0.51 0.00 0.00 0.00 0.00 0.00 96.46
1308 0.51 0.00 0.00 0.00 0.00 0.25 0.00 0.00 0.00 99.24
1309 8.82 0.00 0.25 0.00 0.00 0.00 0.25 0.00 0.00 90.68
1310 0.00 0.00 0.25 0.00 0.00 0.00 0.00 0.00 0.00 99.75
1311 1.25 0.00 0.75 0.25 0.00 0.00 0.00 0.00 0.00 97.74
1312 0.25 0.00 0.00 0.00 0.00 0.00 0.00 0.00 0.00 99.75
1313 0.25 0.00 0.25 0.00 0.00 0.00 0.00 0.00 0.00 99.49
1314 6.68 0.00 1.54 0.00 0.00 0.00 0.26 0.00 0.00 91.52
1315 0.25 0.00 0.50 0.00 0.00 0.25 0.00 0.00 0.00 98.99
1316 0.50 0.00 0.00 0.25 0.00 0.00 0.25 0.00 0.00 98.99
1317 5.18 0.00 0.78 3.11 0.00 0.00 0.52 0.00 0.00 90.41
1318 2.29 0.00 0.76 0.00 0.00 0.00 0.25 0.00 0.00 96.69
1319 9.23 0.00 0.51 0.00 0.00 0.00 0.51 0.00 0.00 89.74
1320 3.02 0.00 0.76 0.00 0.00 0.00 0.00 0.00 0.00 96.22
1321 1.26 0.00 0.50 0.00 0.00 0.00 0.00 0.00 0.00 98.24
1322 0.50 0.00 0.25 0.00 0.00 0.00 0.00 0.00 0.00 99.24
1323 10.97 0.00 0.77 0.26 0.00 0.26 0.00 0.00 0.00 87.76
1324 1.01 0.00 1.01 1.01 0.00 0.00 0.25 0.00 0.00 96.71
1325 0.50 0.00 0.25 0.00 0.00 0.00 0.00 0.00 0.00 99.24
1326 0.50 0.00 0.25 0.25 0.00 0.00 0.00 0.00 0.00 98.99
1327 1.78 0.00 1.52 4.57 0.00 0.00 0.25 0.00 0.00 91.88
1328 0.50 0.00 0.75 0.00 0.00 0.00 0.00 0.00 0.00 98.74
1329 2.31 0.00 0.77 10.54 0.00 0.00 0.00 0.00 0.00 86.38
1330 0.76 0.00 0.25 0.00 0.00 0.00 0.25 0.00 0.00 98.74
1331 0.76 0.00 0.50 0.25 0.00 0.00 0.00 0.00 0.00 98.49
1332 1.00 0.00 0.50 0.00 0.00 0.25 0.00 0.00 0.00 98.25
1333 1.01 0.00 0.00 0.00 0.00 0.00 0.00 0.00 0.00 98.99
1334 9.51 0.00 1.03 0.00 0.00 0.26 0.00 0.00 0.00 89.20
1335 2.04 0.00 0.51 0.00 0.00 0.00 0.77 0.00 0.00 96.68
1336 3.32 0.00 0.51 0.00 0.00 0.00 0.26 0.00 0.00 95.92
1337 1.53 0.00 1.02 4.07 0.00 0.00 0.00 0.00 0.00 93.38
1338 1.01 0.00 0.75 0.00 0.00 0.00 0.25 0.00 0.00 97.99
1339 5.05 0.00 0.76 0.00 0.00 0.00 0.00 0.00 0.00 94.19
1340 6.78 0.00 0.50 0.00 0.00 0.00 0.00 0.00 0.00 92.71
1341 0.51 0.00 0.51 0.00 0.00 0.00 0.00 0.00 0.00 98.99
1342 0.25 0.00 0.75 0.00 0.00 0.00 0.00 0.00 0.00 98.99
1343 0.51 0.00 0.76 0.00 0.00 0.00 0.00 0.00 0.00 98.74
1344 1.76 0.00 0.50 0.00 0.00 0.00 0.00 0.00 0.00 97.73
1345 0.51 0.00 0.51 0.00 0.00 0.00 0.00 0.00 0.00 98.99
1346 0.50 0.00 0.75 0.25 0.00 0.00 0.25 0.00 0.00 98.25
1347 0.76 0.00 0.76 4.81 0.00 0.00 0.00 0.00 0.00 93.67
1348 0.75 0.00 0.50 0.00 0.00 0.00 0.00 0.00 0.00 98.74
1349 0.75 0.00 0.50 0.00 0.00 0.00 0.00 0.00 0.00 98.74
1350 0.50 0.00 0.50 0.50 0.00 0.00 0.25 0.00 0.00 98.24
1351 11.34 0.00 2.06 0.26 0.00 0.26 0.26 0.00 0.00 85.82
1352 1.54 0.00 0.51 0.00 0.00 0.00 0.26 0.00 0.00 97.69
1353 2.02 0.00 0.51 0.00 0.00 0.25 0.00 0.00 0.00 97.22
1354 1.01 0.00 0.25 0.00 0.00 0.00 0.25 0.00 0.00 98.48
1355 0.51 0.00 0.25 1.01 0.00 0.00 0.25 0.00 0.00 97.97
1356 2.06 0.00 0.52 4.90 0.00 0.00 0.26 0.00 0.00 92.27
1357 1.25 0.00 0.25 1.00 0.00 0.00 0.00 0.00 0.00 97.49
1358 1.26 0.00 0.50 0.00 0.00 0.00 0.00 0.00 0.00 98.24
1359 0.25 0.00 0.25 0.00 0.00 0.00 0.25 0.00 0.00 99.24
1360 9.41 0.00 0.76 0.00 0.00 0.00 0.00 0.00 0.00 89.82
1361 0.75 0.00 0.50 0.00 0.00 0.00 0.00 0.00 0.00 98.74
1362 0.51 0.00 0.76 0.00 0.00 0.00 0.00 0.00 0.00 98.74
1363 0.25 0.00 0.50 0.00 0.00 0.00 0.00 0.00 0.00 99.24
1364 0.75 0.00 0.50 0.00 0.00 0.00 0.00 0.00 0.00 98.75
1365 0.75 0.00 0.50 0.00 0.00 0.00 0.25 0.00 0.00 98.50
1366 0.25 0.00 0.76 0.00 0.00 0.00 0.00 0.00 0.00 98.99
1367 7.11 0.00 1.78 4.82 0.00 0.00 0.00 0.00 0.00 86.29
1368 1.51 0.00 0.76 0.00 0.00 0.00 0.00 0.00 0.00 97.73
1369 4.57 0.00 0.51 0.00 0.00 0.00 0.25 0.00 0.00 94.67
1370 10.35 0.00 1.01 0.00 0.00 0.00 0.25 0.00 0.00 88.38
1371 2.78 0.00 0.51 0.00 0.00 0.00 0.25 0.00 0.00 96.46
1372 0.76 0.00 0.51 0.00 0.00 0.00 0.00 0.00 0.00 98.73
1373 0.75 0.00 0.50 0.00 0.00 0.00 0.00 0.00 0.00 98.75
1374 1.26 0.00 0.25 0.00 0.00 0.00 0.00 0.00 0.00 98.49
1375 0.51 0.00 0.25 2.03 0.00 0.00 0.00 0.00 0.00 97.22
1376 0.50 0.00 0.75 0.00 0.00 0.00 0.00 0.00 0.00 98.74
1377 0.51 0.00 0.76 4.05 0.00 0.00 0.00 0.00 0.00 94.68
1378 1.51 0.00 0.25 0.00 0.00 0.00 0.25 0.00 0.00 97.99
1379 0.50 0.00 0.50 0.00 0.00 0.00 0.00 0.00 0.00 98.99
1380 1.01 0.00 0.50 0.00 0.00 0.00 0.00 0.00 0.00 98.49
1381 2.79 0.00 0.51 0.00 0.00 0.00 0.25 0.00 0.00 96.45
1382 0.50 0.00 0.50 0.00 0.00 0.00 0.00 0.00 0.00 99.00
1383 9.97 0.00 1.53 0.26 0.00 0.00 0.26 0.00 0.00 87.98
1384 0.51 0.00 0.00 0.00 0.00 0.00 0.00 0.00 0.00 99.49
1385 0.76 0.00 0.51 1.26 0.00 0.00 0.25 0.00 0.00 97.22
1386 9.64 0.00 1.04 0.00 0.00 0.26 0.52 0.00 0.00 88.54
1387 3.08 0.00 0.51 4.88 0.00 0.00 0.26 0.00 0.00 91.26
1388 1.01 0.00 1.01 0.00 0.00 0.00 0.00 0.00 0.00 97.98
1389 1.55 0.00 1.03 7.99 0.00 0.00 0.00 0.00 0.00 89.43
1390 1.01 0.00 0.00 3.54 0.00 0.00 0.25 0.00 0.00 95.20
1391 12.18 0.00 0.51 0.00 0.00 0.00 0.00 0.00 0.00 87.31
1392 1.00 0.00 0.75 0.00 0.00 0.25 0.00 0.00 0.00 98.00
1393 0.25 0.00 0.25 0.00 0.00 0.00 0.25 0.00 0.00 99.24
1394 0.51 0.00 0.25 0.00 0.00 0.00 0.00 0.00 0.00 99.24
1395 3.52 0.00 0.50 0.00 0.00 0.00 0.25 0.00 0.00 95.73
1396 1.25 0.00 0.50 0.25 0.00 0.00 0.00 0.00 0.00 98.00
1397 1.26 0.00 0.76 3.79 0.00 0.25 0.00 0.00 0.00 93.94
1398 1.50 0.00 1.00 0.00 0.00 0.00 0.00 0.00 0.00 97.49
1399 0.51 0.00 0.51 0.00 0.00 0.00 0.00 0.00 0.00 98.99
1400 0.75 0.00 0.25 0.00 0.00 0.00 0.00 0.00 0.00 98.99
1401 1.25 0.00 0.75 0.25 0.00 0.00 0.00 0.00 0.00 97.74
1402 0.50 0.00 0.00 0.00 0.00 0.00 0.00 0.00 0.00 99.50
1403 6.70 0.00 1.55 0.52 0.00 0.00 0.26 0.00 0.00 90.98
1404 3.30 0.00 0.76 0.51 0.00 0.25 0.00 0.00 0.00 95.18
1405 1.02 0.00 0.26 0.00 0.00 0.00 0.26 0.00 0.00 98.47
1406 1.28 0.00 1.02 3.84 0.00 0.00 1.28 0.00 0.00 92.58
1407 1.02 0.00 0.25 0.76 0.00 0.00 0.00 0.00 0.00 97.96
1408 5.60 0.00 1.78 2.54 0.00 0.00 0.25 0.00 0.00 89.82
1409 19.39 0.00 2.81 21.43 0.00 0.00 0.26 0.00 0.00 56.12
1410 0.25 0.00 0.25 0.00 0.00 0.00 0.00 0.00 0.00 99.49
1411 11.93 0.00 0.51 0.25 0.00 0.00 0.00 0.00 0.00 87.31
1412 0.25 0.00 0.50 0.00 0.00 0.00 0.00 0.00 0.00 99.24
1413 1.51 0.00 0.00 0.00 0.00 0.00 0.25 0.00 0.00 98.24
1414 19.18 0.00 1.53 1.02 0.00 0.00 0.00 0.00 0.00 78.26
1415 0.25 0.00 0.50 0.00 0.00 0.00 0.25 0.00 0.00 98.99
1416 0.25 0.00 0.25 0.25 0.00 0.00 0.00 0.00 0.00 99.25
1417 2.31 0.00 0.77 4.36 0.00 0.00 0.00 0.00 0.00 92.56
1418 0.25 0.00 0.00 0.00 0.00 0.00 0.00 0.00 0.00 99.75
1419 0.25 0.00 0.25 0.00 0.00 0.00 0.00 0.00 0.00 99.50
1420 0.50 0.00 0.25 0.00 0.00 0.00 0.25 0.00 0.00 99.00
1421 0.51 0.00 0.51 0.25 0.00 0.00 0.25 0.00 0.00 98.48
1422 0.25 0.00 0.25 0.00 0.00 0.00 0.00 0.00 0.00 99.49
1423 0.51 0.00 0.00 0.00 0.00 0.00 0.00 0.00 0.00 99.49
1424 0.50 0.00 0.25 0.00 0.00 0.00 0.00 0.00 0.00 99.25
1425 1.27 0.00 0.51 0.00 0.00 0.00 0.00 0.00 0.00 98.22
1426 0.50 0.00 0.00 0.00 0.00 0.00 0.00 0.00 0.00 99.50
