0 0.25 0.00 0.00 2.01 0.00 0.00 0.00 0.00 0.00 97.74
1 0.00 0.00 0.00 0.00 0.00 0.00 0.00 0.00 0.00 100.00
2 0.50 0.00 0.50 1.24 0.00 0.00 0.00 0.00 0.00 97.77
3 0.00 0.00 0.00 1.01 0.00 0.00 0.00 0.00 0.00 98.99
4 0.00 0.00 0.00 0.75 0.00 0.00 0.00 0.00 0.00 99.25
5 0.00 0.00 0.00 0.75 0.00 0.00 0.00 0.00 0.00 99.25
6 5.79 0.00 2.52 0.25 0.00 0.00 0.00 0.00 0.00 91.44
7 0.00 0.00 0.00 1.26 0.00 0.00 0.00 0.00 0.00 98.74
8 0.25 0.00 0.25 1.50 0.00 0.00 0.00 0.00 0.00 98.00
9 0.00 0.00 0.25 0.75 0.00 0.00 0.00 0.00 0.00 99.00
10 1.25 0.00 0.50 20.25 0.00 0.00 0.00 0.00 0.00 78.00
11 0.76 0.00 0.76 25.19 0.00 0.00 0.00 0.00 0.00 73.30
12 2.01 0.00 0.25 26.13 0.00 0.00 0.00 0.00 0.00 71.61
13 1.76 0.00 0.50 23.62 0.00 0.00 0.00 0.00 0.00 74.12
14 4.34 0.00 0.77 20.92 0.00 0.00 0.00 0.00 0.00 73.98
15 2.01 0.00 0.75 23.37 0.00 0.00 0.00 0.00 0.00 73.87
16 3.02 0.00 0.50 22.42 0.00 0.00 0.00 0.00 0.00 74.06
17 0.25 0.00 1.00 25.56 0.00 0.25 0.00 0.00 0.00 72.93
18 1.76 0.00 0.50 24.62 0.00 0.00 0.00 0.00 0.00 73.12
19 4.05 0.00 1.01 21.27 0.00 0.00 0.00 0.00 0.00 73.67
20 8.42 0.00 0.77 17.60 0.00 0.00 0.00 0.00 0.00 73.21
21 6.31 0.00 1.01 20.71 0.00 0.00 0.00 0.00 0.00 71.97
22 10.05 0.00 1.51 20.10 0.00 0.00 0.00 0.00 0.00 68.34
23 3.79 0.00 0.51 23.74 0.00 0.00 0.00 0.00 0.00 71.97
24 9.97 0.00 0.51 20.72 0.00 0.00 0.00 0.00 0.00 68.80
25 5.44 0.00 1.55 17.62 0.00 0.00 0.00 0.00 0.00 75.39
26 10.94 0.00 1.27 15.52 0.00 0.00 0.00 0.00 0.00 72.26
27 10.49 0.00 2.56 17.14 0.00 0.00 0.00 0.00 0.00 69.82
28 8.59 0.00 2.53 20.45 0.00 0.00 0.00 0.00 0.00 68.43
29 16.92 0.00 10.26 12.56 0.00 0.00 0.00 0.00 0.00 60.26
30 1.59 0.00 2.65 33.95 0.00 0.00 0.00 0.00 0.00 61.80
31 2.01 0.00 0.50 33.08 0.00 0.00 0.00 0.00 0.00 64.41
32 8.38 0.00 1.02 20.30 0.00 0.00 0.00 0.00 0.00 70.30
33 1.75 0.00 0.00 29.32 0.00 0.00 0.00 0.00 0.00 68.92
34 2.75 0.00 1.00 27.00 0.00 0.00 0.00 0.00 0.00 69.25
35 8.90 0.00 4.71 25.65 0.00 0.00 0.00 0.00 0.00 60.73
36 5.04 0.00 0.50 25.94 0.00 0.00 0.00 0.00 0.00 68.51
37 1.01 0.00 0.51 23.48 0.00 0.00 0.00 0.00 0.00 75.00
38 1.26 0.00 0.25 24.69 0.00 0.00 0.25 0.00 0.00 73.55
39 1.52 0.00 0.25 26.01 0.00 0.00 0.00 0.00 0.00 72.22
40 0.25 0.00 0.25 24.43 0.00 0.00 0.00 0.00 0.00 75.06
41 1.77 0.00 1.01 22.78 0.00 0.00 0.00 0.00 0.00 74.43
42 12.63 0.00 1.03 14.95 0.00 0.00 0.00 0.00 0.00 71.39
43 68.57 0.00 3.38 15.58 0.00 0.00 0.00 0.00 0.00 12.47
44 85.64 0.00 13.05 0.00 0.00 0.26 0.26 0.00 0.00 0.78
45 55.00 0.00 24.21 13.95 0.00 0.26 0.00 0.00 0.00 6.58
46 16.07 0.00 1.02 40.31 0.00 0.00 0.00 0.00 0.00 42.60
47 22.66 0.00 7.81 23.70 0.00 0.26 0.00 0.00 0.00 45.57
48 48.56 0.00 6.82 26.51 0.00 0.00 0.00 0.00 0.00 18.11
49 28.87 0.00 6.30 33.86 0.00 0.00 0.00 0.00 0.00 30.97
50 39.06 0.00 8.33 27.34 0.00 0.26 0.00 0.00 0.00 25.00
51 39.79 0.00 4.65 23.00 0.00 0.00 0.52 0.00 0.00 32.04
52 30.67 0.00 8.53 46.13 0.00 0.00 0.00 0.00 0.00 14.67
53 19.95 0.00 6.38 46.54 0.00 0.00 0.00 0.00 0.00 27.13
54 12.59 0.00 1.01 63.22 0.00 0.25 0.25 0.00 0.00 22.67
55 27.37 0.00 3.42 56.84 0.00 0.00 0.00 0.00 0.00 12.37
56 23.96 0.00 3.39 53.65 0.00 0.26 0.00 0.00 0.00 18.75
57 26.02 0.00 3.83 49.23 0.00 0.00 0.26 0.00 0.00 20.66
58 0.25 0.00 0.25 99.50 0.00 0.00 0.00 0.00 0.00 0.00
59 8.59 0.00 0.25 64.14 0.00 0.25 0.00 0.00 0.00 26.77
60 5.85 0.00 0.25 70.48 0.00 0.00 0.00 0.00 0.00 23.41
61 6.27 0.00 1.00 73.68 0.00 0.00 0.00 0.00 0.00 19.05
62 11.92 0.00 2.59 70.73 0.00 0.00 0.00 0.00 0.00 14.77
63 13.49 0.00 1.02 63.10 0.00 0.25 0.00 0.00 0.00 22.14
64 10.53 0.00 0.79 64.21 0.00 0.00 0.00 0.00 0.00 24.47
65 9.74 0.00 2.05 61.79 0.00 0.00 0.00 0.00 0.00 26.41
66 19.95 0.00 2.59 45.34 0.00 0.00 0.00 0.00 0.00 32.12
67 14.87 0.00 0.77 45.64 0.00 0.26 0.00 0.00 0.00 38.46
68 16.50 0.00 3.05 53.55 0.00 0.00 0.00 0.00 0.00 26.90
69 18.48 0.00 2.78 53.67 0.00 0.25 0.00 0.00 0.00 24.81
70 12.21 0.00 1.27 53.44 0.00 0.00 0.00 0.00 0.00 33.08
71 18.49 0.00 2.08 37.50 0.00 0.00 0.26 0.00 0.00 41.67
72 11.17 0.00 1.27 45.69 0.00 0.00 0.00 0.00 0.00 41.88
73 20.15 0.00 2.81 56.38 0.00 0.26 0.00 0.00 0.00 20.41
74 21.83 0.00 5.33 58.63 0.00 0.25 0.00 0.00 0.00 13.96
75 15.60 0.00 1.28 54.99 0.00 0.00 0.00 0.00 0.00 28.13
76 15.76 0.00 4.13 60.21 0.00 0.00 0.00 0.00 0.00 19.90
77 17.19 0.00 1.82 55.73 0.00 0.00 0.00 0.00 0.00 25.26
78 14.69 0.00 2.32 41.49 0.00 0.00 0.00 0.00 0.00 41.49
79 15.97 0.00 3.66 49.21 0.00 0.00 0.00 0.00 0.00 31.15
80 12.09 0.00 1.26 42.07 0.00 0.00 0.00 0.00 0.00 44.58
81 24.42 0.00 3.38 39.74 0.00 0.26 0.00 0.00 0.00 32.21
82 24.01 0.00 2.37 49.87 0.00 0.26 0.00 0.00 0.00 23.48
83 26.63 0.00 2.61 40.73 0.00 0.26 0.26 0.00 0.00 29.50
84 19.54 0.00 5.14 41.13 0.00 0.00 0.00 0.00 0.00 34.19
85 26.26 0.00 3.18 37.14 0.00 0.27 0.00 0.00 0.00 33.16
86 22.28 0.00 1.04 57.51 0.00 0.00 0.26 0.00 0.00 18.91
87 46.51 0.00 7.80 31.45 0.00 0.27 0.00 0.00 0.00 13.98
88 46.49 0.00 7.53 37.92 0.00 0.26 0.26 0.00 0.00 7.53
89 39.64 0.00 5.18 36.01 0.00 0.26 0.00 0.00 0.00 18.91
90 38.95 0.00 9.47 27.37 0.00 0.26 0.26 0.00 0.00 23.68
91 52.52 0.00 13.53 23.61 0.00 0.00 0.00 0.00 0.00 10.34
92 42.49 0.00 8.03 16.84 0.00 0.26 0.00 0.00 0.00 32.38
93 28.21 0.00 6.41 19.49 0.00 0.00 0.00 0.00 0.00 45.90
94 25.13 0.00 5.50 23.04 0.00 0.00 0.26 0.00 0.00 46.07
95 13.33 0.00 2.03 12.75 0.00 0.29 0.00 0.00 0.00 71.59
96 18.02 0.00 5.08 5.08 0.00 0.25 0.00 0.00 0.00 71.57
97 84.59 0.00 7.57 0.00 0.00 0.00 0.00 0.00 0.00 7.84
98 20.71 0.00 5.99 10.90 0.00 0.00 0.27 0.00 0.00 62.13
99 12.81 0.00 0.28 6.13 0.00 0.00 0.00 0.00 0.00 80.78
100 8.20 0.00 3.83 19.67 0.00 0.00 0.00 0.00 0.00 68.31
101 1.64 0.00 5.34 54.21 0.00 0.00 0.00 0.00 0.00 38.81
102 6.76 0.00 1.01 92.23 0.00 0.00 0.00 0.00 0.00 0.00
103 7.27 0.00 1.56 49.87 0.00 0.00 0.00 0.00 0.00 41.30
104 1.51 0.00 0.76 28.21 0.00 0.00 0.25 0.00 0.00 69.27
105 1.77 0.00 1.01 46.97 0.00 0.00 0.25 0.00 0.00 50.00
106 1.75 0.00 0.75 25.31 0.00 0.00 0.00 0.00 0.00 72.18
107 18.85 0.00 0.79 21.47 0.00 0.00 0.00 0.00 0.00 58.90
108 61.40 0.00 0.88 7.89 0.00 0.00 0.00 0.00 0.00 29.82
109 12.06 0.00 0.29 5.59 0.00 0.00 0.00 0.00 0.00 82.06
110 6.97 0.00 0.30 13.03 0.00 0.00 0.00 0.00 0.00 79.70
111 2.26 0.00 1.00 29.82 0.00 0.00 0.00 0.00 0.00 66.92
112 7.04 0.00 4.77 17.84 0.00 0.00 0.25 0.00 0.00 70.10
113 52.32 0.00 0.26 3.61 0.00 0.00 0.00 0.00 0.00 43.81
114 23.72 0.00 0.26 2.04 0.00 0.00 0.00 0.00 0.00 73.98
115 22.60 0.00 0.26 17.66 0.00 0.00 0.00 0.00 0.00 59.48
116 41.73 0.00 0.51 5.60 0.00 0.00 0.00 0.00 0.00 52.16
117 24.75 0.00 0.25 1.26 0.00 0.00 0.00 0.00 0.00 73.74
118 24.56 0.00 0.00 5.57 0.00 0.00 0.00 0.00 0.00 69.87
119 23.93 0.00 0.25 5.54 0.00 0.00 0.00 0.00 0.00 70.28
120 25.94 0.00 0.50 20.15 0.00 0.00 0.00 0.00 0.00 53.40
121 1.24 0.00 0.75 50.00 0.00 0.00 0.00 0.00 0.00 48.01
122 11.65 0.00 0.76 40.76 0.00 0.00 0.00 0.00 0.00 46.84
123 24.49 0.00 0.51 16.41 0.00 0.00 0.00 0.00 0.00 58.59
124 18.31 0.00 0.27 9.02 0.00 0.00 0.00 0.00 0.00 72.40
125 29.20 0.00 0.28 4.13 0.00 0.00 0.28 0.00 0.00 66.12
126 28.03 0.00 0.54 4.31 0.00 0.00 0.00 0.00 0.00 67.12
127 20.47 0.00 0.26 1.05 0.00 0.00 0.26 0.00 0.00 77.95
128 21.73 0.00 0.26 3.40 0.00 0.00 0.00 0.00 0.00 74.61
129 32.49 0.00 1.13 2.82 0.00 0.00 0.28 0.00 0.00 63.28
130 8.84 0.00 0.30 2.13 0.00 0.00 0.30 0.00 0.00 88.41
131 19.46 0.00 0.27 0.54 0.00 0.00 0.00 0.00 0.00 79.73
132 22.16 0.00 2.16 5.95 0.00 0.27 0.00 0.00 0.00 69.46
133 14.08 0.00 0.29 1.44 0.00 0.00 0.57 0.00 0.00 83.62
134 7.14 0.00 0.00 2.17 0.00 0.00 0.00 0.00 0.00 90.68
135 7.12 0.00 0.62 4.33 0.00 0.00 0.31 0.00 0.00 87.62
136 22.51 0.00 3.14 5.76 0.00 0.26 0.00 0.00 0.00 68.32
137 16.76 0.00 0.28 0.84 0.00 0.00 0.00 0.00 0.00 82.12
138 16.71 0.00 1.11 32.03 0.00 0.28 0.00 0.00 0.00 49.86
139 15.93 0.00 5.77 14.84 0.00 0.00 0.27 0.00 0.00 63.19
140 3.79 0.00 0.76 26.26 0.00 0.00 0.00 0.00 0.00 69.19
141 12.71 0.00 0.28 20.62 0.00 0.00 0.00 0.00 0.00 66.38
142 14.53 0.00 0.28 3.42 0.00 0.00 0.28 0.00 0.00 81.48
143 13.26 0.00 0.58 2.88 0.00 0.00 0.29 0.00 0.00 83.00
144 17.22 0.00 0.56 2.78 0.00 0.00 0.00 0.00 0.00 79.44
145 20.92 0.00 0.51 6.89 0.00 0.00 0.00 0.00 0.00 71.68
146 24.87 0.00 0.25 1.26 0.00 0.00 0.00 0.00 0.00 73.62
147 24.30 0.00 0.25 0.76 0.00 0.00 0.00 0.00 0.00 74.68
148 44.10 0.00 0.51 3.59 0.00 0.00 0.00 0.00 0.00 51.79
149 24.37 0.00 0.25 0.76 0.00 0.00 0.00 0.00 0.00 74.62
150 23.39 0.00 0.26 1.03 0.00 0.00 0.00 0.00 0.00 75.32
151 28.32 0.00 0.26 0.51 0.00 0.00 0.00 0.00 0.00 70.92
152 34.36 0.00 0.26 3.08 0.00 0.00 0.00 0.00 0.00 62.31
153 24.69 0.00 0.25 1.01 0.00 0.00 0.00 0.00 0.00 74.06
154 24.49 0.00 0.25 1.01 0.00 0.00 0.25 0.00 0.00 73.99
155 29.22 0.00 0.27 1.07 0.00 0.00 0.00 0.00 0.00 69.44
156 11.34 0.00 0.30 1.79 0.00 0.00 0.00 0.00 0.00 86.57
157 26.74 0.00 0.00 0.84 0.00 0.00 0.00 0.00 0.00 72.42
158 19.51 0.00 0.27 2.71 0.00 0.00 0.00 0.00 0.00 77.51
159 22.69 0.00 0.79 3.96 0.00 0.00 0.00 0.00 0.00 72.56
160 16.20 0.00 3.35 6.98 0.00 0.00 0.00 0.00 0.00 73.46
161 13.62 0.00 0.00 0.58 0.00 0.00 0.00 0.00 0.00 85.80
162 10.42 0.00 0.30 2.38 0.00 0.00 0.30 0.00 0.00 86.61
163 20.16 0.00 0.81 14.78 0.00 0.00 0.00 0.00 0.00 64.25
164 22.34 0.00 1.04 3.38 0.00 0.00 0.00 0.00 0.00 73.25
165 20.59 0.00 0.00 1.34 0.00 0.00 0.00 0.00 0.00 78.07
166 19.41 0.00 1.08 1.08 0.00 0.00 0.00 0.00 0.00 78.44
167 16.85 0.00 2.72 7.61 0.00 0.27 0.54 0.00 0.00 72.01
168 15.82 0.00 0.00 5.08 0.00 0.00 0.00 0.00 0.00 79.10
169 15.34 0.00 0.00 24.43 0.00 0.00 0.00 0.00 0.00 60.23
170 15.58 0.00 0.28 13.88 0.00 0.00 0.00 0.00 0.00 70.25
171 9.76 0.00 1.32 59.10 0.00 0.26 0.26 0.00 0.00 29.29
172 17.40 0.00 0.00 43.65 0.00 0.00 0.28 0.00 0.00 38.67
173 18.85 0.00 0.55 25.14 0.00 0.00 0.27 0.00 0.00 55.19
174 16.48 0.00 0.28 1.40 0.00 0.00 0.28 0.00 0.00 81.56
175 14.81 0.00 0.28 1.71 0.00 0.00 0.00 0.00 0.00 83.19
176 14.94 0.00 0.00 1.44 0.00 0.00 0.29 0.00 0.00 83.33
177 24.11 0.00 0.00 0.55 0.00 0.00 0.00 0.00 0.00 75.34
178 62.31 0.00 0.77 17.18 0.00 0.00 0.00 0.00 0.00 19.74
179 24.36 0.00 0.26 24.36 0.00 0.00 0.00 0.00 0.00 51.03
180 24.56 0.00 0.25 1.27 0.00 0.00 0.00 0.00 0.00 73.92
181 30.65 0.00 0.25 0.25 0.00 0.00 0.00 0.00 0.00 68.84
182 92.66 0.00 2.17 1.09 0.00 0.00 0.27 0.00 0.00 3.80
183 22.88 0.00 0.00 4.88 0.00 0.00 0.00 0.00 0.00 72.24
184 25.19 0.00 0.00 1.26 0.00 0.25 0.25 0.00 0.00 73.05
185 24.62 0.00 0.25 1.51 0.00 0.00 0.00 0.00 0.00 73.62
186 72.56 0.00 2.82 0.26 0.00 0.00 0.00 0.00 0.00 24.36
187 24.94 0.00 0.00 1.26 0.00 0.00 0.00 0.00 0.00 73.80
188 24.24 0.00 0.51 3.54 0.00 0.00 0.00 0.00 0.00 71.72
189 33.67 0.00 1.02 0.00 0.00 0.00 0.00 0.00 0.00 65.31
190 54.92 0.00 1.04 3.11 0.00 0.26 0.00 0.00 0.00 40.67
191 25.06 0.00 0.25 0.50 0.00 0.00 0.00 0.00 0.00 74.19
192 24.62 0.00 0.50 1.01 0.00 0.00 0.00 0.00 0.00 73.87
193 62.32 0.00 1.98 2.83 0.00 0.00 0.28 0.00 0.00 32.58
194 4.17 0.00 0.32 1.60 0.00 0.00 0.00 0.00 0.00 93.91
195 24.49 0.00 0.25 0.76 0.00 0.00 0.00 0.00 0.00 74.49
196 40.41 0.00 1.02 3.32 0.00 0.00 0.00 0.00 0.00 55.24
197 57.29 0.00 1.51 18.34 0.00 0.00 0.00 0.00 0.00 22.86
198 30.93 0.00 1.03 35.05 0.00 0.00 0.00 0.00 0.00 32.99
199 24.49 0.00 0.51 23.23 0.00 0.00 0.00 0.00 0.00 51.77
200 24.62 0.00 0.25 36.29 0.00 0.00 0.25 0.00 0.00 38.58
201 24.62 0.00 1.01 33.92 0.00 0.00 0.00 0.00 0.00 40.45
202 68.88 0.00 2.30 5.10 0.00 0.26 0.00 0.00 0.00 23.47
203 24.11 0.00 0.25 1.27 0.00 0.00 0.00 0.00 0.00 74.37
204 24.56 0.00 0.00 1.27 0.00 0.00 0.00 0.00 0.00 74.18
205 66.58 0.00 3.83 0.51 0.00 0.00 0.51 0.00 0.00 28.57
206 36.55 0.00 0.25 2.54 0.00 0.00 0.00 0.00 0.00 60.66
207 22.25 0.00 0.00 1.57 0.00 0.00 0.00 0.00 0.00 76.18
208 24.81 0.00 0.51 1.77 0.00 0.00 0.00 0.00 0.00 72.91
209 44.92 0.00 0.76 0.00 0.00 0.25 0.00 0.00 0.00 54.06
210 41.18 0.00 1.79 1.79 0.00 0.00 0.00 0.00 0.00 55.24
211 22.63 0.00 1.05 10.00 0.00 0.00 0.00 0.00 0.00 66.32
212 25.00 0.00 0.00 1.26 0.00 0.00 0.00 0.00 0.00 73.74
213 22.05 0.00 0.52 8.40 0.00 0.00 0.00 0.00 0.00 69.03
214 47.47 0.00 1.26 6.06 0.00 0.00 0.00 0.00 0.00 45.20
215 29.52 0.00 0.51 3.82 0.00 0.00 0.00 0.00 0.00 66.16
216 24.81 0.00 0.25 8.10 0.00 0.00 0.00 0.00 0.00 66.84
217 25.06 0.00 0.00 0.76 0.00 0.00 0.00 0.00 0.00 74.18
218 24.94 0.00 1.80 1.54 0.00 0.00 0.00 0.00 0.00 71.72
219 24.62 0.00 0.50 1.51 0.00 0.00 0.00 0.00 0.00 73.37
220 23.56 0.00 0.79 10.99 0.00 0.26 0.00 0.00 0.00 64.40
221 11.84 0.00 0.25 0.50 0.00 0.00 0.00 0.00 0.00 87.41
222 0.50 0.00 0.25 1.75 0.00 0.00 0.00 0.00 0.00 97.49
223 0.25 0.00 0.76 11.93 0.00 0.00 0.25 0.00 0.00 86.80
224 0.50 0.00 0.75 5.28 0.00 0.00 0.00 0.00 0.00 93.47
225 0.25 0.00 0.25 1.75 0.00 0.00 0.00 0.00 0.00 97.74
226 0.50 0.00 0.76 9.57 0.00 0.00 0.00 0.00 0.00 89.17
227 0.50 0.00 0.50 9.32 0.00 0.00 0.00 0.00 0.00 89.67
228 0.00 0.00 0.25 0.25 0.00 0.00 0.00 0.00 0.00 99.50
229 0.25 0.00 0.25 1.26 0.00 0.00 0.00 0.00 0.00 98.24
230 0.00 0.00 0.00 0.51 0.00 0.00 0.00 0.00 0.00 99.49
231 0.25 0.00 0.25 1.00 0.00 0.00 0.00 0.00 0.00 98.50
232 24.24 0.00 0.76 4.04 0.00 0.00 0.00 0.00 0.00 70.96
233 25.38 0.00 0.00 4.77 0.00 0.00 0.00 0.00 0.00 69.85
234 24.81 0.00 0.25 4.01 0.00 0.00 0.00 0.00 0.00 70.93
235 20.53 0.00 0.00 2.67 0.00 0.00 0.00 0.00 0.00 76.80
236 25.25 0.00 0.00 5.81 0.00 0.00 0.00 0.00 0.00 68.94
237 35.20 0.00 0.26 4.08 0.00 0.00 0.00 0.00 0.00 60.46
238 23.53 0.00 0.26 0.77 0.00 0.00 0.26 0.00 0.00 75.19
239 35.53 0.00 0.51 1.02 0.00 0.00 0.00 0.00 0.00 62.94
240 24.56 0.00 0.51 2.03 0.00 0.00 0.00 0.00 0.00 72.91
241 24.69 0.00 0.25 0.76 0.00 0.00 0.00 0.00 0.00 74.31
242 34.54 0.00 0.52 1.29 0.00 0.00 0.00 0.00 0.00 63.66
243 19.46 0.00 0.27 5.14 0.00 0.00 0.00 0.00 0.00 75.14
244 24.81 0.00 0.25 1.00 0.00 0.00 0.00 0.00 0.00 73.93
245 31.54 0.00 2.31 11.79 0.00 0.26 0.00 0.00 0.00 54.10
246 23.72 0.00 0.26 0.00 0.00 0.00 0.00 0.00 0.00 76.02
247 24.37 0.00 0.75 1.76 0.00 0.00 0.00 0.00 0.00 73.12
248 24.87 0.00 2.03 4.06 0.00 0.00 0.00 0.00 0.00 69.04
249 23.08 0.00 0.51 1.03 0.00 0.00 0.00 0.00 0.00 75.38
250 24.69 0.00 0.00 1.01 0.00 0.00 0.00 0.00 0.00 74.31
251 23.43 0.00 3.78 7.56 0.00 0.00 0.25 0.00 0.00 64.99
252 24.38 0.00 1.49 4.73 0.00 0.00 1.24 0.00 0.00 68.16
253 24.74 0.00 0.00 2.30 0.00 0.00 0.00 0.00 0.00 72.96
254 24.69 0.00 0.00 0.76 0.00 0.00 0.00 0.00 0.00 74.56
255 23.68 0.00 0.76 2.27 0.00 0.00 0.00 0.00 0.00 73.30
256 1.52 0.00 0.00 0.76 0.00 0.00 0.00 0.00 0.00 97.72
257 0.25 0.00 0.50 1.76 0.00 0.00 0.00 0.00 0.00 97.49
258 0.25 0.00 0.00 2.51 0.00 0.00 0.00 0.00 0.00 97.24
259 0.50 0.00 0.50 27.89 0.00 0.00 0.00 0.00 0.00 71.11
260 0.00 0.00 0.25 31.14 0.00 0.00 0.00 0.00 0.00 68.61
261 0.50 0.00 0.25 28.57 0.00 0.00 0.00 0.00 0.00 70.68
262 0.25 0.00 0.25 9.52 0.00 0.00 0.00 0.00 0.00 89.97
263 0.00 0.00 0.00 11.90 0.00 0.00 0.00 0.00 0.00 88.10
264 0.25 0.00 0.25 17.50 0.00 0.00 0.00 0.00 0.00 82.00
265 0.50 0.00 0.00 13.78 0.00 0.00 0.00 0.00 0.00 85.71
266 0.00 0.00 0.25 10.55 0.00 0.00 0.00 0.00 0.00 89.20
267 0.00 0.00 0.25 2.26 0.00 0.00 0.00 0.00 0.00 97.49
268 0.25 0.00 0.00 0.75 0.00 0.00 0.00 0.00 0.00 98.99
269 0.25 0.00 0.00 1.26 0.00 0.00 0.00 0.00 0.00 98.49
270 0.00 0.00 0.25 0.50 0.00 0.00 0.00 0.00 0.00 99.25
271 25.45 0.00 1.54 3.08 0.00 0.00 0.00 0.00 0.00 69.92
272 39.59 0.00 0.59 0.00 0.00 0.00 0.00 0.00 0.00 59.82
273 12.06 0.00 0.00 0.88 0.00 0.00 0.29 0.00 0.00 86.76
274 15.49 0.00 0.28 0.28 0.00 0.00 0.28 0.00 0.00 83.66
275 19.62 0.00 0.00 1.34 0.00 0.00 0.27 0.00 0.00 78.76
276 73.87 0.00 0.50 0.00 0.00 0.00 0.00 0.00 0.00 25.63
277 66.41 0.00 1.03 1.79 0.00 0.26 0.00 0.00 0.00 30.51
278 24.69 0.00 0.25 0.00 0.00 0.00 0.00 0.00 0.00 75.06
279 24.37 0.00 0.25 0.25 0.00 0.00 0.00 0.00 0.00 75.13
280 28.64 0.00 0.25 0.75 0.00 0.00 0.00 0.00 0.00 70.35
281 69.62 0.00 1.01 0.51 0.00 0.25 0.00 0.00 0.00 28.61
282 24.87 0.00 0.25 1.76 0.00 0.00 0.25 0.00 0.00 72.86
283 24.87 0.00 0.50 2.51 0.00 0.00 0.00 0.00 0.00 72.11
284 75.25 0.00 2.02 0.25 0.00 0.00 0.00 0.00 0.00 22.47
285 24.87 0.00 0.25 0.75 0.00 0.00 0.00 0.00 0.00 74.12
286 25.06 0.00 0.25 0.00 0.00 0.00 0.00 0.00 0.00 74.69
287 42.53 0.00 1.27 0.25 0.00 0.00 0.00 0.00 0.00 55.95
288 67.54 0.00 1.57 1.57 0.00 0.00 0.00 0.00 0.00 29.32
289 24.87 0.00 0.75 3.52 0.00 0.00 0.00 0.00 0.00 70.85
290 24.81 0.00 0.50 12.28 0.00 0.00 0.00 0.00 0.00 62.41
291 43.04 0.00 1.27 19.75 0.00 0.00 0.00 0.00 0.00 35.95
292 56.44 0.00 1.80 20.88 0.00 0.00 0.00 0.00 0.00 20.88
293 25.13 0.00 0.25 23.62 0.00 0.00 0.00 0.00 0.00 51.01
294 24.62 0.00 0.25 3.02 0.00 0.00 0.00 0.00 0.00 72.11
295 43.04 0.00 1.52 0.76 0.00 0.25 0.00 0.00 0.00 54.43
296 31.41 0.00 0.50 0.75 0.00 0.25 0.00 0.00 0.00 67.09
297 24.94 0.00 0.25 0.50 0.00 0.00 0.00 0.00 0.00 74.31
298 56.27 0.00 2.05 1.02 0.00 0.00 0.00 0.00 0.00 40.66
299 24.69 0.00 0.25 1.01 0.00 0.00 0.00 0.00 0.00 74.06
300 20.05 0.00 0.54 10.03 0.00 0.27 0.00 0.00 0.00 69.11
301 33.59 0.00 0.52 0.52 0.00 0.00 0.00 0.00 0.00 65.37
302 65.24 0.00 2.02 1.51 0.00 0.00 0.00 0.00 0.00 31.23
303 24.69 0.00 0.00 2.02 0.00 0.00 0.00 0.00 0.00 73.30
304 26.26 0.00 0.25 0.51 0.00 0.00 0.00 0.00 0.00 72.98
305 53.30 0.00 1.78 11.93 0.00 0.25 0.25 0.00 0.00 32.49
306 23.59 0.00 0.26 1.03 0.00 0.00 0.00 0.00 0.00 75.13
307 20.95 0.00 0.00 2.65 0.00 0.00 0.00 0.00 0.00 76.39
308 21.43 0.00 0.51 15.82 0.00 0.00 0.00 0.00 0.00 62.24
309 17.29 0.00 1.50 9.77 0.00 0.00 0.00 0.00 0.00 71.43
310 24.23 0.00 0.26 7.14 0.00 0.00 0.00 0.00 0.00 68.37
311 16.94 0.00 0.28 24.44 0.00 0.00 0.28 0.00 0.00 58.06
312 17.11 0.00 1.58 10.79 0.00 0.00 0.26 0.00 0.00 70.26
313 0.50 0.00 0.50 12.09 0.00 0.00 0.00 0.00 0.00 86.90
314 0.00 0.00 0.25 17.93 0.00 0.00 0.00 0.00 0.00 81.82
315 0.00 0.00 0.25 3.27 0.00 0.00 0.00 0.00 0.00 96.48
316 0.50 0.00 0.25 4.76 0.00 0.00 0.00 0.00 0.00 94.49
317 0.25 0.00 0.00 12.31 0.00 0.00 0.00 0.00 0.00 87.44
318 0.25 0.00 0.50 24.81 0.00 0.00 0.00 0.00 0.00 74.44
319 0.00 0.00 0.50 26.70 0.00 0.00 0.00 0.00 0.00 72.80
320 0.50 0.00 0.50 27.75 0.00 0.00 0.00 0.00 0.00 71.25
321 0.00 0.00 0.51 4.55 0.00 0.00 0.00 0.00 0.00 94.95
322 0.50 0.00 0.50 2.24 0.00 0.00 0.00 0.00 0.00 96.76
323 0.00 0.00 0.25 2.76 0.00 0.00 0.00 0.00 0.00 96.98
324 0.25 0.00 0.25 1.50 0.00 0.00 0.00 0.00 0.00 97.99
325 0.25 0.00 0.25 1.50 0.00 0.00 0.00 0.00 0.00 98.00
326 0.25 0.00 0.25 1.75 0.00 0.00 0.00 0.00 0.00 97.74
327 0.00 0.00 0.00 1.51 0.00 0.00 0.00 0.00 0.00 98.49
328 0.50 0.00 0.50 2.49 0.00 0.00 0.00 0.00 0.00 96.52
329 0.25 0.00 0.50 0.75 0.00 0.00 0.00 0.00 0.00 98.50
330 0.00 0.00 0.00 0.25 0.00 0.00 0.25 0.00 0.00 99.50
331 0.50 0.00 0.00 2.25 0.00 0.00 0.00 0.00 0.00 97.25
332 0.00 0.00 0.50 0.75 0.00 0.00 0.00 0.00 0.00 98.75
333 0.50 0.00 0.25 1.00 0.00 0.00 0.00 0.00 0.00 98.25
334 0.00 0.00 0.25 0.50 0.00 0.00 0.00 0.00 0.00 99.25
335 0.00 0.00 0.50 1.00 0.00 0.00 0.00 0.00 0.00 98.50
336 0.00 0.00 0.25 1.26 0.00 0.00 0.00 0.00 0.00 98.49
337 0.25 0.00 0.50 1.75 0.00 0.00 0.00 0.00 0.00 97.50
338 0.25 0.00 0.25 1.25 0.00 0.00 0.00 0.00 0.00 98.25
339 0.25 0.00 0.00 0.25 0.00 0.00 0.00 0.00 0.00 99.50
340 0.00 0.00 0.25 1.00 0.00 0.00 0.00 0.00 0.00 98.75
341 0.25 0.00 0.25 0.75 0.00 0.00 0.00 0.00 0.00 98.75
342 0.00 0.00 0.50 1.50 0.00 0.00 0.00 0.00 0.00 98.00
343 1.01 0.00 1.01 1.01 0.00 0.00 0.00 0.00 0.00 96.96
344 0.50 0.00 0.25 2.00 0.00 0.00 0.00 0.00 0.00 97.25
345 0.75 0.00 0.25 2.51 0.00 0.00 0.00 0.00 0.00 96.49
346 2.30 0.00 0.51 2.55 0.00 0.00 0.00 0.00 0.00 94.64
347 22.40 0.00 0.00 0.78 0.00 0.00 0.00 0.00 0.00 76.82
348 24.37 0.00 0.25 2.03 0.00 0.00 0.00 0.00 0.00 73.35
349 24.75 0.00 0.00 0.00 0.00 0.00 0.00 0.00 0.00 75.25
350 24.69 0.00 0.76 3.27 0.00 0.00 0.00 0.00 0.00 71.28
351 29.87 0.00 0.25 0.76 0.00 0.00 0.00 0.00 0.00 69.11
352 30.30 0.00 0.25 0.25 0.00 0.00 0.00 0.00 0.00 69.19
353 24.62 0.00 0.25 0.75 0.00 0.00 0.00 0.00 0.00 74.37
354 36.02 0.00 0.00 0.50 0.00 0.00 0.00 0.00 0.00 63.48
355 24.37 0.00 0.25 0.76 0.00 0.00 0.00 0.00 0.00 74.62
356 27.65 0.00 0.26 10.85 0.00 0.00 0.00 0.00 0.00 61.24
357 25.97 0.00 0.28 6.35 0.00 0.28 0.28 0.00 0.00 66.85
358 18.80 0.00 0.27 28.61 0.00 0.00 0.27 0.00 0.00 52.04
359 16.40 0.00 0.27 8.87 0.00 0.00 0.00 0.00 0.00 74.46
360 0.50 0.00 0.25 19.50 0.00 0.00 0.00 0.00 0.00 79.75
361 0.25 0.00 0.25 9.09 0.00 0.00 0.00 0.00 0.00 90.40
362 0.25 0.00 0.00 15.11 0.00 0.00 0.00 0.00 0.00 84.63
363 0.25 0.00 0.25 14.54 0.00 0.00 0.00 0.00 0.00 84.96
364 0.25 0.00 0.25 6.77 0.00 0.00 0.00 0.00 0.00 92.73
365 0.00 0.00 0.25 26.32 0.00 0.00 0.25 0.00 0.00 73.18
366 0.25 0.00 0.25 20.05 0.00 0.00 0.00 0.00 0.00 79.45
367 0.25 0.00 0.25 8.52 0.00 0.00 0.00 0.00 0.00 90.98
368 0.00 0.00 0.25 5.28 0.00 0.00 0.00 0.00 0.00 94.47
369 0.25 0.00 0.00 22.61 0.00 0.00 0.00 0.00 0.00 77.14
370 0.00 0.00 0.25 3.01 0.00 0.00 0.00 0.00 0.00 96.74
371 0.25 0.00 0.25 1.76 0.00 0.25 0.00 0.00 0.00 97.49
372 0.00 0.00 0.50 1.00 0.00 0.00 0.00 0.00 0.00 98.50
373 0.00 0.00 0.25 0.75 0.00 0.00 0.00 0.00 0.00 98.99
374 0.25 0.00 0.25 1.26 0.00 0.00 0.00 0.00 0.00 98.24
375 0.25 0.00 0.25 0.25 0.00 0.00 0.00 0.00 0.00 99.25
376 0.00 0.00 0.50 1.25 0.00 0.00 0.00 0.00 0.00 98.25
377 0.25 0.00 0.00 1.00 0.00 0.00 0.00 0.00 0.00 98.75
378 0.25 0.00 0.50 3.02 0.00 0.00 0.00 0.00 0.00 96.23
379 0.25 0.00 0.25 0.75 0.00 0.00 0.00 0.00 0.00 98.75
380 0.00 0.00 0.25 1.75 0.00 0.00 0.00 0.00 0.00 97.99
381 0.25 0.00 0.00 1.51 0.00 0.00 0.00 0.00 0.00 98.24
382 0.50 0.00 0.50 1.00 0.00 0.00 0.00 0.00 0.00 98.00
383 0.00 0.00 0.25 0.75 0.00 0.00 0.00 0.00 0.00 99.00
384 0.25 0.00 0.50 1.75 0.00 0.00 0.00 0.00 0.00 97.51
385 0.25 0.00 0.00 0.50 0.00 0.00 0.00 0.00 0.00 99.25
386 0.00 0.00 0.25 1.75 0.00 0.00 0.00 0.00 0.00 97.99
387 0.00 0.00 0.25 0.75 0.00 0.00 0.00 0.00 0.00 99.00
388 0.00 0.00 0.25 1.75 0.00 0.00 0.00 0.00 0.00 97.99
389 0.25 0.00 0.00 0.50 0.00 0.00 0.00 0.00 0.00 99.25
390 0.25 0.00 0.25 1.25 0.00 0.00 0.00 0.00 0.00 98.25
391 0.25 0.00 0.00 4.50 0.00 0.00 0.00 0.00 0.00 95.25
392 0.00 0.00 0.00 2.02 0.00 0.00 0.00 0.00 0.00 97.98
393 0.25 0.00 0.25 1.75 0.00 0.00 0.00 0.00 0.00 97.75
394 0.00 0.00 0.25 5.28 0.00 0.00 0.00 0.00 0.00 94.47
395 0.25 0.00 0.00 5.50 0.00 0.00 0.00 0.00 0.00 94.25
396 0.25 0.00 0.00 1.50 0.00 0.00 0.00 0.00 0.00 98.25
397 0.00 0.00 0.50 0.25 0.00 0.00 0.00 0.00 0.00 99.25
398 0.25 0.00 0.00 1.76 0.00 0.00 0.00 0.00 0.00 97.98
399 0.25 0.00 0.00 0.25 0.00 0.00 0.00 0.00 0.00 99.50
400 0.25 0.00 0.50 2.00 0.00 0.00 0.00 0.00 0.00 97.25
401 53.66 0.00 0.00 0.27 0.00 0.27 0.27 0.00 0.00 45.53
402 38.22 0.00 0.00 1.05 0.00 0.00 0.00 0.00 0.00 60.73
403 23.79 0.00 0.51 0.77 0.00 0.00 0.00 0.00 0.00 74.94
404 24.37 0.00 0.25 3.55 0.00 0.00 0.00 0.00 0.00 71.83
405 61.99 0.00 0.26 0.00 0.00 0.00 0.00 0.00 0.00 37.76
406 97.67 0.00 0.52 1.04 0.00 0.00 0.00 0.00 0.00 0.78
407 39.48 0.00 0.26 1.04 0.00 0.00 0.26 0.00 0.00 58.96
408 21.99 0.00 0.26 1.57 0.00 0.00 0.00 0.00 0.00 76.18
409 24.75 0.00 0.00 0.76 0.00 0.00 0.00 0.00 0.00 74.49
410 43.62 0.00 0.26 0.26 0.00 0.00 0.00 0.00 0.00 55.87
411 99.46 0.00 0.00 0.00 0.00 0.00 0.00 0.00 0.00 0.54
412 92.35 0.00 0.77 0.26 0.00 0.00 0.00 0.00 0.00 6.63
413 30.00 0.00 0.00 0.75 0.00 0.00 0.00 0.00 0.00 69.25
414 24.81 0.00 0.25 1.77 0.00 0.00 0.00 0.00 0.00 73.16
415 31.74 0.00 0.25 0.00 0.00 0.00 0.00 0.00 0.00 68.01
416 56.52 0.00 0.00 1.90 0.00 0.00 0.27 0.00 0.00 41.30
417 25.51 0.00 0.26 0.51 0.00 0.00 0.00 0.00 0.00 73.72
418 0.50 0.00 0.50 1.25 0.00 0.00 0.00 0.00 0.00 97.74
419 0.50 0.00 0.25 1.25 0.00 0.00 0.00 0.00 0.00 98.00
420 0.25 0.00 0.25 3.27 0.00 0.00 0.00 0.00 0.00 96.23
421 1.25 0.00 0.25 7.77 0.00 0.00 0.00 0.00 0.00 90.73
422 0.25 0.00 0.50 10.75 0.00 0.00 0.00 0.00 0.00 88.50
423 0.00 0.00 0.00 20.10 0.00 0.00 0.00 0.00 0.00 79.90
424 0.25 0.00 0.25 10.25 0.00 0.00 0.00 0.00 0.00 89.25
425 0.00 0.00 0.00 19.35 0.00 0.00 0.00 0.00 0.00 80.65
426 0.00 0.00 0.25 3.01 0.00 0.00 0.00 0.00 0.00 96.74
427 0.50 0.00 0.00 5.03 0.00 0.00 0.00 0.00 0.00 94.47
428 0.50 0.00 0.25 1.50 0.00 0.00 0.00 0.00 0.00 97.74
429 0.50 0.00 0.25 0.25 0.00 0.00 0.00 0.00 0.00 99.00
430 0.50 0.00 0.25 1.50 0.00 0.00 0.00 0.00 0.00 97.75
431 0.00 0.00 0.00 0.25 0.00 0.00 0.00 0.00 0.00 99.75
432 0.25 0.00 0.50 1.75 0.00 0.00 0.00 0.00 0.00 97.50
433 0.25 0.00 0.00 0.76 0.00 0.00 0.00 0.00 0.00 98.99
434 0.00 0.00 0.25 2.03 0.00 0.00 0.00 0.00 0.00 97.72
435 0.50 0.00 0.25 0.50 0.00 0.00 0.00 0.00 0.00 98.75
436 0.00 0.00 0.25 1.26 0.00 0.00 0.00 0.00 0.00 98.49
437 0.00 0.00 0.50 1.75 0.00 0.00 0.00 0.00 0.00 97.75
438 0.50 0.00 1.00 1.25 0.00 0.00 0.00 0.00 0.00 97.24
439 0.00 0.00 0.00 1.51 0.00 0.00 0.00 0.00 0.00 98.49
440 0.00 0.00 0.50 1.50 0.00 0.00 0.00 0.00 0.00 97.99
441 0.25 0.00 0.50 2.00 0.00 0.00 0.00 0.00 0.00 97.26
442 0.75 0.00 0.25 2.75 0.00 0.00 0.00 0.00 0.00 96.25
443 0.25 0.00 0.25 2.26 0.00 0.00 0.00 0.00 0.00 97.24
444 0.25 0.00 0.50 1.75 0.00 0.00 0.00 0.00 0.00 97.49
445 0.00 0.00 0.25 1.50 0.00 0.00 0.00 0.00 0.00 98.25
446 0.25 0.00 0.25 1.50 0.00 0.00 0.00 0.00 0.00 97.99
447 0.25 0.00 0.25 0.50 0.00 0.00 0.00 0.00 0.00 99.00
448 0.25 0.00 0.00 1.51 0.00 0.00 0.00 0.00 0.00 98.24
449 0.25 0.00 0.25 2.51 0.00 0.00 0.00 0.00 0.00 96.99
450 0.50 0.00 0.25 1.75 0.00 0.00 0.00 0.00 0.00 97.50
451 0.25 0.00 0.25 1.75 0.00 0.00 0.00 0.00 0.00 97.74
452 0.25 0.00 0.25 1.00 0.00 0.00 0.00 0.00 0.00 98.50
453 0.50 0.00 0.25 2.00 0.00 0.00 0.00 0.00 0.00 97.25
454 0.25 0.00 0.25 1.00 0.00 0.00 0.00 0.00 0.00 98.50
455 0.25 0.00 0.00 0.75 0.00 0.00 0.00 0.00 0.00 98.99
456 0.25 0.00 0.25 0.50 0.00 0.00 0.00 0.00 0.00 99.00
457 0.25 0.00 0.25 1.75 0.00 0.00 0.00 0.00 0.00 97.74
458 0.00 0.00 0.25 1.00 0.00 0.00 0.00 0.00 0.00 98.75
459 0.00 0.00 0.00 1.01 0.00 0.00 0.00 0.00 0.00 98.99
460 0.50 0.00 0.00 0.50 0.00 0.00 0.00 0.00 0.00 99.00
461 0.00 0.00 0.25 2.01 0.00 0.00 0.00 0.00 0.00 97.74
462 0.25 0.00 0.00 1.25 0.00 0.00 0.00 0.00 0.00 98.50
463 0.25 0.00 0.00 0.50 0.00 0.00 0.00 0.00 0.00 99.24
464 0.25 0.00 0.25 2.01 0.00 0.00 0.00 0.00 0.00 97.49
465 0.25 0.00 0.00 11.53 0.00 0.00 0.00 0.00 0.00 88.22
466 0.25 0.00 0.50 5.49 0.00 0.00 0.00 0.00 0.00 93.77
467 0.00 0.00 0.00 22.17 0.00 0.00 0.00 0.00 0.00 77.83
468 0.25 0.00 0.00 10.80 0.00 0.00 0.00 0.00 0.00 88.94
469 0.00 0.00 0.25 17.54 0.00 0.00 0.00 0.00 0.00 82.21
470 0.50 0.00 0.00 12.50 0.00 0.00 0.00 0.00 0.00 87.00
471 0.25 0.00 0.25 4.26 0.00 0.00 0.00 0.00 0.00 95.24
472 0.00 0.00 0.00 2.26 0.00 0.00 0.00 0.00 0.00 97.74
473 0.50 0.00 0.25 1.25 0.00 0.00 0.00 0.00 0.00 98.00
474 0.00 0.00 0.00 2.01 0.00 0.00 0.00 0.00 0.00 97.99
475 0.25 0.00 0.00 1.75 0.00 0.00 0.00 0.00 0.00 97.99
476 0.25 0.00 0.00 1.25 0.00 0.00 0.00 0.00 0.00 98.50
477 0.25 0.00 0.25 3.01 0.00 0.00 0.00 0.00 0.00 96.49
478 0.25 0.00 0.25 1.00 0.00 0.00 0.00 0.00 0.00 98.50
479 0.25 0.00 0.25 2.00 0.00 0.00 0.00 0.00 0.00 97.50
480 1.50 0.00 0.50 12.50 0.00 0.00 0.00 0.00 0.00 85.50
481 0.25 0.00 0.00 2.26 0.00 0.00 0.00 0.00 0.00 97.49
482 0.25 0.00 0.25 1.75 0.00 0.00 0.00 0.00 0.00 97.75
483 0.50 0.00 0.25 5.50 0.00 0.00 0.00 0.00 0.00 93.75
484 0.00 0.00 0.25 1.01 0.00 0.00 0.00 0.00 0.00 98.74
485 0.50 0.00 0.25 1.50 0.00 0.00 0.00 0.00 0.00 97.74
486 0.25 0.00 0.25 1.50 0.00 0.00 0.00 0.00 0.00 98.00
487 0.25 0.00 0.25 2.76 0.00 0.00 0.00 0.00 0.00 96.74
488 0.00 0.00 0.25 0.50 0.00 0.00 0.00 0.00 0.00 99.25
489 0.00 0.00 0.25 2.26 0.00 0.00 0.00 0.00 0.00 97.49
490 0.00 0.00 0.25 1.00 0.00 0.00 0.00 0.00 0.00 98.75
491 0.25 0.00 0.50 1.25 0.00 0.00 0.00 0.00 0.00 98.00
492 0.25 0.00 0.00 1.00 0.00 0.00 0.00 0.00 0.00 98.75
493 0.75 0.00 0.50 0.75 0.00 0.00 0.00 0.00 0.00 98.01
494 0.00 0.00 0.25 1.26 0.00 0.00 0.00 0.00 0.00 98.49
495 0.25 0.00 0.25 2.25 0.00 0.00 0.00 0.00 0.00 97.25
496 0.25 0.00 0.25 0.75 0.00 0.00 0.00 0.00 0.00 98.75
497 0.25 0.00 0.00 1.25 0.00 0.00 0.00 0.00 0.00 98.50
498 0.75 0.00 0.75 1.00 0.00 0.00 0.25 0.00 0.00 97.26
499 0.25 0.00 0.25 1.00 0.00 0.00 0.00 0.00 0.00 98.50
500 0.00 0.00 0.00 0.75 0.00 0.00 0.00 0.00 0.00 99.25
501 0.00 0.00 0.25 1.00 0.00 0.00 0.00 0.00 0.00 98.75
502 0.50 0.00 0.25 0.75 0.00 0.00 0.00 0.00 0.00 98.50
503 0.25 0.00 0.25 1.01 0.00 0.00 0.00 0.00 0.00 98.49
504 0.25 0.00 0.25 0.50 0.00 0.00 0.00 0.00 0.00 99.00
505 0.00 0.00 0.00 0.76 0.00 0.00 0.00 0.00 0.00 99.24
506 0.00 0.00 0.25 1.01 0.00 0.00 0.00 0.00 0.00 98.74
507 0.25 0.00 0.00 1.50 0.00 0.00 0.00 0.00 0.00 98.25
508 0.00 0.00 0.25 0.76 0.00 0.00 0.00 0.00 0.00 98.99
509 0.25 0.00 0.00 2.01 0.00 0.00 0.00 0.00 0.00 97.74
510 0.25 0.00 0.00 1.25 0.00 0.00 0.00 0.00 0.00 98.50
511 0.25 0.00 0.25 0.50 0.00 0.00 0.00 0.00 0.00 99.00
512 0.00 0.00 0.25 3.27 0.00 0.00 0.00 0.00 0.00 96.48
513 0.25 0.00 0.00 1.25 0.00 0.00 0.00 0.00 0.00 98.50
514 0.00 0.00 0.25 0.75 0.00 0.00 0.00 0.00 0.00 99.00
515 0.50 0.00 0.25 1.25 0.00 0.00 0.00 0.00 0.00 98.00
516 0.25 0.00 0.50 0.00 0.00 0.00 0.00 0.00 0.00 99.25
517 0.00 0.00 0.00 1.51 0.00 0.00 0.00 0.00 0.00 98.49
518 0.50 0.00 0.25 1.00 0.00 0.00 0.00 0.00 0.00 98.25
519 0.00 0.00 0.25 1.26 0.00 0.00 0.00 0.00 0.00 98.49
520 0.00 0.00 0.00 0.50 0.00 0.00 0.00 0.00 0.00 99.50
521 0.25 0.00 0.25 1.25 0.00 0.00 0.00 0.00 0.00 98.25
522 0.25 0.00 0.00 0.50 0.00 0.00 0.00 0.00 0.00 99.25
523 0.00 0.00 0.25 1.01 0.00 0.00 0.00 0.00 0.00 98.74
524 0.75 0.00 0.00 0.75 0.00 0.00 0.00 0.00 0.00 98.50
525 0.25 0.00 0.25 1.00 0.00 0.00 0.00 0.00 0.00 98.50
526 0.25 0.00 0.00 0.75 0.00 0.00 0.00 0.00 0.00 98.99
527 0.50 0.00 0.25 0.50 0.00 0.00 0.00 0.00 0.00 98.75
528 0.25 0.00 0.00 0.50 0.00 0.00 0.00 0.00 0.00 99.25
529 0.00 0.00 0.00 1.00 0.00 0.00 0.00 0.00 0.00 99.00
530 0.00 0.00 0.50 0.75 0.00 0.00 0.00 0.00 0.00 98.75
531 0.25 0.00 0.00 1.25 0.00 0.00 0.00 0.00 0.00 98.50
532 0.50 0.00 0.00 2.76 0.00 0.00 0.00 0.00 0.00 96.74
533 0.25 0.00 0.50 6.48 0.00 0.00 0.00 0.00 0.00 92.77
534 0.00 0.00 0.00 7.27 0.00 0.00 0.00 0.00 0.00 92.73
535 0.00 0.00 0.00 5.29 0.00 0.00 0.00 0.00 0.00 94.71
536 0.25 0.00 0.25 14.50 0.00 0.00 0.00 0.00 0.00 85.00
537 0.25 0.00 0.25 5.99 0.00 0.00 0.00 0.00 0.00 93.52
538 0.00 0.00 0.25 4.27 0.00 0.00 0.00 0.00 0.00 95.48
539 0.00 0.00 0.00 8.54 0.00 0.00 0.00 0.00 0.00 91.46
540 0.00 0.00 0.25 8.52 0.00 0.00 0.00 0.00 0.00 91.23
541 0.00 0.00 0.50 1.50 0.00 0.00 0.00 0.00 0.00 98.00
542 0.75 0.00 0.00 0.25 0.00 0.00 0.00 0.00 0.00 99.00
543 0.25 0.00 0.25 2.25 0.00 0.00 0.00 0.00 0.00 97.25
544 0.00 0.00 0.25 1.00 0.00 0.00 0.00 0.00 0.00 98.75
545 0.25 0.00 0.50 1.75 0.00 0.00 0.00 0.00 0.00 97.51
546 0.00 0.00 0.25 1.00 0.00 0.00 0.00 0.00 0.00 98.75
547 0.25 0.00 0.00 1.51 0.00 0.00 0.00 0.00 0.00 98.24
548 0.50 0.00 0.50 1.25 0.00 0.00 0.00 0.00 0.00 97.76
549 0.25 0.00 0.25 1.25 0.00 0.00 0.00 0.00 0.00 98.25
550 0.25 0.00 0.25 0.75 0.00 0.00 0.00 0.00 0.00 98.74
551 0.25 0.00 0.00 1.00 0.00 0.00 0.00 0.00 0.00 98.75
552 0.25 0.00 0.25 0.50 0.00 0.00 0.00 0.00 0.00 99.00
553 0.25 0.00 0.25 1.25 0.00 0.00 0.00 0.00 0.00 98.25
554 0.25 0.00 0.50 1.00 0.00 0.00 0.00 0.00 0.00 98.25
555 0.25 0.00 0.25 1.75 0.00 0.00 0.00 0.00 0.00 97.76
556 0.00 0.00 0.00 1.26 0.00 0.00 0.00 0.00 0.00 98.74
557 0.25 0.00 0.25 3.49 0.00 0.00 0.00 0.00 0.00 96.01
558 0.50 0.00 0.50 1.50 0.00 0.00 0.00 0.00 0.00 97.49
559 0.25 0.00 0.00 1.50 0.00 0.00 0.25 0.00 0.00 97.99
560 0.00 0.00 0.25 0.75 0.00 0.00 0.00 0.00 0.00 99.00
561 0.25 0.00 0.25 1.75 0.00 0.00 0.00 0.00 0.00 97.76
562 0.25 0.00 0.00 1.01 0.00 0.00 0.00 0.00 0.00 98.74
563 0.25 0.00 0.25 1.75 0.00 0.00 0.00 0.00 0.00 97.75
564 0.00 0.00 0.00 1.51 0.00 0.00 0.00 0.00 0.00 98.49
565 0.25 0.00 0.25 1.25 0.00 0.00 0.00 0.00 0.00 98.25
566 0.00 0.00 0.00 1.26 0.00 0.00 0.00 0.00 0.00 98.74
567 0.00 0.00 0.25 0.50 0.00 0.00 0.00 0.00 0.00 99.25
568 0.25 0.00 0.25 1.00 0.00 0.00 0.00 0.00 0.00 98.50
569 0.25 0.00 0.00 1.26 0.00 0.00 0.00 0.00 0.00 98.49
570 0.00 0.00 0.25 1.00 0.00 0.00 0.00 0.00 0.00 98.75
571 0.25 0.00 0.25 0.75 0.00 0.00 0.00 0.00 0.00 98.75
572 0.00 0.00 0.25 2.01 0.00 0.00 0.00 0.00 0.00 97.74
573 0.25 0.00 0.25 1.25 0.00 0.00 0.00 0.00 0.00 98.25
574 0.25 0.00 0.25 9.77 0.00 0.00 0.00 0.00 0.00 89.72
575 0.00 0.00 0.00 5.76 0.00 0.00 0.00 0.00 0.00 94.24
576 0.25 0.00 0.00 8.79 0.00 0.00 0.00 0.00 0.00 90.95
577 0.25 0.00 0.25 8.98 0.00 0.00 0.00 0.00 0.00 90.52
578 0.00 0.00 0.00 7.56 0.00 0.00 0.00 0.00 0.00 92.44
579 0.50 0.00 0.00 20.70 0.00 0.00 0.00 0.00 0.00 78.80
580 0.00 0.00 0.00 9.57 0.00 0.00 0.00 0.00 0.00 90.43
581 0.00 0.00 0.25 4.76 0.00 0.00 0.00 0.00 0.00 94.99
582 0.00 0.00 0.00 1.76 0.00 0.00 0.00 0.00 0.00 98.24
583 0.50 0.00 0.25 1.50 0.00 0.00 0.00 0.00 0.00 97.75
584 0.00 0.00 0.25 2.76 0.00 0.00 0.00 0.00 0.00 96.98
585 0.25 0.00 0.00 0.75 0.00 0.00 0.00 0.00 0.00 99.00
586 0.25 0.00 0.00 2.01 0.00 0.00 0.00 0.00 0.00 97.74
587 0.50 0.00 0.25 2.01 0.00 0.00 0.00 0.00 0.00 97.24
588 0.50 0.00 0.25 1.50 0.00 0.00 0.00 0.00 0.00 97.75
589 0.00 0.00 0.00 1.01 0.00 0.00 0.00 0.00 0.00 98.99
590 0.00 0.00 0.00 2.02 0.00 0.00 0.00 0.00 0.00 97.98
591 0.25 0.00 0.00 1.00 0.00 0.00 0.00 0.00 0.00 98.75
592 0.00 0.00 0.50 1.25 0.00 0.00 0.00 0.00 0.00 98.25
593 0.25 0.00 0.00 1.00 0.00 0.00 0.00 0.00 0.00 98.75
594 0.25 0.00 0.00 0.75 0.00 0.00 0.00 0.00 0.00 99.00
595 0.25 0.00 0.25 0.25 0.00 0.00 0.00 0.00 0.00 99.25
596 0.00 0.00 0.00 1.01 0.00 0.00 0.00 0.00 0.00 98.99
597 0.00 0.00 0.25 0.50 0.00 0.00 0.00 0.00 0.00 99.25
598 0.25 0.00 0.25 1.25 0.00 0.00 0.00 0.00 0.00 98.25
599 0.25 0.00 0.50 0.25 0.00 0.00 0.00 0.00 0.00 99.00
600 0.00 0.00 0.25 0.75 0.00 0.00 0.00 0.00 0.00 99.00
601 0.00 0.00 0.00 0.50 0.00 0.00 0.00 0.00 0.00 99.50
602 0.50 0.00 0.00 0.75 0.00 0.00 0.00 0.00 0.00 98.75
603 0.00 0.00 0.25 1.01 0.00 0.00 0.00 0.00 0.00 98.74
604 0.00 0.00 0.25 1.25 0.00 0.00 0.00 0.00 0.00 98.50
605 0.00 0.00 0.00 0.50 0.00 0.00 0.00 0.00 0.00 99.50
606 0.00 0.00 0.25 2.51 0.00 0.00 0.00 0.00 0.00 97.24
607 0.25 0.00 0.25 0.75 0.00 0.00 0.00 0.00 0.00 98.75
608 0.25 0.00 0.25 1.25 0.00 0.00 0.00 0.00 0.00 98.25
609 0.00 0.00 0.25 0.75 0.00 0.00 0.00 0.00 0.00 98.99
610 0.50 0.00 0.50 0.75 0.00 0.00 0.00 0.00 0.00 98.26
611 0.25 0.00 0.00 2.51 0.00 0.00 0.00 0.00 0.00 97.24
612 0.00 0.00 0.25 3.02 0.00 0.00 0.00 0.00 0.00 96.73
613 0.00 0.00 0.25 0.76 0.00 0.00 0.00 0.00 0.00 98.99
614 0.25 0.00 0.50 1.49 0.00 0.25 0.00 0.00 0.00 97.51
615 0.00 0.00 0.25 0.75 0.00 0.00 0.00 0.00 0.00 98.99
616 0.25 0.00 0.25 1.50 0.00 0.00 0.00 0.00 0.00 98.00
617 1.75 0.00 0.00 7.00 0.00 0.00 0.00 0.00 0.00 91.25
618 0.00 0.00 1.01 1.76 0.00 0.00 0.00 0.00 0.00 97.24
619 0.00 0.00 0.25 1.01 0.00 0.00 0.00 0.00 0.00 98.74
620 0.25 0.00 0.25 1.75 0.00 0.00 0.00 0.00 0.00 97.75
621 0.25 0.00 0.25 0.75 0.00 0.00 0.00 0.00 0.00 98.75
622 0.50 0.00 0.00 2.01 0.00 0.00 0.00 0.00 0.00 97.49
623 0.25 0.00 0.00 0.50 0.00 0.00 0.00 0.00 0.00 99.25
624 0.25 0.00 0.25 1.25 0.00 0.00 0.00 0.00 0.00 98.25
625 0.00 0.00 0.50 1.00 0.00 0.00 0.00 0.00 0.00 98.50
626 0.25 0.00 0.00 1.00 0.00 0.00 0.00 0.00 0.00 98.75
627 0.25 0.00 0.00 0.50 0.00 0.00 0.00 0.00 0.00 99.25
628 0.00 0.00 0.25 1.26 0.00 0.00 0.00 0.00 0.00 98.49
629 0.50 0.00 0.25 0.25 0.00 0.00 0.00 0.00 0.00 99.00
630 0.25 0.00 0.25 1.25 0.00 0.00 0.00 0.00 0.00 98.25
631 0.00 0.00 0.00 1.01 0.00 0.00 0.00 0.00 0.00 98.99
632 0.00 0.00 0.25 1.25 0.00 0.00 0.00 0.00 0.00 98.50
633 0.25 0.00 0.00 0.50 0.00 0.00 0.00 0.00 0.00 99.25
634 0.00 0.00 0.00 0.50 0.00 0.00 0.00 0.00 0.00 99.50
635 0.25 0.00 0.00 1.25 0.00 0.00 0.00 0.00 0.00 98.50
636 0.00 0.00 0.00 2.01 0.00 0.00 0.00 0.00 0.00 97.99
637 0.00 0.00 0.25 0.50 0.00 0.00 0.00 0.00 0.00 99.25
638 0.00 0.00 0.50 0.75 0.00 0.00 0.00 0.00 0.00 98.74
639 0.00 0.00 0.00 0.25 0.00 0.00 0.00 0.00 0.00 99.75
640 0.25 0.00 0.25 1.25 0.00 0.00 0.00 0.00 0.00 98.25
641 0.00 0.00 0.00 0.25 0.00 0.00 0.00 0.00 0.00 99.75
642 0.00 0.00 0.00 1.26 0.00 0.00 0.00 0.00 0.00 98.74
643 0.75 0.00 0.00 1.25 0.00 0.00 0.00 0.00 0.00 97.99
644 0.25 0.00 0.25 1.75 0.00 0.00 0.00 0.00 0.00 97.75
645 0.00 0.00 0.00 3.27 0.00 0.00 0.00 0.00 0.00 96.73
646 0.00 0.00 0.00 5.03 0.00 0.00 0.00 0.00 0.00 94.97
647 0.00 0.00 0.00 8.04 0.00 0.00 0.00 0.00 0.00 91.96
648 0.50 0.00 0.25 2.00 0.00 0.00 0.00 0.00 0.00 97.26
649 0.00 0.00 0.00 5.01 0.00 0.00 0.00 0.00 0.00 94.99
650 0.00 0.00 0.25 10.05 0.00 0.00 0.00 0.00 0.00 89.70
651 0.25 0.00 0.25 2.51 0.00 0.00 0.00 0.00 0.00 96.99
652 0.25 0.00 0.00 7.23 0.00 0.00 0.25 0.00 0.00 92.27
653 0.25 0.00 0.25 5.26 0.00 0.00 0.00 0.00 0.00 94.24
654 0.25 0.00 0.25 6.53 0.00 0.00 0.00 0.00 0.00 92.96
655 0.25 0.00 0.00 0.25 0.00 0.00 0.00 0.00 0.00 99.50
656 0.25 0.00 0.25 1.75 0.00 0.00 0.00 0.00 0.00 97.75
657 0.25 0.00 0.25 0.50 0.00 0.00 0.00 0.00 0.00 99.00
658 0.25 0.00 0.25 1.00 0.00 0.00 0.00 0.00 0.00 98.50
659 0.75 0.00 0.25 1.00 0.00 0.00 0.00 0.00 0.00 98.00
660 0.25 0.00 0.00 0.75 0.00 0.00 0.00 0.00 0.00 99.00
661 0.25 0.00 0.25 0.50 0.00 0.00 0.00 0.00 0.00 99.00
662 0.75 0.00 0.50 2.76 0.00 0.00 0.00 0.00 0.00 95.99
663 1.27 0.00 5.57 1.77 0.00 0.25 0.00 0.00 0.00 91.14
664 1.45 0.00 6.02 52.53 0.00 0.96 0.00 0.00 0.00 39.04
665 1.40 0.00 6.16 45.10 0.00 0.00 0.00 0.00 0.00 47.34
666 3.08 0.00 5.91 25.71 0.00 0.00 0.00 0.00 0.00 65.30
667 6.37 0.00 12.74 8.59 0.00 0.00 0.00 0.00 0.00 72.30
668 4.94 0.00 9.59 31.10 0.00 0.00 0.00 0.00 0.00 54.36
669 6.52 0.00 12.77 3.80 0.00 0.00 0.00 0.00 0.00 76.90
670 1.91 0.00 3.50 4.14 0.00 0.00 0.32 0.00 0.00 90.13
671 7.43 0.00 13.79 3.45 0.00 0.00 0.00 0.00 0.00 75.33
672 8.03 0.00 15.03 2.33 0.00 0.00 0.00 0.00 0.00 74.61
673 8.81 0.00 14.51 8.55 0.00 0.00 0.00 0.00 0.00 68.13
674 10.15 0.00 10.41 8.63 0.00 0.00 0.00 0.00 0.00 70.81
675 0.00 0.00 0.25 1.25 0.00 0.00 0.00 0.00 0.00 98.50
676 0.25 0.00 0.00 0.75 0.00 0.00 0.00 0.00 0.00 99.00
677 0.00 0.00 0.50 1.00 0.00 0.00 0.00 0.00 0.00 98.50
678 1.51 0.00 0.50 51.26 0.00 0.00 0.25 0.00 0.00 46.48
679 1.00 0.00 0.50 14.25 0.00 0.00 0.00 0.00 0.00 84.25
680 0.50 0.00 0.00 3.50 0.00 0.00 0.00 0.00 0.00 96.00
681 0.00 0.00 0.50 1.00 0.00 0.00 0.00 0.00 0.00 98.50
682 0.25 0.00 0.25 0.25 0.00 0.00 0.00 0.00 0.00 99.25
683 0.00 0.00 0.00 1.76 0.00 0.00 0.00 0.00 0.00 98.24
684 0.25 0.00 0.25 2.00 0.00 0.00 0.00 0.00 0.00 97.50
685 0.00 0.00 0.50 2.51 0.00 0.00 0.00 0.00 0.00 96.99
686 0.25 0.00 0.25 0.25 0.00 0.00 0.00 0.00 0.00 99.25
687 0.00 0.00 0.25 1.25 0.00 0.00 0.00 0.00 0.00 98.50
688 0.50 0.00 0.00 0.00 0.00 0.00 0.00 0.00 0.00 99.50
689 1.51 0.00 0.75 3.27 0.00 0.25 0.00 0.00 0.00 94.22
690 0.25 0.00 0.25 0.50 0.00 0.00 0.00 0.00 0.00 99.00
691 2.30 0.00 1.02 10.74 0.00 0.00 0.00 0.00 0.00 85.93
692 4.55 0.00 0.80 15.24 0.00 0.00 0.00 0.00 0.00 79.41
693 6.13 0.00 1.33 13.60 0.00 0.00 0.00 0.00 0.00 78.93
694 10.32 0.00 0.26 10.32 0.00 0.00 0.00 0.00 0.00 79.10
695 4.13 0.00 1.03 34.88 0.00 0.00 0.00 0.00 0.00 59.95
696 0.51 0.00 3.08 43.44 0.00 0.00 0.00 0.00 0.00 52.96
697 8.27 0.00 2.67 34.93 0.00 0.00 0.27 0.00 0.00 53.87
698 13.74 0.00 1.75 13.74 0.00 0.00 0.29 0.00 0.00 70.47
699 13.83 0.00 0.29 0.86 0.00 0.00 0.00 0.00 0.00 85.01
700 9.67 0.00 0.30 0.30 0.00 0.00 0.00 0.00 0.00 89.73
701 8.64 0.00 0.31 1.23 0.00 0.00 0.00 0.00 0.00 89.81
702 17.98 0.00 0.00 1.69 0.00 0.00 0.28 0.00 0.00 80.06
703 13.11 0.00 0.57 3.42 0.00 0.00 0.00 0.00 0.00 82.91
704 5.26 0.00 0.00 0.75 0.00 0.00 0.00 0.00 0.00 93.98
705 0.25 0.00 0.00 2.51 0.00 0.00 0.00 0.00 0.00 97.24
706 0.00 0.00 0.50 0.75 0.00 0.00 0.00 0.00 0.00 98.75
707 0.25 0.00 0.00 1.26 0.00 0.00 0.00 0.00 0.00 98.49
708 0.00 0.00 0.25 0.75 0.00 0.00 0.00 0.00 0.00 99.00
709 0.50 0.00 0.00 1.26 0.00 0.00 0.00 0.00 0.00 98.24
710 0.25 0.00 0.00 0.25 0.00 0.00 0.00 0.00 0.00 99.50
711 0.00 0.00 0.25 1.01 0.00 0.00 0.25 0.00 0.00 98.49
712 0.25 0.00 0.00 0.50 0.00 0.00 0.00 0.00 0.00 99.25
713 0.00 0.00 0.00 0.51 0.00 0.00 0.00 0.00 0.00 99.49
714 0.00 0.00 0.25 0.00 0.00 0.00 0.00 0.00 0.00 99.75
715 0.25 0.00 0.25 0.50 0.00 0.00 0.00 0.00 0.00 99.00
716 0.25 0.00 0.00 1.01 0.00 0.00 0.00 0.00 0.00 98.74
717 0.00 0.00 0.00 0.75 0.00 0.00 0.00 0.00 0.00 99.25
718 0.25 0.00 0.25 0.50 0.00 0.00 0.00 0.00 0.00 98.99
719 0.00 0.00 0.25 3.02 0.00 0.00 0.00 0.00 0.00 96.73
720 0.25 0.00 0.00 2.01 0.00 0.00 0.25 0.00 0.00 97.49
721 0.25 0.00 0.00 1.25 0.00 0.00 0.00 0.00 0.00 98.50
722 0.25 0.00 0.25 0.25 0.00 0.00 0.00 0.00 0.00 99.25
723 0.25 0.00 0.25 3.26 0.00 0.00 0.00 0.00 0.00 96.24
724 0.00 0.00 0.25 3.27 0.00 0.00 0.00 0.00 0.00 96.48
725 0.25 0.00 0.25 12.25 0.00 0.00 0.00 0.00 0.00 87.25
726 0.25 0.00 0.00 8.02 0.00 0.00 0.00 0.00 0.00 91.73
727 0.00 0.00 0.00 7.79 0.00 0.00 0.00 0.00 0.00 92.21
728 0.50 0.00 0.50 2.00 0.00 0.00 0.00 0.00 0.00 97.01
729 0.00 0.00 0.00 6.03 0.00 0.00 0.00 0.00 0.00 93.97
730 0.25 0.00 0.25 0.50 0.00 0.00 0.00 0.00 0.00 99.00
731 0.00 0.00 0.25 5.01 0.00 0.00 0.00 0.00 0.00 94.74
732 0.25 0.00 0.25 12.00 0.00 0.00 0.00 0.00 0.00 87.50
733 0.00 0.00 0.25 3.77 0.00 0.00 0.00 0.00 0.00 95.98
734 0.25 0.00 0.00 1.26 0.00 0.00 0.00 0.00 0.00 98.49
735 0.25 0.00 0.25 1.75 0.00 0.00 0.00 0.00 0.00 97.74
736 0.00 0.00 0.00 0.25 0.00 0.00 0.00 0.00 0.00 99.75
737 9.57 0.00 0.76 3.27 0.00 0.00 0.00 0.00 0.00 86.40
738 18.68 0.00 0.27 1.92 0.00 0.00 0.00 0.00 0.00 79.12
739 10.18 0.00 0.30 0.00 0.00 0.00 0.00 0.00 0.00 89.52
740 14.69 0.00 0.56 0.28 0.00 0.00 0.28 0.00 0.00 84.18
741 31.91 0.00 0.00 0.00 0.00 0.00 0.00 0.00 0.00 68.09
742 12.83 0.00 0.58 0.58 0.00 0.00 0.00 0.00 0.00 86.01
743 16.57 0.00 0.00 1.40 0.00 0.00 0.00 0.00 0.00 82.02
744 52.74 0.00 0.58 8.36 0.00 0.00 0.00 0.00 0.00 38.33
745 29.03 0.00 0.81 13.44 0.00 0.00 0.27 0.00 0.00 56.45
746 0.00 0.00 0.25 0.75 0.00 0.00 0.00 0.00 0.00 98.99
747 0.50 0.00 0.00 1.00 0.00 0.00 0.00 0.00 0.00 98.50
748 0.25 0.00 0.25 1.01 0.00 0.00 0.00 0.00 0.00 98.49
749 0.25 0.00 0.00 2.76 0.00 0.00 0.00 0.00 0.00 96.99
750 0.00 0.00 0.00 1.76 0.00 0.00 0.00 0.00 0.00 98.24
751 0.25 0.00 0.00 1.51 0.00 0.00 0.00 0.00 0.00 98.24
752 0.76 0.00 0.25 0.76 0.00 0.00 0.00 0.00 0.00 98.24
753 19.58 0.00 1.32 14.29 0.00 0.26 0.00 0.00 0.00 64.55
754 9.77 0.00 0.26 69.15 0.00 0.00 0.00 0.00 0.00 20.82
755 0.51 0.00 0.51 72.41 0.00 0.00 0.00 0.00 0.00 26.58
756 3.01 0.00 1.25 50.88 0.00 0.25 0.00 0.00 0.00 44.61
757 14.68 0.00 0.51 14.94 0.00 0.00 0.00 0.00 0.00 69.87
758 10.15 0.00 1.52 27.16 0.00 0.00 0.00 0.00 0.00 61.17
759 13.96 0.00 1.78 30.20 0.00 0.00 0.00 0.00 0.00 54.06
760 27.53 0.00 0.76 51.77 0.00 0.00 0.00 0.00 0.00 19.95
761 47.21 0.00 1.02 4.82 0.00 0.00 0.00 0.00 0.00 46.95
762 46.07 0.00 0.26 5.76 0.00 0.00 0.00 0.00 0.00 47.91
763 46.25 0.00 0.52 14.99 0.00 0.00 0.00 0.00 0.00 38.24
764 47.42 0.00 0.00 12.37 0.00 0.00 0.00 0.00 0.00 40.21
765 14.69 0.00 0.28 32.20 0.00 0.00 0.00 0.00 0.00 52.82
766 1.27 0.00 1.02 52.16 0.00 0.00 0.25 0.00 0.00 45.29
767 1.53 0.00 1.02 71.10 0.00 0.00 0.00 0.00 0.00 26.34
768 3.38 0.00 0.78 88.31 0.00 0.00 0.00 0.00 0.00 7.53
769 2.27 0.00 1.51 77.33 0.00 0.00 0.00 0.00 0.00 18.89
770 3.21 0.00 3.21 71.93 0.00 0.27 0.00 0.00 0.00 21.39
771 22.54 0.00 4.66 36.53 0.00 0.26 0.00 0.00 0.00 36.01
772 23.92 0.00 1.02 38.42 0.00 0.00 0.00 0.00 0.00 36.64
773 4.15 0.00 0.78 79.02 0.00 0.00 0.00 0.00 0.00 16.06
774 12.41 0.00 1.27 41.52 0.00 0.00 0.25 0.00 0.00 44.56
775 0.50 0.00 0.50 24.50 0.00 0.25 0.00 0.00 0.00 74.25
776 0.25 0.00 0.50 27.89 0.00 0.00 0.00 0.00 0.00 71.36
777 0.25 0.00 0.50 24.56 0.00 0.00 0.00 0.00 0.00 74.69
778 0.25 0.00 0.50 24.56 0.00 0.00 0.00 0.00 0.00 74.69
779 0.25 0.00 0.50 24.56 0.00 0.00 0.00 0.00 0.00 74.69
780 0.00 0.00 0.25 24.49 0.00 0.00 0.00 0.00 0.00 75.25
781 20.20 0.00 1.01 14.39 0.00 0.00 0.00 0.00 0.00 64.39
782 66.16 0.00 0.25 0.76 0.00 0.00 0.00 0.00 0.00 32.83
783 69.23 0.00 1.65 21.70 0.00 0.00 0.00 0.00 0.00 7.42
784 71.17 0.00 1.53 9.95 0.00 0.00 0.00 0.00 0.00 17.35
785 32.66 0.00 0.76 27.09 0.00 0.00 0.00 0.00 0.00 39.49
786 0.25 0.00 0.50 31.41 0.00 0.00 0.00 0.00 0.00 67.84
787 0.50 0.00 0.00 22.36 0.00 0.00 0.00 0.00 0.00 77.14
788 0.50 0.00 0.25 25.44 0.00 0.00 0.00 0.00 0.00 73.80
789 0.00 0.00 0.25 26.88 0.00 0.00 0.00 0.00 0.00 72.86
790 1.25 0.00 0.00 24.31 0.00 0.00 0.00 0.00 0.00 74.44
791 0.00 0.00 0.50 26.32 0.00 0.00 0.00 0.00 0.00 73.18
792 0.00 0.00 0.25 24.87 0.00 0.00 0.00 0.00 0.00 74.87
793 0.50 0.00 0.50 46.62 0.00 0.00 0.00 0.00 0.00 52.38
794 0.25 0.00 0.25 29.90 0.00 0.00 0.00 0.00 0.00 69.60
795 0.25 0.00 0.00 32.41 0.00 0.00 0.25 0.00 0.00 67.09
796 0.00 0.00 0.00 1.26 0.00 0.00 0.00 0.00 0.00 98.74
797 0.25 0.00 0.25 2.26 0.00 0.00 0.00 0.00 0.00 97.24
798 20.16 0.00 3.36 18.86 0.00 0.00 0.00 0.00 0.00 57.62
799 95.97 0.00 0.81 2.42 0.00 0.00 0.00 0.00 0.00 0.81
800 2.05 0.00 3.59 72.82 0.00 0.00 0.00 0.00 0.00 21.54
801 0.26 0.00 0.51 64.01 0.00 0.00 0.00 0.00 0.00 35.22
802 1.85 0.00 1.85 78.57 0.00 0.00 0.00 0.00 0.00 17.72
803 97.94 0.00 0.52 1.29 0.00 0.00 0.00 0.00 0.00 0.26
804 93.08 0.00 0.77 5.13 0.00 0.00 0.26 0.00 0.00 0.77
805 62.53 0.00 4.75 16.89 0.00 0.00 0.00 0.00 0.00 15.83
806 89.95 0.00 2.58 5.15 0.00 0.26 0.00 0.00 0.00 2.06
807 97.42 0.00 0.77 1.55 0.00 0.00 0.00 0.00 0.00 0.26
808 70.53 0.00 5.79 12.11 0.00 0.00 0.00 0.00 0.00 11.58
809 72.22 0.00 0.53 4.23 0.00 0.00 0.00 0.00 0.00 23.02
810 63.01 0.00 0.26 2.30 0.00 0.00 0.00 0.00 0.00 34.44
811 23.93 0.00 0.50 9.57 0.00 0.00 0.00 0.00 0.00 65.99
812 0.50 0.00 0.25 4.53 0.00 0.00 0.00 0.00 0.00 94.71
813 0.50 0.00 0.50 16.50 0.00 0.00 0.00 0.00 0.00 82.50
814 0.00 0.00 0.50 12.53 0.00 0.00 0.00 0.00 0.00 86.97
815 0.00 0.00 0.25 4.26 0.00 0.00 0.00 0.00 0.00 95.49
816 0.00 0.00 0.25 3.02 0.00 0.00 0.00 0.00 0.00 96.73
817 0.75 0.00 0.25 1.75 0.00 0.00 0.00 0.00 0.00 97.26
818 0.00 0.00 0.25 1.26 0.00 0.00 0.00 0.00 0.00 98.49
819 0.25 0.00 0.25 1.25 0.00 0.00 0.00 0.00 0.00 98.25
820 0.25 0.00 0.25 0.75 0.00 0.00 0.00 0.00 0.00 98.75
821 0.00 0.00 0.75 0.50 0.00 0.00 0.00 0.00 0.00 98.75
822 0.25 0.00 0.25 1.50 0.00 0.00 0.00 0.00 0.00 98.00
823 0.00 0.00 0.25 4.27 0.00 0.00 0.25 0.00 0.00 95.23
824 0.25 0.00 0.51 3.03 0.00 0.00 0.00 0.00 0.00 96.21
825 0.25 0.00 0.25 0.75 0.00 0.00 0.00 0.00 0.00 98.75
826 0.50 0.00 0.25 1.25 0.00 0.00 0.00 0.00 0.00 98.00
827 0.25 0.00 0.25 2.26 0.00 0.00 0.00 0.00 0.00 97.24
828 0.25 0.00 0.25 0.75 0.00 0.00 0.00 0.00 0.00 98.75
829 0.00 0.00 0.25 0.50 0.00 0.00 0.00 0.00 0.00 99.25
830 0.25 0.00 0.25 0.75 0.00 0.00 0.00 0.00 0.00 98.75
831 1.01 0.00 0.25 1.01 0.00 0.00 0.00 0.00 0.00 97.74
832 31.12 0.00 0.51 11.99 0.00 0.00 0.00 0.00 0.00 56.38
833 4.68 0.00 5.45 27.01 0.00 0.00 0.00 0.00 0.00 62.86
834 1.27 0.00 1.02 24.37 0.00 0.00 0.00 0.00 0.00 73.35
835 24.50 0.00 0.50 4.75 0.00 0.00 0.00 0.00 0.00 70.25
836 15.15 0.00 0.76 17.42 0.00 0.00 0.00 0.00 0.00 66.67
837 0.25 0.00 0.00 26.88 0.00 0.00 0.00 0.00 0.00 72.86
838 0.50 0.00 0.25 30.58 0.00 0.00 0.00 0.00 0.00 68.67
839 0.25 0.00 0.25 26.63 0.00 0.00 0.00 0.00 0.00 72.86
840 18.25 0.00 0.50 7.50 0.00 0.00 0.00 0.00 0.00 73.75
841 23.02 0.00 0.26 0.77 0.00 0.00 0.00 0.00 0.00 75.96
842 16.88 0.00 0.50 8.06 0.00 0.00 0.00 0.00 0.00 74.56
843 2.54 0.00 4.06 20.05 0.00 0.00 0.00 0.00 0.00 73.35
844 23.48 0.00 0.51 1.26 0.00 0.76 0.00 0.00 0.00 73.99
845 24.87 0.00 0.00 0.25 0.00 0.00 0.00 0.00 0.00 74.87
846 24.87 0.00 0.00 0.75 0.00 0.00 0.00 0.00 0.00 74.37
847 23.60 0.00 0.51 0.76 0.00 0.25 0.25 0.00 0.00 74.62
848 24.69 0.00 0.00 1.01 0.00 0.00 0.00 0.00 0.00 74.31
849 24.69 0.00 0.50 0.25 0.00 0.00 0.00 0.00 0.00 74.56
850 16.29 0.00 0.25 1.00 0.00 0.00 0.00 0.00 0.00 82.46
851 7.81 0.00 0.50 1.01 0.00 0.50 0.00 0.00 0.00 90.18
852 24.69 0.00 0.25 0.50 0.00 0.00 0.00 0.00 0.00 74.56
853 25.13 0.00 0.25 3.05 0.00 0.00 0.00 0.00 0.00 71.57
854 24.49 0.00 0.25 1.52 0.00 0.00 0.00 0.00 0.00 73.74
855 22.84 0.00 0.76 0.00 0.00 0.51 0.00 0.00 0.00 75.89
856 15.86 0.00 0.57 1.42 0.00 0.00 0.00 0.00 0.00 82.15
857 18.31 0.00 0.00 0.55 0.00 0.00 0.00 0.00 0.00 81.15
858 12.13 0.00 0.59 23.67 0.00 0.00 0.59 0.00 0.00 63.02
859 11.76 0.00 0.29 0.00 0.00 0.00 0.29 0.00 0.00 87.65
860 12.32 0.00 0.00 1.17 0.00 0.00 0.00 0.00 0.00 86.51
861 11.33 0.00 0.55 1.38 0.00 0.00 0.00 0.00 0.00 86.74
862 11.85 0.00 1.10 2.48 0.00 0.28 0.00 0.00 0.00 84.30
863 16.01 0.00 0.28 0.00 0.00 0.00 0.00 0.00 0.00 83.71
864 19.84 0.00 0.54 2.14 0.00 0.00 0.27 0.00 0.00 77.21
865 18.48 0.00 0.27 0.54 0.00 0.00 0.00 0.00 0.00 80.71
866 18.36 0.00 0.55 0.55 0.00 0.00 0.27 0.00 0.00 80.27
867 17.08 0.00 0.28 0.28 0.00 0.00 0.00 0.00 0.00 82.37
868 0.50 0.00 0.25 0.50 0.00 0.00 0.00 0.00 0.00 98.74
869 0.25 0.00 0.25 1.25 0.00 0.00 0.00 0.00 0.00 98.25
870 0.25 0.00 0.25 4.00 0.00 0.00 0.00 0.00 0.00 95.50
871 0.50 0.00 0.00 7.79 0.00 0.00 0.00 0.00 0.00 91.71
872 0.25 0.00 0.75 25.81 0.00 0.25 0.00 0.00 0.00 72.93
873 0.25 0.00 0.25 4.50 0.00 0.00 0.00 0.00 0.00 95.00
874 0.76 0.00 5.58 8.38 0.00 1.02 0.00 0.00 0.00 84.26
875 0.54 0.00 5.99 45.50 0.00 0.54 0.27 0.00 0.00 47.14
876 1.28 0.00 1.03 66.92 0.00 0.00 0.26 0.00 0.00 30.51
877 1.83 0.00 4.97 21.47 0.00 0.00 0.00 0.00 0.00 71.73
878 3.49 0.00 15.59 28.23 0.00 0.00 0.00 0.00 0.00 52.69
879 6.76 0.00 11.35 4.86 0.00 0.00 0.00 0.00 0.00 77.03
880 5.93 0.00 9.60 1.13 0.00 0.00 0.28 0.00 0.00 83.05
881 6.89 0.00 11.29 1.10 0.00 0.00 0.00 0.00 0.00 80.72
882 8.46 0.00 15.38 0.51 0.00 0.00 0.00 0.00 0.00 75.64
883 1.00 0.00 1.67 18.67 0.00 0.00 0.00 0.00 0.00 78.67
884 2.54 0.00 2.28 58.12 0.00 0.00 0.00 0.00 0.00 37.06
885 0.75 0.00 0.25 48.50 0.00 0.00 0.00 0.00 0.00 50.50
886 1.01 0.00 0.75 31.16 0.00 0.00 0.00 0.00 0.00 67.09
887 3.08 0.00 0.77 15.68 0.00 0.00 0.00 0.00 0.00 80.46
888 0.00 0.00 0.25 1.01 0.00 0.00 0.00 0.00 0.00 98.74
889 0.25 0.00 0.25 0.50 0.00 0.00 0.00 0.00 0.00 99.00
890 0.00 0.00 0.50 2.75 0.00 0.00 0.00 0.00 0.00 96.75
891 0.25 0.00 0.00 0.25 0.00 0.00 0.00 0.00 0.00 99.50
892 0.50 0.00 0.25 2.24 0.00 0.00 0.00 0.00 0.00 97.01
893 0.00 0.00 0.00 0.00 0.00 0.00 0.00 0.00 0.00 100.00
894 0.00 0.00 0.25 0.25 0.00 0.00 0.00 0.00 0.00 99.50
895 0.75 0.00 0.50 0.50 0.00 0.00 0.00 0.00 0.00 98.24
896 10.08 0.00 6.10 19.89 0.00 0.53 0.27 0.00 0.00 63.13
897 5.01 0.00 6.78 1.47 0.00 0.00 0.00 0.00 0.00 86.73
898 6.74 0.00 9.83 1.40 0.00 0.00 0.00 0.00 0.00 82.02
899 7.00 0.00 9.24 1.68 0.00 0.00 0.00 0.00 0.00 82.07
900 4.13 0.00 6.19 2.36 0.00 0.00 0.29 0.00 0.00 87.02
901 7.22 0.00 10.28 0.00 0.00 0.00 0.00 0.00 0.00 82.50
902 2.34 0.00 2.86 17.71 0.00 0.00 0.00 0.00 0.00 77.08
903 1.77 0.00 0.51 22.22 0.00 0.00 0.00 0.00 0.00 75.51
904 4.10 0.00 0.77 19.23 0.00 0.00 0.00 0.00 0.00 75.90
905 1.26 0.00 0.25 29.90 0.00 0.00 0.00 0.00 0.00 68.59
906 1.27 0.00 0.25 23.60 0.00 0.00 0.00 0.00 0.00 74.87
907 4.59 0.00 0.26 18.88 0.00 0.00 0.26 0.00 0.00 76.02
908 0.26 0.00 0.26 26.09 0.00 0.00 0.00 0.00 0.00 73.40
909 0.50 0.00 0.50 24.31 0.00 0.00 0.00 0.00 0.00 74.69
910 0.00 0.00 0.00 25.00 0.00 0.00 0.00 0.00 0.00 75.00
911 0.25 0.00 0.25 24.81 0.00 0.00 0.00 0.00 0.00 74.69
912 0.00 0.00 0.00 24.56 0.00 0.00 0.00 0.00 0.00 75.44
913 0.25 0.00 0.25 26.20 0.00 0.00 0.00 0.00 0.00 73.30
914 0.25 0.00 0.00 28.72 0.00 0.00 0.00 0.00 0.00 71.03
915 0.25 0.00 0.50 25.25 0.00 0.00 0.00 0.00 0.00 74.00
916 0.25 0.00 0.25 25.13 0.00 0.00 0.00 0.00 0.00 74.37
917 0.00 0.00 0.25 25.88 0.00 0.00 0.00 0.00 0.00 73.87
918 0.25 0.00 0.75 36.43 0.00 0.00 0.00 0.00 0.00 62.56
919 0.25 0.00 0.50 24.56 0.00 0.00 0.00 0.00 0.00 74.69
920 0.25 0.00 0.75 24.06 0.00 0.00 0.00 0.00 0.00 74.94
921 0.25 0.00 0.76 25.19 0.00 0.00 0.00 0.00 0.00 73.80
922 0.25 0.00 0.00 25.31 0.00 0.00 0.00 0.00 0.00 74.44
923 0.00 0.00 0.25 24.49 0.00 0.00 0.00 0.00 0.00 75.25
924 0.25 0.00 0.25 24.75 0.00 0.00 0.00 0.00 0.00 74.75
925 0.75 0.00 0.25 24.25 0.00 0.00 0.00 0.00 0.00 74.75
926 4.08 0.00 0.26 19.90 0.00 0.00 0.00 0.00 0.00 75.77
927 0.51 0.00 1.01 23.23 0.00 0.00 0.00 0.00 0.00 75.25
928 0.25 0.00 0.25 24.94 0.00 0.00 0.00 0.00 0.00 74.56
929 0.50 0.00 3.02 25.94 0.00 0.00 0.00 0.00 0.00 70.53
930 0.50 0.00 0.25 24.56 0.00 0.00 0.25 0.00 0.00 74.44
931 0.00 0.00 0.50 26.07 0.00 0.00 0.00 0.00 0.00 73.43
932 2.01 0.00 1.51 22.36 0.00 0.00 0.00 0.00 0.00 74.12
933 0.25 0.00 2.76 31.08 0.00 0.00 0.00 0.00 0.00 65.91
934 0.25 0.00 0.00 26.75 0.00 0.00 0.00 0.00 0.00 73.00
935 0.00 0.00 0.25 28.39 0.00 0.00 0.00 0.00 0.00 71.36
936 0.50 0.00 0.50 24.63 0.00 0.00 0.00 0.00 0.00 74.38
937 0.00 0.00 0.00 28.89 0.00 0.00 0.00 0.00 0.00 71.11
938 0.25 0.00 0.00 25.56 0.00 0.00 0.00 0.00 0.00 74.19
939 0.25 0.00 0.25 27.50 0.00 0.00 0.00 0.00 0.00 72.00
940 0.25 0.00 0.75 24.56 0.00 0.00 0.00 0.00 0.00 74.44
941 0.25 0.00 0.00 25.88 0.00 0.00 0.00 0.00 0.00 73.87
942 0.25 0.00 0.50 24.62 0.00 0.00 0.00 0.00 0.00 74.62
943 0.51 0.00 1.03 24.10 0.00 0.00 0.00 0.00 0.00 74.36
944 2.57 0.00 3.60 21.59 0.00 0.00 0.00 0.00 0.00 72.24
945 14.51 0.00 0.53 9.23 0.00 0.00 0.00 0.00 0.00 75.73
946 14.33 0.00 0.00 1.72 0.00 0.00 0.00 0.00 0.00 83.95
947 12.02 0.00 0.29 2.93 0.00 0.00 0.00 0.00 0.00 84.75
948 14.93 0.00 0.56 3.38 0.00 0.00 0.28 0.00 0.00 80.85
949 9.15 0.00 0.30 9.76 0.00 0.00 0.00 0.00 0.00 80.79
950 16.67 0.00 0.28 1.67 0.00 0.00 0.00 0.00 0.00 81.39
951 4.86 0.00 0.81 3.24 0.00 0.54 0.00 0.00 0.00 90.54
952 13.08 0.00 0.00 1.74 0.00 0.00 0.00 0.00 0.00 85.17
953 9.39 0.00 0.30 3.03 0.00 0.00 0.00 0.00 0.00 87.27
954 11.54 0.00 0.00 1.48 0.00 0.00 0.00 0.00 0.00 86.98
955 18.92 0.00 0.00 1.35 0.00 0.00 0.27 0.00 0.00 79.46
956 7.45 0.00 0.00 1.24 0.00 0.00 0.00 0.00 0.00 91.30
957 1.53 0.00 0.25 1.78 0.00 0.00 0.00 0.00 0.00 96.44
958 0.75 0.00 0.00 1.75 0.00 0.00 0.25 0.00 0.00 97.24
959 0.25 0.00 0.25 2.50 0.00 0.00 0.00 0.00 0.00 97.00
960 0.25 0.00 0.00 1.25 0.00 0.00 0.00 0.00 0.00 98.50
961 0.25 0.00 0.00 2.01 0.00 0.00 0.00 0.00 0.00 97.74
962 0.50 0.00 0.25 1.50 0.00 0.00 0.00 0.00 0.00 97.75
963 0.00 0.00 0.00 2.26 0.00 0.00 0.00 0.00 0.00 97.74
964 0.00 0.00 0.25 1.26 0.00 0.00 0.00 0.00 0.00 98.49
965 0.50 0.00 0.25 0.75 0.00 0.00 0.00 0.00 0.00 98.50
966 0.50 0.00 0.25 1.50 0.00 0.00 0.00 0.00 0.00 97.75
967 0.00 0.00 0.00 2.27 0.00 0.00 0.00 0.00 0.00 97.73
968 0.00 0.00 0.00 2.26 0.00 0.00 0.00 0.00 0.00 97.74
969 0.25 0.00 0.25 11.78 0.00 0.00 0.00 0.00 0.00 87.72
970 0.00 0.00 0.00 2.51 0.00 0.00 0.00 0.00 0.00 97.49
971 0.25 0.00 0.25 2.26 0.00 0.00 0.00 0.00 0.00 97.24
972 0.00 0.00 0.00 1.51 0.00 0.00 0.00 0.00 0.00 98.49
973 0.25 0.00 0.25 1.26 0.00 0.00 0.00 0.00 0.00 98.24
974 0.25 0.00 0.00 1.76 0.00 0.00 0.00 0.00 0.00 97.99
975 0.00 0.00 0.00 0.00 0.00 0.00 0.00 0.00 0.00 100.00
976 0.50 0.00 0.25 0.25 0.00 0.00 0.00 0.00 0.00 99.00
977 0.00 0.00 0.25 1.00 0.00 0.00 0.00 0.00 0.00 98.75
978 0.00 0.00 0.76 1.01 0.00 0.00 0.00 0.00 0.00 98.24
979 0.25 0.00 0.25 0.50 0.00 0.00 0.00 0.00 0.00 99.00
980 0.75 0.00 0.00 0.25 0.00 0.00 0.00 0.00 0.00 99.00
981 0.50 0.00 0.00 0.75 0.00 0.00 0.00 0.00 0.00 98.75
982 0.00 0.00 0.25 0.50 0.00 0.00 0.00 0.00 0.00 99.25
983 0.25 0.00 0.00 0.25 0.00 0.00 0.00 0.00 0.00 99.50
984 0.25 0.00 0.00 0.00 0.00 0.00 0.00 0.00 0.00 99.75
985 0.25 0.00 0.25 1.00 0.00 0.00 0.00 0.00 0.00 98.50
986 0.25 0.00 0.00 2.01 0.00 0.00 0.00 0.00 0.00 97.74
987 0.25 0.00 0.00 2.01 0.00 0.00 0.00 0.00 0.00 97.74
988 0.25 0.00 0.75 2.74 0.00 0.00 0.00 0.00 0.00 96.27
989 0.50 0.00 0.00 3.76 0.00 0.00 0.00 0.00 0.00 95.74
990 0.25 0.00 0.25 0.50 0.00 0.00 0.00 0.00 0.00 99.00
991 0.25 0.00 0.25 2.99 0.00 0.00 0.25 0.00 0.00 96.26
992 0.25 0.00 0.25 0.50 0.00 0.00 0.00 0.00 0.00 99.00
993 0.25 0.00 0.50 4.98 0.00 0.00 0.00 0.00 0.00 94.28
994 0.25 0.00 0.00 7.29 0.00 0.00 0.00 0.00 0.00 92.46
995 0.00 0.00 0.25 0.50 0.00 0.00 0.00 0.00 0.00 99.25
996 0.25 0.00 0.00 0.25 0.00 0.00 0.00 0.00 0.00 99.50
997 0.00 0.00 0.50 0.50 0.00 0.00 0.00 0.00 0.00 99.00
998 0.25 0.00 0.25 0.25 0.00 0.00 0.00 0.00 0.00 99.25
999 0.25 0.00 0.00 1.25 0.00 0.00 0.00 0.00 0.00 98.50
1000 0.25 0.00 0.00 0.25 0.00 0.00 0.00 0.00 0.00 99.50
1001 0.50 0.00 0.00 1.25 0.00 0.00 0.00 0.00 0.00 98.25
1002 0.00 0.00 0.25 0.00 0.00 0.00 0.00 0.00 0.00 99.75
1003 0.25 0.00 0.25 0.50 0.00 0.00 0.00 0.00 0.00 99.00
1004 0.25 0.00 0.25 1.00 0.00 0.00 0.00 0.00 0.00 98.50
1005 0.00 0.00 0.25 1.00 0.00 0.00 0.00 0.00 0.00 98.75
1006 0.50 0.00 0.00 0.50 0.00 0.00 0.00 0.00 0.00 99.00
1007 0.00 0.00 0.25 0.75 0.00 0.00 0.00 0.00 0.00 98.99
1008 0.25 0.00 0.25 0.50 0.00 0.00 0.00 0.00 0.00 99.00
1009 0.25 0.00 0.00 1.25 0.00 0.00 0.00 0.00 0.00 98.50
1010 0.25 0.00 0.25 0.75 0.00 0.00 0.00 0.00 0.00 98.75
1011 0.25 0.00 0.00 1.00 0.00 0.00 0.00 0.00 0.00 98.75
1012 0.00 0.00 0.25 0.75 0.00 0.00 0.00 0.00 0.00 99.00
1013 0.25 0.00 0.00 0.75 0.00 0.00 0.00 0.00 0.00 98.99
1014 0.25 0.00 0.25 0.00 0.00 0.00 0.00 0.00 0.00 99.50
1015 0.25 0.00 0.25 0.25 0.00 0.00 0.00 0.00 0.00 99.25
1016 0.00 0.00 0.50 0.50 0.00 0.00 0.00 0.00 0.00 99.00
1017 0.00 0.00 0.25 1.01 0.00 0.00 0.00 0.00 0.00 98.74
1018 0.25 0.00 0.25 0.75 0.00 0.00 0.00 0.00 0.00 98.75
1019 0.25 0.00 0.00 0.75 0.00 0.00 0.00 0.00 0.00 99.00
1020 0.00 0.00 0.00 0.25 0.00 0.00 0.00 0.00 0.00 99.75
1021 0.00 0.00 0.00 0.50 0.00 0.00 0.00 0.00 0.00 99.50
1022 0.25 0.00 0.00 1.25 0.00 0.00 0.00 0.00 0.00 98.50
1023 0.00 0.00 0.00 1.01 0.00 0.00 0.00 0.00 0.00 98.99
1024 0.00 0.00 0.00 0.00 0.00 0.00 0.00 0.00 0.00 100.00
1025 0.25 0.00 0.50 1.00 0.00 0.00 0.00 0.00 0.00 98.25
1026 0.50 0.00 0.25 0.75 0.00 0.00 0.00 0.00 0.00 98.50
1027 0.00 0.00 0.50 0.50 0.00 0.00 0.00 0.00 0.00 99.00
1028 1.00 0.00 0.25 1.50 0.00 0.00 0.00 0.00 0.00 97.26
1029 0.00 0.00 0.00 0.25 0.00 0.00 0.00 0.00 0.00 99.75
1030 0.50 0.00 0.25 0.25 0.00 0.00 0.00 0.00 0.00 99.00
1031 0.00 0.00 0.25 0.25 0.00 0.00 0.00 0.00 0.00 99.50
1032 0.50 0.00 0.25 0.75 0.00 0.00 0.00 0.00 0.00 98.51
1033 0.00 0.00 0.25 0.76 0.00 0.00 0.00 0.00 0.00 98.99
1034 0.25 0.00 0.00 1.25 0.00 0.00 0.00 0.00 0.00 98.50
1035 0.00 0.00 0.50 0.25 0.00 0.00 0.00 0.00 0.00 99.25
1036 0.25 0.00 0.50 0.75 0.00 0.00 0.00 0.00 0.00 98.50
1037 0.50 0.00 0.00 0.75 0.00 0.00 0.00 0.00 0.00 98.75
1038 0.25 0.00 1.00 0.50 0.00 0.00 0.00 0.00 0.00 98.25
1039 0.25 0.00 0.25 0.00 0.00 0.00 0.00 0.00 0.00 99.50
1040 0.25 0.00 0.25 0.50 0.00 0.00 0.00 0.00 0.00 99.00
1041 0.25 0.00 0.25 0.25 0.00 0.00 0.00 0.00 0.00 99.25
1042 1.00 0.00 0.25 1.00 0.00 0.00 0.00 0.00 0.00 97.75
1043 0.74 0.00 0.25 0.25 0.00 0.00 0.00 0.00 0.00 98.76
1044 0.25 0.00 0.25 0.00 0.00 0.00 0.00 0.00 0.00 99.50
1045 0.25 0.00 0.00 0.00 0.00 0.00 0.00 0.00 0.00 99.75
1046 0.00 0.00 0.50 1.00 0.00 0.00 0.00 0.00 0.00 98.50
1047 0.25 0.00 0.00 0.25 0.00 0.00 0.00 0.00 0.00 99.50
1048 0.00 0.00 0.25 1.26 0.00 0.00 0.00 0.00 0.00 98.49
1049 0.00 0.00 0.00 0.50 0.00 0.00 0.00 0.00 0.00 99.50
1050 0.50 0.00 0.00 1.25 0.00 0.00 0.00 0.00 0.00 98.25
1051 0.00 0.00 0.00 1.01 0.00 0.00 0.00 0.00 0.00 98.99
1052 0.00 0.00 0.00 2.01 0.00 0.00 0.00 0.00 0.00 97.99
1053 0.25 0.00 0.25 0.00 0.00 0.00 0.00 0.00 0.00 99.50
1054 0.25 0.00 0.25 1.25 0.00 0.00 0.00 0.00 0.00 98.25
1055 0.00 0.00 0.00 0.00 0.00 0.00 0.00 0.00 0.00 100.00
1056 0.00 0.00 0.25 3.02 0.00 0.00 0.00 0.00 0.00 96.73
1057 0.00 0.00 0.00 2.01 0.00 0.00 0.00 0.00 0.00 97.99
1058 0.25 0.00 0.25 2.51 0.00 0.00 0.00 0.00 0.00 96.99
1059 0.25 0.00 0.00 0.25 0.00 0.00 0.00 0.00 0.00 99.50
1060 0.25 0.00 0.00 0.50 0.00 0.00 0.00 0.00 0.00 99.25
1061 0.25 0.00 0.25 0.25 0.00 0.00 0.00 0.00 0.00 99.25
1062 0.00 0.00 0.00 0.50 0.00 0.00 0.00 0.00 0.00 99.50
1063 0.50 0.00 0.25 1.00 0.00 0.00 0.00 0.00 0.00 98.25
1064 0.00 0.00 0.25 0.25 0.00 0.00 0.00 0.00 0.00 99.50
1065 0.50 0.00 0.00 0.00 0.00 0.00 0.00 0.00 0.00 99.50
1066 0.00 0.00 0.25 1.25 0.00 0.00 0.00 0.00 0.00 98.50
1067 0.00 0.00 0.00 0.25 0.00 0.00 0.00 0.00 0.00 99.75
1068 0.25 0.00 0.00 0.50 0.00 0.00 0.00 0.00 0.00 99.25
1069 0.25 0.00 0.25 0.25 0.00 0.00 0.00 0.00 0.00 99.25
1070 0.00 0.00 0.00 1.01 0.00 0.00 0.00 0.00 0.00 98.99
1071 0.00 0.00 0.00 0.25 0.00 0.00 0.00 0.00 0.00 99.75
1072 0.00 0.00 0.25 0.75 0.00 0.00 0.00 0.00 0.00 98.99
1073 0.00 0.00 0.25 0.25 0.00 0.00 0.00 0.00 0.00 99.50
1074 0.50 0.00 0.25 0.25 0.00 0.00 0.00 0.00 0.00 99.00
1075 0.00 0.00 0.00 0.50 0.00 0.00 0.00 0.00 0.00 99.50
1076 0.25 0.00 0.00 0.75 0.00 0.00 0.00 0.00 0.00 99.00
1077 0.25 0.00 0.00 0.00 0.00 0.00 0.00 0.00 0.00 99.75
1078 0.00 0.00 0.25 0.50 0.00 0.00 0.00 0.00 0.00 99.25
1079 0.25 0.00 0.00 0.00 0.00 0.00 0.00 0.00 0.00 99.75
1080 0.00 0.00 0.00 0.75 0.00 0.00 0.00 0.00 0.00 99.25
1081 0.00 0.00 0.00 0.25 0.00 0.00 0.00 0.00 0.00 99.75
1082 0.25 0.00 0.25 1.25 0.00 0.00 0.00 0.00 0.00 98.25
1083 0.50 0.00 0.25 2.25 0.00 0.00 0.00 0.00 0.00 97.00
1084 0.25 0.00 0.25 1.00 0.00 0.00 0.00 0.00 0.00 98.50
1085 0.25 0.00 0.25 0.25 0.00 0.00 0.00 0.00 0.00 99.25
1086 0.00 0.00 0.25 0.25 0.00 0.00 0.00 0.00 0.00 99.50
1087 0.00 0.00 0.25 0.50 0.00 0.00 0.00 0.00 0.00 99.25
1088 0.00 0.00 0.25 0.50 0.00 0.00 0.00 0.00 0.00 99.25
1089 0.00 0.00 0.25 0.25 0.00 0.00 0.00 0.00 0.00 99.50
1090 0.25 0.00 0.50 1.00 0.00 0.00 0.00 0.00 0.00 98.25
1091 0.25 0.00 0.25 0.25 0.00 0.00 0.00 0.00 0.00 99.25
1092 0.25 0.00 0.25 1.00 0.00 0.00 0.00 0.00 0.00 98.50
1093 0.25 0.00 0.75 0.50 0.00 0.00 0.00 0.00 0.00 98.50
1094 0.00 0.00 0.50 1.26 0.00 0.00 0.00 0.00 0.00 98.24
1095 0.00 0.00 0.25 0.25 0.00 0.00 0.00 0.00 0.00 99.50
1096 0.00 0.00 0.25 0.75 0.00 0.00 0.00 0.00 0.00 99.00
1097 0.25 0.00 0.25 1.00 0.00 0.00 0.00 0.00 0.00 98.50
1098 0.25 0.00 1.00 3.51 0.00 0.00 0.00 0.00 0.00 95.24
1099 0.00 0.00 0.50 1.25 0.00 0.00 0.00 0.00 0.00 98.25
1100 0.25 0.00 0.00 2.26 0.00 0.00 0.00 0.00 0.00 97.49
1101 0.25 0.00 0.50 1.75 0.00 0.25 0.00 0.00 0.00 97.26
1102 0.25 0.00 0.25 3.00 0.00 0.00 0.00 0.00 0.00 96.50
1103 0.25 0.00 0.00 1.75 0.00 0.00 0.00 0.00 0.00 97.99
1104 0.50 0.00 0.25 3.76 0.00 0.00 0.00 0.00 0.00 95.49
1105 0.25 0.00 0.00 1.50 0.00 0.00 0.25 0.00 0.00 98.00
1106 0.25 0.00 0.25 3.25 0.00 0.00 0.00 0.00 0.00 96.25
1107 0.00 0.00 0.25 2.01 0.00 0.00 0.00 0.00 0.00 97.74
1108 0.00 0.00 0.25 2.76 0.00 0.00 0.00 0.00 0.00 96.99
1109 0.25 0.00 0.00 2.26 0.00 0.00 0.00 0.00 0.00 97.49
1110 0.00 0.00 0.25 1.26 0.00 0.00 0.00 0.00 0.00 98.49
1111 0.25 0.00 0.25 2.50 0.00 0.00 0.00 0.00 0.00 97.00
1112 0.25 0.00 0.00 0.75 0.00 0.00 0.00 0.00 0.00 99.00
1113 0.25 0.00 0.25 1.50 0.00 0.00 0.00 0.00 0.00 98.00
1114 0.00 0.00 0.00 10.80 0.00 0.00 0.00 0.00 0.00 89.20
1115 0.25 0.00 0.00 8.02 0.00 0.00 0.00 0.00 0.00 91.73
1116 0.00 0.00 0.00 16.88 0.00 0.00 0.00 0.00 0.00 83.12
1117 0.25 0.00 0.25 13.53 0.00 0.00 0.00 0.00 0.00 85.96
1118 0.25 0.00 0.25 14.75 0.00 0.00 0.00 0.00 0.00 84.75
1119 0.00 0.00 0.00 12.06 0.00 0.00 0.00 0.00 0.00 87.94
1120 0.50 0.00 0.25 22.69 0.00 0.00 0.00 0.00 0.00 76.56
1121 0.25 0.00 0.25 31.25 0.00 0.00 0.00 0.00 0.00 68.25
1122 0.25 0.00 0.00 4.77 0.00 0.00 0.00 0.00 0.00 94.97
1123 0.50 0.00 0.25 1.75 0.00 0.00 0.00 0.00 0.00 97.50
1124 0.00 0.00 0.25 3.27 0.00 0.00 0.00 0.00 0.00 96.47
1125 0.00 0.00 0.50 2.24 0.00 0.00 0.00 0.00 0.00 97.26
1126 0.25 0.00 0.00 2.76 0.00 0.00 0.00 0.00 0.00 96.98
1127 0.25 0.00 0.00 2.01 0.00 0.00 0.00 0.00 0.00 97.74
1128 0.00 0.00 0.00 1.51 0.00 0.00 0.00 0.00 0.00 98.49
1129 0.50 0.00 0.50 3.72 0.00 0.00 0.00 0.00 0.00 95.29
1130 0.25 0.00 0.00 1.76 0.00 0.00 0.00 0.00 0.00 97.99
1131 0.25 0.00 0.25 1.76 0.00 0.00 0.00 0.00 0.00 97.74
1132 0.00 0.00 0.25 3.26 0.00 0.00 0.00 0.00 0.00 96.49
1133 0.25 0.00 0.50 2.00 0.00 0.00 0.00 0.00 0.00 97.25
1134 0.00 0.00 0.00 2.26 0.00 0.00 0.00 0.00 0.00 97.74
1135 0.25 0.00 0.00 1.25 0.00 0.00 0.00 0.00 0.00 98.50
1136 0.25 0.00 0.25 2.24 0.00 0.00 0.00 0.00 0.00 97.26
1137 0.25 0.00 0.00 2.01 0.00 0.00 0.00 0.00 0.00 97.74
1138 0.25 0.00 0.25 2.00 0.00 0.00 0.00 0.00 0.00 97.50
1139 0.00 0.00 0.00 2.27 0.00 0.00 0.25 0.00 0.00 97.48
1140 0.00 0.00 0.00 1.26 0.00 0.00 0.00 0.00 0.00 98.74
1141 0.00 0.00 0.25 2.00 0.00 0.25 0.00 0.00 0.00 97.50
1142 0.25 0.00 0.25 1.25 0.00 0.00 0.00 0.00 0.00 98.25
1143 0.00 0.00 0.00 2.51 0.00 0.00 0.00 0.00 0.00 97.49
1144 0.25 0.00 0.25 2.26 0.00 0.00 0.00 0.00 0.00 97.24
1145 0.00 0.00 0.00 2.51 0.00 0.00 0.00 0.00 0.00 97.49
1146 0.25 0.00 0.75 1.49 0.00 0.00 0.00 0.00 0.00 97.51
1147 0.25 0.00 0.00 2.51 0.00 0.00 0.00 0.00 0.00 97.24
1148 0.25 0.00 0.50 2.24 0.00 0.00 0.00 0.00 0.00 97.01
1149 0.00 0.00 0.00 2.76 0.00 0.00 0.00 0.00 0.00 97.24
1150 0.00 0.00 0.50 1.00 0.00 0.00 0.00 0.00 0.00 98.50
1151 0.25 0.00 0.50 3.74 0.00 0.00 0.00 0.00 0.00 95.51
1152 0.00 0.00 0.00 1.51 0.00 0.00 0.00 0.00 0.00 98.49
1153 0.25 0.00 0.75 3.26 0.00 0.00 0.00 0.00 0.00 95.74
1154 0.25 0.00 0.25 1.75 0.00 0.00 0.00 0.00 0.00 97.74
1155 0.25 0.00 0.50 3.49 0.00 0.00 0.00 0.00 0.00 95.76
1156 0.00 0.00 0.50 2.50 0.00 0.00 0.00 0.00 0.00 97.00
1157 0.25 0.00 0.25 2.24 0.00 0.00 0.00 0.00 0.00 97.26
1158 0.50 0.00 0.50 1.51 0.00 0.00 0.00 0.00 0.00 97.49
1159 0.25 0.00 0.00 4.51 0.00 0.00 0.00 0.00 0.00 95.24
1160 0.25 0.00 0.25 1.00 0.00 0.00 0.00 0.00 0.00 98.50
1161 1.00 0.00 0.50 30.58 0.00 0.00 0.00 0.00 0.00 67.92
1162 9.70 0.00 0.00 14.96 0.00 0.00 0.00 0.00 0.00 75.35
1163 5.97 0.00 0.00 1.57 0.00 0.00 0.00 0.00 0.00 92.45
1164 15.73 0.00 0.56 0.00 0.00 0.00 0.00 0.00 0.00 83.71
1165 23.98 0.00 0.00 4.68 0.00 0.00 0.00 0.00 0.00 71.35
1166 8.28 0.00 0.00 2.15 0.00 0.00 0.31 0.00 0.00 89.26
1167 3.82 0.00 0.25 24.94 0.00 0.00 0.00 0.00 0.00 70.99
1168 0.51 0.00 0.00 23.99 0.00 0.00 0.00 0.00 0.00 75.51
1169 0.25 0.00 0.25 24.56 0.00 0.00 0.25 0.00 0.00 74.68
1170 13.32 0.00 0.27 5.71 0.00 0.00 0.00 0.00 0.00 80.71
1171 51.35 0.00 0.27 3.24 0.00 0.00 0.00 0.00 0.00 45.14
1172 3.02 0.00 0.25 0.75 0.00 0.00 0.00 0.00 0.00 95.98
1173 0.50 0.00 0.25 0.25 0.00 0.00 0.00 0.00 0.00 99.00
1174 8.82 0.00 0.50 3.27 0.00 0.25 0.00 0.00 0.00 87.15
1175 5.88 0.00 0.26 0.51 0.00 0.00 0.00 0.00 0.00 93.35
1176 0.50 0.00 0.25 0.00 0.00 0.00 0.00 0.00 0.00 99.25
1177 1.00 0.00 0.25 3.50 0.00 0.00 0.00 0.00 0.00 95.25
1178 0.50 0.00 0.25 32.91 0.00 0.00 0.00 0.00 0.00 66.33
1179 18.60 0.00 1.81 36.43 0.00 0.00 0.00 0.00 0.00 43.15
1180 40.75 0.00 2.95 40.48 0.00 0.27 0.00 0.00 0.00 15.55
1181 42.62 0.00 2.73 37.16 0.00 0.55 0.00 0.00 0.00 16.94
1182 43.24 0.00 4.24 19.89 0.00 0.00 0.27 0.00 0.00 32.36
1183 24.09 0.00 2.59 68.65 0.00 0.00 0.00 0.00 0.00 4.66
1184 38.42 0.00 2.04 42.75 0.00 0.00 0.00 0.00 0.00 16.79
1185 7.83 0.00 1.01 43.94 0.00 0.00 0.25 0.00 0.00 46.97
1186 8.29 0.00 1.51 64.82 0.00 0.25 0.00 0.00 0.00 25.13
1187 10.49 0.00 0.26 83.63 0.00 0.00 0.00 0.00 0.00 5.63
1188 0.00 0.00 0.00 100.00 0.00 0.00 0.00 0.00 0.00 0.00
1189 28.18 0.00 1.08 63.96 0.00 0.00 0.00 0.00 0.00 6.78
1190 27.47 0.00 1.65 37.91 0.00 0.27 0.00 0.00 0.00 32.69
1191 0.00 0.00 0.75 98.74 0.00 0.00 0.00 0.00 0.00 0.50
1192 21.72 0.00 1.61 64.61 0.00 0.00 0.27 0.00 0.00 11.80
1193 28.46 0.00 1.36 46.61 0.00 0.00 0.00 0.00 0.00 23.58
1194 24.47 0.00 1.05 48.42 0.00 0.26 0.00 0.00 0.00 25.79
1195 25.45 0.00 0.78 50.65 0.00 0.00 0.00 0.00 0.00 23.12
1196 30.99 0.00 1.04 23.96 0.00 0.00 0.00 0.00 0.00 44.01
1197 24.06 0.00 0.25 3.51 0.00 0.00 0.00 0.00 0.00 72.18
1198 20.27 0.00 0.27 2.40 0.00 0.00 0.00 0.00 0.00 77.07
1199 27.37 0.00 1.28 24.04 0.00 0.00 0.00 0.00 0.00 47.31
1200 14.12 0.00 0.29 0.00 0.00 0.00 0.00 0.00 0.00 85.59
1201 12.46 0.00 0.91 7.60 0.00 0.30 0.30 0.00 0.00 78.42
1202 13.37 0.00 0.29 1.45 0.00 0.00 0.29 0.00 0.00 84.59
1203 17.08 0.00 0.83 1.93 0.00 0.00 0.00 0.00 0.00 80.17
1204 14.85 0.00 0.30 3.33 0.00 0.00 0.00 0.00 0.00 81.52
1205 19.35 0.00 0.27 2.42 0.00 0.00 0.27 0.00 0.00 77.69
1206 8.84 0.00 0.30 0.30 0.00 0.00 0.00 0.00 0.00 90.55
1207 5.21 0.00 0.27 2.74 0.00 0.00 0.27 0.00 0.00 91.51
1208 0.25 0.00 0.50 3.00 0.00 0.00 0.00 0.00 0.00 96.25
1209 0.00 0.00 0.25 2.02 0.00 0.00 0.00 0.00 0.00 97.73
1210 0.25 0.00 0.25 0.50 0.00 0.00 0.00 0.00 0.00 99.00
1211 0.00 0.00 0.25 2.01 0.00 0.00 0.00 0.00 0.00 97.74
1212 0.50 0.00 0.25 1.50 0.00 0.00 0.00 0.00 0.00 97.74
1213 0.00 0.00 0.25 5.53 0.00 0.25 0.00 0.00 0.00 93.97
1214 0.50 0.00 0.00 2.01 0.00 0.00 0.00 0.00 0.00 97.49
1215 0.25 0.00 0.25 2.00 0.00 0.00 0.00 0.00 0.00 97.50
1216 0.50 0.00 0.25 2.00 0.00 0.00 0.00 0.00 0.00 97.26
1217 0.00 0.00 0.00 2.26 0.00 0.00 0.00 0.00 0.00 97.74
1218 0.25 0.00 0.50 6.52 0.00 0.00 0.00 0.00 0.00 92.73
1219 0.50 0.00 0.50 13.07 0.00 0.00 0.00 0.00 0.00 85.93
1220 0.50 0.00 0.00 1.75 0.00 0.00 0.00 0.00 0.00 97.74
1221 0.00 0.00 0.00 2.26 0.00 0.00 0.00 0.00 0.00 97.74
1222 1.01 0.00 0.50 15.08 0.00 0.00 0.00 0.00 0.00 83.42
1223 4.62 0.00 0.51 26.15 0.00 0.00 0.00 0.00 0.00 68.72
1224 24.69 0.00 0.50 8.56 0.00 0.00 0.00 0.00 0.00 66.25
1225 23.02 0.00 0.00 2.05 0.00 0.00 0.26 0.00 0.00 74.68
1226 15.34 0.00 0.00 1.99 0.00 0.00 0.00 0.00 0.00 82.67
1227 93.33 0.00 0.26 0.26 0.00 0.00 0.00 0.00 0.00 6.15
1228 99.24 0.00 0.25 0.25 0.00 0.00 0.00 0.00 0.00 0.25
1229 99.49 0.00 0.51 0.00 0.00 0.00 0.00 0.00 0.00 0.00
1230 99.74 0.00 0.26 0.00 0.00 0.00 0.00 0.00 0.00 0.00
1231 99.24 0.00 0.25 0.00 0.00 0.00 0.00 0.00 0.00 0.51
1232 56.41 0.00 0.26 14.36 0.00 0.00 0.00 0.00 0.00 28.97
1233 21.66 0.00 0.25 31.99 0.00 0.00 0.00 0.00 0.00 46.10
1234 2.75 0.00 0.25 35.00 0.00 0.00 0.00 0.00 0.00 62.00
1235 82.52 0.00 0.51 7.71 0.00 0.00 0.00 0.00 0.00 9.25
1236 99.39 0.00 0.30 0.00 0.00 0.00 0.30 0.00 0.00 0.00
1237 96.77 0.00 0.54 2.43 0.00 0.00 0.00 0.00 0.00 0.27
1238 98.98 0.00 0.51 0.00 0.00 0.00 0.00 0.00 0.00 0.51
1239 98.74 0.00 0.50 0.50 0.00 0.00 0.00 0.00 0.00 0.25
1240 95.40 0.00 0.51 0.77 0.00 0.26 0.00 0.00 0.00 3.07
1241 98.88 0.00 0.56 0.00 0.00 0.28 0.00 0.00 0.00 0.28
1242 97.67 0.00 0.26 1.03 0.00 0.26 0.00 0.00 0.00 0.78
1243 97.93 0.00 0.52 1.03 0.00 0.00 0.00 0.00 0.00 0.52
1244 98.74 0.00 0.25 0.00 0.00 0.25 0.00 0.00 0.00 0.76
1245 99.13 0.00 0.29 0.00 0.00 0.29 0.29 0.00 0.00 0.00
1246 98.50 0.00 0.30 0.60 0.00 0.00 0.00 0.00 0.00 0.60
1247 99.68 0.00 0.32 0.00 0.00 0.00 0.00 0.00 0.00 0.00
1248 96.08 0.00 0.90 1.20 0.00 0.00 0.30 0.00 0.00 1.51
1249 94.54 0.00 3.28 1.64 0.00 0.27 0.00 0.00 0.00 0.27
1250 55.46 0.00 1.40 10.64 0.00 0.28 0.00 0.00 0.00 32.21
1251 20.84 0.00 0.53 2.64 0.00 0.00 0.00 0.00 0.00 75.99
1252 37.03 0.00 1.01 0.25 0.00 0.00 0.00 0.00 0.00 61.71
1253 42.51 0.00 0.53 2.67 0.00 0.00 0.00 0.00 0.00 54.28
1254 25.31 0.00 0.25 0.50 0.00 0.00 0.00 0.00 0.00 73.93
1255 57.94 0.00 1.59 0.26 0.00 0.00 0.00 0.00 0.00 40.21
1256 15.77 0.00 0.00 0.85 0.00 0.00 0.00 0.00 0.00 83.38
1257 20.58 0.00 0.79 0.53 0.00 0.00 0.00 0.00 0.00 78.10
1258 50.97 0.00 1.67 0.00 0.00 0.00 0.00 0.00 0.00 47.35
1259 15.49 0.00 0.28 0.28 0.00 0.00 0.28 0.00 0.00 83.66
1260 66.98 0.00 0.32 1.59 0.00 0.00 0.00 0.00 0.00 31.11
1261 25.36 0.00 0.58 0.29 0.00 0.00 0.29 0.00 0.00 73.47
1262 13.66 0.00 0.00 0.29 0.00 0.00 0.00 0.00 0.00 86.05
1263 7.45 0.00 0.00 0.31 0.00 0.00 0.00 0.00 0.00 92.24
1264 19.57 0.00 0.27 1.34 0.00 0.00 0.00 0.00 0.00 78.82
1265 8.84 0.00 0.30 0.30 0.00 0.00 0.00 0.00 0.00 90.55
1266 18.48 0.00 0.27 1.09 0.00 0.00 0.00 0.00 0.00 80.16
1267 13.71 0.00 1.14 1.14 0.00 0.00 0.00 0.00 0.00 84.00
1268 10.08 0.00 0.54 18.80 0.00 0.00 0.27 0.00 0.00 70.30
1269 9.56 0.00 1.29 30.49 0.00 0.00 0.00 0.00 0.00 58.66
1270 6.50 0.00 1.00 9.75 0.00 0.25 0.00 0.00 0.00 82.50
1271 58.57 0.00 0.51 1.02 0.00 0.00 0.00 0.00 0.00 39.90
1272 18.53 0.00 0.27 0.27 0.00 0.00 0.00 0.00 0.00 80.93
1273 43.96 0.00 0.55 1.37 0.00 0.00 0.00 0.00 0.00 54.12
1274 3.56 0.00 0.00 1.29 0.00 0.00 0.00 0.00 0.00 95.15
1275 3.22 0.00 0.32 0.32 0.00 0.00 0.32 0.00 0.00 95.82
1276 42.65 0.00 0.00 2.35 0.00 0.00 0.00 0.00 0.00 55.00
1277 15.82 0.00 0.28 0.85 0.00 0.00 0.28 0.00 0.00 82.77
1278 33.54 0.00 0.31 9.23 0.00 0.00 0.00 0.00 0.00 56.92
1279 19.61 0.00 0.28 27.07 0.00 0.00 0.28 0.00 0.00 52.76
1280 38.15 0.00 1.16 24.57 0.00 0.00 0.00 0.00 0.00 36.13
1281 14.24 0.00 0.31 28.79 0.00 0.00 0.00 0.00 0.00 56.66
1282 35.88 0.00 0.56 20.34 0.00 0.00 0.00 0.00 0.00 43.22
1283 18.35 0.00 0.00 0.00 0.00 0.00 0.00 0.00 0.00 81.65
1284 13.87 0.00 0.29 1.73 0.00 0.00 0.29 0.00 0.00 83.82
1285 48.52 0.00 1.48 0.30 0.00 0.00 0.00 0.00 0.00 49.70
1286 7.38 0.00 0.31 0.00 0.00 0.00 0.31 0.00 0.00 92.00
1287 24.35 0.00 0.29 0.87 0.00 0.00 0.00 0.00 0.00 74.49
1288 28.45 0.00 1.93 3.31 0.00 0.28 0.00 0.00 0.00 66.02
1289 25.00 0.00 0.25 0.00 0.00 0.00 0.00 0.00 0.00 74.75
1290 46.95 0.00 0.25 0.51 0.00 0.00 0.00 0.00 0.00 52.28
1291 24.43 0.00 0.50 0.76 0.00 0.00 0.00 0.00 0.00 74.31
1292 32.10 0.00 0.28 1.42 0.00 0.00 0.28 0.00 0.00 65.91
1293 12.03 0.00 0.00 1.58 0.00 0.00 0.00 0.00 0.00 86.39
1294 13.37 0.00 0.29 1.74 0.00 0.00 0.00 0.00 0.00 84.59
1295 36.92 0.00 0.62 1.23 0.00 0.00 0.00 0.00 0.00 61.23
1296 7.43 0.00 0.00 1.55 0.00 0.00 0.31 0.00 0.00 90.71
1297 44.01 0.00 0.28 1.95 0.00 0.00 0.00 0.00 0.00 53.76
1298 9.79 0.00 0.31 19.27 0.00 0.00 0.00 0.00 0.00 70.64
1299 46.57 0.00 3.71 13.71 0.00 0.00 0.00 0.00 0.00 36.00
1300 16.05 0.00 4.01 20.63 0.00 0.00 0.29 0.00 0.00 59.03
1301 9.81 0.00 0.63 3.16 0.00 0.00 0.00 0.00 0.00 86.39
1302 40.67 0.00 0.00 0.61 0.00 0.00 0.00 0.00 0.00 58.72
1303 9.84 0.00 0.66 3.61 0.00 0.00 0.00 0.00 0.00 85.90
1304 42.46 0.00 0.25 2.26 0.00 0.00 0.00 0.00 0.00 55.03
1305 7.43 0.00 0.00 1.24 0.00 0.00 0.31 0.00 0.00 91.02
1306 19.05 0.00 1.79 4.76 0.00 0.30 0.30 0.00 0.00 73.81
1307 45.01 0.00 0.26 6.14 0.00 0.00 0.00 0.00 0.00 48.59
1308 25.13 0.00 0.00 1.01 0.00 0.00 0.00 0.00 0.00 73.87
1309 45.45 0.00 0.25 0.76 0.00 0.25 0.00 0.00 0.00 53.28
1310 20.21 0.00 0.53 0.53 0.00 0.00 0.00 0.00 0.00 78.72
1311 35.71 0.00 0.30 1.79 0.00 0.30 0.00 0.00 0.00 61.90
1312 18.97 0.00 0.27 2.98 0.00 0.00 0.00 0.00 0.00 77.78
1313 30.72 0.00 0.30 0.90 0.00 0.00 0.00 0.00 0.00 68.07
1314 24.44 0.00 0.00 1.69 0.00 0.00 0.00 0.00 0.00 73.88
1315 30.72 0.00 0.29 1.16 0.00 0.00 0.29 0.00 0.00 67.54
1316 20.06 0.00 0.00 2.87 0.00 0.00 0.00 0.00 0.00 77.07
1317 21.47 0.00 0.29 2.06 0.00 0.00 0.00 0.00 0.00 76.18
1318 35.47 0.00 0.31 0.31 0.00 0.00 0.31 0.00 0.00 63.61
1319 10.75 0.00 0.30 0.00 0.00 0.00 0.00 0.00 0.00 88.96
1320 47.89 0.00 0.28 0.56 0.00 0.00 0.00 0.00 0.00 51.27
1321 14.53 0.00 0.28 0.00 0.00 0.00 0.28 0.00 0.00 84.90
1322 21.31 0.00 0.28 1.42 0.00 0.00 0.00 0.00 0.00 76.99
1323 9.66 0.00 1.04 0.00 0.00 0.26 0.00 0.00 0.00 89.03
1324 0.25 0.00 0.50 0.50 0.00 0.00 0.00 0.00 0.00 98.75
1325 0.25 0.00 0.25 0.25 0.00 0.00 0.00 0.00 0.00 99.25
1326 34.10 0.00 0.76 3.05 0.00 0.00 0.00 0.00 0.00 62.09
1327 25.00 0.00 0.25 0.75 0.00 0.00 0.00 0.00 0.00 74.00
1328 44.97 0.00 0.50 0.25 0.00 0.00 0.00 0.00 0.00 54.27
1329 19.35 0.00 0.27 0.27 0.00 0.00 0.00 0.00 0.00 80.11
1330 39.03 0.00 0.28 0.28 0.00 0.00 0.28 0.00 0.00 60.11
1331 3.83 0.00 0.32 0.96 0.00 0.00 0.00 0.00 0.00 94.89
1332 34.89 0.00 0.31 0.62 0.00 0.00 0.00 0.00 0.00 64.17
1333 25.38 0.00 0.25 1.26 0.00 0.00 0.00 0.00 0.00 73.12
1334 25.38 0.00 0.00 0.25 0.00 0.00 0.00 0.00 0.00 74.37
1335 50.13 0.00 0.50 0.50 0.00 0.00 0.00 0.00 0.00 48.87
1336 20.86 0.00 0.27 0.27 0.00 0.00 0.00 0.00 0.00 78.61
1337 45.51 0.00 3.19 0.29 0.00 0.00 0.29 0.00 0.00 50.72
1338 12.87 0.00 1.17 1.75 0.00 0.00 0.00 0.00 0.00 84.21
1339 46.41 0.00 0.00 0.30 0.00 0.00 0.00 0.00 0.00 53.29
1340 18.70 0.00 0.27 1.08 0.00 0.00 0.00 0.00 0.00 79.95
1341 31.33 0.00 0.32 0.32 0.00 0.00 0.00 0.00 0.00 68.04
1342 9.12 0.00 0.00 2.74 0.00 0.00 0.30 0.00 0.00 87.84
1343 20.79 0.00 1.12 4.78 0.00 0.28 0.00 0.00 0.00 73.03
1344 47.15 0.00 0.52 12.44 0.00 0.00 0.00 0.00 0.00 39.90
1345 12.32 0.00 0.29 0.29 0.00 0.00 0.00 0.00 0.00 87.10
1346 40.17 0.00 0.00 16.62 0.00 0.00 0.00 0.00 0.00 43.21
1347 11.54 0.00 0.30 18.93 0.00 0.00 0.00 0.00 0.00 69.23
1348 36.72 0.00 0.60 10.75 0.00 0.30 0.60 0.00 0.00 51.04
1349 8.98 0.00 0.62 14.55 0.00 0.00 0.31 0.00 0.00 75.54
1350 40.47 0.00 2.35 4.69 0.00 0.00 0.00 0.00 0.00 52.49
1351 2.59 0.00 0.32 0.65 0.00 0.00 0.00 0.00 0.00 96.44
1352 20.06 0.00 0.00 0.31 0.00 0.00 0.00 0.00 0.00 79.63
1353 39.13 0.00 0.27 0.00 0.00 0.00 0.00 0.00 0.00 60.60
1354 12.70 0.00 0.33 0.00 0.00 0.00 0.33 0.00 0.00 86.64
1355 39.28 0.00 0.28 0.00 0.00 0.00 0.00 0.00 0.00 60.45
1356 13.43 0.00 0.30 0.60 0.00 0.00 0.00 0.00 0.00 85.67
1357 44.48 0.00 0.29 0.00 0.00 0.00 0.00 0.00 0.00 55.23
1358 13.04 0.00 0.29 0.29 0.00 0.00 0.29 0.00 0.00 86.09
1359 16.35 0.00 0.31 1.57 0.00 0.00 0.00 0.00 0.00 81.76
1360 34.37 0.00 1.29 1.03 0.00 0.26 0.00 0.00 0.00 63.05
1361 24.94 0.00 0.25 2.77 0.00 0.00 0.00 0.00 0.00 72.04
1362 24.87 0.00 0.25 2.26 0.00 0.00 0.25 0.00 0.00 72.36
1363 41.33 0.00 0.80 2.67 0.00 0.00 0.00 0.00 0.00 55.20
1364 0.99 0.00 0.33 1.32 0.00 0.00 0.33 0.00 0.00 97.04
1365 46.39 0.00 0.00 1.55 0.00 0.00 0.00 0.00 0.00 52.06
1366 12.90 0.00 0.00 2.64 0.00 0.00 0.00 0.00 0.00 84.46
1367 37.50 0.00 0.30 1.22 0.00 0.00 0.00 0.00 0.00 60.98
1368 19.24 0.00 0.00 1.63 0.00 0.00 0.00 0.00 0.00 79.13
1369 36.45 0.00 0.00 1.25 0.00 0.00 0.00 0.00 0.00 62.31
1370 17.13 0.00 0.28 1.66 0.00 0.00 0.28 0.00 0.00 80.66
1371 50.00 0.00 0.29 1.45 0.00 0.00 0.00 0.00 0.00 48.26
1372 7.14 0.00 0.31 1.55 0.00 0.00 0.31 0.00 0.00 90.68
1373 54.06 0.00 0.28 2.24 0.00 0.00 0.00 0.00 0.00 43.42
1374 17.77 0.00 0.60 1.20 0.00 0.00 0.00 0.00 0.00 80.42
1375 27.39 0.00 0.27 1.86 0.00 0.00 0.27 0.00 0.00 70.21
1376 30.47 0.00 0.30 2.96 0.00 0.00 0.00 0.00 0.00 66.27
1377 6.54 0.00 0.31 1.87 0.00 0.00 0.31 0.00 0.00 90.97
1378 47.88 0.00 1.32 0.79 0.00 0.26 0.00 0.00 0.00 49.74
1379 25.06 0.00 0.00 1.77 0.00 0.00 0.00 0.00 0.00 73.16
1380 25.00 0.00 0.50 0.75 0.00 0.00 0.00 0.00 0.00 73.75
1381 41.94 0.00 0.81 1.61 0.00 0.27 0.00 0.00 0.00 55.38
1382 7.41 0.00 0.31 2.16 0.00 0.00 0.00 0.00 0.00 90.12
1383 43.70 0.00 0.80 2.95 0.00 0.00 0.00 0.00 0.00 52.55
1384 11.47 0.00 0.29 0.59 0.00 0.00 0.29 0.00 0.00 87.35
1385 40.95 0.00 0.00 0.89 0.00 0.00 0.00 0.00 0.00 58.16
1386 14.86 0.00 0.29 2.00 0.00 0.00 0.00 0.00 0.00 82.86
1387 44.44 0.00 0.30 0.30 0.00 0.00 0.00 0.00 0.00 54.95
1388 16.34 0.00 0.00 2.82 0.00 0.00 0.28 0.00 0.00 80.56
1389 40.87 0.00 0.31 0.93 0.00 0.00 0.31 0.00 0.00 57.59
1390 18.08 0.00 0.00 1.46 0.00 0.00 0.29 0.00 0.00 80.17
1391 10.91 0.00 0.30 2.42 0.00 0.00 0.30 0.00 0.00 86.06
1392 39.94 0.00 0.64 1.60 0.00 0.00 0.32 0.00 0.00 57.51
1393 1.32 0.00 0.33 1.99 0.00 0.00 0.66 0.00 0.00 95.70
1394 5.67 0.00 0.33 2.00 0.00 0.00 0.00 0.00 0.00 92.00
1395 41.47 0.00 1.05 2.62 0.00 0.00 0.00 0.00 0.00 54.86
1396 25.00 0.00 0.25 0.75 0.00 0.00 0.00 0.00 0.00 74.00
1397 45.41 0.00 0.26 4.08 0.00 0.00 0.00 0.00 0.00 50.26
1398 25.13 0.00 1.01 7.04 0.00 0.00 0.00 0.00 0.00 66.83
1399 44.68 0.00 1.60 1.86 0.00 0.00 0.00 0.00 0.00 51.86
1400 11.83 0.00 0.30 0.89 0.00 0.00 0.00 0.00 0.00 86.98
1401 39.31 0.00 0.58 1.73 0.00 0.00 0.29 0.00 0.00 58.09
1402 3.23 0.00 0.32 1.61 0.00 0.00 0.32 0.00 0.00 94.52
1403 22.03 0.00 0.00 1.41 0.00 0.00 0.00 0.00 0.00 76.55
1404 33.83 0.00 0.00 1.20 0.00 0.00 0.30 0.00 0.00 64.67
1405 10.48 0.00 0.00 2.99 0.00 0.00 0.00 0.00 0.00 86.53
1406 48.03 0.00 0.00 0.56 0.00 0.00 0.28 0.00 0.00 51.12
1407 5.08 0.00 0.32 0.95 0.00 0.00 0.00 0.00 0.00 93.65
1408 46.71 0.00 0.60 0.00 0.00 0.00 0.30 0.00 0.00 52.40
1409 10.78 0.00 0.00 0.60 0.00 0.00 0.00 0.00 0.00 88.62
1410 36.53 0.00 0.30 0.30 0.00 0.00 0.00 0.00 0.00 62.87
1411 13.33 0.00 0.00 0.29 0.00 0.00 0.00 0.00 0.00 86.38
1412 14.41 0.00 1.18 1.18 0.00 0.29 0.00 0.00 0.00 82.94
1413 53.40 0.00 0.50 4.53 0.00 0.00 0.00 0.00 0.00 41.56
1414 15.06 0.00 0.00 2.84 0.00 0.00 0.28 0.00 0.00 81.82
1415 84.17 0.00 0.79 0.00 0.00 0.00 0.00 0.00 0.00 15.04
1416 88.76 0.00 0.86 0.86 0.00 0.00 0.00 0.00 0.00 9.51
1417 5.43 0.00 0.00 15.76 0.00 0.00 0.00 0.00 0.00 78.80
1418 0.75 0.00 0.50 50.00 0.00 0.00 0.00 0.00 0.00 48.75
1419 0.00 0.00 0.00 56.06 0.00 0.00 0.00 0.00 0.00 43.94
1420 0.25 0.00 0.50 99.25 0.00 0.00 0.00 0.00 0.00 0.00
1421 0.50 0.00 0.25 93.23 0.00 0.00 0.00 0.00 0.00 6.02
1422 0.50 0.00 0.75 73.93 0.00 0.00 0.00 0.00 0.00 24.81
1423 0.25 0.00 0.51 77.16 0.00 0.00 0.00 0.00 0.00 22.08
1424 0.25 0.00 0.50 56.28 0.00 0.00 0.00 0.00 0.00 42.96
1425 0.76 0.00 6.80 51.13 0.00 0.00 0.00 0.00 0.00 41.31
1426 0.75 0.00 0.50 37.44 0.00 0.00 0.25 0.00 0.00 61.06
1427 0.00 0.00 0.25 9.80 0.00 0.00 0.00 0.00 0.00 89.95
1428 0.25 0.00 0.00 1.00 0.00 0.00 0.00 0.00 0.00 98.75
1429 0.25 0.00 0.00 0.50 0.00 0.00 0.00 0.00 0.00 99.25
1430 0.00 0.00 0.00 0.25 0.00 0.00 0.00 0.00 0.00 99.75
1431 0.00 0.00 0.25 0.50 0.00 0.00 0.00 0.00 0.00 99.25
1432 0.00 0.00 0.00 1.00 0.00 0.00 0.00 0.00 0.00 99.00
1433 0.25 0.00 0.25 0.50 0.00 0.00 0.00 0.00 0.00 99.00
1434 0.00 0.00 0.25 0.25 0.00 0.00 0.00 0.00 0.00 99.50
1435 0.00 0.00 0.25 0.25 0.00 0.00 0.00 0.00 0.00 99.50
1436 0.25 0.00 0.25 0.25 0.00 0.00 0.00 0.00 0.00 99.25
1437 0.00 0.00 0.25 0.75 0.00 0.00 0.00 0.00 0.00 98.99
1438 0.00 0.00 0.25 0.25 0.00 0.00 0.00 0.00 0.00 99.50
1439 0.00 0.00 0.25 0.25 0.00 0.00 0.00 0.00 0.00 99.50
1440 0.00 0.00 0.00 0.00 0.00 0.00 0.00 0.00 0.00 100.00
1441 0.25 0.00 0.50 0.50 0.00 0.00 0.00 0.00 0.00 98.76
1442 0.25 0.00 0.00 0.25 0.00 0.00 0.00 0.00 0.00 99.50
1443 0.00 0.00 0.00 0.25 0.00 0.00 0.00 0.00 0.00 99.75
1444 0.00 0.00 0.00 0.50 0.00 0.00 0.00 0.00 0.00 99.50
1445 0.25 0.00 0.25 0.75 0.00 0.00 0.00 0.00 0.00 98.75
1446 0.00 0.00 0.25 0.50 0.00 0.00 0.00 0.00 0.00 99.25
1447 0.00 0.00 0.25 1.75 0.00 0.00 0.00 0.00 0.00 98.00
1448 0.00 0.00 0.00 0.00 0.00 0.00 0.00 0.00 0.00 100.00
1449 0.00 0.00 0.25 0.25 0.00 0.00 0.00 0.00 0.00 99.50
1450 0.25 0.00 0.00 0.00 0.00 0.00 0.00 0.00 0.00 99.75
1451 0.00 0.00 0.25 0.75 0.00 0.00 0.00 0.00 0.00 99.00
1452 0.25 0.00 0.25 0.25 0.00 0.25 0.00 0.00 0.00 99.00
1453 0.25 0.00 0.25 0.50 0.00 0.00 0.00 0.00 0.00 99.00
1454 0.25 0.00 0.25 1.25 0.00 0.00 0.00 0.00 0.00 98.25
1455 0.00 0.00 0.00 0.50 0.00 0.00 0.00 0.00 0.00 99.50
1456 0.00 0.00 0.00 0.50 0.00 0.00 0.00 0.00 0.00 99.50
1457 0.25 0.00 0.50 1.00 0.00 0.00 0.00 0.00 0.00 98.25
1458 0.00 0.00 0.25 0.00 0.00 0.00 0.00 0.00 0.00 99.75
1459 0.25 0.00 0.25 0.50 0.00 0.00 0.00 0.00 0.00 99.00
1460 0.00 0.00 0.00 0.00 0.00 0.00 0.00 0.00 0.00 100.00
1461 0.00 0.00 0.25 1.00 0.00 0.00 0.00 0.00 0.00 98.75
1462 0.25 0.00 0.00 0.75 0.00 0.00 0.00 0.00 0.00 99.00
1463 0.00 0.00 0.25 0.50 0.00 0.00 0.00 0.00 0.00 99.25
1464 0.25 0.00 0.00 0.00 0.00 0.00 0.00 0.00 0.00 99.75
1465 0.00 0.00 0.00 0.50 0.00 0.00 0.00 0.00 0.00 99.50
1466 0.00 0.00 0.00 0.00 0.00 0.00 0.00 0.00 0.00 100.00
1467 0.00 0.00 0.25 0.75 0.00 0.00 0.00 0.00 0.00 99.00
1468 0.00 0.00 0.00 0.00 0.00 0.00 0.00 0.00 0.00 100.00
1469 0.25 0.00 0.00 0.75 0.00 0.00 0.00 0.00 0.00 99.00
1470 0.00 0.00 0.25 2.25 0.00 0.00 0.00 0.00 0.00 97.50
1471 0.00 0.00 0.25 3.76 0.00 0.00 0.00 0.00 0.00 95.99
1472 0.00 0.00 0.25 2.51 0.00 0.00 0.00 0.00 0.00 97.24
1473 0.00 0.00 0.00 5.01 0.00 0.00 0.00 0.00 0.00 94.99
1474 0.25 0.00 0.25 5.25 0.00 0.00 0.00 0.00 0.00 94.25
1475 0.00 0.00 0.00 3.51 0.00 0.00 0.00 0.00 0.00 96.49
1476 0.25 0.00 0.25 2.00 0.00 0.00 0.00 0.00 0.00 97.51
1477 0.00 0.00 0.00 4.27 0.00 0.00 0.00 0.00 0.00 95.73
1478 0.00 0.00 0.25 5.50 0.00 0.00 0.00 0.00 0.00 94.25
1479 0.00 0.00 0.25 4.02 0.00 0.00 0.00 0.00 0.00 95.73
1480 0.00 0.00 0.25 0.75 0.00 0.00 0.00 0.00 0.00 99.00
1481 0.25 0.00 0.00 0.50 0.00 0.00 0.00 0.00 0.00 99.25
1482 0.25 0.00 0.25 1.00 0.00 0.00 0.00 0.00 0.00 98.50
1483 0.50 0.00 0.50 0.25 0.00 0.00 0.00 0.00 0.00 98.76
1484 0.25 0.00 0.25 0.75 0.00 0.00 0.00 0.00 0.00 98.75
1485 0.25 0.00 0.25 0.50 0.00 0.00 0.00 0.00 0.00 99.00
1486 0.00 0.00 0.25 3.00 0.00 0.00 0.00 0.00 0.00 96.75
1487 0.00 0.00 0.00 3.77 0.00 0.00 0.00 0.00 0.00 96.23
1488 0.25 0.00 0.25 1.75 0.00 0.00 0.00 0.00 0.00 97.74
1489 0.25 0.00 0.00 14.29 0.00 0.00 0.00 0.00 0.00 85.46
1490 0.00 0.00 0.50 4.75 0.00 0.00 0.00 0.00 0.00 94.75
1491 0.25 0.00 0.25 0.50 0.00 0.00 0.00 0.00 0.00 99.00
1492 0.00 0.00 0.25 0.75 0.00 0.00 0.00 0.00 0.00 99.00
1493 0.00 0.00 0.00 0.50 0.00 0.00 0.00 0.00 0.00 99.50
1494 0.25 0.00 0.25 0.25 0.00 0.00 0.00 0.00 0.00 99.25
1495 0.00 0.00 0.00 0.25 0.00 0.00 0.00 0.00 0.00 99.75
1496 0.00 0.00 0.25 1.00 0.00 0.00 0.00 0.00 0.00 98.75
1497 0.00 0.00 0.00 0.25 0.00 0.00 0.00 0.00 0.00 99.75
1498 0.25 0.00 0.25 0.75 0.00 0.00 0.00 0.00 0.00 98.75
1499 0.25 0.00 0.25 0.75 0.00 0.00 0.00 0.00 0.00 98.75
1500 0.00 0.00 0.25 1.51 0.00 0.00 0.00 0.00 0.00 98.24
1501 0.00 0.00 0.25 0.25 0.00 0.00 0.00 0.00 0.00 99.50
1502 0.00 0.00 0.25 1.25 0.00 0.00 0.00 0.00 0.00 98.50
1503 0.25 0.00 0.00 0.75 0.00 0.00 0.00 0.00 0.00 99.00
1504 0.00 0.00 0.25 1.50 0.00 0.00 0.00 0.00 0.00 98.25
1505 0.25 0.00 0.25 0.50 0.00 0.00 0.00 0.00 0.00 99.00
1506 0.00 0.00 0.25 1.49 0.00 0.25 0.25 0.00 0.00 97.76
1507 0.00 0.00 0.00 0.50 0.00 0.00 0.00 0.00 0.00 99.50
1508 0.00 0.00 0.25 1.25 0.00 0.00 0.00 0.00 0.00 98.50
1509 0.25 0.00 0.25 0.50 0.00 0.00 0.00 0.00 0.00 98.99
1510 0.00 0.00 0.00 1.76 0.00 0.00 0.00 0.00 0.00 98.24
1511 0.75 0.00 1.00 19.80 0.00 0.00 0.00 0.00 0.00 78.45
1512 1.52 0.00 1.77 22.78 0.00 0.00 0.00 0.00 0.00 73.92
1513 2.52 0.00 1.76 21.41 0.00 0.00 0.00 0.00 0.00 74.31
1514 1.75 0.00 1.25 11.78 0.00 0.00 0.00 0.00 0.00 85.21
1515 0.25 0.00 0.00 0.75 0.00 0.00 0.00 0.00 0.00 99.00
1516 4.75 0.00 4.25 2.00 0.00 0.00 0.00 0.00 0.00 89.00
