0 0.00 0.00 0.00 1.50 0.00 0.00 0.00 0.00 0.00 98.50
1 0.25 0.00 0.00 0.00 0.00 0.00 0.00 0.00 0.00 99.75
2 0.00 0.00 0.25 0.75 0.00 0.00 0.00 0.00 0.00 99.00
3 0.00 0.00 0.25 0.25 0.00 0.00 0.00 0.00 0.00 99.50
4 0.25 0.00 0.25 1.25 0.00 0.00 0.00 0.00 0.00 98.25
5 0.00 0.00 0.00 0.75 0.00 0.00 0.00 0.00 0.00 99.25
6 5.30 0.00 2.53 1.26 0.00 0.00 0.00 0.00 0.00 90.91
7 0.25 0.00 0.00 0.75 0.00 0.00 0.00 0.00 0.00 99.00
8 0.25 0.00 0.25 0.50 0.00 0.00 0.00 0.00 0.00 99.00
9 0.00 0.00 0.25 1.25 0.00 0.00 0.00 0.00 0.00 98.50
10 0.00 0.00 0.25 18.39 0.00 0.00 0.00 0.00 0.00 81.36
11 0.25 0.00 0.50 24.50 0.00 0.00 0.00 0.00 0.00 74.75
12 0.25 0.00 0.00 24.62 0.00 0.00 0.00 0.00 0.00 75.13
13 0.25 0.00 0.50 35.77 0.00 0.00 0.00 0.00 0.00 63.48
14 2.53 0.00 1.01 29.37 0.00 0.00 0.00 0.00 0.00 67.09
15 1.76 0.00 0.50 24.87 0.00 0.00 0.00 0.00 0.00 72.86
16 4.58 0.00 0.51 21.37 0.00 0.00 0.00 0.00 0.00 73.54
17 2.26 0.00 0.75 22.36 0.00 0.00 0.00 0.00 0.00 74.62
18 3.29 0.00 0.76 22.03 0.00 0.00 0.00 0.00 0.00 73.92
19 0.75 0.00 0.25 25.38 0.00 0.00 0.00 0.00 0.00 73.62
20 3.79 0.00 0.51 24.49 0.00 0.00 0.00 0.00 0.00 71.21
21 7.98 0.00 1.00 19.70 0.00 0.00 0.00 0.00 0.00 71.32
22 8.72 0.00 0.77 19.23 0.00 0.00 0.00 0.00 0.00 71.28
23 8.21 0.00 1.28 21.54 0.00 0.00 0.00 0.00 0.00 68.97
24 10.77 0.00 0.51 19.23 0.00 0.00 0.00 0.00 0.00 69.49
25 5.78 0.00 0.75 21.61 0.00 0.00 0.00 0.00 0.00 71.86
26 9.87 0.00 1.82 15.06 0.00 0.00 0.00 0.00 0.00 73.25
27 12.44 0.00 2.54 13.96 0.00 0.00 0.25 0.00 0.00 70.81
28 7.14 0.00 1.79 21.68 0.00 0.26 0.00 0.00 0.00 69.13
29 9.04 0.00 7.29 19.83 0.00 0.58 0.00 0.00 0.00 63.27
30 2.03 0.00 7.59 18.73 0.00 0.00 0.00 0.00 0.00 71.65
31 5.76 0.00 0.25 23.06 0.00 0.00 0.00 0.00 0.00 70.93
32 3.08 0.00 0.77 21.54 0.00 0.00 0.00 0.00 0.00 74.62
33 0.76 0.00 0.50 25.19 0.00 0.00 0.00 0.00 0.00 73.55
34 1.26 0.00 0.25 25.00 0.00 0.00 0.00 0.00 0.00 73.48
35 2.53 0.00 1.01 20.76 0.00 0.00 0.00 0.00 0.00 75.70
36 5.68 0.00 0.52 20.67 0.00 0.00 0.00 0.00 0.00 73.13
37 1.76 0.00 0.50 26.63 0.00 0.00 0.00 0.00 0.00 71.11
38 1.75 0.00 0.25 26.32 0.00 0.00 0.00 0.00 0.00 71.68
39 1.25 0.00 0.75 28.50 0.00 0.00 0.00 0.00 0.00 69.50
40 5.36 0.00 2.55 22.45 0.00 0.00 0.00 0.00 0.00 69.64
41 2.78 0.00 0.25 29.80 0.00 0.00 0.00 0.00 0.00 67.17
42 13.04 0.00 2.05 17.14 0.00 0.00 0.00 0.00 0.00 67.77
43 70.39 0.00 5.97 13.25 0.00 0.00 0.26 0.00 0.00 10.13
44 55.91 0.00 40.05 0.81 0.00 0.00 2.15 0.00 0.00 1.08
45 48.16 0.00 6.58 23.16 0.00 0.26 0.00 0.00 0.00 21.84
46 36.34 0.00 4.24 35.28 0.00 0.00 0.00 0.00 0.00 24.14
47 36.94 0.00 4.72 23.06 0.00 0.28 0.00 0.00 0.00 35.00
48 37.70 0.00 7.92 34.43 0.00 0.27 0.27 0.00 0.00 19.40
49 52.02 0.00 3.76 23.99 0.00 0.00 0.00 0.00 0.00 20.23
50 52.56 0.00 12.67 28.57 0.00 0.00 0.27 0.00 0.00 5.93
51 45.66 0.00 9.24 28.01 0.00 0.28 0.00 0.00 0.00 16.81
52 9.02 0.00 1.03 37.37 0.00 0.00 0.00 0.00 0.00 52.58
53 7.40 0.00 1.28 46.68 0.00 0.00 0.00 0.00 0.00 44.64
54 0.76 0.00 0.51 24.87 0.00 0.00 0.25 0.00 0.00 73.60
55 1.76 0.00 0.76 28.21 0.00 0.00 0.00 0.00 0.00 69.27
56 17.71 0.00 3.12 26.56 0.00 0.00 0.00 0.00 0.00 52.60
57 19.57 0.00 3.49 50.13 0.00 0.00 0.00 0.00 0.00 26.81
58 1.01 0.00 0.50 73.55 0.00 0.00 0.00 0.00 0.00 24.94
59 2.88 0.00 0.26 49.21 0.00 0.00 0.00 0.00 0.00 47.64
60 0.00 0.00 0.25 25.00 0.00 0.00 0.00 0.00 0.00 74.75
61 6.19 0.00 0.77 61.34 0.00 0.00 0.00 0.00 0.00 31.70
62 0.25 0.00 0.25 27.32 0.00 0.00 0.00 0.00 0.00 72.18
63 0.76 0.00 0.50 72.80 0.00 0.00 0.00 0.00 0.00 25.94
64 9.90 0.00 1.04 59.64 0.00 0.00 0.00 0.00 0.00 29.43
65 3.01 0.00 0.25 32.83 0.00 0.00 0.00 0.00 0.00 63.91
66 10.47 0.00 2.36 37.96 0.00 0.00 0.00 0.00 0.00 49.21
67 10.74 0.00 1.28 62.40 0.00 0.26 0.00 0.00 0.00 25.32
68 7.14 0.00 1.79 52.04 0.00 0.00 0.00 0.00 0.00 39.03
69 19.90 0.00 2.62 52.09 0.00 0.00 0.00 0.00 0.00 25.39
70 8.72 0.00 0.51 56.67 0.00 0.00 0.00 0.00 0.00 34.10
71 12.40 0.00 2.58 54.52 0.00 0.00 0.00 0.00 0.00 30.49
72 20.61 0.00 4.58 49.11 0.00 0.00 0.25 0.00 0.00 25.45
73 10.74 0.00 1.02 64.19 0.00 0.00 0.00 0.00 0.00 24.04
74 6.30 0.00 1.01 71.28 0.00 0.00 0.25 0.00 0.00 21.16
75 9.67 0.00 3.82 45.80 0.00 0.00 0.00 0.00 0.00 40.71
76 6.09 0.00 0.76 47.46 0.00 0.00 0.00 0.00 0.00 45.69
77 10.35 0.00 1.26 40.91 0.00 0.00 0.00 0.00 0.00 47.47
78 11.90 0.00 3.29 33.42 0.00 0.00 0.00 0.00 0.00 51.39
79 12.05 0.00 1.79 63.08 0.00 0.00 0.00 0.00 0.00 23.08
80 13.95 0.00 2.84 65.12 0.00 0.26 0.00 0.00 0.00 17.83
81 12.56 0.00 1.28 72.05 0.00 0.00 0.00 0.00 0.00 14.10
82 25.95 0.00 4.05 48.92 0.00 0.00 0.27 0.00 0.00 20.81
83 25.07 0.00 5.28 53.83 0.00 0.00 0.00 0.00 0.00 15.83
84 19.63 0.00 4.97 59.95 0.00 0.00 0.00 0.00 0.00 15.45
85 13.58 0.00 0.52 57.44 0.00 0.00 0.00 0.00 0.00 28.46
86 20.57 0.00 4.17 39.06 0.00 0.26 0.00 0.00 0.00 35.94
87 24.46 0.00 4.03 36.02 0.00 0.00 0.00 0.00 0.00 35.48
88 35.77 0.00 4.88 42.82 0.00 0.00 0.00 0.00 0.00 16.53
89 35.62 0.00 4.66 46.58 0.00 0.27 0.27 0.00 0.00 12.60
90 42.86 0.00 7.42 43.96 0.00 0.27 0.00 0.00 0.00 5.49
91 59.01 0.00 7.85 17.15 0.00 0.00 0.00 0.00 0.00 15.99
92 57.14 0.00 12.91 14.29 0.00 0.27 0.00 0.00 0.00 15.38
93 69.25 0.00 15.23 10.63 0.00 0.29 0.29 0.00 0.00 4.31
94 22.43 0.00 2.37 12.66 0.00 0.00 0.00 0.00 0.00 62.53
95 0.50 0.00 1.50 12.75 0.00 0.75 0.00 0.00 0.00 84.50
96 19.53 0.00 0.00 6.25 0.00 0.00 0.00 0.00 0.00 74.22
97 67.54 0.00 7.54 0.29 0.00 0.00 0.00 0.00 0.00 24.64
98 0.75 0.00 0.00 2.01 0.00 0.00 0.00 0.00 0.00 97.24
99 0.25 0.00 0.25 3.25 0.00 0.00 0.00 0.00 0.00 96.25
100 0.77 0.00 0.26 8.93 0.00 0.00 0.00 0.00 0.00 90.05
101 0.50 0.00 0.25 16.54 0.00 0.00 0.00 0.00 0.00 82.71
102 0.50 0.00 0.25 13.97 0.00 0.00 0.00 0.00 0.00 85.29
103 0.25 0.00 0.00 12.78 0.00 0.00 0.00 0.00 0.00 86.97
104 0.00 0.00 0.51 10.35 0.00 0.00 0.00 0.00 0.00 89.14
105 2.25 0.00 0.50 28.75 0.00 0.00 0.00 0.00 0.00 68.50
106 5.05 0.00 0.51 27.53 0.00 0.00 0.00 0.00 0.00 66.92
107 48.33 0.00 5.00 5.00 0.00 0.00 0.28 0.00 0.00 41.39
108 0.25 0.00 0.00 3.27 0.00 0.00 0.00 0.00 0.00 96.48
109 0.25 0.00 0.25 5.78 0.00 0.00 0.00 0.00 0.00 93.72
110 0.50 0.00 0.50 5.25 0.00 0.00 0.00 0.00 0.00 93.75
111 1.26 0.00 0.00 21.21 0.00 0.00 0.00 0.00 0.00 77.53
112 48.17 0.00 5.92 13.24 0.00 0.00 0.00 0.00 0.00 32.68
113 28.92 0.00 2.71 0.60 0.00 0.00 0.30 0.00 0.00 67.47
114 20.53 0.00 0.00 0.53 0.00 0.00 0.00 0.00 0.00 78.93
115 26.65 0.00 1.85 8.97 0.00 0.00 0.26 0.00 0.00 62.27
116 18.23 0.00 0.28 1.42 0.00 0.00 0.00 0.00 0.00 80.06
117 11.61 0.00 0.00 2.08 0.00 0.00 0.00 0.00 0.00 86.31
118 28.79 0.00 2.17 5.57 0.00 0.00 0.62 0.00 0.00 62.85
119 13.79 0.00 0.29 2.30 0.00 0.00 0.29 0.00 0.00 83.33
120 6.85 0.00 0.00 4.98 0.00 0.00 0.31 0.00 0.00 87.85
121 26.59 0.00 0.29 11.56 0.00 0.00 0.00 0.00 0.00 61.56
122 10.48 0.00 0.00 2.40 0.00 0.00 0.00 0.00 0.00 87.13
123 5.06 0.00 0.63 0.63 0.00 0.00 0.32 0.00 0.00 93.35
124 6.13 0.00 0.00 10.67 0.00 0.00 0.00 0.00 0.00 83.20
125 0.25 0.00 0.50 3.26 0.00 0.00 0.00 0.00 0.00 95.99
126 0.25 0.00 0.25 2.01 0.00 0.00 0.00 0.00 0.00 97.49
127 0.25 0.00 0.50 1.00 0.00 0.00 0.00 0.00 0.00 98.25
128 0.25 0.00 0.25 1.00 0.00 0.00 0.00 0.00 0.00 98.50
129 0.50 0.00 0.25 0.25 0.00 0.00 0.00 0.00 0.00 99.00
130 0.00 0.00 0.25 0.25 0.00 0.00 0.00 0.00 0.00 99.50
131 0.25 0.00 0.50 0.00 0.00 0.00 0.25 0.00 0.00 99.00
132 0.25 0.00 0.25 1.25 0.00 0.00 0.00 0.00 0.00 98.25
133 0.50 0.00 0.25 2.25 0.00 0.00 0.00 0.00 0.00 97.00
134 0.00 0.00 0.76 8.31 0.00 0.00 0.00 0.00 0.00 90.93
135 0.00 0.00 0.00 0.25 0.00 0.00 0.00 0.00 0.00 99.75
136 0.50 0.00 0.50 1.50 0.00 0.00 0.00 0.00 0.00 97.50
137 0.25 0.00 0.00 0.25 0.00 0.00 0.00 0.00 0.00 99.50
138 0.76 0.00 0.76 25.69 0.00 0.00 0.00 0.00 0.00 72.80
139 0.25 0.00 0.00 1.01 0.00 0.00 0.00 0.00 0.00 98.74
140 0.25 0.00 0.50 4.51 0.00 0.00 0.00 0.00 0.00 94.74
141 0.25 0.00 0.50 0.00 0.00 0.00 0.00 0.00 0.00 99.25
142 0.25 0.00 0.00 2.26 0.00 0.00 0.00 0.00 0.00 97.49
143 0.25 0.00 0.00 0.00 0.00 0.00 0.00 0.00 0.00 99.75
144 0.25 0.00 0.50 0.75 0.00 0.00 0.00 0.00 0.00 98.50
145 36.54 0.00 1.65 9.07 0.00 0.00 0.00 0.00 0.00 52.75
146 7.12 0.00 0.00 0.00 0.00 0.00 0.31 0.00 0.00 92.57
147 11.57 0.00 0.00 0.00 0.00 0.00 0.00 0.00 0.00 88.43
148 16.72 0.00 1.24 2.79 0.00 0.00 0.00 0.00 0.00 79.26
149 15.06 0.00 0.00 0.57 0.00 0.00 0.00 0.00 0.00 84.38
150 22.29 0.00 0.29 1.17 0.00 0.00 0.00 0.00 0.00 76.25
151 6.29 0.00 0.00 0.31 0.00 0.00 0.31 0.00 0.00 93.08
152 18.96 0.00 0.61 1.83 0.00 0.00 0.00 0.00 0.00 78.59
153 3.56 0.00 0.32 0.97 0.00 0.00 0.32 0.00 0.00 94.82
154 11.01 0.00 0.30 1.49 0.00 0.00 0.00 0.00 0.00 87.20
155 13.30 0.00 0.55 0.28 0.00 0.00 0.00 0.00 0.00 85.87
156 0.25 0.00 0.25 0.50 0.00 0.00 0.00 0.00 0.00 99.00
157 0.25 0.00 0.25 0.75 0.00 0.00 0.25 0.00 0.00 98.49
158 0.25 0.00 0.25 0.75 0.00 0.00 0.00 0.00 0.00 98.75
159 0.75 0.00 0.00 0.75 0.00 0.00 0.00 0.00 0.00 98.49
160 0.50 0.00 0.50 1.50 0.00 0.00 0.00 0.00 0.00 97.51
161 0.50 0.00 0.00 1.01 0.00 0.00 0.00 0.00 0.00 98.49
162 0.50 0.00 0.25 3.01 0.00 0.00 0.00 0.00 0.00 96.24
163 0.25 0.00 0.25 1.76 0.00 0.00 0.00 0.00 0.00 97.73
164 0.50 0.00 0.75 3.24 0.00 0.00 0.00 0.00 0.00 95.51
165 0.25 0.00 0.25 1.01 0.00 0.00 0.00 0.00 0.00 98.49
166 0.50 0.00 0.50 2.26 0.00 0.00 0.00 0.00 0.00 96.74
167 0.50 0.00 0.00 1.25 0.00 0.00 0.00 0.00 0.00 98.25
168 0.25 0.00 0.00 13.07 0.00 0.00 0.00 0.00 0.00 86.68
169 0.25 0.00 0.25 9.52 0.00 0.00 0.00 0.00 0.00 89.97
170 0.50 0.00 0.25 16.21 0.00 0.00 0.25 0.00 0.00 82.79
171 0.25 0.00 0.00 3.25 0.00 0.00 0.00 0.00 0.00 96.50
172 0.00 0.00 0.00 2.52 0.00 0.00 0.00 0.00 0.00 97.48
173 0.25 0.00 0.00 2.26 0.00 0.00 0.00 0.00 0.00 97.49
174 0.00 0.00 0.25 1.51 0.00 0.00 0.00 0.00 0.00 98.24
175 0.25 0.00 0.00 1.51 0.00 0.00 0.00 0.00 0.00 98.24
176 0.25 0.00 0.25 3.02 0.00 0.00 0.00 0.00 0.00 96.48
177 8.82 0.00 0.50 1.76 0.00 0.00 0.00 0.00 0.00 88.92
178 45.13 0.00 5.31 2.36 0.00 0.00 0.00 0.00 0.00 47.20
179 6.54 0.00 0.00 2.80 0.00 0.00 0.31 0.00 0.00 90.34
180 15.77 0.00 0.56 2.82 0.00 0.00 0.00 0.00 0.00 80.85
181 35.60 0.00 0.27 4.08 0.00 0.00 0.00 0.00 0.00 60.05
182 58.31 0.00 1.36 15.80 0.00 0.00 0.27 0.00 0.00 24.25
183 45.98 0.00 0.57 5.75 0.00 0.00 0.29 0.00 0.00 47.41
184 6.85 0.00 0.31 2.80 0.00 0.00 0.00 0.00 0.00 90.03
185 13.87 0.00 0.00 2.89 0.00 0.00 0.00 0.00 0.00 83.24
186 5.40 0.00 0.00 2.86 0.00 0.00 0.32 0.00 0.00 91.43
187 60.79 0.00 1.22 0.00 0.00 0.00 0.00 0.00 0.00 37.99
188 10.51 0.00 0.00 0.00 0.00 0.00 0.00 0.00 0.00 89.49
189 32.29 0.00 0.94 0.63 0.00 0.31 0.00 0.00 0.00 65.83
190 33.96 0.00 0.53 1.60 0.00 0.00 0.00 0.00 0.00 63.90
191 7.14 0.00 1.55 3.11 0.00 0.00 0.31 0.00 0.00 87.89
192 7.95 0.00 0.61 2.75 0.00 0.00 0.31 0.00 0.00 88.38
193 64.38 0.00 2.37 6.07 0.00 0.00 0.00 0.00 0.00 27.18
194 33.50 0.00 0.50 6.05 0.00 0.00 0.00 0.00 0.00 59.95
195 9.12 0.00 0.00 2.43 0.00 0.00 0.00 0.00 0.00 88.45
196 5.08 0.00 0.63 1.27 0.00 0.00 0.32 0.00 0.00 92.70
197 62.28 0.00 1.80 29.94 0.00 0.00 0.30 0.00 0.00 5.69
198 27.79 0.00 4.01 36.96 0.00 0.00 0.00 0.00 0.00 31.23
199 3.93 0.00 1.97 54.43 0.00 0.00 0.33 0.00 0.00 39.34
200 37.07 0.00 0.29 27.30 0.00 0.00 0.00 0.00 0.00 35.34
201 15.08 0.00 1.54 45.23 0.00 0.00 0.00 0.00 0.00 38.15
202 15.48 0.00 3.27 36.90 0.00 0.00 0.60 0.00 0.00 43.75
203 32.84 0.00 2.07 3.25 0.00 0.00 0.30 0.00 0.00 61.54
204 2.92 0.00 0.32 0.97 0.00 0.00 0.32 0.00 0.00 95.45
205 7.45 0.00 0.00 3.42 0.00 0.00 0.00 0.00 0.00 89.13
206 10.19 0.00 0.93 1.85 0.00 0.31 0.31 0.00 0.00 86.42
207 43.06 0.00 2.02 17.63 0.00 0.00 0.29 0.00 0.00 36.99
208 13.91 0.00 0.29 1.74 0.00 0.00 0.00 0.00 0.00 84.06
209 5.11 0.00 0.00 2.56 0.00 0.00 0.00 0.00 0.00 92.33
210 16.94 0.00 0.28 0.83 0.00 0.00 0.28 0.00 0.00 81.67
211 47.85 0.00 2.42 8.06 0.00 0.00 0.00 0.00 0.00 41.67
212 6.54 0.00 0.31 2.49 0.00 0.00 0.00 0.00 0.00 90.65
213 32.43 0.00 1.36 6.81 0.00 0.54 0.00 0.00 0.00 58.86
214 6.05 0.00 0.00 1.27 0.00 0.00 0.32 0.00 0.00 92.36
215 13.29 0.00 0.58 3.47 0.00 0.00 0.29 0.00 0.00 82.37
216 24.07 0.00 1.23 4.94 0.00 0.31 0.00 0.00 0.00 69.44
217 10.56 0.00 0.62 2.80 0.00 0.00 0.31 0.00 0.00 85.71
218 11.57 0.00 0.00 5.04 0.00 0.00 0.30 0.00 0.00 83.09
219 7.45 0.00 0.31 1.86 0.00 0.00 0.00 0.00 0.00 90.37
220 43.73 0.00 0.87 0.87 0.00 0.00 0.29 0.00 0.00 54.23
221 9.76 0.00 0.00 2.44 0.00 0.00 0.00 0.00 0.00 87.80
222 4.17 0.00 0.32 6.09 0.00 0.00 0.00 0.00 0.00 89.42
223 42.82 0.00 1.93 6.08 0.00 0.83 0.28 0.00 0.00 48.07
224 5.26 0.00 0.66 8.88 0.00 0.00 0.00 0.00 0.00 85.20
225 5.99 0.00 0.00 3.15 0.00 0.00 0.00 0.00 0.00 90.85
226 28.71 0.00 0.00 2.21 0.00 0.00 0.00 0.00 0.00 69.09
227 8.81 0.00 0.30 3.95 0.00 0.00 0.30 0.00 0.00 86.63
228 14.81 0.00 0.00 0.85 0.00 0.00 0.57 0.00 0.00 83.76
229 9.70 0.00 0.91 2.12 0.00 0.30 0.00 0.00 0.00 86.97
230 17.24 0.00 4.31 4.02 0.00 0.00 0.57 0.00 0.00 73.85
231 14.00 0.00 0.57 2.86 0.00 0.00 0.29 0.00 0.00 82.29
232 22.22 0.00 0.83 3.33 0.00 0.00 0.00 0.00 0.00 73.61
233 19.73 0.00 0.27 9.33 0.00 0.00 0.00 0.00 0.00 70.67
234 14.37 0.00 0.29 8.91 0.00 0.00 0.00 0.00 0.00 76.44
235 27.45 0.00 0.00 9.78 0.00 0.00 0.00 0.00 0.00 62.77
236 17.65 0.00 0.59 10.59 0.00 0.00 0.00 0.00 0.00 71.18
237 2.60 0.00 0.32 13.96 0.00 0.00 0.32 0.00 0.00 82.79
238 26.01 0.00 0.29 1.16 0.00 0.00 0.00 0.00 0.00 72.54
239 8.51 0.00 0.30 4.26 0.00 0.00 0.30 0.00 0.00 86.63
240 16.72 0.00 0.00 2.21 0.00 0.00 0.63 0.00 0.00 80.44
241 13.54 0.00 0.29 2.59 0.00 0.00 0.00 0.00 0.00 83.57
242 8.56 0.00 0.00 3.06 0.00 0.31 0.31 0.00 0.00 87.77
243 16.58 0.00 1.30 24.35 0.00 0.00 0.00 0.00 0.00 57.77
244 9.67 0.00 0.30 0.60 0.00 0.00 0.00 0.00 0.00 89.43
245 5.96 0.00 0.00 0.31 0.00 0.00 0.31 0.00 0.00 93.42
246 28.57 0.00 3.92 23.81 0.00 0.28 0.00 0.00 0.00 43.42
247 8.31 0.00 0.31 5.85 0.00 0.31 0.00 0.00 0.00 85.23
248 11.08 0.00 0.30 1.80 0.00 0.00 0.00 0.00 0.00 86.83
249 26.16 0.00 2.33 15.70 0.00 0.00 0.58 0.00 0.00 55.23
250 4.49 0.00 0.00 0.96 0.00 0.00 0.00 0.00 0.00 94.55
251 13.33 0.00 0.58 2.32 0.00 0.00 0.29 0.00 0.00 83.48
252 21.81 0.00 3.43 11.53 0.00 0.00 0.00 0.00 0.00 63.24
253 1.64 0.00 0.33 9.87 0.00 0.00 0.33 0.00 0.00 87.83
254 27.38 0.00 2.02 17.00 0.00 0.29 0.00 0.00 0.00 53.31
255 4.18 0.00 0.32 2.25 0.00 0.00 0.00 0.00 0.00 93.25
256 14.61 0.00 0.29 1.72 0.00 0.00 0.00 0.00 0.00 83.38
257 15.20 0.00 1.46 16.37 0.00 0.29 0.29 0.00 0.00 66.37
258 20.18 0.00 1.81 15.06 0.00 0.30 0.60 0.00 0.00 62.05
259 15.58 0.00 0.85 39.09 0.00 0.00 0.28 0.00 0.00 44.19
260 4.15 0.00 0.64 51.76 0.00 0.00 0.32 0.00 0.00 43.13
261 13.79 0.00 1.33 36.34 0.00 0.00 0.00 0.00 0.00 48.54
262 7.35 0.00 1.05 45.93 0.00 0.00 0.00 0.00 0.00 45.67
263 8.02 0.00 0.31 39.81 0.00 0.00 0.00 0.00 0.00 51.85
264 13.35 0.00 0.85 30.97 0.00 0.00 0.00 0.00 0.00 54.83
265 7.81 0.00 0.00 59.11 0.00 0.00 0.00 0.00 0.00 33.07
266 6.27 0.00 0.50 60.65 0.00 0.00 0.00 0.00 0.00 32.58
267 10.92 0.00 2.24 35.01 0.00 0.00 0.00 0.00 0.00 51.82
268 4.46 0.00 0.64 6.37 0.00 0.00 0.32 0.00 0.00 88.22
269 15.73 0.00 0.28 2.25 0.00 0.00 0.00 0.00 0.00 81.74
270 12.96 0.00 0.26 1.85 0.00 0.00 0.26 0.00 0.00 84.66
271 8.86 0.00 0.51 9.37 0.00 0.00 0.00 0.00 0.00 81.27
272 2.27 0.00 0.50 5.54 0.00 0.00 0.00 0.00 0.00 91.69
273 0.75 0.00 0.25 3.26 0.00 0.00 0.00 0.00 0.00 95.74
274 0.00 0.00 0.25 1.26 0.00 0.00 0.25 0.00 0.00 98.24
275 17.43 0.00 1.88 1.88 0.00 0.00 0.00 0.00 0.00 78.82
276 7.38 0.00 0.31 1.23 0.00 0.00 0.31 0.00 0.00 90.77
277 9.70 0.00 0.61 2.42 0.00 0.00 0.00 0.00 0.00 87.27
278 15.79 0.00 0.31 1.55 0.00 0.00 0.00 0.00 0.00 82.35
279 99.38 0.00 0.31 0.31 0.00 0.00 0.00 0.00 0.00 0.00
280 31.41 0.00 0.58 4.61 0.00 0.00 0.29 0.00 0.00 63.11
281 3.86 0.00 0.00 4.18 0.00 0.00 0.00 0.00 0.00 91.96
282 35.12 0.00 1.49 2.38 0.00 0.00 0.30 0.00 0.00 60.71
283 23.67 0.00 1.00 7.00 0.00 0.00 0.33 0.00 0.00 68.00
284 1.64 0.00 0.33 1.32 0.00 0.00 0.00 0.00 0.00 96.71
285 54.49 0.00 1.45 0.00 0.00 0.29 0.00 0.00 0.00 43.77
286 9.94 0.00 0.30 1.51 0.00 0.00 0.30 0.00 0.00 87.95
287 14.73 0.00 0.28 3.97 0.00 0.28 0.00 0.00 0.00 80.74
288 55.04 0.00 2.72 5.18 0.00 0.54 0.00 0.00 0.00 36.51
289 18.31 0.00 0.27 10.66 0.00 0.00 0.00 0.00 0.00 70.77
290 14.57 0.00 0.29 2.57 0.00 0.00 0.00 0.00 0.00 82.57
291 28.07 0.00 0.27 5.08 0.00 0.00 0.27 0.00 0.00 66.31
292 56.06 0.00 1.52 22.42 0.00 0.00 0.00 0.00 0.00 20.00
293 12.84 0.00 1.22 46.48 0.00 0.00 0.31 0.00 0.00 39.14
294 6.31 0.00 0.32 14.83 0.00 0.00 0.00 0.00 0.00 78.55
295 44.99 0.00 2.87 3.44 0.00 0.29 0.00 0.00 0.00 48.42
296 4.50 0.00 0.32 7.72 0.00 0.00 0.00 0.00 0.00 87.46
297 12.02 0.00 0.59 2.05 0.00 0.00 0.00 0.00 0.00 85.34
298 37.46 0.00 0.93 3.10 0.00 0.31 0.31 0.00 0.00 57.89
299 5.97 0.00 0.31 4.09 0.00 0.00 0.00 0.00 0.00 89.62
300 45.03 0.00 1.93 1.66 0.00 0.00 0.00 0.00 0.00 51.38
301 8.28 0.00 0.31 0.92 0.00 0.00 0.31 0.00 0.00 90.18
302 7.45 0.00 0.00 3.73 0.00 0.00 0.00 0.00 0.00 88.82
303 43.88 0.00 2.69 6.57 0.00 0.00 0.30 0.00 0.00 46.57
304 4.17 0.00 0.32 3.85 0.00 0.32 0.32 0.00 0.00 91.03
305 13.33 0.00 0.29 13.04 0.00 0.00 0.29 0.00 0.00 73.04
306 30.83 0.00 4.44 26.94 0.00 0.00 0.28 0.00 0.00 37.50
307 13.56 0.00 23.16 38.70 0.00 0.00 0.00 0.00 0.00 24.58
308 13.61 0.00 0.89 39.64 0.00 0.30 0.30 0.00 0.00 45.27
309 6.54 0.00 0.31 27.73 0.00 0.00 0.31 0.00 0.00 65.11
310 40.68 0.00 1.13 19.49 0.00 0.28 0.00 0.00 0.00 38.42
311 19.44 0.00 1.79 54.99 0.00 0.26 0.26 0.00 0.00 23.27
312 9.79 0.00 0.52 67.27 0.00 0.00 0.00 0.00 0.00 22.42
313 2.97 0.00 0.66 51.82 0.00 0.00 0.00 0.00 0.00 44.55
314 10.66 0.00 0.29 57.35 0.00 0.00 0.00 0.00 0.00 31.70
315 10.71 0.00 0.30 15.77 0.00 0.00 0.60 0.00 0.00 72.62
316 33.50 0.00 0.76 30.23 0.00 0.00 0.00 0.00 0.00 35.52
317 11.59 0.00 2.16 50.13 0.00 0.00 0.00 0.00 0.00 36.12
318 23.12 0.00 0.50 32.91 0.00 0.00 0.00 0.00 0.00 43.47
319 11.48 0.00 0.30 57.40 0.00 0.00 0.00 0.00 0.00 30.82
320 13.58 0.00 0.58 38.15 0.00 0.00 0.00 0.00 0.00 47.69
321 24.32 0.00 1.50 25.53 0.00 0.00 0.30 0.00 0.00 48.35
322 26.38 0.00 2.76 6.13 0.00 0.61 0.00 0.00 0.00 64.11
323 13.58 0.00 0.29 0.87 0.00 0.00 0.00 0.00 0.00 85.26
324 5.97 0.00 0.31 3.14 0.00 0.00 0.00 0.00 0.00 90.57
325 8.70 0.00 0.87 12.75 0.00 0.00 0.00 0.00 0.00 77.68
326 9.49 0.00 0.27 2.98 0.00 0.00 0.27 0.00 0.00 86.99
327 0.50 0.00 1.00 7.52 0.00 0.00 0.00 0.00 0.00 90.98
328 0.25 0.00 0.25 8.27 0.00 0.00 0.00 0.00 0.00 91.23
329 0.50 0.00 0.00 1.00 0.00 0.00 0.50 0.00 0.00 97.99
330 0.50 0.00 0.25 8.31 0.00 0.00 0.00 0.00 0.00 90.93
331 0.50 0.00 0.00 1.76 0.00 0.00 0.00 0.00 0.00 97.74
332 0.00 0.00 0.00 1.26 0.00 0.00 0.00 0.00 0.00 98.74
333 0.51 0.00 0.51 10.10 0.00 0.00 0.00 0.00 0.00 88.89
334 0.00 0.00 0.00 4.03 0.00 0.00 0.00 0.00 0.00 95.97
335 0.25 0.00 0.25 0.75 0.00 0.00 0.00 0.00 0.00 98.75
336 0.51 0.00 0.51 17.26 0.00 0.00 0.00 0.00 0.00 81.73
337 0.50 0.00 0.25 1.49 0.00 0.25 0.00 0.00 0.00 97.51
338 0.25 0.00 0.50 1.75 0.00 0.00 0.00 0.00 0.00 97.49
339 0.50 0.00 0.50 6.28 0.00 0.00 0.00 0.00 0.00 92.71
340 0.25 0.00 0.50 4.02 0.00 0.00 0.25 0.00 0.00 94.97
341 0.50 0.00 0.00 1.00 0.00 0.00 0.00 0.00 0.00 98.50
342 0.00 0.00 0.25 2.26 0.00 0.00 0.00 0.00 0.00 97.49
343 0.25 0.00 0.25 6.00 0.00 0.00 0.00 0.00 0.00 93.50
344 0.25 0.00 0.00 5.79 0.00 0.00 0.00 0.00 0.00 93.95
345 0.00 0.00 0.25 2.76 0.00 0.00 0.00 0.00 0.00 96.99
346 1.25 0.00 0.25 7.23 0.00 0.00 0.00 0.00 0.00 91.27
347 28.45 0.00 0.00 1.76 0.00 0.00 0.00 0.00 0.00 69.79
348 15.25 0.00 0.56 1.98 0.00 0.00 0.00 0.00 0.00 82.20
349 17.58 0.00 0.00 3.02 0.00 0.00 0.27 0.00 0.00 79.12
350 20.91 0.00 0.30 6.06 0.00 0.00 0.00 0.00 0.00 72.73
351 12.06 0.00 0.29 1.18 0.00 0.00 0.00 0.00 0.00 86.47
352 4.47 0.00 0.32 1.28 0.00 0.00 0.32 0.00 0.00 93.61
353 22.99 0.00 0.30 0.60 0.00 0.00 0.00 0.00 0.00 76.12
354 6.83 0.00 0.31 0.31 0.00 0.00 0.00 0.00 0.00 92.55
355 13.17 0.00 2.10 2.10 0.00 0.30 0.00 0.00 0.00 82.34
356 13.54 0.00 3.04 7.46 0.00 0.28 0.00 0.00 0.00 75.69
357 1.03 0.00 0.26 4.62 0.00 0.00 0.00 0.00 0.00 94.10
358 0.76 0.00 0.50 39.80 0.00 0.00 0.00 0.00 0.00 58.94
359 1.00 0.00 0.25 25.81 0.00 0.00 0.00 0.00 0.00 72.93
360 1.52 0.00 0.00 34.26 0.00 0.00 0.00 0.00 0.00 64.21
361 2.01 0.00 0.25 41.46 0.00 0.00 0.00 0.00 0.00 56.28
362 2.53 0.00 0.00 33.16 0.00 0.00 0.00 0.00 0.00 64.30
363 12.70 0.00 0.26 33.60 0.00 0.00 0.26 0.00 0.00 53.17
364 3.08 0.00 0.51 30.00 0.00 0.00 0.00 0.00 0.00 66.41
365 3.04 0.00 0.25 39.75 0.00 0.25 0.00 0.00 0.00 56.71
366 3.28 0.00 0.00 30.05 0.00 0.00 0.00 0.00 0.00 66.67
367 5.93 0.00 0.52 27.58 0.00 0.00 0.00 0.00 0.00 65.98
368 8.76 0.00 1.03 39.43 0.00 0.00 0.00 0.00 0.00 50.77
369 11.91 0.00 2.77 11.36 0.00 0.00 0.00 0.00 0.00 73.96
370 14.61 0.00 1.43 22.92 0.00 0.00 0.29 0.00 0.00 60.74
371 5.53 0.00 0.25 3.77 0.00 0.00 0.00 0.00 0.00 90.45
372 0.00 0.00 0.00 1.76 0.00 0.00 0.00 0.00 0.00 98.24
373 0.25 0.00 0.25 7.02 0.00 0.00 0.00 0.00 0.00 92.48
374 0.25 0.00 0.75 7.52 0.00 0.00 0.00 0.00 0.00 91.48
375 0.00 0.00 0.00 3.27 0.00 0.00 0.00 0.00 0.00 96.73
376 0.25 0.00 0.25 1.75 0.00 0.00 0.00 0.00 0.00 97.76
377 0.00 0.00 0.00 2.27 0.00 0.00 0.00 0.00 0.00 97.73
378 0.25 0.00 0.50 14.00 0.00 0.00 0.00 0.00 0.00 85.25
379 0.00 0.00 2.77 4.28 0.00 0.00 0.25 0.00 0.00 92.70
380 0.50 0.00 0.50 1.75 0.00 0.00 0.00 0.00 0.00 97.26
381 0.00 0.00 0.50 1.50 0.00 0.00 0.00 0.00 0.00 97.99
382 0.00 0.00 0.00 1.51 0.00 0.00 0.00 0.00 0.00 98.49
383 0.25 0.00 0.50 1.00 0.00 0.00 0.00 0.00 0.00 98.25
384 0.25 0.00 0.25 0.50 0.00 0.00 0.00 0.00 0.00 99.00
385 0.25 0.00 0.25 5.51 0.00 0.00 0.00 0.00 0.00 93.98
386 0.25 0.00 0.50 0.75 0.00 0.00 0.00 0.00 0.00 98.50
387 0.25 0.00 0.00 1.50 0.00 0.00 0.00 0.00 0.00 98.25
388 0.25 0.00 0.00 1.76 0.00 0.00 0.00 0.00 0.00 97.99
389 0.00 0.00 0.50 1.50 0.00 0.00 0.00 0.00 0.00 98.00
390 0.00 0.00 0.00 1.50 0.00 0.00 0.25 0.00 0.00 98.25
391 0.00 0.00 0.00 16.33 0.00 0.00 0.00 0.00 0.00 83.67
392 0.25 0.00 0.25 9.52 0.00 0.00 0.00 0.00 0.00 89.97
393 0.25 0.00 0.00 10.50 0.00 0.00 0.00 0.00 0.00 89.25
394 0.25 0.00 0.00 8.52 0.00 0.00 0.00 0.00 0.00 91.23
395 0.25 0.00 0.00 0.75 0.00 0.00 0.00 0.00 0.00 98.99
396 0.00 0.00 0.00 0.50 0.00 0.00 0.00 0.00 0.00 99.50
397 0.00 0.00 0.00 1.51 0.00 0.00 0.00 0.00 0.00 98.49
398 0.00 0.00 0.00 1.01 0.00 0.00 0.00 0.00 0.00 98.99
399 0.00 0.00 0.25 1.25 0.00 0.00 0.00 0.00 0.00 98.50
400 0.25 0.00 0.00 0.25 0.00 0.00 0.00 0.00 0.00 99.50
401 14.65 0.00 0.51 32.65 0.00 0.00 0.00 0.00 0.00 52.19
402 59.43 0.00 0.52 35.14 0.00 0.00 0.00 0.00 0.00 4.91
403 98.99 0.00 0.25 0.50 0.00 0.00 0.00 0.00 0.00 0.25
404 82.43 0.00 1.35 9.80 0.00 0.00 0.00 0.00 0.00 6.42
405 81.67 0.00 4.17 8.61 0.00 0.00 0.28 0.00 0.00 5.28
406 35.03 0.00 8.98 39.52 0.00 0.00 0.30 0.00 0.00 16.17
407 13.57 0.00 1.18 0.59 0.00 0.00 0.29 0.00 0.00 84.37
408 11.44 0.00 0.29 3.81 0.00 0.00 0.00 0.00 0.00 84.46
409 13.87 0.00 0.29 2.02 0.00 0.00 0.00 0.00 0.00 83.82
410 45.74 0.00 1.58 6.31 0.00 0.00 0.00 0.00 0.00 46.37
411 23.53 0.00 0.26 5.12 0.00 0.00 0.26 0.00 0.00 70.84
412 12.28 0.00 0.00 1.80 0.00 0.00 0.00 0.00 0.00 85.93
413 38.01 0.00 0.62 0.62 0.00 0.00 0.31 0.00 0.00 60.44
414 19.14 0.00 0.27 0.27 0.00 0.00 0.00 0.00 0.00 80.32
415 12.17 0.00 0.00 0.89 0.00 0.00 0.30 0.00 0.00 86.65
416 40.38 0.00 3.25 11.92 0.00 0.00 0.27 0.00 0.00 44.17
417 10.78 0.00 0.00 2.69 0.00 0.00 0.30 0.00 0.00 86.23
418 6.27 0.00 0.31 4.39 0.00 0.00 0.00 0.00 0.00 89.03
419 27.94 0.00 0.88 2.06 0.00 0.00 0.29 0.00 0.00 68.82
420 40.37 0.00 1.22 4.89 0.00 0.31 0.00 0.00 0.00 53.21
421 12.61 0.00 0.00 7.33 0.00 0.00 0.00 0.00 0.00 80.06
422 23.08 0.00 0.00 26.63 0.00 0.00 0.00 0.00 0.00 50.30
423 21.39 0.00 0.60 70.48 0.00 0.00 0.00 0.00 0.00 7.53
424 2.76 0.00 1.01 91.71 0.00 0.00 0.00 0.00 0.00 4.52
425 2.78 0.00 0.51 44.81 0.00 0.00 0.00 0.00 0.00 51.90
426 13.01 0.00 0.81 24.66 0.00 0.00 0.00 0.00 0.00 61.52
427 9.70 0.00 0.00 3.03 0.00 0.00 0.00 0.00 0.00 87.27
428 17.68 0.00 0.61 0.91 0.00 0.00 0.30 0.00 0.00 80.49
429 25.76 0.00 0.28 1.66 0.00 0.00 0.28 0.00 0.00 72.02
430 9.42 0.00 0.30 0.61 0.00 0.00 0.00 0.00 0.00 89.67
431 27.62 0.00 0.87 5.52 0.00 0.29 0.29 0.00 0.00 65.41
432 4.46 0.00 0.32 1.59 0.00 0.00 0.00 0.00 0.00 93.63
433 1.32 0.00 0.66 12.87 0.00 0.00 0.33 0.00 0.00 84.82
434 30.61 0.00 1.46 8.16 0.00 0.00 0.00 0.00 0.00 59.77
435 4.18 0.00 0.32 3.86 0.00 0.00 0.00 0.00 0.00 91.64
436 27.47 0.00 1.85 5.56 0.00 0.00 0.00 0.00 0.00 65.12
437 21.28 0.00 0.00 1.86 0.00 0.00 0.00 0.00 0.00 76.86
438 8.95 0.00 1.54 26.23 0.00 0.00 0.00 0.00 0.00 63.27
439 35.24 0.00 3.15 0.86 0.00 0.57 0.29 0.00 0.00 59.89
440 7.76 0.00 0.00 0.93 0.00 0.00 0.00 0.00 0.00 91.30
441 9.79 0.00 0.31 2.45 0.00 0.00 0.00 0.00 0.00 87.46
442 32.45 0.00 1.18 3.24 0.00 0.00 0.00 0.00 0.00 63.13
443 5.08 0.00 0.32 1.90 0.00 0.00 0.00 0.00 0.00 92.70
444 11.18 0.00 0.29 1.18 0.00 0.00 0.29 0.00 0.00 87.06
445 33.33 0.00 1.52 3.03 0.00 0.61 0.30 0.00 0.00 61.21
446 7.12 0.00 0.62 1.86 0.00 0.00 0.00 0.00 0.00 90.40
447 31.23 0.00 0.60 1.50 0.00 0.30 0.30 0.00 0.00 66.07
448 5.08 0.00 0.00 1.59 0.00 0.00 0.32 0.00 0.00 93.02
449 12.08 0.00 0.91 3.93 0.00 0.00 0.00 0.00 0.00 83.08
450 22.70 0.00 1.72 1.72 0.00 0.00 0.29 0.00 0.00 73.56
451 4.47 0.00 0.32 2.24 0.00 0.00 0.00 0.00 0.00 92.97
452 31.91 0.00 1.71 7.98 0.00 0.00 0.00 0.00 0.00 58.40
453 7.96 0.00 0.00 2.87 0.00 0.00 0.32 0.00 0.00 88.85
454 12.54 0.00 0.29 1.17 0.00 0.00 0.00 0.00 0.00 86.01
455 24.36 0.00 0.57 4.82 0.00 0.00 0.00 0.00 0.00 70.25
456 10.21 0.00 0.30 0.60 0.00 0.00 0.00 0.00 0.00 88.89
457 11.86 0.00 0.28 7.91 0.00 0.00 0.28 0.00 0.00 79.66
458 2.86 0.00 0.78 3.39 0.00 0.26 0.00 0.00 0.00 92.71
459 8.56 0.00 0.00 3.98 0.00 0.00 0.00 0.00 0.00 87.46
460 15.49 0.00 0.28 0.00 0.00 0.00 0.28 0.00 0.00 83.94
461 5.43 0.00 0.27 1.90 0.00 0.00 0.00 0.00 0.00 92.39
462 0.00 0.00 0.00 0.50 0.00 0.00 0.00 0.00 0.00 99.50
463 0.50 0.00 0.25 5.75 0.00 0.00 0.00 0.00 0.00 93.50
464 0.50 0.00 0.25 5.53 0.00 0.00 0.00 0.00 0.00 93.72
465 0.00 0.00 0.00 1.51 0.00 0.00 0.00 0.00 0.00 98.49
466 0.25 0.00 0.25 2.26 0.00 0.00 0.00 0.00 0.00 97.24
467 0.25 0.00 0.00 8.77 0.00 0.00 0.00 0.00 0.00 90.98
468 0.25 0.00 0.25 11.56 0.00 0.00 0.00 0.00 0.00 87.94
469 0.25 0.00 0.50 12.22 0.00 0.00 0.00 0.00 0.00 87.03
470 0.25 0.00 0.00 0.25 0.00 0.00 0.00 0.00 0.00 99.50
471 0.25 0.00 0.00 7.04 0.00 0.00 0.00 0.00 0.00 92.71
472 0.00 0.00 0.25 3.50 0.00 0.00 0.25 0.00 0.00 96.00
473 0.00 0.00 0.00 3.02 0.00 0.00 0.00 0.00 0.00 96.98
474 0.50 0.00 0.00 0.50 0.00 0.00 0.25 0.00 0.00 98.74
475 0.25 0.00 0.00 2.01 0.00 0.00 0.00 0.00 0.00 97.74
476 0.00 0.00 0.00 1.01 0.00 0.00 0.00 0.00 0.00 98.99
477 0.50 0.00 0.25 2.00 0.00 0.00 0.00 0.00 0.00 97.26
478 0.00 0.00 0.00 1.51 0.00 0.00 0.00 0.00 0.00 98.49
479 0.25 0.00 0.00 1.76 0.00 0.00 0.00 0.00 0.00 97.99
480 0.00 0.00 0.25 1.77 0.00 0.00 0.00 0.00 0.00 97.97
481 0.50 0.00 0.00 1.75 0.00 0.00 0.00 0.00 0.00 97.75
482 4.47 0.00 2.23 5.31 0.00 0.00 0.00 0.00 0.00 87.99
483 10.21 0.00 0.30 1.20 0.00 0.00 0.00 0.00 0.00 88.29
484 8.05 0.00 0.00 0.93 0.00 0.00 0.00 0.00 0.00 91.02
485 15.01 0.00 0.00 1.42 0.00 0.00 0.28 0.00 0.00 83.29
486 6.85 0.00 0.00 1.87 0.00 0.00 0.00 0.00 0.00 91.28
487 6.78 0.00 0.28 3.39 0.00 0.00 0.00 0.00 0.00 89.55
488 0.00 0.00 0.00 1.01 0.00 0.00 0.00 0.00 0.00 98.99
489 0.00 0.00 0.00 1.76 0.00 0.00 0.00 0.00 0.00 98.24
490 0.00 0.00 0.25 0.75 0.00 0.00 0.00 0.00 0.00 99.00
491 0.00 0.00 0.00 0.75 0.00 0.00 0.25 0.00 0.00 99.00
492 0.00 0.00 0.00 1.01 0.00 0.00 0.00 0.00 0.00 98.99
493 0.25 0.00 0.50 2.75 0.00 0.00 0.00 0.00 0.00 96.50
494 0.00 0.00 0.00 1.26 0.00 0.00 0.00 0.00 0.00 98.74
495 0.00 0.00 0.00 0.50 0.00 0.00 0.00 0.00 0.00 99.50
496 0.00 0.00 0.25 0.25 0.00 0.00 0.00 0.00 0.00 99.50
497 0.25 0.00 0.25 1.00 0.00 0.00 0.00 0.00 0.00 98.50
498 0.00 0.00 0.25 4.79 0.00 0.00 0.00 0.00 0.00 94.96
499 0.25 0.00 0.75 12.53 0.00 0.00 0.00 0.00 0.00 86.47
500 0.00 0.00 0.00 0.50 0.00 0.00 0.00 0.00 0.00 99.50
501 0.50 0.00 0.25 1.50 0.00 0.00 0.00 0.00 0.00 97.75
502 0.00 0.00 0.00 0.76 0.00 0.00 0.00 0.00 0.00 99.24
503 0.00 0.00 0.00 0.75 0.00 0.00 0.00 0.00 0.00 99.25
504 0.50 0.00 0.25 0.50 0.00 0.00 0.00 0.00 0.00 98.74
505 0.00 0.00 0.25 1.75 0.00 0.00 0.00 0.00 0.00 97.99
506 0.00 0.00 0.00 1.01 0.00 0.00 0.00 0.00 0.00 98.99
507 0.25 0.00 0.25 1.25 0.00 0.00 0.00 0.00 0.00 98.25
508 0.00 0.00 0.00 0.00 0.00 0.00 0.00 0.00 0.00 100.00
509 0.25 0.00 0.00 1.25 0.00 0.00 0.00 0.00 0.00 98.50
510 0.00 0.00 0.00 0.50 0.00 0.00 0.00 0.00 0.00 99.50
511 0.00 0.00 0.00 1.01 0.00 0.00 0.00 0.00 0.00 98.99
512 0.25 0.00 0.25 1.25 0.00 0.00 0.00 0.00 0.00 98.25
513 0.00 0.00 0.25 2.01 0.00 0.00 0.00 0.00 0.00 97.74
514 0.25 0.00 0.00 1.50 0.00 0.00 0.00 0.00 0.00 98.25
515 0.00 0.00 0.25 1.01 0.00 0.00 0.00 0.00 0.00 98.74
516 0.00 0.00 0.25 0.75 0.00 0.00 0.00 0.00 0.00 99.00
517 0.25 0.00 0.25 0.50 0.00 0.00 0.00 0.00 0.00 98.99
518 0.00 0.00 0.25 0.50 0.00 0.00 0.00 0.00 0.00 99.25
519 0.25 0.00 0.50 1.25 0.00 0.00 0.00 0.00 0.00 98.00
520 0.00 0.00 0.00 0.00 0.00 0.00 0.00 0.00 0.00 100.00
521 0.50 0.00 0.25 1.00 0.00 0.00 0.00 0.00 0.00 98.26
522 0.00 0.00 0.00 0.75 0.00 0.00 0.00 0.00 0.00 99.25
523 0.00 0.00 0.25 1.51 0.00 0.00 0.00 0.00 0.00 98.24
524 0.00 0.00 0.25 1.26 0.00 0.00 0.00 0.00 0.00 98.49
525 0.25 0.00 0.00 1.00 0.00 0.00 0.00 0.00 0.00 98.75
526 0.00 0.00 0.25 0.25 0.00 0.00 0.00 0.00 0.00 99.50
527 0.25 0.00 0.00 0.50 0.00 0.00 0.00 0.00 0.00 99.25
528 0.25 0.00 0.00 0.50 0.00 0.00 0.25 0.00 0.00 99.00
529 0.00 0.00 0.25 1.01 0.00 0.00 0.00 0.00 0.00 98.74
530 0.25 0.00 0.50 1.50 0.00 0.00 0.00 0.00 0.00 97.75
531 0.00 0.00 0.25 0.50 0.00 0.00 0.00 0.00 0.00 99.25
532 0.50 0.00 0.00 2.75 0.00 0.00 0.00 0.00 0.00 96.75
533 0.00 0.00 0.00 1.51 0.00 0.00 0.00 0.00 0.00 98.49
534 0.25 0.00 0.00 9.77 0.00 0.00 0.00 0.00 0.00 89.97
535 0.25 0.00 0.25 13.50 0.00 0.00 0.00 0.00 0.00 86.00
536 0.00 0.00 0.00 9.55 0.00 0.00 0.00 0.00 0.00 90.45
537 0.00 0.00 0.25 24.31 0.00 0.00 0.00 0.00 0.00 75.44
538 0.50 0.00 0.00 10.78 0.00 0.00 0.00 0.00 0.00 88.72
539 0.00 0.00 0.00 5.78 0.00 0.00 0.00 0.00 0.00 94.22
540 0.00 0.00 0.25 10.53 0.00 0.00 0.00 0.00 0.00 89.22
541 0.25 0.00 0.25 4.00 0.00 0.00 0.00 0.00 0.00 95.50
542 0.25 0.00 0.25 2.00 0.00 0.00 0.00 0.00 0.00 97.50
543 0.00 0.00 0.00 1.01 0.00 0.00 0.00 0.00 0.00 98.99
544 0.00 0.00 0.25 1.25 0.00 0.00 0.00 0.00 0.00 98.50
545 0.25 0.00 0.00 0.25 0.00 0.00 0.00 0.00 0.00 99.50
546 0.00 0.00 0.25 0.75 0.00 0.00 0.00 0.00 0.00 99.00
547 0.25 0.00 0.00 2.26 0.00 0.00 0.00 0.00 0.00 97.49
548 0.00 0.00 0.00 1.26 0.00 0.00 0.00 0.00 0.00 98.74
549 0.00 0.00 0.25 1.01 0.00 0.00 0.00 0.00 0.00 98.74
550 0.00 0.00 0.00 1.76 0.00 0.00 0.00 0.00 0.00 98.24
551 0.00 0.00 0.25 1.00 0.00 0.00 0.00 0.00 0.00 98.75
552 0.00 0.00 0.00 1.26 0.00 0.00 0.00 0.00 0.00 98.74
553 0.00 0.00 0.25 2.26 0.00 0.00 0.00 0.00 0.00 97.49
554 0.50 0.00 0.50 23.12 0.00 0.00 0.00 0.00 0.00 75.88
555 0.25 0.00 3.20 24.63 0.00 0.00 0.00 0.00 0.00 71.92
556 0.26 0.00 1.80 25.71 0.00 0.00 0.00 0.00 0.00 72.24
557 0.50 0.00 4.23 34.58 0.00 0.00 0.00 0.00 0.00 60.70
558 0.75 0.00 3.26 20.30 0.00 0.00 0.00 0.00 0.00 75.69
559 0.25 0.00 0.25 6.02 0.00 0.00 0.25 0.00 0.00 93.23
560 0.00 0.00 0.00 1.76 0.00 0.00 0.00 0.00 0.00 98.24
561 0.00 0.00 0.00 1.01 0.00 0.00 0.00 0.00 0.00 98.99
562 0.25 0.00 0.25 1.75 0.00 0.00 0.00 0.00 0.00 97.74
563 0.25 0.00 0.00 0.75 0.00 0.00 0.00 0.00 0.00 99.00
564 0.00 0.00 0.00 5.56 0.00 0.00 0.00 0.00 0.00 94.44
565 0.00 0.00 0.00 3.27 0.00 0.00 0.00 0.00 0.00 96.73
566 0.00 0.00 0.00 1.01 0.00 0.00 0.00 0.00 0.00 98.99
567 0.25 0.00 0.00 0.50 0.00 0.00 0.00 0.00 0.00 99.25
568 0.25 0.00 0.50 0.75 0.00 0.00 0.00 0.00 0.00 98.50
569 0.00 0.00 0.50 0.75 0.00 0.00 0.00 0.00 0.00 98.75
570 0.25 0.00 0.00 2.50 0.00 0.00 0.00 0.00 0.00 97.25
571 0.00 0.00 0.00 1.76 0.00 0.00 0.00 0.00 0.00 98.24
572 0.25 0.00 0.25 2.75 0.00 0.00 0.00 0.00 0.00 96.75
573 0.00 0.00 0.25 1.00 0.00 0.00 0.00 0.00 0.00 98.75
574 0.50 0.00 0.00 8.25 0.00 0.00 0.00 0.00 0.00 91.25
575 0.25 0.00 0.25 7.27 0.00 0.00 0.00 0.00 0.00 92.23
576 0.00 0.00 0.00 10.58 0.00 0.00 0.00 0.00 0.00 89.42
577 0.25 0.00 0.25 4.75 0.00 0.00 0.00 0.00 0.00 94.75
578 0.25 0.00 0.00 5.76 0.00 0.00 0.00 0.00 0.00 93.98
579 0.25 0.00 0.50 23.50 0.00 0.00 0.00 0.00 0.00 75.75
580 0.00 0.00 0.00 12.06 0.00 0.00 0.00 0.00 0.00 87.94
581 0.25 0.00 0.25 6.50 0.00 0.00 0.00 0.00 0.00 93.00
582 0.25 0.00 0.00 1.00 0.00 0.00 0.00 0.00 0.00 98.75
583 0.25 0.00 0.25 3.27 0.00 0.00 0.00 0.00 0.00 96.23
584 0.00 0.00 0.00 5.04 0.00 0.00 0.00 0.00 0.00 94.96
585 0.50 0.00 0.25 1.75 0.00 0.00 0.00 0.00 0.00 97.51
586 0.25 0.00 0.25 1.00 0.00 0.00 0.00 0.00 0.00 98.50
587 0.00 0.00 0.00 1.25 0.00 0.00 0.00 0.00 0.00 98.75
588 0.00 0.00 0.00 2.77 0.00 0.00 0.00 0.00 0.00 97.23
589 0.00 0.00 0.00 1.51 0.00 0.00 0.00 0.00 0.00 98.49
590 0.00 0.00 0.00 1.26 0.00 0.00 0.00 0.00 0.00 98.74
591 0.00 0.00 0.25 4.76 0.00 0.00 0.00 0.00 0.00 94.99
592 0.25 0.00 0.25 3.25 0.00 0.00 0.00 0.00 0.00 96.25
593 0.00 0.00 0.00 0.50 0.00 0.00 0.00 0.00 0.00 99.50
594 0.25 0.00 0.25 0.75 0.00 0.00 0.00 0.00 0.00 98.75
595 0.00 0.00 0.00 2.01 0.00 0.00 0.00 0.00 0.00 97.99
596 0.25 0.00 0.25 0.75 0.00 0.00 0.00 0.00 0.00 98.75
597 0.00 0.00 0.00 1.01 0.00 0.00 0.00 0.00 0.00 98.99
598 0.00 0.00 0.00 2.26 0.00 0.00 0.00 0.00 0.00 97.74
599 0.50 0.00 0.25 2.25 0.00 0.00 0.00 0.00 0.00 97.00
600 0.00 0.00 0.25 2.26 0.00 0.00 0.00 0.00 0.00 97.49
601 0.25 0.00 0.25 1.25 0.00 0.00 0.00 0.00 0.00 98.25
602 0.00 0.00 0.00 1.76 0.00 0.00 0.00 0.00 0.00 98.24
603 0.00 0.00 0.00 0.75 0.00 0.00 0.00 0.00 0.00 99.25
604 0.00 0.00 0.25 1.26 0.00 0.00 0.00 0.00 0.00 98.49
605 0.00 0.00 0.25 1.50 0.00 0.00 0.00 0.00 0.00 98.25
606 0.25 0.00 0.25 1.25 0.00 0.00 0.00 0.00 0.00 98.25
607 0.25 0.00 0.25 2.25 0.00 0.00 0.00 0.00 0.00 97.25
608 0.00 0.00 0.00 3.27 0.00 0.00 0.00 0.00 0.00 96.73
609 0.25 0.00 0.25 1.00 0.00 0.00 0.25 0.00 0.00 98.25
610 0.25 0.00 0.00 1.75 0.00 0.00 0.00 0.00 0.00 97.99
611 0.00 0.00 0.25 1.25 0.00 0.00 0.00 0.00 0.00 98.50
612 0.00 0.00 0.00 0.75 0.00 0.00 0.00 0.00 0.00 99.25
613 0.25 0.00 0.25 1.50 0.00 0.00 0.00 0.00 0.00 97.99
614 0.25 0.00 0.00 2.01 0.00 0.00 0.00 0.00 0.00 97.74
615 0.25 0.00 0.25 1.00 0.00 0.00 0.00 0.00 0.00 98.50
616 0.25 0.00 0.25 1.00 0.00 0.00 0.00 0.00 0.00 98.50
617 0.00 0.00 0.00 0.50 0.00 0.00 0.00 0.00 0.00 99.50
618 0.50 0.00 0.50 5.75 0.00 0.00 0.00 0.00 0.00 93.25
619 0.00 0.00 0.00 1.51 0.00 0.00 0.00 0.00 0.00 98.49
620 0.00 0.00 0.25 1.50 0.00 0.00 0.00 0.00 0.00 98.25
621 0.00 0.00 0.00 0.50 0.00 0.00 0.00 0.00 0.00 99.50
622 0.25 0.00 0.00 1.01 0.00 0.00 0.00 0.00 0.00 98.74
623 0.25 0.00 0.25 0.75 0.00 0.00 0.00 0.00 0.00 98.75
624 0.25 0.00 0.25 1.00 0.00 0.00 0.00 0.00 0.00 98.50
625 0.25 0.00 0.25 1.76 0.00 0.00 0.00 0.00 0.00 97.74
626 0.25 0.00 0.00 1.50 0.00 0.00 0.00 0.00 0.00 98.25
627 0.00 0.00 0.00 1.25 0.00 0.00 0.00 0.00 0.00 98.75
628 0.25 0.00 0.00 1.75 0.00 0.00 0.00 0.00 0.00 97.99
629 0.00 0.00 0.00 1.01 0.00 0.00 0.00 0.00 0.00 98.99
630 0.25 0.00 0.50 2.24 0.00 0.00 0.00 0.00 0.00 97.01
631 0.25 0.00 0.25 1.25 0.00 0.00 0.00 0.00 0.00 98.25
632 0.00 0.00 0.00 1.26 0.00 0.00 0.00 0.00 0.00 98.74
633 0.00 0.00 0.25 0.50 0.00 0.00 0.00 0.00 0.00 99.25
634 0.50 0.00 0.00 1.00 0.00 0.00 0.00 0.00 0.00 98.50
635 0.50 0.00 0.00 0.50 0.00 0.00 0.00 0.00 0.00 99.00
636 0.00 0.00 0.25 0.75 0.00 0.00 0.00 0.00 0.00 99.00
637 0.25 0.00 0.25 1.50 0.00 0.00 0.00 0.00 0.00 97.99
638 0.25 0.00 0.00 1.25 0.00 0.00 0.00 0.00 0.00 98.50
639 0.00 0.00 0.25 0.75 0.00 0.00 0.00 0.00 0.00 99.00
640 0.25 0.00 0.00 2.01 0.00 0.00 0.00 0.00 0.00 97.74
641 0.00 0.00 0.00 0.75 0.00 0.00 0.00 0.00 0.00 99.25
642 0.25 0.00 0.25 1.00 0.00 0.00 0.00 0.00 0.00 98.50
643 0.00 0.00 0.25 2.02 0.00 0.00 0.00 0.00 0.00 97.73
644 0.50 0.00 0.25 1.25 0.00 0.00 0.00 0.00 0.00 98.00
645 0.25 0.00 0.00 1.51 0.00 0.00 0.00 0.00 0.00 98.24
646 0.25 0.00 0.25 4.49 0.00 0.00 0.00 0.00 0.00 95.01
647 0.00 0.00 0.00 5.29 0.00 0.00 0.00 0.00 0.00 94.71
648 0.25 0.00 0.00 4.76 0.00 0.00 0.00 0.00 0.00 94.99
649 0.50 0.00 0.25 11.47 0.00 0.00 0.00 0.00 0.00 87.78
650 0.00 0.00 0.00 7.54 0.00 0.00 0.00 0.00 0.00 92.46
651 0.25 0.00 0.76 17.26 0.00 0.00 0.00 0.00 0.00 81.73
652 0.00 0.00 0.00 5.78 0.00 0.00 0.00 0.00 0.00 94.22
653 0.50 0.00 0.25 10.22 0.00 0.00 0.00 0.00 0.00 89.03
654 0.00 0.00 0.25 10.78 0.00 0.00 0.00 0.00 0.00 88.97
655 0.25 0.00 0.25 3.75 0.00 0.25 0.00 0.00 0.00 95.50
656 0.25 0.00 0.00 1.75 0.00 0.00 0.00 0.00 0.00 97.99
657 0.00 0.00 0.25 1.50 0.00 0.00 0.00 0.00 0.00 98.25
658 0.25 0.00 0.25 1.75 0.00 0.00 0.00 0.00 0.00 97.74
659 0.50 0.00 0.00 1.75 0.00 0.00 0.00 0.00 0.00 97.74
660 0.25 0.00 0.25 2.00 0.00 0.00 0.00 0.00 0.00 97.50
661 0.25 0.00 0.25 3.25 0.00 0.00 0.00 0.00 0.00 96.25
662 0.25 0.00 0.25 2.50 0.00 0.00 0.00 0.00 0.00 97.00
663 0.00 0.00 0.25 9.55 0.00 0.00 0.00 0.00 0.00 90.20
664 0.50 0.00 0.50 8.71 0.00 0.00 0.00 0.00 0.00 90.30
665 0.25 0.00 0.50 13.75 0.00 0.00 0.00 0.00 0.00 85.50
666 0.00 0.00 0.00 7.04 0.00 0.00 0.00 0.00 0.00 92.96
667 0.50 0.00 0.00 12.31 0.00 0.00 0.00 0.00 0.00 87.19
668 0.25 0.00 0.00 8.52 0.00 0.00 0.00 0.00 0.00 91.23
669 0.00 0.00 0.50 10.78 0.00 0.00 0.00 0.00 0.00 88.72
670 0.50 0.00 0.50 6.75 0.00 0.00 0.00 0.00 0.00 92.25
671 0.25 0.00 0.00 3.02 0.00 0.00 0.00 0.00 0.00 96.73
672 0.25 0.00 0.25 1.75 0.00 0.00 0.00 0.00 0.00 97.75
673 0.00 0.00 0.50 4.03 0.00 0.00 0.00 0.00 0.00 95.47
674 0.25 0.00 0.00 2.01 0.00 0.00 0.00 0.00 0.00 97.74
675 0.50 0.00 0.25 2.24 0.00 0.00 0.00 0.00 0.00 97.01
676 0.25 0.00 0.00 1.76 0.00 0.00 0.00 0.00 0.00 97.99
677 0.25 0.00 0.25 1.75 0.00 0.00 0.00 0.00 0.00 97.75
678 0.25 0.00 0.75 9.02 0.00 0.00 0.00 0.00 0.00 89.97
679 0.25 0.00 0.25 3.50 0.00 0.00 0.00 0.00 0.00 96.00
680 0.00 0.00 0.00 1.01 0.00 0.00 0.00 0.00 0.00 98.99
681 0.25 0.00 0.00 0.75 0.00 0.00 0.00 0.00 0.00 99.00
682 0.00 0.00 0.00 2.01 0.00 0.00 0.00 0.00 0.00 97.99
683 0.00 0.00 0.00 1.51 0.00 0.00 0.00 0.00 0.00 98.49
684 0.25 0.00 0.00 1.75 0.00 0.00 0.00 0.00 0.00 97.99
685 0.25 0.00 0.00 2.01 0.00 0.00 0.00 0.00 0.00 97.74
686 0.00 0.00 0.00 0.75 0.00 0.00 0.25 0.00 0.00 98.99
687 0.00 0.00 0.25 1.01 0.00 0.00 0.00 0.00 0.00 98.74
688 0.00 0.00 0.00 1.76 0.00 0.00 0.00 0.00 0.00 98.24
689 0.25 0.00 0.00 3.02 0.00 0.00 0.00 0.00 0.00 96.73
690 0.25 0.00 0.25 2.25 0.00 0.00 0.00 0.00 0.00 97.25
691 0.00 0.00 0.25 2.01 0.00 0.00 0.00 0.00 0.00 97.74
692 0.25 0.00 0.00 2.51 0.00 0.00 0.00 0.00 0.00 97.24
693 0.00 0.00 0.25 4.52 0.00 0.00 0.00 0.00 0.00 95.23
694 0.50 0.00 0.25 4.26 0.00 0.00 0.00 0.00 0.00 94.99
695 0.25 0.00 0.25 1.25 0.00 0.00 0.00 0.00 0.00 98.25
696 0.00 0.00 0.25 1.75 0.00 0.00 0.00 0.00 0.00 98.00
697 0.25 0.00 0.50 3.00 0.00 0.00 0.00 0.00 0.00 96.25
698 0.25 0.00 0.00 2.26 0.00 0.00 0.00 0.00 0.00 97.49
699 0.25 0.00 0.50 2.00 0.00 0.00 0.00 0.00 0.00 97.25
700 0.25 0.00 0.25 1.00 0.00 0.00 0.00 0.00 0.00 98.50
701 0.25 0.00 0.25 1.50 0.00 0.00 0.00 0.00 0.00 98.00
702 0.50 0.00 0.25 2.49 0.00 0.00 0.00 0.00 0.00 96.76
703 0.00 0.00 0.00 2.77 0.00 0.00 0.00 0.00 0.00 97.23
704 0.00 0.00 0.00 1.51 0.00 0.00 0.00 0.00 0.00 98.49
705 0.25 0.00 0.25 2.01 0.00 0.00 0.00 0.00 0.00 97.49
706 0.00 0.00 0.00 1.01 0.00 0.00 0.00 0.00 0.00 98.99
707 0.25 0.00 0.25 1.00 0.00 0.00 0.00 0.00 0.00 98.50
708 0.25 0.00 0.00 0.75 0.00 0.00 0.00 0.00 0.00 99.00
709 0.50 0.00 0.25 1.75 0.00 0.00 0.00 0.00 0.00 97.49
710 0.00 0.00 0.00 0.50 0.00 0.00 0.00 0.00 0.00 99.50
711 0.00 0.00 0.00 1.25 0.00 0.00 0.00 0.00 0.00 98.75
712 0.50 0.00 0.25 1.00 0.00 0.00 0.00 0.00 0.00 98.25
713 0.00 0.00 0.00 1.75 0.00 0.00 0.00 0.00 0.00 98.25
714 0.00 0.00 0.00 1.76 0.00 0.00 0.00 0.00 0.00 98.24
715 0.00 0.00 0.25 1.51 0.00 0.00 0.00 0.00 0.00 98.24
716 0.25 0.00 0.00 1.50 0.00 0.00 0.00 0.00 0.00 98.25
717 0.25 0.00 0.00 2.26 0.00 0.00 0.00 0.00 0.00 97.49
718 0.25 0.00 0.00 1.25 0.00 0.00 0.00 0.00 0.00 98.50
719 0.25 0.00 0.00 1.75 0.00 0.00 0.00 0.00 0.00 97.99
720 0.25 0.00 0.00 0.75 0.00 0.00 0.25 0.00 0.00 98.74
721 0.00 0.00 0.25 2.01 0.00 0.00 0.00 0.00 0.00 97.74
722 0.00 0.00 0.00 2.01 0.00 0.00 0.00 0.00 0.00 97.99
723 0.00 0.00 0.00 0.75 0.00 0.00 0.00 0.00 0.00 99.25
724 0.25 0.00 0.00 10.78 0.00 0.00 0.00 0.00 0.00 88.97
725 0.00 0.00 0.25 10.03 0.00 0.00 0.00 0.00 0.00 89.72
726 0.25 0.00 0.00 4.51 0.00 0.00 0.00 0.00 0.00 95.24
727 0.00 0.00 0.25 9.80 0.00 0.00 0.00 0.00 0.00 89.95
728 0.25 0.00 0.00 2.51 0.00 0.00 0.00 0.00 0.00 97.24
729 0.25 0.00 0.25 18.75 0.00 0.00 0.00 0.00 0.00 80.75
730 0.00 0.00 0.00 5.04 0.00 0.00 0.00 0.00 0.00 94.96
731 0.25 0.00 0.50 2.74 0.00 0.00 0.00 0.00 0.00 96.51
732 0.00 0.00 0.00 2.76 0.00 0.00 0.00 0.00 0.00 97.24
733 0.25 0.00 0.50 2.26 0.00 0.00 0.00 0.00 0.00 96.99
734 0.00 0.00 0.25 0.75 0.00 0.00 0.00 0.00 0.00 99.00
735 0.25 0.00 0.25 0.75 0.00 0.00 0.00 0.00 0.00 98.75
736 0.00 0.00 0.25 2.01 0.00 0.00 0.00 0.00 0.00 97.74
737 16.06 0.00 0.78 8.55 0.00 0.00 0.00 0.00 0.00 74.61
738 5.05 0.00 0.51 19.44 0.00 0.00 0.00 0.00 0.00 75.00
739 0.50 0.00 0.25 27.20 0.00 0.00 0.00 0.00 0.00 72.04
740 0.25 0.00 0.50 25.94 0.00 0.00 0.00 0.00 0.00 73.30
741 0.25 0.00 2.03 26.40 0.00 0.00 0.00 0.00 0.00 71.32
742 0.51 0.00 0.25 25.25 0.00 0.00 0.25 0.00 0.00 73.74
743 0.51 0.00 1.02 25.13 0.00 0.00 0.00 0.00 0.00 73.35
744 2.80 0.00 0.51 23.41 0.00 0.00 0.00 0.00 0.00 73.28
745 0.25 0.00 2.03 26.14 0.00 0.00 0.00 0.00 0.00 71.57
746 0.25 0.00 0.25 26.45 0.00 0.00 0.00 0.00 0.00 73.05
747 1.32 0.00 3.44 23.81 0.00 0.00 0.00 0.00 0.00 71.43
748 12.78 0.00 0.56 5.83 0.00 0.00 0.00 0.00 0.00 80.83
749 7.83 0.00 0.00 3.61 0.00 0.00 0.30 0.00 0.00 88.25
750 12.64 0.00 0.29 2.30 0.00 0.00 0.00 0.00 0.00 84.77
751 22.26 0.00 2.37 3.56 0.00 0.00 0.00 0.00 0.00 71.81
752 7.98 0.00 0.61 0.61 0.00 0.00 0.00 0.00 0.00 90.80
753 8.31 0.00 0.86 22.92 0.00 0.00 0.00 0.00 0.00 67.91
754 20.06 0.00 0.29 12.03 0.00 0.00 0.29 0.00 0.00 67.34
755 11.57 0.00 0.30 3.86 0.00 0.00 0.00 0.00 0.00 84.27
756 16.29 0.00 0.28 23.03 0.00 0.00 0.00 0.00 0.00 60.39
757 7.12 0.00 0.00 13.31 0.00 0.00 0.31 0.00 0.00 79.26
758 17.26 0.00 0.30 7.14 0.00 0.00 0.00 0.00 0.00 75.30
759 8.16 0.00 0.00 9.97 0.00 0.00 0.30 0.00 0.00 81.57
760 12.85 0.00 0.63 32.92 0.00 0.00 0.00 0.00 0.00 53.61
761 13.83 0.00 0.00 19.02 0.00 0.00 0.00 0.00 0.00 67.15
762 4.79 0.00 0.00 45.81 0.00 0.00 0.30 0.00 0.00 49.10
763 2.53 0.00 0.76 57.47 0.00 0.00 0.00 0.00 0.00 39.24
764 0.26 0.00 2.34 93.49 0.00 0.00 0.00 0.00 0.00 3.91
765 11.56 0.00 1.61 56.18 0.00 0.00 0.27 0.00 0.00 30.38
766 15.98 0.00 1.03 37.37 0.00 0.00 0.26 0.00 0.00 45.36
767 0.26 0.00 0.51 35.81 0.00 0.00 0.00 0.00 0.00 63.43
768 4.00 0.00 9.60 19.73 0.00 0.00 0.27 0.00 0.00 66.40
769 9.47 0.00 0.00 16.86 0.00 0.00 0.00 0.00 0.00 73.67
770 5.56 0.00 0.31 13.89 0.00 0.00 0.00 0.00 0.00 80.25
771 26.67 0.00 0.83 21.11 0.00 0.28 0.00 0.00 0.00 51.11
772 6.85 0.00 0.31 1.87 0.00 0.00 0.31 0.00 0.00 90.65
773 21.13 0.00 0.89 13.69 0.00 0.00 0.00 0.00 0.00 64.29
774 15.21 0.00 0.28 1.41 0.00 0.00 0.28 0.00 0.00 82.82
775 27.52 0.00 0.82 10.35 0.00 0.00 0.27 0.00 0.00 61.04
776 17.83 0.00 0.28 3.62 0.00 0.00 0.00 0.00 0.00 78.27
777 9.39 0.00 0.00 2.42 0.00 0.00 0.00 0.00 0.00 88.18
778 18.32 0.00 0.93 17.08 0.00 0.00 0.31 0.00 0.00 63.35
779 13.83 0.00 0.29 2.31 0.00 0.00 0.00 0.00 0.00 83.57
780 13.07 0.00 0.91 7.90 0.00 0.00 0.00 0.00 0.00 78.12
781 17.68 0.00 0.00 9.86 0.00 0.00 0.00 0.00 0.00 72.46
782 10.88 0.00 0.60 7.85 0.00 0.00 0.00 0.00 0.00 80.66
783 17.75 0.00 2.25 18.59 0.00 0.00 0.28 0.00 0.00 61.13
784 14.16 0.00 0.00 3.47 0.00 0.00 0.00 0.00 0.00 82.37
785 14.51 0.00 1.89 11.04 0.00 0.00 0.32 0.00 0.00 72.24
786 14.41 0.00 0.59 4.41 0.00 0.00 0.00 0.00 0.00 80.59
787 13.33 0.00 0.00 2.90 0.00 0.00 0.00 0.00 0.00 83.77
788 15.09 0.00 1.89 9.75 0.00 0.00 0.31 0.00 0.00 72.96
789 8.40 0.00 0.54 18.43 0.00 0.00 0.00 0.00 0.00 72.63
790 5.38 0.00 0.32 12.97 0.00 0.00 0.00 0.00 0.00 81.33
791 10.59 0.00 0.29 22.65 0.00 0.00 0.29 0.00 0.00 66.18
792 6.39 0.00 0.77 52.17 0.00 0.00 0.00 0.00 0.00 40.66
793 1.32 0.00 0.33 29.37 0.00 0.00 0.00 0.00 0.00 68.98
794 2.78 0.00 0.00 40.43 0.00 0.00 0.00 0.00 0.00 56.79
795 13.18 0.00 0.52 34.11 0.00 0.00 0.00 0.00 0.00 52.20
796 14.81 0.00 0.28 3.13 0.00 0.00 0.28 0.00 0.00 81.48
797 11.80 0.00 0.29 3.24 0.00 0.00 0.00 0.00 0.00 84.66
798 12.12 0.00 0.55 33.88 0.00 0.00 0.00 0.00 0.00 53.44
799 18.08 0.00 0.00 4.93 0.00 0.00 0.27 0.00 0.00 76.71
800 7.43 0.00 0.31 6.50 0.00 0.00 0.00 0.00 0.00 85.76
801 60.06 0.00 0.30 16.77 0.00 0.00 0.30 0.00 0.00 22.56
802 46.55 0.00 0.60 1.80 0.00 0.00 0.30 0.00 0.00 50.75
803 5.71 0.00 0.00 2.54 0.00 0.00 0.00 0.00 0.00 91.75
804 30.43 0.00 0.29 1.74 0.00 0.00 0.00 0.00 0.00 67.54
805 67.59 0.00 0.62 3.40 0.00 0.00 0.31 0.00 0.00 28.09
806 5.40 0.00 0.32 0.63 0.00 0.00 0.00 0.00 0.00 93.65
807 19.48 0.00 0.58 2.62 0.00 0.00 0.29 0.00 0.00 77.03
808 65.59 0.00 0.64 2.25 0.00 0.00 0.00 0.00 0.00 31.51
809 20.53 0.00 0.27 1.87 0.00 0.00 0.00 0.00 0.00 77.33
810 12.50 0.00 0.29 2.33 0.00 0.00 0.29 0.00 0.00 84.59
811 65.24 0.00 0.30 2.13 0.00 0.00 0.00 0.00 0.00 32.32
812 16.25 0.00 0.28 6.16 0.00 0.00 0.00 0.00 0.00 77.31
813 9.37 0.00 0.60 7.85 0.00 0.00 0.00 0.00 0.00 82.18
814 37.61 0.00 0.29 6.71 0.00 0.29 0.00 0.00 0.00 55.10
815 45.00 0.00 0.29 1.76 0.00 0.00 0.29 0.00 0.00 52.65
816 5.11 0.00 0.64 28.75 0.00 0.00 0.00 0.00 0.00 65.50
817 30.43 0.00 1.45 5.22 0.00 0.29 0.29 0.00 0.00 62.32
818 29.45 0.00 2.15 1.84 0.00 0.00 0.31 0.00 0.00 66.26
819 12.28 0.00 0.29 2.05 0.00 0.00 0.00 0.00 0.00 85.38
820 34.10 0.00 0.58 1.16 0.00 0.00 0.29 0.00 0.00 63.87
821 25.16 0.00 0.96 2.55 0.00 0.00 0.32 0.00 0.00 71.02
822 9.94 0.00 0.00 3.31 0.00 0.00 0.00 0.00 0.00 86.75
823 36.96 0.00 1.72 10.89 0.00 0.57 0.29 0.00 0.00 49.57
824 3.56 0.00 0.00 2.27 0.00 0.00 0.00 0.00 0.00 94.17
825 9.67 0.00 0.30 4.23 0.00 0.00 0.00 0.00 0.00 85.80
826 27.24 0.00 0.32 3.53 0.00 0.64 0.00 0.00 0.00 68.27
827 9.94 0.00 0.00 2.71 0.00 0.00 0.30 0.00 0.00 87.05
828 30.97 0.00 1.77 2.65 0.00 0.00 0.29 0.00 0.00 64.31
829 5.38 0.00 0.32 2.85 0.00 0.00 0.00 0.00 0.00 91.46
830 18.42 0.00 0.58 0.88 0.00 0.00 0.00 0.00 0.00 80.12
831 26.09 0.00 0.29 3.77 0.00 0.29 0.00 0.00 0.00 69.57
832 6.88 0.00 0.00 1.25 0.00 0.00 0.31 0.00 0.00 91.56
833 32.73 0.00 0.90 4.50 0.00 0.00 0.30 0.00 0.00 61.56
834 6.85 0.00 0.00 2.18 0.00 0.00 0.00 0.00 0.00 90.97
835 13.04 0.00 0.00 6.09 0.00 0.00 0.29 0.00 0.00 80.58
836 21.98 0.00 2.48 17.03 0.00 0.00 0.00 0.00 0.00 58.51
837 14.85 0.00 0.84 41.74 0.00 0.00 0.28 0.00 0.00 42.30
838 11.04 0.00 0.00 22.39 0.00 0.00 0.00 0.00 0.00 66.57
839 20.23 0.00 0.88 6.45 0.00 0.00 0.00 0.00 0.00 72.43
840 9.42 0.00 0.00 0.61 0.00 0.00 0.00 0.00 0.00 89.97
841 10.87 0.00 0.31 8.07 0.00 0.00 0.00 0.00 0.00 80.75
842 11.28 0.00 0.61 4.27 0.00 0.00 0.30 0.00 0.00 83.54
843 6.25 0.00 0.00 2.50 0.00 0.00 0.31 0.00 0.00 90.94
844 9.45 0.00 0.30 1.83 0.00 0.00 0.00 0.00 0.00 88.41
845 14.57 0.00 0.29 2.29 0.00 0.00 0.00 0.00 0.00 82.86
846 7.96 0.00 0.32 7.01 0.00 0.00 0.32 0.00 0.00 84.39
847 20.31 0.00 0.62 11.69 0.00 0.00 0.31 0.00 0.00 67.08
848 10.51 0.00 0.00 5.71 0.00 0.00 0.30 0.00 0.00 83.48
849 5.05 0.00 0.32 2.52 0.00 0.00 0.32 0.00 0.00 91.80
850 32.29 0.00 0.57 11.71 0.00 0.00 0.00 0.00 0.00 55.43
851 9.90 0.00 0.00 0.00 0.00 0.00 0.00 0.00 0.00 90.10
852 5.68 0.00 0.00 0.63 0.00 0.00 0.00 0.00 0.00 93.69
853 20.00 0.00 0.56 9.30 0.00 0.00 0.28 0.00 0.00 69.86
854 1.14 0.00 0.29 5.43 0.00 0.29 0.00 0.00 0.00 92.86
855 0.50 0.00 0.25 2.00 0.00 0.00 0.00 0.00 0.00 97.26
856 0.25 0.00 0.00 1.01 0.00 0.00 0.00 0.00 0.00 98.74
857 0.00 0.00 0.50 3.27 0.00 0.00 0.00 0.00 0.00 96.22
858 0.25 0.00 0.00 10.35 0.00 0.00 0.00 0.00 0.00 89.39
859 0.75 0.00 1.01 13.82 0.00 0.00 0.00 0.00 0.00 84.42
860 0.00 0.00 0.25 1.51 0.00 0.00 0.00 0.00 0.00 98.24
861 0.75 0.00 0.00 2.01 0.00 0.00 0.00 0.00 0.00 97.24
862 0.00 0.00 0.25 2.02 0.00 0.00 0.00 0.00 0.00 97.73
863 0.25 0.00 0.25 2.26 0.00 0.00 0.00 0.00 0.00 97.24
864 0.00 0.00 0.00 1.51 0.00 0.00 0.00 0.00 0.00 98.49
865 0.75 0.00 0.25 3.24 0.00 0.00 0.00 0.00 0.00 95.76
866 0.25 0.00 0.25 2.51 0.00 0.00 0.00 0.00 0.00 96.99
867 0.00 0.00 0.00 1.51 0.00 0.00 0.00 0.00 0.00 98.49
868 0.00 0.00 0.00 2.01 0.00 0.00 0.00 0.00 0.00 97.99
869 0.00 0.00 0.00 11.06 0.00 0.00 0.00 0.00 0.00 88.94
870 0.25 0.00 0.25 8.00 0.00 0.00 0.00 0.00 0.00 91.50
871 0.25 0.00 0.00 16.04 0.00 0.00 0.00 0.00 0.00 83.71
872 0.00 0.00 0.25 11.78 0.00 0.00 0.00 0.00 0.00 87.97
873 0.25 0.00 0.00 6.50 0.00 0.00 0.00 0.00 0.00 93.25
874 0.00 0.00 0.25 11.56 0.00 0.00 0.00 0.00 0.00 88.19
875 0.25 0.00 0.25 4.76 0.00 0.00 0.00 0.00 0.00 94.74
876 0.00 0.00 0.00 13.10 0.00 0.00 0.00 0.00 0.00 86.90
877 0.50 0.00 0.25 7.46 0.00 0.25 0.00 0.00 0.00 91.54
878 0.25 0.00 0.00 2.51 0.00 0.00 0.00 0.00 0.00 97.24
879 0.00 0.00 0.00 0.76 0.00 0.00 0.00 0.00 0.00 99.24
880 0.00 0.00 0.00 2.01 0.00 0.00 0.00 0.00 0.00 97.99
881 0.25 0.00 0.25 2.01 0.00 0.00 0.00 0.00 0.00 97.49
882 0.25 0.00 0.50 1.50 0.00 0.00 0.00 0.00 0.00 97.75
883 0.25 0.00 0.25 3.76 0.00 0.00 0.25 0.00 0.00 95.49
884 0.50 0.00 0.25 12.50 0.00 0.00 0.00 0.00 0.00 86.75
885 0.00 0.00 0.25 10.53 0.00 0.00 0.00 0.00 0.00 89.22
886 0.00 0.00 0.25 10.03 0.00 0.00 0.00 0.00 0.00 89.72
887 0.00 0.00 0.00 1.76 0.00 0.00 0.00 0.00 0.00 98.24
888 0.25 0.00 0.25 3.00 0.00 0.00 0.00 0.00 0.00 96.50
889 0.00 0.00 0.25 1.26 0.00 0.00 0.00 0.00 0.00 98.49
890 0.25 0.00 0.25 2.00 0.00 0.00 0.00 0.00 0.00 97.50
891 0.25 0.00 0.00 1.25 0.00 0.00 0.00 0.00 0.00 98.50
892 0.25 0.00 0.25 2.00 0.00 0.00 0.00 0.00 0.00 97.50
893 0.00 0.00 0.25 0.75 0.00 0.00 0.00 0.00 0.00 98.99
894 0.74 0.00 0.50 2.48 0.00 0.00 0.00 0.00 0.00 96.29
895 0.25 0.00 0.50 0.75 0.00 0.00 0.00 0.00 0.00 98.50
896 0.25 0.00 0.25 2.51 0.00 0.00 0.00 0.00 0.00 96.99
897 0.25 0.00 0.25 2.26 0.00 0.00 0.00 0.00 0.00 97.24
898 0.50 0.00 0.00 2.26 0.00 0.00 0.00 0.00 0.00 97.24
899 0.25 0.00 0.25 1.50 0.00 0.00 0.00 0.00 0.00 98.00
900 0.25 0.00 0.25 0.75 0.00 0.00 0.00 0.00 0.00 98.75
901 0.50 0.00 0.50 1.50 0.00 0.00 0.00 0.00 0.00 97.50
902 0.00 0.00 0.00 2.01 0.00 0.00 0.00 0.00 0.00 97.99
903 0.00 0.00 0.00 1.25 0.00 0.00 0.00 0.00 0.00 98.75
904 0.50 0.00 0.50 1.50 0.00 0.00 0.00 0.00 0.00 97.51
905 0.50 0.00 0.00 1.00 0.00 0.00 0.00 0.00 0.00 98.50
906 0.00 0.00 0.00 2.01 0.00 0.00 0.00 0.00 0.00 97.99
907 0.00 0.00 0.00 0.76 0.00 0.00 0.00 0.00 0.00 99.24
908 0.00 0.00 0.00 1.51 0.00 0.00 0.00 0.00 0.00 98.49
909 0.00 0.00 0.00 2.51 0.00 0.00 0.00 0.00 0.00 97.49
910 0.50 0.00 0.25 2.74 0.00 0.00 0.00 0.00 0.00 96.51
911 0.00 0.00 0.00 1.50 0.00 0.00 0.00 0.00 0.00 98.50
912 0.00 0.00 0.25 2.76 0.00 0.00 0.00 0.00 0.00 96.98
913 0.00 0.00 0.00 2.02 0.00 0.00 0.00 0.00 0.00 97.98
914 0.00 0.00 0.00 2.02 0.00 0.00 0.00 0.00 0.00 97.98
915 0.00 0.00 0.00 1.26 0.00 0.00 0.00 0.00 0.00 98.74
916 0.25 0.00 0.00 2.01 0.00 0.00 0.00 0.00 0.00 97.74
917 0.25 0.00 0.25 1.00 0.00 0.00 0.00 0.00 0.00 98.50
918 0.25 0.00 0.75 5.78 0.00 0.00 0.00 0.00 0.00 93.22
919 0.25 0.00 0.25 2.49 0.00 0.00 0.00 0.00 0.00 97.01
920 0.50 0.00 0.00 3.27 0.00 0.00 0.00 0.00 0.00 96.23
921 0.00 0.00 0.25 2.51 0.00 0.00 0.00 0.00 0.00 97.24
922 0.25 0.00 0.25 1.25 0.00 0.00 0.00 0.00 0.00 98.25
923 0.00 0.00 0.25 0.50 0.00 0.00 0.25 0.00 0.00 99.00
924 0.25 0.00 0.00 1.75 0.00 0.00 0.00 0.00 0.00 97.99
925 0.25 0.00 0.25 0.50 0.00 0.00 0.00 0.00 0.00 99.00
926 0.25 0.00 0.00 2.01 0.00 0.00 0.00 0.00 0.00 97.74
927 0.00 0.00 0.50 0.75 0.00 0.00 0.00 0.00 0.00 98.75
928 0.00 0.00 0.00 1.76 0.00 0.00 0.00 0.00 0.00 98.24
929 0.00 0.00 0.00 1.00 0.00 0.00 0.00 0.00 0.00 99.00
930 0.25 0.00 0.00 1.50 0.00 0.00 0.00 0.00 0.00 98.25
931 0.50 0.00 0.00 0.75 0.00 0.00 0.00 0.00 0.00 98.75
932 0.00 0.00 0.25 2.51 0.00 0.00 0.00 0.00 0.00 97.24
933 0.00 0.00 0.00 6.27 0.00 0.00 0.00 0.00 0.00 93.73
934 0.50 0.00 0.00 6.27 0.00 0.00 0.00 0.00 0.00 93.23
935 0.25 0.00 0.25 8.75 0.00 0.00 0.00 0.00 0.00 90.75
936 0.00 0.00 0.00 9.07 0.00 0.00 0.00 0.00 0.00 90.93
937 0.25 0.00 0.25 24.50 0.00 0.00 0.00 0.00 0.00 75.00
938 0.00 0.00 0.50 8.29 0.00 0.00 0.00 0.00 0.00 91.21
939 0.25 0.00 0.25 12.25 0.00 0.00 0.00 0.00 0.00 87.25
940 0.00 0.00 0.25 4.01 0.00 0.00 0.00 0.00 0.00 95.74
941 0.25 0.00 0.00 1.50 0.00 0.00 0.00 0.00 0.00 98.25
942 0.00 0.00 0.00 1.26 0.00 0.00 0.00 0.00 0.00 98.74
943 0.25 0.00 0.25 4.51 0.00 0.00 0.00 0.00 0.00 94.99
944 0.00 0.00 0.25 3.27 0.00 0.00 0.00 0.00 0.00 96.47
945 0.25 0.00 0.25 0.75 0.00 0.00 0.00 0.00 0.00 98.75
946 0.25 0.00 0.50 1.25 0.00 0.00 0.00 0.00 0.00 98.00
947 0.25 0.00 0.25 0.75 0.00 0.00 0.00 0.00 0.00 98.75
948 0.25 0.00 0.00 1.51 0.00 0.00 0.00 0.00 0.00 98.24
949 0.25 0.00 0.25 1.00 0.00 0.00 0.00 0.00 0.00 98.50
950 0.00 0.00 0.25 3.27 0.00 0.00 0.00 0.00 0.00 96.48
951 0.25 0.00 0.50 1.25 0.00 0.25 0.00 0.00 0.00 97.76
952 0.25 0.00 0.50 1.99 0.00 0.00 0.00 0.00 0.00 97.26
953 0.25 0.00 0.00 1.26 0.00 0.00 0.00 0.00 0.00 98.49
954 0.00 0.00 0.00 2.27 0.00 0.00 0.00 0.00 0.00 97.73
955 0.50 0.00 0.50 1.25 0.00 0.00 0.00 0.00 0.00 97.76
956 0.00 0.00 0.00 2.27 0.00 0.00 0.00 0.00 0.00 97.73
957 0.25 0.00 0.25 1.50 0.00 0.00 0.00 0.00 0.00 98.00
958 0.25 0.00 0.25 2.76 0.00 0.00 0.00 0.00 0.00 96.74
959 0.25 0.00 0.25 0.75 0.00 0.00 0.00 0.00 0.00 98.75
960 0.25 0.00 0.25 1.00 0.00 0.00 0.00 0.00 0.00 98.50
961 0.00 0.00 0.75 1.00 0.00 0.00 0.00 0.00 0.00 98.25
962 0.25 0.00 0.00 1.50 0.00 0.00 0.00 0.00 0.00 98.25
963 0.00 0.00 0.25 1.25 0.00 0.00 0.00 0.00 0.00 98.50
964 0.25 0.00 0.00 1.51 0.00 0.00 0.00 0.00 0.00 98.24
965 0.25 0.00 0.00 1.00 0.00 0.00 0.00 0.00 0.00 98.75
966 0.00 0.00 0.25 2.01 0.00 0.00 0.00 0.00 0.00 97.74
967 0.25 0.00 0.25 1.00 0.00 0.00 0.00 0.00 0.00 98.50
968 0.00 0.00 0.00 1.76 0.00 0.00 0.00 0.00 0.00 98.24
969 0.25 0.00 0.00 1.75 0.00 0.00 0.00 0.00 0.00 98.00
970 0.00 0.00 0.50 1.25 0.00 0.00 0.00 0.00 0.00 98.25
971 0.00 0.00 0.25 2.76 0.00 0.00 0.00 0.00 0.00 96.99
972 0.00 0.00 0.00 1.01 0.00 0.00 0.00 0.00 0.00 98.99
973 0.25 0.00 0.50 1.75 0.00 0.00 0.00 0.00 0.00 97.49
974 0.00 0.00 0.25 1.00 0.00 0.00 0.00 0.00 0.00 98.75
975 0.25 0.00 0.25 0.50 0.00 0.00 0.00 0.00 0.00 99.00
976 0.25 0.00 0.00 1.76 0.00 0.00 0.00 0.00 0.00 97.99
977 0.25 0.00 0.25 0.75 0.00 0.00 0.25 0.00 0.00 98.50
978 0.00 0.00 1.00 4.76 0.00 0.00 0.00 0.00 0.00 94.24
979 0.25 0.00 0.25 0.75 0.00 0.00 0.00 0.00 0.00 98.75
980 0.25 0.00 0.00 0.75 0.00 0.00 0.00 0.00 0.00 99.00
981 0.50 0.00 0.25 0.75 0.00 0.00 0.00 0.00 0.00 98.50
982 0.25 0.00 0.25 1.25 0.00 0.00 0.00 0.00 0.00 98.25
983 0.00 0.00 0.25 2.51 0.00 0.00 0.00 0.00 0.00 97.24
984 0.25 0.00 0.00 1.50 0.00 0.00 0.00 0.00 0.00 98.25
985 0.00 0.00 0.00 1.76 0.00 0.00 0.00 0.00 0.00 98.24
986 0.00 0.00 0.50 6.27 0.00 0.00 0.00 0.00 0.00 93.23
987 0.00 0.00 0.00 5.26 0.00 0.00 0.00 0.00 0.00 94.74
988 0.00 0.00 0.25 2.51 0.00 0.00 0.00 0.00 0.00 97.24
989 0.25 0.00 0.25 1.00 0.00 0.00 0.00 0.00 0.00 98.50
990 0.00 0.00 0.00 3.02 0.00 0.00 0.00 0.00 0.00 96.98
991 0.25 0.00 0.00 5.78 0.00 0.00 0.00 0.00 0.00 93.97
992 0.00 0.00 0.00 6.53 0.00 0.00 0.00 0.00 0.00 93.47
993 0.00 0.00 0.25 3.76 0.00 0.00 0.00 0.00 0.00 95.99
994 0.25 0.00 0.00 0.75 0.00 0.00 0.00 0.00 0.00 99.00
995 0.00 0.00 0.00 2.01 0.00 0.00 0.25 0.00 0.00 97.74
996 0.00 0.00 0.00 2.26 0.00 0.00 0.00 0.00 0.00 97.74
997 0.25 0.00 0.25 2.50 0.00 0.00 0.00 0.00 0.00 97.00
998 0.00 0.00 0.00 1.25 0.00 0.00 0.00 0.00 0.00 98.75
999 0.25 0.00 0.00 1.76 0.00 0.00 0.00 0.00 0.00 97.99
1000 0.00 0.00 0.00 1.00 0.00 0.00 0.00 0.00 0.00 99.00
1001 0.00 0.00 0.25 1.50 0.00 0.00 0.00 0.00 0.00 98.25
1002 0.00 0.00 0.00 1.51 0.00 0.00 0.00 0.00 0.00 98.49
1003 0.25 0.00 0.25 1.25 0.00 0.00 0.00 0.00 0.00 98.25
1004 0.00 0.00 0.25 1.76 0.00 0.00 0.00 0.00 0.00 97.99
1005 0.50 0.00 0.25 1.00 0.00 0.00 0.00 0.00 0.00 98.25
1006 0.25 0.00 0.00 0.75 0.00 0.00 0.00 0.00 0.00 99.00
1007 0.25 0.00 0.25 1.50 0.00 0.00 0.00 0.00 0.00 98.00
1008 0.25 0.00 0.25 0.75 0.00 0.00 0.00 0.00 0.00 98.75
1009 0.25 0.00 0.00 2.26 0.00 0.00 0.00 0.00 0.00 97.49
1010 0.00 0.00 0.00 2.01 0.00 0.00 0.00 0.00 0.00 97.99
1011 0.25 0.00 0.25 1.75 0.00 0.00 0.00 0.00 0.00 97.74
1012 0.00 0.00 0.00 1.26 0.00 0.00 0.00 0.00 0.00 98.74
1013 0.00 0.00 0.25 0.75 0.00 0.00 0.00 0.00 0.00 99.00
1014 0.25 0.00 0.00 1.00 0.00 0.00 0.00 0.00 0.00 98.75
1015 0.25 0.00 0.00 1.76 0.00 0.00 0.00 0.00 0.00 97.99
1016 0.50 0.00 0.00 1.00 0.00 0.00 0.00 0.00 0.00 98.50
1017 0.00 0.00 0.00 1.01 0.00 0.00 0.00 0.00 0.00 98.99
1018 0.00 0.00 0.25 1.25 0.00 0.00 0.00 0.00 0.00 98.50
1019 0.00 0.00 0.50 0.50 0.00 0.00 0.00 0.00 0.00 99.00
1020 0.50 0.00 0.25 0.75 0.00 0.00 0.00 0.00 0.00 98.50
1021 0.25 0.00 0.00 1.75 0.00 0.00 0.00 0.00 0.00 98.00
1022 0.25 0.00 0.00 1.25 0.00 0.00 0.00 0.00 0.00 98.50
1023 0.25 0.00 0.00 1.25 0.00 0.00 0.00 0.00 0.00 98.50
1024 0.25 0.00 0.50 0.75 0.00 0.00 0.00 0.00 0.00 98.50
1025 0.50 0.00 0.25 1.50 0.00 0.00 0.00 0.00 0.00 97.76
1026 0.00 0.00 0.25 2.26 0.00 0.00 0.00 0.00 0.00 97.49
1027 0.25 0.00 0.00 1.50 0.00 0.00 0.00 0.00 0.00 98.25
1028 0.00 0.00 0.76 0.76 0.00 0.00 0.00 0.00 0.00 98.49
1029 0.25 0.00 0.25 1.00 0.00 0.00 0.00 0.00 0.00 98.50
1030 0.00 0.00 0.25 1.00 0.00 0.00 0.00 0.00 0.00 98.75
1031 0.25 0.00 0.25 1.00 0.00 0.00 0.00 0.00 0.00 98.50
1032 0.00 0.00 0.00 0.50 0.00 0.00 0.00 0.00 0.00 99.50
1033 0.00 0.00 0.75 2.25 0.00 0.00 0.00 0.00 0.00 97.00
1034 0.25 0.00 0.00 0.50 0.00 0.00 0.00 0.00 0.00 99.25
1035 0.00 0.00 0.25 1.50 0.00 0.00 0.00 0.00 0.00 98.25
1036 0.25 0.00 0.00 1.00 0.00 0.00 0.00 0.00 0.00 98.75
1037 0.00 0.00 0.00 1.51 0.00 0.00 0.00 0.00 0.00 98.49
1038 0.25 0.00 1.01 0.75 0.00 0.00 0.00 0.00 0.00 97.99
1039 0.00 0.00 0.00 0.00 0.00 0.00 0.00 0.00 0.00 100.00
1040 0.50 0.00 0.00 0.25 0.00 0.00 0.00 0.00 0.00 99.25
1041 0.00 0.00 0.50 1.00 0.00 0.00 0.00 0.00 0.00 98.50
1042 0.25 0.00 0.00 1.01 0.00 0.00 0.00 0.00 0.00 98.74
1043 0.00 0.00 0.00 0.50 0.00 0.00 0.00 0.00 0.00 99.50
1044 0.25 0.00 0.00 0.50 0.00 0.00 0.00 0.00 0.00 99.25
1045 0.00 0.00 0.00 36.39 0.00 0.00 0.00 0.00 0.00 63.61
1046 0.51 0.00 0.00 49.11 0.00 0.00 0.00 0.00 0.00 50.38
1047 0.00 0.00 0.00 24.75 0.00 0.00 0.00 0.00 0.00 75.25
1048 0.00 0.00 1.76 25.44 0.00 0.00 0.00 0.00 0.00 72.80
1049 0.23 0.00 0.70 44.26 0.00 0.00 0.00 0.00 0.00 54.80
1050 0.00 0.00 0.50 55.25 0.00 0.00 0.00 0.00 0.00 44.25
1051 0.25 0.00 0.25 31.25 0.00 0.00 0.00 0.00 0.00 68.25
1052 0.00 0.00 0.25 38.10 0.00 0.00 0.00 0.00 0.00 61.65
1053 0.00 0.00 0.00 25.63 0.00 0.00 0.00 0.00 0.00 74.37
1054 0.25 0.00 0.25 25.81 0.00 0.00 0.00 0.00 0.00 73.68
1055 0.25 0.00 0.25 27.32 0.00 0.00 0.00 0.00 0.00 72.18
1056 0.50 0.00 0.25 45.48 0.00 0.00 0.00 0.00 0.00 53.77
1057 0.00 0.00 0.25 18.80 0.00 0.00 0.00 0.00 0.00 80.95
1058 0.00 0.00 0.25 14.21 0.00 0.00 0.25 0.00 0.00 85.29
1059 0.25 0.00 0.25 4.76 0.00 0.00 0.00 0.00 0.00 94.74
1060 0.00 0.00 0.00 1.50 0.00 0.00 0.00 0.00 0.00 98.50
1061 0.25 0.00 0.00 1.01 0.00 0.00 0.00 0.00 0.00 98.74
1062 0.50 0.00 0.00 1.00 0.00 0.00 0.00 0.00 0.00 98.50
1063 0.25 0.00 0.25 6.53 0.00 0.00 0.00 0.00 0.00 92.96
1064 0.25 0.00 0.25 3.50 0.00 0.00 0.00 0.00 0.00 96.00
1065 0.00 0.00 0.00 1.01 0.00 0.00 0.00 0.00 0.00 98.99
1066 0.50 0.00 0.25 1.00 0.00 0.00 0.00 0.00 0.00 98.25
1067 0.00 0.00 0.50 0.25 0.00 0.00 0.00 0.00 0.00 99.25
1068 0.00 0.00 0.00 0.50 0.00 0.00 0.00 0.00 0.00 99.50
1069 0.00 0.00 0.25 1.75 0.00 0.00 0.00 0.00 0.00 98.00
1070 0.25 0.00 0.25 1.00 0.00 0.00 0.00 0.00 0.00 98.50
1071 0.25 0.00 0.25 1.25 0.00 0.00 0.00 0.00 0.00 98.25
1072 0.00 0.00 0.25 0.75 0.00 0.00 0.00 0.00 0.00 99.00
1073 0.00 0.00 0.00 0.75 0.00 0.00 0.00 0.00 0.00 99.25
1074 0.00 0.00 0.25 0.50 0.00 0.00 0.00 0.00 0.00 99.25
1075 0.25 0.00 0.00 1.51 0.00 0.00 0.00 0.00 0.00 98.24
1076 0.25 0.00 0.25 1.50 0.00 0.00 0.00 0.00 0.00 98.00
1077 0.00 0.00 0.25 0.50 0.00 0.00 0.00 0.00 0.00 99.25
1078 0.00 0.00 0.25 0.75 0.00 0.00 0.00 0.00 0.00 99.00
1079 0.25 0.00 0.25 0.75 0.00 0.00 0.00 0.00 0.00 98.75
1080 0.25 0.00 1.26 5.54 0.00 0.00 0.00 0.00 0.00 92.95
1081 0.25 0.00 0.25 2.76 0.00 0.00 0.00 0.00 0.00 96.74
1082 0.25 0.00 0.25 5.50 0.00 0.00 0.00 0.00 0.00 94.00
1083 0.25 0.00 0.00 2.51 0.00 0.00 0.00 0.00 0.00 97.24
1084 0.25 0.00 0.25 3.75 0.00 0.00 0.00 0.00 0.00 95.75
1085 0.00 0.00 0.00 1.76 0.00 0.00 0.00 0.00 0.00 98.24
1086 0.25 0.00 0.25 3.76 0.00 0.00 0.00 0.00 0.00 95.74
1087 0.25 0.00 0.00 1.50 0.00 0.00 0.00 0.00 0.00 98.25
1088 0.25 0.00 0.25 2.25 0.00 0.00 0.00 0.00 0.00 97.25
1089 0.00 0.00 0.00 0.75 0.00 0.00 0.00 0.00 0.00 99.25
1090 0.25 0.00 0.50 1.00 0.00 0.00 0.00 0.00 0.00 98.26
1091 0.00 0.00 0.00 1.76 0.00 0.00 0.00 0.00 0.00 98.24
1092 0.00 0.00 0.00 2.26 0.00 0.00 0.00 0.00 0.00 97.74
1093 0.25 0.00 0.25 2.01 0.00 0.00 0.00 0.00 0.00 97.49
1094 0.00 0.00 0.25 1.25 0.00 0.00 0.00 0.00 0.00 98.50
1095 0.25 0.00 0.00 1.76 0.00 0.00 0.00 0.00 0.00 97.99
1096 0.25 0.00 0.00 2.26 0.00 0.00 0.00 0.00 0.00 97.49
1097 0.25 0.00 0.25 0.75 0.00 0.00 0.00 0.00 0.00 98.75
1098 0.00 0.00 0.75 11.78 0.00 0.00 0.25 0.00 0.00 87.22
1099 0.50 0.00 0.50 7.27 0.00 0.00 0.00 0.00 0.00 91.73
1100 0.00 0.00 0.00 1.76 0.00 0.00 0.00 0.00 0.00 98.24
1101 0.25 0.00 0.50 1.25 0.00 0.00 0.00 0.00 0.00 98.00
1102 0.00 0.00 0.00 4.01 0.00 0.00 0.00 0.00 0.00 95.99
1103 0.25 0.00 0.25 1.50 0.00 0.00 0.00 0.00 0.00 97.99
1104 0.50 0.00 0.50 8.48 0.00 0.00 0.00 0.00 0.00 90.52
1105 0.25 0.00 0.25 1.75 0.00 0.00 0.00 0.00 0.00 97.75
1106 0.25 0.00 0.25 2.76 0.00 0.00 0.00 0.00 0.00 96.74
1107 0.25 0.00 0.25 1.75 0.00 0.00 0.00 0.00 0.00 97.75
1108 0.25 0.00 0.50 1.25 0.00 0.00 0.00 0.00 0.00 98.00
1109 0.25 0.00 0.00 1.01 0.00 0.00 0.00 0.00 0.00 98.74
1110 0.25 0.00 0.25 1.25 0.00 0.00 0.00 0.00 0.00 98.25
1111 0.25 0.00 0.00 0.76 0.00 0.00 0.00 0.00 0.00 98.99
1112 0.25 0.00 0.25 1.50 0.00 0.00 0.00 0.00 0.00 98.00
1113 0.00 0.00 0.00 2.01 0.00 0.00 0.00 0.00 0.00 97.99
1114 0.50 0.00 0.00 4.74 0.00 0.00 0.00 0.00 0.00 94.76
1115 0.00 0.00 0.25 7.04 0.00 0.00 0.00 0.00 0.00 92.71
1116 0.25 0.00 0.25 18.84 0.00 0.00 0.00 0.00 0.00 80.65
1117 0.00 0.00 0.00 10.28 0.00 0.00 0.00 0.00 0.00 89.72
1118 0.25 0.00 0.25 6.27 0.00 0.00 0.00 0.00 0.00 93.23
1119 0.00 0.00 0.25 8.77 0.00 0.00 0.00 0.00 0.00 90.98
1120 0.00 0.00 0.00 19.10 0.00 0.00 0.00 0.00 0.00 80.90
1121 0.25 0.00 0.25 9.50 0.00 0.00 0.00 0.00 0.00 90.00
1122 0.25 0.00 0.00 6.27 0.00 0.00 0.00 0.00 0.00 93.48
1123 0.00 0.00 0.50 2.26 0.00 0.00 0.25 0.00 0.00 96.98
1124 0.25 0.00 0.25 2.24 0.00 0.00 0.00 0.00 0.00 97.26
1125 0.25 0.00 0.25 3.01 0.00 0.00 0.00 0.00 0.00 96.49
1126 0.25 0.00 0.25 2.26 0.00 0.00 0.00 0.00 0.00 97.24
1127 0.25 0.00 0.00 2.26 0.00 0.00 0.00 0.00 0.00 97.49
1128 0.25 0.00 0.25 0.75 0.00 0.00 0.00 0.00 0.00 98.75
1129 0.25 0.00 0.25 2.75 0.00 0.00 0.00 0.00 0.00 96.75
1130 0.25 0.00 0.25 1.50 0.00 0.00 0.00 0.00 0.00 98.00
1131 0.25 0.00 0.00 4.27 0.00 0.00 0.00 0.00 0.00 95.48
1132 0.00 0.00 0.25 2.26 0.00 0.00 0.00 0.00 0.00 97.49
1133 0.25 0.00 0.25 1.75 0.00 0.00 0.00 0.00 0.00 97.75
1134 0.25 0.00 0.25 1.75 0.00 0.00 0.00 0.00 0.00 97.75
1135 0.00 0.00 0.00 2.01 0.00 0.00 0.00 0.00 0.00 97.99
1136 0.00 0.00 0.25 1.01 0.00 0.00 0.00 0.00 0.00 98.74
1137 0.25 0.00 0.50 3.24 0.00 0.00 0.00 0.00 0.00 96.01
1138 0.00 0.00 0.00 1.25 0.00 0.00 0.00 0.00 0.00 98.75
1139 0.25 0.00 0.00 1.75 0.00 0.00 0.00 0.00 0.00 97.99
1140 0.00 0.00 0.25 0.75 0.00 0.00 0.00 0.00 0.00 98.99
1141 0.25 0.00 0.25 3.25 0.00 0.00 0.00 0.00 0.00 96.25
1142 0.25 0.00 0.00 2.26 0.00 0.00 0.00 0.00 0.00 97.49
1143 0.00 0.00 0.25 3.51 0.00 0.00 0.00 0.00 0.00 96.24
1144 0.25 0.00 0.50 2.50 0.00 0.00 0.00 0.00 0.00 96.75
1145 0.50 0.00 0.00 2.25 0.00 0.00 0.00 0.00 0.00 97.25
1146 0.00 0.00 0.00 3.53 0.00 0.00 0.00 0.00 0.00 96.47
1147 0.00 0.00 0.25 2.76 0.00 0.00 0.00 0.00 0.00 96.99
1148 0.25 0.00 0.25 1.25 0.00 0.00 0.00 0.00 0.00 98.25
1149 0.00 0.00 0.00 2.51 0.00 0.00 0.00 0.00 0.00 97.49
1150 0.00 0.00 0.25 3.25 0.00 0.00 0.00 0.00 0.00 96.50
1151 0.00 0.00 0.25 2.01 0.00 0.00 0.00 0.00 0.00 97.74
1152 0.25 0.00 0.00 1.50 0.00 0.00 0.00 0.00 0.00 98.25
1153 0.50 0.00 0.50 3.75 0.00 0.00 0.00 0.00 0.00 95.25
1154 0.00 0.00 0.00 2.01 0.00 0.00 0.00 0.00 0.00 97.99
1155 0.25 0.00 0.00 2.26 0.00 0.00 0.00 0.00 0.00 97.49
1156 0.25 0.00 0.50 0.75 0.00 0.00 0.00 0.00 0.00 98.50
1157 0.00 0.00 0.00 1.75 0.00 0.00 0.00 0.00 0.00 98.25
1158 0.25 0.00 1.53 19.34 0.00 0.00 0.00 0.00 0.00 78.88
1159 0.25 0.00 0.50 39.25 0.00 0.00 0.00 0.00 0.00 60.00
1160 0.00 0.00 0.00 37.88 0.00 0.00 0.00 0.00 0.00 62.12
1161 1.25 0.00 0.50 68.58 0.00 0.00 0.00 0.00 0.00 29.68
1162 0.25 0.00 0.25 49.62 0.00 0.00 0.00 0.00 0.00 49.87
1163 0.75 0.00 0.25 37.59 0.00 0.00 0.00 0.00 0.00 61.40
1164 9.55 0.00 0.25 37.44 0.00 0.00 0.00 0.00 0.00 52.76
1165 3.50 0.00 0.50 68.25 0.00 0.00 0.00 0.00 0.00 27.75
1166 0.00 0.00 2.54 56.35 0.00 0.00 0.00 0.00 0.00 41.12
1167 0.25 0.00 0.75 63.16 0.00 0.00 0.00 0.00 0.00 35.84
1168 0.25 0.00 0.50 51.26 0.00 0.00 0.00 0.00 0.00 47.99
1169 3.78 0.00 1.89 44.32 0.00 0.00 0.00 0.00 0.00 50.00
1170 7.98 0.00 1.33 18.09 0.00 0.00 0.27 0.00 0.00 72.34
1171 4.58 0.00 1.89 19.41 0.00 0.00 0.00 0.00 0.00 74.12
1172 14.29 0.00 0.28 3.08 0.00 0.00 0.00 0.00 0.00 82.35
1173 6.81 0.00 0.00 0.93 0.00 0.00 0.00 0.00 0.00 92.26
1174 19.10 0.00 0.30 0.60 0.00 0.00 0.00 0.00 0.00 80.00
1175 13.15 0.00 0.27 4.93 0.00 0.00 0.27 0.00 0.00 81.37
1176 34.95 0.00 0.30 2.74 0.00 0.00 0.00 0.00 0.00 62.01
1177 32.26 0.00 4.99 40.18 0.00 0.29 0.00 0.00 0.00 22.29
1178 6.54 0.00 2.62 65.71 0.00 0.00 0.00 0.00 0.00 25.13
1179 11.76 0.00 2.14 68.98 0.00 0.27 0.27 0.00 0.00 16.58
1180 19.01 0.00 1.04 55.99 0.00 0.00 0.00 0.00 0.00 23.96
1181 4.51 0.00 3.45 71.88 0.00 0.00 0.27 0.00 0.00 19.89
1182 24.93 0.00 2.36 55.12 0.00 0.00 0.26 0.00 0.00 17.32
1183 0.55 0.00 15.89 83.56 0.00 0.00 0.00 0.00 0.00 0.00
1184 0.28 0.00 5.92 93.52 0.00 0.00 0.28 0.00 0.00 0.00
1185 0.00 0.00 0.25 99.75 0.00 0.00 0.00 0.00 0.00 0.00
1186 0.25 0.00 0.25 99.50 0.00 0.00 0.00 0.00 0.00 0.00
1187 0.00 0.00 0.25 99.75 0.00 0.00 0.00 0.00 0.00 0.00
1188 0.00 0.00 0.75 99.25 0.00 0.00 0.00 0.00 0.00 0.00
1189 0.25 0.00 0.25 99.50 0.00 0.00 0.00 0.00 0.00 0.00
1190 0.25 0.00 0.00 99.75 0.00 0.00 0.00 0.00 0.00 0.00
1191 0.25 0.00 0.25 99.50 0.00 0.00 0.00 0.00 0.00 0.00
1192 0.50 0.00 0.00 99.50 0.00 0.00 0.00 0.00 0.00 0.00
1193 0.25 0.00 0.25 99.50 0.00 0.00 0.00 0.00 0.00 0.00
1194 12.91 0.00 2.03 75.19 0.00 0.00 0.00 0.00 0.00 9.87
1195 10.43 0.00 1.02 40.71 0.00 0.00 0.00 0.00 0.00 47.84
1196 14.49 0.00 8.12 61.74 0.00 0.00 0.00 0.00 0.00 15.65
1197 25.21 0.00 24.07 39.54 0.00 0.00 0.00 0.00 0.00 11.17
1198 18.16 0.00 16.43 43.52 0.00 0.29 0.00 0.00 0.00 21.61
1199 30.50 0.00 1.76 51.91 0.00 0.00 0.00 0.00 0.00 15.84
1200 40.51 0.00 3.04 22.78 0.00 0.00 0.00 0.00 0.00 33.67
1201 1.26 0.00 0.50 2.26 0.00 0.00 0.25 0.00 0.00 95.73
1202 0.25 0.00 0.25 1.26 0.00 0.00 0.00 0.00 0.00 98.24
1203 0.50 0.00 0.50 5.25 0.00 0.00 0.00 0.00 0.00 93.75
1204 0.50 0.00 0.50 2.49 0.00 0.00 0.00 0.00 0.00 96.52
1205 0.25 0.00 0.50 2.01 0.00 0.00 0.00 0.00 0.00 97.24
1206 0.50 0.00 0.00 3.00 0.00 0.00 0.00 0.00 0.00 96.50
1207 0.50 0.00 0.00 2.26 0.00 0.00 0.00 0.00 0.00 97.24
1208 0.25 0.00 0.00 1.26 0.00 0.00 0.00 0.00 0.00 98.49
1209 0.25 0.00 0.25 3.25 0.00 0.00 0.00 0.00 0.00 96.25
1210 0.00 0.00 0.25 2.00 0.00 0.00 0.00 0.00 0.00 97.75
1211 0.25 0.00 0.50 1.75 0.00 0.00 0.00 0.00 0.00 97.49
1212 0.00 0.00 0.00 3.02 0.00 0.00 0.00 0.00 0.00 96.98
1213 0.25 0.00 0.50 6.00 0.00 0.00 0.00 0.00 0.00 93.25
1214 0.25 0.00 0.25 5.01 0.00 0.00 0.00 0.00 0.00 94.49
1215 0.00 0.00 0.50 3.01 0.00 0.00 0.00 0.00 0.00 96.49
1216 0.50 0.00 0.25 3.00 0.00 0.00 0.00 0.00 0.00 96.25
1217 0.00 0.00 1.01 2.77 0.00 0.00 0.00 0.00 0.00 96.22
1218 0.00 0.00 1.00 23.56 0.00 0.00 0.00 0.00 0.00 75.44
1219 0.50 0.00 0.25 3.50 0.00 0.00 0.00 0.00 0.00 95.75
1220 0.00 0.00 0.25 1.76 0.00 0.00 0.00 0.00 0.00 97.99
1221 0.25 0.00 0.25 2.26 0.00 0.00 0.00 0.00 0.00 97.24
1222 1.25 0.00 0.50 19.55 0.00 0.00 0.00 0.00 0.00 78.70
1223 33.50 0.00 0.51 26.85 0.00 0.00 0.00 0.00 0.00 39.13
1224 99.02 0.00 0.33 0.00 0.00 0.00 0.00 0.00 0.00 0.65
1225 85.26 0.00 2.89 9.83 0.00 0.00 0.00 0.00 0.00 2.02
1226 99.44 0.00 0.28 0.00 0.00 0.28 0.00 0.00 0.00 0.00
1227 96.05 0.00 1.32 1.32 0.00 0.00 0.33 0.00 0.00 0.99
1228 86.69 0.00 0.93 11.46 0.00 0.00 0.00 0.00 0.00 0.93
1229 98.35 0.00 0.66 0.33 0.00 0.00 0.00 0.00 0.00 0.66
1230 95.64 0.00 0.62 1.87 0.00 0.00 0.31 0.00 0.00 1.56
1231 97.60 0.00 0.60 1.50 0.00 0.00 0.00 0.00 0.00 0.30
1232 79.06 0.00 0.00 20.31 0.00 0.00 0.00 0.00 0.00 0.62
1233 96.98 0.00 0.30 2.72 0.00 0.00 0.00 0.00 0.00 0.00
1234 41.55 0.00 0.00 16.91 0.00 0.00 0.29 0.00 0.00 41.26
1235 7.45 0.00 0.00 0.00 0.00 0.00 0.00 0.00 0.00 92.55
1236 24.17 0.00 0.25 3.05 0.00 0.00 0.00 0.00 0.00 72.52
1237 84.41 0.00 0.29 1.18 0.00 0.00 0.00 0.00 0.00 14.12
1238 97.86 0.00 0.31 0.92 0.00 0.00 0.31 0.00 0.00 0.61
1239 81.42 0.00 0.31 0.00 0.00 0.00 0.31 0.00 0.00 17.96
1240 12.79 0.00 0.29 0.87 0.00 0.00 0.00 0.00 0.00 86.05
1241 37.64 0.00 0.00 0.28 0.00 0.00 0.28 0.00 0.00 61.80
1242 100.00 0.00 0.00 0.00 0.00 0.00 0.00 0.00 0.00 0.00
1243 99.18 0.00 0.82 0.00 0.00 0.00 0.00 0.00 0.00 0.00
1244 86.89 0.00 0.00 0.00 0.00 0.00 0.33 0.00 0.00 12.79
1245 17.13 0.00 0.28 0.83 0.00 0.00 0.00 0.00 0.00 81.77
1246 30.81 0.00 0.51 0.51 0.00 0.00 0.00 0.00 0.00 68.18
1247 100.00 0.00 0.00 0.00 0.00 0.00 0.00 0.00 0.00 0.00
1248 75.45 0.00 3.10 0.26 0.00 0.00 0.26 0.00 0.00 20.93
1249 47.07 0.00 0.27 2.39 0.00 0.00 0.00 0.00 0.00 50.27
1250 46.24 0.00 0.27 2.96 0.00 0.00 0.00 0.00 0.00 50.54
1251 25.67 0.00 0.00 1.60 0.00 0.00 0.00 0.00 0.00 72.73
1252 10.21 0.00 0.30 1.50 0.00 0.00 0.00 0.00 0.00 87.99
1253 15.30 0.00 0.28 2.27 0.00 0.00 0.28 0.00 0.00 81.87
1254 17.27 0.00 0.00 2.51 0.00 0.00 0.00 0.00 0.00 80.22
1255 10.51 0.00 0.30 1.80 0.00 0.00 0.30 0.00 0.00 87.09
1256 24.94 0.00 0.25 2.52 0.00 0.00 0.00 0.00 0.00 72.29
1257 14.90 0.00 0.29 2.29 0.00 0.00 0.00 0.00 0.00 82.52
1258 2.22 0.00 0.28 2.50 0.00 0.00 0.00 0.00 0.00 95.00
1259 0.00 0.00 0.25 4.03 0.00 0.00 0.00 0.00 0.00 95.72
1260 0.25 0.00 0.25 2.75 0.00 0.00 0.00 0.00 0.00 96.75
1261 0.25 0.00 0.00 2.51 0.00 0.00 0.00 0.00 0.00 97.24
1262 0.25 0.00 0.25 2.75 0.00 0.00 0.00 0.00 0.00 96.75
1263 0.00 0.00 0.00 1.51 0.00 0.00 0.00 0.00 0.00 98.49
1264 0.25 0.00 0.25 2.49 0.00 0.00 0.00 0.00 0.00 97.01
1265 0.25 0.00 0.50 2.00 0.00 0.00 0.00 0.00 0.00 97.25
1266 0.50 0.00 0.50 2.76 0.00 0.00 0.00 0.00 0.00 96.23
1267 0.25 0.00 0.25 2.00 0.00 0.00 0.00 0.00 0.00 97.50
1268 1.51 0.00 0.25 10.30 0.00 0.00 0.00 0.00 0.00 87.94
1269 20.94 0.00 2.09 31.15 0.00 0.26 0.00 0.00 0.00 45.55
1270 19.39 0.00 0.51 24.74 0.00 0.00 0.26 0.00 0.00 55.10
1271 95.64 0.00 0.31 0.93 0.00 0.00 0.00 0.00 0.00 3.12
1272 98.37 0.00 0.54 0.27 0.00 0.00 0.00 0.00 0.00 0.81
1273 50.66 0.00 0.53 3.69 0.00 0.00 0.00 0.00 0.00 45.12
1274 0.25 0.00 0.25 3.02 0.00 0.00 0.00 0.00 0.00 96.48
1275 0.25 0.00 0.00 1.77 0.00 0.00 0.00 0.00 0.00 97.98
1276 0.25 0.00 0.25 11.00 0.00 0.00 0.00 0.00 0.00 88.50
1277 0.25 0.00 0.00 13.32 0.00 0.00 0.00 0.00 0.00 86.43
1278 0.00 0.00 0.50 26.45 0.00 0.00 0.00 0.00 0.00 73.05
1279 0.25 0.00 0.76 20.91 0.00 0.00 0.00 0.00 0.00 78.09
1280 0.25 0.00 0.25 8.50 0.00 0.00 0.00 0.00 0.00 91.00
1281 0.75 0.00 0.25 13.03 0.00 0.00 0.00 0.00 0.00 85.96
1282 0.50 0.00 0.50 10.97 0.00 0.00 0.00 0.00 0.00 88.03
1283 0.00 0.00 0.00 3.02 0.00 0.00 0.00 0.00 0.00 96.98
1284 0.25 0.00 0.00 2.26 0.00 0.00 0.00 0.00 0.00 97.49
1285 0.75 0.00 0.00 2.50 0.00 0.00 0.00 0.00 0.00 96.75
1286 0.50 0.00 0.25 2.50 0.00 0.00 0.00 0.00 0.00 96.75
1287 0.25 0.00 0.25 2.51 0.00 0.00 0.00 0.00 0.00 96.99
1288 37.33 0.00 1.11 3.62 0.00 0.00 0.00 0.00 0.00 57.94
1289 96.17 0.00 0.59 0.00 0.00 0.00 0.29 0.00 0.00 2.95
1290 97.89 0.00 0.30 0.00 0.00 0.00 0.00 0.00 0.00 1.81
1291 23.82 0.00 0.29 2.65 0.00 0.00 0.00 0.00 0.00 73.24
1292 0.25 0.00 0.00 3.51 0.00 0.00 0.00 0.00 0.00 96.24
1293 0.25 0.00 0.25 2.51 0.00 0.00 0.00 0.00 0.00 96.99
1294 0.25 0.00 0.25 3.02 0.00 0.00 0.00 0.00 0.00 96.48
1295 0.50 0.00 0.00 2.76 0.00 0.00 0.00 0.00 0.00 96.74
1296 0.25 0.00 0.25 2.51 0.00 0.00 0.00 0.00 0.00 96.98
1297 0.00 0.00 0.00 2.27 0.00 0.00 0.00 0.00 0.00 97.73
1298 0.25 0.00 0.25 2.76 0.00 0.00 0.00 0.00 0.00 96.74
1299 0.00 0.00 0.50 4.26 0.00 0.00 0.00 0.00 0.00 95.24
1300 0.50 0.00 0.50 3.00 0.00 0.00 0.00 0.00 0.00 96.00
1301 0.50 0.00 0.00 1.76 0.00 0.00 0.00 0.00 0.00 97.74
1302 0.25 0.00 0.25 3.28 0.00 0.00 0.00 0.00 0.00 96.21
1303 0.25 0.00 0.25 2.27 0.00 0.00 0.00 0.00 0.00 97.22
1304 0.50 0.00 0.50 2.99 0.00 0.00 0.00 0.00 0.00 96.02
1305 0.50 0.00 0.00 4.03 0.00 0.00 0.00 0.00 0.00 95.47
1306 16.40 0.00 1.06 3.17 0.00 0.00 0.00 0.00 0.00 79.37
1307 96.52 0.00 0.29 0.58 0.00 0.00 0.29 0.00 0.00 2.32
1308 98.54 0.00 0.58 0.00 0.00 0.00 0.00 0.00 0.00 0.88
1309 57.14 0.00 0.28 1.12 0.00 0.00 0.00 0.00 0.00 41.46
1310 0.25 0.00 0.00 4.06 0.00 0.00 0.00 0.00 0.00 95.69
1311 0.25 0.00 0.50 3.25 0.00 0.00 0.25 0.00 0.00 95.75
1312 0.25 0.00 0.25 2.77 0.00 0.00 0.00 0.00 0.00 96.73
1313 0.25 0.00 0.00 1.00 0.00 0.00 0.00 0.00 0.00 98.75
1314 0.00 0.00 0.25 2.52 0.00 0.00 0.25 0.00 0.00 96.98
1315 0.75 0.00 0.00 1.75 0.00 0.00 0.00 0.00 0.00 97.50
1316 0.50 0.00 0.25 2.01 0.00 0.00 0.00 0.00 0.00 97.24
1317 0.50 0.00 0.25 1.75 0.00 0.00 0.00 0.00 0.00 97.49
1318 0.25 0.00 0.50 2.76 0.00 0.00 0.00 0.00 0.00 96.48
1319 0.25 0.00 0.00 2.01 0.00 0.00 0.00 0.00 0.00 97.74
1320 0.50 0.00 0.25 1.50 0.00 0.00 0.25 0.00 0.00 97.49
1321 0.50 0.00 0.00 2.25 0.00 0.00 0.00 0.00 0.00 97.25
1322 0.75 0.00 0.25 2.75 0.00 0.00 0.00 0.00 0.00 96.25
1323 8.46 0.00 0.26 3.08 0.00 0.26 0.00 0.00 0.00 87.95
1324 0.25 0.00 0.25 2.25 0.00 0.00 0.00 0.00 0.00 97.25
1325 1.00 0.00 0.25 2.25 0.00 0.00 0.00 0.00 0.00 96.50
1326 87.72 0.00 0.60 2.99 0.00 0.00 0.00 0.00 0.00 8.68
1327 96.85 0.00 0.86 0.29 0.00 0.00 0.00 0.00 0.00 2.01
1328 96.59 0.00 0.93 0.62 0.00 0.00 0.00 0.00 0.00 1.86
1329 11.23 0.00 0.27 3.48 0.00 0.00 0.27 0.00 0.00 84.76
1330 0.25 0.00 0.50 2.51 0.00 0.00 0.00 0.00 0.00 96.74
1331 0.25 0.00 0.00 2.01 0.00 0.00 0.00 0.00 0.00 97.74
1332 0.50 0.00 0.50 1.50 0.00 0.00 0.00 0.00 0.00 97.51
1333 0.25 0.00 0.00 2.02 0.00 0.00 0.00 0.00 0.00 97.73
1334 0.25 0.00 0.25 3.01 0.00 0.00 0.00 0.00 0.00 96.49
1335 0.25 0.00 0.00 2.51 0.00 0.00 0.00 0.00 0.00 97.24
1336 0.25 0.00 0.25 2.26 0.00 0.00 0.00 0.00 0.00 97.24
1337 0.00 0.00 0.25 2.01 0.00 0.00 0.00 0.00 0.00 97.74
1338 0.25 0.00 0.25 2.54 0.00 0.00 0.00 0.00 0.00 96.95
1339 0.25 0.00 0.00 1.50 0.00 0.00 0.00 0.00 0.00 98.25
1340 0.50 0.00 0.50 1.75 0.00 0.00 0.00 0.00 0.00 97.24
1341 0.50 0.00 0.25 2.51 0.00 0.00 0.00 0.00 0.00 96.73
1342 0.75 0.00 0.25 15.75 0.00 0.00 0.00 0.00 0.00 83.25
1343 9.41 0.00 1.02 12.47 0.00 0.00 0.25 0.00 0.00 76.84
1344 92.50 0.00 0.62 5.31 0.00 0.00 0.00 0.00 0.00 1.56
1345 85.53 0.00 0.51 10.91 0.00 0.00 0.00 0.00 0.00 3.05
1346 80.42 0.00 0.59 2.67 0.00 0.00 0.00 0.00 0.00 16.32
1347 5.51 0.00 0.00 10.28 0.00 0.00 0.00 0.00 0.00 84.21
1348 0.00 0.00 0.25 12.59 0.00 0.00 0.00 0.00 0.00 87.15
1349 0.25 0.00 0.25 9.80 0.00 0.00 0.00 0.00 0.00 89.70
1350 0.50 0.00 0.50 13.72 0.00 0.00 0.00 0.00 0.00 85.29
1351 0.25 0.00 0.50 5.76 0.00 0.00 0.00 0.00 0.00 93.48
1352 0.25 0.00 0.00 2.52 0.00 0.00 0.00 0.00 0.00 97.23
1353 0.25 0.00 0.50 1.76 0.00 0.00 0.00 0.00 0.00 97.49
1354 0.50 0.00 0.50 2.74 0.00 0.00 0.00 0.00 0.00 96.26
1355 0.50 0.00 0.00 2.26 0.00 0.00 0.00 0.00 0.00 97.24
1356 0.50 0.00 1.00 7.00 0.00 0.00 0.00 0.00 0.00 91.50
1357 0.50 0.00 0.25 14.75 0.00 0.25 0.00 0.00 0.00 84.25
1358 0.25 0.00 0.00 1.26 0.00 0.00 0.00 0.00 0.00 98.49
1359 0.50 0.00 0.25 2.00 0.00 0.00 0.00 0.00 0.00 97.25
1360 85.14 0.00 1.14 3.14 0.00 0.00 0.29 0.00 0.00 10.29
1361 97.26 0.00 0.61 0.61 0.00 0.30 0.00 0.00 0.00 1.22
1362 76.23 0.00 0.31 0.62 0.00 0.00 0.00 0.00 0.00 22.84
1363 6.82 0.00 0.51 2.78 0.00 0.00 0.00 0.00 0.00 89.90
1364 0.25 0.00 0.25 1.26 0.00 0.00 0.00 0.00 0.00 98.24
1365 0.25 0.00 0.50 2.77 0.00 0.00 0.00 0.00 0.00 96.47
1366 0.25 0.00 0.25 2.26 0.00 0.00 0.00 0.00 0.00 97.24
1367 0.25 0.00 0.00 3.27 0.00 0.00 0.00 0.00 0.00 96.47
1368 0.50 0.00 0.25 1.50 0.00 0.00 0.00 0.00 0.00 97.76
1369 0.50 0.00 0.25 4.01 0.00 0.00 0.00 0.00 0.00 95.24
1370 0.25 0.00 0.25 1.50 0.00 0.00 0.00 0.00 0.00 97.99
1371 1.25 0.00 0.00 2.26 0.00 0.00 0.00 0.00 0.00 96.49
1372 0.25 0.00 0.76 15.15 0.00 0.00 0.00 0.00 0.00 83.84
1373 0.75 0.00 0.50 13.18 0.00 0.00 0.00 0.00 0.00 85.57
1374 0.00 0.00 0.25 2.51 0.00 0.00 0.00 0.00 0.00 97.24
1375 0.50 0.00 0.25 5.28 0.00 0.00 0.00 0.00 0.00 93.97
1376 4.51 0.00 0.50 1.50 0.00 0.00 0.25 0.00 0.00 93.23
1377 0.50 0.00 0.25 3.00 0.00 0.00 0.00 0.00 0.00 96.25
1378 39.89 0.00 1.06 1.60 0.00 0.53 0.00 0.00 0.00 56.91
1379 98.28 0.00 0.57 0.29 0.00 0.00 0.00 0.00 0.00 0.86
1380 96.76 0.00 0.59 1.18 0.00 0.00 0.00 0.00 0.00 1.47
1381 22.60 0.00 0.56 3.39 0.00 0.00 0.00 0.00 0.00 73.45
1382 0.25 0.00 0.25 2.27 0.00 0.00 0.00 0.00 0.00 97.23
1383 0.26 0.00 1.79 2.05 0.00 0.00 0.00 0.00 0.00 95.90
1384 0.50 0.00 0.25 2.50 0.00 0.00 0.00 0.00 0.00 96.75
1385 0.50 0.00 0.25 2.26 0.00 0.00 0.00 0.00 0.00 96.99
1386 0.50 0.00 0.00 1.51 0.00 0.00 0.00 0.00 0.00 97.99
1387 0.00 0.00 0.25 2.01 0.00 0.00 0.00 0.00 0.00 97.74
1388 0.50 0.00 0.00 1.50 0.00 0.00 0.00 0.00 0.00 98.00
1389 0.00 0.00 0.25 2.26 0.00 0.00 0.25 0.00 0.00 97.24
1390 0.00 0.00 0.00 1.51 0.00 0.00 0.00 0.00 0.00 98.49
1391 0.25 0.00 0.50 1.25 0.00 0.00 0.00 0.00 0.00 98.00
1392 0.25 0.00 0.25 2.53 0.00 0.00 0.00 0.00 0.00 96.97
1393 1.00 0.00 0.50 4.76 0.00 0.00 0.00 0.00 0.00 93.73
1394 0.00 0.00 0.25 1.51 0.00 0.00 0.00 0.00 0.00 98.24
1395 76.50 0.00 1.43 2.58 0.00 0.29 0.00 0.00 0.00 19.20
1396 96.98 0.00 0.91 1.51 0.00 0.00 0.00 0.00 0.00 0.60
1397 84.95 0.00 1.57 11.60 0.00 0.00 0.31 0.00 0.00 1.57
1398 76.27 0.00 2.26 10.73 0.00 0.00 0.00 0.00 0.00 10.73
1399 29.87 0.00 0.80 5.07 0.00 0.00 0.27 0.00 0.00 64.00
1400 0.25 0.00 0.00 1.76 0.00 0.00 0.00 0.00 0.00 97.99
1401 0.00 0.00 0.25 3.52 0.00 0.00 0.00 0.00 0.00 96.23
1402 0.00 0.00 0.00 1.76 0.00 0.00 0.00 0.00 0.00 98.24
1403 0.00 0.00 0.50 2.26 0.00 0.00 0.00 0.00 0.00 97.24
1404 0.25 0.00 0.00 2.51 0.00 0.00 0.00 0.00 0.00 97.24
1405 0.25 0.00 0.50 2.26 0.00 0.00 0.00 0.00 0.00 96.99
1406 0.25 0.00 0.75 2.25 0.00 0.00 0.00 0.00 0.00 96.75
1407 0.50 0.00 0.00 1.50 0.00 0.00 0.00 0.00 0.00 97.99
1408 0.25 0.00 0.50 0.50 0.00 0.00 0.00 0.00 0.00 98.75
1409 0.50 0.00 0.25 3.25 0.00 0.00 0.00 0.00 0.00 96.00
1410 0.00 0.00 0.25 4.28 0.00 0.00 0.25 0.00 0.00 95.21
1411 0.50 0.00 0.25 2.49 0.00 0.00 0.00 0.00 0.00 96.76
1412 7.63 0.00 1.27 1.27 0.00 0.25 0.00 0.00 0.00 89.57
1413 92.17 0.00 0.30 1.20 0.00 0.00 0.00 0.00 0.00 6.33
1414 89.58 0.00 0.78 5.73 0.00 0.00 0.26 0.00 0.00 3.65
1415 47.01 0.00 0.27 5.43 0.00 0.00 0.00 0.00 0.00 47.28
1416 0.25 0.00 0.25 15.04 0.00 0.00 0.00 0.00 0.00 84.46
1417 0.50 0.00 0.25 25.06 0.00 0.00 0.00 0.00 0.00 74.19
1418 0.75 0.00 0.50 56.36 0.00 0.00 0.00 0.00 0.00 42.39
1419 0.25 0.00 0.75 60.10 0.00 0.00 0.00 0.00 0.00 38.90
1420 0.50 0.00 0.25 56.28 0.00 0.00 0.00 0.00 0.00 42.96
1421 0.50 0.00 0.25 68.17 0.00 0.00 0.00 0.00 0.00 31.08
1422 0.25 0.00 0.50 60.75 0.00 0.00 0.00 0.00 0.00 38.50
1423 0.53 0.00 1.58 72.03 0.00 0.00 0.26 0.00 0.00 25.59
1424 0.50 0.00 0.76 75.31 0.00 0.00 0.00 0.00 0.00 23.43
1425 0.25 0.00 0.25 74.31 0.00 0.00 0.00 0.00 0.00 25.19
1426 0.00 0.00 1.01 67.51 0.00 0.00 0.00 0.00 0.00 31.49
1427 0.25 0.00 0.00 14.32 0.00 0.00 0.00 0.00 0.00 85.43
1428 0.25 0.00 0.25 2.50 0.00 0.00 0.00 0.00 0.00 97.00
1429 0.00 0.00 0.25 2.75 0.00 0.00 0.00 0.00 0.00 97.00
1430 0.00 0.00 0.25 1.51 0.00 0.00 0.00 0.00 0.00 98.24
1431 0.00 0.00 0.25 1.00 0.00 0.00 0.00 0.00 0.00 98.75
1432 0.25 0.00 0.25 1.00 0.00 0.00 0.00 0.00 0.00 98.50
1433 0.25 0.00 0.25 0.75 0.00 0.00 0.00 0.00 0.00 98.75
1434 0.00 0.00 0.00 2.26 0.00 0.00 0.00 0.00 0.00 97.74
1435 0.50 0.00 0.25 2.99 0.00 0.00 0.00 0.00 0.00 96.26
1436 0.25 0.00 0.00 1.25 0.00 0.00 0.00 0.00 0.00 98.50
1437 0.00 0.00 0.25 2.01 0.00 0.00 0.00 0.00 0.00 97.74
1438 0.25 0.00 0.25 2.25 0.00 0.00 0.00 0.00 0.00 97.25
1439 0.00 0.00 0.25 2.51 0.00 0.00 0.00 0.00 0.00 97.24
1440 0.00 0.00 0.00 1.76 0.00 0.00 0.00 0.00 0.00 98.24
1441 0.25 0.00 0.00 1.50 0.00 0.00 0.00 0.00 0.00 98.25
1442 0.25 0.00 0.25 1.25 0.00 0.00 0.00 0.00 0.00 98.25
1443 0.00 0.00 0.25 1.50 0.00 0.00 0.00 0.00 0.00 98.25
1444 0.00 0.00 0.00 1.51 0.00 0.00 0.00 0.00 0.00 98.49
1445 0.25 0.00 0.00 0.75 0.00 0.00 0.00 0.00 0.00 99.00
1446 0.25 0.00 0.00 2.00 0.00 0.00 0.25 0.00 0.00 97.50
1447 0.00 0.00 0.00 2.01 0.00 0.00 0.00 0.00 0.00 97.99
1448 0.25 0.00 0.00 1.26 0.00 0.00 0.00 0.00 0.00 98.49
1449 0.25 0.00 0.00 2.01 0.00 0.00 0.00 0.00 0.00 97.74
1450 0.00 0.00 0.25 1.25 0.00 0.00 0.00 0.00 0.00 98.50
1451 0.00 0.00 0.00 1.76 0.00 0.00 0.00 0.00 0.00 98.24
1452 0.25 0.00 0.00 1.25 0.00 0.00 0.00 0.00 0.00 98.50
1453 0.25 0.00 0.50 2.01 0.00 0.00 0.00 0.00 0.00 97.24
1454 0.00 0.00 0.00 0.75 0.00 0.00 0.00 0.00 0.00 99.25
1455 0.00 0.00 0.00 1.26 0.00 0.00 0.00 0.00 0.00 98.74
1456 0.00 0.00 0.00 0.25 0.00 0.00 0.00 0.00 0.00 99.75
1457 0.25 0.00 0.75 2.50 0.00 0.00 0.00 0.00 0.00 96.50
1458 0.00 0.00 0.00 1.50 0.00 0.00 0.00 0.00 0.00 98.50
1459 0.25 0.00 0.00 1.26 0.00 0.00 0.00 0.00 0.00 98.49
1460 0.00 0.00 0.25 1.25 0.00 0.00 0.00 0.00 0.00 98.50
1461 0.00 0.00 0.00 2.51 0.00 0.00 0.00 0.00 0.00 97.49
1462 0.25 0.00 0.25 2.25 0.00 0.00 0.00 0.00 0.00 97.25
1463 0.25 0.00 0.00 2.26 0.00 0.00 0.00 0.00 0.00 97.49
1464 0.00 0.00 0.00 1.76 0.00 0.00 0.00 0.00 0.00 98.24
1465 0.00 0.00 0.25 0.75 0.00 0.00 0.00 0.00 0.00 99.00
1466 0.25 0.00 0.25 1.00 0.00 0.00 0.00 0.00 0.00 98.50
1467 0.00 0.00 0.00 1.25 0.00 0.00 0.00 0.00 0.00 98.75
1468 0.25 0.00 0.25 2.00 0.00 0.00 0.00 0.00 0.00 97.50
1469 0.00 0.00 0.25 3.51 0.00 0.00 0.00 0.00 0.00 96.24
1470 0.25 0.00 0.00 2.76 0.00 0.00 0.00 0.00 0.00 96.99
1471 0.25 0.00 0.25 11.00 0.00 0.00 0.00 0.00 0.00 88.50
1472 0.25 0.00 0.25 5.99 0.00 0.00 0.00 0.00 0.00 93.52
1473 0.00 0.00 0.00 9.30 0.00 0.00 0.00 0.00 0.00 90.70
1474 0.25 0.00 0.25 6.50 0.00 0.00 0.00 0.00 0.00 93.00
1475 0.00 0.00 0.25 10.22 0.00 0.00 0.00 0.00 0.00 89.53
1476 0.25 0.00 0.25 7.00 0.00 0.00 0.25 0.00 0.00 92.25
1477 0.25 0.00 0.25 10.47 0.00 0.00 0.00 0.00 0.00 89.03
1478 0.00 0.00 0.25 9.27 0.00 0.00 0.00 0.00 0.00 90.48
1479 0.25 0.00 0.25 11.75 0.00 0.00 0.00 0.00 0.00 87.75
1480 0.00 0.00 0.00 2.51 0.00 0.00 0.00 0.00 0.00 97.49
1481 0.25 0.00 0.25 1.99 0.00 0.00 0.00 0.00 0.00 97.51
1482 0.00 0.00 0.00 1.01 0.00 0.00 0.00 0.00 0.00 98.99
1483 0.25 0.00 0.25 1.51 0.00 0.00 0.00 0.00 0.00 97.99
1484 0.25 0.00 0.00 1.25 0.00 0.00 0.25 0.00 0.00 98.25
1485 0.00 0.00 0.00 2.51 0.00 0.00 0.00 0.00 0.00 97.49
1486 0.00 0.00 0.25 10.53 0.00 0.00 0.00 0.00 0.00 89.22
1487 0.00 0.00 0.00 2.01 0.00 0.00 0.00 0.00 0.00 97.99
1488 0.50 0.00 0.50 2.24 0.00 0.00 0.00 0.00 0.00 96.76
1489 0.00 0.00 0.25 15.83 0.00 0.00 0.00 0.00 0.00 83.92
1490 0.50 0.00 0.50 3.73 0.00 0.00 0.00 0.00 0.00 95.27
1491 0.00 0.00 0.00 1.76 0.00 0.00 0.00 0.00 0.00 98.24
1492 0.25 0.00 0.25 2.00 0.00 0.00 0.00 0.00 0.00 97.50
1493 0.00 0.00 0.00 1.50 0.00 0.00 0.00 0.00 0.00 98.50
1494 0.00 0.00 0.25 2.76 0.00 0.00 0.00 0.00 0.00 96.99
1495 0.25 0.00 0.00 1.25 0.00 0.00 0.00 0.00 0.00 98.50
1496 0.00 0.00 0.00 2.26 0.00 0.00 0.00 0.00 0.00 97.74
1497 0.50 0.00 0.00 1.25 0.00 0.00 0.00 0.00 0.00 98.25
1498 0.25 0.00 0.25 1.75 0.00 0.00 0.00 0.00 0.00 97.76
1499 0.00 0.00 0.25 2.50 0.00 0.00 0.00 0.00 0.00 97.25
1500 0.00 0.00 0.00 1.51 0.00 0.00 0.00 0.00 0.00 98.49
1501 0.25 0.00 0.25 2.99 0.00 0.00 0.00 0.00 0.00 96.51
1502 0.00 0.00 0.25 2.76 0.00 0.00 0.00 0.00 0.00 96.99
1503 0.00 0.00 0.00 1.51 0.00 0.00 0.00 0.00 0.00 98.49
1504 1.00 0.00 0.75 28.57 0.00 0.25 0.00 0.00 0.00 69.42
1505 1.27 0.00 1.77 23.29 0.00 0.00 0.00 0.00 0.00 73.67
1506 0.76 0.00 2.03 25.13 0.00 0.00 0.00 0.00 0.00 72.08
1507 1.51 0.00 0.76 11.59 0.00 0.00 0.00 0.00 0.00 86.15
1508 0.50 0.00 0.00 3.00 0.00 0.00 0.00 0.00 0.00 96.50
1509 0.25 0.00 0.00 3.50 0.00 0.00 0.00 0.00 0.00 96.25
1510 0.00 0.00 0.25 2.76 0.00 0.00 0.00 0.00 0.00 96.99
1511 0.25 0.00 0.00 1.75 0.00 0.00 0.00 0.00 0.00 97.99
1512 0.00 0.00 0.25 3.01 0.00 0.00 0.00 0.00 0.00 96.74
1513 0.25 0.00 0.00 3.02 0.00 0.00 0.00 0.00 0.00 96.73
1514 0.25 0.00 0.25 1.75 0.00 0.00 0.00 0.00 0.00 97.75
1515 5.54 0.00 3.53 2.02 0.00 0.00 0.00 0.00 0.00 88.92
