0 0.66 0.49 0.00
1 1.77 0.42 0.00
2 2.03 0.93 0.00
3 1.04 0.42 0.00
4 1.22 0.42 0.00
5 0.99 0.93 0.00
6 8.99 5.68 0.00
7 1.09 0.54 0.00
8 1.02 2.41 0.00
9 2.89 0.42 0.00
10 4.30 0.61 0.00
11 1.31 5.09 0.00
12 1.89 0.42 0.00
13 1.37 0.42 0.00
14 1.47 0.93 0.00
15 1.75 0.42 0.00
16 1.52 2.08 0.00
17 1.52 0.98 0.00
18 1.94 0.42 0.00
19 1.19 0.42 0.00
20 0.79 0.93 0.00
21 1.91 0.57 0.00
22 1.11 1.80 0.00
23 1.23 2.36 0.00
24 1.78 0.42 0.00
25 1.42 0.70 0.00
26 3.79 5.76 0.00
27 1.66 3.61 0.00
28 18.45 17.29 0.00
29 89335.87 226.88 0.00
30 0.66 0.42 0.00
31 1.33 1.84 0.00
32 4.80 3.24 0.00
33 1.74 1.91 0.00
34 0.66 0.42 0.00
35 27.15 26.79 0.00
36 1.29 11.53 0.00
37 0.68 2.04 0.00
38 1.58 0.93 0.00
39 1.58 0.54 0.00
40 0.88 0.42 0.00
41 3.27 2.59 0.00
42 74.77 4.90 0.00
43 3.50 196.25 0.00
44 4.62 274.73 0.00
45 0.77 0.42 0.00
46 2.42 2.07 0.00
47 2.33 0.93 0.00
48 1.77 4.54 0.00
49 3.79 148.03 0.00
50 1.47 0.93 0.00
51 1.50 2.34 0.00
52 2.21 67.64 0.00
53 1.25 0.93 0.00
54 0.88 0.42 0.00
55 138.92 3.00 0.00
56 282.10 28.38 0.00
57 130.49 69.69 0.00
58 1.97 0.00 0.00
59 7.19 16.05 0.00
60 0.99 0.42 0.00
61 229.72 16.99 0.00
62 1.00 0.93 0.00
63 0.92 0.42 0.00
64 2.31 0.69 0.00
65 3.97 197.03 0.00
66 2.44 2.14 0.00
67 0.79 1.98 0.00
68 1.89 4.51 0.00
69 2.19 0.42 0.00
70 1.30 0.42 0.00
71 1.24 2.85 0.00
72 2.19 0.42 0.00
73 0.82 0.42 0.00
74 2.13 1.07 0.00
75 3.26 131.25 0.00
76 140.12 16.89 0.00
77 0.88 0.63 0.00
78 2.21 4.93 0.00
79 3.06 106.51 0.00
80 2.57 0.42 0.00
81 3.93 68.44 0.00
82 154.81 44.88 0.00
83 289.10 83.75 0.00
84 2.41 37.18 0.00
85 7.21 11.90 0.00
86 8.70 337.88 0.00
87 0.99 9.80 0.00
88 1.11 4.41 0.00
89 197.25 8.94 0.00
90 2.38 63.96 0.00
91 1.20 4.61 0.00
92 12772.83 34.33 0.00
93 33704.26 34.95 0.00
94 35664.93 38.89 0.00
95 47209.67 59.07 0.00
96 3707.85 37.25 0.00
97 38.85 94.50 0.00
98 1.81 0.93 0.00
99 1.22 0.42 0.00
100 1.70 0.48 0.00
101 2.12 3.18 0.00
102 3.04 13.46 0.00
103 5.56 27.72 0.00
104 18.12 12.07 0.00
105 11.14 9.41 0.00
106 2.69 0.42 0.00
107 1.52 2.84 0.00
108 39.79 83.55 0.00
109 1.55 0.42 0.00
110 2.45 10.50 0.00
111 22.39 20.96 0.00
112 4.40 7.33 0.00
113 1.97 0.93 0.00
114 1.45 0.42 0.00
115 2.07 0.42 0.00
116 20.96 45.71 0.00
117 1.72 2.20 0.00
118 2.52 0.42 0.00
119 2.34 0.93 0.00
120 0.84 4.41 0.00
121 1.86 2.99 0.00
122 4.04 7.13 0.00
123 2.05 0.70 0.00
124 3.09 185.68 0.00
125 21.49 43.63 0.00
126 146.47 7.89 0.00
127 1.66 3.66 0.00
128 1.13 0.96 0.00
129 7.41 24.02 0.00
130 1.55 5.59 0.00
131 1.37 0.97 0.00
132 3.27 9.10 0.00
133 1.04 0.45 0.00
134 1.47 0.93 0.00
135 2.44 4.89 0.00
136 1.09 2.03 0.00
137 1.23 2.33 0.00
138 1.67 4.78 0.00
139 1.37 6.37 0.00
140 0.55 0.93 0.00
141 1.22 0.42 0.00
142 1.84 3.74 0.00
143 1.01 0.96 0.00
144 2.04 6.43 0.00
145 26.12 27.90 0.00
146 1.33 0.93 0.00
147 1.01 2.23 0.00
148 2.17 10.78 0.00
149 1.33 1.01 0.00
150 0.44 0.42 0.00
151 1.65 0.42 0.00
152 18.78 36.31 0.00
153 1.37 0.42 0.00
154 0.66 0.42 0.00
155 5.63 9.31 0.00
156 0.77 0.42 0.00
157 15.22 27.59 0.00
158 3.73 238.75 0.00
159 7.13 31.88 0.00
160 1.59 0.42 0.00
161 1.65 0.93 0.00
162 1.51 2.17 0.00
163 2.60 3.43 0.00
164 1.91 2.42 0.00
165 0.66 0.42 0.00
166 2.03 0.42 0.00
167 2.02 6.92 0.00
168 1.04 0.42 0.00
169 1.66 0.42 0.00
170 2.37 1.21 0.00
171 2.69 4.79 0.00
172 203.80 11.91 0.00
173 1.82 1.03 0.00
174 1.55 0.42 0.00
175 2.29 0.42 0.00
176 1.77 0.93 0.00
177 35.89 39.38 0.00
178 2.70 5.00 0.00
179 1.31 0.93 0.00
180 0.55 0.42 0.00
181 1.66 0.42 0.00
182 13.61 29.13 0.00
183 1.15 0.42 0.00
184 1.55 0.42 0.00
185 1.33 0.93 0.00
186 10.99 22.60 0.00
187 1.53 3.70 0.00
188 1.70 1.00 0.00
189 1.84 4.41 0.00
190 1.71 1.90 0.00
191 1.10 0.93 0.00
192 1.67 2.08 0.00
193 1.62 3.57 0.00
194 1.91 0.93 0.00
195 1.33 0.42 0.00
196 9.13 14.44 0.00
197 160.00 27.04 0.00
198 2.00 4.94 0.00
199 2.03 0.42 0.00
200 1.31 0.93 0.00
201 1.94 0.48 0.00
202 117.72 11.30 0.00
203 0.92 0.93 0.00
204 1.66 0.42 0.00
205 6.53 13.08 0.00
206 2.10 5.40 0.00
207 1.49 2.18 0.00
208 1.38 0.42 0.00
209 1.55 12.94 0.00
210 2.43 5.01 0.00
211 18.96 12001.93 0.00
212 2.04 2.71 0.00
213 14.27 14884.25 0.00
214 2.77 619.10 0.00
215 1.04 0.99 0.00
216 14.55 15197.99 0.00
217 2.74 220.90 0.00
218 133.09 19.04 0.00
219 1.55 0.42 0.00
220 21.50 25689.31 0.00
221 1.41 205.08 0.00
222 1.74 2.33 0.00
223 27.78 29826.28 0.00
224 5.50 4501.47 0.00
225 1.73 0.48 0.00
226 27.01 28584.02 0.00
227 2.28 2.96 0.00
228 2.79 2.03 0.00
229 30.23 7991.38 0.00
230 8.82 3800.94 0.00
231 1.22 0.42 0.00
232 26.32 22.11 0.00
233 1.70 0.93 0.00
234 0.76 0.42 0.00
235 2.71 0.42 0.00
236 0.77 0.93 0.00
237 14.00 18.64 0.00
238 5.15 0.60 0.00
239 12.37 25.67 0.00
240 1.22 0.42 0.00
241 2.48 0.42 0.00
242 25.62 44.43 0.00
243 3.12 273.61 0.00
244 1.79 50.36 0.00
245 1.63 17.35 0.00
246 1.44 0.42 0.00
247 2.03 3.67 0.00
248 1.61 4.51 0.00
249 1.78 0.42 0.00
250 1.66 0.42 0.00
251 1.55 0.93 0.00
252 2.02 2.23 0.00
253 1.03 0.45 0.00
254 1.69 0.93 0.00
255 134.30 7.23 0.00
256 0.95 7.14 0.00
257 1.39 2.71 0.00
258 2.22 2.03 0.00
259 1.31 0.41 0.00
260 1.31 0.93 0.00
261 1.66 0.42 0.00
262 1.46 3.60 0.00
263 1.81 1.03 0.00
264 1.65 0.55 0.00
265 2.06 264.69 0.00
266 1.94 0.93 0.00
267 1.07 2.13 0.00
268 1.40 2.10 0.00
269 1.65 0.93 0.00
270 0.99 0.42 0.00
271 35.66 25.17 0.00
272 2.29 2.65 0.00
273 0.93 0.42 0.00
274 2.91 0.42 0.00
275 2.22 0.93 0.00
276 1.86 3.40 0.00
277 13.68 28.61 0.00
278 2.26 0.98 0.00
279 1.34 0.42 0.00
280 2.61 4.41 0.00
281 11.16 23.28 0.00
282 1.98 2.27 0.00
283 1.16 0.47 0.00
284 1.44 0.93 0.00
285 1.42 0.42 0.00
286 2.66 0.42 0.00
287 1.47 4.20 0.00
288 194.42 23.68 0.00
289 118.55 1.00 0.00
290 2.08 0.99 0.00
291 19.83 11.85 0.00
292 7.36 14.76 0.00
293 1.13 0.98 0.00
294 1.32 0.42 0.00
295 1.55 0.42 0.00
296 1.71 0.93 0.00
297 1.41 0.94 0.00
298 189.70 16.04 0.00
299 1.10 0.93 0.00
300 1.53 0.42 0.00
301 3.01 0.42 0.00
302 2.59 4.14 0.00
303 1.94 0.42 0.00
304 2.96 0.56 0.00
305 3.93 230.84 0.00
306 2.20 0.42 0.00
307 2.77 3.77 0.00
308 2.52 12.52 0.00
309 147.03 8.91 0.00
310 1.82 1.90 0.00
311 1.55 0.93 0.00
312 4.38 5.25 0.00
313 1.05 5.94 0.00
314 1.47 0.93 0.00
315 3.05 0.00 0.00
316 2.20 0.42 0.00
317 1.33 2.65 0.00
318 3.36 2.03 0.00
319 1.09 0.42 0.00
320 0.86 0.93 0.00
321 1.71 0.42 0.00
322 1.79 3.70 0.00
323 1.49 1.00 0.00
324 2.03 0.42 0.00
325 1.06 0.42 0.00
326 1.69 0.93 0.00
327 0.78 2.08 0.00
328 1.07 2.09 0.00
329 1.52 0.93 0.00
330 1.03 0.42 0.00
331 2.00 0.42 0.00
332 3.16 2.58 0.00
333 1.23 0.42 0.00
334 1.34 0.42 0.00
335 2.65 0.93 0.00
336 0.86 0.42 0.00
337 1.70 3.58 0.00
338 3.04 2.60 0.00
339 0.66 0.42 0.00
340 1.11 0.42 0.00
341 1.76 0.93 0.00
342 1.49 2.04 0.00
343 38.98 11748.13 0.00
344 1.88 109.83 0.00
345 0.89 0.42 0.00
346 27.11 17.57 0.00
347 1.37 5.87 0.00
348 1.56 0.42 0.00
349 1.75 0.42 0.00
350 1.58 0.93 0.00
351 2.89 4.25 0.00
352 2.41 3.65 0.00
353 1.34 0.98 0.00
354 19.69 30.79 0.00
355 1.44 3.03 0.00
356 5.40 1.07 0.00
357 11.28 31.49 0.00
358 6.96 354.39 0.00
359 1.36 118.77 0.00
360 3.07 189.78 0.00
361 2.08 0.42 0.00
362 2.22 2.65 0.00
363 1.80 0.42 0.00
364 2.34 0.42 0.00
365 0.88 0.93 0.00
366 1.78 0.42 0.00
367 2.26 3.64 0.00
368 1.97 2.55 0.00
369 1.33 0.42 0.00
370 0.99 0.42 0.00
371 1.21 0.93 0.00
372 2.38 2.07 0.00
373 0.82 0.42 0.00
374 1.47 0.93 0.00
375 1.85 0.42 0.00
376 1.22 0.42 0.00
377 1.54 2.65 0.00
378 1.79 2.03 0.00
379 0.44 0.42 0.00
380 0.54 0.93 0.00
381 1.97 0.42 0.00
382 1.57 3.70 0.00
383 0.92 0.93 0.00
384 1.55 0.42 0.00
385 1.08 0.42 0.00
386 2.02 0.51 0.00
387 1.64 1.95 0.00
388 1.33 2.09 0.00
389 1.65 0.93 0.00
390 1.92 0.42 0.00
391 0.97 0.42 0.00
392 2.47 2.45 0.00
393 2.19 0.42 0.00
394 1.22 0.42 0.00
395 1.44 0.93 0.00
396 2.15 0.42 0.00
397 1.88 3.47 0.00
398 1.88 2.65 0.00
399 0.66 0.42 0.00
400 0.66 0.42 0.00
401 35.96 36.83 0.00
402 1.46 2.21 0.00
403 0.60 0.47 0.00
404 2.06 66.59 0.00
405 3.31 131.06 0.00
406 21.29 77.64 0.00
407 1.76 2.58 0.00
408 1.04 0.42 0.00
409 1.37 0.48 0.00
410 1.87 4.90 0.00
411 5.55 11.59 0.00
412 11.67 32.63 0.00
413 0.81 1.03 0.00
414 0.76 0.42 0.00
415 1.56 0.42 0.00
416 1.09 7.73 0.00
417 1.80 10.50 0.00
418 2.70 7.21 0.00
419 0.99 0.93 0.00
420 0.88 0.42 0.00
421 1.65 0.42 0.00
422 1.11 2.65 0.00
423 1.23 0.42 0.00
424 1.78 0.42 0.00
425 0.99 0.93 0.00
426 1.55 0.42 0.00
427 3.95 106.68 0.00
428 1.54 2.65 0.00
429 12.06 12.21 0.00
430 0.74 0.92 0.00
431 0.77 0.93 0.00
432 3.20 1.97 0.00
433 0.92 0.52 0.00
434 1.80 0.93 0.00
435 2.31 0.46 0.00
436 0.22 0.42 0.00
437 0.72 2.58 0.00
438 1.45 2.96 0.00
439 0.67 0.42 0.00
440 0.89 0.93 0.00
441 1.33 0.42 0.00
442 1.45 3.51 0.00
443 1.47 1.00 0.00
444 1.78 0.42 0.00
445 1.23 0.42 0.00
446 2.33 0.93 0.00
447 1.45 2.08 0.00
448 1.89 3.01 0.00
449 1.65 0.93 0.00
450 0.77 0.42 0.00
451 1.33 0.42 0.00
452 2.22 2.62 0.00
453 1.04 0.45 0.00
454 0.89 0.42 0.00
455 1.43 0.93 0.00
456 1.11 0.42 0.00
457 1.79 3.70 0.00
458 2.76 3.47 0.00
459 1.22 0.42 0.00
460 1.00 0.42 0.00
461 1.65 0.93 0.00
462 1.09 2.01 0.00
463 1.04 0.42 0.00
464 1.87 0.93 0.00
465 0.99 0.00 0.00
466 2.25 0.42 0.00
467 2.55 2.14 0.00
468 1.33 3.53 0.00
469 1.45 0.54 0.00
470 2.85 0.95 0.00
471 0.66 0.42 0.00
472 2.15 3.76 0.00
473 0.92 1.00 0.00
474 1.86 0.48 0.00
475 1.67 0.39 0.00
476 1.44 0.93 0.00
477 1.44 2.11 0.00
478 2.81 2.99 0.00
479 1.42 0.93 0.00
480 0.40 0.42 0.00
481 1.44 0.42 0.00
482 1.48 2.52 0.00
483 1.04 0.48 0.00
484 1.55 0.42 0.00
485 1.32 1.46 0.00
486 2.00 0.42 0.00
487 2.08 3.71 0.00
488 1.44 3.53 0.00
489 1.99 0.42 0.00
490 0.94 0.48 0.00
491 0.99 0.91 0.00
492 1.86 1.95 0.00
493 1.16 0.47 0.00
494 1.58 0.93 0.00
495 1.11 0.42 0.00
496 1.11 0.42 0.00
497 1.10 2.42 0.00
498 1.44 3.03 0.00
499 0.78 0.42 0.00
500 0.44 0.93 0.00
501 1.67 0.42 0.00
502 2.02 3.65 0.00
503 1.85 0.98 0.00
504 1.22 0.42 0.00
505 0.77 0.42 0.00
506 2.79 0.93 0.00
507 2.15 2.13 0.00
508 1.56 3.03 0.00
509 3.42 0.93 0.00
510 0.75 0.42 0.00
511 1.11 0.42 0.00
512 3.65 2.49 0.00
513 1.01 0.45 0.00
514 0.55 0.42 0.00
515 1.11 0.93 0.00
516 0.64 0.42 0.00
517 1.41 3.54 0.00
518 1.78 3.57 0.00
519 1.11 0.42 0.00
520 0.83 0.42 0.00
521 1.97 0.93 0.00
522 1.22 2.11 0.00
523 0.70 0.45 0.00
524 1.85 0.93 0.00
525 0.99 0.42 0.00
526 2.26 0.42 0.00
527 2.54 2.96 0.00
528 1.11 2.98 0.00
529 1.56 0.42 0.00
530 1.79 0.93 0.00
531 1.59 0.42 0.00
532 2.62 4.25 0.00
533 1.48 0.96 0.00
534 0.55 0.42 0.00
535 1.55 0.42 0.00
536 0.88 0.93 0.00
537 1.62 2.01 0.00
538 2.71 3.06 0.00
539 1.52 0.93 0.00
540 1.38 0.42 0.00
541 2.00 0.42 0.00
542 1.62 2.42 0.00
543 0.82 0.52 0.00
544 1.22 0.42 0.00
545 2.25 0.93 0.00
546 1.75 0.42 0.00
547 1.52 3.71 0.00
548 2.37 3.53 0.00
549 2.22 0.42 0.00
550 1.32 0.42 0.00
551 2.03 0.93 0.00
552 2.31 2.30 0.00
553 1.16 0.45 0.00
554 1.66 0.93 0.00
555 1.44 0.42 0.00
556 1.22 0.42 0.00
557 1.43 2.42 0.00
558 1.78 3.06 0.00
559 0.89 0.42 0.00
560 0.77 0.93 0.00
561 1.55 0.42 0.00
562 1.68 3.65 0.00
563 0.92 0.98 0.00
564 1.68 0.48 0.00
565 0.89 0.42 0.00
566 1.54 0.93 0.00
567 0.65 0.42 0.00
568 2.03 4.81 0.00
569 2.30 1.46 0.00
570 0.96 0.42 0.00
571 0.78 0.42 0.00
572 1.74 0.93 0.00
573 1.48 2.13 0.00
574 0.55 0.42 0.00
575 1.65 0.93 0.00
576 0.55 0.42 0.00
577 0.90 1.98 0.00
578 2.75 5.06 0.00
579 0.99 0.42 0.00
580 1.55 0.42 0.00
581 2.75 0.93 0.00
582 1.32 0.42 0.00
583 1.25 2.01 0.00
584 2.70 0.93 0.00
585 0.88 0.42 0.00
586 1.81 0.42 0.00
587 2.14 0.93 0.00
588 1.93 4.61 0.00
589 1.78 0.42 0.00
590 2.73 0.93 0.00
591 2.57 2.21 0.00
592 1.79 1.98 0.00
593 1.42 2.58 0.00
594 0.66 0.42 0.00
595 1.33 0.42 0.00
596 0.88 0.93 0.00
597 1.11 0.42 0.00
598 3.58 4.55 0.00
599 2.68 2.72 0.00
600 1.33 0.42 0.00
601 1.88 0.42 0.00
602 2.08 0.93 0.00
603 1.59 2.01 0.00
604 1.66 0.42 0.00
605 1.22 0.93 0.00
606 1.66 0.42 0.00
607 0.77 1.96 0.00
608 2.22 5.19 0.00
609 1.78 0.42 0.00
610 0.65 0.42 0.00
611 1.21 0.93 0.00
612 2.01 0.00 0.00
613 1.42 2.07 0.00
614 1.70 0.93 0.00
615 1.56 0.42 0.00
616 0.77 0.42 0.00
617 1.70 24.00 0.00
618 2.44 3.88 0.00
619 0.88 0.43 0.00
620 0.99 0.93 0.00
621 1.89 0.42 0.00
622 2.21 0.60 0.00
623 1.44 4.14 0.00
624 1.55 0.42 0.00
625 1.92 0.42 0.00
626 0.99 0.93 0.00
627 1.44 0.42 0.00
628 3.16 3.82 0.00
629 1.21 0.93 0.00
630 1.12 0.42 0.00
631 0.77 0.42 0.00
632 0.76 0.93 0.00
633 2.38 2.13 0.00
634 0.77 0.42 0.00
635 0.66 0.93 0.00
636 1.22 0.42 0.00
637 0.90 0.56 0.00
638 1.62 5.82 0.00
639 1.33 0.42 0.00
640 1.00 0.42 0.00
641 0.89 0.93 0.00
642 2.54 0.42 0.00
643 1.88 2.07 0.00
644 1.11 0.93 0.00
645 1.78 0.42 0.00
646 1.48 0.42 0.00
647 1.99 0.93 0.00
648 1.54 3.69 0.00
649 0.66 0.42 0.00
650 2.47 0.93 0.00
651 0.76 0.42 0.00
652 1.46 1.98 0.00
653 2.32 2.58 0.00
654 5.83 6.62 0.00
655 1.64 0.58 0.00
656 1.54 0.93 0.00
657 0.87 0.42 0.00
658 2.70 4.54 0.00
659 1.88 0.93 0.00
660 1.38 0.46 0.00
661 1.70 0.42 0.00
662 11717.46 51.67 0.00
663 36652.95 80.79 0.00
664 64776.47 262.46 0.00
665 1.17 0.99 0.00
666 0.88 0.42 0.00
667 3.06 1.98 0.00
668 1.80 4.86 0.00
669 0.77 0.42 0.00
670 1.66 0.42 0.00
671 1.55 0.93 0.00
672 1.22 0.42 0.00
673 2.09 1.97 0.00
674 2.65 2.65 0.00
675 1.44 0.55 0.00
676 1.78 0.42 0.00
677 1.32 0.93 0.00
678 1.89 5.42 0.00
679 1.00 0.51 0.00
680 0.66 0.93 0.00
681 0.66 0.42 0.00
682 2.34 1.98 0.00
683 2.11 2.66 0.00
684 0.55 0.47 0.00
685 1.33 0.42 0.00
686 1.32 0.93 0.00
687 1.22 0.42 0.00
688 1.61 5.48 0.00
689 9700.33 18.02 0.00
690 1.78 0.42 0.00
691 12005.01 40.27 0.00
692 1.28 0.93 0.00
693 2.44 2.08 0.00
694 1.02 0.47 0.00
695 0.95 0.93 0.00
696 1.33 0.42 0.00
697 0.79 1.98 0.00
698 1.90 2.81 0.00
699 1.95 0.45 0.00
700 2.62 0.42 0.00
701 1.17 4.44 0.00
702 1.90 0.42 0.00
703 4.01 5.16 0.00
704 2.08 8.10 0.00
705 2.10 0.42 0.00
706 3.52 0.42 0.00
707 1.94 0.93 0.00
708 1.76 3.62 0.00
709 1.56 0.42 0.00
710 2.80 0.93 0.00
711 0.88 0.42 0.00
712 1.33 1.98 0.00
713 2.57 2.65 0.00
714 0.77 0.42 0.00
715 1.52 0.42 0.00
716 2.10 0.93 0.00
717 0.78 0.00 0.00
718 2.02 3.52 0.00
719 1.85 1.03 0.00
720 0.44 0.42 0.00
721 0.66 0.42 0.00
722 1.32 0.93 0.00
723 1.76 1.95 0.00
724 1.11 0.47 0.00
725 1.44 0.93 0.00
726 1.21 0.42 0.00
727 2.78 0.48 0.00
728 3.33 5.94 0.00
729 1.77 0.45 0.00
730 2.56 0.42 0.00
731 2.56 0.93 0.00
732 1.63 0.42 0.00
733 2.92 2.11 0.00
734 2.93 0.96 0.00
735 1.97 0.42 0.00
736 1.67 0.42 0.00
737 25.91 17.79 0.00
738 2.08 1.95 0.00
739 3.56 0.52 0.00
740 1.21 0.93 0.00
741 1.36 8.11 0.00
742 3.73 1.98 0.00
743 2.87 2.66 0.00
744 27.01 55.82 0.00
745 145.21 11857.33 0.00
746 1.32 58.91 0.00
747 2.27 0.42 0.00
748 1.56 3.70 0.00
749 1.40 0.98 0.00
750 2.22 0.42 0.00
751 2.11 0.42 0.00
752 5.89 5.30 0.00
753 6.41 272.27 0.00
754 2.51 86.64 0.00
755 1.38 45.28 0.00
756 2.07 0.42 0.00
757 1.48 1.98 0.00
758 2.84 6.07 0.00
759 3.09 0.45 0.00
760 1.10 0.42 0.00
761 1.66 0.93 0.00
762 2.25 0.42 0.00
763 1.45 0.42 0.00
764 1.81 2.71 0.00
765 3.47 0.42 0.00
766 1.14 0.00 0.00
767 1.67 0.51 0.00
768 0.93 0.00 0.00
769 0.71 1.68 0.00
770 2.67 4.30 0.00
771 1.11 0.00 0.00
772 0.79 0.06 0.00
773 2.04 2.02 0.00
774 131.99 5.89 0.00
775 1.08 0.00 0.00
776 1.44 5.69 0.00
777 1.82 0.00 0.00
778 1.70 1.62 0.00
779 1.72 2.17 0.00
780 2.34 0.00 0.00
781 1.91 0.00 0.00
782 1.22 0.51 0.00
783 1.04 0.00 0.00
784 2.16 1.66 0.00
785 1.76 0.57 0.00
786 0.73 0.13 0.00
787 2.06 1.71 0.00
788 2.15 2.20 0.00
789 2.20 1.60 0.00
790 2.53 0.00 0.00
791 2.22 0.57 0.00
792 0.55 0.00 0.00
793 1.94 0.00 0.00
794 2.82 2.30 0.00
795 2.65 195.42 0.00
796 1.44 0.00 0.00
797 0.88 0.93 0.00
798 36.98 28.31 0.00
799 50.93 11658.60 0.00
800 2.73 548.14 0.00
801 3.21 0.48 0.00
802 2.09 0.57 0.00
803 11.64 26.50 0.00
804 10.94 24.62 0.00
805 1.97 0.41 0.00
806 5.79 12.11 0.00
807 6.78 11.59 0.00
808 6.03 15.59 0.00
809 1.94 9.52 0.00
810 1.98 2.05 0.00
811 2.31 16.87 0.00
812 1.46 6.52 0.00
813 1.96 0.42 0.00
814 1.07 2.20 0.00
815 0.66 0.93 0.00
816 2.48 0.42 0.00
817 0.57 1.98 0.00
818 1.63 2.55 0.00
819 2.90 1.88 0.00
820 0.44 0.42 0.00
821 1.54 0.93 0.00
822 2.48 0.42 0.00
823 2.48 308.27 0.00
824 1.50 130.99 0.00
825 1.44 0.42 0.00
826 1.58 0.42 0.00
827 3.87 142.44 0.00
828 0.77 20.48 0.00
829 1.29 2.20 0.00
830 1.81 0.93 0.00
831 19.98 24.01 0.00
832 1021.89 12.80 0.00
833 61.53 1.25 0.00
834 1.52 2.33 0.00
835 0.99 0.42 0.00
836 1.77 1.06 0.00
837 0.34 0.00 0.00
838 1.19 0.39 0.00
839 1.49 2.58 0.00
840 0.40 0.48 0.00
841 0.88 0.42 0.00
842 1.65 0.93 0.00
843 0.93 0.42 0.00
844 21452.58 48.85 0.00
845 3692.82 8.41 0.00
846 0.94 0.48 0.00
847 12232.23 25.38 0.00
848 10072.93 23.47 0.00
849 2.09 2.39 0.00
850 534.91 1.74 0.00
851 17114.61 30.38 0.00
852 3401.69 6.73 0.00
853 1.54 0.48 0.00
854 1.81 2.65 0.00
855 29352.66 64.35 0.00
856 1.79 0.61 0.00
857 304.16 2.61 0.00
858 22024.57 43.46 0.00
859 2881.04 7.94 0.00
860 141.77 1.38 0.00
861 12137.96 34.55 0.00
862 13336.31 23.34 0.00
863 1.03 0.93 0.00
864 926.50 179.52 0.00
865 1.28 0.48 0.00
866 16646.84 26.32 0.00
867 1.56 0.42 0.00
868 1.65 10.13 0.00
869 1.67 2.65 0.00
870 1.22 0.42 0.00
871 1678.85 3.19 0.00
872 7010.57 8.47 0.00
873 2.16 0.42 0.00
874 57448.26 37.81 0.00
875 21789.97 16.27 0.00
876 1.66 0.88 0.00
877 1277.22 4.29 0.00
878 1.66 3.61 0.00
879 2.67 2.13 0.00
880 0.88 0.42 0.00
881 1.11 0.93 0.00
882 1.77 0.42 0.00
883 0.82 0.42 0.00
884 1.44 2.65 0.00
885 1.44 0.00 0.00
886 1.81 0.42 0.00
887 2.71 4.24 0.00
888 2.10 4.20 0.00
889 1.29 2.14 0.00
890 2.35 0.98 0.00
891 0.66 0.42 0.00
892 1.07 1.98 0.00
893 1.92 0.93 0.00
894 3.00 2.27 0.00
895 32582.87 24.21 0.00
896 84404.62 80.59 0.00
897 2.37 0.42 0.00
898 1.81 4.20 0.00
899 2.58 2.84 0.00
900 2.25 0.42 0.00
901 0.77 0.42 0.00
902 1.99 0.93 0.00
903 1.37 0.42 0.00
904 1.50 2.14 0.00
905 1.65 0.99 0.00
906 0.88 0.42 0.00
907 1.79 1.98 0.00
908 1.47 0.93 0.00
909 1.85 2.30 0.00
910 1.55 0.45 0.00
911 1.53 0.93 0.00
912 0.99 0.42 0.00
913 2.15 0.42 0.00
914 2.67 2.84 0.00
915 0.99 0.42 0.00
916 1.78 0.42 0.00
917 1.21 0.93 0.00
918 1.47 0.42 0.00
919 1.89 2.13 0.00
920 1.54 0.93 0.00
921 1.32 0.42 0.00
922 1.79 1.98 0.00
923 1.81 0.93 0.00
924 2.06 2.20 0.00
925 1.86 0.41 0.00
926 1.67 0.94 0.00
927 1.66 0.42 0.00
928 1.81 0.42 0.00
929 1.62 2.71 0.00
930 1.67 0.42 0.00
931 0.76 0.41 0.00
932 2.03 0.93 0.00
933 1.79 0.42 0.00
934 1.93 2.20 0.00
935 2.59 0.93 0.00
936 2.60 0.42 0.00
937 1.42 1.98 0.00
938 1.81 0.93 0.00
939 3.03 1.81 0.00
940 1.07 0.42 0.00
941 1.10 0.93 0.00
942 1.44 0.42 0.00
943 1.23 0.42 0.00
944 2.45 2.78 0.00
945 1.88 0.42 0.00
946 1.58 0.42 0.00
947 1.65 0.93 0.00
948 3.47 19.85 0.00
949 1.89 2.13 0.00
950 2.35 0.93 0.00
951 11990.02 11.09 0.00
952 1.01 1.98 0.00
953 1.98 0.97 0.00
954 1.92 1.94 0.00
955 0.88 0.42 0.00
956 2.80 2.42 0.00
957 0.73 5.79 0.00
958 2.14 2.96 0.00
959 2.21 2.65 0.00
960 1.13 0.48 0.00
961 0.77 0.42 0.00
962 1.54 0.93 0.00
963 1.04 0.42 0.00
964 1.59 2.20 0.00
965 2.52 1.46 0.00
966 1.86 0.42 0.00
967 1.10 1.98 0.00
968 2.08 3.47 0.00
969 1.89 2.13 0.00
970 0.33 0.42 0.00
971 1.81 0.93 0.00
972 2.19 0.42 0.00
973 0.71 0.42 0.00
974 2.90 2.58 0.00
975 1.11 0.42 0.00
976 1.57 0.42 0.00
977 2.59 1.08 0.00
978 1.67 2.81 0.00
979 1.55 2.00 0.00
980 1.19 0.93 0.00
981 1.22 0.42 0.00
982 0.90 1.98 0.00
983 1.37 0.93 0.00
984 2.45 2.13 0.00
985 0.66 0.42 0.00
986 1.67 0.51 0.00
987 0.83 0.57 0.00
988 1.26 2.81 0.00
989 2.00 2.65 0.00
990 0.88 0.42 0.00
991 0.89 0.42 0.00
992 1.65 0.93 0.00
993 0.71 0.42 0.00
994 0.94 1.97 0.00
995 1.44 1.03 0.00
996 1.61 0.42 0.00
997 1.07 2.13 0.00
998 1.71 3.32 0.00
999 1.40 1.91 0.00
1000 0.88 0.51 0.00
1001 1.54 0.93 0.00
1002 0.66 0.42 0.00
1003 0.49 0.42 0.00
1004 1.65 2.52 0.00
1005 0.88 0.42 0.00
1006 1.92 0.42 0.00
1007 1.95 3.47 0.00
1008 0.59 0.42 0.00
1009 1.67 2.10 0.00
1010 2.62 0.96 0.00
1011 1.43 0.42 0.00
1012 1.57 1.98 0.00
1013 2.40 0.93 0.00
1014 1.18 2.17 0.00
1015 1.33 0.45 0.00
1016 2.59 0.93 0.00
1017 0.95 2.96 0.00
1018 2.19 0.42 0.00
1019 1.17 2.71 0.00
1020 0.77 0.42 0.00
1021 1.44 0.42 0.00
1022 0.88 0.93 0.00
1023 1.25 0.42 0.00
1024 2.12 2.08 0.00
1025 1.21 0.98 0.00
1026 1.33 0.42 0.00
1027 1.55 4.59 0.00
1028 1.87 23.87 0.00
1029 1.77 1.91 0.00
1030 1.32 0.51 0.00
1031 1.21 0.93 0.00
1032 1.72 0.48 0.00
1033 0.93 0.39 0.00
1034 1.65 2.71 0.00
1035 1.45 0.42 0.00
1036 0.77 0.42 0.00
1037 1.18 2.55 0.00
1038 1.26 0.42 0.00
1039 1.81 2.26 0.00
1040 0.99 0.93 0.00
1041 1.67 0.42 0.00
1042 6.26 8.25 0.00
1043 0.91 0.92 0.00
1044 2.44 2.00 0.00
1045 0.66 0.42 0.00
1046 1.44 0.93 0.00
1047 1.00 2.87 0.00
1048 1.48 0.42 0.00
1049 3.05 2.78 0.00
1050 0.66 0.42 0.00
1051 0.66 0.42 0.00
1052 3.03 0.93 0.00
1053 1.04 0.42 0.00
1054 0.78 2.13 0.00
1055 2.82 0.93 0.00
1056 1.44 0.42 0.00
1057 1.30 4.39 0.00
1058 1.47 0.93 0.00
1059 1.09 2.33 0.00
1060 1.00 0.42 0.00
1061 1.54 0.93 0.00
1062 0.66 0.42 0.00
1063 0.93 0.42 0.00
1064 1.73 2.71 0.00
1065 0.55 0.42 0.00
1066 1.36 0.42 0.00
1067 1.96 3.34 0.00
1068 1.26 0.42 0.00
1069 1.60 2.07 0.00
1070 2.92 0.93 0.00
1071 1.21 0.42 0.00
1072 2.56 1.98 0.00
1073 1.70 0.93 0.00
1074 1.28 2.07 0.00
1075 0.66 0.42 0.00
1076 2.32 0.93 0.00
1077 0.95 2.83 0.00
1078 1.75 0.42 0.00
1079 2.38 2.58 0.00
1080 1.21 0.42 0.00
1081 1.33 0.42 0.00
1082 2.10 0.93 0.00
1083 0.93 0.42 0.00
1084 1.41 2.20 0.00
1085 1.77 0.93 0.00
1086 0.65 0.42 0.00
1087 2.09 4.39 0.00
1088 2.29 0.93 0.00
1089 1.18 2.20 0.00
1090 1.44 0.42 0.00
1091 2.03 0.93 0.00
1092 1.22 0.42 0.00
1093 1.72 0.42 0.00
1094 2.85 2.65 0.00
1095 0.43 0.42 0.00
1096 1.67 0.42 0.00
1097 1.27 3.34 0.00
1098 1.60 0.42 0.00
1099 2.49 2.33 0.00
1100 1.11 0.93 0.00
1101 1.21 0.42 0.00
1102 2.02 1.98 0.00
1103 1.50 0.93 0.00
1104 1.65 2.57 0.00
1105 1.79 0.42 0.00
1106 0.66 0.93 0.00
1107 1.95 2.83 0.00
1108 1.04 0.42 0.00
1109 2.23 2.75 0.00
1110 1.22 0.42 0.00
1111 0.55 0.42 0.00
1112 0.77 0.93 0.00
1113 1.71 0.42 0.00
1114 1.49 2.07 0.00
1115 1.10 0.93 0.00
1116 1.90 0.54 0.00
1117 1.75 4.39 0.00
1118 0.92 0.93 0.00
1119 2.18 2.13 0.00
1120 1.27 0.42 0.00
1121 0.97 0.80 0.00
1122 2.17 0.46 0.00
1123 0.48 0.42 0.00
1124 1.38 2.58 0.00
1125 1.44 0.42 0.00
1126 2.36 0.42 0.00
1127 1.73 3.34 0.00
1128 1.04 0.42 0.00
1129 3.37 1.97 0.00
1130 2.92 1.03 0.00
1131 0.68 0.48 0.00
1132 3.06 1.98 0.00
1133 1.71 0.93 0.00
1134 2.75 2.18 0.00
1135 1.11 0.43 0.00
1136 2.52 1.22 0.00
1137 0.95 2.87 0.00
1138 2.16 0.42 0.00
1139 2.19 2.65 0.00
1140 1.22 0.42 0.00
1141 1.20 0.42 0.00
1142 1.98 0.93 0.00
1143 1.04 0.42 0.00
1144 1.78 2.11 0.00
1145 1.73 0.96 0.00
1146 0.55 0.42 0.00
1147 1.86 4.39 0.00
1148 1.34 1.14 0.00
1149 1.09 13.27 0.00
1150 2.07 0.52 0.00
1151 0.88 0.93 0.00
1152 1.10 0.42 0.00
1153 1.79 0.42 0.00
1154 2.89 2.71 0.00
1155 1.90 0.42 0.00
1156 1.89 0.42 0.00
1157 2.85 2.55 0.00
1158 2.49 0.42 0.00
1159 2.80 2.04 0.00
1160 2.08 0.96 0.00
1161 26.69 17.19 0.00
1162 2.32 2.06 0.00
1163 1.70 0.93 0.00
1164 1.61 2.02 0.00
1165 3.59 0.47 0.00
1166 1.97 0.93 0.00
1167 1.66 0.42 0.00
1168 2.19 0.42 0.00
1169 2.70 2.58 0.00
1170 1.89 0.42 0.00
1171 28.54 65.43 0.00
1172 1.91 12.19 0.00
1173 1.92 0.42 0.00
1174 23.10 9588.06 0.00
1175 19.88 11863.33 0.00
1176 2.16 6.01 0.00
1177 217.21 24.08 0.00
1178 3.02 66.52 0.00
1179 3.56 237.00 0.00
1180 0.86 51.61 0.00
1181 0.88 0.93 0.00
1182 1.39 0.42 0.00
1183 1.43 0.42 0.00
1184 1.35 2.30 0.00
1185 3.05 1.90 0.00
1186 2.58 1.88 0.00
1187 1.22 0.93 0.00
1188 1.93 0.42 0.00
1189 1.81 6.68 0.00
1190 3.26 6.89 0.00
1191 1.27 0.42 0.00
1192 1.85 1.98 0.00
1193 2.59 5.39 0.00
1194 199.97 9.22 0.00
1195 1.65 0.42 0.00
1196 2.13 2.42 0.00
1197 0.88 0.42 0.00
1198 1.63 0.42 0.00
1199 6.18 312.99 0.00
1200 1.05 0.54 0.00
1201 11766.72 13.66 0.00
1202 1.75 7.16 0.00
1203 0.60 0.42 0.00
1204 2.46 1.89 0.00
1205 1.44 1.04 0.00
1206 0.77 0.42 0.00
1207 3.75 15.75 0.00
1208 1.32 0.93 0.00
1209 1.22 2.08 0.00
1210 2.36 0.47 0.00
1211 1.10 0.93 0.00
1212 0.77 0.42 0.00
1213 1.26 0.42 0.00
1214 2.29 2.17 0.00
1215 1.52 0.96 0.00
1216 4.02 2.13 0.00
1217 2.27 2.18 0.00
1218 1.71 0.87 0.00
1219 1.98 1.95 0.00
1220 1.80 0.98 0.00
1221 1.42 0.42 0.00
1222 24.14 16.98 0.00
1223 2.21 5.55 0.00
1224 54.56 4.61 0.00
1225 1.33 0.45 0.00
1226 1.78 0.42 0.00
1227 1.81 0.99 0.00
1228 1.45 5.16 0.00
1229 1.74 2.75 0.00
1230 1.78 0.42 0.00
1231 0.66 0.42 0.00
1232 0.76 0.42 0.00
1233 1.82 0.93 0.00
1234 1.74 2.07 0.00
1235 18.25 38.46 0.00
1236 1.88 0.93 0.00
1237 1.63 6.81 0.00
1238 1.14 0.42 0.00
1239 6.95 11.01 0.00
1240 1.27 0.47 0.00
1241 12.60 9616.72 0.00
1242 2.59 0.42 0.00
1243 13.41 21.92 0.00
1244 1.44 4.69 0.00
1245 3.33 0.98 0.00
1246 1.59 0.42 0.00
1247 2.06 5.17 0.00
1248 6.83 10.66 0.00
1249 2.56 2.13 0.00
1250 2.13 1.00 0.00
1251 0.54 0.42 0.00
1252 1.24 1.98 0.00
1253 2.13 0.42 0.00
1254 1.15 2.53 0.00
1255 1.11 0.47 0.00
1256 1.88 0.42 0.00
1257 2.15 5.17 0.00
1258 1.85 0.42 0.00
1259 2.04 2.58 0.00
1260 101.63 6.99 0.00
1261 1.02 15.37 0.00
1262 1.54 0.93 0.00
1263 0.81 0.42 0.00
1264 1.22 2.08 0.00
1265 1.54 0.98 0.00
1266 0.66 0.42 0.00
1267 1.86 6.23 0.00
1268 18.94 22.97 0.00
1269 144.96 248.04 0.00
1270 43.79 58.40 0.00
1271 0.77 0.93 0.00
1272 0.86 0.48 0.00
1273 7.71 2745.08 0.00
1274 1.63 33.69 0.00
1275 0.55 0.42 0.00
1276 32.41 6858.53 0.00
1277 1.07 0.93 0.00
1278 1.23 4.65 0.00
1279 1.58 2.21 0.00
1280 8.47 13.68 0.00
1281 2.14 3.54 0.00
1282 9.70 15.12 0.00
1283 0.82 3.10 0.00
1284 2.38 2.65 0.00
1285 5.51 13.42 0.00
1286 0.89 0.42 0.00
1287 2.33 14.78 0.00
1288 300.07 247.86 0.00
1289 1.56 2.58 0.00
1290 1.32 0.48 0.00
1291 0.65 0.42 0.00
1292 20.00 9604.57 0.00
1293 2.04 0.42 0.00
1294 1.44 2.13 0.00
1295 13.69 24.66 0.00
1296 2.21 0.42 0.00
1297 5.12 9.89 0.00
1298 1.81 0.93 0.00
1299 15.29 30.17 0.00
1300 1.77 0.42 0.00
1301 1.76 0.93 0.00
1302 6.16 5.57 0.00
1303 1.06 3.31 0.00
1304 1.46 17.79 0.00
1305 1.78 0.42 0.00
1306 303.24 253.57 0.00
1307 2.15 0.93 0.00
1308 1.68 0.49 0.00
1309 1.80 6.44 0.00
1310 2.13 0.93 0.00
1311 27.11 9625.02 0.00
1312 0.90 1.98 0.00
1313 1.93 0.93 0.00
1314 1.95 2.20 0.00
1315 9.02 16.23 0.00
1316 1.54 0.93 0.00
1317 9.31 20.47 0.00
1318 2.40 0.42 0.00
1319 1.49 2.58 0.00
1320 6.45 13.42 0.00
1321 0.99 0.42 0.00
1322 1.88 11.12 0.00
1323 200.39 188.54 0.00
1324 1.45 2.14 0.00
1325 75.97 41.92 0.00
1326 39.02 33.23 0.00
1327 2.06 1.98 0.00
1328 16.06 9594.21 0.00
1329 1.45 2.14 0.00
1330 9.91 16.23 0.00
1331 0.66 0.93 0.00
1332 9.21 16.07 0.00
1333 1.59 0.42 0.00
1334 1.70 2.23 0.00
1335 8.80 13.62 0.00
1336 1.55 3.03 0.00
1337 9.01 16.75 0.00
1338 0.67 4.65 0.00
1339 5.80 15.02 0.00
1340 0.67 0.98 0.00
1341 1.67 5.65 0.00
1342 1.47 6.94 0.00
1343 293.47 249.65 0.00
1344 1.43 2.08 0.00
1345 1.97 0.54 0.00
1346 3.37 2873.52 0.00
1347 0.77 0.42 0.00
1348 21.34 6752.73 0.00
1349 1.67 4.68 0.00
1350 5.12 6.30 0.00
1351 1.21 3.03 0.00
1352 9.58 16.75 0.00
1353 1.16 0.42 0.00
1354 5.35 7.43 0.00
1355 5.90 11.00 0.00
1356 1.11 0.87 0.00
1357 5.53 14.99 0.00
1358 1.92 0.93 0.00
1359 37.19 55.49 0.00
1360 275.22 222.90 0.00
1361 2.00 0.93 0.00
1362 3.31 0.48 0.00
1363 11.29 9595.71 0.00
1364 2.49 2.26 0.00
1365 6.60 8.77 0.00
1366 2.74 0.42 0.00
1367 13.36 24.66 0.00
1368 1.22 4.65 0.00
1369 6.35 10.12 0.00
1370 1.67 0.98 0.00
1371 13.37 21.53 0.00
1372 1.56 4.59 0.00
1373 5.38 8.84 0.00
1374 1.79 2.02 0.00
1375 1.39 0.61 0.00
1376 20.93 21.76 0.00
1377 0.77 0.42 0.00
1378 256.73 236.92 0.00
1379 2.00 2.65 0.00
1380 1.63 0.49 0.00
1381 13.47 9591.70 0.00
1382 0.99 0.48 0.00
1383 17.97 32.50 0.00
1384 2.35 2.25 0.00
1385 1.21 0.95 0.00
1386 1.77 0.42 0.00
1387 9.59 17.80 0.00
1388 1.36 0.93 0.00
1389 10.65 22.07 0.00
1390 1.41 0.47 0.00
1391 1.31 0.93 0.00
1392 6.71 13.42 0.00
1393 2.01 0.42 0.00
1394 2.86 12.90 0.00
1395 304.73 258.25 0.00
1396 0.77 0.42 0.00
1397 1.18 1.01 0.00
1398 2.43 0.42 0.00
1399 16.87 9619.73 0.00
1400 0.32 1.00 0.00
1401 11.61 13.62 0.00
1402 1.34 4.59 0.00
1403 1.70 0.93 0.00
1404 12.12 17.82 0.00
1405 1.21 0.48 0.00
1406 6.22 8.84 0.00
1407 1.97 0.42 0.00
1408 9.79 20.47 0.00
1409 2.38 2.71 0.00
1410 1.97 10.74 0.00
1411 1.55 5.37 0.00
1412 292.98 248.51 0.00
1413 9.84 15.63 0.00
1414 1.38 2.04 0.00
1415 25.19 46.62 0.00
1416 12.96 32.90 0.00
1417 5.37 12.02 0.00
1418 1.92 0.42 0.00
1419 1.45 2.41 0.00
1420 0.77 0.43 0.00
1421 1.65 0.93 0.00
1422 2.10 0.42 0.00
1423 1.72 0.54 0.00
1424 1.98 1.25 0.00
1425 1.16 0.80 0.00
1426 2.92 0.69 0.00
1427 0.88 3.46 0.00
1428 1.25 0.42 0.00
1429 1.88 0.42 0.00
1430 2.68 0.93 0.00
1431 0.54 0.42 0.00
1432 1.90 1.98 0.00
1433 1.03 0.93 0.00
1434 1.10 0.42 0.00
1435 1.45 0.42 0.00
1436 1.92 0.93 0.00
1437 0.65 0.42 0.00
1438 2.74 0.42 0.00
1439 1.92 0.93 0.00
1440 0.87 0.42 0.00
1441 2.43 0.42 0.00
1442 2.25 0.93 0.00
1443 1.59 0.42 0.00
1444 1.55 0.00 0.00
1445 1.31 0.93 0.00
1446 1.66 0.42 0.00
1447 1.23 0.56 0.00
1448 1.36 2.36 0.00
1449 1.33 0.42 0.00
1450 1.43 0.42 0.00
1451 1.43 0.93 0.00
1452 2.10 0.42 0.00
1453 1.36 0.42 0.00
1454 2.25 0.93 0.00
1455 1.31 0.42 0.00
1456 1.77 0.42 0.00
1457 1.22 0.93 0.00
1458 1.81 0.42 0.00
1459 1.88 0.42 0.00
1460 1.43 0.93 0.00
1461 0.88 0.42 0.00
1462 1.34 1.98 0.00
1463 1.92 0.93 0.00
1464 0.55 0.42 0.00
1465 1.66 0.42 0.00
1466 1.75 0.92 0.00
1467 1.33 0.42 0.00
1468 1.48 0.42 0.00
1469 1.00 0.93 0.00
1470 1.77 0.42 0.00
1471 1.67 0.42 0.00
1472 0.99 0.93 0.00
1473 1.81 0.42 0.00
1474 0.99 0.42 0.00
1475 2.26 0.93 0.00
1476 1.55 0.42 0.00
1477 1.13 1.98 0.00
1478 2.85 0.93 0.00
1479 1.33 0.42 0.00
1480 0.77 0.42 0.00
1481 2.50 0.93 0.00
1482 2.22 0.42 0.00
1483 1.16 0.42 0.00
1484 0.76 0.93 0.00
1485 1.67 0.42 0.00
1486 1.36 0.42 0.00
1487 1.66 0.93 0.00
1488 1.59 0.42 0.00
1489 1.25 0.48 0.00
1490 2.30 1.01 0.00
1491 1.22 0.42 0.00
1492 1.12 1.98 0.00
1493 1.80 0.93 0.00
1494 1.44 0.42 0.00
1495 1.22 0.42 0.00
1496 1.88 0.93 0.00
1497 1.78 0.42 0.00
1498 1.41 0.42 0.00
1499 1.99 0.93 0.00
1500 0.77 0.42 0.00
1501 1.22 0.42 0.00
1502 2.43 0.93 0.00
1503 1.37 0.42 0.00
1504 0.66 0.42 0.00
1505 1.77 0.93 0.00
1506 1.11 0.42 0.00
1507 1.46 1.98 0.00
1508 1.48 0.93 0.00
1509 1.11 0.42 0.00
1510 1.58 0.42 0.00
1511 5.75 4.28 0.00
1512 1.11 0.42 0.00
1513 1.81 0.42 0.00
1514 6.89 367.50 0.00
1515 0.44 0.42 0.00
1516 7.60 138.86 0.00
1517 1.92 0.93 0.00
1518 14.62 910.94 0.00
