0 10.61 10.20 0.00
1 3.37 0.75 0.00
2 3.36 2.22 0.00
3 4.99 0.96 0.00
4 3.74 1.08 0.00
5 2.93 0.64 0.00
6 32.65 33.84 0.00
7 9.79 11.25 0.00
8 11.95 4.24 0.00
9 6.49 4.40 0.00
10 12.15 21.15 0.00
11 24.34 9.11 0.00
12 5.12 2.47 0.00
13 3.31 1.87 0.00
14 3.89 0.64 0.00
15 11.36 5.41 0.00
16 11.99 3.15 0.00
17 3.00 0.64 0.00
18 5.17 1.24 0.00
19 3.77 0.74 0.00
20 3.05 0.64 0.00
21 12.45 2.66 0.00
22 9.97 1.09 0.00
23 4.35 0.77 0.00
24 4.66 0.85 0.00
25 3.37 1.03 0.00
26 22.60 8.21 0.00
27 7.38 2.73 0.00
28 17.12 4.87 0.00
29 341.92 113446.11 0.00
30 347.26 151600.45 0.00
31 22.31 3.32 0.00
32 117.41 88316.18 0.00
33 20.97 28.60 0.00
34 14.69 0.90 0.00
35 182.22 66399.51 0.00
36 72.52 21980.15 0.00
37 9.08 1.05 0.00
38 6.84 1.70 0.00
39 15.00 3.30 0.00
40 3.17 0.66 0.00
41 11.35 2.47 0.00
42 15.70 25.47 0.00
43 12.76 19.35 0.00
44 11.23 7.15 0.00
45 9.31 1.53 0.00
46 11.46 2.72 0.00
47 7.70 0.93 0.00
48 10.18 2.33 0.00
49 9.22 6.24 0.00
50 3.63 0.64 0.00
51 15.04 4.11 0.00
52 54.53 25.68 0.00
53 28.29 14.01 0.00
54 8.04 2.16 0.00
55 8.21 1.47 0.00
56 34.86 15.83 0.00
57 6.80 0.89 0.00
58 17.67 8.18 0.00
59 21.33 7.09 0.00
60 2.73 0.53 0.00
61 24.48 7.90 0.00
62 2.57 1.58 0.00
63 2.34 0.49 0.00
64 26.78 9.58 0.00
65 35.95 19.92 0.00
66 23.47 9.92 0.00
67 38.36 14.82 0.00
68 32.75 14.75 0.00
69 7.54 0.83 0.00
70 4.05 0.64 0.00
71 12.14 3.13 0.00
72 2.40 0.49 0.00
73 6.87 1.13 0.00
74 65.36 33.32 0.00
75 6.69 1.11 0.00
76 12.87 3.35 0.00
77 31.59 14.47 0.00
78 13.68 1.87 0.00
79 8.72 1.10 0.00
80 30.06 7.09 0.00
81 23.19 8.83 0.00
82 41.26 13.04 0.00
83 7.34 4.64 0.00
84 23.85 8.04 0.00
85 9.00 1.36 0.00
86 73.98 27.11 0.00
87 33.20 12.71 0.00
88 14.43 2.71 0.00
89 37.11 14.14 0.00
90 4.57 0.80 0.00
91 25.76 4.90 0.00
92 14.57 7.09 0.00
93 24.40 2.93 0.00
94 26.36 3.56 0.00
95 4.67 1.25 0.00
96 19.17 4.95 0.00
97 360.80 218.65 0.00
98 254.72 101.49 0.00
99 28.91 3.62 0.00
100 42.91 9.17 0.00
101 6.66 1.21 0.00
102 17.53 3.54 0.00
103 19.61 6.33 0.00
104 21.93 3.21 0.00
105 75.55 122.02 0.00
106 11.69 3.19 0.00
107 251.04 120.57 0.00
108 134.56 68.40 0.00
109 30.54 11.24 0.00
110 8.94 0.76 0.00
111 91.54 112.41 0.00
112 59.55 12.85 0.00
113 141.75 65.58 0.00
114 105.92 36.53 0.00
115 28.64 4.09 0.00
116 54.74 23.19 0.00
117 55.67 25.32 0.00
118 40.51 17.78 0.00
119 9.76 2.01 0.00
120 11.86 2.47 0.00
121 36.93 9.50 0.00
122 12.56 2.70 0.00
123 54.29 23.97 0.00
124 18.99 4.33 0.00
125 6.90 1.32 0.00
126 54.79 24.70 0.00
127 48.74 10.57 0.00
128 5.54 0.94 0.00
129 34.20 8.18 0.00
130 9.53 2.47 0.00
131 3.90 1.07 0.00
132 18.11 4.12 0.00
133 6.10 1.09 0.00
134 14.29 2.93 0.00
135 6.59 1.47 0.00
136 10.31 3.01 0.00
137 9.45 2.16 0.00
138 12.70 3.18 0.00
139 15.82 3.17 0.00
140 2.43 0.74 0.00
141 3.00 0.75 0.00
142 23.65 3.54 0.00
143 8.02 1.76 0.00
144 4.77 1.04 0.00
145 114.25 134.51 0.00
146 4.71 1.16 0.00
147 8.94 2.10 0.00
148 40.70 17.96 0.00
149 66.84 34.72 0.00
150 3.66 0.75 0.00
151 59.23 33.20 0.00
152 41.52 21.03 0.00
153 91.82 48.38 0.00
154 3.93 0.70 0.00
155 29.17 10.79 0.00
156 67.58 5.10 0.00
157 68.57 27.33 0.00
158 14.11 7.78 0.00
159 3.84 0.64 0.00
160 49.57 9.41 0.00
161 5.04 0.90 0.00
162 12.66 3.32 0.00
163 5.90 1.54 0.00
164 12.70 2.48 0.00
165 8.55 1.90 0.00
166 3.02 0.64 0.00
167 18.68 8.25 0.00
168 11.94 3.02 0.00
169 6.34 1.40 0.00
170 4.09 0.53 0.00
171 8.13 0.78 0.00
172 21.23 4.61 0.00
173 14.55 3.23 0.00
174 15.57 1.27 0.00
175 4.95 0.93 0.00
176 3.67 0.53 0.00
177 11.12 2.97 0.00
178 152.96 157.15 0.00
179 41.67 17.33 0.00
180 60.04 28.07 0.00
181 60.90 28.48 0.00
182 52.66 17.86 0.00
183 94.75 35.74 0.00
184 24.50 3.48 0.00
185 55.74 24.54 0.00
186 14.83 6.37 0.00
187 32.66 9.04 0.00
188 9.40 2.13 0.00
189 5.59 1.04 0.00
190 11.46 2.04 0.00
191 5.90 1.61 0.00
192 47.08 19.43 0.00
193 31.33 13.03 0.00
194 16.41 3.34 0.00
195 3.03 0.64 0.00
196 5.04 0.75 0.00
197 53.59 22.93 0.00
198 36.28 14.43 0.00
199 5.88 1.04 0.00
200 4.03 0.75 0.00
201 238.10 8.93 0.00
202 40.47 6.90 0.00
203 15.32 4.00 0.00
204 3.83 6.21 0.00
205 3.88 0.75 0.00
206 35.31 11.16 0.00
207 23.85 5.63 0.00
208 6.98 1.73 0.00
209 9.68 7.85 0.00
210 20.39 3.39 0.00
211 17.23 3.68 0.00
212 16.12 3.07 0.00
213 7.44 1.54 0.00
214 12.82 2.22 0.00
215 8.27 0.93 0.00
216 4.33 0.75 0.00
217 23.98 4.39 0.00
218 29.17 5.19 0.00
219 7.25 1.62 0.00
220 8.69 1.98 0.00
221 11.18 1.48 0.00
222 13.57 3.77 0.00
223 14.99 2.71 0.00
224 5.07 1.11 0.00
225 3.64 0.85 0.00
226 15.21 1.83 0.00
227 26.34 5.96 0.00
228 16.30 2.78 0.00
229 6.54 1.04 0.00
230 11.04 1.46 0.00
231 5.53 1.21 0.00
232 103.31 117.09 0.00
233 14.99 14.93 0.00
234 4.25 0.75 0.00
235 9.29 0.85 0.00
236 65.96 34.58 0.00
237 71.97 41.26 0.00
238 120.16 65.03 0.00
239 19.83 6.22 0.00
240 105.21 48.55 0.00
241 5.09 0.91 0.00
242 8.22 2.08 0.00
243 129.49 83.01 0.00
244 8.20 1.04 0.00
245 19.74 1.65 0.00
246 8.22 1.04 0.00
247 16.88 3.46 0.00
248 11.71 2.11 0.00
249 5.99 1.04 0.00
250 4.22 0.75 0.00
251 3.14 0.64 0.00
252 10.16 2.42 0.00
253 8.37 2.28 0.00
254 3.90 0.64 0.00
255 4.34 0.97 0.00
256 22.53 3.54 0.00
257 13.42 3.01 0.00
258 20.01 5.61 0.00
259 16.19 4.55 0.00
260 3.17 0.53 0.00
261 4.21 0.75 0.00
262 18.65 4.07 0.00
263 11.01 2.42 0.00
264 9.84 1.00 0.00
265 24.59 4.37 0.00
266 3.82 0.64 0.00
267 10.46 2.69 0.00
268 14.84 3.87 0.00
269 5.03 0.93 0.00
270 16.40 1.25 0.00
271 133.98 145.54 0.00
272 14.99 4.05 0.00
273 29.26 12.57 0.00
274 31.61 11.91 0.00
275 44.90 18.30 0.00
276 11.30 1.49 0.00
277 125.62 55.51 0.00
278 42.36 19.52 0.00
279 24.75 6.83 0.00
280 46.34 11.69 0.00
281 43.95 13.88 0.00
282 15.69 2.92 0.00
283 41.50 18.31 0.00
284 7.63 0.98 0.00
285 7.85 1.04 0.00
286 4.63 0.75 0.00
287 51.92 21.07 0.00
288 18.00 3.91 0.00
289 35.89 16.31 0.00
290 5.07 1.20 0.00
291 3.68 0.64 0.00
292 52.11 20.61 0.00
293 24.66 9.57 0.00
294 8.51 1.04 0.00
295 16.63 6.74 0.00
296 17.00 7.83 0.00
297 11.04 2.69 0.00
298 15.36 2.33 0.00
299 37.63 12.26 0.00
300 8.38 2.14 0.00
301 4.79 0.84 0.00
302 12.77 3.21 0.00
303 20.88 18.91 0.00
304 15.07 3.61 0.00
305 31.15 5.49 0.00
306 15.21 2.93 0.00
307 19.99 2.98 0.00
308 12.44 2.85 0.00
309 21.19 2.90 0.00
310 8.12 2.18 0.00
311 18.16 2.55 0.00
312 10.01 2.25 0.00
313 18.50 3.28 0.00
314 10.25 1.42 0.00
315 4.32 1.13 0.00
316 10.33 1.10 0.00
317 9.62 2.35 0.00
318 22.39 3.46 0.00
319 17.59 2.84 0.00
320 3.36 0.75 0.00
321 11.64 2.58 0.00
322 13.58 2.36 0.00
323 17.47 4.39 0.00
324 4.88 0.75 0.00
325 13.11 1.72 0.00
326 3.99 0.64 0.00
327 19.18 3.18 0.00
328 23.53 4.91 0.00
329 6.88 0.93 0.00
330 11.72 2.96 0.00
331 3.15 0.85 0.00
332 9.07 1.63 0.00
333 8.49 2.21 0.00
334 8.54 1.00 0.00
335 6.78 1.36 0.00
336 7.11 1.44 0.00
337 15.22 2.90 0.00
338 11.92 2.16 0.00
339 9.63 1.52 0.00
340 4.76 1.25 0.00
341 3.82 0.64 0.00
342 7.35 1.65 0.00
343 23.12 5.07 0.00
344 20.81 3.22 0.00
345 11.78 1.76 0.00
346 3.77 0.75 0.00
347 84.03 122.68 0.00
348 7.85 1.78 0.00
349 5.01 0.77 0.00
350 118.55 51.88 0.00
351 52.83 21.65 0.00
352 19.97 2.54 0.00
353 31.60 16.34 0.00
354 47.94 11.88 0.00
355 75.46 35.69 0.00
356 37.96 11.51 0.00
357 43.81 16.69 0.00
358 61.56 48.22 0.00
359 10.26 1.25 0.00
360 45.85 9.52 0.00
361 3.82 0.74 0.00
362 7.28 1.67 0.00
363 11.73 2.76 0.00
364 11.65 1.61 0.00
365 6.77 1.36 0.00
366 7.08 1.64 0.00
367 21.82 4.75 0.00
368 15.21 2.88 0.00
369 8.00 1.00 0.00
370 4.92 1.23 0.00
371 11.51 1.88 0.00
372 18.47 3.66 0.00
373 6.89 1.45 0.00
374 11.18 1.09 0.00
375 14.38 3.06 0.00
376 3.74 0.70 0.00
377 11.95 3.23 0.00
378 9.20 1.94 0.00
379 6.22 1.36 0.00
380 2.59 0.64 0.00
381 3.97 0.75 0.00
382 22.93 4.76 0.00
383 7.39 1.56 0.00
384 14.45 2.52 0.00
385 5.60 1.42 0.00
386 4.32 0.64 0.00
387 11.91 2.75 0.00
388 8.72 1.75 0.00
389 11.75 2.95 0.00
390 4.69 0.75 0.00
391 3.21 0.85 0.00
392 7.66 1.61 0.00
393 16.18 2.04 0.00
394 10.62 1.73 0.00
395 6.03 1.42 0.00
396 2.80 0.64 0.00
397 22.71 3.11 0.00
398 9.85 1.83 0.00
399 6.34 1.49 0.00
400 3.44 0.75 0.00
401 138.77 170.50 0.00
402 6.63 1.78 0.00
403 32.54 16.49 0.00
404 85.45 39.79 0.00
405 30.35 11.92 0.00
406 104.92 47.87 0.00
407 35.21 14.45 0.00
408 21.77 3.69 0.00
409 17.15 2.44 0.00
410 72.40 30.92 0.00
411 18.55 6.56 0.00
412 30.11 9.75 0.00
413 28.64 8.79 0.00
414 9.71 1.88 0.00
415 4.21 0.75 0.00
416 55.92 20.54 0.00
417 18.61 4.21 0.00
418 20.68 2.95 0.00
419 11.56 3.37 0.00
420 27.13 9.71 0.00
421 3.58 0.87 0.00
422 7.40 1.91 0.00
423 19.08 7.43 0.00
424 38.19 12.29 0.00
425 8.64 1.10 0.00
426 4.10 0.78 0.00
427 22.27 3.71 0.00
428 11.14 2.07 0.00
429 11.60 2.34 0.00
430 37.62 34.84 0.00
431 14.18 3.83 0.00
432 10.36 2.43 0.00
433 16.38 3.29 0.00
434 6.06 1.71 0.00
435 10.21 1.04 0.00
436 7.64 0.89 0.00
437 14.83 3.20 0.00
438 9.28 1.81 0.00
439 8.50 1.32 0.00
440 6.32 1.49 0.00
441 14.37 2.56 0.00
442 17.71 3.96 0.00
443 15.71 2.30 0.00
444 6.21 1.68 0.00
445 10.29 1.64 0.00
446 4.55 0.75 0.00
447 10.06 2.00 0.00
448 20.62 3.90 0.00
449 5.75 1.33 0.00
450 14.93 2.93 0.00
451 7.87 0.93 0.00
452 7.49 1.78 0.00
453 15.30 2.53 0.00
454 4.59 1.41 0.00
455 8.04 1.04 0.00
456 7.09 1.49 0.00
457 15.61 2.58 0.00
458 22.41 5.06 0.00
459 10.73 1.36 0.00
460 8.31 0.93 0.00
461 10.20 1.29 0.00
462 7.88 2.01 0.00
463 6.04 1.35 0.00
464 5.22 1.52 0.00
465 13.43 1.33 0.00
466 3.25 0.64 0.00
467 10.87 2.00 0.00
468 9.72 1.73 0.00
469 9.29 1.32 0.00
470 4.36 0.75 0.00
471 4.70 0.75 0.00
472 12.74 2.12 0.00
473 8.94 1.84 0.00
474 6.19 1.45 0.00
475 12.27 1.22 0.00
476 3.66 0.75 0.00
477 10.31 2.26 0.00
478 9.31 1.77 0.00
479 11.08 1.49 0.00
480 5.19 1.25 0.00
481 2.59 0.64 0.00
482 8.10 1.84 0.00
483 6.35 1.58 0.00
484 4.84 1.22 0.00
485 3.88 0.75 0.00
486 3.43 0.75 0.00
487 21.20 2.71 0.00
488 17.89 2.89 0.00
489 14.92 1.72 0.00
490 4.14 0.64 0.00
491 3.32 0.75 0.00
492 6.83 1.45 0.00
493 6.71 1.43 0.00
494 6.21 1.58 0.00
495 9.84 1.29 0.00
496 3.15 0.68 0.00
497 9.99 2.33 0.00
498 8.72 1.75 0.00
499 9.75 1.40 0.00
500 3.06 0.75 0.00
501 2.89 0.75 0.00
502 14.31 2.25 0.00
503 8.80 1.78 0.00
504 5.38 1.52 0.00
505 9.77 1.22 0.00
506 4.78 0.75 0.00
507 10.34 1.88 0.00
508 9.13 1.96 0.00
509 11.06 1.55 0.00
510 5.45 0.75 0.00
511 3.10 0.75 0.00
512 7.73 1.73 0.00
513 8.35 1.45 0.00
514 9.20 1.64 0.00
515 4.72 0.92 0.00
516 3.86 0.87 0.00
517 15.62 2.58 0.00
518 10.03 1.64 0.00
519 10.82 1.75 0.00
520 4.27 0.80 0.00
521 2.68 0.64 0.00
522 7.58 1.65 0.00
523 6.88 1.78 0.00
524 4.65 1.22 0.00
525 5.72 1.04 0.00
526 3.77 0.75 0.00
527 10.71 2.03 0.00
528 9.76 2.13 0.00
529 10.10 1.42 0.00
530 3.96 0.64 0.00
531 4.26 0.75 0.00
532 13.67 2.42 0.00
533 13.76 2.12 0.00
534 4.82 1.07 0.00
535 10.10 1.43 0.00
536 4.80 1.00 0.00
537 10.16 2.30 0.00
538 10.09 1.81 0.00
539 10.67 1.42 0.00
540 3.83 0.75 0.00
541 5.44 1.25 0.00
542 7.73 1.73 0.00
543 6.73 1.62 0.00
544 4.86 1.33 0.00
545 6.48 0.93 0.00
546 8.48 1.04 0.00
547 16.51 2.58 0.00
548 11.52 2.09 0.00
549 9.76 1.42 0.00
550 5.10 0.75 0.00
551 3.26 0.64 0.00
552 8.27 1.97 0.00
553 8.18 1.84 0.00
554 4.99 0.96 0.00
555 4.93 1.04 0.00
556 3.77 0.75 0.00
557 9.88 1.90 0.00
558 14.06 2.04 0.00
559 10.38 1.49 0.00
560 2.98 0.64 0.00
561 3.32 0.75 0.00
562 13.86 2.16 0.00
563 7.80 1.67 0.00
564 10.81 1.66 0.00
565 5.78 1.04 0.00
566 3.46 1.12 0.00
567 17.88 3.38 0.00
568 10.92 2.57 0.00
569 10.04 1.25 0.00
570 4.08 0.75 0.00
571 3.43 0.75 0.00
572 6.53 1.56 0.00
573 8.91 2.13 0.00
574 4.78 1.13 0.00
575 15.16 1.56 0.00
576 3.48 0.64 0.00
577 15.97 2.71 0.00
578 10.22 1.82 0.00
579 10.65 1.51 0.00
580 3.32 0.75 0.00
581 4.25 0.64 0.00
582 10.08 2.35 0.00
583 7.12 1.58 0.00
584 5.42 1.03 0.00
585 10.57 1.29 0.00
586 3.32 0.78 0.00
587 10.92 1.64 0.00
588 9.27 1.81 0.00
589 10.33 1.55 0.00
590 5.33 0.64 0.00
591 11.24 9.49 0.00
592 13.25 2.23 0.00
593 13.94 1.94 0.00
594 4.95 1.20 0.00
595 4.83 1.04 0.00
596 3.59 0.64 0.00
597 9.58 2.20 0.00
598 9.74 1.68 0.00
599 10.95 1.32 0.00
600 17.06 10.41 0.00
601 4.22 0.75 0.00
602 10.01 2.53 0.00
603 6.92 1.45 0.00
604 4.81 1.07 0.00
605 5.32 0.93 0.00
606 8.11 1.04 0.00
607 16.63 2.67 0.00
608 10.15 1.90 0.00
609 9.96 1.36 0.00
610 4.05 0.75 0.00
611 3.03 0.64 0.00
612 7.33 1.84 0.00
613 8.00 1.58 0.00
614 5.51 1.09 0.00
615 5.17 1.04 0.00
616 3.77 0.75 0.00
617 32.65 8.70 0.00
618 8.75 12.37 0.00
619 10.58 1.42 0.00
620 2.70 0.64 0.00
621 11.09 1.10 0.00
622 14.44 2.42 0.00
623 11.62 1.80 0.00
624 4.75 1.07 0.00
625 14.96 2.12 0.00
626 3.66 0.53 0.00
627 10.51 2.18 0.00
628 8.24 1.96 0.00
629 11.02 1.23 0.00
630 3.77 0.70 0.00
631 3.22 0.75 0.00
632 6.85 1.89 0.00
633 14.46 7.63 0.00
634 5.55 1.37 0.00
635 4.43 0.89 0.00
636 3.55 0.78 0.00
637 15.77 2.52 0.00
638 9.23 2.00 0.00
639 10.29 1.42 0.00
640 3.44 0.70 0.00
641 3.04 0.64 0.00
642 7.59 1.78 0.00
643 8.42 1.94 0.00
644 4.58 1.13 0.00
645 6.06 1.00 0.00
646 13.07 1.33 0.00
647 10.77 2.19 0.00
648 8.26 1.92 0.00
649 9.63 1.32 0.00
650 4.41 0.64 0.00
651 3.43 0.85 0.00
652 13.66 2.36 0.00
653 8.99 1.99 0.00
654 9.65 1.55 0.00
655 40.52 17.78 0.00
656 9.77 2.34 0.00
657 9.74 2.11 0.00
658 17.00 3.01 0.00
659 7.03 1.38 0.00
660 3.54 0.75 0.00
661 3.66 0.75 0.00
662 9.97 1.97 0.00
663 4.72 1.49 0.00
664 9.66 1.51 0.00
665 7.62 1.47 0.00
666 2.99 0.53 0.00
667 16.76 2.65 0.00
668 8.84 1.27 0.00
669 7.70 1.64 0.00
670 5.12 1.03 0.00
671 18.07 14.18 0.00
672 7.32 1.79 0.00
673 4.67 1.07 0.00
674 18.48 2.45 0.00
675 8.09 1.72 0.00
676 4.32 0.87 0.00
677 10.37 2.20 0.00
678 6.62 0.93 0.00
679 7.24 1.39 0.00
680 4.54 1.26 0.00
681 2.70 0.64 0.00
682 14.49 2.36 0.00
683 7.29 1.72 0.00
684 6.24 1.61 0.00
685 12.33 1.80 0.00
686 3.21 0.75 0.00
687 10.23 2.03 0.00
688 6.87 1.10 0.00
689 11.21 2.42 0.00
690 4.90 1.21 0.00
691 3.66 0.75 0.00
692 7.64 1.97 0.00
693 4.23 1.00 0.00
694 11.99 2.03 0.00
695 7.13 1.42 0.00
696 3.26 0.64 0.00
697 15.41 2.26 0.00
698 4.97 0.87 0.00
699 8.96 2.03 0.00
700 6.22 1.13 0.00
701 7.53 1.04 0.00
702 7.84 1.86 0.00
703 8.61 2.05 0.00
704 21.79 8.09 0.00
705 12.30 1.68 0.00
706 5.25 0.75 0.00
707 11.61 2.13 0.00
708 13.14 2.52 0.00
709 8.98 1.81 0.00
710 20.83 2.40 0.00
711 3.36 0.64 0.00
712 14.09 2.42 0.00
713 5.83 0.87 0.00
714 9.85 5.61 0.00
715 13.65 3.19 0.00
716 4.44 0.75 0.00
717 9.32 2.03 0.00
718 5.46 1.06 0.00
719 9.01 1.92 0.00
720 11.31 1.91 0.00
721 3.11 0.70 0.00
722 7.60 1.82 0.00
723 3.18 0.60 0.00
724 26.05 8.73 0.00
725 10.77 6.69 0.00
726 2.81 0.68 0.00
727 16.43 2.69 0.00
728 14.04 6.57 0.00
729 9.52 2.24 0.00
730 5.63 1.09 0.00
731 6.99 1.25 0.00
732 14.01 6.93 0.00
733 5.33 0.91 0.00
734 7.97 1.65 0.00
735 7.61 1.32 0.00
736 8.26 1.04 0.00
737 22.77 14.92 0.00
738 81.80 114.52 0.00
739 10.90 1.94 0.00
740 5.81 1.20 0.00
741 2.50 0.53 0.00
742 104.64 36.04 0.00
743 6.35 0.94 0.00
744 71.17 41.52 0.00
745 46.08 12.95 0.00
746 80.13 38.34 0.00
747 18.43 2.28 0.00
748 5.50 1.10 0.00
749 8.10 1.98 0.00
750 28.23 10.95 0.00
751 4.43 0.85 0.00
752 19.86 3.41 0.00
753 32.17 39.79 0.00
754 30.39 5.85 0.00
755 28.40 18.24 0.00
756 3.59 0.64 0.00
757 28.42 7.81 0.00
758 12.27 1.46 0.00
759 32.07 15.88 0.00
760 9.17 1.53 0.00
761 12.31 6.04 0.00
762 8.84 1.73 0.00
763 27.58 9.63 0.00
764 7.28 1.95 0.00
765 14.36 1.85 0.00
766 4.10 0.78 0.00
767 27.59 4.52 0.00
768 10.43 1.67 0.00
769 12.75 1.78 0.00
770 7.25 1.67 0.00
771 5.73 0.78 0.00
772 13.78 2.19 0.00
773 5.41 1.15 0.00
774 9.92 1.89 0.00
775 11.75 1.81 0.00
776 7.36 0.83 0.00
777 7.77 1.83 0.00
778 6.41 0.95 0.00
779 6.82 1.36 0.00
780 5.46 1.43 0.00
781 5.89 0.70 0.00
782 7.47 1.78 0.00
783 4.55 1.39 0.00
784 15.66 3.45 0.00
785 6.79 1.58 0.00
786 8.68 1.39 0.00
787 15.23 2.37 0.00
788 11.36 2.42 0.00
789 8.72 1.79 0.00
790 7.27 1.61 0.00
791 5.99 1.12 0.00
792 11.64 2.86 0.00
793 10.12 1.30 0.00
794 16.35 1.72 0.00
795 17.29 3.46 0.00
796 4.75 0.81 0.00
797 8.47 1.96 0.00
798 87.83 103.74 0.00
799 68.85 51.45 0.00
800 33.34 14.08 0.00
801 36.11 26.15 0.00
802 14.31 2.29 0.00
803 8.97 2.29 0.00
804 88.24 42.65 0.00
805 39.99 14.22 0.00
806 18.77 7.37 0.00
807 29.22 12.45 0.00
808 45.93 19.25 0.00
809 34.75 13.21 0.00
810 10.03 2.65 0.00
811 18.81 2.89 0.00
812 72.42 31.53 0.00
813 33.74 13.92 0.00
814 9.75 1.72 0.00
815 11.82 2.33 0.00
816 15.39 7.61 0.00
817 14.58 2.29 0.00
818 30.38 13.00 0.00
819 17.80 1.88 0.00
820 7.55 1.65 0.00
821 9.24 2.92 0.00
822 9.00 2.23 0.00
823 17.12 8.04 0.00
824 5.61 1.64 0.00
825 10.60 1.82 0.00
826 22.51 7.81 0.00
827 8.79 1.60 0.00
828 12.09 2.00 0.00
829 14.42 2.80 0.00
830 10.35 2.67 0.00
831 7.11 2.06 0.00
832 38.26 23.47 0.00
833 5.93 1.30 0.00
834 5.45 1.28 0.00
835 20.68 7.01 0.00
836 10.69 1.52 0.00
837 32.47 5.60 0.00
838 3.55 0.71 0.00
839 5.69 1.24 0.00
840 15.41 2.04 0.00
841 23.07 12.11 0.00
842 13.45 3.57 0.00
843 3.91 0.96 0.00
844 13.94 1.98 0.00
845 18.85 2.98 0.00
846 5.20 1.22 0.00
847 18.21 2.52 0.00
848 14.39 1.60 0.00
849 7.61 1.51 0.00
850 9.66 2.31 0.00
851 5.30 1.08 0.00
852 13.60 3.12 0.00
853 11.58 1.89 0.00
854 15.04 2.35 0.00
855 8.55 2.16 0.00
856 5.15 1.26 0.00
857 7.80 1.79 0.00
858 26.12 2.64 0.00
859 8.64 1.88 0.00
860 5.18 1.13 0.00
861 8.52 1.15 0.00
862 22.17 4.21 0.00
863 5.47 1.09 0.00
864 4.69 1.15 0.00
865 13.69 2.50 0.00
866 5.25 1.20 0.00
867 13.13 2.45 0.00
868 14.75 2.19 0.00
869 7.39 1.44 0.00
870 3.77 0.75 0.00
871 5.30 1.13 0.00
872 7.55 1.88 0.00
873 3.53 0.60 0.00
874 13.50 2.15 0.00
875 11.16 1.75 0.00
876 4.23 1.02 0.00
877 14.61 2.40 0.00
878 18.95 2.35 0.00
879 7.41 1.55 0.00
880 6.11 1.03 0.00
881 4.71 0.87 0.00
882 7.04 1.78 0.00
883 4.29 0.70 0.00
884 5.23 1.24 0.00
885 5.77 1.21 0.00
886 5.57 1.07 0.00
887 10.17 2.37 0.00
888 11.64 1.59 0.00
889 7.45 1.45 0.00
890 9.49 1.38 0.00
891 5.16 0.96 0.00
892 13.62 2.49 0.00
893 5.27 0.87 0.00
894 6.86 1.33 0.00
895 19.43 8.18 0.00
896 5.52 1.30 0.00
897 9.31 1.68 0.00
898 8.86 1.45 0.00
899 7.93 1.66 0.00
900 8.14 1.55 0.00
901 5.03 1.20 0.00
902 5.28 1.24 0.00
903 6.17 1.18 0.00
904 5.45 1.26 0.00
905 6.84 1.79 0.00
906 5.28 1.05 0.00
907 17.28 2.32 0.00
908 8.89 1.69 0.00
909 7.92 1.62 0.00
910 4.62 1.09 0.00
911 5.83 1.00 0.00
912 5.20 1.09 0.00
913 5.35 0.87 0.00
914 7.27 1.39 0.00
915 10.93 1.93 0.00
916 5.59 1.33 0.00
917 7.39 1.42 0.00
918 5.73 1.35 0.00
919 7.70 1.49 0.00
920 5.89 1.07 0.00
921 4.80 1.15 0.00
922 11.96 1.91 0.00
923 7.90 1.41 0.00
924 5.20 1.15 0.00
925 7.12 1.75 0.00
926 6.08 1.26 0.00
927 11.42 1.61 0.00
928 6.38 1.41 0.00
929 12.98 2.99 0.00
930 4.45 1.03 0.00
931 5.57 1.13 0.00
932 15.96 1.80 0.00
933 6.25 1.24 0.00
934 10.17 1.55 0.00
935 6.92 1.81 0.00
936 6.93 1.09 0.00
937 14.10 1.92 0.00
938 7.00 1.39 0.00
939 8.78 1.10 0.00
940 5.75 1.03 0.00
941 4.96 1.13 0.00
942 11.40 6.92 0.00
943 6.54 1.27 0.00
944 11.59 2.16 0.00
945 6.45 1.30 0.00
946 5.85 1.17 0.00
947 7.41 1.47 0.00
948 6.32 1.24 0.00
949 26.92 2.95 0.00
950 5.91 1.07 0.00
951 9.73 2.17 0.00
952 12.00 2.35 0.00
953 14.47 2.34 0.00
954 5.45 0.94 0.00
955 10.73 1.68 0.00
956 5.58 1.20 0.00
957 14.35 2.31 0.00
958 8.55 1.71 0.00
959 8.09 1.53 0.00
960 5.59 1.24 0.00
961 3.93 0.83 0.00
962 6.06 1.67 0.00
963 5.74 1.31 0.00
964 9.85 1.55 0.00
965 6.86 1.55 0.00
966 5.67 1.15 0.00
967 14.33 2.28 0.00
968 10.32 1.81 0.00
969 7.16 1.42 0.00
970 5.40 1.09 0.00
971 4.55 1.26 0.00
972 6.54 1.58 0.00
973 6.46 1.41 0.00
974 9.56 1.30 0.00
975 6.88 1.44 0.00
976 5.71 1.20 0.00
977 7.44 1.66 0.00
978 9.10 1.47 0.00
979 7.91 1.36 0.00
980 5.58 1.20 0.00
981 4.19 0.90 0.00
982 12.26 2.03 0.00
983 6.99 1.52 0.00
984 5.12 1.03 0.00
985 7.08 1.45 0.00
986 4.73 1.00 0.00
987 7.18 1.51 0.00
988 8.19 1.68 0.00
989 7.35 1.49 0.00
990 4.64 0.94 0.00
991 4.79 1.07 0.00
992 5.62 1.62 0.00
993 5.75 1.31 0.00
994 13.20 1.86 0.00
995 6.29 1.46 0.00
996 5.61 1.09 0.00
997 13.26 1.94 0.00
998 9.58 1.75 0.00
999 7.70 1.35 0.00
1000 4.89 1.07 0.00
1001 4.68 1.07 0.00
1002 5.24 1.41 0.00
1003 5.42 1.45 0.00
1004 4.69 1.11 0.00
1005 6.35 1.34 0.00
1006 4.92 1.20 0.00
1007 8.06 1.60 0.00
1008 8.32 1.60 0.00
1009 7.34 1.49 0.00
1010 5.84 1.20 0.00
1011 6.16 1.03 0.00
1012 16.35 2.58 0.00
1013 7.83 1.58 0.00
1014 5.85 1.20 0.00
1015 6.00 1.31 0.00
1016 5.98 1.13 0.00
1017 7.47 1.30 0.00
1018 8.61 1.71 0.00
1019 8.28 1.66 0.00
1020 4.22 0.98 0.00
1021 8.95 1.36 0.00
1022 5.86 1.52 0.00
1023 5.40 1.31 0.00
1024 5.15 1.24 0.00
1025 7.07 1.32 0.00
1026 4.61 0.96 0.00
1027 13.88 2.20 0.00
1028 38.52 19.17 0.00
1029 7.03 1.30 0.00
1030 5.35 1.09 0.00
1031 10.98 1.39 0.00
1032 5.46 1.65 0.00
1033 6.31 1.41 0.00
1034 3.80 0.75 0.00
1035 7.22 1.77 0.00
1036 14.73 2.28 0.00
1037 4.85 1.04 0.00
1038 8.06 1.92 0.00
1039 6.55 1.04 0.00
1040 6.63 1.65 0.00
1041 4.68 1.03 0.00
1042 40.18 19.32 0.00
1043 8.82 1.97 0.00
1044 10.36 1.04 0.00
1045 8.33 1.66 0.00
1046 6.30 1.39 0.00
1047 5.05 0.94 0.00
1048 9.67 2.09 0.00
1049 6.27 1.10 0.00
1050 5.21 1.22 0.00
1051 5.75 1.41 0.00
1052 4.53 1.07 0.00
1053 7.78 1.67 0.00
1054 2.31 0.43 0.00
1055 7.38 1.49 0.00
1056 7.43 1.80 0.00
1057 11.50 1.65 0.00
1058 16.78 2.87 0.00
1059 5.50 1.04 0.00
1060 4.09 1.18 0.00
1061 6.30 1.43 0.00
1062 3.88 0.70 0.00
1063 6.62 1.61 0.00
1064 3.32 0.75 0.00
1065 11.59 1.81 0.00
1066 5.77 1.58 0.00
1067 6.60 1.04 0.00
1068 9.97 2.20 0.00
1069 4.43 0.93 0.00
1070 7.02 1.13 0.00
1071 13.65 7.40 0.00
1072 10.36 1.28 0.00
1073 10.89 2.03 0.00
1074 3.77 0.75 0.00
1075 5.75 1.32 0.00
1076 6.87 1.50 0.00
1077 5.78 1.00 0.00
1078 15.81 2.39 0.00
1079 5.84 1.10 0.00
1080 5.25 1.13 0.00
1081 6.35 1.73 0.00
1082 4.88 0.81 0.00
1083 7.59 1.84 0.00
1084 2.81 0.64 0.00
1085 12.11 1.95 0.00
1086 6.21 1.60 0.00
1087 17.57 3.11 0.00
1088 12.76 2.26 0.00
1089 5.24 1.04 0.00
1090 5.04 1.15 0.00
1091 7.62 1.82 0.00
1092 3.27 0.77 0.00
1093 7.61 1.54 0.00
1094 4.91 0.75 0.00
1095 11.34 1.75 0.00
1096 6.13 1.38 0.00
1097 5.23 1.04 0.00
1098 10.38 2.07 0.00
1099 5.21 0.93 0.00
1100 8.97 2.43 0.00
1101 6.94 1.95 0.00
1102 14.82 2.65 0.00
1103 9.67 2.29 0.00
1104 9.18 1.00 0.00
1105 6.65 1.48 0.00
1106 6.72 1.56 0.00
1107 5.67 1.00 0.00
1108 9.06 1.71 0.00
1109 5.01 1.10 0.00
1110 6.28 1.26 0.00
1111 5.93 1.86 0.00
1112 3.27 0.81 0.00
1113 7.76 1.78 0.00
1114 2.93 0.64 0.00
1115 6.92 1.42 0.00
1116 7.15 1.52 0.00
1117 16.21 1.63 0.00
1118 11.82 2.39 0.00
1119 5.79 1.04 0.00
1120 4.82 1.09 0.00
1121 6.69 1.91 0.00
1122 4.33 0.77 0.00
1123 7.12 1.67 0.00
1124 8.20 1.00 0.00
1125 7.37 1.46 0.00
1126 6.06 1.54 0.00
1127 6.97 1.04 0.00
1128 9.61 2.07 0.00
1129 5.59 0.93 0.00
1130 8.18 1.13 0.00
1131 6.66 1.97 0.00
1132 9.26 1.22 0.00
1133 11.62 2.26 0.00
1134 9.90 1.03 0.00
1135 20.52 3.09 0.00
1136 7.56 1.58 0.00
1137 12.75 2.23 0.00
1138 9.68 1.96 0.00
1139 6.32 1.10 0.00
1140 5.24 1.20 0.00
1141 6.48 1.86 0.00
1142 11.28 1.63 0.00
1143 8.10 1.91 0.00
1144 2.52 0.53 0.00
1145 9.68 1.89 0.00
1146 6.20 1.35 0.00
1147 11.21 1.45 0.00
1148 11.53 2.33 0.00
1149 22.49 11.82 0.00
1150 5.05 0.85 0.00
1151 7.00 1.97 0.00
1152 7.95 2.26 0.00
1153 8.03 1.80 0.00
1154 8.16 1.04 0.00
1155 7.63 1.55 0.00
1156 7.28 1.48 0.00
1157 5.23 1.04 0.00
1158 14.14 2.99 0.00
1159 6.41 0.93 0.00
1160 5.34 0.92 0.00
1161 37.80 112.36 0.00
1162 70.08 16.89 0.00
1163 9.31 2.23 0.00
1164 3.58 0.64 0.00
1165 12.58 2.45 0.00
1166 23.37 7.42 0.00
1167 7.46 1.45 0.00
1168 40.72 21.38 0.00
1169 4.59 0.75 0.00
1170 36.37 16.08 0.00
1171 63.06 24.30 0.00
1172 104.67 45.91 0.00
1173 15.12 8.25 0.00
1174 38.27 16.57 0.00
1175 40.96 7.91 0.00
1176 8.55 2.00 0.00
1177 112.14 45.69 0.00
1178 44.10 39.37 0.00
1179 6.47 1.04 0.00
1180 5.25 1.09 0.00
1181 5.03 1.45 0.00
1182 5.76 1.33 0.00
1183 6.14 1.76 0.00
1184 4.68 0.85 0.00
1185 9.04 1.41 0.00
1186 8.43 1.97 0.00
1187 10.86 1.81 0.00
1188 8.41 2.22 0.00
1189 9.80 1.18 0.00
1190 6.41 1.09 0.00
1191 17.20 3.64 0.00
1192 10.92 1.31 0.00
1193 14.97 3.11 0.00
1194 7.17 1.61 0.00
1195 16.34 2.79 0.00
1196 8.52 1.88 0.00
1197 7.06 1.81 0.00
1198 7.69 1.82 0.00
1199 19.70 3.15 0.00
1200 22.28 4.88 0.00
1201 10.01 1.59 0.00
1202 12.22 1.70 0.00
1203 7.59 1.52 0.00
1204 3.74 0.64 0.00
1205 10.69 1.65 0.00
1206 5.26 1.24 0.00
1207 25.62 2.23 0.00
1208 11.64 2.56 0.00
1209 5.72 1.25 0.00
1210 6.24 1.09 0.00
1211 8.77 2.32 0.00
1212 5.35 1.24 0.00
1213 7.46 1.67 0.00
1214 3.17 0.64 0.00
1215 12.02 1.92 0.00
1216 5.72 1.13 0.00
1217 15.99 12.08 0.00
1218 18.07 2.78 0.00
1219 5.43 0.93 0.00
1220 5.20 0.96 0.00
1221 6.04 1.24 0.00
1222 68.25 99.03 0.00
1223 38.99 67.72 0.00
1224 23.46 111.33 0.00
1225 9.70 1.32 0.00
1226 4.53 1.22 0.00
1227 7.17 1.50 0.00
1228 15.92 2.38 0.00
1229 15.40 5.58 0.00
1230 38.36 20.12 0.00
1231 4.31 1.18 0.00
1232 28.97 15.66 0.00
1233 15.94 6.08 0.00
1234 70.06 38.05 0.00
1235 43.60 20.91 0.00
1236 36.63 19.76 0.00
1237 19.59 2.15 0.00
1238 14.12 2.16 0.00
1239 40.36 20.25 0.00
1240 11.28 1.43 0.00
1241 22.29 10.92 0.00
1242 10.40 1.64 0.00
1243 26.76 7.22 0.00
1244 31.56 14.99 0.00
1245 5.73 1.20 0.00
1246 6.23 0.83 0.00
1247 37.15 15.75 0.00
1248 35.93 7.77 0.00
1249 20.89 7.58 0.00
1250 5.29 1.15 0.00
1251 16.14 1.85 0.00
1252 15.12 1.83 0.00
1253 15.68 7.39 0.00
1254 9.18 1.15 0.00
1255 8.02 1.32 0.00
1256 4.56 1.07 0.00
1257 8.82 1.72 0.00
1258 17.32 2.32 0.00
1259 14.71 1.44 0.00
1260 10.93 2.70 0.00
1261 19.59 2.04 0.00
1262 14.87 1.73 0.00
1263 8.92 2.41 0.00
1264 4.20 0.89 0.00
1265 6.15 1.35 0.00
1266 6.04 1.32 0.00
1267 12.11 1.79 0.00
1268 13.34 2.12 0.00
1269 91.05 93.77 0.00
1270 547.45 292.86 0.00
1271 96.98 136.46 0.00
1272 116.96 66.50 0.00
1273 90.57 45.09 0.00
1274 48.83 3.45 0.00
1275 12.04 2.00 0.00
1276 59.09 32.18 0.00
1277 23.93 13.10 0.00
1278 13.06 2.28 0.00
1279 24.29 10.75 0.00
1280 5.40 1.33 0.00
1281 37.66 20.00 0.00
1282 10.76 1.54 0.00
1283 35.60 11.67 0.00
1284 17.63 1.98 0.00
1285 7.19 1.38 0.00
1286 18.19 6.35 0.00
1287 7.21 2.11 0.00
1288 410.06 269.08 0.00
1289 327.10 260.33 0.00
1290 133.15 77.25 0.00
1291 81.91 26.77 0.00
1292 24.33 2.68 0.00
1293 47.43 23.94 0.00
1294 9.28 2.14 0.00
1295 34.45 15.14 0.00
1296 5.98 1.74 0.00
1297 21.73 6.83 0.00
1298 39.72 20.31 0.00
1299 6.62 1.31 0.00
1300 34.18 15.40 0.00
1301 5.18 1.09 0.00
1302 32.02 7.57 0.00
1303 7.66 1.48 0.00
1304 22.26 1.73 0.00
1305 7.29 1.64 0.00
1306 5.75 1.21 0.00
1307 688.87 491.74 0.00
1308 136.01 76.96 0.00
1309 74.25 34.99 0.00
1310 56.92 4.50 0.00
1311 14.27 6.26 0.00
1312 66.40 34.05 0.00
1313 13.45 2.07 0.00
1314 17.28 5.90 0.00
1315 6.54 1.61 0.00
1316 44.10 24.00 0.00
1317 7.99 2.05 0.00
1318 43.37 12.71 0.00
1319 10.24 1.40 0.00
1320 10.93 1.34 0.00
1321 13.77 5.73 0.00
1322 4.26 1.00 0.00
1323 529.55 345.81 0.00
1324 3.45 3.84 0.00
1325 8.40 1.37 0.00
1326 208.49 203.68 0.00
1327 111.63 58.33 0.00
1328 104.31 54.12 0.00
1329 94.74 23.35 0.00
1330 4.94 1.25 0.00
1331 25.98 10.86 0.00
1332 3.62 0.81 0.00
1333 56.47 29.96 0.00
1334 4.07 0.64 0.00
1335 27.13 11.04 0.00
1336 4.12 1.39 0.00
1337 42.05 11.90 0.00
1338 8.88 2.10 0.00
1339 21.45 6.10 0.00
1340 5.03 1.03 0.00
1341 6.14 1.45 0.00
1342 18.59 1.72 0.00
1343 10.95 2.12 0.00
1344 687.42 502.71 0.00
1345 104.76 57.56 0.00
1346 104.54 52.97 0.00
1347 55.63 4.72 0.00
1348 28.31 11.92 0.00
1349 44.06 24.19 0.00
1350 10.94 1.64 0.00
1351 11.50 5.53 0.00
1352 3.35 0.64 0.00
1353 25.61 11.57 0.00
1354 38.92 19.32 0.00
1355 22.25 10.68 0.00
1356 16.17 1.91 0.00
1357 24.59 6.82 0.00
1358 20.38 3.05 0.00
1359 11.65 1.44 0.00
1360 727.85 549.96 0.00
1361 99.99 56.78 0.00
1362 91.07 47.91 0.00
1363 93.91 24.92 0.00
1364 8.21 0.81 0.00
1365 28.18 11.19 0.00
1366 6.10 1.15 0.00
1367 30.32 15.22 0.00
1368 41.14 20.94 0.00
1369 16.74 5.88 0.00
1370 6.25 1.11 0.00
1371 13.40 5.87 0.00
1372 45.50 11.75 0.00
1373 10.61 2.25 0.00
1374 13.43 6.07 0.00
1375 6.72 1.42 0.00
1376 20.40 2.03 0.00
1377 446.98 312.12 0.00
1378 9.11 2.19 0.00
1379 290.95 219.89 0.00
1380 143.94 82.27 0.00
1381 63.98 9.37 0.00
1382 14.04 1.31 0.00
1383 41.67 21.27 0.00
1384 38.96 19.53 0.00
1385 7.38 1.51 0.00
1386 5.24 1.24 0.00
1387 28.35 11.03 0.00
1388 41.99 20.81 0.00
1389 5.78 1.14 0.00
1390 30.63 11.29 0.00
1391 4.85 0.94 0.00
1392 33.71 6.90 0.00
1393 10.06 2.27 0.00
1394 5.96 0.93 0.00
1395 729.96 535.34 0.00
1396 100.72 59.07 0.00
1397 101.12 52.74 0.00
1398 56.21 5.32 0.00
1399 14.08 1.62 0.00
1400 51.81 28.72 0.00
1401 12.19 1.81 0.00
1402 25.68 10.41 0.00
1403 18.81 6.90 0.00
1404 21.58 10.68 0.00
1405 35.54 15.45 0.00
1406 13.16 5.91 0.00
1407 17.03 1.61 0.00
1408 30.95 7.86 0.00
1409 13.51 6.06 0.00
1410 12.10 1.70 0.00
1411 15.29 1.63 0.00
1412 3.25 0.64 0.00
1413 691.00 483.82 0.00
1414 100.00 54.92 0.00
1415 133.04 69.64 0.00
1416 115.19 40.42 0.00
1417 67.96 24.98 0.00
1418 30.95 33.03 0.00
1419 4.39 0.92 0.00
1420 4.41 1.21 0.00
1421 3.81 1.07 0.00
1422 4.62 0.81 0.00
1423 8.61 2.26 0.00
1424 4.75 0.87 0.00
1425 4.72 0.81 0.00
1426 3.20 0.83 0.00
1427 15.16 1.22 0.00
1428 6.67 1.02 0.00
1429 2.73 0.49 0.00
1430 5.02 0.75 0.00
1431 4.94 0.85 0.00
1432 8.46 1.05 0.00
1433 5.94 0.87 0.00
1434 4.07 0.85 0.00
1435 3.03 0.64 0.00
1436 3.06 0.53 0.00
1437 4.77 0.85 0.00
1438 3.84 0.70 0.00
1439 3.81 0.64 0.00
1440 4.77 0.85 0.00
1441 3.58 0.64 0.00
1442 3.80 0.64 0.00
1443 5.81 0.85 0.00
1444 3.03 0.64 0.00
1445 3.70 0.64 0.00
1446 4.38 0.85 0.00
1447 9.97 1.25 0.00
1448 4.97 0.77 0.00
1449 4.17 0.85 0.00
1450 3.26 0.64 0.00
1451 3.62 0.74 0.00
1452 4.50 0.85 0.00
1453 4.30 0.64 0.00
1454 3.53 0.53 0.00
1455 4.84 0.85 0.00
1456 3.27 0.53 0.00
1457 3.60 0.75 0.00
1458 4.16 0.85 0.00
1459 4.25 0.64 0.00
1460 3.20 0.64 0.00
1461 4.17 0.85 0.00
1462 9.86 1.15 0.00
1463 4.53 0.77 0.00
1464 4.44 0.85 0.00
1465 3.26 0.64 0.00
1466 3.37 0.64 0.00
1467 4.95 0.85 0.00
1468 3.37 0.70 0.00
1469 3.26 0.64 0.00
1470 4.29 0.85 0.00
1471 3.48 0.64 0.00
1472 3.20 0.64 0.00
1473 4.66 0.85 0.00
1474 3.14 0.64 0.00
1475 3.37 0.64 0.00
1476 5.25 0.75 0.00
1477 9.42 1.15 0.00
1478 4.42 0.77 0.00
1479 6.32 0.85 0.00
1480 2.51 0.53 0.00
1481 3.39 0.74 0.00
1482 5.66 0.85 0.00
1483 3.97 0.64 0.00
1484 2.70 0.64 0.00
1485 4.55 0.95 0.00
1486 3.14 0.64 0.00
1487 3.96 0.64 0.00
1488 3.94 0.85 0.00
