0 0.77 0.89 0.00
1 1.77 0.30 0.00
2 1.92 0.30 0.00
3 1.14 0.82 0.00
4 1.22 0.30 0.00
5 0.88 0.30 0.00
6 9.04 5.83 0.00
7 1.09 1.87 0.00
8 0.93 0.30 0.00
9 3.00 0.82 0.00
10 4.17 0.43 0.00
11 1.40 1.86 0.00
12 1.99 3.31 0.00
13 1.37 0.30 0.00
14 1.36 0.30 0.00
15 1.86 0.82 0.00
16 1.34 1.60 0.00
17 1.53 0.42 0.00
18 2.05 0.82 0.00
19 1.19 0.30 0.00
20 0.68 0.30 0.00
21 2.27 2.23 0.00
22 1.11 1.87 0.00
23 1.12 0.30 0.00
24 1.88 0.82 0.00
25 1.11 0.30 0.00
26 3.86 5.04 0.00
27 1.76 4.01 0.00
28 18.19 9.03 0.00
29 89237.23 176.32 0.00
30 0.88 0.82 0.00
31 1.52 1.78 0.00
32 4.69 2.51 0.00
33 1.74 2.32 0.00
34 0.83 0.43 0.00
35 25.83 8.94 0.00
36 1.39 3.71 0.00
37 0.68 1.87 0.00
38 1.48 0.30 0.00
39 1.62 0.82 0.00
40 0.88 0.30 0.00
41 2.80 1.46 0.00
42 9.84 5.16 0.00
43 134.16 197.22 0.00
44 4.07 66.09 0.00
45 1.06 4.81 0.00
46 2.06 1.85 0.00
47 2.82 0.30 0.00
48 3.65 300.75 0.00
49 1.73 18.93 0.00
50 1.36 0.30 0.00
51 474.36 10.23 0.00
52 281.60 25.59 0.00
53 3.45 142.45 0.00
54 0.99 0.79 0.00
55 1.62 4.30 0.00
56 1.03 1.59 0.00
57 72.73 14.00 0.00
58 139.17 2.13 0.00
59 1.33 0.14 0.00
60 0.99 0.30 0.00
61 2.53 67.48 0.00
62 1.65 1.11 0.00
63 0.92 0.30 0.00
64 264.30 145.94 0.00
65 273.94 105.56 0.00
66 2.33 15.96 0.00
67 1.01 2.42 0.00
68 4.06 178.77 0.00
69 2.19 15.92 0.00
70 1.41 0.82 0.00
71 1.00 1.76 0.00
72 2.19 0.32 0.00
73 3.25 191.01 0.00
74 2.09 16.12 0.00
75 3.04 70.02 0.00
76 2.03 2.36 0.00
77 3.20 242.71 0.00
78 3.34 112.38 0.00
79 1.49 0.82 0.00
80 2.54 0.30 0.00
81 2.51 1.85 0.00
82 1.62 2.39 0.00
83 2.17 0.30 0.00
84 2.41 0.30 0.00
85 9.01 74.77 0.00
86 76.81 217.45 0.00
87 1.10 0.30 0.00
88 112.33 26.03 0.00
89 3.35 195.03 0.00
90 1.32 0.30 0.00
91 1.04 2.23 0.00
92 13.43 10665.49 0.00
93 145.47 32976.50 0.00
94 238.85 36490.26 0.00
95 59.57 46220.91 0.00
96 29.79 6498.46 0.00
97 39.58 119.49 0.00
98 1.78 0.13 0.00
99 1.22 0.30 0.00
100 1.80 0.88 0.00
101 1.88 1.58 0.00
102 1.40 0.44 0.00
103 0.81 0.82 0.00
104 17.82 0.64 0.00
105 11.76 16.55 0.00
106 3.00 11.63 0.00
107 35.47 77.41 0.00
108 1.15 5.33 0.00
109 1.65 0.82 0.00
110 2.21 0.30 0.00
111 22.78 22.45 0.00
112 4.79 7.33 0.00
113 20.54 45.56 0.00
114 1.45 0.30 0.00
115 2.62 4.81 0.00
116 1.49 1.62 0.00
117 1.10 0.40 0.00
118 16.80 34.41 0.00
119 2.23 0.30 0.00
120 0.55 0.30 0.00
121 7.34 32.92 0.00
122 2.59 1.00 0.00
123 1.71 0.30 0.00
124 1.98 2.37 0.00
125 2.87 7.17 0.00
126 2.33 1.55 0.00
127 1.31 2.48 0.00
128 1.03 0.30 0.00
129 1.78 0.30 0.00
130 1.65 0.82 0.00
131 1.66 1.75 0.00
132 2.30 0.33 0.00
133 1.13 0.81 0.00
134 1.36 0.30 0.00
135 1.95 1.92 0.00
136 1.26 2.17 0.00
137 1.00 0.36 0.00
138 3.58 133.46 0.00
139 0.44 12.13 0.00
140 0.44 0.30 0.00
141 1.61 1.64 0.00
142 1.43 2.46 0.00
143 0.91 0.30 0.00
144 0.99 0.30 0.00
145 26.05 19.60 0.00
146 1.67 1.80 0.00
147 0.43 0.36 0.00
148 17.60 31.13 0.00
149 1.22 2.91 0.00
150 4.64 6.27 0.00
151 2.01 4.73 0.00
152 14.02 23.71 0.00
153 1.37 2.91 0.00
154 0.77 0.82 0.00
155 1.88 20.33 0.00
156 1.16 6.26 0.00
157 2.16 2.44 0.00
158 1.59 0.30 0.00
159 0.66 0.30 0.00
160 1.70 0.82 0.00
161 1.93 1.66 0.00
162 1.00 0.36 0.00
163 2.19 0.82 0.00
164 1.55 0.30 0.00
165 0.95 1.92 0.00
166 2.47 2.24 0.00
167 1.00 0.36 0.00
168 0.93 0.30 0.00
169 1.76 0.82 0.00
170 2.25 0.30 0.00
171 2.28 1.79 0.00
172 1.99 2.44 0.00
173 1.71 0.30 0.00
174 1.55 0.30 0.00
175 2.36 2.44 0.00
176 2.18 1.79 0.00
177 34.99 24.85 0.00
178 2.80 11.69 0.00
179 1.55 0.30 0.00
180 0.55 0.30 0.00
181 2.15 2.13 0.00
182 2.92 10.87 0.00
183 183.59 50.52 0.00
184 1.65 0.82 0.00
185 1.23 0.30 0.00
186 2.40 5.77 0.00
187 1.12 2.39 0.00
188 1.59 0.30 0.00
189 1.55 0.30 0.00
190 1.47 2.31 0.00
191 1.78 1.71 0.00
192 1.22 0.37 0.00
193 11.43 27.76 0.00
194 1.81 0.30 0.00
195 1.33 0.30 0.00
196 2.37 2.24 0.00
197 7.68 18.70 0.00
198 2.35 0.58 0.00
199 6.84 573.35 0.00
200 6.19 11.67 0.00
201 3.27 44.12 0.00
202 2.71 2.39 0.00
203 0.71 0.06 0.00
204 1.66 0.24 0.00
205 0.99 0.82 0.00
206 2.07 6.25 0.00
207 3.18 9.44 0.00
208 0.81 0.82 0.00
209 6.66 0.37 0.00
210 1.33 0.32 0.00
211 12005.48 33.77 0.00
212 2.16 0.37 0.00
213 13163.37 13.59 0.00
214 2335.14 2.37 0.00
215 1.60 0.37 0.00
216 12663.10 18.84 0.00
217 2755.30 5.35 0.00
218 3.66 66.22 0.00
219 1.55 0.30 0.00
220 25921.11 27.26 0.00
221 198.67 2.29 0.00
222 3.00 133.72 0.00
223 29827.62 34.22 0.00
224 4502.35 6.30 0.00
225 1.06 0.37 0.00
226 28588.43 39.65 0.00
227 1.76 0.68 0.00
228 1.71 0.32 0.00
229 5378.19 23.85 0.00
230 6418.19 19.59 0.00
231 1.88 3.26 0.00
232 26.15 26.34 0.00
233 1.59 0.30 0.00
234 0.76 0.30 0.00
235 3.11 4.81 0.00
236 0.98 1.55 0.00
237 3.19 0.48 0.00
238 22.54 37.12 0.00
239 3.43 0.37 0.00
240 14.52 27.94 0.00
241 3.04 6.84 0.00
242 5.92 23.16 0.00
243 519.77 95.34 0.00
244 1.55 0.82 0.00
245 1.33 0.30 0.00
246 2.52 5.38 0.00
247 1.34 2.46 0.00
248 1.49 0.30 0.00
249 1.78 0.30 0.00
250 1.76 0.82 0.00
251 1.62 1.81 0.00
252 1.78 0.33 0.00
253 1.13 0.82 0.00
254 1.64 0.43 0.00
255 1.78 0.30 0.00
256 1.45 2.22 0.00
257 1.32 5.53 0.00
258 3.48 9.24 0.00
259 1.10 0.82 0.00
260 1.55 0.30 0.00
261 1.66 0.30 0.00
262 187.70 9.28 0.00
263 1.70 0.30 0.00
264 1.73 2.11 0.00
265 266.78 12.66 0.00
266 1.84 0.30 0.00
267 0.90 1.42 0.00
268 1.21 0.87 0.00
269 1.55 0.30 0.00
270 1.01 6.89 0.00
271 23.88 33.09 0.00
272 2.27 1.70 0.00
273 0.93 0.36 0.00
274 2.91 0.82 0.00
275 14.37 6.73 0.00
276 1.67 0.30 0.00
277 2.61 3.86 0.00
278 2.04 0.30 0.00
279 1.60 1.79 0.00
280 205.82 16.96 0.00
281 1.55 0.30 0.00
282 15.85 35.23 0.00
283 1.36 0.81 0.00
284 1.22 0.30 0.00
285 1.71 4.30 0.00
286 2.88 0.82 0.00
287 1.04 1.68 0.00
288 7.81 17.53 0.00
289 1.88 0.82 0.00
290 1.91 0.30 0.00
291 6.25 11.67 0.00
292 10.16 21.74 0.00
293 1.03 0.52 0.00
294 1.32 0.30 0.00
295 1.95 5.58 0.00
296 6.06 456.91 0.00
297 1.80 3.78 0.00
298 3.08 0.95 0.00
299 3.31 189.25 0.00
300 2.32 4.83 0.00
301 3.12 0.82 0.00
302 2.16 1.71 0.00
303 41.31 19126.08 0.00
304 5.46 1148.37 0.00
305 3.76 249.22 0.00
306 3.72 31.89 0.00
307 33.39 22555.40 0.00
308 17.33 11672.86 0.00
309 2.19 277.46 0.00
310 49.75 11412.28 0.00
311 66.80 70899.72 0.00
312 36.60 47236.54 0.00
313 25.00 13708.11 0.00
314 9.03 8162.16 0.00
315 3.29 0.43 0.00
316 9.13 3077.85 0.00
317 10.21 6389.31 0.00
318 16.42 9451.61 0.00
319 30.58 22165.35 0.00
320 5.71 4651.06 0.00
321 249.53 7.80 0.00
322 117.75 133188.19 0.00
323 1.83 1.72 0.00
324 2.09 0.42 0.00
325 34.22 18728.56 0.00
326 2.04 7.54 0.00
327 11.20 6410.51 0.00
328 2.43 1456.05 0.00
329 1.48 0.37 0.00
330 32.03 20131.55 0.00
331 2.17 0.88 0.00
332 2.74 0.37 0.00
333 37.33 22861.24 0.00
334 9.18 4524.39 0.00
335 2.90 1.99 0.00
336 47.48 35250.67 0.00
337 1.55 14.77 0.00
338 3.02 1.71 0.00
339 16.77 11063.78 0.00
340 25.38 13593.21 0.00
341 1.66 0.30 0.00
342 1.10 0.30 0.00
343 1.37 2.23 0.00
344 1.88 0.30 0.00
345 1.18 1.92 0.00
346 27.50 17.85 0.00
347 0.94 0.45 0.00
348 1.88 1.65 0.00
349 2.03 0.88 0.00
350 19.05 36.05 0.00
351 2.36 0.30 0.00
352 2.13 2.39 0.00
353 1.73 1.71 0.00
354 2.62 0.30 0.00
355 9628.80 84.89 0.00
356 11866.63 13.42 0.00
357 2.32 6.67 0.00
358 182.60 140.89 0.00
359 0.77 0.30 0.00
360 2.53 155.88 0.00
361 2.19 0.82 0.00
362 1.97 0.30 0.00
363 1.71 1.31 0.00
364 2.76 0.85 0.00
365 1.06 3.82 0.00
366 1.78 0.30 0.00
367 1.67 2.39 0.00
368 2.33 1.74 0.00
369 1.30 0.39 0.00
370 1.12 0.84 0.00
371 157.15 4.24 0.00
372 2.11 5.56 0.00
373 1.38 2.22 0.00
374 1.24 0.37 0.00
375 1.96 1.92 0.00
376 1.63 0.82 0.00
377 0.98 0.30 0.00
378 1.82 1.59 0.00
379 0.55 0.87 0.00
380 0.43 0.30 0.00
381 1.97 0.30 0.00
382 1.22 2.39 0.00
383 1.33 1.82 0.00
384 1.55 0.32 0.00
385 1.47 2.44 0.00
386 2.02 0.30 0.00
387 1.21 0.30 0.00
388 1.77 2.29 0.00
389 1.55 0.37 0.00
390 1.90 0.30 0.00
391 0.77 0.82 0.00
392 2.41 0.30 0.00
393 2.47 1.71 0.00
394 1.43 0.82 0.00
395 1.62 1.92 0.00
396 2.15 0.30 0.00
397 1.66 2.39 0.00
398 1.94 1.78 0.00
399 0.66 0.30 0.00
400 0.77 0.82 0.00
401 35.19 24.74 0.00
402 0.88 0.30 0.00
403 6.07 13.60 0.00
404 83.42 40.05 0.00
405 0.94 4.93 0.00
406 6.65 10.71 0.00
407 1.27 0.30 0.00
408 1.50 1.90 0.00
409 1.94 0.83 0.00
410 8.39 309.28 0.00
411 0.85 0.43 0.00
412 1.68 45.66 0.00
413 1.42 3.19 0.00
414 0.76 0.37 0.00
415 2.02 5.47 0.00
416 0.66 0.30 0.00
417 0.76 0.30 0.00
418 2.96 2.22 0.00
419 1.40 3.35 0.00
420 7.34 20.62 0.00
421 1.76 0.82 0.00
422 0.55 0.30 0.00
423 8.25 15.41 0.00
424 2.14 7.62 0.00
425 1.07 4.86 0.00
426 1.55 0.30 0.00
427 2.33 2.39 0.00
428 1.66 1.92 0.00
429 2.72 3.20 0.00
430 6.12 0.89 0.00
431 7226.73 26.58 0.00
432 2.87 0.37 0.00
433 1.61 2.35 0.00
434 13674.87 21.58 0.00
435 2.33 0.37 0.00
436 11577.90 28.55 0.00
437 0.35 0.50 0.00
438 1.61 1.68 0.00
439 13578.21 22.96 0.00
440 0.80 0.50 0.00
441 2238.38 4.36 0.00
442 8972.33 16.89 0.00
443 1.82 1.68 0.00
444 1.78 0.40 0.00
445 14847.88 29.24 0.00
446 2.35 0.43 0.00
447 13284.90 25.08 0.00
448 2.34 2.43 0.00
449 7560.01 10.35 0.00
450 10485.13 16.04 0.00
451 1.50 0.88 0.00
452 12159.15 22.43 0.00
453 13.69 1.90 0.00
454 1.06 0.95 0.00
455 17085.05 28.68 0.00
456 1.24 0.43 0.00
457 1540.75 13.45 0.00
458 11918.24 15.78 0.00
459 1.22 0.40 0.00
460 1.11 0.82 0.00
461 1.94 7.47 0.00
462 0.77 0.30 0.00
463 1.59 2.24 0.00
464 1.77 0.36 0.00
465 1.39 4.46 0.00
466 2.35 0.82 0.00
467 2.03 0.30 0.00
468 1.20 1.61 0.00
469 1.44 0.92 0.00
470 2.74 0.30 0.00
471 0.66 0.30 0.00
472 1.67 2.39 0.00
473 1.14 1.55 0.00
474 1.81 0.40 0.00
475 2.07 4.97 0.00
476 1.33 0.30 0.00
477 0.99 0.30 0.00
478 3.01 2.17 0.00
479 1.32 0.36 0.00
480 4466.67 30.23 0.00
481 1.54 0.82 0.00
482 7524.85 8.42 0.00
483 1.23 1.30 0.00
484 1.65 1.04 0.00
485 0.88 0.30 0.00
486 2.29 4.46 0.00
487 2.00 3.94 0.00
488 1.42 7.12 0.00
489 1.99 0.32 0.00
490 0.99 0.82 0.00
491 0.88 0.30 0.00
492 1.43 0.30 0.00
493 1.71 2.24 0.00
494 1.47 0.36 0.00
495 1.51 1.92 0.00
496 1.21 0.82 0.00
497 0.67 0.30 0.00
498 1.16 0.30 0.00
499 1.21 2.16 0.00
500 0.33 0.30 0.00
501 1.67 0.30 0.00
502 1.67 2.39 0.00
503 1.74 0.30 0.00
504 1.61 1.71 0.00
505 1.17 2.44 0.00
506 2.68 0.30 0.00
507 1.63 0.30 0.00
508 1.37 0.82 0.00
509 3.76 1.78 0.00
510 0.75 0.30 0.00
511 1.21 0.82 0.00
512 3.23 0.30 0.00
513 1.01 0.30 0.00
514 0.98 2.16 0.00
515 1.29 1.92 0.00
516 0.64 0.30 0.00
517 1.11 2.36 0.00
518 1.38 0.30 0.00
519 1.56 1.78 0.00
520 0.94 0.82 0.00
521 1.86 0.30 0.00
522 0.77 0.30 0.00
523 0.81 0.82 0.00
524 2.33 1.90 0.00
525 1.28 1.92 0.00
526 2.36 0.82 0.00
527 1.67 0.30 0.00
528 0.82 0.30 0.00
529 2.05 2.23 0.00
530 1.69 0.30 0.00
531 1.59 0.30 0.00
532 1.89 2.39 0.00
533 1.37 0.30 0.00
534 0.87 1.65 0.00
535 1.95 2.44 0.00
536 0.77 0.30 0.00
537 1.19 0.30 0.00
538 2.52 0.82 0.00
539 1.74 1.65 0.00
540 1.38 0.30 0.00
541 2.11 0.82 0.00
542 1.07 0.30 0.00
543 0.93 0.30 0.00
544 1.91 2.42 0.00
545 2.44 1.92 0.00
546 1.75 0.30 0.00
547 1.12 2.39 0.00
548 1.97 0.30 0.00
549 2.50 1.38 0.00
550 1.43 0.85 0.00
551 1.92 0.30 0.00
552 1.67 0.30 0.00
553 1.26 0.82 0.00
554 1.88 1.55 0.00
555 1.73 2.02 0.00
556 1.32 0.82 0.00
557 0.99 0.30 0.00
558 1.49 0.30 0.00
559 1.45 2.29 0.00
560 0.66 0.30 0.00
561 1.55 0.30 0.00
562 1.33 2.39 0.00
563 0.82 0.30 0.00
564 1.87 1.58 0.00
565 1.29 2.50 0.00
566 1.44 0.30 0.00
567 0.65 0.30 0.00
568 1.26 0.82 0.00
569 2.19 1.65 0.00
570 0.96 0.30 0.00
571 0.88 0.82 0.00
572 1.64 0.30 0.00
573 1.03 0.30 0.00
574 1.04 2.23 0.00
575 1.84 1.92 0.00
576 0.55 0.30 0.00
577 1.01 2.39 0.00
578 2.03 0.30 0.00
579 1.57 1.91 0.00
580 1.65 0.82 0.00
581 2.54 0.00 0.00
582 1.32 0.30 0.00
583 1.03 0.82 0.00
584 2.98 1.64 0.00
585 1.17 1.99 0.00
586 1.92 0.82 0.00
587 2.03 0.30 0.00
588 1.25 0.30 0.00
589 2.40 2.36 0.00
590 2.62 0.30 0.00
591 2.54 2.00 0.00
592 1.89 2.47 0.00
593 0.93 0.30 0.00
594 1.11 1.68 0.00
595 1.73 2.54 0.00
596 0.77 0.30 0.00
597 1.11 0.30 0.00
598 3.07 0.82 0.00
599 2.96 3.42 0.00
600 1.33 0.38 0.00
601 1.98 0.82 0.00
602 1.97 0.30 0.00
603 1.27 0.30 0.00
604 2.09 2.16 0.00
605 1.41 1.92 0.00
606 1.66 0.30 0.00
607 0.89 2.39 0.00
608 1.37 0.30 0.00
609 2.10 1.65 0.00
610 0.76 0.82 0.00
611 1.10 0.30 0.00
612 2.11 0.30 0.00
613 1.14 0.82 0.00
614 2.04 1.78 0.00
615 1.85 1.92 0.00
616 0.88 0.82 0.00
617 1.34 0.30 0.00
618 1.49 0.30 0.00
619 1.37 2.23 0.00
620 0.88 0.30 0.00
621 2.01 0.45 0.00
622 2.14 2.25 0.00
623 0.82 0.30 0.00
624 1.20 1.65 0.00
625 2.99 2.44 0.00
626 0.88 0.30 0.00
627 1.44 0.30 0.00
628 2.52 0.82 0.00
629 1.37 1.58 0.00
630 1.12 0.30 0.00
631 0.88 0.82 0.00
632 0.65 0.30 0.00
633 1.93 0.30 0.00
634 1.33 2.29 0.00
635 0.84 1.92 0.00
636 1.22 0.30 0.00
637 1.01 2.39 0.00
638 0.71 0.30 0.00
639 1.72 1.71 0.00
640 1.11 0.82 0.00
641 0.78 0.30 0.00
642 2.54 0.30 0.00
643 1.60 0.82 0.00
644 1.39 1.71 0.00
645 2.07 1.92 0.00
646 1.59 0.82 0.00
647 1.89 0.30 0.00
648 0.93 0.30 0.00
649 1.09 2.16 0.00
650 2.26 0.00 0.00
651 0.76 0.30 0.00
652 1.57 2.39 0.00
653 1.82 0.30 0.00
654 1.32 1.75 0.00
655 1.96 2.47 0.00
656 1.44 0.30 0.00
657 0.87 0.30 0.00
658 2.07 0.82 0.00
659 2.23 1.75 0.00
660 1.33 0.33 0.00
661 1.81 0.82 0.00
662 1.66 0.30 0.00
663 1.36 0.30 0.00
664 2.33 2.36 0.00
665 2.07 1.92 0.00
666 0.88 0.30 0.00
667 3.16 2.39 0.00
668 1.15 0.30 0.00
669 1.29 1.84 0.00
670 1.76 0.82 0.00
671 1.45 0.30 0.00
672 1.22 0.30 0.00
673 1.81 0.82 0.00
674 2.36 1.65 0.00
675 1.73 1.92 0.00
676 1.88 0.82 0.00
677 1.11 0.00 0.00
678 1.27 0.30 0.00
679 1.43 2.16 0.00
680 0.55 0.30 0.00
681 0.79 0.37 0.00
682 2.32 2.32 0.00
683 1.48 0.30 0.00
684 0.94 1.66 0.00
685 1.73 2.49 0.00
686 1.22 0.30 0.00
687 1.22 0.30 0.00
688 1.03 0.82 0.00
689 1.11 1.72 0.00
690 1.78 0.36 0.00
691 0.76 0.82 0.00
692 1.18 0.30 0.00
693 1.99 0.30 0.00
694 1.17 2.36 0.00
695 1.61 1.92 0.00
696 1.33 0.30 0.00
697 0.90 2.39 0.00
698 1.15 0.30 0.00
699 2.40 1.72 0.00
700 2.72 0.87 0.00
701 0.77 0.30 0.00
702 1.90 0.30 0.00
703 3.08 0.82 0.00
704 2.10 1.75 0.00
705 2.40 1.95 0.00
706 3.62 0.82 0.00
707 1.84 0.30 0.00
708 1.15 0.30 0.00
709 2.11 2.29 0.00
710 2.69 0.30 0.00
711 1.01 0.45 0.00
712 1.30 2.25 0.00
713 2.01 0.30 0.00
714 1.09 1.65 0.00
715 1.92 2.44 0.00
716 2.00 0.30 0.00
717 0.89 0.30 0.00
718 1.51 0.82 0.00
719 2.26 1.84 0.00
720 0.44 0.30 0.00
721 0.77 0.82 0.00
722 1.21 0.30 0.00
723 1.43 0.30 0.00
724 1.60 2.23 0.00
725 1.52 1.62 0.00
726 1.10 0.30 0.00
727 2.88 2.39 0.00
728 2.40 0.30 0.00
729 2.12 1.71 0.00
730 2.67 0.89 0.00
731 2.56 0.30 0.00
732 1.63 0.30 0.00
733 2.57 0.82 0.00
734 3.27 1.78 0.00
735 2.16 1.92 0.00
736 1.88 0.82 0.00
737 25.87 18.63 0.00
738 1.71 0.38 0.00
739 4.19 2.36 0.00
740 1.11 0.30 0.00
741 0.78 0.45 0.00
742 3.67 2.22 0.00
743 2.25 0.30 0.00
744 1.41 1.97 0.00
745 3.87 0.82 0.00
746 1.22 0.30 0.00
747 1.96 0.30 0.00
748 1.23 0.82 0.00
749 1.75 1.77 0.00
750 2.22 0.30 0.00
751 2.77 6.30 0.00
752 1.29 0.30 0.00
753 4.44 219.54 0.00
754 19.59 237.41 0.00
755 1.28 0.30 0.00
756 6.59 13.78 0.00
757 1.59 2.39 0.00
758 15.06 21.48 0.00
759 3.10 4.16 0.00
760 6.07 10.04 0.00
761 1.56 0.30 0.00
762 9.91 24.09 0.00
763 1.56 0.82 0.00
764 306.61 3.79 0.00
765 17.00 4.17 0.00
766 1.68 0.96 0.00
767 2.57 65.89 0.00
768 1.04 0.30 0.00
769 0.88 2.22 0.00
770 2.25 0.37 0.00
771 1.34 0.45 0.00
772 0.88 2.25 0.00
773 2.11 0.43 0.00
774 1.33 1.71 0.00
775 1.87 4.52 0.00
776 1.44 0.30 0.00
777 1.92 0.30 0.00
778 1.62 0.82 0.00
779 1.84 1.77 0.00
780 2.45 0.37 0.00
781 2.02 0.82 0.00
782 1.33 0.30 0.00
783 2.44 7.75 0.00
784 2.37 2.29 0.00
785 2.32 6.30 0.00
786 0.77 0.30 0.00
787 2.20 2.39 0.00
788 2.12 1.93 0.00
789 2.37 1.78 0.00
790 2.75 0.82 0.00
791 195.18 7.12 0.00
792 0.66 0.30 0.00
793 2.15 0.82 0.00
794 2.70 1.98 0.00
795 197.99 12.16 0.00
796 1.54 0.82 0.00
797 0.65 0.30 0.00
798 25.37 37.51 0.00
799 2.12 2.29 0.00
800 0.43 0.36 0.00
801 14.61 5.74 0.00
802 2.31 2.39 0.00
803 1.58 0.30 0.00
804 6.00 12.95 0.00
805 7.91 20.26 0.00
806 0.98 0.30 0.00
807 3.93 1.03 0.00
808 15.48 34.40 0.00
809 1.50 1.79 0.00
810 300.09 2.42 0.00
811 5219.66 28.63 0.00
812 689.51 0.88 0.00
813 2.03 0.37 0.00
814 4805.37 9.12 0.00
815 10748.97 22.42 0.00
816 4.94 196.21 0.00
817 7081.79 22.84 0.00
818 7350.74 22.51 0.00
819 3.12 1.54 0.00
820 7278.08 12.06 0.00
821 6369.93 9.73 0.00
822 2.55 0.37 0.00
823 17068.35 34.69 0.00
824 1.59 2.00 0.00
825 1.50 0.40 0.00
826 12541.27 24.36 0.00
827 1.90 0.43 0.00
828 11303.29 16.16 0.00
829 1.46 2.35 0.00
830 2415.18 3.72 0.00
831 5456.50 8.82 0.00
832 1.38 2.39 0.00
833 12106.35 14.61 0.00
834 1.46 1.84 0.00
835 1.16 0.95 0.00
836 3216.80 16.98 0.00
837 8340.68 17.03 0.00
838 1.42 1.01 0.00
839 12473.08 16.92 0.00
840 0.33 0.30 0.00
841 184.81 7.87 0.00
842 1.81 1.79 0.00
843 0.93 0.30 0.00
844 1.26 2.23 0.00
845 1.39 0.37 0.00
846 1.37 6.79 0.00
847 1.33 0.51 0.00
848 1.15 0.30 0.00
849 1.66 1.68 0.00
850 2.52 5.45 0.00
851 1.34 0.30 0.00
852 1.65 0.30 0.00
853 1.91 8.26 0.00
854 2.29 10.24 0.00
855 2.33 1.98 0.00
856 1.76 0.82 0.00
857 0.66 0.30 0.00
858 1.75 0.30 0.00
859 1.71 2.17 0.00
860 0.44 0.36 0.00
861 2.38 0.45 0.00
862 1.65 2.25 0.00
863 0.93 0.30 0.00
864 1.09 1.58 0.00
865 1.62 2.50 0.00
866 1.11 0.30 0.00
867 1.56 0.30 0.00
868 1.14 0.82 0.00
869 1.43 1.59 0.00
870 1.22 0.36 0.00
871 1.11 0.82 0.00
872 1.45 0.30 0.00
873 2.16 0.30 0.00
874 1.56 2.29 0.00
875 1.19 1.62 0.00
876 1.46 0.45 0.00
877 0.88 2.25 0.00
878 1.26 0.30 0.00
879 2.43 1.55 0.00
880 1.10 0.92 0.00
881 0.88 0.30 0.00
882 1.88 0.30 0.00
883 0.92 0.82 0.00
884 1.08 1.55 0.00
885 1.96 2.02 0.00
886 1.91 0.82 0.00
887 1.77 0.30 0.00
888 1.81 0.30 0.00
889 1.33 2.24 0.00
890 2.25 0.36 0.00
891 0.79 0.45 0.00
892 0.99 2.25 0.00
893 1.81 0.30 0.00
894 2.70 1.72 0.00
895 1.17 2.49 0.00
896 1.44 0.30 0.00
897 2.37 0.30 0.00
898 1.62 0.82 0.00
899 2.11 1.68 0.00
900 2.36 0.40 0.00
901 0.77 0.82 0.00
902 1.89 0.30 0.00
903 1.48 0.30 0.00
904 1.48 2.13 0.00
905 1.84 2.02 0.00
906 1.01 0.37 0.00
907 1.54 2.32 0.00
908 1.47 0.30 0.00
909 1.70 1.61 0.00
910 1.65 0.92 0.00
911 1.43 0.30 0.00
912 0.88 0.30 0.00
913 2.37 0.82 0.00
914 2.30 1.71 0.00
915 1.17 1.92 0.00
916 2.00 0.82 0.00
917 1.10 0.30 0.00
918 1.25 0.00 0.00
919 1.87 2.06 0.00
920 1.44 0.40 0.00
921 1.45 0.45 0.00
922 1.76 2.25 0.00
923 1.81 0.30 0.00
924 1.93 1.61 0.00
925 2.17 2.54 0.00
926 1.55 0.30 0.00
927 1.66 0.30 0.00
928 1.92 0.82 0.00
929 1.50 1.66 0.00
930 1.67 0.36 0.00
931 0.87 0.81 0.00
932 1.92 0.30 0.00
933 1.79 0.30 0.00
934 1.97 2.24 0.00
935 1.62 1.98 0.00
936 3.88 0.45 0.00
937 1.29 2.25 0.00
938 1.82 0.30 0.00
939 2.90 0.30 0.00
940 1.50 2.16 0.00
941 0.99 0.30 0.00
942 1.44 0.30 0.00
943 1.23 0.82 0.00
944 1.87 0.30 0.00
945 2.62 3.39 0.00
946 1.69 0.82 0.00
947 1.55 0.30 0.00
948 1.56 0.00 0.00
949 1.54 0.82 0.00
950 2.57 1.55 0.00
951 1.21 0.54 0.00
952 0.99 2.25 0.00
953 1.82 0.30 0.00
954 1.67 0.30 0.00
955 1.67 3.84 0.00
956 2.43 0.30 0.00
957 0.66 0.30 0.00
958 1.95 0.82 0.00
959 1.66 0.30 0.00
960 1.64 1.97 0.00
961 0.88 0.82 0.00
962 1.32 0.30 0.00
963 1.15 0.30 0.00
964 1.18 0.82 0.00
965 2.27 3.27 0.00
966 2.00 0.45 0.00
967 1.49 2.25 0.00
968 1.38 0.30 0.00
969 1.75 0.30 0.00
970 0.83 2.23 0.00
971 1.70 0.30 0.00
972 1.89 0.30 0.00
973 1.12 0.82 0.00
974 2.40 0.30 0.00
975 1.79 3.33 0.00
976 1.68 0.82 0.00
977 2.49 0.30 0.00
978 1.38 0.30 0.00
979 1.21 0.82 0.00
980 1.34 1.78 0.00
981 1.66 0.45 0.00
982 0.88 2.25 0.00
983 1.26 0.30 0.00
984 2.00 0.30 0.00
985 1.51 3.91 0.00
986 1.67 0.30 0.00
987 0.77 0.30 0.00
988 1.14 0.82 0.00
989 1.44 0.30 0.00
990 1.33 1.78 0.00
991 1.00 0.82 0.00
992 1.55 0.30 0.00
993 0.60 0.00 0.00
994 0.66 0.82 0.00
995 1.94 3.27 0.00
996 1.43 0.45 0.00
997 1.29 2.25 0.00
998 1.38 0.30 0.00
999 1.08 0.30 0.00
1000 1.31 2.16 0.00
1001 1.44 0.30 0.00
1002 0.66 0.30 0.00
1003 0.60 0.82 0.00
1004 1.22 0.30 0.00
1005 1.51 3.39 0.00
1006 2.14 0.82 0.00
1007 1.44 0.30 0.00
1008 0.70 0.30 0.00
1009 1.33 0.82 0.00
1010 2.96 1.78 0.00
1011 1.56 0.37 0.00
1012 1.54 2.32 0.00
1013 2.30 0.30 0.00
1014 0.66 0.30 0.00
1015 2.05 3.78 0.00
1016 2.48 0.30 0.00
1017 0.66 0.30 0.00
1018 2.18 0.82 0.00
1019 0.66 0.30 0.00
1020 1.16 1.71 0.00
1021 1.54 0.82 0.00
1022 0.77 0.30 0.00
1023 1.25 0.30 0.00
1024 1.11 0.82 0.00
1025 2.39 3.27 0.00
1026 0.79 0.45 0.00
1027 1.66 2.25 0.00
1028 1.38 0.30 0.00
1029 1.09 0.30 0.00
1030 2.48 2.23 0.00
1031 1.11 0.30 0.00
1032 1.00 0.30 0.00
1033 1.70 0.82 0.00
1034 1.03 0.30 0.00
1035 1.17 3.27 0.00
1036 1.77 0.82 0.00
1037 0.66 0.30 0.00
1038 0.71 0.30 0.00
1039 2.00 0.82 0.00
1040 1.20 1.65 0.00
1041 1.13 0.45 0.00
1042 1.77 2.25 0.00
1043 0.82 0.30 0.00
1044 1.45 0.30 0.00
1045 1.96 3.39 0.00
1046 0.77 0.30 0.00
1047 1.33 0.30 0.00
1048 1.48 0.30 0.00
1049 2.03 0.00 0.00
1050 1.05 1.64 0.00
1051 0.66 0.37 0.00
1052 2.92 0.30 0.00
1053 1.04 0.30 0.00
1054 0.33 0.30 0.00
1055 3.00 1.92 0.00
1056 2.47 4.49 0.00
1057 0.88 0.30 0.00
1058 1.49 0.30 0.00
1059 0.55 0.82 0.00
1060 1.00 0.30 0.00
1061 1.76 1.65 0.00
1062 0.77 0.82 0.00
1063 0.93 0.30 0.00
1064 1.11 0.30 0.00
1065 0.95 2.44 0.00
1066 1.81 1.78 0.00
1067 1.56 0.30 0.00
1068 1.37 0.82 0.00
1069 1.22 0.30 0.00
1070 2.81 0.30 0.00
1071 1.83 2.37 0.00
1072 2.43 1.73 0.00
1073 1.59 0.30 0.00
1074 1.00 0.82 0.00
1075 0.95 1.92 0.00
1076 2.54 1.65 0.00
1077 0.77 0.82 0.00
1078 1.75 0.30 0.00
1079 1.89 0.30 0.00
1080 3.51 300.72 0.00
1081 1.84 1.84 0.00
1082 3.72 40.07 0.00
1083 1.03 0.82 0.00
1084 0.89 0.30 0.00
1085 1.96 1.92 0.00
1086 1.34 2.43 0.00
1087 1.67 1.73 0.00
1088 2.19 0.30 0.00
1089 0.77 0.82 0.00
1090 1.44 0.30 0.00
1091 2.25 1.65 0.00
1092 1.32 0.82 0.00
1093 1.60 0.30 0.00
1094 2.29 0.30 0.00
1095 0.95 2.44 0.00
1096 1.87 1.65 0.00
1097 0.99 0.30 0.00
1098 1.71 0.82 0.00
1099 1.78 0.30 0.00
1100 1.00 0.30 0.00
1101 1.84 3.79 0.00
1102 1.89 0.30 0.00
1103 1.27 0.30 0.00
1104 1.11 0.82 0.00
1105 2.08 1.92 0.00
1106 0.87 1.65 0.00
1107 1.76 0.82 0.00
1108 1.04 0.30 0.00
1109 1.56 0.30 0.00
1110 1.33 0.82 0.00
1111 1.07 1.84 0.00
1112 0.66 0.30 0.00
1113 1.82 0.82 0.00
1114 0.99 0.00 0.00
1115 1.28 1.92 0.00
1116 2.39 2.37 0.00
1117 1.33 1.73 0.00
1118 0.82 0.30 0.00
1119 1.83 0.82 0.00
1120 1.27 0.30 0.00
1121 1.16 1.61 0.00
1122 2.16 0.92 0.00
1123 0.60 0.30 0.00
1124 0.77 0.30 0.00
1125 1.84 2.44 0.00
1126 2.92 1.78 0.00
1127 1.33 0.30 0.00
1128 1.14 0.82 0.00
1129 2.99 0.30 0.00
1130 2.81 0.30 0.00
1131 1.17 2.37 0.00
1132 2.93 1.73 0.00
1133 1.60 0.30 0.00
1134 2.34 0.82 0.00
1135 1.06 1.92 0.00
1136 2.94 1.71 0.00
1137 0.77 0.82 0.00
1138 2.16 0.30 0.00
1139 1.64 0.30 0.00
1140 1.21 0.82 0.00
1141 1.58 1.71 0.00
1142 2.00 0.30 0.00
1143 1.03 0.82 0.00
1144 1.33 0.30 0.00
1145 2.04 1.92 0.00
1146 1.04 2.24 0.00
1147 1.44 1.73 0.00
1148 1.04 0.30 0.00
1149 0.88 0.82 0.00
1150 2.07 0.30 0.00
1151 1.09 1.65 0.00
1152 1.21 0.82 0.00
1153 1.79 0.30 0.00
1154 2.26 0.30 0.00
1155 2.30 2.44 0.00
1156 2.40 1.84 0.00
1157 2.45 0.30 0.00
1158 2.59 0.82 0.00
1159 2.41 0.30 0.00
1160 1.97 0.30 0.00
1161 24.66 19.29 0.00
1162 2.26 0.59 0.00
1163 1.59 0.30 0.00
1164 5.28 2.59 0.00
1165 3.59 0.30 0.00
1166 2.31 1.78 0.00
1167 1.76 0.82 0.00
1168 2.19 0.30 0.00
1169 2.09 0.30 0.00
1170 2.11 0.82 0.00
1171 2.59 1.90 0.00
1172 1.74 0.30 0.00
1173 2.44 4.81 0.00
1174 1.38 0.30 0.00
1175 0.66 0.30 0.00
1176 38.30 74.58 0.00
1177 157.80 13.50 0.00
1178 3.83 130.75 0.00
1179 1.93 0.82 0.00
1180 0.73 0.30 0.00
1181 1.29 1.77 0.00
1182 1.48 0.88 0.00
1183 1.43 0.30 0.00
1184 0.83 0.30 0.00
1185 2.79 0.51 0.00
1186 2.34 0.30 0.00
1187 1.56 1.78 0.00
1188 2.04 0.82 0.00
1189 1.00 0.30 0.00
1190 2.12 0.30 0.00
1191 1.51 0.88 0.00
1192 1.98 3.09 0.00
1193 1.70 0.30 0.00
1194 1.58 4.32 0.00
1195 1.94 3.98 0.00
1196 1.73 0.30 0.00
1197 1.63 2.46 0.00
1198 1.75 0.33 0.00
1199 529.37 11.84 0.00
1200 1.51 14.27 0.00
1201 13.96 11665.26 0.00
1202 2.22 102.78 0.00
1203 0.71 0.89 0.00
1204 2.13 0.30 0.00
1205 1.74 1.92 0.00
1206 1.01 0.88 0.00
1207 3.47 3.12 0.00
1208 1.21 0.40 0.00
1209 0.88 0.82 0.00
1210 2.36 0.30 0.00
1211 0.99 0.30 0.00
1212 1.26 2.16 0.00
1213 1.26 0.37 0.00
1214 1.89 0.30 0.00
1215 1.81 2.44 0.00
1216 3.91 2.02 0.00
1217 2.50 1.86 0.00
1218 1.71 0.87 0.00
1219 1.66 0.30 0.00
1220 1.69 0.30 0.00
1221 1.96 0.96 0.00
1222 23.97 18.26 0.00
1223 55.32 4.08 0.00
1224 1.21 0.82 0.00
1225 1.62 4.54 0.00
1226 1.66 0.30 0.00
1227 2.44 2.42 0.00
1228 5.28 5.52 0.00
1229 5.08 8.15 0.00
1230 2.00 3.43 0.00
1231 8.91 13.31 0.00
1232 1.23 4.59 0.00
1233 5.94 8.67 0.00
1234 5.53 8.15 0.00
1235 0.65 0.30 0.00
1236 2.12 0.88 0.00
1237 2.02 7.58 0.00
1238 5.15 5.46 0.00
1239 2.38 3.51 0.00
1240 1.38 0.30 0.00
1241 0.77 0.30 0.00
1242 3.15 2.29 0.00
1243 1.04 0.30 0.00
1244 1.20 0.30 0.00
1245 3.11 0.82 0.00
1246 6.00 9.78 0.00
1247 2.17 4.45 0.00
1248 2.43 5.91 0.00
1249 0.78 5.27 0.00
1250 2.03 0.30 0.00
1251 0.84 5.99 0.00
1252 1.67 3.20 0.00
1253 2.14 0.30 0.00
1254 0.65 0.82 0.00
1255 1.40 3.97 0.00
1256 1.99 0.30 0.00
1257 2.37 2.36 0.00
1258 1.81 5.33 0.00
1259 1.55 0.30 0.00
1260 1.20 0.82 0.00
1261 0.78 0.30 0.00
1262 1.95 1.84 0.00
1263 0.92 0.82 0.00
1264 0.77 0.30 0.00
1265 1.73 1.92 0.00
1266 0.90 0.88 0.00
1267 1.83 3.22 0.00
1268 18.88 18.36 0.00
1269 376.02 377.53 0.00
1270 35.79 41.52 0.00
1271 17.15 29.33 0.00
1272 17.73 36.60 0.00
1273 1.63 20.67 0.00
1274 1.14 0.30 0.00
1275 0.95 2.44 0.00
1276 1.22 0.30 0.00
1277 1.38 1.48 0.00
1278 1.04 0.87 0.00
1279 1.00 0.30 0.00
1280 0.22 0.30 0.00
1281 2.27 0.96 0.00
1282 1.75 3.12 0.00
1283 0.93 0.36 0.00
1284 1.81 0.82 0.00
1285 1.72 1.92 0.00
1286 0.78 0.30 0.00
1287 2.43 2.36 0.00
1288 258.69 220.14 0.00
1289 18.65 29.34 0.00
1290 17.91 32.46 0.00
1291 0.91 18.33 0.00
1292 1.06 6.66 0.00
1293 2.15 0.82 0.00
1294 0.99 0.30 0.00
1295 1.62 1.92 0.00
1296 2.34 0.88 0.00
1297 1.32 3.28 0.00
1298 1.70 0.30 0.00
1299 2.33 0.82 0.00
1300 1.67 0.30 0.00
1301 1.66 0.30 0.00
1302 2.73 2.36 0.00
1303 0.93 0.30 0.00
1304 0.77 0.30 0.00
1305 2.18 2.44 0.00
1306 267.00 234.77 0.00
1307 19.18 36.38 0.00
1308 17.97 32.46 0.00
1309 1.25 18.33 0.00
1310 2.03 5.25 0.00
1311 1.22 0.96 0.00
1312 1.16 3.14 0.00
1313 1.82 0.30 0.00
1314 1.54 0.82 0.00
1315 1.06 1.92 0.00
1316 1.44 0.30 0.00
1317 1.39 2.36 0.00
1318 2.40 0.30 0.00
1319 0.99 0.30 0.00
1320 2.37 0.82 0.00
1321 0.99 0.30 0.00
1322 1.97 1.65 0.00
1323 219.10 190.82 0.00
1324 1.00 0.30 0.00
1325 30.71 38.48 0.00
1326 37.51 28.79 0.00
1327 23.13 46.54 0.00
1328 5.06 16.06 0.00
1329 1.12 15.96 0.00
1330 1.67 0.30 0.00
1331 0.55 0.30 0.00
1332 1.55 2.29 0.00
1333 1.59 0.30 0.00
1334 1.25 0.30 0.00
1335 0.95 2.44 0.00
1336 1.55 0.30 0.00
1337 1.11 1.78 0.00
1338 0.48 0.82 0.00
1339 1.23 0.30 0.00
1340 0.46 0.06 0.00
1341 1.77 0.90 0.00
1342 1.72 3.04 0.00
1343 257.13 219.36 0.00
1344 9.33 14.03 0.00
1345 22.57 44.09 0.00
1346 5.75 21.15 0.00
1347 1.39 12.31 0.00
1348 0.82 0.33 0.00
1349 1.22 0.30 0.00
1350 1.00 0.82 0.00
1351 1.21 0.30 0.00
1352 1.66 1.82 0.00
1353 1.26 0.75 0.00
1354 0.78 0.30 0.00
1355 2.07 2.44 0.00
1356 1.24 0.45 0.00
1357 1.73 3.27 0.00
1358 1.92 0.82 0.00
1359 148.33 135.21 0.00
1360 139.67 130.93 0.00
1361 26.74 50.88 0.00
1362 7.77 20.01 0.00
1363 0.96 10.35 0.00
1364 1.97 0.30 0.00
1365 2.77 2.44 0.00
1366 2.74 0.30 0.00
1367 1.27 1.71 0.00
1368 1.03 0.82 0.00
1369 1.65 0.30 0.00
1370 1.67 0.82 0.00
1371 1.13 0.45 0.00
1372 2.01 3.33 0.00
1373 1.26 0.82 0.00
1374 1.41 0.30 0.00
1375 1.61 1.92 0.00
1376 101.53 82.71 0.00
1377 1.26 2.23 0.00
1378 181.42 142.84 0.00
1379 18.04 32.46 0.00
1380 17.82 31.94 0.00
1381 2.36 20.67 0.00
1382 1.61 2.36 0.00
1383 1.37 0.30 0.00
1384 1.77 0.30 0.00
1385 1.50 2.44 0.00
1386 1.90 1.87 0.00
1387 1.80 1.91 0.00
1388 1.36 0.82 0.00
1389 1.66 0.30 0.00
1390 1.41 0.30 0.00
1391 1.31 0.82 0.00
1392 2.97 1.78 0.00
1393 2.01 0.30 0.00
1394 2.21 0.82 0.00
1395 278.80 251.31 0.00
1396 25.40 44.84 0.00
1397 5.67 22.45 0.00
1398 2.37 5.53 0.00
1399 0.98 0.00 0.00
1400 0.44 5.85 0.00
1401 3.38 0.37 0.00
1402 1.66 3.28 0.00
1403 1.59 0.30 0.00
1404 3.59 0.82 0.00
1405 1.50 1.92 0.00
1406 1.99 0.30 0.00
1407 2.53 2.29 0.00
1408 1.25 0.30 0.00
1409 1.76 0.30 0.00
1410 1.88 0.82 0.00
1411 1.55 0.30 0.00
1412 261.60 231.53 0.00
1413 19.09 39.85 0.00
1414 16.83 30.75 0.00
1415 1.87 26.09 0.00
1416 1.12 0.88 0.00
1417 5.69 3.86 0.00
1418 1.92 0.30 0.00
1419 0.88 0.82 0.00
1420 0.88 0.30 0.00
1421 1.44 0.00 0.00
1422 2.67 2.05 0.00
1423 2.09 1.09 0.00
1424 1.91 1.08 0.00
1425 0.66 0.30 0.00
1426 2.86 0.43 0.00
1427 0.77 2.92 0.00
1428 1.35 0.82 0.00
1429 1.99 0.30 0.00
1430 2.68 0.82 0.00
1431 0.56 0.45 0.00
1432 1.88 1.73 0.00
1433 0.82 0.30 0.00
1434 1.21 0.82 0.00
1435 1.45 0.30 0.00
1436 1.81 0.30 0.00
1437 0.76 0.82 0.00
1438 2.74 0.30 0.00
1439 1.81 0.30 0.00
1440 0.98 0.82 0.00
1441 2.43 0.30 0.00
1442 2.25 0.82 0.00
1443 1.59 0.30 0.00
1444 1.66 0.30 0.00
1445 1.31 0.82 0.00
1446 1.79 0.45 0.00
1447 1.10 1.73 0.00
1448 1.25 0.30 0.00
1449 1.44 0.82 0.00
1450 1.43 0.30 0.00
1451 1.33 0.30 0.00
1452 2.21 0.82 0.00
1453 1.36 0.30 0.00
1454 2.25 0.30 0.00
1455 2.08 0.82 0.00
1456 0.99 0.30 0.00
1457 1.33 0.82 0.00
1458 2.37 0.30 0.00
1459 1.21 0.30 0.00
1460 1.33 0.37 0.00
1461 1.78 0.90 0.00
1462 0.54 1.73 0.00
1463 1.92 0.30 0.00
1464 1.33 0.82 0.00
1465 0.99 0.30 0.00
1466 2.33 0.82 0.00
1467 0.66 0.30 0.00
1468 1.48 0.30 0.00
1469 1.56 0.30 0.00
1470 1.21 0.82 0.00
1471 1.67 0.30 0.00
1472 0.88 0.37 0.00
1473 1.92 0.75 0.00
1474 0.99 0.30 0.00
1475 2.37 0.82 0.00
1476 1.57 0.45 0.00
1477 1.00 1.73 0.00
1478 2.74 0.30 0.00
1479 1.44 0.82 0.00
1480 0.77 0.30 0.00
1481 2.39 0.30 0.00
1482 2.33 0.82 0.00
1483 1.16 0.30 0.00
1484 0.65 0.30 0.00
1485 1.77 0.82 0.00
1486 1.36 0.30 0.00
1487 1.55 0.30 0.00
1488 1.70 0.82 0.00
1489 1.25 0.38 0.00
1490 2.19 0.37 0.00
1491 1.45 2.39 0.00
1492 0.99 0.30 0.00
1493 1.70 0.30 0.00
1494 1.55 0.82 0.00
1495 1.22 0.30 0.00
1496 1.77 0.30 0.00
1497 1.89 0.82 0.00
1498 1.41 0.30 0.00
1499 1.89 0.30 0.00
1500 0.88 0.82 0.00
1501 1.22 0.30 0.00
1502 2.54 0.30 0.00
1503 1.50 0.96 0.00
1504 4.41 3.09 0.00
1505 1.67 0.30 0.00
1506 1.34 0.88 0.00
1507 5.71 366.36 0.00
1508 1.37 0.30 0.00
1509 1.21 0.82 0.00
1510 1.58 0.30 0.00
1511 1.55 0.30 0.00
1512 1.21 0.82 0.00
1513 1.81 0.30 0.00
1514 2.63 0.30 0.00
1515 6.67 138.73 0.00
1516 1.55 0.30 0.00
1517 14.56 909.91 0.00
