0 0.66 0.37 0.00
1 1.77 0.30 0.00
2 2.03 0.82 0.00
3 1.04 0.30 0.00
4 1.22 0.30 0.00
5 0.99 0.82 0.00
6 9.12 5.88 0.00
7 1.09 1.87 0.00
8 1.03 0.82 0.00
9 2.89 0.30 0.00
10 4.37 3.13 0.00
11 1.12 2.34 0.00
12 1.89 0.30 0.00
13 1.37 0.30 0.00
14 1.47 0.82 0.00
15 1.75 0.30 0.00
16 1.65 2.28 0.00
17 1.52 0.82 0.00
18 1.94 0.30 0.00
19 1.19 0.30 0.00
20 0.79 0.82 0.00
21 2.29 2.21 0.00
22 1.11 1.87 0.00
23 1.23 0.82 0.00
24 1.78 0.30 0.00
25 1.74 2.12 0.00
26 3.40 4.17 0.00
27 1.66 3.50 0.00
28 17.67 5.60 0.00
29 89264.33 233.57 0.00
30 0.66 0.30 0.00
31 1.52 2.15 0.00
32 4.80 3.02 0.00
33 1.74 1.80 0.00
34 0.66 0.30 0.00
35 25.82 10.67 0.00
36 1.29 2.21 0.00
37 0.68 1.87 0.00
38 3.02 26.08 0.00
39 1.58 0.43 0.00
40 0.88 0.30 0.00
41 3.27 2.60 0.00
42 12.35 202.10 0.00
43 525.18 10.25 0.00
44 2.69 0.82 0.00
45 0.77 0.30 0.00
46 2.54 2.22 0.00
47 2.33 0.82 0.00
48 2.51 66.17 0.00
49 3.60 130.68 0.00
50 2.01 2.12 0.00
51 202.21 612.37 0.00
52 548.63 102.09 0.00
53 216.38 19.86 0.00
54 0.88 0.30 0.00
55 1.33 0.30 0.00
56 3.72 269.06 0.00
57 3.00 95.05 0.00
58 2.08 32.96 0.00
59 1.21 0.82 0.00
60 0.99 0.30 0.00
61 2.03 2.35 0.00
62 1.13 1.27 0.00
63 1.87 5.03 0.00
64 212.57 234.53 0.00
65 188.70 285.66 0.00
66 2.70 2.48 0.00
67 410.16 19.27 0.00
68 1.70 0.82 0.00
69 2.17 0.30 0.00
70 1.31 0.31 0.00
71 1.11 2.66 0.00
72 2.17 0.30 0.00
73 216.22 6.68 0.00
74 9.29 143.33 0.00
75 67.75 1.27 0.00
76 4.83 127.46 0.00
77 0.99 6.86 0.00
78 114.28 8.68 0.00
79 1.70 7.15 0.00
80 256.13 138.70 0.00
81 2.38 4.34 0.00
82 1.51 0.42 0.00
83 4.95 136.41 0.00
84 2.47 0.43 0.00
85 67.43 3.03 0.00
86 3.50 7.80 0.00
87 0.99 0.32 0.00
88 0.82 0.30 0.00
89 2.41 0.82 0.00
90 1.21 0.30 0.00
91 1.00 2.09 0.00
92 1.65 0.87 0.00
93 1.66 1.92 0.00
94 3.64 130.37 0.00
95 1.76 0.82 0.00
96 21.92 23.08 0.00
97 38.62 91.64 0.00
98 1.81 0.82 0.00
99 1.22 0.30 0.00
100 7.46 33.62 0.00
101 2.53 8.12 0.00
102 1.12 0.33 0.00
103 1.00 1.92 0.00
104 18.25 9.28 0.00
105 11.62 6.99 0.00
106 19.97 38.72 0.00
107 22.27 55.80 0.00
108 1.15 0.30 0.00
109 1.61 0.37 0.00
110 2.32 5.54 0.00
111 22.84 22.69 0.00
112 3.75 5.37 0.00
113 1.97 0.82 0.00
114 1.45 0.30 0.00
115 20.73 48.87 0.00
116 1.70 2.70 0.00
117 1.21 0.30 0.00
118 2.52 0.30 0.00
119 2.86 3.81 0.00
120 1.33 4.79 0.00
121 1.90 2.15 0.00
122 2.81 0.82 0.00
123 23.04 51.85 0.00
124 187.12 1.85 0.00
125 2.91 0.82 0.00
126 7.63 26.99 0.00
127 1.53 8.67 0.00
128 1.24 0.82 0.00
129 1.82 1.49 0.00
130 2.07 3.29 0.00
131 2.02 2.90 0.00
132 2.30 0.32 0.00
133 1.91 7.83 0.00
134 2.36 5.29 0.00
135 1.55 0.30 0.00
136 1.22 2.09 0.00
137 1.11 0.87 0.00
138 147.79 8.52 0.00
139 0.33 0.30 0.00
140 0.55 0.82 0.00
141 1.93 3.71 0.00
142 1.33 6.40 0.00
143 1.30 3.94 0.00
144 0.99 0.30 0.00
145 27.16 26.55 0.00
146 1.71 2.54 0.00
147 0.43 0.36 0.00
148 13.36 21.46 0.00
149 1.33 3.51 0.00
150 0.44 0.30 0.00
151 10.43 17.16 0.00
152 1.54 0.87 0.00
153 13.96 22.03 0.00
154 0.66 2.91 0.00
155 1.99 21.63 0.00
156 1.16 7.16 0.00
157 2.05 0.55 0.00
158 246.25 9.49 0.00
159 0.66 0.30 0.00
160 1.59 0.30 0.00
161 2.95 7.20 0.00
162 1.00 0.30 0.00
163 2.08 0.30 0.00
164 1.95 5.12 0.00
165 1.18 3.28 0.00
166 2.42 2.03 0.00
167 0.99 0.87 0.00
168 1.62 3.41 0.00
169 1.66 0.30 0.00
170 2.24 0.82 0.00
171 2.60 2.36 0.00
172 4.18 201.08 0.00
173 207.21 13.80 0.00
174 1.55 6.30 0.00
175 2.29 0.30 0.00
176 2.22 2.59 0.00
177 24.72 29.24 0.00
178 13.33 2.08 0.00
179 1.31 0.82 0.00
180 0.55 0.30 0.00
181 2.30 3.54 0.00
182 1.54 0.85 0.00
183 3.47 160.26 0.00
184 17.79 41.06 0.00
185 6.05 11.99 0.00
186 2.04 2.03 0.00
187 1.01 1.91 0.00
188 1.98 2.33 0.00
189 1.55 0.30 0.00
190 1.45 0.30 0.00
191 17.07 43.89 0.00
192 1.22 0.30 0.00
193 1.52 6.44 0.00
194 1.91 0.82 0.00
195 1.33 0.30 0.00
196 2.20 2.03 0.00
197 1.05 1.00 0.00
198 8.48 14.64 0.00
199 571.36 4.96 0.00
200 1.51 1.01 0.00
201 38.73 5.90 0.00
202 5.27 132.90 0.00
203 5.51 3.80 0.00
204 2.82 0.38 0.00
205 4.27 14.51 0.00
206 1.71 2.53 0.00
207 1.04 0.44 0.00
208 1.90 3.25 0.00
209 1.13 2.30 0.00
210 1.33 0.30 0.00
211 1.95 2.16 0.00
212 1.85 2.50 0.00
213 1.38 5.83 0.00
214 2.29 5.04 0.00
215 0.98 0.82 0.00
216 1.92 2.25 0.00
217 1.91 0.40 0.00
218 68.97 9.70 0.00
219 1.55 0.30 0.00
220 4.03 171.57 0.00
221 1.15 59.17 0.00
222 135.55 6.73 0.00
223 1.93 0.30 0.00
224 0.99 0.82 0.00
225 1.96 5.36 0.00
226 2.50 2.21 0.00
227 2.23 11.40 0.00
228 2.50 5.85 0.00
229 1.98 0.30 0.00
230 1.90 0.82 0.00
231 2.34 2.09 0.00
232 25.14 20.19 0.00
233 1.70 0.90 0.00
234 1.43 0.30 0.00
235 15.27 27.51 0.00
236 1.35 5.48 0.00
237 15.02 46.12 0.00
238 5.47 2.09 0.00
239 2.46 2.53 0.00
240 1.22 0.38 0.00
241 2.93 2.09 0.00
242 18.13 6.51 0.00
243 547.75 525.86 0.00
244 1.79 0.30 0.00
245 1.43 0.82 0.00
246 2.02 2.25 0.00
247 1.58 1.90 0.00
248 1.31 0.86 0.00
249 1.78 0.30 0.00
250 1.66 0.30 0.00
251 2.07 2.66 0.00
252 1.70 1.86 0.00
253 1.09 0.43 0.00
254 1.69 0.82 0.00
255 4.49 136.67 0.00
256 1.67 3.65 0.00
257 0.88 0.87 0.00
258 134.31 8.26 0.00
259 2.11 4.83 0.00
260 1.31 0.82 0.00
261 2.43 3.70 0.00
262 1.27 3.36 0.00
263 1.81 0.82 0.00
264 232.11 16.19 0.00
265 1.06 0.30 0.00
266 2.39 2.66 0.00
267 132.62 6.77 0.00
268 1.37 1.79 0.00
269 1.65 0.82 0.00
270 0.99 0.30 0.00
271 36.37 39.32 0.00
272 1.83 0.82 0.00
273 0.93 0.30 0.00
274 3.46 5.79 0.00
275 2.22 0.82 0.00
276 1.72 2.08 0.00
277 22.67 49.03 0.00
278 2.26 0.82 0.00
279 1.79 0.58 0.00
280 4.38 195.33 0.00
281 2.11 2.66 0.00
282 1.34 0.30 0.00
283 1.45 4.30 0.00
284 1.33 0.51 0.00
285 1.42 0.30 0.00
286 3.50 2.34 0.00
287 16.06 41.86 0.00
288 2.02 0.30 0.00
289 2.10 1.92 0.00
290 2.02 0.82 0.00
291 1.95 2.18 0.00
292 2.09 0.40 0.00
293 1.43 7.03 0.00
294 1.32 0.30 0.00
295 1.55 0.30 0.00
296 468.66 20.86 0.00
297 1.35 0.43 0.00
298 27.08 187.57 0.00
299 176.92 27.68 0.00
300 1.53 0.30 0.00
301 3.52 2.14 0.00
302 7.69 3.94 0.00
303 1.94 0.32 0.00
304 2.90 0.30 0.00
305 495.10 19.83 0.00
306 3.59 2.21 0.00
307 18.07 2.20 0.00
308 258.46 3.34 0.00
309 2.72 0.50 0.00
310 1579.75 12.10 0.00
311 581.63 4.40 0.00
312 46.72 0.63 0.00
313 2908.41 19.23 0.00
314 586.44 1.91 0.00
315 3.22 0.37 0.00
316 3271.13 10.59 0.00
317 156.84 1.14 0.00
318 3.13 0.37 0.00
319 6450.54 18.99 0.00
320 0.98 0.95 0.00
321 4.77 246.98 0.00
322 6518.32 140.30 0.00
323 1.72 0.88 0.00
324 2.26 0.37 0.00
325 6914.78 14.27 0.00
326 2.57 2.92 0.00
327 6523.48 17.13 0.00
328 1630.72 3.21 0.00
329 1.71 1.01 0.00
330 20359.58 39.15 0.00
331 2.52 2.16 0.00
332 2.84 0.94 0.00
333 25012.13 44.15 0.00
334 2645.31 4.94 0.00
335 2.72 0.88 0.00
336 23725.61 39.92 0.00
337 1.44 2.00 0.00
338 2.98 0.88 0.00
339 12436.82 18.54 0.00
340 12451.24 23.83 0.00
341 2.15 2.50 0.00
342 1.97 0.99 0.00
343 12121.10 59.36 0.00
344 1.88 6.61 0.00
345 0.89 0.30 0.00
346 27.08 25.68 0.00
347 0.99 0.88 0.00
348 1.56 0.30 0.00
349 1.86 0.59 0.00
350 1.58 0.82 0.00
351 19.95 34.91 0.00
352 1.90 1.97 0.00
353 10.28 26.67 0.00
354 3.02 17.75 0.00
355 1.44 0.30 0.00
356 1.66 2.61 0.00
357 13.59 0.42 0.00
358 823.97 198.63 0.00
359 0.88 0.82 0.00
360 0.97 0.30 0.00
361 2.47 2.08 0.00
362 1.67 0.51 0.00
363 2.61 7.86 0.00
364 2.60 1.79 0.00
365 1.40 3.79 0.00
366 2.29 2.18 0.00
367 3.17 7.85 0.00
368 1.68 2.32 0.00
369 1.33 0.30 0.00
370 1.31 1.92 0.00
371 1.66 2.63 0.00
372 2.00 0.33 0.00
373 0.82 0.30 0.00
374 2.28 9.04 0.00
375 1.85 0.30 0.00
376 1.67 2.09 0.00
377 1.79 4.06 0.00
378 1.49 0.30 0.00
379 134.04 1.97 0.00
380 0.54 0.81 0.00
381 230.25 12.84 0.00
382 1.38 1.86 0.00
383 0.92 2.32 0.00
384 2.36 9.02 0.00
385 1.08 0.30 0.00
386 151.41 8.21 0.00
387 1.21 0.36 0.00
388 1.41 1.79 0.00
389 133.27 5.61 0.00
390 1.92 0.30 0.00
391 1.29 1.96 0.00
392 2.21 0.87 0.00
393 2.78 13.83 0.00
394 1.33 0.38 0.00
395 1.44 0.82 0.00
396 2.66 2.18 0.00
397 1.62 7.40 0.00
398 1.59 0.82 0.00
399 0.66 0.30 0.00
400 0.66 0.30 0.00
401 36.28 39.91 0.00
402 0.88 0.40 0.00
403 0.89 4.30 0.00
404 1.22 0.82 0.00
405 0.66 0.30 0.00
406 2.74 3.64 0.00
407 1.37 0.82 0.00
408 1.04 0.30 0.00
409 23.72 52.59 0.00
410 299.61 2.69 0.00
411 45.53 6.80 0.00
412 1.46 1.94 0.00
413 1.11 5.47 0.00
414 0.76 0.30 0.00
415 1.56 0.30 0.00
416 1.54 4.16 0.00
417 1.28 3.33 0.00
418 2.40 0.30 0.00
419 0.99 0.82 0.00
420 0.94 0.43 0.00
421 2.10 2.15 0.00
422 0.66 0.82 0.00
423 1.53 5.15 0.00
424 1.67 0.00 0.00
425 0.99 0.82 0.00
426 1.93 2.03 0.00
427 2.22 0.50 0.00
428 1.25 2.25 0.00
429 2.26 0.30 0.00
430 46.91 25121.70 0.00
431 44.79 24790.18 0.00
432 44.77 23558.02 0.00
433 6.14 2793.45 0.00
434 23.37 13572.55 0.00
435 2.43 0.45 0.00
436 20.40 11372.43 0.00
437 0.46 96.45 0.00
438 15.01 7467.98 0.00
439 44.11 25772.31 0.00
440 1.21 26.58 0.00
441 22.15 12088.35 0.00
442 26.07 14970.84 0.00
443 1.66 1.01 0.00
444 13.76 7622.91 0.00
445 36.29 22891.13 0.00
446 2.91 2.74 0.00
447 37.55 24687.10 0.00
448 1.66 0.37 0.00
449 13.13 8779.67 0.00
450 12.54 9092.45 0.00
451 1.97 2.31 0.00
452 16.53 12057.40 0.00
453 1.30 12.50 0.00
454 0.95 0.37 0.00
455 22.38 16922.95 0.00
456 1.62 17.23 0.00
457 3.66 1356.72 0.00
458 2.80 1.02 0.00
459 1.51 5.15 0.00
460 1.00 0.30 0.00
461 2.17 2.66 0.00
462 0.77 0.37 0.00
463 1.10 0.37 0.00
464 2.17 5.66 0.00
465 1.10 0.30 0.00
466 2.57 1.92 0.00
467 2.14 0.92 0.00
468 0.93 0.30 0.00
469 1.37 0.53 0.00
470 2.85 0.82 0.00
471 1.05 1.98 0.00
472 1.63 2.17 0.00
473 0.92 0.82 0.00
474 2.16 5.19 0.00
475 1.67 0.30 0.00
476 1.89 2.63 0.00
477 1.91 0.84 0.00
478 2.51 0.37 0.00
479 1.42 0.82 0.00
480 30.52 4416.12 0.00
481 1.83 2.02 0.00
482 9.32 7440.80 0.00
483 1.04 0.28 0.00
484 1.55 0.30 0.00
485 1.52 1.15 0.00
486 2.38 2.03 0.00
487 1.57 1.93 0.00
488 1.14 0.82 0.00
489 2.28 5.20 0.00
490 0.94 0.34 0.00
491 1.57 2.78 0.00
492 1.54 0.32 0.00
493 1.16 0.30 0.00
494 1.58 0.82 0.00
495 1.39 5.15 0.00
496 1.69 2.25 0.00
497 0.78 0.85 0.00
498 1.16 0.30 0.00
499 0.78 0.30 0.00
500 0.33 0.58 0.00
501 2.18 2.09 0.00
502 1.57 0.42 0.00
503 1.85 2.32 0.00
504 1.22 0.30 0.00
505 1.06 5.20 0.00
506 3.11 2.43 0.00
507 1.63 0.40 0.00
508 1.26 0.30 0.00
509 3.42 0.82 0.00
510 0.75 0.30 0.00
511 1.50 2.05 0.00
512 3.33 0.85 0.00
513 1.31 5.20 0.00
514 0.55 0.30 0.00
515 1.11 0.82 0.00
516 0.64 0.30 0.00
517 1.34 2.08 0.00
518 1.48 2.32 0.00
519 1.11 0.30 0.00
520 0.83 0.30 0.00
521 1.97 0.82 0.00
522 1.22 2.15 0.00
523 0.70 0.30 0.00
524 1.85 0.82 0.00
525 0.99 0.30 0.00
526 2.26 0.30 0.00
527 2.35 2.79 0.00
528 0.82 0.30 0.00
529 1.56 0.30 0.00
530 1.79 0.82 0.00
531 1.59 0.30 0.00
532 3.38 9.13 0.00
533 1.48 0.88 0.00
534 0.84 5.27 0.00
535 1.55 0.30 0.00
536 1.14 2.37 0.00
537 2.02 2.41 0.00
538 2.41 0.28 0.00
539 1.52 0.82 0.00
540 1.38 0.30 0.00
541 2.33 1.98 0.00
542 1.68 2.60 0.00
543 0.82 0.30 0.00
544 1.22 0.30 0.00
545 2.54 5.72 0.00
546 2.33 0.74 0.00
547 1.46 3.72 0.00
548 2.08 0.82 0.00
549 2.22 0.30 0.00
550 1.32 0.30 0.00
551 2.08 0.88 0.00
552 2.18 2.19 0.00
553 1.14 0.30 0.00
554 1.66 0.82 0.00
555 1.44 0.30 0.00
556 1.22 0.30 0.00
557 1.72 7.50 0.00
558 1.49 0.30 0.00
559 0.89 0.30 0.00
560 0.77 0.82 0.00
561 1.55 0.30 0.00
562 1.68 3.72 0.00
563 0.92 0.82 0.00
564 2.10 6.95 0.00
565 0.89 0.30 0.00
566 1.54 0.82 0.00
567 1.23 2.28 0.00
568 1.41 1.86 0.00
569 2.50 1.15 0.00
570 0.96 0.30 0.00
571 0.78 0.30 0.00
572 2.32 4.09 0.00
573 1.03 0.30 0.00
574 0.91 10.98 0.00
575 1.65 0.82 0.00
576 0.55 0.30 0.00
577 1.42 3.78 0.00
578 2.14 0.82 0.00
579 0.99 0.30 0.00
580 1.55 0.30 0.00
581 3.01 2.37 0.00
582 1.83 2.21 0.00
583 0.93 0.30 0.00
584 2.70 0.82 0.00
585 1.07 4.85 0.00
586 1.81 0.30 0.00
587 2.46 2.48 0.00
588 1.25 0.36 0.00
589 1.78 0.30 0.00
590 2.73 0.82 0.00
591 2.25 0.37 0.00
592 2.24 3.86 0.00
593 1.03 6.05 0.00
594 0.66 0.30 0.00
595 1.33 0.30 0.00
596 0.88 0.82 0.00
597 1.56 2.21 0.00
598 2.96 0.30 0.00
599 2.97 7.12 0.00
600 1.33 0.30 0.00
601 2.20 1.95 0.00
602 3.24 3.24 0.00
603 1.49 0.53 0.00
604 1.66 0.30 0.00
605 1.52 5.32 0.00
606 1.66 0.30 0.00
607 1.35 3.85 0.00
608 1.48 0.79 0.00
609 1.78 0.30 0.00
610 0.65 0.30 0.00
611 1.21 0.82 0.00
612 2.50 2.08 0.00
613 1.04 0.30 0.00
614 1.70 0.82 0.00
615 1.56 0.30 0.00
616 0.77 0.30 0.00
617 10.35 2.92 0.00
618 1.49 0.30 0.00
619 0.88 0.30 0.00
620 0.99 0.82 0.00
621 2.31 7.69 0.00
622 2.73 2.46 0.00
623 0.99 2.39 0.00
624 1.55 2.91 0.00
625 3.01 9.54 0.00
626 1.37 1.00 0.00
627 1.83 2.15 0.00
628 2.42 0.30 0.00
629 1.21 0.82 0.00
630 1.12 0.30 0.00
631 0.82 0.37 0.00
632 1.15 2.58 0.00
633 1.93 0.30 0.00
634 0.77 0.30 0.00
635 0.66 0.82 0.00
636 1.22 0.30 0.00
637 1.29 2.15 0.00
638 0.81 2.32 0.00
639 1.33 0.30 0.00
640 1.00 0.30 0.00
641 0.89 0.82 0.00
642 2.92 2.08 0.00
643 1.49 0.30 0.00
644 1.11 0.82 0.00
645 295.29 12.26 0.00
646 1.61 0.43 0.00
647 15.16 2.92 0.00
648 0.93 0.29 0.00
649 0.66 0.30 0.00
650 2.47 0.82 0.00
651 0.76 0.30 0.00
652 1.92 3.72 0.00
653 2.22 5.71 0.00
654 1.07 0.37 0.00
655 2.61 6.39 0.00
656 1.54 0.82 0.00
657 1.58 8.94 0.00
658 1.96 0.30 0.00
659 1.88 0.82 0.00
660 1.33 0.30 0.00
661 1.70 0.30 0.00
662 2.54 4.22 0.00
663 1.36 0.30 0.00
664 2.00 5.16 0.00
665 1.78 0.51 0.00
666 0.88 0.30 0.00
667 3.51 3.72 0.00
668 1.25 0.82 0.00
669 0.77 0.30 0.00
670 2.18 3.35 0.00
671 6.91 0.89 0.00
672 1.65 2.13 0.00
673 2.59 11.28 0.00
674 2.14 0.82 0.00
675 1.82 0.55 0.00
676 1.78 0.30 0.00
677 1.97 2.86 0.00
678 1.27 0.30 0.00
679 1.00 0.30 0.00
680 0.71 0.86 0.00
681 0.66 0.30 0.00
682 2.99 5.14 0.00
683 1.59 0.82 0.00
684 0.55 0.30 0.00
685 1.62 5.58 0.00
686 1.32 0.82 0.00
687 1.67 2.15 0.00
688 0.99 0.43 0.00
689 1.10 1.02 0.00
690 1.78 0.30 0.00
691 40.51 11855.58 0.00
692 1.80 2.73 0.00
693 2.62 5.78 0.00
694 1.02 0.30 0.00
695 0.95 0.82 0.00
696 1.33 0.30 0.00
697 1.31 3.78 0.00
698 1.25 0.82 0.00
699 1.95 0.30 0.00
700 2.62 0.30 0.00
701 0.88 0.82 0.00
702 2.41 2.21 0.00
703 2.97 0.30 0.00
704 1.76 0.82 0.00
705 2.80 5.71 0.00
706 3.18 0.30 0.00
707 2.98 10.95 0.00
708 1.15 0.30 0.00
709 1.56 0.30 0.00
710 3.72 15.49 0.00
711 0.88 0.30 0.00
712 1.84 3.78 0.00
713 2.12 0.82 0.00
714 1.17 4.34 0.00
715 1.42 0.30 0.00
716 2.10 0.82 0.00
717 1.34 2.15 0.00
718 1.41 0.30 0.00
719 2.18 7.68 0.00
720 0.44 0.30 0.00
721 0.66 0.30 0.00
722 1.71 2.60 0.00
723 1.43 0.30 0.00
724 6.64 10.89 0.00
725 1.44 0.82 0.00
726 1.10 0.00 0.00
727 3.36 2.34 0.00
728 2.39 2.32 0.00
729 1.77 0.30 0.00
730 2.56 0.30 0.00
731 2.82 2.30 0.00
732 2.02 2.03 0.00
733 2.47 0.36 0.00
734 2.93 0.82 0.00
735 1.97 0.30 0.00
736 1.96 4.46 0.00
737 26.42 26.42 0.00
738 1.71 0.38 0.00
739 3.56 0.30 0.00
740 1.21 0.82 0.00
741 0.65 0.30 0.00
742 4.05 2.16 0.00
743 22.12 32.98 0.00
744 1.07 0.32 0.00
745 3.58 3.12 0.00
746 1.32 3.51 0.00
747 2.66 2.08 0.00
748 0.82 0.30 0.00
749 10.11 17.36 0.00
750 2.39 5.81 0.00
751 2.28 0.30 0.00
752 10.37 8.42 0.00
753 4.27 169.94 0.00
754 349.60 29.00 0.00
755 1.38 0.86 0.00
756 2.07 0.30 0.00
757 2.23 3.85 0.00
758 2.21 0.86 0.00
759 3.09 0.30 0.00
760 1.10 0.30 0.00
761 1.66 0.82 0.00
762 3.09 2.35 0.00
763 1.45 0.30 0.00
764 3.55 303.90 0.00
765 4.12 17.22 0.00
766 1.25 0.30 0.00
767 2.16 2.60 0.00
768 1.04 0.30 0.00
769 0.33 0.30 0.00
770 2.36 0.82 0.00
771 1.21 0.30 0.00
772 1.29 3.65 0.00
773 2.55 4.49 0.00
774 1.08 0.30 0.00
775 1.30 0.30 0.00
776 1.44 0.82 0.00
777 2.20 1.73 0.00
778 1.52 0.36 0.00
779 1.44 0.82 0.00
780 2.45 0.30 0.00
781 2.19 0.30 0.00
782 1.89 2.63 0.00
783 1.33 4.01 0.00
784 1.81 0.30 0.00
785 1.87 0.82 0.00
786 483.93 4.97 0.00
787 2.54 3.72 0.00
788 31.31 5.64 0.00
789 1.92 0.31 0.00
790 2.90 1.79 0.00
791 4.92 129.01 0.00
792 1.18 64.50 0.00
793 2.04 6.38 0.00
794 2.58 4.97 0.00
795 1.74 6.43 0.00
796 1.55 0.30 0.00
797 1.26 2.50 0.00
798 37.23 28.64 0.00
799 1.67 0.32 0.00
800 0.66 0.82 0.00
801 2.92 15.49 0.00
802 2.48 2.15 0.00
803 1.69 2.32 0.00
804 0.67 0.30 0.00
805 2.54 5.79 0.00
806 0.98 0.82 0.00
807 2.29 2.02 0.00
808 0.93 0.30 0.00
809 1.10 0.82 0.00
810 1.66 0.30 0.00
811 38.43 5153.75 0.00
812 2.11 684.30 0.00
813 2.49 4.36 0.00
814 7.58 4762.97 0.00
815 16.71 10626.10 0.00
816 2.61 4.43 0.00
817 10.17 6859.44 0.00
818 10.81 7419.38 0.00
819 2.77 0.37 0.00
820 8.93 7260.83 0.00
821 7.99 6302.08 0.00
822 3.06 2.28 0.00
823 21.77 16465.65 0.00
824 1.12 3.45 0.00
825 1.80 4.36 0.00
826 17.37 12388.83 0.00
827 2.32 2.66 0.00
828 14.85 11171.93 0.00
829 1.28 7.67 0.00
830 5.48 2500.72 0.00
831 7.82 5283.65 0.00
832 1.94 3.92 0.00
833 16.21 11971.35 0.00
834 1.30 12.45 0.00
835 1.05 0.37 0.00
836 7.70 3824.44 0.00
837 11.37 7817.29 0.00
838 1.38 6.68 0.00
839 16.25 12325.43 0.00
840 0.33 38.33 0.00
841 1.54 0.70 0.00
842 2.17 2.73 0.00
843 1.22 4.82 0.00
844 0.77 0.30 0.00
845 1.50 0.88 0.00
846 0.94 0.37 0.00
847 1.91 3.72 0.00
848 1.25 0.82 0.00
849 1.21 0.30 0.00
850 1.63 0.30 0.00
851 1.45 0.82 0.00
852 1.91 1.96 0.00
853 1.48 0.30 0.00
854 1.36 0.82 0.00
855 2.03 0.30 0.00
856 1.72 0.43 0.00
857 1.09 2.53 0.00
858 1.75 0.30 0.00
859 1.22 0.30 0.00
860 0.84 5.34 0.00
861 2.78 0.63 0.00
862 1.81 3.39 0.00
863 1.03 0.82 0.00
864 0.77 0.30 0.00
865 1.51 4.82 0.00
866 1.21 0.82 0.00
867 1.94 2.08 0.00
868 1.04 0.30 0.00
869 1.21 0.82 0.00
870 1.11 0.00 0.00
871 1.06 0.43 0.00
872 2.07 2.71 0.00
873 2.16 0.32 0.00
874 1.00 0.30 0.00
875 1.40 5.34 0.00
876 1.91 0.61 0.00
877 1.29 3.69 0.00
878 1.37 0.85 0.00
879 2.10 0.30 0.00
880 0.99 0.30 0.00
881 1.11 0.82 0.00
882 2.22 2.09 0.00
883 0.82 0.36 0.00
884 0.87 0.82 0.00
885 1.67 0.30 0.00
886 1.81 0.30 0.00
887 2.46 2.76 0.00
888 1.81 0.33 0.00
889 1.06 4.82 0.00
890 2.35 0.82 0.00
891 0.66 0.30 0.00
892 1.52 3.75 0.00
893 1.92 0.85 0.00
894 2.25 0.30 0.00
895 1.43 6.31 0.00
896 1.54 0.83 0.00
897 2.76 2.05 0.00
898 1.52 0.33 0.00
899 2.09 2.43 0.00
900 2.36 0.37 0.00
901 0.66 0.30 0.00
902 2.44 2.61 0.00
903 1.48 0.36 0.00
904 0.99 0.30 0.00
905 1.65 0.82 0.00
906 1.17 4.95 0.00
907 2.15 3.86 0.00
908 1.58 0.87 0.00
909 1.32 0.30 0.00
910 1.55 0.30 0.00
911 1.53 0.82 0.00
912 1.33 2.09 0.00
913 2.26 0.36 0.00
914 2.02 0.82 0.00
915 1.17 5.01 0.00
916 1.89 0.30 0.00
917 1.59 2.54 0.00
918 1.36 0.36 0.00
919 1.44 0.30 0.00
920 1.54 0.82 0.00
921 1.32 0.30 0.00
922 2.43 3.86 0.00
923 1.92 0.87 0.00
924 1.55 0.30 0.00
925 1.77 0.30 0.00
926 1.65 0.82 0.00
927 2.40 6.92 0.00
928 1.81 0.30 0.00
929 1.99 5.35 0.00
930 1.65 0.30 0.00
931 0.77 0.30 0.00
932 3.13 13.67 0.00
933 1.79 0.30 0.00
934 1.71 4.63 0.00
935 1.43 0.82 0.00
936 3.75 0.30 0.00
937 1.94 3.89 0.00
938 1.93 0.82 0.00
939 2.90 0.30 0.00
940 1.07 0.30 0.00
941 1.10 0.82 0.00
942 2.02 2.28 0.00
943 1.12 0.30 0.00
944 2.53 6.63 0.00
945 1.88 0.30 0.00
946 1.58 0.30 0.00
947 2.04 2.60 0.00
948 2.20 0.63 0.00
949 1.43 0.30 0.00
950 2.57 2.13 0.00
951 1.08 0.30 0.00
952 1.85 5.41 0.00
953 1.98 6.12 0.00
954 1.96 4.49 0.00
955 1.41 0.57 0.00
956 2.54 0.88 0.00
957 1.18 2.16 0.00
958 1.84 0.36 0.00
959 1.76 0.82 0.00
960 1.06 0.43 0.00
961 0.77 0.30 0.00
962 1.81 2.54 0.00
963 1.15 0.36 0.00
964 1.37 4.52 0.00
965 2.30 1.15 0.00
966 1.98 0.30 0.00
967 1.98 3.82 0.00
968 1.48 0.85 0.00
969 1.75 0.30 0.00
970 0.33 0.30 0.00
971 1.81 0.82 0.00
972 2.40 2.14 0.00
973 1.01 0.37 0.00
974 2.80 5.03 0.00
975 1.11 0.30 0.00
976 1.57 0.30 0.00
977 3.17 2.72 0.00
978 1.38 0.37 0.00
979 1.11 0.30 0.00
980 1.00 0.82 0.00
981 1.53 0.30 0.00
982 1.29 3.60 0.00
983 1.37 0.87 0.00
984 2.00 0.30 0.00
985 0.66 0.30 0.00
986 1.77 0.82 0.00
987 1.35 2.22 0.00
988 1.04 0.36 0.00
989 1.54 0.82 0.00
990 0.88 0.30 0.00
991 0.89 0.30 0.00
992 2.11 2.61 0.00
993 1.44 8.79 0.00
994 0.55 0.32 0.00
995 1.44 0.82 0.00
996 1.31 0.30 0.00
997 1.70 3.65 0.00
998 1.48 0.82 0.00
999 1.08 0.30 0.00
1000 0.88 0.30 0.00
1001 1.54 0.82 0.00
1002 1.11 2.15 0.00
1003 0.49 0.30 0.00
1004 1.33 0.82 0.00
1005 0.76 0.30 0.00
1006 2.04 0.30 0.00
1007 2.06 2.73 0.00
1008 0.70 0.30 0.00
1009 1.22 0.30 0.00
1010 2.62 0.82 0.00
1011 1.43 0.30 0.00
1012 2.50 8.19 0.00
1013 2.40 0.82 0.00
1014 0.66 0.30 0.00
1015 1.33 0.30 0.00
1016 2.59 0.82 0.00
1017 0.98 2.02 0.00
1018 2.08 0.30 0.00
1019 0.77 0.82 0.00
1020 0.77 0.30 0.00
1021 1.73 4.58 0.00
1022 1.33 2.66 0.00
1023 1.25 0.30 0.00
1024 1.67 0.30 0.00
1025 1.21 0.82 0.00
1026 0.66 0.30 0.00
1027 2.32 3.91 0.00
1028 10.23 5.55 0.00
1029 1.09 0.30 0.00
1030 2.12 5.81 0.00
1031 1.21 0.82 0.00
1032 1.64 2.34 0.00
1033 1.65 0.34 0.00
1034 1.14 0.82 0.00
1035 0.65 0.30 0.00
1036 2.58 9.38 0.00
1037 1.22 2.66 0.00
1038 0.71 0.30 0.00
1039 1.90 0.30 0.00
1040 0.99 0.82 0.00
1041 1.00 0.30 0.00
1042 6.87 4.11 0.00
1043 0.92 0.82 0.00
1044 1.80 7.63 0.00
1045 1.22 0.30 0.00
1046 1.14 2.38 0.00
1047 2.01 2.36 0.00
1048 1.38 0.00 0.00
1049 1.78 0.81 0.00
1050 1.33 0.30 0.00
1051 0.66 0.30 0.00
1052 2.68 2.48 0.00
1053 1.70 0.36 0.00
1054 0.33 0.30 0.00
1055 2.15 0.82 0.00
1056 2.00 0.30 0.00
1057 1.40 3.60 0.00
1058 1.28 5.52 0.00
1059 1.11 0.30 0.00
1060 1.00 0.30 0.00
1061 0.88 0.82 0.00
1062 1.59 1.96 0.00
1063 0.93 0.30 0.00
1064 0.84 5.46 0.00
1065 1.22 0.30 0.00
1066 1.36 0.30 0.00
1067 2.18 2.73 0.00
1068 1.26 0.30 0.00
1069 1.22 0.30 0.00
1070 2.92 0.82 0.00
1071 1.21 0.30 0.00
1072 2.80 3.72 0.00
1073 1.92 0.82 0.00
1074 0.89 0.30 0.00
1075 0.66 0.30 0.00
1076 2.32 0.82 0.00
1077 1.05 2.08 0.00
1078 1.96 6.56 0.00
1079 1.99 0.82 0.00
1080 303.07 2.50 0.00
1081 1.17 0.37 0.00
1082 44.46 4.35 0.00
1083 0.81 0.34 0.00
1084 1.44 5.00 0.00
1085 1.44 0.83 0.00
1086 2.04 6.39 0.00
1087 2.25 3.72 0.00
1088 2.29 0.82 0.00
1089 0.66 0.30 0.00
1090 1.44 0.30 0.00
1091 2.03 0.82 0.00
1092 1.60 2.08 0.00
1093 1.27 0.30 0.00
1094 2.74 0.82 0.00
1095 0.84 5.21 0.00
1096 1.44 0.30 0.00
1097 1.59 2.60 0.00
1098 1.60 0.30 0.00
1099 2.36 3.41 0.00
1100 1.11 0.82 0.00
1101 1.73 3.28 0.00
1102 2.86 5.33 0.00
1103 1.38 0.82 0.00
1104 1.68 5.75 0.00
1105 1.79 0.30 0.00
1106 0.66 0.82 0.00
1107 1.79 1.83 0.00
1108 1.04 0.30 0.00
1109 1.38 0.86 0.00
1110 1.56 0.30 0.00
1111 0.55 0.30 0.00
1112 1.22 2.66 0.00
1113 1.71 0.30 0.00
1114 0.99 0.00 0.00
1115 1.10 0.82 0.00
1116 1.77 0.30 0.00
1117 2.39 9.06 0.00
1118 0.92 0.87 0.00
1119 1.62 0.30 0.00
1120 1.38 0.30 0.00
1121 0.88 0.82 0.00
1122 2.78 2.18 0.00
1123 0.60 0.41 0.00
1124 1.17 6.02 0.00
1125 1.44 0.30 0.00
1126 2.47 0.30 0.00
1127 1.76 2.48 0.00
1128 1.04 0.36 0.00
1129 2.99 0.30 0.00
1130 2.92 0.82 0.00
1131 0.55 0.30 0.00
1132 3.76 3.98 0.00
1133 1.71 0.87 0.00
1134 3.18 14.28 0.00
1135 0.77 5.61 0.00
1136 2.32 0.82 0.00
1137 2.04 9.17 0.00
1138 1.82 0.33 0.00
1139 2.08 0.82 0.00
1140 1.10 0.30 0.00
1141 0.86 0.30 0.00
1142 2.88 9.56 0.00
1143 1.26 0.33 0.00
1144 1.62 1.92 0.00
1145 1.85 0.82 0.00
1146 0.55 0.30 0.00
1147 2.15 3.82 0.00
1148 1.14 0.85 0.00
1149 5.65 6.36 0.00
1150 1.73 0.30 0.00
1151 1.73 3.79 0.00
1152 1.87 3.67 0.00
1153 1.79 0.33 0.00
1154 2.33 4.98 0.00
1155 1.90 0.30 0.00
1156 2.20 0.30 0.00
1157 2.61 2.60 0.00
1158 3.23 3.29 0.00
1159 2.53 0.30 0.00
1160 2.08 0.82 0.00
1161 26.49 24.18 0.00
1162 4.10 4.35 0.00
1163 1.59 0.51 0.00
1164 2.07 8.37 0.00
1165 3.49 3.62 0.00
1166 6.06 6.86 0.00
1167 2.38 4.67 0.00
1168 15.22 21.78 0.00
1169 1.86 3.43 0.00
1170 2.34 0.30 0.00
1171 2.01 0.30 0.00
1172 2.37 2.67 0.00
1173 7.59 6.00 0.00
1174 1.68 4.20 0.00
1175 5.35 21.45 0.00
1176 1.98 5.94 0.00
1177 20.15 304.19 0.00
1178 134.62 67.48 0.00
1179 303.74 2.24 0.00
1180 52.48 0.50 0.00
1181 0.88 0.82 0.00
1182 2.02 2.18 0.00
1183 1.12 0.33 0.00
1184 1.41 0.82 0.00
1185 2.75 3.98 0.00
1186 2.68 0.30 0.00
1187 1.99 2.87 0.00
1188 3.22 66.54 0.00
1189 1.00 0.30 0.00
1190 2.12 0.51 0.00
1191 0.97 0.30 0.00
1192 2.72 3.60 0.00
1193 2.10 4.55 0.00
1194 4.12 133.64 0.00
1195 1.53 63.11 0.00
1196 1.99 0.82 0.00
1197 1.46 2.26 0.00
1198 1.29 0.32 0.00
1199 4.20 231.12 0.00
1200 0.89 0.30 0.00
1201 0.97 0.30 0.00
1202 1.76 2.34 0.00
1203 0.60 0.30 0.00
1204 2.54 3.98 0.00
1205 1.44 0.82 0.00
1206 0.77 0.30 0.00
1207 3.60 3.85 0.00
1208 1.68 0.82 0.00
1209 305.23 2.82 0.00
1210 2.55 0.37 0.00
1211 16.03 5.65 0.00
1212 1.16 2.08 0.00
1213 1.38 0.30 0.00
1214 1.88 0.82 0.00
1215 1.71 4.56 0.00
1216 4.76 0.38 0.00
1217 288.21 15.38 0.00
1218 1.94 0.30 0.00
1219 1.66 0.30 0.00
1220 1.69 0.82 0.00
1221 1.52 0.30 0.00
1222 24.61 25.05 0.00
1223 55.71 61.10 0.00
1224 0.88 0.00 0.00
1225 1.42 0.30 0.00
1226 1.78 0.83 0.00
1227 2.17 2.14 0.00
1228 1.03 0.37 0.00
1229 1.29 0.82 0.00
1230 1.78 0.30 0.00
1231 0.66 0.30 0.00
1232 1.26 2.50 0.00
1233 2.00 4.64 0.00
1234 1.30 0.30 0.00
1235 17.48 29.34 0.00
1236 1.55 2.91 0.00
1237 1.90 3.69 0.00
1238 1.36 0.85 0.00
1239 1.96 0.30 0.00
1240 1.74 0.30 0.00
1241 0.99 0.82 0.00
1242 3.04 2.08 0.00
1243 5.45 12.46 0.00
1244 0.99 0.82 0.00
1245 2.06 0.30 0.00
1246 2.86 0.30 0.00
1247 14.58 23.46 0.00
1248 0.93 2.99 0.00
1249 1.92 0.30 0.00
1250 2.13 0.82 0.00
1251 0.66 0.30 0.00
1252 1.46 3.66 0.00
1253 2.76 5.11 0.00
1254 0.66 0.30 0.00
1255 0.99 0.30 0.00
1256 1.65 0.82 0.00
1257 2.65 7.06 0.00
1258 1.74 0.36 0.00
1259 1.72 5.85 0.00
1260 1.10 0.30 0.00
1261 0.83 5.33 0.00
1262 2.06 7.67 0.00
1263 1.22 1.95 0.00
1264 0.77 0.30 0.00
1265 1.54 0.82 0.00
1266 0.66 0.30 0.00
1267 2.02 3.66 0.00
1268 19.77 21.10 0.00
1269 190.83 219.99 0.00
1270 111.55 135.00 0.00
1271 0.77 0.82 0.00
1272 0.68 1.83 0.00
1273 1.67 4.54 0.00
1274 1.25 0.82 0.00
1275 0.55 0.30 0.00
1276 17.59 31.94 0.00
1277 1.71 2.73 0.00
1278 9.14 13.21 0.00
1279 0.88 2.91 0.00
1280 0.45 0.82 0.00
1281 10.28 16.12 0.00
1282 1.84 3.62 0.00
1283 1.47 24.88 0.00
1284 0.55 0.30 0.00
1285 2.59 0.30 0.00
1286 0.88 0.82 0.00
1287 2.26 2.08 0.00
1288 255.92 365.60 0.00
1289 1.06 0.82 0.00
1290 1.12 0.30 0.00
1291 0.77 0.30 0.00
1292 1.17 2.67 0.00
1293 18.53 32.00 0.00
1294 1.11 0.30 0.00
1295 1.50 5.06 0.00
1296 2.21 0.30 0.00
1297 17.87 34.10 0.00
1298 1.81 1.88 0.00
1299 2.11 0.30 0.00
1300 1.67 0.30 0.00
1301 1.96 11.07 0.00
1302 2.56 12.15 0.00
1303 1.22 1.98 0.00
1304 0.88 0.82 0.00
1305 1.78 0.30 0.00
1306 214.96 299.82 0.00
1307 2.67 8.13 0.00
1308 1.37 0.36 0.00
1309 0.88 0.30 0.00
1310 2.13 0.82 0.00
1311 17.48 31.94 0.00
1312 1.31 3.73 0.00
1313 2.33 5.11 0.00
1314 5.56 8.21 0.00
1315 13.03 21.42 0.00
1316 1.54 3.43 0.00
1317 1.16 2.03 0.00
1318 3.21 20.92 0.00
1319 1.22 0.82 0.00
1320 2.03 0.30 0.00
1321 0.88 0.30 0.00
1322 2.30 2.54 0.00
1323 171.61 178.44 0.00
1324 1.22 0.30 0.00
1325 1.87 0.82 0.00
1326 49.84 109.58 0.00
1327 2.51 3.72 0.00
1328 9.04 11.13 0.00
1329 9.37 21.63 0.00
1330 1.67 0.30 0.00
1331 0.66 0.82 0.00
1332 5.56 10.06 0.00
1333 13.96 24.03 0.00
1334 1.65 5.06 0.00
1335 0.43 0.30 0.00
1336 1.73 5.40 0.00
1337 1.35 17.88 0.00
1338 0.27 0.00 0.00
1339 1.11 0.30 0.00
1340 0.67 0.82 0.00
1341 1.66 0.30 0.00
1342 1.74 3.58 0.00
1343 207.15 287.55 0.00
1344 7.85 5.28 0.00
1345 1.55 0.30 0.00
1346 1.54 0.82 0.00
1347 1.53 2.31 0.00
1348 0.82 0.33 0.00
1349 17.82 29.84 0.00
1350 0.89 2.91 0.00
1351 1.21 0.30 0.00
1352 1.79 2.60 0.00
1353 17.94 33.56 0.00
1354 0.78 2.99 0.00
1355 1.77 0.82 0.00
1356 1.24 10.49 0.00
1357 1.75 3.73 0.00
1358 2.16 11.06 0.00
1359 2.36 0.30 0.00
1360 228.93 309.18 0.00
1361 2.19 0.82 0.00
1362 3.27 2.25 0.00
1363 13.69 24.06 0.00
1364 1.96 0.82 0.00
1365 6.79 12.45 0.00
1366 2.44 0.30 0.00
1367 18.30 34.31 0.00
1368 0.93 0.36 0.00
1369 1.77 0.30 0.00
1370 1.55 0.82 0.00
1371 1.21 15.72 0.00
1372 2.06 8.61 0.00
1373 1.44 2.44 0.00
1374 1.10 0.30 0.00
1375 1.73 0.30 0.00
1376 101.84 81.50 0.00
1377 1.33 2.15 0.00
1378 78.78 116.10 0.00
1379 1.10 0.82 0.00
1380 1.55 0.30 0.00
1381 2.12 0.00 0.00
1382 1.74 2.80 0.00
1383 10.02 17.81 0.00
1384 10.01 16.12 0.00
1385 1.21 3.43 0.00
1386 1.77 0.30 0.00
1387 14.17 24.76 0.00
1388 5.48 11.42 0.00
1389 1.66 0.30 0.00
1390 1.16 0.37 0.00
1391 1.62 5.85 0.00
1392 2.86 17.37 0.00
1393 2.30 1.98 0.00
1394 2.40 0.82 0.00
1395 213.44 287.34 0.00
1396 1.08 5.69 0.00
1397 1.32 2.61 0.00
1398 2.31 0.36 0.00
1399 17.27 29.25 0.00
1400 0.75 3.51 0.00
1401 3.25 0.30 0.00
1402 5.91 11.57 0.00
1403 1.82 0.87 0.00
1404 15.92 25.66 0.00
1405 1.32 2.91 0.00
1406 2.21 0.82 0.00
1407 2.25 22.46 0.00
1408 1.56 0.36 0.00
1409 1.98 0.82 0.00
1410 1.66 0.30 0.00
1411 1.55 0.30 0.00
1412 211.40 314.95 0.00
1413 27.87 18.65 0.00
1414 0.99 0.30 0.00
1415 9.76 17.42 0.00
1416 24.54 45.97 0.00
1417 6.07 25.99 0.00
1418 2.15 0.85 0.00
1419 0.77 0.30 0.00
1420 0.77 0.30 0.00
1421 1.65 0.82 0.00
1422 2.18 1.43 0.00
1423 1.59 0.38 0.00
1424 2.61 1.53 0.00
1425 0.96 0.50 0.00
1426 2.12 0.43 0.00
1427 1.56 3.49 0.00
1428 1.36 0.30 0.00
1429 1.10 0.30 0.00
1430 3.35 0.82 0.00
1431 0.66 0.30 0.00
1432 1.12 1.87 0.00
1433 1.70 0.82 0.00
1434 1.22 0.30 0.00
1435 0.66 0.30 0.00
1436 2.59 0.82 0.00
1437 0.77 0.30 0.00
1438 1.95 0.30 0.00
1439 2.59 0.82 0.00
1440 0.99 0.30 0.00
1441 1.76 0.30 0.00
1442 2.92 0.82 0.00
1443 1.59 0.30 0.00
1444 0.99 0.30 0.00
1445 1.98 0.82 0.00
1446 0.99 0.30 0.00
1447 1.78 1.87 0.00
1448 1.48 0.82 0.00
1449 0.66 0.30 0.00
1450 1.87 0.30 0.00
1451 1.66 0.82 0.00
1452 1.33 0.30 0.00
1453 2.02 0.30 0.00
1454 2.24 0.82 0.00
1455 1.00 0.30 0.00
1456 2.19 0.30 0.00
1457 1.11 0.82 0.00
1458 1.81 0.30 0.00
1459 2.00 0.30 0.00
1460 1.31 0.82 0.00
1461 0.88 0.30 0.00
1462 1.46 1.87 0.00
1463 1.92 0.82 0.00
1464 0.55 0.30 0.00
1465 1.66 0.30 0.00
1466 1.77 0.82 0.00
1467 1.33 0.30 0.00
1468 1.48 0.30 0.00
1469 1.00 0.82 0.00
1470 1.66 0.30 0.00
1471 1.67 0.00 0.00
1472 0.99 0.82 0.00
1473 1.81 0.30 0.00
1474 0.99 0.30 0.00
1475 2.26 0.82 0.00
1476 1.44 0.30 0.00
1477 1.24 1.87 0.00
1478 2.73 0.82 0.00
1479 1.34 0.30 0.00
1480 0.77 0.30 0.00
1481 2.61 0.82 0.00
1482 1.89 0.30 0.00
1483 1.26 0.30 0.00
1484 0.88 0.82 0.00
1485 1.32 0.30 0.00
1486 1.58 0.30 0.00
1487 1.88 0.82 0.00
1488 1.36 0.30 0.00
1489 1.14 0.38 0.00
1490 2.52 0.88 0.00
1491 1.10 0.30 0.00
1492 1.12 1.87 0.00
1493 1.92 0.82 0.00
1494 1.33 0.30 0.00
1495 1.22 0.30 0.00
1496 2.24 0.96 0.00
1497 5.63 3.58 0.00
1498 1.30 0.30 0.00
1499 2.11 0.82 0.00
1500 5.07 362.87 0.00
1501 1.22 0.30 0.00
1502 2.43 0.82 0.00
1503 1.37 0.30 0.00
1504 0.66 0.30 0.00
1505 1.33 0.82 0.00
1506 1.22 0.30 0.00
1507 1.80 1.87 0.00
1508 1.14 0.82 0.00
1509 1.45 0.30 0.00
1510 1.58 0.30 0.00
1511 1.65 0.82 0.00
1512 0.77 0.30 0.00
1513 2.15 0.30 0.00
1514 8.92 138.68 0.00
1515 0.44 0.30 0.00
1516 5.54 3.53 0.00
1517 8.95 907.13 0.00
