0 1 1 941052 3386852 23724 197260 37 48 281 1 4 11 1 83 4 0
1 0 0 941016 3385168 23732 198412 36 0 136 363 462 0 1 97 2 0
2 0 0 940972 3386036 23732 197352 60 0 0 193 379 0 0 99 1 0
3 0 0 940924 3384704 23732 198408 56 0 0 180 359 0 0 99 1 0
4 0 0 940904 3385728 23732 197388 28 0 0 183 391 0 0 99 0 0
5 0 0 940860 3384760 23732 198396 44 0 0 193 415 0 0 99 1 0
6 0 0 940820 3385660 23740 197364 80 0 36 198 416 0 0 99 0 0
7 0 0 940776 3378820 23740 198400 44 0 0 665 1203 5 3 91 1 0
8 0 0 940732 3379956 23740 197388 72 0 0 176 411 0 0 99 1 0
9 0 0 940704 3378712 23740 198396 72 0 0 196 401 0 0 99 0 0
10 0 0 940680 3379704 23740 197388 40 0 0 187 413 0 0 99 0 0
11 0 1 940400 3379860 23752 198424 720 0 20 345 619 1 0 78 22 0
12 0 2 939660 3378792 23764 197512 1548 0 0 530 817 1 1 62 37 0
13 0 3 938180 3373600 24220 199396 2228 0 0 1003 1287 1 1 44 55 0
14 0 2 937184 3349924 24232 202512 1344 0 0 1052 1313 1 2 63 35 0
15 0 1 937176 3342532 24240 205188 148 0 0 728 1025 2 1 74 24 0
16 0 1 937140 3327652 24248 213564 48 0 84 482 768 2 1 74 24 0
17 0 1 937104 3322288 24248 216604 32 0 0 629 825 3 1 74 23 0
18 0 1 937056 3310284 24248 218908 108 0 0 759 943 5 1 73 21 0
19 0 1 937032 3296980 24248 225412 24 0 0 677 897 2 1 75 23 0
20 0 1 936992 3278532 24256 237148 32 0 44 685 897 2 1 73 24 0
21 0 1 936968 3264500 24392 238940 36 0 0 769 907 6 1 71 21 0
22 0 1 936912 3240240 24392 242120 40 0 0 658 797 9 1 71 19 0
23 4 0 936880 3221980 24400 242968 36 0 0 690 920 8 1 72 20 0
24 0 1 936856 3207668 24408 245848 36 0 20 630 776 8 1 70 21 0
25 2 0 936836 3201944 24408 247620 16 0 4 542 818 6 1 72 21 0
26 1 0 936808 3182648 24408 250736 56 0 0 613 940 9 1 70 19 0
27 1 0 936792 3113656 24408 253004 32 0 0 1199 1529 13 2 73 12 0
28 0 1 936748 3018628 24408 257636 44 0 0 1501 1908 13 3 70 14 0
29 0 2 936728 2969280 24420 259176 40 0 44 1122 1412 7 1 74 17 1
30 0 2 936528 2951936 24420 260644 244 0 92 821 1472 3 1 51 46 0
31 1 1 936252 2856540 24480 326416 328 0 0 2281 1344 15 8 37 40 0
32 1 1 936104 2764796 24484 419616 188 0 88204 889 954 2 9 45 44 0
33 0 2 935896 2739120 24484 437032 284 0 0 791 1454 2 2 49 46 0
34 0 3 935700 2735984 24492 438988 240 0 84 702 1070 10 0 50 40 0
35 1 2 935500 2699180 24496 438448 304 0 124 534 959 2 1 67 31 0
36 0 2 935248 2696128 24496 440056 328 0 0 561 896 1 1 72 26 0
37 0 1 935180 2674080 24500 440080 52 0 0 482 880 2 1 69 28 0
38 1 1 935144 2631336 24504 441512 56 0 0 722 1362 4 1 70 24 0
39 0 1 935120 2628932 24516 440768 28 0 136 494 869 7 1 72 21 0
40 1 1 935060 2508144 24516 442680 64 0 0 568 880 2 0 67 31 0
41 0 2 935008 2482920 24516 447596 68 0 0 1311 1354 10 2 73 15 0
42 2 2 934872 2458668 24516 450100 352 0 0 1481 2306 7 1 56 35 1
43 0 4 934708 2365768 24528 462724 624 0 24 1717 2391 43 3 21 33 1
44 0 4 934696 2363100 24528 462732 596 0 48 533 972 1 0 50 49 1
45 0 4 934688 2360620 24528 462676 380 0 0 504 1056 1 0 49 49 0
46 0 4 934156 2359800 24528 462628 860 0 0 718 1055 0 0 50 49 0
47 3 1 933964 2359552 24528 462724 376 0 0 1112 1686 55 1 35 10 0
48 0 4 933532 2359224 24532 462696 524 0 40 546 1111 5 0 71 24 0
49 0 1 932492 2358000 24548 462708 1152 0 4 547 1092 0 0 72 27 0
50 0 1 931432 2357040 24548 462808 1132 0 0 505 1062 0 0 72 28 0
51 4 1 921224 2107340 24548 484604 328 0 0 24478 1671 20 21 26 33 0
52 0 4 921116 1784092 24548 543472 52 0 0 24275 2157 52 16 4 27 0
53 4 7 921064 1657732 24556 585728 68 0 52 8216 3694 39 8 4 48 0
54 2 5 920828 1597344 24560 605228 296 0 4 5497 2094 24 5 12 58 0
55 4 5 920536 1450952 24560 647572 108 0 0 9802 2025 51 6 22 21 0
56 0 6 920308 1318512 24560 703804 112 0 0 8808 1855 38 7 20 34 1
57 1 5 920196 1292932 24560 728692 84 0 0 890 1361 19 1 27 52 0
58 0 10 920100 1273032 24564 748248 116 0 12 805 1425 11 1 24 65 0
59 2 4 919912 1198816 24568 768972 72 0 48 5363 1500 19 4 30 46 0
60 1 5 919652 1070256 24568 816264 120 0 0 11952 1489 28 5 13 54 0
61 2 4 919424 954476 24568 851252 112 0 0 20149 1879 29 8 5 57 1
62 2 5 919228 928724 24576 877160 84 0 24 1062 1718 15 1 19 65 0
63 0 6 919112 863136 24576 895584 100 0 32840 5877 1517 19 4 17 60 0
64 4 4 919020 831296 24588 912452 40 0 55436 943 1336 14 2 6 77 0
65 0 5 918876 727524 24588 950740 124 0 0 1594 2155 34 5 23 38 0
66 2 5 918780 643988 24588 995496 76 0 0 1422 1901 30 4 39 27 0
67 0 4 918660 556604 24596 1045876 88 0 60 1423 1981 35 4 21 39 0
68 1 5 918532 481160 24596 1083096 104 0 0 1188 1816 24 3 16 57 0
69 0 5 918408 412292 24596 1114272 112 0 128 1180 1686 24 4 11 61 1
70 3 3 918292 393796 24596 1132652 128 0 0 690 1214 8 1 4 87 0
71 2 5 918088 313992 24596 1171904 156 0 0 1360 1904 26 3 22 49 0
72 1 5 917980 229276 24604 1216296 84 0 16 1252 1835 28 3 22 46 0
73 1 6 917864 153212 24604 1209940 100 0 0 1913 1968 36 7 17 41 0
74 1 3 917736 157744 24604 1160924 112 0 20 1751 2069 33 5 5 57 0
75 0 5 917632 145228 24604 1127488 88 0 0 1494 2004 33 5 9 53 0
76 3 4 917520 139288 24604 1090268 88 0 0 1480 1987 35 6 14 45 0
77 0 6 917392 143660 24612 1040932 116 12 68 1393 1949 24 5 36 35 0
78 0 4 917168 142084 24612 993968 148 0 0 1546 2014 34 4 17 44 0
79 0 5 917052 120904 24612 960960 68 0 0 1703 2296 38 4 18 39 0
80 3 2 916648 127888 24612 801940 80 0 0 2417 2112 41 4 33 21 1
81 1 2 916564 130256 24620 747696 88 0 20 2666 1780 32 3 39 26 0
82 1 3 916460 135220 24620 687332 80 0 0 2649 1840 32 5 38 25 0
83 0 1 916356 110084 24620 712288 72 0 4 884 1482 13 1 56 30 0
84 0 0 916312 157476 24620 608856 44 0 0 1946 1123 10 4 79 7 0
85 0 0 916288 155684 24620 609764 8 0 0 328 703 0 0 98 2 0
86 0 1 916232 154824 24628 610872 44 0 20 331 733 0 0 96 4 0
87 0 1 916192 154836 24628 610936 40 0 0 324 704 0 0 95 4 0
88 0 0 916156 154524 24628 610996 20 0 32 313 686 0 0 97 3 0
89 0 0 916132 155796 24628 609904 0 0 0 278 637 0 0 100 0 0
90 0 0 916108 152880 24628 613028 40 0 0 349 741 0 0 97 3 0
91 0 0 916092 153852 24636 611884 0 0 20 278 651 0 0 99 0 0
92 0 0 916072 152956 24636 612848 20 0 0 290 650 0 0 99 1 0
93 6 0 916048 153596 24636 595596 8 0 80 1026 1382 30 2 66 3 0
94 0 0 916008 160264 24428 462764 64 0 0 7873 1431 66 6 27 2 0
95 0 0 915980 159864 24428 462644 0 0 0 285 657 0 0 100 0 0
96 0 0 915948 160872 24436 461576 28 0 60 284 689 0 0 98 2 0
97 0 0 915928 159788 24436 462604 16 0 0 284 633 0 0 92 7 0
98 0 0 915896 160676 24436 461712 40 0 0 292 683 0 0 97 3 0
99 0 0 915872 159480 24436 462884 4 0 0 311 675 1 0 96 3 0
100 1 0 915828 159072 24444 462796 0 0 20 378 776 1 0 92 6 0
101 0 1 915804 158992 24448 462548 24 0 0 446 840 2 1 73 24 0
102 3 1 915776 157228 24448 463916 40 0 20 842 1136 28 1 51 20 0
103 0 1 915740 158116 24448 463064 20 0 0 367 714 5 0 91 4 0
104 0 0 915664 157404 24448 464084 76 0 0 384 821 0 0 90 10 0
105 0 0 915636 158316 24456 463008 32 0 44 318 699 0 0 100 0 0
106 0 0 915604 157248 24456 464024 36 0 0 321 672 0 0 97 2 0
107 0 2 915584 157228 24536 463516 8 0 60 560 1059 2 1 77 21 0
108 4 0 915556 154872 24032 344744 32 0 0 1326 1229 50 8 35 8 0
109 3 0 915540 154688 24116 207164 0 0 0 1839 1349 87 8 5 1 0
110 0 0 915636 118024 24256 188848 24 108 252 795 841 24 4 70 2 0
111 0 0 915624 118272 24256 187864 0 0 0 302 660 0 0 100 0 0
112 0 0 915616 116576 24256 188916 32 0 0 338 683 0 0 99 1 0
113 0 0 915600 117588 24256 187892 32 0 0 305 683 0 0 100 0 0
114 0 0 915580 116348 24256 188952 12 0 0 338 708 0 0 98 2 0
115 0 0 915560 116504 24264 187924 0 0 16 298 666 0 0 100 0 0
116 0 0 915548 115388 24264 189088 0 0 0 305 672 0 0 97 3 0
117 0 0 915536 116444 24264 188060 0 0 32 329 688 0 0 99 0 0
118 0 0 915520 115324 24264 189092 0 0 0 315 659 0 0 96 4 0
119 0 0 915500 116316 24264 188056 32 0 0 318 688 1 0 99 0 0
120 0 0 915484 114460 24272 190024 16 0 0 362 700 0 0 98 1 0
121 0 0 915468 113680 24272 191116 24 0 32 345 719 1 0 99 1 0
122 0 0 915448 114716 24272 190264 8 0 0 306 672 0 0 100 0 0
123 0 0 915440 114176 24272 191212 24 0 0 315 678 0 0 99 1 0
124 0 0 915428 115108 24280 190152 0 0 28 309 706 0 0 100 0 0
125 0 0 915420 114148 24280 191164 8 0 0 303 651 0 0 99 1 0
126 0 0 915388 115140 24280 190120 56 0 52 325 685 1 0 99 0 0
127 0 0 915376 114084 24280 191164 12 0 0 325 688 0 0 99 1 0
128 0 0 915324 114688 24280 190204 40 0 0 438 931 0 0 97 3 0
129 0 0 915296 113588 24288 191208 24 0 32 330 728 0 0 98 2 0
130 0 0 915288 114580 24288 190188 4 0 0 297 677 0 0 100 0 0
131 0 0 915276 113528 24288 191216 16 0 20 328 690 0 1 99 1 0
132 0 0 915264 113420 24408 190212 12 0 0 416 845 0 1 96 3 0
133 0 1 915260 112568 24408 191260 32 0 0 314 706 0 0 98 1 0
134 0 0 915256 113716 24416 190260 0 0 52 297 663 0 0 99 0 0
135 0 0 915248 113096 24416 191224 0 0 0 297 643 0 1 94 6 0
136 0 0 915236 113804 24416 190272 16 0 0 322 712 0 0 100 0 0
137 0 0 915220 112808 24416 191432 16 0 0 323 687 0 0 97 2 0
138 0 0 915212 113976 24416 190280 0 0 0 292 666 0 0 100 0 0
139 0 0 915204 112816 24424 191364 0 0 20 307 700 0 0 99 1 0
140 1 0 918064 114976 18356 127096 16 0 140 440 461 25 0 74 1 0
141 1 0 918052 115808 18356 126104 0 0 0 406 436 25 0 75 0 0
142 1 0 918048 121284 13532 106408 0 4 4 973 770 42 2 55 1 0
143 1 0 918040 121520 13540 105284 16 0 52 416 461 25 0 75 0 0
144 4 0 918028 104816 13540 106332 16 0 0 564 588 32 1 66 1 0
145 1 0 918020 105196 13540 105308 16 0 32 565 587 29 0 71 0 0
146 1 0 918004 103696 13540 106412 0 0 0 427 435 25 0 75 1 0
147 1 0 917996 104896 13540 105540 0 0 0 599 595 36 0 64 0 0
148 1 0 917992 103784 13548 106532 0 0 24 437 458 25 0 74 1 0
149 5 1 917976 104728 13548 105396 56 0 0 439 464 25 0 75 0 0
150 0 0 917964 103412 13548 106564 12 0 24 372 732 3 0 97 0 0
151 5 0 917944 104316 13548 105600 24 0 0 287 649 1 0 99 1 0
152 0 1 917464 102492 13548 106536 632 0 0 691 1332 0 0 85 15 0
153 0 1 916760 102872 13556 105472 728 0 28 746 1738 1 0 75 24 0
154 0 1 915952 123120 12340 85776 928 0 0 694 1505 0 1 74 26 0
155 0 1 915012 122164 12344 85168 1084 0 36 769 1643 0 1 75 25 0
156 6 1 914320 120588 12344 85468 856 0 0 660 1453 0 0 74 25 0
157 0 1 913688 120352 12356 84892 824 0 0 732 1364 0 0 71 29 0
158 0 1 912952 118504 12364 86032 804 0 40 789 1385 0 0 74 25 1
159 0 1 912192 118700 12364 85080 792 0 0 736 1521 1 0 74 24 0
160 0 1 911008 117252 12368 85088 804 0 0 566 898 0 1 75 25 0
161 0 2 910896 115848 12368 86052 120 0 0 316 676 1 0 74 25 0
162 0 1 910708 116128 12376 85060 252 0 56 343 684 0 0 74 26 0
163 0 1 910564 115480 12376 86036 160 0 0 350 703 0 0 75 25 0
164 0 1 910196 116264 12376 85068 468 0 0 459 819 0 0 75 25 0
165 0 2 909892 112136 12376 88192 1316 0 0 834 1226 0 0 74 26 0
166 0 1 909396 112216 12376 87044 800 0 0 780 1248 0 0 75 25 0
167 0 4 908976 107712 12384 87996 2460 0 20 1218 2009 1 1 54 45 0
168 3 1 908528 106112 12384 87712 1836 0 0 1790 1976 61 1 15 24 0
169 5 1 908528 103212 12384 88988 1184 0 0 1674 1339 72 1 2 25 0
170 4 2 907996 120584 10092 72008 1808 128 128 3182 1929 75 2 5 18 0
171 4 1 907260 119028 10096 73108 1348 0 0 1921 1359 98 1 1 0 0
172 4 1 906384 118912 10116 72220 1152 0 108 1943 1785 97 1 1 1 0
173 4 0 905904 117332 10120 73164 560 0 0 1656 1322 98 1 1 0 0
174 4 0 905896 118296 10124 72216 8 0 0 1307 803 99 0 0 0 0
175 3 0 905888 117176 10128 73172 8 0 0 1119 689 82 0 17 1 0
176 0 0 905860 118224 10136 72160 36 0 0 508 733 19 0 80 1 0
177 1 0 905852 117116 10144 73192 8 0 60 270 633 0 0 99 1 0
178 0 0 905840 118108 10144 72232 16 0 0 244 589 0 0 99 1 0
179 2 3 905832 117528 10148 73216 16 0 236 287 643 1 1 97 2 0
180 0 0 905804 117244 10152 73080 24 0 0 271 616 0 0 99 1 0
181 0 0 905768 117692 10160 72236 24 0 64 283 661 0 0 99 0 0
182 0 0 905764 116584 10160 73212 0 0 0 268 606 0 0 99 1 0
183 0 0 905728 117580 10160 72236 56 0 0 278 619 1 0 99 1 0
184 0 0 905720 116548 10160 73332 16 0 0 254 622 0 1 99 1 0
185 0 0 905712 117364 10160 72376 8 0 0 295 667 0 0 99 0 0
186 0 0 905700 115968 10168 73320 16 0 20 341 787 0 0 98 2 0
187 0 0 905692 116932 10168 72360 12 0 0 254 617 0 0 99 0 0
188 0 0 905680 114468 10168 75340 16 0 0 325 673 0 0 94 6 0
189 0 1 905668 114912 10168 74496 56 0 0 286 643 0 0 89 11 0
190 0 3 905656 113432 10168 75656 36 0 0 389 790 1 0 70 29 0
191 0 3 905632 112312 10248 75264 776 0 48 622 957 1 0 48 51 0
192 0 1 905552 111828 10252 76280 128 0 0 367 756 0 1 70 29 0
193 0 1 905528 112604 10256 75340 56 0 0 290 672 0 0 75 25 0
194 0 0 905504 112180 10264 76232 92 0 0 304 676 0 1 89 11 0
195 0 0 905492 112212 10264 75344 12 0 0 244 608 0 0 99 1 0
196 0 0 905484 111168 10272 76180 8 0 44 265 640 0 1 98 1 0
197 0 0 905476 112364 10272 75364 8 0 0 261 657 0 0 99 1 0
198 0 0 905468 111188 10272 76320 8 0 0 279 642 0 0 98 1 0
199 0 0 905460 111644 10272 75364 8 0 0 261 620 1 0 99 1 0
200 0 0 905440 111624 10280 75360 8 0 20 278 645 0 0 99 1 0
201 0 0 905432 111308 10280 76316 8 0 0 290 637 0 0 99 1 0
202 0 0 905424 112184 10280 75372 8 0 0 288 668 0 0 99 1 0
203 0 0 905412 111116 10280 76328 16 0 0 276 644 0 0 98 1 0
204 0 0 905400 111168 10280 76252 8 0 0 272 628 0 0 99 0 0
205 0 0 905392 112192 10288 75220 16 0 16 286 668 0 0 99 1 0
206 0 0 905384 111556 10288 76248 16 0 0 258 604 0 0 99 0 0
207 0 0 905376 112008 10288 75224 4 0 0 274 620 0 0 99 0 0
208 0 0 905356 111544 10288 76240 48 0 56 290 658 0 0 99 1 0
209 0 0 905344 111756 10288 75240 32 0 0 258 594 0 0 99 0 0
210 0 0 905336 110796 10296 76256 12 0 20 261 626 0 0 99 1 0
211 0 0 905324 111788 10296 75244 16 0 0 256 617 0 0 99 0 0
212 0 0 905316 110828 10296 76268 12 0 0 271 633 0 0 99 1 0
213 0 0 905308 111884 10300 75244 0 0 128 265 612 0 0 99 0 0
214 0 0 905296 110660 10300 76272 48 0 0 361 825 0 0 98 2 0
215 0 0 905288 111296 10308 75504 0 0 36 258 627 0 0 99 1 0
216 0 0 905280 110764 10308 76528 16 0 0 257 623 0 0 99 1 0
217 0 0 905272 111788 10308 75512 4 0 0 283 675 0 1 99 0 0
218 0 0 905264 110704 10308 76532 12 0 0 257 624 0 0 99 1 0
219 0 0 905256 111200 10308 75504 8 0 0 249 616 0 0 99 1 0
220 0 0 905232 111136 10316 75508 8 0 0 245 602 0 0 99 0 0
221 0 0 905224 110052 10316 76544 12 0 0 264 634 0 0 99 1 0
222 1 0 928248 128588 7396 49424 16 23040 23052 24368 878 39 7 54 0 0
223 1 0 928240 126628 7396 50428 0 0 0 396 405 25 0 74 1 0
224 1 0 928228 127712 7404 48948 16 0 52 393 404 25 0 74 1 0
225 1 0 928204 126580 7404 49980 28 0 0 568 540 38 0 57 5 0
226 1 0 928192 127620 7404 48968 8 0 0 411 416 25 0 75 0 0
227 1 0 928184 126380 7404 49964 32 0 0 633 669 35 0 62 3 0
228 1 0 928172 127436 7404 48964 12 0 0 440 474 25 0 74 1 0
229 1 0 928160 126284 7412 49984 8 0 20 611 605 34 1 65 1 0
230 1 0 928152 126720 7412 49100 0 0 0 408 415 25 0 75 0 0
231 1 0 928144 125544 7412 50132 0 0 0 425 442 25 0 75 0 0
232 0 0 928136 124688 7412 51064 24 0 0 492 698 18 0 80 2 0
233 0 0 928128 123184 7412 52188 12 0 0 255 631 0 0 98 2 0
234 0 0 928116 124240 7420 51172 0 0 20 260 641 1 0 99 0 0
235 0 0 928108 123312 7420 52192 0 0 0 261 620 1 0 99 1 0
236 0 0 928100 124336 7420 51144 32 0 0 282 636 0 0 99 0 0
237 0 0 928084 123376 7420 52200 16 0 152 280 652 0 0 97 3 0
238 0 0 928072 124400 7420 51160 24 0 0 271 624 0 0 99 0 0
239 0 0 928060 123744 7428 52200 0 0 52 270 638 0 0 99 1 0
240 0 0 928040 122412 7428 53024 8 0 0 299 656 0 0 99 1 0
241 0 0 928028 123344 7428 51996 12 0 0 278 634 0 0 99 1 0
242 0 0 928020 121948 7428 53096 4 0 0 390 878 0 0 97 3 0
243 0 0 928008 122808 7436 52228 16 0 16 276 652 0 0 99 1 0
244 1 0 928000 121684 7436 53120 0 0 0 258 593 0 0 99 0 0
245 0 0 927992 122752 7436 52128 0 0 0 279 647 0 0 99 0 0
246 0 0 927984 121812 7436 53276 8 0 0 265 622 0 0 99 1 0
247 0 0 927952 120076 7436 54276 28 0 0 365 752 0 1 97 2 0
248 0 0 927940 119432 7444 55220 16 0 44 274 647 0 0 97 2 0
249 0 0 927932 120160 7444 54360 0 0 0 269 617 0 0 100 0 0
250 1 1 927932 119304 7444 55216 16 0 0 278 605 0 0 94 6 0
251 1 0 927912 120296 7444 54208 16 0 0 268 639 0 0 98 1 0
252 1 0 927904 119348 7444 55364 16 0 0 269 614 0 0 89 11 0
253 1 0 927888 118408 7452 56236 16 0 16 300 678 0 1 93 6 0
254 1 0 927876 117660 7452 57320 0 0 0 265 633 0 0 97 2 0
255 1 0 927868 118712 7452 56312 16 0 0 283 629 0 0 97 3 0
256 1 0 927856 115740 7452 59516 16 0 0 288 655 0 0 98 2 0
257 1 0 927848 116716 7452 58508 4 0 0 277 660 0 0 100 0 0
258 1 0 927840 115680 7460 59380 12 0 16 284 650 0 0 99 1 0
259 1 0 927828 116780 7460 58500 12 0 0 260 614 0 0 99 1 0
260 5 0 983816 124248 5756 46796 12 0 156 1272 691 99 0 0 0 0
261 5 0 983808 122804 5760 47872 16 0 0 1363 932 99 1 1 0 0
262 5 0 983784 123864 5768 46900 36 0 88 1297 724 99 0 1 0 0
263 5 0 983776 122800 5780 47800 4 0 0 1341 807 99 1 1 0 0
264 2 0 983764 123712 5784 46852 16 0 0 962 614 68 0 32 0 0
265 2 0 983696 122912 5784 47916 72 0 0 459 507 25 0 73 2 0
266 4 0 983656 115200 5784 47068 80 0 0 497 516 28 2 70 0 0
267 3 0 983648 113972 5796 47908 8 0 52 1019 707 73 0 27 0 0
268 1 0 983640 114416 5800 46920 0 0 0 409 694 11 0 89 0 0
269 1 0 983632 113028 5800 48056 4 0 0 281 633 0 0 99 1 0
270 1 0 983612 113948 5800 47180 36 0 136 267 614 0 0 99 1 0
271 1 0 983424 112412 5800 48244 252 0 0 425 913 0 1 91 8 1
272 1 0 983416 113368 5808 47060 4 0 72 239 605 0 0 99 1 0
273 1 0 983408 112752 5808 48076 0 0 0 254 600 0 0 99 1 0
274 0 0 983396 113408 5808 47188 12 0 0 261 621 0 0 99 0 0
275 0 0 983388 112232 5808 48148 4 0 0 239 596 0 0 99 1 0
276 0 0 983364 111736 5808 48560 20 0 0 326 690 0 0 92 7 0
277 0 0 983348 110752 5816 49504 20 0 16 269 661 0 0 93 6 0
278 0 0 983336 111672 5816 48672 24 0 0 234 583 0 0 97 2 0
279 0 0 983328 110652 5816 49656 8 0 0 281 621 1 0 96 3 0
280 0 1 983200 110980 5816 49696 124 0 0 332 702 0 1 68 32 0
281 1 0 983180 111720 5828 48644 68 0 56 292 644 0 0 88 11 0
282 0 0 983160 111312 5828 49584 28 0 0 257 610 0 0 98 2 0
283 0 0 983152 111356 5828 48728 8 0 0 307 691 1 0 99 0 0
284 0 0 983140 110336 5828 49688 12 0 0 271 637 0 0 99 1 0
285 0 0 983072 111280 5828 48640 64 0 0 319 715 1 0 98 2 0
286 0 0 983040 110148 5836 49672 40 0 20 285 659 0 0 98 2 0
287 0 0 983032 111428 5836 48600 0 0 0 238 592 0 0 100 0 0
288 0 0 983024 110244 5836 49700 0 0 0 275 633 0 0 99 1 0
289 1 0 983016 110716 5836 48736 8 0 0 470 801 4 0 96 0 0
290 1 0 983000 107664 5880 50484 76 0 0 1012 777 18 1 74 7 0
291 1 0 982992 108660 5888 49512 0 0 56 398 408 25 0 75 0 0
292 1 0 982952 107968 5888 50656 32 0 0 404 421 25 0 73 2 0
293 1 0 982940 109008 5888 49540 20 0 0 389 398 25 0 75 0 0
294 1 0 990124 123444 4124 50944 28 7216 15304 3093 1110 21 3 74 2 0
295 1 0 990112 122916 4124 50084 4 0 0 766 730 12 1 87 0 0
296 1 0 990104 122060 4132 50708 16 0 68 431 464 25 0 73 3 0
297 1 0 990096 122356 4132 49844 0 0 0 393 398 25 0 75 0 0
298 0 0 990088 123488 4132 50700 4 0 0 585 769 6 0 90 4 0
299 0 0 990080 112276 4132 61524 0 0 10276 842 849 9 2 89 0 0
300 1 0 990064 109964 4140 61668 16 0 56 522 522 19 0 79 2 0
301 1 0 990056 108680 4140 62556 16 0 0 404 412 25 0 74 1 0
302 1 0 990048 109580 4140 61680 16 0 0 397 399 25 0 75 0 0
303 0 0 990004 110480 4140 62724 84 0 5684 985 1040 15 1 67 17 0
304 1 0 991132 121020 3300 60336 4 1136 9460 1740 889 14 1 84 2 0
305 1 0 991120 121612 3308 61008 0 0 84 902 807 8 0 90 2 0
306 1 0 991112 120444 3308 60124 32 0 0 449 430 24 0 76 0 0
307 1 0 991100 119592 3308 61020 28 0 0 421 433 25 1 74 1 0
308 0 0 991080 122044 3308 60340 32 0 0 1033 770 15 1 83 1 0
309 0 0 991072 121196 3312 61344 12 0 3560 265 622 0 0 98 1 0
310 0 0 991060 122124 3320 60348 0 0 36 237 613 0 0 100 0 0
311 1 0 997472 116640 1576 38268 580 6920 6920 2539 1313 18 4 64 14 0
312 1 0 997464 117176 1576 37776 12 0 0 516 653 25 0 74 1 0
313 0 0 997456 116132 1580 38736 16 0 0 531 684 24 0 74 2 0
314 0 0 997448 116272 1580 38844 0 0 0 262 650 0 0 100 0 0
315 0 0 997432 117296 1588 37816 24 0 24 264 646 0 0 99 1 0
316 0 0 997424 115964 1588 38840 16 0 0 273 629 0 0 99 1 0
317 0 0 997416 116112 1588 37852 12 0 0 300 661 0 0 99 1 0
318 0 0 997408 116056 1588 38852 0 0 0 295 662 0 0 99 1 0
319 0 0 997400 116460 1588 37956 0 0 0 282 650 0 0 100 0 0
320 0 0 997380 116620 1596 37964 4 0 0 277 646 0 0 100 0 0
321 0 0 997372 115528 1596 39064 0 0 0 312 663 1 0 99 0 0
322 0 0 997348 116604 1596 37992 28 0 0 295 676 0 1 99 0 0
323 0 0 997340 115592 1596 39092 16 0 0 307 654 0 0 99 1 0
324 0 0 997312 116668 1604 38036 0 0 16 279 642 1 0 99 0 0
325 0 0 997296 115492 1604 39100 28 0 0 280 647 0 0 99 1 0
326 0 0 997288 116516 1604 38088 16 0 0 266 631 0 0 100 0 0
327 0 0 997284 116084 1604 39112 0 0 0 270 621 0 0 99 1 0
328 0 0 997276 116016 1604 38212 8 0 0 412 888 1 1 96 3 0
329 0 0 997264 115460 1612 39280 0 0 16 294 661 0 0 99 0 0
330 0 0 997252 115956 1612 38264 16 0 0 268 623 0 0 99 0 0
331 1 0 997240 114944 1612 39368 32 0 0 390 628 10 0 88 2 0
332 1 0 997232 115848 1612 38356 0 0 0 400 403 25 0 75 0 0
333 1 0 997220 114696 1612 39388 0 0 56 418 412 25 0 74 1 0
334 1 0 997212 115208 1620 38352 32 0 24 416 447 25 0 75 1 0
335 1 0 997200 129144 1644 24244 0 0 0 732 808 39 1 60 1 0
336 1 0 997188 130356 1644 23164 32 0 0 420 441 25 0 75 0 0
337 1 0 997172 129376 1644 24076 0 0 0 589 607 35 1 65 0 0
338 1 0 997164 129932 1648 23184 0 0 92 402 421 25 0 75 0 0
339 1 0 997144 129052 1656 24172 44 0 100 444 445 24 0 75 1 0
340 1 0 997120 128956 1656 24220 0 0 0 430 430 25 0 73 3 0
341 1 1 997112 128088 1656 25392 40 0 0 632 657 34 0 62 4 0
342 1 0 997104 127100 1656 26360 0 0 0 427 472 25 0 70 5 0
343 0 1 997092 128092 1664 25320 0 0 20 584 742 27 0 69 4 0
344 1 1 997064 111512 1664 43092 44 0 0 536 999 9 1 66 24 0
345 1 0 997052 104324 1664 49956 0 0 0 551 871 22 0 74 4 0
346 1 0 997044 103240 1664 51328 0 0 0 410 407 25 0 74 2 0
347 1 1 999864 113072 872 50820 48 2836 2848 1453 1080 20 2 65 13 0
348 0 1 1012984 138992 632 45064 16 13128 13148 669 1094 9 2 60 29 0
349 1 0 1012972 129160 632 54020 4 0 0 543 894 17 0 62 21 0
350 1 0 1012964 125992 632 57064 0 0 0 450 491 25 0 68 8 0
351 1 0 1012944 126552 632 56180 16 0 0 405 432 25 0 74 1 0
352 1 0 1020624 120344 540 83564 16 7692 7692 3254 2059 24 3 60 13 0
353 1 0 1020612 121456 548 82532 16 0 16 419 478 25 0 75 0 0
354 1 0 1020604 120272 548 83740 16 0 0 416 419 25 0 74 1 0
355 1 0 1020596 104532 548 100052 0 0 0 705 1168 24 1 70 5 0
356 1 0 1020588 103352 548 101008 16 0 0 466 510 25 0 74 1 0
357 1 0 1020576 103820 560 100292 0 0 0 596 751 25 0 71 4 0
358 0 0 1020564 103076 568 101332 0 0 20 370 644 9 0 91 1 0
359 0 0 1020552 103620 568 100296 0 0 0 259 636 0 0 100 0 0
360 0 1 1020468 102832 708 101244 108 0 0 525 931 0 1 91 8 0
361 0 0 1030920 120960 684 89512 32 10484 10536 498 873 0 2 92 6 0
362 0 0 1030896 120300 692 90876 24 0 48 313 703 0 0 99 1 0
363 0 0 1030892 118752 692 91980 16 0 0 295 643 0 0 98 1 0
364 0 0 1030880 119720 692 90900 0 0 0 285 650 0 0 100 0 0
365 0 0 1030864 118760 692 91920 16 0 0 291 651 0 0 100 0 0
366 0 0 1030852 119784 692 90900 0 0 12 272 629 0 0 100 0 0
367 0 0 1030844 118700 700 92004 16 0 32 304 674 0 0 99 1 0
368 0 0 1030836 119596 700 91004 0 0 0 283 653 0 1 100 0 0
369 0 0 1030828 117604 700 93528 32 0 0 337 699 0 0 99 1 0
370 0 0 1030820 118792 700 92392 0 0 0 282 648 0 0 100 0 0
371 0 0 1030808 116032 700 95468 16 0 156 423 843 1 0 97 2 0
372 0 0 1030796 116528 708 94456 24 0 36 298 687 0 0 99 1 0
373 0 0 1030788 115396 708 95660 0 0 0 301 658 0 0 98 2 0
374 0 0 1030780 116540 708 94480 0 0 0 311 678 0 0 100 0 0
375 0 1 1030772 115492 708 95576 16 0 0 299 661 0 0 94 5 0
376 0 0 1030752 116456 708 94484 32 0 0 311 667 0 0 96 4 0
377 0 0 1030744 116016 716 95604 0 0 16 305 676 0 0 97 3 0
378 0 0 1030732 116676 716 94600 0 0 0 276 643 0 0 100 0 0
379 0 0 1030724 115832 716 95532 48 0 0 334 695 0 0 99 1 0
380 0 0 1030700 115336 716 95668 0 0 0 303 666 0 0 100 0 0
381 0 0 1030688 116312 724 94656 32 0 16 305 668 0 0 99 1 0
382 0 0 1030680 115268 724 95768 0 0 0 290 657 0 0 99 0 0
383 4 0 1030640 115988 736 94584 72 0 0 1067 907 68 0 30 2 0
384 1 0 1030632 115112 736 95760 0 0 0 768 545 52 0 47 1 0
385 1 0 1030620 116048 736 94672 32 0 0 530 670 25 0 74 1 0
386 1 0 1030592 116064 752 95552 24 0 52 464 470 25 0 73 2 0
387 4 0 1030576 103480 824 107364 24 0 0 1313 1301 74 1 22 3 0
388 1 0 1031884 125816 792 91068 32 1324 1324 1555 657 30 1 68 1 0
389 1 0 1031876 126784 792 89872 0 0 0 428 430 25 0 75 0 0
390 1 0 1031868 125472 792 91052 0 0 56 439 423 25 0 74 1 0
391 4 1 1032652 123436 784 95656 0 812 892 2053 1564 71 2 27 0 0
392 1 0 1032648 120508 784 98980 0 0 0 503 548 26 0 73 1 0
393 1 1 1032616 121652 784 98108 76 0 0 458 438 25 0 74 1 0
394 0 1 1032920 118284 772 105412 308 456 456 1770 1606 56 3 38 3 0
395 1 0 1032640 118836 772 104180 448 0 0 495 557 20 0 75 5 0
396 1 0 1032632 117600 784 104996 0 0 80 440 463 25 1 74 1 0
397 1 0 1037952 129908 768 102004 72 5344 21560 5659 1676 55 6 34 5 0
398 1 0 1037944 128740 768 103536 0 0 0 448 472 25 0 75 1 0
399 1 0 1037936 125892 768 106476 32 0 0 658 801 25 0 70 5 0
400 1 0 1038220 113960 596 120720 100 0 104 501 519 25 0 75 0 0
401 1 0 1038208 112420 596 121720 0 0 0 441 430 25 0 71 3 0
402 1 0 1038200 113280 596 120708 24 0 0 446 464 25 0 75 0 0
403 2 3 1038104 106532 596 128076 164 0 0 1119 960 70 1 17 12 0
404 1 3 1038664 120644 584 112844 168 668 12060 1433 1237 48 1 19 32 0
405 1 3 1038556 108764 592 126112 188 0 40 765 1005 27 1 23 49 0
406 1 1 1038196 107892 592 126188 464 0 0 668 736 25 0 46 29 0
407 3 1 1037792 116872 588 118076 1580 668 668 1940 1435 37 1 48 14 0
408 1 0 1037824 121088 588 113636 832 588 588 1720 1295 33 1 60 5 0
409 1 0 1037812 119716 588 114476 28 0 0 442 439 17 0 83 0 0
410 2 2 1037328 105296 600 129128 668 0 28 1256 1146 38 1 58 3 0
411 1 0 1036336 107384 652 125680 1412 4 4 1595 1366 45 1 49 4 0
412 1 0 1036320 108264 652 124788 20 0 0 442 446 25 0 75 0 0
413 1 0 1036312 106844 652 125744 4 0 0 443 445 25 0 75 0 0
414 1 0 1035880 108148 608 125840 808 152 152 1723 2128 46 2 33 18 1
415 1 0 1035872 106812 616 127380 8 0 56 453 473 25 0 74 1 0
416 1 0 1035864 107576 616 126332 16 0 0 427 429 25 0 75 0 0
417 2 1 1036424 125296 560 108820 8 572 572 599 719 28 1 69 3 0
418 1 0 1036448 126120 968 107244 132 44 44 1398 1770 43 1 36 19 0
419 1 0 1036440 125160 968 108696 8 0 0 442 445 25 0 74 1 0
420 1 0 1036420 118172 980 116612 12 0 0 1996 835 33 1 59 7 0
421 1 0 1036412 119016 980 115576 8 0 0 549 702 25 0 75 0 0
422 1 0 1036388 119192 980 115548 28 0 0 547 677 25 0 74 0 0
423 0 0 1036380 118328 984 116572 8 0 0 346 714 3 0 96 1 0
424 0 0 1036352 118888 992 115540 28 0 24 313 702 0 0 99 1 0
425 0 0 1036344 117928 992 116496 8 0 0 314 683 0 0 99 1 0
426 0 0 1036336 118860 992 115552 8 0 0 313 682 1 0 99 0 0
427 0 0 1036324 117740 992 116576 12 0 0 289 662 0 0 99 1 0
428 0 0 1036316 118640 992 115672 8 0 56 310 675 0 0 99 0 0
429 0 0 1036308 117680 1000 116696 8 0 20 321 698 0 0 99 1 0
430 0 0 1036296 118672 1000 115684 12 0 0 301 682 0 0 100 0 0
431 0 0 1036288 117868 1000 116700 8 0 0 323 706 0 0 99 1 0
432 0 0 1036276 119000 1000 115676 12 0 0 290 658 0 0 100 0 0
433 0 0 1036268 117932 1008 116692 8 0 232 312 693 0 0 98 2 0
434 0 0 1036256 118268 1016 115696 8 0 80 300 690 0 0 99 0 0
435 1 0 1036248 117308 1016 116720 8 0 0 286 654 1 0 99 1 0
436 0 0 1036240 118332 1016 115708 8 0 0 316 670 1 1 99 0 0
437 0 0 1036188 117404 1016 116716 136 0 0 375 747 1 0 94 5 0
438 0 0 1036180 118304 1016 115732 8 0 0 288 676 0 0 99 1 0
439 0 0 1036172 117260 1024 116832 8 0 20 285 653 0 0 99 1 0
440 0 0 1036152 117216 1024 116768 4 0 0 301 655 0 0 99 1 0
441 0 0 1036140 118104 1024 115888 12 0 0 285 631 0 0 99 1 0
442 0 0 1036128 116704 1024 116768 24 0 0 393 866 0 0 98 2 0
443 0 0 1036120 117900 1032 115756 0 0 16 281 662 0 0 100 0 0
444 1 0 1036112 116488 1032 116728 8 0 0 297 660 0 0 98 1 0
445 0 0 1036100 117308 1032 115748 24 0 0 318 686 1 1 99 0 0
446 0 0 1036088 116316 1032 116804 0 0 0 282 648 0 0 97 3 0
447 0 0 1036080 117340 1032 115768 24 0 0 284 630 0 0 99 0 0
448 0 0 1036072 116380 1040 116784 0 0 16 301 699 0 0 98 2 0
449 0 0 1036060 117268 1040 115908 16 0 0 279 650 0 0 99 1 0
450 0 0 1036052 116288 1040 116800 0 0 0 300 667 0 0 98 2 0
451 0 0 1035984 117080 1044 116132 288 0 0 474 840 1 0 87 11 0
452 0 0 1035972 115716 1044 117356 16 0 0 306 673 0 0 99 1 0
453 0 0 1035964 116516 1052 116328 16 0 24 277 653 0 0 99 0 0
454 0 0 1035952 116052 1052 117192 16 0 0 292 668 0 0 99 1 0
455 0 0 1035924 117044 1052 116360 40 0 0 319 682 0 0 99 1 0
456 0 0 1035880 115868 1052 117368 48 0 0 324 722 0 0 99 1 0
457 0 0 1035848 116984 1052 116332 48 0 0 304 682 0 0 99 0 0
458 0 0 1035836 116056 1060 117388 0 0 20 284 653 0 0 99 0 0
459 0 0 1035828 116640 1060 116632 0 0 0 263 635 0 0 99 1 0
460 0 0 1035812 116640 1060 116608 32 0 0 284 640 0 0 99 0 0
461 0 0 1035804 115620 1060 117656 0 0 84 291 656 0 0 99 0 0
462 0 0 1035792 116628 1068 116604 32 0 36 283 673 0 0 99 0 0
463 0 0 1035784 115916 1068 117660 0 0 0 271 639 0 0 99 1 0
464 0 0 1035776 116688 1068 116652 0 0 0 292 649 0 0 99 0 0
465 0 0 1035756 115820 1068 117672 0 0 0 278 665 0 0 100 0 0
466 0 0 1035744 116596 1068 116648 32 0 88 276 636 0 0 99 0 0
467 0 0 1035732 115604 1076 117672 0 0 36 291 670 0 0 99 1 0
468 0 0 1035724 116504 1076 116632 48 0 0 277 645 0 0 99 0 0
469 0 0 1035716 115916 1076 117668 0 0 0 284 656 0 0 100 0 0
470 0 0 1035688 116908 1076 116648 24 0 0 287 643 0 0 99 0 0
471 0 0 1035680 115340 1076 117684 0 0 0 380 871 0 0 98 1 0
472 0 0 1035668 116376 1084 116784 16 0 20 288 656 0 0 99 0 0
473 0 0 1035660 115464 1084 117684 0 0 0 274 643 0 0 100 0 0
474 0 0 1035652 116364 1084 116780 0 0 0 295 665 0 0 100 0 0
475 0 0 1035632 115156 1084 117780 68 0 0 380 818 0 0 97 2 0
476 0 0 1035624 116180 1084 116760 4 0 0 274 643 0 0 99 0 0
477 0 0 1035612 114908 1092 117808 12 0 48 284 679 0 0 99 1 0
478 0 0 1035584 115680 1092 116728 0 0 0 257 623 0 0 100 0 0
479 0 0 1035576 114780 1092 117908 0 0 0 299 671 0 0 99 1 0
480 0 0 1035544 114700 1092 117912 0 0 8 282 658 0 0 100 0 0
481 0 0 1035536 115640 1100 116924 24 0 32 270 651 0 0 99 1 0
482 0 0 1035520 115352 1100 117832 4 0 0 279 656 0 0 99 1 0
483 0 0 1035512 116324 1100 116936 32 0 0 306 662 0 1 99 0 0
484 0 0 1035500 115428 1100 117896 20 0 0 281 642 0 0 99 0 0
485 0 0 1035488 115604 1100 116848 4 0 0 286 651 0 0 100 0 0
486 0 0 1035476 114496 1108 117916 0 0 16 284 684 0 0 99 1 0
487 1 0 1035460 115484 1108 116944 32 0 0 271 634 0 0 100 0 0
488 0 1 1035448 111888 4228 117852 4 0 0 938 1073 0 1 86 13 0
489 0 1 1035400 110584 5540 117152 36 0 0 1052 2037 0 2 75 23 0
490 0 0 1035280 107476 7176 117792 140 0 44 1308 2211 1 2 78 19 0
491 0 0 1035268 107916 7184 117080 4 0 20 292 684 0 0 99 0 0
492 0 0 1035248 106900 7184 118136 32 0 0 294 663 0 0 99 1 0
493 0 0 1035232 107920 7184 117196 24 0 0 292 645 0 0 99 0 0
494 0 0 1035216 106772 7184 118164 8 0 0 284 671 0 0 99 1 0
495 0 0 1035208 107760 7184 117220 0 0 60 274 638 0 0 100 0 0
496 0 0 1035196 106804 7192 118176 0 0 40 298 675 0 0 99 1 0
497 0 0 1035188 107824 7192 117192 32 0 0 303 664 0 0 100 0 0
498 0 0 1035180 106900 7192 118172 16 0 0 311 679 0 0 99 1 0
499 0 0 1035172 107888 7192 117224 0 0 0 300 650 0 0 100 0 0
500 0 0 1035152 107740 7200 117192 0 0 28 305 677 0 0 100 0 0
501 0 0 1035144 106728 7200 118168 16 0 0 301 661 0 0 99 1 0
502 0 0 1035136 107636 7200 117228 0 0 0 327 691 0 0 100 0 0
503 0 0 1035116 106760 7200 118176 36 0 0 304 664 1 0 99 1 0
504 0 0 1035104 107700 7200 117232 0 0 8 294 657 0 0 100 0 0
505 0 0 1035076 106792 7212 118176 52 0 16 348 755 0 0 99 1 0
506 0 0 1035064 107732 7212 117228 16 0 0 302 659 0 0 100 0 0
507 0 0 1035056 106648 7212 118192 0 0 0 304 670 0 0 100 0 0
508 0 0 1035044 107668 7212 117232 16 0 0 323 723 0 0 99 1 0
509 0 0 1035032 107564 7216 117948 32 0 0 324 686 0 0 95 5 0
510 0 0 1035024 107868 7228 117276 0 0 60 305 677 0 0 99 0 0
511 0 0 1035012 106704 7228 118236 32 0 0 313 700 0 0 99 1 0
512 0 0 1035000 107576 7228 117344 0 0 0 316 683 0 0 99 0 0
513 0 0 1034984 106748 7228 118304 24 0 0 326 709 0 0 97 3 0
514 0 0 1034956 107528 7228 117348 32 0 0 381 832 1 0 99 1 0
515 0 0 1034948 106668 7236 118508 16 0 20 312 677 0 0 94 5 0
516 0 0 1034940 107684 7236 117480 0 0 0 283 633 0 0 100 0 0
517 0 0 1034928 106724 7236 118436 16 0 0 327 719 0 0 99 1 0
518 0 0 1034920 107336 7236 117476 16 0 0 299 664 0 0 99 0 0
519 0 0 1034912 106296 7236 118444 0 0 56 292 646 0 0 99 1 0
520 0 0 1034896 106812 7244 118332 28 0 0 302 672 0 0 99 1 0
521 0 0 1034884 107652 7244 117484 16 0 0 316 678 0 0 99 0 0
522 0 0 1034856 106456 7244 118560 32 0 0 310 691 0 0 100 0 0
523 0 0 1034848 107144 7244 117512 0 0 0 294 661 0 1 100 0 0
524 0 0 1034840 106140 7252 118592 0 0 16 310 681 0 0 99 1 0
525 0 0 1034828 105704 7252 119148 0 0 0 399 844 0 0 96 4 0
526 0 0 1034816 105392 7252 120100 32 0 0 317 692 0 0 99 1 0
527 0 0 1034808 105612 7252 119000 0 0 0 296 667 0 0 99 0 0
528 0 0 1034800 104604 7252 120004 0 0 64 404 886 0 0 99 1 0
529 0 0 1034792 105756 7260 119112 32 0 36 307 666 0 0 99 0 0
530 0 0 1034784 104876 7260 120108 0 0 0 295 662 0 0 99 1 0
531 0 0 1034776 105360 7260 119032 0 0 0 367 783 0 1 99 1 0
532 0 0 1034756 104972 7260 118972 56 0 0 360 761 0 1 98 1 0
533 0 0 1034724 104692 7260 120024 40 0 56 318 706 0 0 98 2 0
534 0 0 1034716 104700 7268 119120 0 0 56 324 699 0 0 98 1 0
535 0 0 1034704 103912 7268 120152 0 0 0 291 651 0 0 99 1 0
536 0 0 1034688 104656 7268 119124 16 0 0 299 662 0 0 99 0 0
537 0 0 1034668 104224 7268 120132 24 0 0 288 673 0 0 99 1 0
538 0 0 1034616 104876 7268 119120 40 0 4 300 693 0 0 99 1 0
539 0 0 1034556 104132 7276 120264 52 0 16 316 753 0 0 97 2 0
540 0 0 1034488 104196 7276 120272 8 0 0 310 671 1 0 99 0 0
541 0 0 1034476 104532 7276 119252 12 0 0 274 649 0 0 100 0 0
542 0 0 1034468 104004 7276 120280 8 0 0 288 675 0 0 100 0 0
543 0 0 1034456 104376 7284 119252 12 0 20 290 673 0 0 99 0 0
544 0 0 1034448 103572 7284 120284 8 0 0 274 640 0 0 99 1 0
545 0 0 1034440 104472 7284 119260 8 0 0 291 663 0 0 100 0 0
546 0 0 1034432 103760 7284 120284 8 0 0 282 660 0 0 99 1 0
547 1 0 1034400 104628 7284 119268 24 0 48 300 659 0 0 99 1 0
548 0 0 1034384 104164 7292 120296 12 0 20 290 674 1 0 95 5 0
549 0 0 1034380 105092 7292 119248 16 0 0 268 629 0 0 100 0 0
550 0 0 1034344 103788 7292 120284 40 0 0 299 667 0 0 96 4 0
551 0 0 1034300 104472 7292 119256 80 0 0 300 679 0 1 95 5 0
552 0 0 1034268 104008 7292 120300 0 0 0 283 650 0 0 98 2 0
553 0 0 1034260 104536 7300 119268 32 0 16 292 642 0 0 98 2 0
554 0 0 1034248 103700 7300 120420 0 0 0 285 652 0 0 98 1 0
555 0 0 1034244 104688 7300 119404 0 0 0 280 655 0 0 100 0 0
556 0 0 1034232 103728 7300 120428 32 0 0 265 633 0 0 98 1 0
557 0 0 1034224 103912 7300 119404 0 0 0 366 849 1 0 99 1 0
558 0 0 1034216 103544 7308 120424 0 0 20 247 618 1 0 99 1 0
559 0 0 1034208 104412 7308 119408 0 0 0 236 609 0 0 100 0 0
560 0 0 1034176 103664 7308 119416 0 0 0 233 602 0 0 100 0 0
561 0 0 1034132 103324 7308 120440 68 0 68 283 697 1 0 98 2 0
562 0 0 1034124 103852 7316 119416 0 0 36 250 630 0 0 100 0 0
563 0 0 1034116 103264 7324 120432 0 0 0 288 657 0 0 98 1 0
564 0 0 1034104 103868 7324 119420 0 0 0 254 619 0 0 100 0 0
565 0 0 1034084 103436 7324 120448 0 0 0 292 686 0 0 99 1 0
566 0 0 1034056 104268 7324 119424 20 0 52 273 666 0 0 99 1 0
567 0 0 1034048 103152 7332 120440 16 0 68 262 622 1 0 99 1 0
568 0 0 1034040 103680 7332 119432 8 0 0 253 632 0 0 100 0 0
569 0 0 1034028 103060 7332 120584 8 0 0 290 647 0 0 99 0 0
570 0 0 1034016 103620 7332 119560 16 0 0 268 651 1 0 99 0 0
571 0 0 1034008 103172 7332 120584 24 0 0 279 659 0 0 99 0 0
572 0 0 1033996 104196 7348 119548 12 0 52 273 650 1 0 98 1 0
573 0 0 1033988 103044 7348 120588 8 0 0 259 619 0 0 100 0 0
574 0 0 1033976 103572 7348 119572 16 0 0 282 657 0 0 99 0 0
575 0 0 1033968 103140 7348 120596 8 0 0 265 630 0 0 99 1 0
576 0 0 1033960 103636 7348 119572 0 0 56 251 617 0 0 100 0 0
577 0 0 1033944 103048 7356 120588 32 0 20 266 638 0 0 99 1 0
578 0 0 1033936 103948 7356 119572 16 0 0 240 597 0 0 100 0 0
579 0 0 1033928 102964 7356 120600 0 0 0 279 633 0 0 100 0 0
580 0 0 1033900 103076 7356 120604 32 0 0 257 605 0 1 99 1 0
581 0 0 1033892 103480 7364 119572 0 0 16 249 602 0 0 100 0 0
582 0 0 1033884 102768 7364 120604 16 0 0 253 601 0 0 99 1 0
583 0 0 1033876 103760 7364 119580 0 0 0 250 601 0 1 100 0 0
584 0 0 1033864 102780 7364 120732 0 0 0 265 621 0 0 100 0 0
585 0 0 1033856 103012 7364 119708 0 0 0 334 798 1 0 99 1 0
586 0 0 1033844 102300 7372 120736 16 0 16 250 616 0 0 100 0 0
587 0 0 1033836 103220 7372 119860 32 0 0 233 594 0 0 99 0 0
588 0 0 1033828 102572 7372 120692 0 0 0 267 621 1 0 98 1 0
589 0 0 1033812 102264 7372 119856 8 0 0 285 688 0 1 99 1 0
590 0 0 1034656 122044 7308 99816 16 852 852 279 618 1 1 99 0 0
591 0 0 1034648 123560 7316 98348 0 0 44 236 596 0 0 100 0 0
592 0 0 1034640 122708 7316 99300 0 0 0 255 607 0 0 99 0 0
593 0 0 1034632 123452 7316 98248 0 0 0 251 605 0 0 100 0 0
594 0 0 1034612 122484 7316 99328 32 0 0 254 622 0 0 99 1 0
595 0 0 1034600 123456 7316 98368 0 0 60 234 596 0 0 100 0 0
596 0 0 1034592 122992 7324 99320 0 0 44 255 602 0 0 99 1 0
597 0 0 1034580 124016 7324 98368 32 0 0 257 621 0 0 99 0 0
598 0 0 1034568 123108 7324 99324 0 0 0 279 652 0 0 99 0 0
599 0 0 1034556 123444 7324 98372 0 0 0 270 624 0 0 100 0 0
600 0 0 1034540 123704 7336 98492 16 0 36 282 646 0 0 100 0 0
601 0 0 1034532 123356 7336 99472 0 0 0 279 620 0 0 99 1 0
602 0 0 1034524 124288 7336 98500 0 0 0 278 656 0 0 100 0 0
603 0 0 1034512 122840 7336 99332 0 0 0 278 649 0 0 99 0 0
604 0 0 1034504 123380 7336 98504 32 0 52 276 644 0 0 100 0 0
605 0 0 1034496 122024 7344 99452 0 0 20 261 642 0 0 99 0 0
606 0 0 1034484 123020 7344 98500 48 0 0 245 609 0 0 99 0 0
607 0 0 1034476 122080 7344 99456 0 0 0 267 630 0 0 99 1 0
608 0 0 1034456 123084 7344 98512 16 0 0 260 638 0 0 99 0 0
609 0 0 1034448 122096 7344 99472 0 0 0 269 645 0 0 99 0 0
610 0 0 1034440 123116 7352 98516 0 0 20 244 609 1 0 99 0 0
611 0 0 1034432 122128 7352 99476 0 0 0 258 620 0 0 100 0 0
612 0 0 1034424 123148 7352 98524 16 0 0 267 630 0 0 99 0 0
613 0 0 1034412 122496 7352 99504 16 0 0 269 629 0 0 99 0 0
614 0 0 1034404 123224 7352 98628 0 0 0 367 836 0 0 98 2 0
615 0 0 1034396 122872 7360 99460 0 0 16 267 623 0 0 99 0 0
616 0 0 1034388 123204 7360 98652 8 0 0 278 617 0 0 98 1 1
617 0 0 1034372 122268 7360 99612 8 0 0 318 690 0 1 95 5 0
618 0 0 1034352 123240 7360 98440 44 0 0 284 642 0 0 96 4 0
619 0 0 1034324 122776 7360 99620 36 0 4 303 690 0 0 97 3 0
620 0 0 1034240 122396 7368 99604 28 0 0 270 639 0 0 95 5 0
621 0 0 1034168 123392 7368 98464 60 0 0 291 672 0 0 94 6 0
622 0 0 1034148 123112 7368 99648 32 0 0 278 654 0 1 96 4 0
623 0 0 1034144 124076 7368 98672 0 0 8 247 619 0 0 100 0 0
624 0 0 1034128 123076 7380 99444 64 0 68 318 683 1 0 95 5 0
625 0 0 1034120 123328 7380 98564 0 0 0 248 614 0 0 100 0 0
626 0 0 1034112 122420 7380 99636 0 0 0 278 635 1 0 99 0 0
627 0 0 1034092 123392 7380 98684 12 0 0 260 617 0 0 100 0 0
628 0 0 1034068 122516 7380 99628 28 0 64 277 667 0 0 98 1 0
629 0 0 1034008 123308 7388 98472 56 0 44 308 716 0 0 99 1 0
630 0 0 1034000 122424 7388 99632 0 0 0 249 604 0 0 100 0 0
631 0 0 1033992 123444 7388 98652 32 0 0 272 646 1 0 99 0 0
632 0 2 1033980 123016 7392 97440 0 0 0 283 638 0 0 91 8 0
633 0 0 1033968 123344 7392 98744 0 0 124 295 641 0 0 93 6 0
634 0 0 1033956 122880 7400 99676 32 0 32 259 610 0 0 93 7 0
635 0 0 1033936 123876 7400 98780 36 0 0 246 596 1 0 95 4 0
636 0 0 1033924 122920 7400 99648 4 0 0 296 648 0 0 97 2 0
637 0 0 1033908 123108 7400 98684 24 0 0 278 644 0 0 97 3 0
638 0 0 1033896 122288 7400 99780 0 0 0 305 660 1 0 98 1 0
639 0 0 1033888 123184 7408 98908 32 0 20 271 637 0 0 99 1 0
640 0 0 1033856 121912 7408 99768 0 0 0 283 640 0 0 100 0 0
641 0 0 1033848 122028 7408 99624 0 0 0 291 654 0 0 100 0 0
642 0 0 1033836 120880 7408 100636 16 0 0 377 841 0 1 98 1 0
643 0 0 1033820 122060 7416 99608 16 0 24 264 618 0 0 99 1 0
644 0 0 1033812 121312 7416 100652 0 0 0 274 642 0 0 99 1 0
645 0 0 1033776 122056 7416 99612 48 0 0 277 652 0 0 100 0 0
646 0 0 1033736 120452 7416 100960 64 0 0 328 727 0 1 97 3 0
647 0 0 1033700 120920 7416 99952 44 0 0 260 627 0 0 100 0 0
648 0 0 1033664 120020 7424 100924 40 0 52 280 645 0 0 99 1 0
649 0 0 1033656 121136 7424 99900 16 0 0 244 596 0 0 100 0 0
650 0 0 1033648 120052 7424 100928 0 0 0 281 632 0 0 99 1 0
651 0 0 1033628 121008 7424 99920 32 0 0 287 642 0 0 100 0 0
652 0 0 1033616 120452 7424 100940 0 0 0 273 629 0 0 99 1 0
653 0 0 1033608 121444 7432 99876 28 0 16 252 622 0 0 100 0 0
654 0 0 1033592 120236 7432 100932 16 0 0 261 632 0 0 99 1 0
655 0 0 1033580 121104 7432 99892 32 0 0 283 627 0 0 100 0 0
656 0 0 1033572 120052 7432 100944 0 0 0 258 608 1 0 99 0 0
657 0 0 1033564 121200 7432 99908 16 0 16 264 637 0 0 99 0 0
658 0 0 1033556 120084 7440 100948 0 0 32 276 629 0 0 99 1 0
659 0 0 1033544 121008 7440 99916 20 0 0 256 608 1 0 99 0 0
660 0 1 1033536 121464 7440 100052 16 0 0 251 616 0 0 99 0 0
661 0 0 1033528 120484 7440 101076 8 0 112 298 660 0 0 99 1 0
662 0 0 1033520 121492 7448 100044 16 0 44 269 628 0 0 99 0 0
663 0 0 1033512 120824 7448 101080 12 0 0 261 611 0 0 99 1 0
664 0 0 1033480 121792 7448 100164 60 0 0 290 639 0 0 99 1 0
665 0 0 1033428 120496 7448 101064 84 0 0 314 692 0 0 95 4 0
666 0 0 1033420 121128 7448 100172 8 0 68 270 649 0 0 100 0 0
667 0 0 1033412 120312 7456 101076 8 0 28 265 635 0 0 98 1 0
668 0 0 1033404 121304 7456 100060 8 0 0 260 635 0 0 99 1 0
669 0 0 1033392 120344 7456 101092 12 0 0 281 654 1 0 99 1 0
670 0 0 1033384 121368 7456 100072 8 0 0 259 640 0 0 99 0 0
671 0 0 1033376 119760 7456 101096 8 0 0 365 857 0 0 98 1 0
672 0 0 1033368 120768 7464 100064 8 0 20 262 637 0 0 99 1 0
673 0 0 1033360 119760 7464 101096 8 0 0 287 665 0 0 99 0 0
674 0 0 1033344 120680 7464 100220 12 0 0 312 683 0 0 99 0 0
675 0 0 1033336 120524 7464 101100 12 0 0 283 638 0 0 98 1 0
676 0 0 1033324 120892 7464 100080 0 0 8 272 636 0 0 99 0 0
677 0 0 1033316 119776 7472 101224 32 0 20 293 664 1 0 99 1 0
678 0 0 1033308 120924 7472 100208 0 0 0 272 639 0 0 100 0 0
679 0 0 1033296 119964 7472 101232 28 0 0 279 622 0 0 99 1 0
680 0 0 1033224 119904 7472 101228 56 0 0 281 648 0 0 98 1 0
681 0 0 1033172 120928 7480 100212 40 0 24 277 639 0 0 99 0 0
682 0 0 1033164 119776 7480 101236 8 0 0 263 629 0 0 99 0 0
683 0 0 1033148 120800 7480 100220 16 0 0 290 646 0 0 99 0 0
684 0 0 1033140 119668 7480 101240 16 0 0 254 623 0 0 99 0 0
685 0 0 1033132 120784 7480 100220 0 0 0 273 641 0 0 100 0 0
686 0 0 1033124 120120 7488 101236 0 0 16 254 611 0 0 99 1 0
687 0 0 1033116 120772 7488 100224 12 0 0 248 620 0 0 99 0 0
688 0 0 1033096 119780 7488 101244 28 0 0 283 662 0 0 98 2 0
689 0 0 1033036 120612 7488 100216 64 0 0 306 675 1 0 99 1 0
690 0 0 1032968 119528 7488 101268 60 0 0 293 661 0 0 98 2 0
691 0 0 1032960 120004 7496 100376 0 0 80 307 673 0 0 99 0 0
692 0 0 1032952 119344 7496 101400 16 0 0 271 615 1 0 93 7 0
693 0 0 1032940 120368 7496 100372 0 0 0 285 651 0 0 100 0 0
694 0 0 1032924 119564 7496 101396 0 0 0 302 668 0 0 97 3 0
695 0 0 1032916 120364 7496 100372 8 0 0 291 677 0 0 99 0 0
696 0 0 1032900 119652 7504 101400 16 0 112 304 668 0 0 93 7 0
697 0 0 1032888 120572 7504 100516 16 0 0 281 654 0 0 98 2 0
698 0 0 1032876 119856 7504 101408 8 0 0 279 640 0 0 96 4 0
699 0 0 1032868 120644 7504 100396 12 0 0 267 630 0 0 95 4 0
700 0 0 1032848 120052 7512 100292 20 0 56 247 611 0 0 100 0 0
701 0 0 1032840 119144 7512 101492 4 0 0 259 613 0 0 99 1 0
702 0 0 1032828 120116 7512 100524 24 0 0 269 632 0 0 100 0 0
703 1 0 1032804 142532 7528 78820 40 0 0 611 835 23 1 74 2 0
704 1 0 1032796 143212 7528 78012 0 0 0 387 400 25 0 75 0 0
705 1 0 1032788 142404 7536 78888 0 0 92 390 388 25 0 75 1 0
706 1 0 1032772 143324 7536 77984 36 0 0 367 368 25 0 75 0 0
707 0 0 1032716 141896 7536 79164 80 0 0 1061 962 61 0 35 5 0
708 0 0 1032684 142764 7536 78108 36 0 0 250 625 0 0 99 1 0
709 0 0 1032676 141824 7536 79340 32 0 0 261 611 0 0 99 1 0
710 0 0 1032672 142828 7544 78424 0 0 20 257 625 0 0 99 0 0
711 0 0 1032660 141836 7544 79388 16 0 0 255 612 0 0 99 1 0
712 0 0 1032648 143040 7544 78416 28 0 0 259 614 1 0 99 1 0
713 0 0 1032636 141768 7544 79368 16 0 0 232 609 0 0 99 1 0
714 0 0 1032628 142880 7544 78440 0 0 0 246 635 0 0 100 0 0
715 0 0 1032620 142460 7552 79332 24 0 16 252 610 0 0 99 1 0
716 0 0 1032612 142980 7552 78344 4 0 0 233 591 0 0 99 0 0
717 0 0 1032600 142284 7552 79484 20 0 0 272 637 0 0 98 1 0
718 2 2 1032520 131084 7552 90064 148 0 0 576 1035 6 1 86 7 0
719 4 0 1035408 113828 7544 109224 80 2960 2960 2420 2236 49 5 35 11 0
720 0 4 1027828 108224 7544 107252 9052 88 88 2506 2366 12 1 17 70 0
721 0 4 1026552 107292 7544 106200 1848 0 0 631 685 1 0 25 74 0
722 1 2 1026864 110512 7544 101872 1056 1096 1096 910 1156 18 1 40 41 0
723 0 6 1027040 106212 7520 107892 904 760 760 1013 1370 20 2 20 57 0
724 0 4 1027168 121116 7520 92192 1072 1156 1212 464 685 1 0 23 76 0
725 0 4 1025016 120348 7520 91128 2236 0 0 600 842 0 0 25 75 0
726 2 2 1021676 113776 7520 94524 3252 0 0 880 1084 8 1 26 65 0
727 1 3 1023108 116208 7516 94332 16 1440 1440 865 1332 11 1 39 49 0
728 0 6 1024516 119716 7428 91008 324 1632 1632 724 1185 11 0 10 78 1
729 0 4 1022896 110508 7452 99028 1784 0 112 979 1098 1 0 8 91 0
730 2 2 1021716 113092 7160 94564 2316 1380 1380 1480 1283 17 1 21 61 1
731 4 0 1022140 121152 6968 89448 376 724 724 1854 1640 59 1 33 7 0
732 0 0 1022008 118456 6968 92224 124 0 0 837 837 19 0 74 7 0
733 0 0 1022000 119168 6968 91276 12 0 0 274 632 0 0 99 0 0
734 0 0 1021976 118128 6976 92312 28 0 124 326 685 0 1 99 1 0
735 0 0 1021960 119084 6976 91448 0 0 0 278 642 0 0 100 0 0
736 0 0 1021928 118156 6976 92452 56 0 0 323 703 0 0 98 1 0
737 0 0 1021904 119120 6976 91512 4 0 0 284 675 0 0 100 0 0
738 0 0 1021896 118392 6976 92456 0 0 0 275 649 0 0 99 1 0
739 0 0 1021884 116972 6988 93488 20 0 52 305 673 0 0 98 1 0
740 0 0 1021840 116648 6988 93588 60 0 0 277 645 0 0 99 1 0
741 0 0 1021804 115680 6988 94576 48 0 0 291 662 0 1 97 2 0
742 0 0 1021772 116580 6988 93604 52 0 0 274 666 0 0 99 1 0
743 0 0 1021744 115672 6996 94640 36 0 16 272 648 0 0 99 1 0
744 0 0 1021728 116568 6996 93624 24 0 0 352 800 1 0 98 1 0
745 0 0 1021724 115520 6996 94592 0 0 0 294 649 0 1 99 1 0
746 0 0 1021712 116664 6996 93620 24 0 0 268 634 0 0 100 0 0
747 0 0 1021700 115584 6996 94600 8 0 0 272 634 0 0 98 2 0
748 0 0 1021688 116728 7004 93620 24 0 72 265 638 0 0 99 0 0
749 0 0 1021680 113900 7004 96496 8 0 0 312 672 0 0 98 1 0
750 0 0 1021672 114668 7004 95524 12 0 0 286 641 0 0 99 0 0
751 0 0 1021652 114804 7004 95544 28 0 0 294 656 0 0 99 0 0
752 0 0 1021644 113644 7004 96568 12 0 0 295 649 0 1 98 1 0
753 0 0 1021632 114388 7012 95540 12 0 20 288 659 0 0 99 1 0
754 0 1 1021632 113300 7012 96576 4 0 0 282 623 0 0 96 4 0
755 0 0 1021624 114324 7012 95556 4 0 0 288 639 0 0 99 1 0
756 0 0 1021612 113984 7016 96596 16 0 0 292 648 0 0 93 6 0
757 0 0 1021604 114232 7016 95604 12 0 0 385 869 0 0 99 1 0
758 0 0 1021596 113180 7024 96616 12 0 16 299 648 0 0 92 8 0
759 0 0 1021588 114080 7024 95668 12 0 0 275 632 0 0 99 1 0
760 0 0 1021552 111280 7032 97496 36 0 0 600 1096 0 1 90 8 0
761 4 0 1021544 110648 7048 98880 8 0 0 1105 916 63 0 32 5 0
762 4 0 1021420 111496 7060 98148 148 0 176 1341 773 96 0 1 3 0
763 4 0 1022036 114536 6880 97236 188 772 780 1916 1608 92 2 2 4 0
764 2 0 1021928 102388 6880 108032 124 0 0 944 886 57 1 42 1 0
765 1 0 1024200 120524 6836 90604 0 2284 2284 870 472 24 1 75 1 0
766 1 0 1024192 120892 6836 89596 20 0 0 408 405 25 0 75 0 0
767 1 0 1024184 112136 6844 98776 0 0 160 679 773 39 1 59 1 0
768 1 0 1024176 112712 6844 97812 4 0 0 404 426 25 0 75 0 0
769 1 0 1022632 111984 6844 99008 40 0 0 413 415 25 0 74 1 0
770 1 0 1023556 119284 6836 93504 24 932 932 939 939 47 1 52 0 0
771 1 0 1023524 117556 6836 94688 32 0 0 444 501 24 0 74 1 0
772 1 0 1023508 107296 6844 105996 12 0 16 726 917 40 1 59 0 0
773 1 0 1023500 106116 6844 107112 8 0 0 424 440 25 0 73 2 0
774 3 1 1023488 106192 6848 106068 24 0 0 525 601 31 1 67 2 0
775 1 0 1024036 109204 6852 106056 8 568 4824 800 1025 29 2 51 18 0
776 1 0 1024028 109700 6852 105244 0 0 0 420 428 25 0 75 0 0
777 1 0 1024020 108104 6860 106404 0 0 88 428 419 25 0 73 2 0
778 1 3 1023964 102964 6864 111528 96 0 0 695 743 37 0 58 5 0
779 1 0 1024472 109120 6844 106700 180 696 696 993 1224 30 1 45 24 0
780 1 0 1024664 118732 6840 99476 16 208 208 1004 953 40 2 58 1 0
781 1 0 1024656 119544 6848 98288 4 0 40 422 460 25 0 74 0 0
782 4 1 1024648 110540 6848 107124 12 0 0 575 639 31 1 68 1 0
783 1 0 1025268 139352 6828 80924 8 628 628 785 778 35 1 64 0 0
784 3 0 1025256 137676 6832 81936 16 0 0 458 471 25 0 73 2 0
785 1 0 1025248 116424 6832 102476 8 0 0 1033 1286 42 1 52 6 0
786 1 0 1025240 115248 6840 103752 8 0 16 392 391 25 0 74 1 0
787 1 0 1025232 122772 6768 98436 12 0 0 798 948 38 1 60 1 0
788 1 0 1025224 121140 6768 99264 12 0 0 437 476 25 0 74 1 0
789 1 0 1025212 112188 6768 108588 12 0 0 822 924 40 2 58 0 0
790 1 0 1025204 111120 6768 109772 8 0 0 412 428 25 0 75 1 0
791 4 1 1025196 110116 6776 110836 4 0 20 524 634 31 0 68 1 0
792 1 0 1025428 120440 6660 102096 44 276 276 861 805 36 1 61 1 0
793 1 0 1025352 119040 6660 102988 72 0 0 521 604 25 0 72 4 0
794 1 0 1025340 108924 6716 113260 12 0 0 734 723 41 1 55 3 0
795 1 0 1025328 109644 6716 112116 8 0 0 414 434 25 0 75 0 0
796 1 0 1025320 108604 6724 113248 20 0 40 431 427 25 0 72 3 0
797 1 0 1025312 109708 6724 112124 4 0 0 411 426 25 0 74 1 0
798 3 0 1025308 107532 6724 114144 12 0 0 457 489 25 0 72 3 0
799 1 0 1025292 103968 6864 117468 24 0 0 574 592 31 1 64 5 0
800 1 0 1026868 120640 6812 101356 8 1592 15256 892 570 27 1 71 2 0
801 4 2 1026844 118904 6812 103200 40 0 0 424 451 26 1 73 0 0
802 1 1 1026752 111248 6812 110552 96 0 0 604 641 33 0 67 0 0
803 3 0 1026744 102832 6812 119512 8 0 0 529 561 29 1 68 2 0
804 1 0 1026736 103672 6812 118572 0 0 0 426 452 25 0 75 0 0
805 1 0 1026708 102648 6820 119668 68 0 24 410 429 23 0 75 2 0
806 1 0 1026944 121588 6764 100636 12 248 248 653 518 26 1 73 0 0
807 1 0 1026928 120592 6764 101896 28 0 0 438 455 25 0 74 1 0
808 1 0 1026916 121252 6764 100508 8 0 0 423 445 25 1 74 0 0
809 1 0 1026908 119640 6764 101484 0 0 0 421 428 25 0 75 0 0
810 1 0 1026900 120692 6772 100696 32 0 20 438 449 25 0 74 0 0
811 1 0 1026892 118212 6772 103184 16 0 0 549 638 25 0 74 1 0
812 2 0 1057656 107796 4872 21020 12 30956 41440 12913 1650 34 12 51 3 0
813 1 0 1060496 117168 3756 18640 1116 3132 3132 1518 1262 25 1 49 26 0
814 1 0 1060480 115260 3812 20340 20 0 0 738 994 25 1 63 11 0
815 4 1 1060472 104844 3820 31612 8 0 72 761 758 37 0 62 1 0
816 1 0 1060876 118400 3540 20664 8 412 412 1985 638 30 1 69 1 0
817 1 1 1060832 117228 3540 22252 144 0 0 529 553 25 0 70 6 0
818 1 2 1061948 114460 3824 24056 212 1208 1236 3349 1693 31 1 43 25 0
819 1 0 1061856 110460 3824 27132 176 0 0 615 749 25 1 69 6 0
820 1 0 1062288 117456 3664 22216 16 0 0 450 445 25 0 74 1 0
821 1 0 1062272 112748 3664 27124 16 0 0 728 769 33 1 66 1 0
822 1 0 1062264 110388 3664 30320 8 0 0 523 513 25 1 74 1 0
823 1 0 1062252 110772 3664 29416 12 0 0 432 432 25 0 74 1 0
824 1 0 1062244 109692 3672 30536 8 0 24 633 642 33 1 65 2 0
825 1 0 1062236 110256 3672 29608 8 0 0 423 445 25 0 75 0 0
826 1 1 1062296 118324 3056 23064 12 68 76 3932 688 41 2 53 5 0
827 1 0 1062292 118536 3056 21852 0 0 0 409 400 25 0 75 0 0
828 2 1 1062280 117120 3068 23384 16 0 0 529 565 31 0 68 1 0
829 1 0 1062272 117860 3076 22736 8 0 28 473 475 28 0 70 2 0
830 1 0 1062264 116792 3080 23620 8 0 0 392 395 25 0 68 7 0
831 1 0 1062252 117204 3088 23192 12 0 0 797 602 41 0 51 8 0
832 1 0 1062244 116348 3088 24168 8 0 0 408 432 25 0 72 3 0
833 3 0 1062232 117156 3088 23292 12 0 0 445 484 25 0 73 2 0
834 1 0 1062220 113192 3096 24428 16 0 20 1239 694 38 1 56 5 0
835 1 0 1062212 117016 3096 23344 4 0 0 434 436 25 0 75 1 0
836 1 1 1062160 116044 3096 24408 88 0 0 413 444 25 0 66 9 0
837 0 0 1062080 116512 3100 23588 132 0 0 406 725 7 1 86 6 0
838 0 0 1062056 116012 3100 24556 36 0 0 300 667 0 0 98 2 0
839 0 0 1062044 116752 3108 23444 12 0 20 289 651 0 0 99 1 0
840 0 0 1062024 116768 3108 23596 4 0 48 251 620 0 0 99 0 0
841 0 1 1061944 115304 3108 24904 144 0 0 362 754 0 0 96 4 0
842 0 1 1061760 114944 3164 25264 404 0 0 670 1198 0 1 72 27 0
843 0 1 1061676 113896 3172 26356 172 0 20 373 786 0 0 72 28 0
844 0 2 1061640 114844 3172 25208 164 0 0 346 735 0 0 72 28 0
845 0 0 1061632 114348 3176 26484 8 0 120 275 628 0 0 97 3 0
846 1 0 1061608 114572 3176 25820 12 0 0 392 559 15 0 83 2 0
847 1 0 1061560 112856 3176 26800 16 0 0 401 432 25 0 74 1 0
848 1 1 1061284 113396 3320 25752 524 0 44 651 723 25 0 64 11 0
849 2 0 1061196 110836 3324 28780 76 0 0 585 659 25 1 68 7 0
850 1 0 1061164 111620 3324 27836 20 0 0 392 423 25 0 74 1 0
851 1 0 1061108 110444 3324 28688 44 0 0 480 561 25 0 73 2 0
852 1 0 1061080 111468 3324 27896 12 0 0 411 445 25 0 74 1 0
853 1 0 1061060 111096 3336 28932 12 0 52 413 408 25 1 74 1 0
854 0 0 1061024 111492 3336 27724 28 0 0 978 631 23 1 76 1 0
855 0 0 1060984 110044 3336 28888 20 0 0 288 668 0 0 99 0 0
856 0 0 1060892 111244 3336 27664 92 0 0 332 703 0 0 97 3 0
857 0 0 1060832 110152 3336 29048 36 0 0 316 691 0 1 98 1 0
858 0 0 1060744 110904 3344 27952 76 0 16 303 666 0 0 97 3 0
859 0 1 1060704 109880 3344 28936 20 0 0 326 724 0 1 99 1 0
860 0 0 1060408 105480 3344 31960 20 0 0 301 672 1 0 98 1 0
861 0 0 1060348 104560 3344 32888 20 0 0 273 634 0 1 98 1 0
862 0 0 1060292 105668 3352 31948 8 0 16 264 633 0 0 99 1 0
863 0 0 1060236 104676 3352 32984 32 0 0 277 613 0 0 98 1 0
864 0 0 1060152 105360 3352 31984 24 0 0 265 604 0 0 99 0 0
865 0 0 1060104 104084 3352 32992 12 0 0 296 642 0 0 98 2 0
866 0 0 1060068 105184 3352 31916 4 0 0 266 592 0 0 99 0 0
867 0 0 1060040 104148 3360 32988 16 0 16 266 592 0 0 98 2 0
868 0 0 1060008 105124 3360 31912 16 0 0 265 610 0 0 99 1 0
869 0 0 1059952 104120 3360 33012 20 0 52 285 598 0 0 98 1 0
870 0 0 1059912 104880 3360 31964 16 0 0 316 684 0 0 99 1 0
871 0 0 1059868 103064 3360 32980 16 0 0 369 797 0 0 97 3 0
872 0 0 1059836 104148 3368 31960 12 0 20 269 594 0 0 99 1 0
873 0 0 1059792 102956 3368 33104 8 0 0 297 610 0 0 99 1 0
874 0 0 1059780 104024 3368 32008 8 0 0 291 637 0 0 100 0 0
875 0 0 1060224 118340 1672 21232 32 464 464 770 1206 1 1 77 21 0
876 0 0 1060216 117220 1672 22552 8 0 0 388 771 1 1 97 3 0
877 0 0 1060204 115516 1680 23528 12 0 52 296 639 0 0 98 1 0
878 0 0 1060196 116664 1680 22512 8 0 0 258 577 0 0 100 0 0
879 0 0 1060180 116044 1692 23600 16 0 132 312 641 0 0 97 2 0
880 1 0 1060160 115552 1692 23692 12 0 0 283 627 0 0 99 1 0
881 0 0 1060152 116280 1700 22804 8 0 40 273 602 0 0 99 0 0
882 0 0 1060144 115936 1700 23824 8 0 0 299 636 0 0 98 2 0
883 0 0 1060136 116880 1700 22836 8 0 0 289 606 0 0 99 1 0
884 0 0 1060124 115952 1700 23928 12 0 0 317 652 1 0 98 2 0
885 0 0 1060108 116240 1700 22936 16 0 0 297 640 0 0 99 1 0
886 0 0 1060096 115236 1708 23924 12 0 16 293 630 0 1 99 1 0
887 0 0 1060088 116228 1708 22908 8 0 0 273 604 0 0 99 1 0
888 0 0 1060076 115168 1708 24008 12 0 0 269 612 0 0 98 2 0
889 0 0 1060068 116236 1708 22912 8 0 0 258 587 0 0 98 2 0
890 0 1 1060052 115300 1708 23936 16 0 0 282 624 0 0 95 4 0
891 0 1 1060052 116372 1716 22968 4 0 20 246 568 0 0 96 4 0
892 0 1 1060040 115256 1716 24196 8 0 0 316 686 1 0 96 3 0
893 0 0 1060020 116016 1716 23100 16 0 0 286 625 0 0 94 6 0
894 0 0 1060016 115656 1716 24196 4 0 0 301 639 0 0 97 3 0
895 0 0 1059996 116356 1716 23172 28 0 0 327 732 0 0 99 1 0
896 0 0 1059988 115736 1724 24192 4 0 16 266 594 0 0 97 3 0
897 0 0 1059972 116140 1724 23176 24 0 0 261 617 0 0 99 1 0
898 0 0 1059964 115056 1724 24204 8 0 0 261 596 0 0 99 1 0
899 0 0 1059956 115672 1724 23400 8 0 44 302 634 0 0 99 1 0
900 0 0 1059908 115028 1788 23896 16 0 20 259 595 0 0 99 1 0
901 1 0 1059868 114124 1788 24912 28 0 0 287 626 0 0 98 2 0
902 0 0 1059828 115044 1788 23840 12 0 0 272 612 0 0 99 1 0
903 0 0 1059764 114616 1788 24928 12 0 0 316 653 0 0 99 1 0
904 0 0 1059720 115300 1788 23908 8 0 0 285 620 0 0 99 1 0
905 0 0 1059704 114588 1796 24904 8 0 16 321 674 0 0 99 1 0
906 0 1 1059656 114992 1932 23772 8 0 0 305 612 0 0 98 2 0
907 0 0 1060252 118264 1796 20516 28 676 676 833 899 1 1 87 11 0
908 1 0 1060192 119596 1796 20484 12 0 12 324 665 0 0 99 1 0
909 0 0 1060152 118512 1796 21512 20 0 0 319 653 0 0 99 1 0
910 0 0 1060120 119344 1804 20540 8 0 28 278 604 0 0 99 0 0
911 0 0 1060084 118196 1804 21568 16 0 0 304 641 0 1 98 1 0
912 0 0 1060012 119252 1804 20568 16 0 0 268 600 0 0 99 1 0
913 0 0 1059964 118756 1804 21584 8 0 76 277 626 0 0 99 1 0
914 0 0 1059892 119192 1804 20668 8 0 0 256 599 0 0 99 0 0
915 0 0 1059840 118148 1812 21804 12 0 36 256 581 0 0 99 1 0
916 0 0 1059784 119096 1812 20680 8 0 0 238 568 0 0 99 1 0
917 0 0 1059716 117872 1812 21832 16 0 0 257 598 0 0 99 1 0
918 0 0 1059656 118964 1812 20776 16 0 0 264 606 0 0 99 1 0
919 0 0 1059624 117812 1812 21792 8 0 0 256 594 0 0 99 1 0
920 0 0 1059492 117844 1820 21828 8 0 0 252 594 0 0 99 1 0
921 0 0 1059408 118944 1820 20808 52 0 0 305 675 0 1 98 1 0
922 0 0 1059336 117672 1820 21996 16 0 0 278 634 0 0 99 1 0
923 0 0 1059264 117928 1820 20816 28 0 0 263 636 0 0 99 1 0
924 0 0 1059200 117852 1828 21800 12 0 16 274 622 0 0 98 1 0
925 0 0 1059132 118032 1828 20976 20 0 0 267 623 0 0 99 1 0
926 0 0 1059068 117092 1828 21932 20 0 0 286 638 0 0 99 1 0
927 0 1 1059000 118096 1828 20768 16 0 44 311 653 0 1 98 1 0
928 0 0 1058992 116272 1828 22552 8 0 0 412 866 0 0 96 3 0
929 0 0 1058980 117180 1836 21584 16 0 20 249 591 0 0 99 1 0
930 1 0 1058968 116244 1836 22512 8 0 0 246 599 0 0 99 1 0
931 1 1 1058936 117052 1836 22264 64 0 0 396 810 0 0 94 6 0
932 0 0 1058884 114076 1972 24360 48 0 0 544 955 0 1 92 7 0
933 1 0 1058860 114936 1972 23492 36 0 0 242 582 0 0 99 0 0
934 0 0 1058856 114024 1980 24460 0 0 48 244 600 0 0 99 1 0
935 0 0 1058844 115092 1980 23376 0 0 0 231 571 0 0 100 0 0
936 0 0 1058824 114056 1980 24460 36 0 0 282 630 1 0 99 1 0
937 0 0 1058816 114848 1980 23568 12 0 4 278 641 0 0 100 0 0
938 0 0 1058632 113440 1980 24572 204 0 0 391 865 0 0 95 5 0
939 0 0 1058620 114624 1988 23456 20 0 16 266 598 0 0 99 1 0
940 0 0 1058612 114636 1988 23520 0 0 0 270 608 0 0 99 0 0
941 0 0 1058604 113940 1988 24608 12 0 8 277 613 0 0 96 4 0
942 0 0 1058596 114760 1988 23504 0 0 0 270 627 1 0 99 0 0
943 0 0 1058588 113600 1996 24596 32 0 28 259 605 0 0 96 4 0
944 0 0 1058576 114396 1996 23648 8 0 0 250 591 0 0 100 0 0
945 0 0 1058568 113316 1996 24608 0 0 0 260 613 0 0 98 2 0
946 0 0 1058556 114292 1996 23676 16 0 104 293 627 0 0 96 4 0
947 0 0 1058544 113380 1996 24532 20 0 0 274 621 0 0 97 3 0
948 0 0 1058536 114344 2004 23676 4 0 36 280 644 0 0 100 0 0
949 0 0 1058520 113404 2004 24636 24 0 0 273 624 0 0 98 1 0
950 0 0 1058504 114424 2004 23676 16 0 0 264 604 0 0 99 0 0
951 0 0 1058496 113176 2004 25768 8 0 0 377 677 0 0 95 5 0
952 0 0 1058488 113588 2004 24952 0 0 0 275 622 0 0 100 0 0
953 0 0 1058480 112392 2012 26024 16 0 20 280 612 0 0 99 1 0
954 0 0 1058468 113460 2012 25084 4 0 0 276 619 0 0 100 0 0
955 0 0 1058460 112620 2012 26044 8 0 0 286 622 0 0 100 0 0
956 0 0 1058452 113456 2012 24940 12 0 48 335 686 0 0 99 0 0
957 0 0 1058444 112336 2012 26048 4 0 0 350 768 0 0 99 1 0
958 0 0 1058436 113308 2020 25084 8 0 20 281 606 0 0 99 1 0
959 0 0 1058428 112196 2020 25956 24 0 0 297 623 0 0 99 0 0
960 0 0 1058400 112680 2020 26076 12 0 8 315 639 0 0 99 1 0
961 0 0 1058388 113124 2020 24972 12 0 0 275 620 0 0 100 0 0
962 0 0 1058368 112016 2156 25820 20 0 52 340 712 0 0 98 2 0
963 0 0 1058360 113144 2156 25104 4 0 0 267 601 0 0 100 0 0
964 0 0 1058336 112032 2156 25972 36 0 0 274 610 0 0 98 1 0
965 0 0 1058328 112936 2156 25108 4 0 0 291 649 0 0 99 0 0
966 0 0 1058320 112380 2156 26064 12 0 0 290 629 0 0 99 1 0
967 0 0 1058312 112908 2164 25292 12 0 16 263 590 0 0 99 0 0
968 0 0 1058304 112288 2164 26240 16 0 0 280 621 0 0 99 0 0
969 0 0 1058292 112648 2164 25408 20 0 0 265 605 0 0 100 0 0
970 0 1 1058284 112304 2164 26188 8 0 0 276 654 0 0 99 1 0
971 0 0 1058276 113404 2164 25316 8 0 0 270 658 0 0 99 1 0
972 0 1 1058268 112296 2172 26276 4 0 16 254 618 0 0 99 1 0
973 0 0 1058260 112620 2172 25192 16 0 0 266 583 0 0 99 0 0
974 0 5 1058248 111428 2172 26732 12 0 0 340 733 0 0 98 2 0
975 0 0 1058232 111148 2172 29256 8 0 8 464 747 1 1 92 6 0
976 0 0 1058224 110336 2172 30028 16 0 0 270 598 0 0 99 1 0
977 0 0 1058212 110296 2180 29100 12 0 28 290 637 0 0 99 0 0
978 0 1 1058204 109020 2180 30208 0 0 0 269 611 0 0 99 1 0
979 0 0 1058176 110192 2180 29236 40 0 0 298 642 0 0 99 1 0
980 0 0 1058156 110096 2180 29256 4 0 0 288 622 0 0 100 0 0
981 0 0 1058132 108984 2188 30148 4 0 40 291 621 0 0 99 0 0
982 0 0 1058060 109980 2188 29088 44 0 0 344 693 1 0 97 2 0
983 0 1 1058016 109016 2188 30192 40 0 0 338 667 0 0 98 1 0
984 0 0 1057972 110044 2188 29084 20 0 44 355 697 1 0 99 1 0
985 0 0 1057940 109144 2188 30296 12 0 0 417 873 0 0 98 1 0
986 0 0 1057908 109412 2196 29168 20 0 20 303 636 0 0 99 1 0
987 0 0 1057876 108900 2196 30140 16 0 0 302 644 0 0 99 1 0
988 0 0 1057828 109196 2196 29292 20 0 0 288 656 0 0 99 1 0
989 0 0 1057772 107536 2196 30272 36 0 0 353 755 0 0 98 2 0
990 0 0 1057736 108616 2196 29104 8 0 0 293 667 0 0 99 1 0
991 0 0 1057692 107652 2204 30228 12 0 44 304 669 1 0 99 1 0
992 0 0 1057676 108680 2204 29088 8 0 0 275 634 0 0 100 0 0
993 0 0 1057616 107964 2204 30232 20 0 0 292 665 0 0 98 1 0
994 0 0 1057568 108992 2204 29116 8 0 0 278 648 0 0 99 1 0
995 0 0 1057540 107912 2204 30180 8 0 0 272 634 0 0 99 1 0
996 0 0 1057488 108524 2212 29184 40 0 16 283 660 0 0 98 2 0
997 0 1 1057456 107580 2212 30316 8 0 0 267 639 0 0 98 1 0
998 0 0 1057408 108616 2212 29104 24 0 0 283 664 0 0 98 1 0
999 0 1 1057384 107536 2212 30212 16 0 0 281 661 0 0 98 2 0
1000 0 1 1057320 109672 2220 28080 24 0 16 265 644 0 0 97 3 0
1001 0 0 1057272 108616 2224 29336 8 0 0 285 642 0 0 95 5 0
1002 0 1 1057240 108692 2224 29232 16 0 0 260 631 0 0 98 2 0
1003 0 1 1057208 108452 2224 29224 8 0 0 285 645 0 0 97 3 0
1004 0 1 1057176 107868 2224 30404 4 0 0 272 633 0 1 98 1 0
1005 0 0 1057132 108812 2232 29332 4 0 16 285 659 0 0 96 4 0
1006 0 1 1057080 107480 2232 30372 20 0 0 265 628 0 0 98 2 0
1007 0 0 1057012 108116 2232 29512 36 0 0 298 659 0 0 96 4 0
1008 0 1 1056964 108148 2232 29516 36 0 8 292 670 0 0 95 5 0
1009 0 1 1056908 107168 2232 30448 48 0 0 313 711 0 0 94 6 0
1010 0 0 1056840 106944 2240 30444 56 0 28 307 694 0 0 97 2 0
1011 0 0 1056800 107932 2240 29352 28 0 0 273 625 0 0 99 0 0
1012 0 0 1056760 107000 2240 30500 16 0 0 262 631 0 0 99 1 0
1013 0 0 1056724 107996 2240 29580 16 0 136 279 648 0 0 99 1 0
1014 0 0 1056676 107252 2240 30696 20 0 0 342 798 0 0 99 1 0
1015 0 0 1056640 108276 2248 29444 28 0 40 245 615 0 0 99 1 0
1016 0 0 1056612 107688 2248 30704 8 0 0 259 637 0 0 99 1 0
1017 0 0 1056564 108680 2248 29660 12 0 0 288 670 0 0 99 0 0
1018 0 0 1056524 106848 2248 30568 24 0 0 289 666 0 0 99 1 0
1019 0 0 1056484 107880 2248 29516 16 0 0 291 663 1 0 99 1 0
1020 0 0 1056400 107976 2256 29512 20 0 0 270 642 0 0 99 1 0
1021 0 0 1056352 106864 2256 30604 56 0 0 289 652 0 0 99 1 0
1022 0 0 1056320 107952 2256 29504 28 0 4 310 699 0 0 99 1 0
1023 0 0 1056292 108016 2256 29600 12 0 0 271 638 0 0 100 0 0
1024 0 0 1056252 106824 2264 30720 12 0 16 266 637 0 0 99 1 0
1025 1 0 1056204 107936 2264 29536 12 0 0 262 655 0 0 99 0 0
1026 0 0 1056144 106964 2264 30624 28 0 0 297 691 0 0 98 1 0
1027 0 0 1056088 107876 2264 29528 44 0 0 294 680 0 0 99 0 0
1028 0 0 1056036 107648 2264 30600 68 0 0 310 704 0 0 99 1 0
1029 0 0 1056008 107952 2272 29616 12 0 16 263 625 0 0 99 0 0
1030 0 0 1055964 106496 2272 30748 32 0 0 307 668 0 0 98 1 0
1031 0 0 1055928 107532 2272 29684 16 0 0 296 678 0 0 99 1 0
1032 0 0 1055888 107208 2272 30772 12 0 0 300 686 0 0 99 1 0
1033 0 0 1055848 107708 2272 29732 12 0 0 269 652 0 0 99 0 0
1034 0 0 1055824 107336 2280 30816 8 0 16 294 693 0 0 99 1 0
1035 0 0 1055812 107740 2280 29720 12 0 0 278 654 0 0 99 0 0
1036 0 0 1055780 106680 2280 30824 28 0 0 297 686 0 0 99 1 0
1037 0 0 1055768 107508 2280 29876 8 0 0 301 693 0 0 99 0 0
1038 0 0 1055756 106684 2280 30752 12 0 0 282 664 0 0 99 1 0
1039 0 0 1055748 107572 2288 29868 4 0 20 265 649 0 0 100 0 0
1040 0 0 1055728 107604 2288 29868 8 0 0 270 636 0 0 99 0 0
1041 0 0 1055720 108780 2288 30756 8 0 52 358 739 0 0 99 1 0
1042 0 0 1055708 108528 2288 29736 8 0 0 379 900 0 0 99 1 0
1043 0 0 1055700 107476 2296 30864 8 0 20 292 680 0 0 99 1 0
1044 0 0 1055688 107968 2296 29784 16 0 0 285 666 0 0 99 0 0
1045 0 0 1055676 106892 2296 30892 4 0 0 297 680 0 0 99 1 0
1046 0 0 1055660 107536 2296 29992 36 0 64 388 789 1 1 97 2 0
1047 0 0 1055652 106320 2296 31192 4 0 0 292 681 0 0 99 1 0
1048 0 0 1055644 107060 2304 30220 20 0 68 295 666 0 0 99 0 0
1049 0 0 1055632 105976 2304 31240 12 0 0 292 664 1 0 98 1 0
1050 0 0 1055616 106688 2304 30108 20 0 0 301 687 0 0 99 1 0
1051 0 0 1055608 106012 2304 30972 4 0 0 312 693 0 0 99 1 0
1052 0 0 1055600 106996 2304 30256 0 0 0 277 668 0 0 100 0 0
1053 0 0 1055592 106184 2312 31188 12 0 16 297 686 0 0 98 1 0
1054 0 0 1055580 107028 2312 30244 12 0 0 289 667 0 0 99 0 0
1055 0 0 1055568 106068 2312 31196 20 0 0 293 676 0 0 99 1 0
1056 0 0 1055560 107092 2312 30248 12 0 0 306 676 0 0 99 1 0
1057 0 0 1055552 106184 2312 31208 8 0 0 305 691 0 0 99 1 0
1058 0 0 1055544 106964 2320 30244 8 0 16 288 664 0 0 99 1 0
1059 0 0 1055532 106028 2320 31200 12 0 0 286 647 1 0 99 1 0
1060 0 0 1055504 106284 2320 31352 4 0 0 308 688 0 0 98 1 0
1061 0 1 1055424 106576 2368 30404 16 0 0 345 806 0 0 90 10 0
1062 0 1 1055404 105136 2508 31616 8 0 16 371 922 0 1 72 27 0
1063 0 2 1055388 106176 2672 30580 4 0 0 356 930 0 0 75 24 0
1064 1 1 1055332 104720 2832 31544 24 0 0 395 992 1 1 72 27 0
1065 0 2 1055284 105560 3000 30576 28 0 0 400 1013 0 1 75 24 0
1066 0 1 1055204 104332 3176 31532 56 0 0 424 1116 0 1 74 25 0
1067 1 1 1055176 105072 3404 30540 8 0 16 394 1047 1 1 75 24 0
1068 0 1 1055144 104396 3472 31416 8 0 0 326 764 0 0 69 30 0
1069 0 1 1055124 104716 3652 30460 8 0 0 360 940 0 0 75 24 0
1070 0 0 1054952 101884 3924 31504 104 0 44 591 1340 0 3 84 13 0
1071 0 0 1054916 102536 3924 30748 8 0 0 344 804 0 0 99 1 0
1072 0 0 1057080 117296 2692 18756 8 2196 2228 376 727 0 1 98 1 0
1073 0 0 1057056 117200 2692 18804 8 0 0 293 662 0 0 99 0 0
1074 0 0 1057004 115316 2692 19724 16 0 0 319 706 0 0 99 1 0
1075 0 0 1056952 116120 2696 18860 12 0 8 316 666 0 0 99 0 0
1076 0 0 1056912 115288 2696 19752 32 0 0 300 682 0 0 98 1 0
1077 0 0 1056852 116016 2712 18656 44 0 64 328 736 0 0 98 1 0
1078 0 0 1056824 116048 2712 19860 8 0 0 307 668 0 0 99 1 0
1079 0 0 1056784 117188 2712 18868 20 0 0 289 664 0 0 99 1 0
1080 0 0 1056724 116896 2712 18840 16 0 0 306 697 0 0 99 0 0
1081 0 0 1056684 115680 2720 19976 24 0 36 314 657 0 0 98 2 0
1082 0 0 1056632 116592 2720 18976 12 0 0 295 673 0 0 100 0 0
1083 0 0 1056592 115448 2720 20036 12 0 0 305 698 0 0 99 1 0
1084 0 0 1056556 115944 2720 18852 16 0 0 313 700 0 0 99 0 0
1085 0 0 1056516 114868 2720 20032 12 0 0 304 695 0 0 99 1 0
1086 0 0 1056484 115716 2728 19176 8 0 20 285 652 0 0 100 0 0
1087 0 0 1056448 115412 2728 20080 16 0 0 313 636 1 0 99 1 0
1088 0 0 1056420 116356 2728 19044 32 0 0 317 656 0 0 99 1 0
1089 0 0 1056380 115052 2728 20296 24 0 0 430 836 1 0 97 3 0
1090 0 0 1056344 115628 2728 19492 12 0 0 302 641 0 0 99 1 0
1091 0 0 1056312 115156 2736 20312 16 0 16 317 663 0 0 98 1 0
1092 0 0 1056296 115456 2736 19260 12 0 0 296 662 0 0 99 1 0
1093 0 0 1056252 114864 2736 20240 16 0 0 319 701 1 0 98 1 0
1094 0 0 1056200 115864 2736 19296 12 0 0 320 709 0 0 98 1 0
1095 0 0 1056156 114840 2736 20468 12 0 0 297 693 0 0 99 1 0
1096 0 1 1056104 114456 2744 20376 20 0 16 394 845 0 0 96 4 0
1097 0 0 1056056 113536 2744 21656 36 0 0 312 688 0 0 97 2 0
1098 0 0 1056020 114708 2744 20656 12 0 0 264 628 0 0 99 0 0
1099 0 1 1055984 113644 2744 22668 20 0 48 380 746 0 1 96 3 0
1100 0 0 1055892 112028 2808 23112 16 0 20 290 657 0 0 99 1 0
1101 0 0 1055864 112928 2808 22340 4 0 0 294 668 0 0 100 0 0
1102 0 0 1055816 111836 2808 23324 4 0 0 324 711 0 1 99 0 0
1103 0 1 1055780 110528 2808 23620 20 0 0 507 988 1 1 90 9 0
1104 0 1 1055756 109816 2808 24812 4 0 0 286 645 0 0 97 3 0
1105 0 1 1055724 109724 2816 24812 20 0 48 301 669 0 0 96 4 0
1106 0 5 1055692 109060 2956 24752 16 0 0 343 716 0 0 84 15 0
1107 1 0 1055620 109460 3256 24288 36 0 0 596 895 1 1 41 58 0
1108 0 1 1055588 108860 3256 25524 12 0 8 362 718 1 0 90 10 0
1109 0 1 1055560 109688 3256 24484 20 0 0 291 647 0 0 96 4 0
1110 1 1 1055528 107968 3272 26348 4 0 84 408 630 10 0 76 14 0
1111 1 0 1055496 108424 3272 25152 24 0 0 416 439 25 0 72 3 0
1112 1 0 1055480 107660 3272 26108 8 0 0 420 416 25 0 73 2 0
1113 2 0 1055468 113464 3272 20144 12 0 144 556 581 33 0 65 1 0
1114 1 0 1055456 113052 3272 21120 8 0 0 406 435 25 0 74 1 0
1115 1 0 1055448 113668 3280 20232 8 0 60 476 457 30 0 69 1 0
1116 1 0 1055436 112516 3280 21124 8 0 0 396 400 25 0 75 0 0
1117 1 0 1055412 113456 3280 20236 28 0 0 488 556 30 0 70 0 0
1118 1 0 1055400 112944 3280 21016 16 0 0 428 430 25 0 74 1 0
1119 2 0 1055344 113504 3280 20572 60 0 0 775 827 42 0 53 4 0
1120 1 0 1084292 117888 1984 18832 1636 0 0 1414 969 15 2 82 1 0
1121 0 1 1084252 115628 1984 19716 80 0 0 414 696 10 0 88 2 0
1122 3 2 1120356 118852 896 31308 700 39208 39208 11008 1523 15 5 66 15 0
1123 1 1 1131844 122816 840 41076 196 11660 11660 4397 2132 27 4 56 14 0
1124 0 2 1130420 115208 848 51592 444 144 164 1079 1478 29 1 46 24 0
1125 1 0 1130368 114132 848 53188 44 0 0 405 446 22 0 73 5 0
1126 1 0 1130352 115132 848 52044 20 0 0 384 402 24 0 75 1 0
1127 0 2 1130228 114508 848 52592 148 0 52 523 667 22 0 62 15 0
1128 1 2 1132948 113240 856 55816 160 2856 2856 1473 1268 21 1 42 36 0
1129 1 1 1132920 112224 920 57372 40 0 20 557 721 25 0 44 31 0
1130 1 1 1132884 110692 920 58596 40 0 0 410 428 25 0 59 16 0
1131 0 3 1134108 120328 920 50788 64 1292 1292 602 1130 12 2 61 26 0
1132 1 1 1134064 119796 924 50068 40 0 0 516 952 7 1 79 14 0
1133 1 0 1134016 120068 924 50744 40 0 0 496 597 25 1 66 9 0
1134 1 0 1133980 119016 932 51764 36 0 20 451 539 25 0 63 12 0
1135 0 0 1133948 119904 932 50892 24 0 0 308 659 2 1 92 6 0
1136 0 0 1133884 119072 932 51760 76 0 0 317 726 0 0 90 10 0
1137 0 0 1133848 119940 932 50748 32 0 20 302 682 0 0 92 7 0
1138 0 0 1133824 118792 932 51896 20 0 0 254 630 1 0 91 8 0
1139 0 0 1133784 119784 940 50876 44 0 32 239 624 0 0 89 10 0
1140 0 0 1133732 119768 940 51012 36 0 0 239 617 0 0 98 2 0
1141 0 0 1133700 119136 940 51904 44 0 8 289 670 1 0 95 4 0
1142 0 0 1133672 119632 940 50884 52 0 0 244 611 0 0 98 1 0
1143 0 0 1133636 119076 948 51904 28 0 28 241 623 0 0 98 2 0
1144 1 0 1133596 119256 948 50872 48 0 0 251 651 0 0 98 1 0
1145 0 0 1133588 118172 948 51908 4 0 0 257 629 0 0 99 1 0
1146 0 0 1133580 119208 948 51032 4 0 104 263 626 0 0 99 0 0
1147 0 0 1133568 118328 948 51920 4 0 0 270 659 1 0 99 1 0
1148 0 0 1133560 119476 956 50876 12 0 36 232 614 0 0 99 1 0
1149 0 0 1133548 118392 956 51916 12 0 0 255 615 0 1 98 1 0
1150 0 0 1133524 119428 956 51028 32 0 0 283 666 0 0 98 1 0
1151 0 0 1133516 118296 956 51920 8 0 0 267 620 0 0 99 1 0
1152 0 0 1133508 117936 956 53164 8 0 0 275 667 0 0 98 2 0
1153 0 0 1133496 116840 964 54112 12 0 16 259 647 0 0 98 1 0
1154 0 0 1133480 117880 964 53088 16 0 0 236 608 0 0 98 2 0
1155 0 0 1133468 116704 964 54136 8 0 0 237 584 0 0 99 1 0
1156 0 0 1133460 117288 964 53196 12 0 52 289 697 0 0 99 1 0
1157 0 0 1133452 116296 964 54220 8 0 0 313 757 0 0 99 1 0
1158 0 0 1133444 117364 972 53336 4 0 20 226 587 0 0 100 0 0
1159 0 0 1133432 116360 972 54220 16 0 0 247 624 0 0 99 1 0
1160 0 1 1133396 114012 1284 55668 148 0 0 596 1022 0 0 85 15 0
1161 0 0 1133380 114700 1284 55436 16 0 0 325 748 0 1 97 2 0
1162 0 0 1133372 113460 1292 56456 8 0 72 250 603 0 0 99 1 0
1163 4 0 1133356 114128 1292 55440 12 0 0 251 622 0 0 99 1 0
1164 0 4 1133320 112496 1308 57652 68 0 0 466 842 1 0 89 10 0
1165 2 1 1135088 117220 1324 57420 244 1816 1816 920 1409 2 1 71 26 0
1166 4 0 1134948 114636 1332 58848 184 0 0 1258 996 82 0 13 5 0
1167 1 0 1134940 115524 1340 57960 8 0 52 696 539 49 1 51 0 0
1168 1 0 1134932 114468 1340 58984 8 0 0 388 385 25 0 74 1 0
1169 1 0 1134924 115408 1340 57884 8 0 0 377 387 25 0 75 0 0
1170 4 0 1134912 114372 1340 58904 16 0 0 692 569 47 0 53 0 0
1171 4 0 1134884 115348 1340 57888 28 0 0 1225 671 100 0 0 0 0
1172 4 0 1134824 114264 1348 58912 60 0 16 1262 739 99 1 0 0 0
1173 4 1 1134768 115288 1348 57896 60 0 0 1254 686 100 0 0 0 0
1174 2 2 1134732 114296 1348 58916 36 0 0 1240 735 93 0 3 3 0
1175 0 1 1134668 114452 1384 58420 116 0 4 588 1052 9 1 48 42 0
1176 4 0 1134620 112836 1388 59800 96 0 0 625 1035 15 0 58 26 0
1177 4 0 1134584 113240 1396 58780 28 0 108 1279 693 100 0 0 0 0
1178 4 0 1134532 112280 1396 59808 56 0 0 1298 803 97 0 1 2 0
1179 4 0 1134456 113304 1396 58792 88 0 0 1367 865 99 1 0 0 0
1180 4 0 1134360 112936 1404 58812 44 0 0 1293 789 99 1 0 0 0
1181 1 1 1124864 102708 1412 59916 10296 0 76 3328 2364 67 1 5 27 0
1182 4 0 1124540 102292 1480 58896 280 0 0 1904 1008 85 1 12 3 0
1183 4 0 1127588 122412 1412 39792 92 3100 3100 3278 787 97 1 1 0 0
1184 5 0 1127524 122724 1412 38872 72 0 52 1397 967 99 1 0 0 0
1185 4 0 1126996 121116 1412 39956 532 0 0 1369 953 93 1 5 1 0
1186 4 0 1126952 121924 1420 38932 48 0 76 1263 676 99 0 0 0 0
1187 4 0 1126912 120996 1420 39956 48 0 0 1279 733 99 1 0 0 1
1188 3 0 1126884 121756 1428 38848 28 0 0 1396 807 96 1 3 1 0
1189 2 0 1126840 120872 1432 40024 44 0 0 913 768 58 1 39 2 0
1190 2 0 1120076 117360 1432 39116 4848 0 0 1742 1461 41 1 49 9 0
1191 2 0 1120020 116444 1444 40052 72 0 108 867 822 51 0 46 3 0
1192 1 0 1119980 117436 1444 39024 40 0 0 591 689 30 0 69 1 0
1193 0 0 1119920 116416 1444 40088 52 0 0 437 747 11 1 88 1 0
1194 0 0 1119884 117244 1444 39048 28 0 16 322 692 0 0 99 1 0
1195 0 0 1119844 116220 1444 40088 36 0 0 309 695 0 0 98 2 0
1196 0 1 1119800 117088 1452 39052 60 0 72 314 707 0 0 98 2 0
1197 0 0 1119756 116128 1452 40092 24 0 0 311 681 0 0 98 1 0
1198 0 0 1119724 117048 1452 39212 32 0 0 286 674 0 0 99 1 0
1199 0 0 1119668 115976 1452 40216 52 0 0 316 710 0 0 99 1 0
1200 0 0 1119552 113772 1460 42268 60 0 16 349 782 0 0 96 4 0
1201 0 0 1119492 114068 1460 41388 60 0 0 276 680 0 0 98 2 0
1202 0 0 1119452 113216 1460 42292 28 0 0 264 654 1 0 97 2 0
1203 0 0 1119408 114136 1460 41412 44 0 0 261 650 0 0 99 1 0
1204 0 0 1119380 109404 1460 46320 160 0 0 582 1108 1 0 90 9 0
1205 0 0 1119336 110300 1468 45320 44 0 16 259 638 0 0 98 1 0
1206 0 0 1119304 109804 1468 46344 32 0 0 274 653 1 0 98 2 0
1207 0 0 1119216 110672 1468 45320 92 0 0 312 774 0 1 96 3 0
1208 0 0 1119148 109588 1476 46360 60 0 72 306 722 0 0 96 3 0
1209 5 1 1118988 110120 1476 46820 372 0 0 1529 2240 5 3 70 23 0
1210 0 0 1116848 117376 1172 30108 2648 16 88 4081 3997 26 3 53 18 1
1211 4 0 1112080 116692 1196 29664 896 0 0 1361 1218 61 0 30 9 0
1212 4 0 1112020 115484 1212 30732 64 0 0 1364 1040 96 0 3 1 0
1213 3 1 1111892 116540 1236 30080 136 0 252 1358 1201 80 1 15 5 0
1214 0 0 1111860 114596 1328 31604 36 0 0 812 1167 19 0 75 6 0
1215 0 0 1111832 115304 1336 30748 28 0 212 316 677 0 0 99 1 0
1216 2 1 1190528 129580 1032 15880 108 78796 78796 7617 1387 8 8 74 10 0
1217 1 0 1191488 131060 1032 15464 88 1056 1056 903 839 26 0 65 9 0
1218 0 1 1191420 131576 1176 17176 104 0 16 477 892 1 1 68 31 0
1219 0 1 1191348 129532 1316 18200 88 0 0 514 1010 1 0 65 34 0
1220 0 0 1191268 128992 1328 18804 52 0 0 326 705 0 0 89 10 0
1221 0 0 1191196 128100 1328 19908 60 0 0 353 765 0 0 90 9 0
1222 0 0 1191144 128988 1332 19012 72 0 48 351 705 0 1 94 5 0
1223 0 0 1191056 127944 1332 19912 52 0 0 325 715 0 0 97 2 0
1224 0 0 1190976 128936 1340 18880 12 0 68 289 673 0 0 100 0 0
1225 0 0 1190896 127988 1340 19848 8 0 0 299 660 0 1 99 1 0
1226 0 0 1190820 129220 1340 18892 8 0 0 279 649 0 0 99 1 0
1227 4 0 1190708 128252 1352 20240 44 0 0 1332 1550 8 1 88 3 0
1228 4 0 1183820 124376 1416 19120 5196 0 0 2767 1519 92 1 1 6 0
1229 4 0 1179428 119604 1436 20260 3540 0 132 2162 1543 94 1 4 1 0
1230 3 0 1173268 119724 1440 19308 772 0 0 1256 934 74 1 20 5 0
1231 0 0 1173184 119260 1460 20380 4 0 0 361 739 5 1 93 2 0
1232 1 0 1173104 125196 1460 19376 16 0 0 4233 935 19 3 78 0 0
1233 0 0 1173024 123588 1464 20416 4 0 0 438 742 11 0 88 1 0
1234 0 0 1172948 123900 1472 19392 8 0 132 274 631 0 0 99 0 0
1235 0 0 1172872 122880 1472 20420 8 0 0 268 627 0 0 99 1 0
1236 0 0 1172772 123844 1472 19396 28 0 0 279 667 1 0 99 1 0
1237 0 0 1172692 122980 1472 20420 8 0 0 293 647 0 0 99 0 0
1238 0 0 1172616 124036 1472 19396 8 0 0 259 650 0 0 99 0 0
1239 0 0 1172532 122916 1480 20420 4 0 16 280 641 1 0 98 1 0
1240 0 0 1172380 122992 1480 20352 4 0 0 275 633 0 1 99 1 0
1241 0 0 1172288 123644 1484 19528 24 0 284 333 709 0 0 99 1 0
1242 0 0 1172208 123364 1540 19736 20 0 0 358 791 0 0 98 2 0
1243 2 0 1172128 122440 1548 20692 16 0 100 283 629 0 0 99 1 0
1244 1 0 1172048 123336 1552 19672 12 0 0 320 717 0 0 100 0 0
1245 4 0 1167260 122260 1564 20692 68 0 0 2057 1707 82 1 14 2 0
1246 3 0 1167144 123188 1580 19832 56 0 252 1336 988 92 0 7 1 0
1247 1 0 1164336 121980 1588 20904 852 0 0 1157 1012 65 1 28 6 0
1248 0 0 1164260 122332 1604 19896 0 0 232 305 672 2 0 97 1 0
1249 1 0 1164140 120252 1604 21032 60 0 0 777 712 3 1 95 1 0
1250 1 0 1164080 121372 1604 19996 56 0 0 543 704 25 0 74 1 0
1251 0 0 1164048 120724 1608 21032 36 0 8 339 694 4 0 94 2 0
1252 0 0 1164000 121844 1608 20012 64 0 0 281 656 0 0 98 2 0
1253 0 0 1163956 120408 1616 21144 32 0 44 282 658 0 0 99 1 0
1254 0 0 1163916 121444 1616 20140 48 0 0 272 631 0 0 99 1 0
1255 0 0 1163880 120320 1616 21264 56 0 0 293 664 1 0 98 2 0
1256 0 0 1163844 121228 1616 20148 36 0 0 329 732 1 0 98 1 0
1257 0 0 1163788 120196 1616 21392 68 0 0 313 693 0 0 97 3 0
1258 0 0 1163752 121356 1624 20252 44 0 16 297 674 1 0 98 2 0
1259 0 1 1163692 120272 1624 21272 64 0 0 311 699 0 0 97 3 0
1260 0 0 1163584 119800 1628 21440 64 0 176 1239 1445 7 1 91 1 0
1261 0 0 1163528 121016 1628 20408 64 0 0 317 703 1 0 97 2 0
1262 0 0 1163484 120060 1636 21420 48 0 72 295 662 0 0 98 2 0
1263 4 1 1163300 120372 1656 20344 216 0 0 1126 1134 50 1 43 5 0
1264 4 0 1163240 118972 1656 21456 72 0 0 1404 1090 95 0 4 0 0
1265 3 0 1162616 119564 1656 20500 792 0 0 1440 1077 78 1 16 5 0
1266 1 0 1162564 117884 1656 21556 60 0 0 1148 837 38 1 62 0 0
1267 0 0 1162496 118508 1668 20568 64 0 220 558 792 21 0 79 1 0
1268 0 0 1162452 117516 1668 21532 64 0 0 293 655 0 0 98 2 0
1269 0 0 1162392 118320 1668 20572 72 0 0 307 669 0 0 99 1 0
1270 0 0 1162348 117116 1668 21596 36 0 52 375 784 0 0 98 1 0
1271 0 0 1162308 118076 1668 20576 48 0 0 367 805 0 0 99 1 0
1272 0 0 1162268 117428 1676 21592 36 0 52 296 660 0 1 99 1 0
1273 0 0 1162204 118144 1676 20576 80 0 0 310 675 0 0 98 2 0
1274 0 0 1162172 117028 1676 21596 36 0 0 295 652 1 0 98 2 0
1275 0 0 1162116 117928 1676 20584 76 0 168 370 778 1 1 98 1 0
1276 0 0 1162064 116724 1676 21684 52 0 0 298 675 0 0 98 1 0
1277 0 0 1162024 117592 1684 20704 44 0 120 286 638 0 0 98 2 0
1278 0 0 1161984 116508 1684 21728 44 0 0 291 647 0 0 99 1 0
1279 0 0 1161908 117628 1684 20716 80 0 0 319 706 0 0 93 7 0
1280 4 0 1161612 117668 1692 20728 292 0 0 2036 1696 70 2 16 12 0
1281 4 0 1161388 116424 1704 21832 196 0 152 1352 903 89 1 6 3 0
1282 3 0 1161340 116656 1704 20864 48 0 0 1366 864 81 1 17 1 0
1283 0 0 1161140 115636 1708 21868 188 0 0 496 842 10 0 76 14 0
1284 1 0 1159036 114272 1708 20944 2108 0 0 1331 1150 17 1 79 3 0
1285 0 0 1158980 113188 1708 21968 60 0 0 537 703 24 0 75 1 0
1286 0 0 1158940 114244 1716 20924 44 0 136 304 690 0 0 95 5 0
1287 0 0 1158892 113284 1716 21948 52 0 0 310 689 0 0 89 11 0
1288 0 0 1158840 114340 1716 20944 36 0 0 296 679 0 0 98 2 0
1289 0 0 1158800 113524 1716 21968 32 0 636 360 678 0 0 97 3 0
1290 0 0 1158776 114456 1716 20940 24 0 0 306 713 0 1 98 1 0
1291 0 0 1158752 113032 1724 22036 20 0 108 315 669 1 1 98 1 0
1292 0 0 1158700 113932 1724 21068 52 0 0 299 671 0 0 99 1 0
1293 0 1 1158660 112912 1724 22108 64 0 0 323 688 0 0 98 1 0
1294 0 0 1158616 114032 1724 21076 44 0 0 334 694 1 0 98 1 0
1295 0 0 1158576 113012 1724 22104 36 0 0 313 680 0 1 98 1 0
1296 4 0 1158504 113732 1740 20884 76 0 16 1887 1671 52 1 45 2 0
1297 4 0 1158192 112588 1740 21984 248 0 0 1387 928 95 0 2 3 0
1298 3 0 1158116 113360 1740 21008 76 0 0 1392 977 94 0 5 1 0
1299 1 0 1158044 110784 1740 22104 92 0 0 1089 1058 25 1 73 1 0
1300 0 0 1157948 110636 1752 22196 36 0 280 309 693 0 0 99 1 0
1301 0 0 1157876 111464 1752 21016 88 0 0 328 737 0 0 99 1 0
1302 0 0 1157824 110448 1752 22124 44 0 0 311 705 0 0 99 1 0
1303 0 0 1157776 111476 1752 21044 28 0 0 309 682 0 0 99 1 0
1304 0 0 1157752 110992 1752 22124 24 0 0 308 694 0 0 99 1 0
1305 0 0 1157728 112080 1768 21116 28 0 52 304 724 0 0 99 1 0
1306 0 0 1157720 110920 1768 22220 0 0 0 262 635 0 0 99 1 0
1307 0 0 1157696 111980 1768 21392 24 0 0 294 681 0 0 98 1 0
1308 0 0 1157688 111440 1768 22280 16 0 0 289 663 0 0 99 1 0
1309 0 0 1157672 112040 1768 21264 12 0 0 276 660 0 0 100 0 0
1310 0 0 1157660 110788 1776 22240 20 0 16 275 657 0 0 99 1 0
1311 0 0 1157628 111864 1776 21368 44 0 0 1019 1427 6 1 93 1 0
1312 0 0 1157608 110780 1776 22288 4 0 0 276 626 0 0 99 0 0
1313 4 0 1157556 111804 1776 21272 68 0 0 723 1023 4 1 95 1 0
1314 4 0 1157528 110716 1776 22356 48 0 0 1328 901 98 0 1 1 0
1315 3 0 1156764 111584 1784 21448 20 0 96 1181 885 84 0 15 0 0
1316 1 0 1156748 110048 1792 22468 4 0 0 965 771 42 0 57 0 0
1317 0 0 1156740 111040 1792 21448 4 0 0 408 650 16 0 84 0 0
1318 0 0 1156736 110504 1792 22572 0 0 52 273 623 0 0 99 0 0
1319 0 0 1156720 111556 1792 21616 8 0 0 270 653 0 0 99 0 0
1320 0 0 1156700 109424 1800 24208 8 0 0 265 627 0 0 99 0 0
1321 0 0 1156676 108104 1800 25584 20 0 0 279 664 0 0 99 1 0
1322 0 0 1156664 109120 1800 24616 24 0 392 304 633 0 0 99 1 0
1323 0 0 1156656 108156 1800 25504 0 0 0 258 626 0 0 99 0 0
1324 0 0 1156644 109216 1808 24620 20 0 40 284 668 0 0 99 1 0
1325 0 0 1156632 108364 1808 25504 16 0 0 265 611 1 0 99 1 0
1326 0 0 1156620 109480 1808 24488 8 0 0 262 612 0 0 100 0 0
1327 0 0 1156600 108732 1808 25512 24 0 216 339 771 0 0 99 1 0
1328 0 0 1156592 109540 1808 24492 4 0 0 338 777 0 0 99 1 0
1329 3 0 1156528 108140 1816 25360 36 0 60 1621 1448 46 1 52 1 0
1330 4 0 1156500 109044 1816 24372 48 0 0 1392 1007 97 0 3 0 0
1331 3 0 1155744 107744 1816 25468 84 0 0 1174 912 82 1 17 0 0
1332 0 0 1155660 108288 1816 24480 88 0 0 639 860 26 1 72 1 0
1333 1 0 1155588 107080 1816 25520 68 0 0 736 740 5 1 94 1 0
1334 1 0 1155532 107876 1824 24496 52 0 256 545 661 25 0 74 1 0
1335 0 0 1155472 106760 1828 25500 60 0 0 308 672 2 0 97 1 0
1336 0 0 1155396 107632 1828 24524 72 0 0 306 708 0 0 98 1 0
1337 0 0 1155340 106896 1828 25736 60 0 0 294 658 0 0 99 1 0
1338 0 0 1155296 107720 1828 24564 80 0 0 297 664 0 0 98 1 0
1339 0 0 1155236 106460 1836 25676 60 0 40 298 706 0 0 98 2 0
1340 0 0 1155148 106816 1836 25668 32 0 0 290 635 2 0 98 0 0
1341 0 0 1155096 107792 1836 24576 68 0 0 299 676 0 1 98 2 0
1342 0 0 1155052 106656 1836 25692 36 0 0 272 643 0 0 99 1 0
1343 1 0 1154988 107412 1844 24680 60 0 16 299 683 1 0 98 2 0
1344 0 0 1154948 107028 1844 25684 40 0 0 289 686 0 0 99 1 0
1345 0 0 1154892 107928 1844 24644 64 0 0 279 630 0 0 99 1 0
1346 3 0 1154832 106504 1844 25724 76 0 244 1749 1591 36 2 44 18 0
1347 4 0 1154792 107400 1844 24708 20 0 0 1275 813 98 1 2 0 0
1348 3 0 1154720 106472 1852 25732 76 0 88 1306 810 96 1 2 1 0
1349 0 0 1154696 107372 1852 24712 44 0 0 484 657 21 0 77 2 0
1350 0 0 1154632 106752 1852 25732 48 0 0 274 655 0 0 96 4 0
1351 0 2 1154452 106576 1864 25152 464 0 0 542 927 1 1 70 29 0
1352 0 2 1154256 106144 1880 25072 384 0 0 427 829 0 0 67 33 0
1353 0 2 1154108 104564 1972 25320 444 0 212 504 887 1 0 67 32 0
1354 0 2 1153908 105328 1972 24540 376 0 0 416 769 0 0 69 31 0
1355 0 2 1153776 103604 1972 26268 400 0 0 488 845 0 0 63 37 0
1356 0 4 1153472 102800 2008 27508 768 0 256 665 977 0 0 40 59 1
1357 0 8 1003976 3626192 2572 22376 976 48220 48252 1271 1603 0 8 33 59 0
1358 0 4 1003052 3625008 2584 22360 1580 0 136 917 1324 0 1 22 77 0
1359 0 3 1001116 3621832 2584 24172 1824 0 0 1041 1576 1 1 25 73 0
1360 0 0 998024 3621380 2724 25324 1004 0 0 638 988 1 1 78 21 0
1361 0 0 997928 3622172 2728 24276 144 0 12 208 444 0 0 97 3 0
1362 0 0 997888 3620928 2740 25436 40 0 72 194 410 0 0 98 2 0
1363 0 0 997844 3621816 2740 24220 32 0 0 171 383 0 0 99 1 0
1364 0 0 997768 3620960 2740 25312 56 0 0 209 449 0 0 98 2 0
1365 0 0 997724 3621848 2740 24224 32 0 0 166 393 0 0 99 1 0
1366 0 0 997676 3620868 2740 25320 48 0 0 188 406 0 0 99 1 0
1367 0 0 997636 3621924 2748 24292 28 0 16 163 391 0 0 99 1 0
1368 0 0 997584 3620932 2748 25316 32 0 0 183 393 0 0 99 0 0
1369 0 0 997536 3621316 2748 24228 28 0 0 158 373 0 0 99 1 0
1370 0 0 997488 3620060 2752 25328 48 0 0 205 432 0 0 98 2 0
1371 0 0 997436 3620800 2752 24464 36 0 0 167 395 0 0 98 1 0
1372 0 0 997388 3619936 2760 25328 24 0 16 182 396 0 0 99 1 0
1373 0 0 997344 3620992 2760 24408 32 0 0 181 416 0 0 99 1 0
1374 0 0 997264 3620032 2760 25504 72 0 0 205 454 0 0 97 2 0
1375 0 0 997212 3620900 2760 24480 40 0 0 175 398 0 0 99 1 0
1376 0 0 997168 3619656 2760 25572 36 0 40 195 415 0 0 99 0 0
1377 0 0 997124 3620648 2768 24540 76 0 20 179 395 0 0 99 1 0
1378 0 0 997072 3619564 2768 25576 76 0 0 191 388 0 0 99 1 0
1379 0 0 997012 3620464 2768 24552 64 0 0 184 403 0 0 100 0 0
1380 0 0 996920 3620900 2768 24556 28 0 0 166 393 0 0 99 0 0
1381 0 0 996876 3618856 2776 27112 44 0 20 309 617 0 0 95 5 0
1382 0 0 996828 3619068 2776 26092 40 0 0 174 398 0 0 99 1 0
1383 0 0 996772 3617828 2776 27320 52 0 0 173 388 0 0 99 1 0
1384 0 0 996708 3618604 2776 26372 76 0 0 234 500 0 0 98 2 0
1385 0 0 996664 3617428 2776 27376 60 0 64 261 554 0 0 98 2 0
1386 0 0 996612 3618420 2784 26412 56 0 36 162 392 0 0 99 1 0
1387 0 0 996560 3617368 2784 27432 44 0 0 199 431 0 0 98 1 0
1388 0 0 996512 3618168 2784 26396 48 0 0 160 391 0 0 99 1 0
1389 0 0 996436 3615812 2784 27624 164 0 0 374 723 1 1 92 7 0
1390 0 0 996388 3616876 2784 26596 36 0 120 203 422 0 0 99 1 0
1391 0 0 996328 3616228 2792 27616 40 0 44 187 402 0 0 99 1 0
1392 0 0 996284 3617220 2792 26636 52 0 0 164 381 0 0 93 7 0
1393 0 0 996216 3616260 2792 27676 52 0 0 188 443 0 0 98 2 0
1394 0 0 996164 3616988 2792 26568 56 0 0 176 408 0 0 99 1 0
1395 0 0 996108 3617248 2792 27668 44 0 0 181 418 0 0 98 1 0
1396 0 0 996056 3618012 2800 26560 52 0 16 179 418 0 0 99 1 0
1397 0 0 996004 3617372 2800 27676 36 0 0 179 399 0 0 99 1 0
1398 0 0 995972 3617960 2800 26680 32 0 0 158 403 0 0 99 1 0
1399 0 0 995908 3616972 2800 27804 64 0 0 192 434 0 0 98 2 0
1400 0 0 995812 3616772 2808 27876 44 0 16 176 421 0 0 92 8 0
1401 0 0 995744 3617744 2808 26800 40 0 0 170 415 0 0 96 4 0
1402 0 0 995700 3616752 2808 27776 32 0 0 172 388 0 0 96 4 0
1403 0 0 995644 3617672 2808 26720 60 0 0 166 394 0 0 95 5 0
1404 0 0 995588 3616724 2808 27812 52 0 32 204 462 0 0 93 7 0
1405 0 0 995544 3617488 2816 26928 40 0 20 158 396 0 0 98 2 0
1406 0 0 995488 3617000 2816 27920 44 0 0 172 409 0 0 93 7 0
1407 0 0 995404 3617656 2816 26792 84 0 0 187 451 0 0 90 10 0
1408 0 0 995316 3617000 2816 27808 112 0 0 201 432 0 0 92 8 0
1409 0 0 995248 3617620 2816 26812 56 0 0 163 407 0 0 98 2 0
1410 0 0 995192 3616536 2824 27816 44 0 20 181 409 0 0 98 2 0
1411 0 0 995132 3617528 2824 26800 16 0 0 154 376 0 0 99 1 0
1412 0 0 995052 3616444 2824 27828 4 0 0 166 394 0 0 99 1 0
1413 0 0 994972 3616740 2824 26796 16 0 0 192 460 0 0 99 0 0
1414 0 0 994628 3614832 2824 27956 612 0 0 504 777 0 0 86 14 0
1415 0 1 994560 3615888 2832 26924 4 0 16 150 369 0 0 100 0 0
1416 0 0 994472 3615232 2832 27964 8 0 0 174 415 0 0 99 1 0
1417 0 1 994388 3615744 2832 26928 24 0 0 158 389 0 0 99 1 0
1418 0 0 994068 3614644 2832 27968 288 0 0 332 606 0 0 91 9 0
1419 0 1 993740 3615608 2832 26940 268 0 72 297 570 0 0 90 10 0
1420 0 0 992584 3615448 2844 26988 12 0 0 146 362 0 0 99 1 0
1421 0 0 992496 3614204 2844 28012 16 0 0 169 414 0 0 99 0 0
1422 0 0 992420 3615196 2844 26996 8 0 0 160 392 0 0 100 0 0
1423 0 0 992340 3614236 2844 28016 4 0 76 177 407 0 0 99 1 0
1424 0 0 992240 3615292 2852 26988 12 0 20 162 408 0 0 99 1 0
1425 0 0 992164 3614796 2852 28012 20 0 0 164 384 0 0 99 1 0
1426 0 0 992084 3615820 2852 26992 8 0 0 151 362 0 0 100 0 0
1427 0 0 991996 3614364 2852 28024 12 0 0 168 413 0 0 99 1 0
1428 0 0 991920 3615072 2852 27000 4 0 0 157 379 0 0 99 0 0
1429 0 0 991840 3614052 2860 28088 12 0 16 169 384 0 0 98 2 0
1430 0 0 991756 3615152 2860 27060 4 0 0 164 400 0 0 100 0 0
1431 0 0 991676 3614068 2860 28264 16 0 0 169 390 0 0 99 1 0
1432 0 0 991600 3615136 2860 27232 8 0 0 163 394 0 0 100 0 0
1433 0 0 991516 3614188 2860 28264 4 0 40 181 430 0 0 99 1 0
1434 0 0 991440 3615224 2868 27220 12 0 20 160 394 0 0 99 1 0
1435 0 0 991368 3614188 2868 28272 4 0 0 227 506 1 0 98 1 0
1436 0 1 991224 3614336 3416 27972 124 0 0 366 552 0 1 93 7 0
1437 0 1 991128 3603956 5252 32604 48 0 0 1121 1612 1 1 75 23 0
1438 0 1 991052 3591816 6612 34392 0 0 0 1393 1993 2 2 76 21 0
1439 0 1 990960 3589060 8252 43880 20 0 24 1149 1671 1 2 75 22 0
1440 0 0 990800 3589840 8700 45588 0 0 0 153 363 0 0 99 1 0
1441 0 0 990716 3590916 8700 44692 24 0 0 207 496 0 0 99 0 0
1442 0 0 990636 3589764 8700 45752 16 0 0 245 565 0 0 98 1 0
