0 2 0 552932 1090316 82864 582452 1 1 51 1 0 1 0 98 1 0
1 1 0 552932 1089384 82864 582468 0 0 0 727 1498 1 1 98 0 0
2 0 1 552932 1088732 82884 582464 0 0 92 701 1636 1 1 98 1 0
3 4 0 552928 1025380 82912 582500 4 0 24 2396 4980 33 7 58 2 0
4 3 0 552928 987676 82912 582700 0 0 0 1574 2950 37 3 55 4 0
5 4 0 552928 1036204 82912 582708 0 0 40 2051 4249 22 4 74 0 0
6 0 0 552928 984864 82912 582708 0 0 0 1857 3358 47 3 50 0 0
7 1 3 552928 1037540 82916 582568 0 0 256 1767 3451 17 4 78 0 0
8 1 0 552920 957628 82920 582624 8 0 1728 1728 2947 33 4 56 7 0
9 3 0 551928 902060 82920 582624 1048 0 0 2693 6285 42 5 51 2 0
10 1 0 551928 770640 82920 616556 0 0 0 1811 2833 35 9 56 0 0
11 3 0 551928 646704 82920 671008 0 0 56 1631 2533 29 10 59 2 0
12 6 0 551928 613200 82924 671116 0 0 196 4271 9382 40 4 53 3 0
13 0 1 551884 566248 82928 671444 76 0 336 3523 8446 27 4 61 8 0
14 0 0 551884 563684 82928 671620 0 0 0 882 1922 1 0 97 2 0
15 0 0 551884 563188 82928 671720 0 0 0 875 1967 0 1 98 1 0
16 0 0 551884 509684 82928 671720 0 0 0 4823 9782 8 5 87 0 0
17 0 0 551884 509276 82932 671796 0 0 1860 1223 2683 1 1 95 4 0
18 0 1 551884 509000 82932 672024 0 0 2948 2332 5753 3 1 88 9 0
19 0 0 551884 509064 82936 671736 0 0 1764 1067 2205 1 1 97 1 0
20 0 0 551884 508440 82936 671704 0 0 0 865 2029 1 1 99 0 0
21 0 0 551884 508440 82944 671720 0 0 424 1108 2428 1 1 98 0 0
22 0 0 551884 508392 82944 671728 0 0 0 893 1912 1 1 98 0 0
23 0 0 551884 508424 82944 671728 0 0 0 805 1873 0 1 98 0 0
24 0 0 551884 508488 82944 671728 0 0 0 865 1974 1 0 99 0 0
25 0 0 551884 508520 82944 671728 0 0 0 819 1887 1 1 99 0 0
26 0 0 551884 459388 82952 671724 0 0 1800 2032 3880 3 3 90 4 0
27 0 0 551884 443140 82952 671784 0 0 0 1041 2204 2 2 96 0 0
28 0 0 551884 442860 82952 671796 0 0 0 1033 2233 2 0 98 0 0
29 1 0 551884 439136 82952 671808 0 0 0 3677 3000 6 5 89 0 0
30 0 0 551884 441704 82952 671808 0 0 0 4248 2258 3 4 93 0 0
31 0 0 551884 441640 82956 671816 0 0 136 1047 2264 1 1 98 0 0
32 0 0 551884 441736 82956 671808 20 0 0 2659 2661 3 2 93 3 0
33 0 0 551884 392336 82956 671832 0 0 0 1033 1956 3 3 94 0 0
34 0 0 551884 392268 82956 671844 0 0 0 1427 4100 2 1 97 0 0
35 1 0 551884 390040 82956 671848 0 0 0 2490 2151 2 1 97 0 0
36 2 1 551884 391800 83076 671728 0 0 2016 3193 5931 4 1 87 8 0
37 2 0 551884 391580 83076 671852 0 0 64 936 2005 1 1 98 0 0
38 2 0 551884 391644 83076 671844 0 0 0 754 1815 1 0 99 0 0
39 1 0 551884 391740 83076 671848 0 0 0 805 1854 0 0 99 0 0
40 1 1 551884 391420 83080 671848 0 0 57956 862 1903 1 1 97 2 0
41 0 0 551884 375128 83080 671876 0 0 30356 1291 2840 2 1 95 1 0
42 1 0 551872 374912 83080 671868 24 0 0 1107 2115 1 1 97 1 0
43 0 0 551856 373544 83080 671872 68 0 0 1033 2063 6 1 87 6 1
44 0 0 551856 373228 83080 671884 0 0 0 1685 4424 1 0 96 1 1
45 0 0 551856 373308 83080 671884 0 0 84 897 1938 1 1 98 1 0
46 0 0 551856 373340 83088 671896 0 0 1732 1209 2443 1 1 92 7 0
47 0 0 551856 373404 83088 671900 0 0 0 776 1737 0 0 99 0 0
48 0 0 551856 373468 83088 671908 0 0 0 865 1886 1 0 99 0 0
49 0 0 551856 373340 83088 671908 0 0 0 708 1673 1 1 99 0 0
50 0 0 551856 373388 83092 671916 0 0 56 971 2118 1 1 98 0 0
51 0 0 551856 372904 83092 671956 0 0 4 1065 2238 4 1 94 1 0
52 0 0 551856 372880 83092 671956 0 0 0 901 1933 1 0 99 0 0
53 0 0 551852 372944 83092 671944 28 0 0 786 1761 1 0 85 13 0
54 1 0 551852 372960 83092 671960 0 0 0 968 2087 1 1 99 0 0
55 0 0 551852 372864 83096 671960 0 0 48 963 2016 2 1 97 1 1
56 0 1 551852 372960 83096 671976 0 0 728 1251 8220 2 1 78 18 1
57 0 1 551852 372800 83096 672020 0 0 1116 904 1953 1 0 74 25 0
58 0 1 551852 372896 83096 672024 0 0 0 914 2036 1 1 73 25 0
59 0 1 551852 372928 83096 672024 0 0 0 831 1908 1 1 74 25 0
60 0 0 551852 372536 83104 672044 0 0 92 3031 6653 1 0 30 68 0
61 0 0 551852 372588 83104 672044 0 0 0 891 1855 3 1 97 0 0
62 0 0 551852 372460 83108 672044 0 0 84 901 1937 1 1 93 5 0
63 0 1 551852 372396 83108 672052 0 0 624 1199 2516 3 1 77 19 0
64 0 2 551852 372524 83108 672152 4 0 0 819 1688 2 1 73 24 0
65 0 2 551852 372428 83108 672156 0 0 1304 1069 2157 1 1 57 42 0
66 1 2 551852 372444 83108 672164 0 0 0 811 1842 1 1 75 24 0
67 6 7 551852 371372 83108 672176 0 0 84 1526 13691 7 2 66 25 0
68 0 1 551848 371832 83116 672408 4 0 340 3597 7772 3 0 44 53 0
69 3 0 551848 371928 83116 672428 0 0 0 755 1692 1 1 98 0 0
70 0 0 551848 371992 83116 672428 0 0 0 882 1919 0 0 100 0 0
71 0 1 551848 371960 83116 672440 0 0 608 1107 2389 2 1 80 17 0
72 0 1 551848 371992 83116 672472 0 0 0 1132 8212 3 1 73 24 0
73 0 1 551848 371864 83116 672480 0 0 0 1495 3574 4 0 72 24 1
74 0 7 551848 371832 83116 672568 0 0 1200 3123 6594 2 0 59 39 0
75 0 1 551848 371864 83120 672592 0 0 1024 1056 2295 1 1 51 47 1
76 0 0 551848 376140 83128 672388 0 0 3640 5408 11889 2 1 73 24 0
77 2 1 551848 376204 83128 672352 0 0 1700 1063 2289 1 1 87 11 0
78 1 0 551848 376076 83132 672368 0 0 80 966 2008 1 1 96 3 0
79 0 0 551848 376108 83136 672372 0 0 64 953 2174 1 1 98 0 0
80 0 0 551848 376068 83136 672396 0 0 0 782 1816 1 0 99 0 0
81 0 0 551848 376132 83136 672400 0 0 0 930 2080 1 1 98 0 0
82 0 0 551848 376068 83136 672404 0 0 0 785 1744 1 0 99 0 0
83 2 1 551848 376100 83144 672400 0 0 44 782 1865 1 0 99 0 0
84 0 0 551848 241884 83152 672620 0 0 1884 2245 3359 21 9 64 6 1
85 1 0 551848 241568 83152 672752 0 0 0 2175 10383 20 1 78 0 1
86 1 0 551848 241540 83152 672768 0 0 0 998 2092 2 1 97 0 0
87 0 0 551848 241572 83152 672768 0 0 0 747 1648 1 1 98 0 0
88 0 0 551848 241572 83160 672764 0 0 104 1002 2140 2 0 97 0 0
89 0 0 551848 241540 83160 672784 0 0 152 894 2230 1 1 98 0 0
90 0 0 551848 241604 83160 672792 0 0 0 836 2052 1 1 99 0 0
91 1 0 551848 240888 83160 672796 0 0 0 1069 2396 2 1 96 1 1
92 0 0 551848 238956 83160 673320 0 0 0 1055 2287 4 1 76 20 1
93 0 0 551848 239092 83164 673372 0 0 100 970 2231 1 1 98 0 0
94 0 0 551848 239156 83164 673376 0 0 1724 1250 2602 3 1 92 4 0
95 2 0 551848 238996 83164 673380 0 0 0 1186 2358 8 1 91 0 0
96 0 0 551848 238840 83164 673388 0 0 0 1143 2353 4 1 95 0 0
97 0 0 551848 238936 83164 673396 0 0 0 1676 4476 2 1 98 0 0
98 0 1 551848 239000 83172 673388 0 0 60 949 2217 1 1 97 2 0
99 1 0 551848 237604 83176 673524 0 0 8 1194 2299 10 1 84 5 0
100 0 0 551848 237448 83176 673564 0 0 0 1435 3112 3 1 95 0 1
101 0 0 551848 237324 83176 673568 0 0 0 1013 2340 2 1 97 0 0
102 1 0 551848 237276 83180 673572 0 0 108 964 2288 2 0 98 0 0
103 0 0 551848 237212 83180 673576 0 0 1732 1558 3064 3 1 92 4 0
104 0 0 551848 237280 83180 673596 0 0 0 786 1891 1 0 99 0 0
105 0 0 551848 237216 83180 673604 0 0 0 873 1957 1 0 99 0 0
106 0 0 551848 237344 83180 673604 0 0 0 884 2067 1 1 99 0 0
107 0 0 551848 237216 83184 673600 0 0 56 853 1928 1 1 99 0 0
108 0 0 551848 237312 83184 673612 0 0 0 2111 5085 4 1 95 0 0
109 0 0 551848 237216 83184 673620 0 0 0 891 2118 1 1 99 0 0
110 0 0 551844 237152 83184 673628 0 0 0 961 2259 1 1 98 0 0
111 0 0 551844 237032 83184 673632 0 0 0 820 2011 1 1 99 0 0
112 0 0 551844 236672 83188 673636 0 0 52 978 2295 2 1 97 0 0
113 0 0 551844 236672 83188 673640 0 0 1908 1111 2450 1 1 95 4 0
114 0 0 551844 236800 83188 673636 0 0 0 851 1958 1 0 99 0 0
115 0 0 551844 236736 83188 673640 0 0 0 799 1894 0 0 99 0 0
116 0 0 551844 236768 83188 673644 0 0 0 839 1827 2 0 97 0 0
117 0 0 551844 236864 83192 673644 0 0 72 919 2256 1 0 99 0 0
118 0 0 551844 236768 83196 673876 0 0 640 3669 15958 12 1 85 2 0
119 0 0 551844 236772 83196 673924 0 0 0 787 1861 1 0 99 0 0
120 0 0 551844 236368 83196 673928 0 0 0 708 1713 0 1 99 0 0
121 1 1 551844 236400 83196 673932 0 0 1676 1011 2217 1 1 95 3 0
122 0 0 551844 236304 83204 673916 0 0 220 1033 2159 1 0 98 1 0
123 0 1 551844 236368 83204 674140 0 0 3512 1308 3252 3 1 87 9 0
124 0 0 551844 236208 83208 673860 0 0 1184 1072 2242 1 1 97 1 0
125 0 0 551844 236208 83208 673836 0 0 0 735 1772 0 0 100 0 0
126 0 0 551844 236240 83216 673828 0 0 72 965 2261 1 0 98 0 0
127 0 0 551844 236272 83216 673844 0 0 0 741 1688 1 1 99 0 0
128 0 0 551844 236052 83216 673856 0 0 0 868 2044 0 1 99 0 0
129 0 0 551844 236116 83216 673860 0 0 0 779 1888 1 1 99 0 0
130 0 0 551844 236180 83216 673864 0 0 0 743 1753 1 1 98 0 0
131 0 0 551844 235740 83232 674072 0 0 76 2780 6666 5 2 92 2 0
132 0 0 551844 235680 83240 674112 0 0 1720 1117 2384 1 0 95 4 0
133 0 0 551844 235744 83240 674116 0 0 0 845 1921 1 1 98 0 0
134 0 0 551844 235648 83240 674120 0 0 0 1077 2397 2 0 97 1 0
135 1 0 551844 235824 83240 674192 0 0 0 735 1667 1 0 99 0 0
136 1 0 551844 235696 83240 674192 0 0 60 953 2180 0 1 99 0 0
137 0 0 551844 235696 83240 674204 0 0 0 964 2031 1 1 98 0 1
138 0 0 551844 235696 83240 674212 0 0 0 1059 3008 2 0 98 0 0
139 0 0 551844 235696 83240 674224 0 0 0 998 2169 3 1 96 0 1
140 0 0 551844 235540 83240 674228 0 0 48 899 2014 1 0 98 0 0
141 0 0 551844 235540 83240 674236 0 0 1684 1182 2614 1 1 94 4 0
142 0 0 551844 235572 83240 674232 0 0 0 882 1994 1 1 98 0 0
143 0 0 551844 235572 83240 674240 0 0 0 687 1597 1 0 99 0 0
144 0 0 551844 235604 83240 674244 0 0 0 808 1858 2 1 98 0 0
145 0 0 551844 235572 83240 674248 0 0 64 908 2047 1 1 99 0 0
146 0 0 551844 235540 83240 674256 0 0 76 829 1871 1 0 99 0 0
147 0 0 551844 235636 83240 674260 0 0 0 948 2216 1 1 99 0 0
148 0 0 551844 235540 83240 674268 0 0 0 894 2072 1 0 99 0 0
149 0 0 551844 235168 83240 674268 0 0 0 2127 5337 2 1 96 1 0
150 0 0 551844 235232 83248 674264 0 0 60 788 1843 1 1 99 0 0
151 0 0 551844 235104 83256 674264 0 0 1924 1132 2504 1 1 94 4 0
152 0 0 551844 234948 83256 674276 0 0 0 2126 7557 10 1 88 0 0
153 0 0 551844 235076 83256 674280 0 0 0 754 1688 1 0 99 0 0
154 0 0 551844 234948 83256 674280 0 0 0 725 1716 0 1 99 0 0
155 0 0 551844 235012 83264 674276 0 0 80 843 1949 1 1 98 0 0
156 0 0 551844 235076 83264 674296 0 0 88 773 1784 1 0 99 0 0
157 0 0 551844 234980 83264 674304 0 0 0 885 2035 1 1 98 0 0
158 0 0 551844 234916 83264 674308 0 0 0 826 1921 1 1 98 0 0
159 0 0 551844 236084 83264 674312 0 0 0 811 1925 1 1 99 0 0
160 0 0 551844 235748 83272 674316 0 0 1792 1437 4614 2 1 93 4 1
161 0 0 551844 235464 83276 674320 0 0 0 1311 2581 6 1 93 0 0
162 0 0 551844 235628 83276 674432 0 0 0 833 1779 1 0 99 0 0
163 0 0 551844 235532 83276 674432 0 0 0 963 2079 2 0 97 0 1
164 0 0 551844 235564 83276 674440 0 0 116 1060 2280 2 0 97 0 1
165 3 0 551844 235532 83276 674448 0 0 0 892 1980 0 0 99 0 0
166 0 0 551844 235580 83276 674456 0 0 0 1119 2349 3 1 96 0 1
167 0 0 551844 235236 83276 674444 16 0 0 1183 2488 6 1 92 0 0
168 0 0 551844 235020 83276 674468 0 0 0 985 2137 1 1 98 0 0
169 0 0 551844 235164 83280 674464 0 0 52 769 1790 1 0 99 0 0
170 0 0 551844 235068 83280 674472 0 0 1744 1121 2594 2 1 94 4 0
171 2 0 551844 235004 83280 674488 0 0 0 842 1960 1 1 98 0 0
172 0 0 551844 235068 83280 674492 0 0 0 807 1885 1 0 99 0 0
173 0 0 551844 235100 83280 674492 0 0 0 783 1843 0 1 99 0 0
174 0 0 551844 235196 83280 674492 0 0 80 1890 5059 3 1 97 0 0
175 0 0 551844 234764 83284 674720 0 0 384 2172 10593 10 1 89 0 0
176 0 0 551844 234604 83284 674724 0 0 0 752 1771 1 1 99 0 0
177 1 0 551844 234360 83284 674772 0 0 0 1000 2184 1 0 98 0 0
178 0 0 551844 233860 83284 674776 0 0 0 878 1924 1 1 97 1 0
179 0 1 551844 233796 83284 674776 0 0 620 901 2135 0 0 99 0 0
180 0 0 551844 233144 83284 675444 0 0 5532 1953 3974 5 2 83 11 0
181 0 0 551844 233176 83284 675432 0 0 0 824 1856 1 1 99 0 0
182 0 0 551844 233240 83284 675432 0 0 0 2809 6918 2 1 97 0 0
183 0 0 551844 233112 83288 675428 0 0 80 946 2051 2 0 97 0 0
184 0 0 551844 233016 83288 675444 0 0 0 811 1804 1 0 99 0 0
185 0 0 551844 232952 83288 675448 0 0 272 880 1908 1 1 99 0 0
186 0 0 551844 232988 83288 675452 0 0 0 821 1873 1 1 98 0 0
187 0 0 551844 233116 83288 675452 0 0 0 829 1840 1 0 99 0 0
188 0 0 551844 233212 83292 675452 0 0 52 806 1743 1 1 98 0 0
189 0 0 551844 233228 83300 675468 0 0 1728 1095 2393 1 1 94 4 0
190 0 0 551844 233164 83300 675472 0 0 104 926 2060 1 1 98 0 0
191 0 0 551844 233260 83300 675480 0 0 0 1502 4099 3 1 97 0 0
192 0 0 551844 233228 83300 675484 0 0 0 834 1846 1 1 98 0 0
193 0 0 551844 230128 83304 675480 0 0 80 1013 2065 6 1 93 0 0
194 0 0 551844 230064 83304 675492 0 0 0 866 1888 1 1 98 0 0
195 0 0 551844 230128 83304 675504 0 0 92 838 1908 1 0 99 0 0
196 0 0 551844 230224 83304 675508 0 0 0 909 2188 1 0 99 0 0
197 0 0 551844 230096 83304 675508 0 0 0 745 1735 1 0 99 0 0
198 0 0 551844 230128 83308 675508 0 0 52 842 2003 0 1 99 0 0
199 0 0 551844 230192 83308 675512 0 0 1716 1275 2653 1 0 94 4 0
200 1 0 551844 230224 83308 675516 0 0 0 971 2210 1 0 99 0 0
201 0 0 551844 230128 83308 675528 0 0 0 2009 4834 1 1 98 0 0
202 0 0 551844 230160 83308 675528 0 0 56 942 2158 1 1 98 0 0
203 0 0 551844 230348 83308 675536 0 0 0 814 1910 1 1 99 0 0
204 0 0 551844 230252 83308 675548 0 0 80 885 2010 1 1 98 0 0
205 0 0 551844 230348 83308 675552 0 0 0 857 1970 1 1 98 0 0
206 1 0 551844 230004 83308 675552 0 0 0 940 2104 1 1 97 1 0
207 2 0 551844 229644 83312 675556 0 0 64 909 2078 0 0 99 0 0
208 0 0 551844 229536 83316 675560 0 0 1724 1273 2632 1 1 94 4 0
209 0 0 551844 229632 83316 675564 0 0 0 856 1929 1 1 98 0 0
210 0 0 551844 229696 83316 675568 0 0 0 746 1727 1 1 99 0 0
211 0 0 551844 229600 83316 675572 0 0 0 779 1779 1 0 99 0 0
212 0 0 551844 229664 83316 675572 0 0 64 898 2003 1 0 98 0 0
213 0 0 551844 235944 83316 675580 0 0 0 1453 3932 2 1 97 0 0
214 0 0 551844 235796 83316 675592 0 0 48 1254 2592 4 1 95 0 1
215 1 0 551844 235860 83316 675728 0 0 0 818 1791 1 0 99 0 0
216 0 0 551844 235892 83316 675728 0 0 0 981 2145 2 1 97 0 0
217 0 0 551844 235940 83324 675720 0 0 104 850 1822 1 0 98 0 0
218 1 0 551844 235844 83328 675720 0 0 1728 1130 2584 2 0 93 4 0
219 0 0 551844 234744 83328 675740 0 0 156 1370 2560 7 2 90 0 0
220 0 0 551844 234840 83328 675764 0 0 0 938 2005 2 0 98 0 0
221 0 0 551844 234748 83328 675764 0 0 68 921 2010 2 1 97 0 0
222 1 0 551844 234684 83328 675772 0 0 0 789 1808 1 0 99 0 0
223 1 0 551844 234588 83328 675784 0 0 92 1126 2372 3 1 96 0 0
224 0 0 551844 234748 83328 675800 0 0 0 922 2018 1 0 99 0 0
225 0 0 551844 234656 83328 675800 0 0 0 1649 4704 3 1 96 0 0
226 0 1 551844 234544 83328 675800 0 0 612 927 2170 1 1 96 2 0
227 0 0 551844 234576 83332 675800 0 0 1144 1029 2387 0 0 94 5 0
228 0 0 551844 234512 83332 675804 0 0 0 717 1609 0 1 99 0 0
229 0 0 551844 234576 83332 675808 0 0 0 723 1656 1 0 99 0 0
230 0 0 551844 234640 83332 675808 0 0 0 825 1920 0 0 99 0 0
231 0 0 551840 234512 83336 675812 0 0 60 880 1932 1 1 98 0 0
232 0 0 551840 233860 83336 676040 0 0 388 3903 16160 13 1 86 0 0
233 0 0 551840 233864 83336 676076 0 0 0 735 1681 1 0 99 0 0
234 0 0 551840 233132 83336 676084 0 0 0 914 1974 1 1 99 0 0
235 0 0 551840 233056 83336 676084 0 0 0 970 2141 1 0 98 1 0
236 0 0 551840 233120 83336 676084 0 0 0 919 2013 1 1 98 0 0
237 0 0 551840 232992 83336 676088 0 0 1768 1068 2322 1 1 94 4 0
238 0 0 551840 233088 83336 676088 0 0 4780 1775 3550 3 2 85 10 0
239 0 0 551840 233056 83336 676020 0 0 0 822 1819 1 0 99 0 0
240 0 0 551840 233120 83336 676032 0 0 72 941 2099 1 0 99 0 0
241 0 0 551840 233024 83336 676040 0 0 0 783 1734 0 0 99 0 0
242 0 0 551840 233088 83336 676044 0 0 0 766 1763 1 0 99 0 0
243 2 0 551840 233024 83336 676052 0 0 0 791 1914 1 1 99 0 0
244 0 0 551840 232932 83336 676056 0 0 0 852 2003 1 0 99 0 0
245 0 0 551840 232996 83336 676060 0 0 44 777 1782 1 1 98 0 0
246 0 0 551840 232900 83336 676064 0 0 1856 1183 2525 1 0 95 4 0
247 0 0 551840 232748 83336 676064 0 0 0 814 1848 1 1 98 0 0
248 0 0 551840 232312 83336 676068 0 0 0 832 1894 1 1 99 0 0
249 0 0 551840 231972 83336 676068 0 0 0 2164 5723 2 1 97 0 0
250 0 0 551840 232004 83340 676064 0 0 76 893 1983 1 0 99 0 0
251 0 0 551840 232036 83356 676056 0 0 0 1351 2570 3 1 96 0 0
252 0 0 551840 231972 83356 676172 0 0 172 962 2305 1 0 98 0 0
253 0 0 551840 232004 83356 676180 0 0 0 813 1840 2 0 98 0 0
254 0 0 551840 231676 83356 676188 0 0 0 1003 2139 3 1 96 0 0
255 2 0 551840 231788 83360 676184 0 0 96 958 2065 1 1 98 0 0
256 0 0 551840 231724 83360 676192 0 0 1680 1428 2850 2 0 94 4 0
257 0 0 551840 231692 83360 676196 0 0 92 1074 2195 2 1 97 0 0
258 0 0 551840 231628 83360 676200 0 0 0 912 2021 2 1 98 0 0
259 3 0 551840 231660 83360 676204 0 0 0 939 2074 2 0 98 0 0
260 0 0 551840 231788 83360 676220 0 0 0 880 1912 1 1 99 0 0
261 0 0 551840 231660 83360 676224 0 0 76 886 1997 1 0 99 0 0
262 0 0 551840 231660 83360 676232 0 0 0 862 1971 0 1 99 0 0
263 0 0 551840 231412 83360 676240 0 0 0 906 2064 0 0 98 1 0
264 0 0 551840 231476 83364 676236 0 0 60 842 1943 1 0 99 0 0
265 0 0 551840 231540 83364 676244 0 0 1680 1245 2624 1 0 95 4 0
266 0 0 551840 231444 83364 676240 0 0 0 849 1919 1 1 98 0 0
267 0 0 551840 231444 83364 676252 0 0 0 900 2028 1 1 98 0 0
268 0 0 551840 231412 83364 676252 0 0 0 749 1751 1 1 99 0 0
269 0 0 551840 231412 83368 676248 0 0 64 811 1902 1 0 99 0 0
270 0 0 551840 231444 83368 676264 0 0 0 1526 4367 2 0 98 0 0
271 0 0 551840 231380 83368 676268 0 0 16 929 2088 1 0 99 0 0
272 0 0 551840 231364 83368 676284 0 0 0 731 1772 1 1 99 0 0
273 1 0 551840 231460 83368 676284 0 0 0 2606 10405 5 1 94 0 0
274 0 0 551840 231384 83372 676284 0 0 1764 1092 2312 1 1 94 4 0
275 0 0 551840 231192 83372 676280 0 0 0 825 1821 1 0 99 0 0
276 0 0 551840 231320 83372 676288 0 0 8 888 1998 1 1 99 0 0
277 0 0 551840 231192 83372 676292 0 0 0 731 1684 1 1 98 0 0
278 0 0 551840 231160 83372 676292 0 0 0 873 2001 1 1 98 0 0
279 0 0 551840 231192 83380 676288 0 0 64 916 2106 1 1 98 0 0
280 0 0 551840 231192 83380 676312 0 0 124 927 2006 2 1 98 0 0
281 0 0 551840 231320 83380 676316 0 0 0 845 1935 1 0 98 0 0
282 2 0 551840 231304 83380 676324 0 0 0 2018 5317 3 1 97 0 0
283 0 1 551840 231260 83384 676324 0 0 668 1045 2387 1 1 97 1 0
284 0 0 551840 231356 83388 676332 0 0 1104 932 2115 1 1 96 3 0
285 0 0 551840 231292 83388 676328 0 0 192 920 2065 1 0 99 0 0
286 0 0 551840 231260 83388 676336 0 0 0 695 1619 1 1 98 0 0
287 0 0 551840 231292 83388 676344 0 0 0 930 2085 1 1 99 0 0
288 2 0 551840 231196 83392 676340 0 0 68 892 2101 1 0 98 0 0
289 0 0 551840 226736 83396 676568 0 0 292 3782 11888 11 2 88 0 0
290 0 0 551840 226612 83396 676608 0 0 172 896 1993 1 1 98 0 1
291 0 0 551840 226176 83396 676616 0 0 0 960 2095 1 0 98 1 0
292 0 0 551840 226068 83396 676616 0 0 0 904 2038 1 1 98 0 0
293 0 0 551840 226148 83396 676616 0 0 0 817 1979 1 1 98 0 0
294 1 0 551840 226020 83404 676612 0 0 1780 1393 2722 2 1 93 4 0
295 0 1 551836 225644 83404 676496 20 0 4716 1628 3169 1 2 81 16 0
296 0 0 551820 225540 83404 676492 4 0 0 881 1947 1 1 96 2 0
297 1 0 551820 225604 83404 676492 0 0 0 932 2102 1 0 99 0 0
298 3 0 551820 225740 83408 676492 0 0 100 974 2158 1 0 99 0 0
299 2 0 551820 225804 83408 676504 0 0 0 983 2159 1 1 98 0 0
300 1 0 551820 225804 83408 676520 0 0 0 879 2081 0 1 99 0 0
301 0 0 551820 225460 83408 676524 0 0 0 839 1986 1 1 99 0 0
302 0 0 551820 225460 83412 676520 0 0 48 850 1944 1 1 99 0 0
303 0 0 551820 225524 83420 676524 0 0 1804 1203 2551 2 1 93 4 0
304 2 0 551820 225652 83420 676620 0 0 4 2525 6385 2 1 96 0 0
305 0 0 551820 225564 83420 676624 0 0 0 782 1785 1 0 99 0 0
306 0 0 551820 225628 83420 676628 0 0 0 871 2050 1 1 99 0 0
307 1 0 551820 225660 83428 676624 0 0 56 869 2005 1 0 99 0 0
308 0 0 551820 225564 83428 676640 0 0 0 797 1864 1 0 99 0 0
309 0 0 551820 225628 83428 676644 0 0 8 874 2046 1 0 99 0 0
310 0 0 551820 225532 83428 676656 0 0 0 840 2074 1 0 99 0 0
311 0 0 551820 225500 83428 676656 0 0 0 955 2184 1 1 99 0 0
312 0 0 551820 225564 83428 676656 0 0 56 797 1859 1 1 99 0 0
313 0 0 551820 225660 83436 676656 0 0 1720 1264 2649 1 1 94 4 0
314 0 0 551820 225532 83436 676660 0 0 36 2131 5315 2 1 98 0 0
315 1 0 551820 225628 83436 676664 0 0 0 803 1915 1 1 99 0 0
316 0 0 551820 225532 83436 676664 0 0 0 717 1675 1 1 99 0 0
317 0 0 551820 225532 83444 676664 0 0 72 3085 7975 3 1 96 0 0
318 0 0 551820 225596 83444 676680 0 0 0 775 1793 0 1 99 0 0
319 0 0 551820 225500 83444 676684 0 0 268 842 1929 1 1 98 1 0
320 0 0 551820 225160 83444 676700 0 0 0 908 1997 1 1 98 0 1
321 0 0 551820 225128 83444 676700 0 0 1772 1137 2437 1 1 94 4 0
322 0 0 551820 225128 83452 676820 0 0 0 1185 2490 4 1 96 0 0
323 0 0 551820 224984 83452 676844 0 0 80 736 1664 0 1 99 0 0
324 0 0 551820 224984 83452 676848 0 0 0 749 1701 1 1 99 0 0
325 0 0 551820 225048 83452 676852 0 0 0 1568 4569 1 1 98 0 0
326 0 0 551820 224920 83456 676852 0 0 120 1052 2243 2 1 97 0 0
327 0 0 551820 225016 83456 676868 0 0 0 926 2068 1 1 98 0 0
328 0 0 551820 224984 83456 676872 0 0 8 794 1776 1 0 99 0 0
329 0 0 551820 224984 83456 676876 0 0 0 981 2221 1 0 98 0 0
330 0 0 551820 225080 83456 676884 0 0 0 1095 2286 5 1 94 0 0
331 0 1 551820 224968 83456 676888 0 0 668 1069 2392 1 0 97 2 0
332 0 0 551820 225064 83460 676884 0 0 1104 1095 2308 1 1 96 3 0
333 0 0 551820 225096 83460 676896 0 0 0 946 2082 1 0 98 0 1
334 0 0 551820 225064 83460 676904 0 0 0 866 1980 0 1 99 0 0
335 0 0 551820 225000 83460 676908 0 0 0 833 1884 1 0 98 0 0
336 0 0 551820 225096 83464 676908 0 0 64 915 2050 1 1 99 0 0
337 0 0 551820 224968 83464 676924 0 0 0 816 1855 1 0 99 0 0
338 0 0 551820 225000 83464 676928 0 0 0 1914 5036 2 1 97 0 0
339 0 0 551820 225064 83464 676932 0 0 0 762 1761 0 0 99 0 0
340 0 0 551820 225064 83468 676936 0 0 44 772 1776 1 0 99 0 0
341 0 0 551820 224936 83468 676936 0 0 1680 1136 2606 1 1 94 4 0
342 0 0 551820 224888 83468 676944 0 0 12 870 1954 1 0 99 0 0
343 0 0 551820 224920 83468 676948 0 0 0 824 1921 1 0 99 0 1
344 0 0 551820 224856 83468 676952 0 0 0 809 1905 0 1 99 0 0
345 1 0 551820 224856 83472 676956 0 0 68 857 1950 1 1 98 0 0
346 0 0 551820 224668 83480 677176 0 0 296 2669 10286 10 2 88 0 0
347 0 0 551820 224604 83480 677188 0 0 120 835 1851 1 0 99 0 0
348 0 0 551820 224516 83480 677224 0 0 0 918 2065 1 1 98 1 0
349 0 0 551820 224316 83480 677232 0 0 0 895 1956 1 1 98 0 0
350 0 0 551820 224236 83480 677232 0 0 0 840 1968 1 1 99 0 0
351 0 0 551820 224204 83484 677224 0 0 1780 1040 2243 1 1 94 4 0
352 0 0 551820 224300 83492 677008 0 0 4976 1889 3996 4 1 85 11 0
353 0 0 551820 224172 83492 677012 0 0 0 933 2096 0 1 99 0 0
354 0 0 551820 224204 83492 677048 0 0 0 727 1635 0 1 99 0 0
355 0 0 551820 224236 83492 677048 0 0 72 978 2188 1 1 98 0 0
356 0 0 551820 224268 83492 677060 0 0 0 834 1921 1 1 98 0 0
357 0 0 551820 224204 83492 677072 0 0 88 791 1828 1 1 98 0 0
358 0 0 551820 224268 83492 677076 0 0 0 844 1924 1 0 99 0 0
359 0 0 551820 224172 83492 677076 0 0 0 906 2023 1 1 99 0 0
360 0 0 551820 224236 83508 677072 0 0 1716 1175 2515 0 1 95 4 0
361 0 0 551820 224204 83508 677084 0 0 4 2674 6680 2 1 97 0 0
362 0 0 551820 224204 83508 677092 0 0 0 748 1722 0 0 99 0 0
363 0 0 551820 224300 83508 677096 0 0 0 757 1800 0 0 99 0 0
364 0 0 551820 224172 83512 677100 0 0 60 828 1856 1 1 98 0 0
365 0 0 551820 224204 83512 677104 0 0 0 989 2202 1 0 99 0 0
366 0 0 551820 224268 83512 677108 0 0 0 982 2218 1 0 99 0 0
367 0 0 551820 224172 83512 677116 0 0 0 791 1866 1 0 99 0 0
368 0 0 551820 224236 83512 677124 0 0 0 946 2165 1 1 98 0 0
369 0 0 551820 224268 83512 677128 0 0 1756 2288 5623 2 1 92 6 0
370 0 0 551820 224396 83512 677128 0 0 0 793 1782 1 1 99 0 0
371 0 0 551820 224300 83512 677132 0 0 0 886 2049 1 1 98 0 0
372 0 0 551820 224396 83512 677136 0 0 0 732 1736 0 0 99 0 0
373 0 0 551820 224300 83512 677140 0 0 0 754 1859 0 0 99 0 0
374 0 0 551820 224300 83516 677144 0 0 60 824 1952 1 0 99 0 0
375 0 0 551820 224300 83532 677144 0 0 0 1300 2569 5 1 95 0 0
376 0 0 551820 224396 83532 677256 0 0 88 865 2003 1 0 99 0 0
377 0 0 551820 223988 83532 677260 0 0 0 2112 7811 4 1 93 1 1
378 0 0 551660 224116 83532 677264 144 0 0 1138 2269 4 1 94 1 1
379 0 1 551660 224020 83540 677256 0 0 1804 1065 2268 2 0 95 3 0
380 0 0 551660 224164 83540 677284 0 0 36 1056 10062 2 1 97 0 0
381 0 0 551660 224100 83540 677296 0 0 0 779 1760 0 0 99 0 0
382 0 0 551660 224164 83540 677300 0 0 0 914 1994 1 1 98 0 0
383 0 0 551660 224068 83548 677300 0 0 72 993 2175 1 0 98 0 0
384 0 0 551660 224196 83548 677312 0 0 0 796 1768 1 1 99 0 0
385 0 0 551660 224164 83548 677320 0 0 224 1032 2251 1 1 98 0 0
386 0 0 551660 224260 83548 677324 0 0 0 706 1691 1 0 99 0 0
387 0 0 551660 224056 83548 677332 0 0 0 856 2017 1 0 99 0 0
388 0 0 551660 224024 83548 677332 0 0 56 958 2153 1 1 98 0 0
389 0 0 551660 223992 83548 677336 0 0 1740 1202 2551 1 2 93 4 0
390 1 0 551660 224088 83548 677356 0 0 92 979 2213 1 0 99 0 0
391 0 0 551660 224024 83548 677356 0 0 0 818 1873 1 0 99 0 0
392 3 0 551660 224088 83548 677364 0 0 0 1745 5079 2 0 97 0 0
393 0 0 551660 224024 83552 677372 0 0 76 835 1952 1 0 99 0 0
394 0 0 551660 224056 83552 677380 0 0 0 795 1885 1 1 99 0 0
395 0 0 551660 224120 83552 677384 0 0 0 724 1727 0 0 99 0 0
396 0 0 551660 224024 83552 677396 0 0 0 843 1912 1 1 98 0 0
397 0 0 551660 223960 83552 677396 0 0 0 857 1978 1 0 99 0 0
398 0 0 551660 224008 83556 677392 0 0 44 800 1870 0 0 99 0 0
399 0 0 551660 223976 83556 677476 0 0 1784 1174 2493 2 1 93 5 0
400 0 0 551660 224008 83556 677480 0 0 0 741 1656 1 0 99 0 0
401 0 0 551660 224072 83556 677480 0 0 0 842 1923 1 1 99 0 0
402 0 0 551660 224008 83560 677488 0 0 56 967 2168 1 1 98 0 0
403 0 0 551660 223728 83564 677740 0 0 292 3465 10499 11 1 88 0 0
404 1 0 551660 223792 83564 677756 0 0 180 751 1742 1 0 99 0 0
405 0 0 551660 223776 83564 677756 0 0 0 974 2249 1 0 99 0 1
406 0 0 551660 223544 83564 677764 0 0 0 873 2075 1 1 97 1 0
407 0 0 551660 223480 83564 677764 0 0 0 784 1878 0 0 99 0 0
408 1 0 551660 223640 83568 677784 0 0 1788 1467 3022 2 1 92 5 0
409 0 0 551660 223544 83568 677680 0 0 4772 1699 3677 3 1 84 12 1
410 0 0 551660 223608 83568 677684 0 0 0 867 2018 1 1 99 0 0
411 2 0 551660 223608 83568 677684 0 0 0 818 1867 1 1 98 0 0
412 0 0 551660 223704 83568 677696 0 0 76 1039 2394 2 1 97 0 0
413 0 0 551660 223576 83568 677700 0 0 0 910 10300 2 1 98 0 0
414 0 0 551660 223704 83568 677712 0 0 40 756 1807 1 1 99 0 0
415 0 0 551660 223704 83568 677712 0 0 0 723 1715 1 1 99 0 0
416 0 0 551660 223592 83568 677716 0 0 0 777 1867 1 1 98 0 0
417 0 0 551660 223640 83572 677712 0 0 1764 1021 2472 1 1 93 6 0
418 0 0 551660 223544 83572 677724 0 0 0 723 1666 0 1 99 0 0
419 1 0 551660 223544 83572 677724 0 0 136 943 2078 1 1 97 0 0
420 1 0 551660 223576 83572 677732 0 0 0 875 5066 1 1 98 0 0
421 0 0 551660 223640 83572 677744 0 0 76 863 6229 0 1 98 0 0
422 0 0 551660 223640 83572 677744 0 0 0 664 1558 1 1 99 0 0
423 0 0 551660 223608 83572 677752 0 0 76 856 1943 1 1 98 0 0
424 0 0 551660 223608 83572 677752 0 0 0 768 1783 1 0 99 0 0
425 0 0 551660 223736 83572 677760 0 0 0 757 1800 1 1 99 0 0
426 0 1 551660 223544 83576 677768 0 0 1744 970 2257 1 1 95 4 0
427 0 0 551660 223608 83580 677768 0 0 36 980 2325 1 1 98 1 0
428 0 0 551660 223544 83580 677772 0 0 0 923 2106 1 1 99 0 0
429 0 0 551660 223640 83580 677776 0 0 0 798 1877 0 0 99 0 0
430 0 0 551660 223672 83580 677776 0 0 0 714 1704 1 0 99 0 0
431 0 0 551660 223704 83580 677788 0 0 60 897 2081 1 1 98 0 0
432 0 0 551660 223608 83580 677796 0 0 0 1827 4895 2 0 98 0 0
433 0 0 551660 223672 83580 677804 0 0 68 861 2005 1 0 99 0 0
434 0 0 551660 223736 83580 677812 0 0 0 797 1840 0 0 100 0 0
435 2 0 551660 223516 83580 677812 0 0 0 947 2256 2 0 97 1 0
436 0 0 551660 223484 83588 677812 0 0 60 887 2078 1 0 99 0 0
437 0 0 551660 223612 83592 677816 0 0 1716 1267 2615 2 1 94 4 0
438 0 0 551660 223484 83592 677820 0 0 4 670 1579 1 0 99 0 0
439 0 0 551660 223548 83592 677820 0 0 0 761 1854 0 0 99 0 0
440 0 0 551660 223420 83592 677832 0 0 60 792 1901 1 1 99 0 0
441 0 0 551660 223484 83592 677844 0 0 0 733 1728 1 0 99 0 0
442 0 0 551660 223548 83592 677844 0 0 16 749 1760 1 0 99 0 0
443 0 0 551660 223420 83592 677844 0 0 0 1606 4410 1 1 98 0 0
444 0 0 551660 223468 83592 677856 0 0 0 937 2132 1 1 98 0 0
445 0 0 551660 223532 83592 677856 0 0 72 793 2075 1 1 99 0 0
446 0 0 551660 223372 83592 677864 0 0 1680 1199 2521 1 1 94 4 0
447 0 0 551660 223372 83592 677856 0 0 40 940 2225 1 0 98 0 0
448 0 0 551660 223532 83592 677864 0 0 0 816 1918 1 0 98 0 0
449 0 0 551660 223404 83592 677864 0 0 0 751 1816 1 0 99 0 0
450 0 0 551660 223436 83600 677872 0 0 72 847 2057 1 1 99 0 0
451 0 0 551660 223436 83600 677872 0 0 0 719 1754 1 0 99 0 0
452 0 0 551660 223532 83600 677888 0 0 168 766 1865 1 1 99 0 0
453 0 0 551660 223436 83600 677892 0 0 0 766 1854 1 0 99 0 0
454 0 0 551660 224524 83600 677896 0 0 0 880 2028 1 1 98 0 0
455 0 0 551660 224480 83604 677892 0 0 56 773 1844 1 0 99 0 0
456 0 0 551660 224292 83604 677888 0 0 1680 1978 5192 2 1 93 4 0
457 0 0 551660 224388 83604 677892 0 0 76 800 1987 1 0 99 0 0
458 0 0 551660 224360 83604 677904 0 0 0 774 2035 1 1 99 0 0
459 0 0 551660 224200 83604 677904 0 0 0 760 1937 1 1 99 0 0
460 2 0 551660 224144 83604 678092 0 0 296 3603 9592 10 1 88 1 1
461 0 0 551660 224176 83604 678172 0 0 84 942 2181 0 1 99 0 0
462 0 0 551660 223752 83604 678256 0 0 0 862 1997 1 1 98 0 0
463 0 0 551660 223460 83604 678260 0 0 0 2480 6134 3 1 95 1 0
464 0 0 551660 223376 83604 678264 0 0 1680 1147 2528 2 1 94 4 0
465 1 0 551660 223280 83604 678264 0 0 0 720 1657 1 0 99 0 0
466 0 0 551660 223280 83608 678088 0 0 4724 1309 2595 2 1 87 10 0
467 0 0 551660 223344 83608 678096 0 0 0 908 2029 1 0 99 0 0
468 0 0 551660 223376 83608 678068 0 0 0 734 1711 0 1 99 0 0
469 0 0 551660 223248 83608 678068 0 0 72 819 1867 1 0 99 0 0
470 0 0 551660 223248 83608 678076 0 0 0 886 2022 1 1 99 0 0
471 0 0 551660 223376 83608 678092 0 0 0 824 1884 1 1 98 0 0
472 0 0 551660 223280 83608 678092 0 0 0 815 1846 1 1 99 0 0
473 0 0 551660 223312 83608 678092 0 0 0 1535 4487 2 1 98 0 0
474 0 0 551660 223344 83612 678092 0 0 1724 1071 2338 1 0 94 4 0
475 1 0 551660 223440 83612 678092 0 0 0 873 2025 1 1 98 0 0
476 2 0 551660 223312 83612 678096 0 0 8 740 1790 1 1 98 0 0
477 0 0 551660 223344 83612 678104 0 0 0 835 1933 0 1 99 0 0
478 0 0 551660 223440 83612 678108 0 0 0 762 1767 0 1 99 0 0
479 0 0 551660 223280 83620 678120 0 0 60 937 2167 1 1 98 0 0
480 2 0 551660 223408 83620 678128 0 0 36 1930 4676 2 1 97 0 0
481 0 0 551660 223280 83620 678132 0 0 0 946 2062 1 1 99 0 0
482 0 0 551660 223296 83620 678136 0 0 0 955 2170 1 1 98 0 0
483 1 0 551660 223328 83628 678132 0 0 56 830 1971 1 0 99 0 0
484 0 0 551660 223440 83632 678152 0 0 1724 1014 2165 1 1 95 4 0
485 0 0 551660 223280 83632 678152 0 0 132 784 1772 1 0 99 0 0
486 0 0 551660 223376 83632 678156 0 0 0 823 1960 1 1 98 0 0
487 0 0 551660 223440 83632 678160 0 0 0 757 1781 1 0 99 0 0
488 0 0 551660 223280 83636 678164 0 0 68 1519 11053 3 1 96 0 0
489 0 0 551660 224336 83636 678176 0 0 0 683 1577 0 0 99 0 0
490 0 0 551660 224368 83636 678180 0 0 136 988 2361 1 1 98 0 0
491 1 0 551660 224556 83636 678184 0 0 0 1387 4300 2 1 97 1 0
492 0 0 551660 224288 83636 678184 0 0 0 878 1966 1 1 98 0 0
493 0 0 551660 224336 83640 678180 0 0 72 914 2007 1 0 99 0 0
494 0 0 551660 224400 83644 678192 0 0 1716 1052 2377 1 1 95 4 0
495 0 0 551660 224272 83644 678192 0 0 0 741 1756 1 0 99 0 0
496 0 0 551660 224336 83644 678196 0 0 0 792 1779 1 0 99 0 0
497 0 0 551660 224368 83644 678204 0 0 0 777 1772 1 0 99 0 0
498 0 0 551660 224116 83652 678204 0 0 64 814 1813 1 1 98 0 0
499 0 0 551660 224180 83652 678216 0 0 0 869 1976 1 1 99 0 0
500 0 0 551660 224148 83652 678220 0 0 0 800 1875 0 0 100 0 0
501 0 0 551660 224072 83652 678224 0 0 0 2005 4772 2 1 97 0 0
502 0 0 551660 224104 83660 678216 0 0 48 815 1853 1 1 99 0 0
503 0 0 551660 224008 83660 678236 0 0 1728 1193 2656 2 1 93 5 0
504 0 0 551660 224040 83660 678244 0 0 0 854 1962 1 0 99 0 0
505 0 0 551660 224136 83660 678244 0 0 0 840 1856 1 0 99 0 0
506 0 0 551660 224168 83660 678244 0 0 0 845 2015 1 1 99 0 0
507 0 0 551660 224040 83660 678252 0 0 60 899 2027 0 1 99 0 0
508 0 0 551660 224104 83660 678260 0 0 0 766 1957 1 1 99 0 0
509 0 0 551660 224168 83660 678268 0 0 8 784 1988 1 0 99 0 0
510 0 0 551660 224008 83660 678280 0 0 0 751 1895 1 1 99 0 0
511 0 0 551660 224072 83660 678280 0 0 0 843 2081 1 0 99 0 0
512 0 0 551660 224120 83660 678336 0 0 1824 1150 2531 1 1 94 4 0
513 0 0 551660 223992 83660 678340 0 0 0 793 1840 1 0 99 0 0
514 0 0 551660 224056 83660 678344 0 0 80 933 10415 2 1 97 0 0
515 0 0 551660 224152 83660 678352 0 0 0 809 1804 1 1 99 0 0
516 0 0 551660 223992 83660 678352 0 0 0 755 1699 0 0 99 0 0
517 0 0 551660 224056 83660 678360 0 0 76 896 2008 1 1 98 0 0
518 0 0 551660 224248 83668 678580 0 0 292 2563 7356 8 1 91 0 0
519 0 0 551660 224152 83668 678620 0 0 204 2272 5934 1 1 96 1 0
520 0 0 551660 223872 83668 678628 0 0 0 858 2064 0 0 99 0 0
521 0 0 551660 223840 83672 678684 0 0 1816 1160 2671 1 1 94 4 0
522 1 0 551660 223680 83672 678680 0 0 0 956 2216 1 1 99 0 0
523 0 0 551660 223744 83676 678564 0 0 4808 1504 3281 2 1 85 13 0
524 0 0 551660 223808 83676 678568 0 0 0 849 1976 1 1 99 0 0
525 0 0 551660 223872 83676 678568 0 0 0 702 1722 1 0 99 0 0
526 0 0 551660 223712 83684 678560 0 0 76 1664 4530 2 1 98 0 0
527 1 0 551660 223776 83684 678592 0 0 0 686 1552 1 0 99 0 0
528 0 0 551660 223840 83684 678596 0 0 0 828 1954 1 1 99 0 0
529 0 0 551660 223712 83684 678600 0 0 0 740 1665 1 1 99 0 0
530 0 0 551660 223760 83684 678600 0 0 0 903 2036 1 0 99 0 0
531 0 1 551660 223808 83684 678604 0 0 652 1066 2504 1 1 97 1 0
532 0 0 551660 223680 83684 678600 0 0 1072 1108 2373 1 1 95 4 0
533 0 0 551660 223744 83684 678608 0 0 4 721 1677 0 1 99 0 0
534 0 0 551660 223808 83684 678612 0 0 0 867 2073 1 1 99 0 0
535 0 0 551660 223680 83684 678616 0 0 0 1737 4523 1 1 98 0 0
536 0 0 551660 223712 83684 678684 0 0 68 1010 2323 1 0 98 1 0
537 0 0 551660 223776 83684 678684 0 0 0 897 2042 1 1 98 0 0
538 0 0 551660 223840 83684 678692 0 0 0 776 1790 1 1 99 0 0
539 0 0 551660 223680 83684 678692 0 0 0 659 1495 0 1 99 0 0
540 0 0 551660 223684 83692 678692 0 0 44 786 1841 1 0 99 0 0
541 2 0 551660 223588 83696 678712 0 0 1720 1172 2552 1 1 94 5 0
542 0 0 551660 223652 83696 678712 0 0 8 816 1882 1 1 98 0 0
543 0 0 551660 223716 83696 678712 0 0 0 684 1584 1 0 99 0 0
544 0 0 551660 223556 83696 678720 0 0 0 776 1814 0 0 99 0 0
545 0 0 551660 223588 83704 678728 0 0 68 1780 4569 2 1 97 0 0
546 0 0 551660 223716 83704 678732 0 0 0 836 1935 1 1 99 0 0
547 0 0 551660 223556 83704 678736 0 0 156 786 1860 1 1 99 0 0
548 0 0 551660 223480 83704 678740 0 0 0 860 1951 0 1 98 1 0
549 0 0 551660 223252 83704 678744 0 0 0 897 1996 0 1 99 0 0
550 0 0 551660 223316 83712 678744 0 0 92 846 1873 1 0 98 0 0
551 0 0 551660 223156 83716 678756 0 0 1728 1280 2699 1 1 93 4 0
552 1 0 551660 223252 83716 678756 0 0 124 859 1940 0 0 99 0 0
553 1 0 551660 223284 83716 678760 0 0 0 837 1926 1 0 99 0 0
554 4 0 551660 223156 83716 678764 0 0 0 857 1977 1 0 99 0 0
555 0 0 551660 222180 83716 678776 0 0 64 1113 2265 5 1 94 0 0
556 0 0 551660 222052 83716 678780 0 0 0 836 1893 1 1 99 0 0
557 0 0 551660 222148 83716 678788 0 0 68 1757 4836 2 1 97 0 0
558 0 0 551660 222212 83716 678792 0 0 0 725 1705 1 0 99 0 0
559 0 0 551660 222036 83716 678792 0 0 0 932 2086 1 1 99 0 0
560 0 0 551660 222040 83716 678804 0 0 1680 1112 2460 1 1 94 4 0
561 0 0 551660 222040 83716 678800 0 0 8 762 1783 0 1 99 0 0
562 0 0 551660 221944 83716 678804 0 0 0 845 1961 0 1 99 0 0
563 0 0 551660 222072 83716 678808 0 0 0 759 1739 1 1 98 0 0
564 0 0 551660 221880 83724 678816 0 0 60 891 2131 1 0 98 0 0
565 0 0 551660 221976 83724 678816 0 0 0 830 1911 1 1 99 0 0
566 0 0 551660 222008 83724 678828 0 0 4 725 1677 0 1 99 0 0
567 0 0 551660 221848 83724 678828 0 0 0 751 1800 0 1 99 0 0
568 0 0 551660 221804 83724 678832 0 0 0 814 1961 1 1 98 0 0
569 0 0 551660 221900 83736 678836 0 0 1764 1089 11287 2 1 92 4 0
570 0 0 551660 221772 83736 678840 0 0 0 809 1846 1 1 98 0 0
571 0 0 551660 221804 83736 678840 0 0 0 921 2166 1 1 98 0 0
572 0 0 551660 221932 83736 678848 0 0 0 758 1728 1 1 99 0 0
573 0 0 551660 221772 83736 678852 0 0 0 819 1889 0 1 99 0 0
574 0 0 551660 221804 83740 678864 0 0 64 821 1899 1 1 98 0 0
575 1 0 551660 221900 83740 678872 0 0 0 2184 14103 10 1 89 0 0
576 0 0 551660 221684 83744 679124 0 0 384 893 2052 1 1 98 0 0
577 0 0 551660 221060 83744 679128 0 0 0 902 2029 0 0 98 1 0
578 0 0 551660 221092 83744 679128 0 0 0 900 2053 1 0 99 0 0
579 0 1 551660 221156 83744 679128 0 0 604 893 2127 1 1 97 1 0
580 0 1 551660 221028 83748 679388 0 0 4804 1542 3806 3 2 86 9 0
581 0 0 551660 221236 83748 679144 0 0 84 1040 2419 1 1 98 0 0
582 0 0 551660 221108 83748 679148 0 0 0 713 1722 0 0 99 0 0
583 0 0 551660 221140 83752 679148 0 0 72 1057 2425 1 1 99 0 0
584 1 0 551660 221236 83752 679160 0 0 0 872 1983 1 0 99 0 0
585 0 0 551660 221076 83752 679168 0 0 136 743 1683 1 1 99 0 0
586 0 0 551660 221016 83752 679172 0 0 0 806 2052 1 1 99 0 0
587 0 0 551660 222400 83752 679172 0 0 0 856 2201 1 1 99 0 0
588 0 0 551660 222148 83760 679172 0 0 44 851 2212 0 1 99 0 0
589 0 0 551660 222088 83760 679172 0 0 1824 1149 2538 2 1 94 4 0
590 0 0 551660 222184 83760 679292 0 0 64 753 1785 1 1 99 0 0
591 0 0 551660 222056 83760 679292 0 0 0 737 1713 0 1 99 0 0
592 0 0 551660 222120 83760 679300 0 0 0 2508 6504 2 1 97 0 0
593 0 0 551660 222028 83760 679312 0 0 72 877 1989 1 0 99 0 0
594 0 0 551660 222092 83760 679312 0 0 0 842 1882 1 1 99 0 0
595 2 0 551660 221964 83760 679316 0 0 0 1231 3004 2 1 97 0 0
596 0 0 551660 222028 83760 679316 0 0 0 2322 9581 4 1 96 0 0
597 0 0 551660 221936 83760 679324 0 0 0 876 2052 0 0 99 0 0
598 0 0 551660 221808 83760 679324 0 0 48 678 1635 0 1 99 0 0
599 0 0 551660 221872 83760 679336 0 0 1680 1079 2333 1 1 94 5 0
600 0 0 551660 221744 83760 679332 0 0 0 771 1843 1 0 99 0 0
601 0 0 551660 221744 83760 679336 0 0 0 1667 4027 2 1 98 0 0
602 0 0 551660 221808 83764 679336 0 0 56 802 1950 1 0 99 0 0
603 0 0 551660 221872 83764 679352 0 0 0 758 1872 0 1 99 0 0
604 0 0 551660 221712 83764 679352 0 0 68 959 2297 1 1 99 0 0
605 0 0 551660 221576 83764 679364 0 0 0 939 2141 1 1 97 1 0
606 0 0 551660 221160 83764 679368 0 0 0 870 2055 0 0 99 0 0
607 0 0 551660 220968 83772 679368 0 0 1748 1203 2533 1 1 93 5 1
608 1 0 551660 221064 83772 679360 0 0 0 826 1887 0 0 99 0 0
609 0 0 551660 221128 83772 679368 0 0 20 763 1802 1 0 98 0 0
610 0 0 551660 221000 83772 679372 0 0 0 699 1649 1 1 99 0 0
611 0 0 551660 221064 83772 679376 0 0 0 756 1767 1 1 99 0 0
612 0 0 551660 221096 83776 679388 0 0 76 992 7817 2 0 97 0 0
613 0 0 551660 221160 83776 679392 0 0 0 755 1800 1 0 99 0 0
614 0 0 551660 221064 83776 679396 0 0 84 796 1875 1 1 99 0 0
615 0 0 551660 221128 83776 679396 0 0 0 795 1859 0 1 99 0 0
616 1 0 551656 221016 83776 679508 0 0 0 1001 2262 6 1 94 0 0
617 0 0 551656 221112 83780 679544 0 0 1824 1144 2539 1 1 94 5 0
618 0 0 551656 221176 83780 679548 0 0 0 791 1770 1 0 99 0 0
619 0 0 551656 221016 83780 679556 0 0 88 890 1950 1 0 99 0 0
620 0 0 551656 221192 83780 679564 0 0 0 893 2059 1 1 99 0 0
621 0 0 551656 221032 83788 679572 0 0 60 955 2276 1 0 98 0 0
622 0 0 551656 221160 83788 679576 0 0 0 870 2007 1 1 98 0 0
623 0 0 551656 221192 83788 679580 0 0 64 826 1913 1 0 99 0 0
624 0 0 551656 221096 83788 679584 0 0 0 1875 4775 2 1 97 0 0
625 0 0 551656 221176 83788 679592 0 0 0 874 2004 1 1 99 0 0
626 0 1 551656 221256 83792 679592 0 0 672 982 2134 5 1 93 1 0
627 0 0 551656 221160 83792 679588 0 0 1104 973 2329 1 1 95 4 0
628 0 0 551656 221192 83792 679592 0 0 0 776 1853 0 0 100 0 0
629 4 0 551656 221256 83792 679596 0 0 0 768 1781 0 1 99 0 0
630 0 0 551656 221320 83792 679600 0 0 0 771 1839 0 0 99 0 0
631 0 0 551656 221192 83796 679612 0 0 60 896 2153 1 1 98 0 0
632 1 0 551656 221132 83796 679620 0 0 0 1916 11229 11 0 89 0 0
633 0 0 551656 221036 83800 679876 0 0 372 861 1965 1 1 98 0 0
634 0 0 551656 220992 83800 679876 0 0 0 890 1992 1 1 99 0 0
635 0 0 551656 220884 83800 679880 0 0 0 997 2109 1 1 97 1 0
636 0 0 551656 220604 83800 679884 0 0 0 769 1799 0 1 99 0 0
637 0 0 551656 220572 83800 679888 0 0 1764 1445 2931 1 1 94 5 0
638 0 0 551656 219892 83804 680516 0 0 5520 1468 3237 3 1 85 11 0
639 0 0 551656 219924 83804 680524 0 0 0 867 1975 0 0 99 0 0
640 0 0 551656 219796 83812 680524 0 0 80 979 2192 1 1 98 0 0
641 0 0 551656 219828 83812 680532 0 0 0 845 1968 1 1 99 0 0
642 1 0 551656 219732 83812 680540 0 0 8 812 1796 1 1 98 0 0
643 0 0 551656 219828 83812 680548 0 0 0 821 1862 1 0 99 0 0
644 0 0 551656 219860 83812 680552 0 0 0 2435 6059 2 1 97 0 0
645 1 0 551656 219700 83820 680556 0 0 56 952 2101 1 1 98 0 0
646 0 0 551656 219828 83820 680548 0 0 1680 1198 2505 2 1 93 4 0
647 0 0 551656 219892 83820 680548 0 0 200 776 1852 0 0 100 0 0
648 0 0 551656 219924 83820 680556 0 0 0 887 2028 1 1 99 0 0
649 0 0 551656 219796 83820 680560 0 0 0 710 1606 1 0 99 0 0
650 0 0 551656 219860 83820 680572 0 0 88 888 2094 1 0 99 0 0
651 0 0 551656 219924 83820 680576 0 0 0 935 2208 1 1 99 0 0
652 1 0 551656 219764 83820 680580 0 0 148 876 1965 1 0 99 0 0
653 0 0 551656 219828 83820 680584 0 0 0 1869 4872 2 0 98 0 0
654 0 0 551656 219924 83820 680588 0 0 0 868 1975 0 1 99 0 0
655 0 0 551656 219972 83824 680584 0 0 1752 1158 2558 1 1 93 5 0
656 0 0 551656 219764 83824 680592 0 0 0 863 2120 1 1 98 0 0
657 0 0 551656 219860 83824 680600 0 0 68 855 2190 1 0 99 0 0
658 0 0 551656 219924 83824 680600 0 0 0 788 2022 0 1 99 0 0
659 0 0 551656 219796 83824 680608 0 0 0 876 2181 1 0 99 0 0
660 0 0 551656 219892 83824 680620 0 0 0 783 2018 1 0 99 0 0
661 0 0 551656 219732 83824 680628 0 0 68 744 1955 0 0 100 0 0
662 0 0 551656 219860 83824 680636 0 0 0 2322 9061 4 1 95 0 0
663 0 0 551656 219640 83824 680640 0 0 0 1595 4878 2 1 96 1 0
664 0 0 551656 219768 83836 680640 0 0 1780 1134 2653 1 1 94 4 0
665 0 0 551656 219672 83836 680644 0 0 0 737 1734 0 0 99 0 0
666 0 0 551656 219736 83836 680648 0 0 0 916 2048 1 1 98 0 0
667 0 0 551656 219800 83836 680652 0 0 0 676 1555 1 1 99 0 0
668 0 0 551656 219704 83836 680664 0 0 0 851 1916 1 0 99 0 0
669 0 0 551656 219768 83840 680676 0 0 60 946 2102 1 1 98 0 0
670 0 0 551656 219832 83840 680676 0 0 0 837 1898 1 1 99 0 0
671 0 0 551656 219704 83840 680676 0 0 4 784 1885 0 1 99 0 0
672 0 0 551656 219768 83840 680684 0 0 0 809 2068 0 1 99 0 0
673 1 0 551656 219832 83840 680688 0 0 0 2016 8552 7 1 93 0 0
674 1 1 551656 219656 83844 680688 0 0 640 994 2422 1 1 97 2 0
675 0 0 551656 219624 83848 680688 0 0 1124 1211 2465 1 0 96 3 0
676 0 0 551656 219688 83848 680696 0 0 8 835 7720 2 0 97 0 0
677 0 0 551656 219544 83848 680696 0 0 0 782 1869 1 0 99 0 0
678 0 0 551656 219608 83848 680700 0 0 0 865 2030 0 1 99 0 0
679 0 0 551656 219640 83856 680712 0 0 64 963 2107 1 1 98 0 0
680 1 0 551656 219512 83856 680716 0 0 80 734 1704 1 0 99 0 0
681 0 0 551656 219576 83856 680720 0 0 0 775 1817 1 0 99 0 0
682 1 0 551656 219528 83856 680728 0 0 0 918 2069 1 0 98 0 0
683 0 0 551656 219576 83860 680732 0 0 60 805 1793 1 1 98 0 0
684 0 0 551656 219672 83860 680728 0 0 1680 1250 2684 1 1 95 4 0
685 3 0 551656 219592 83860 680736 0 0 88 738 1710 2 0 98 0 0
686 0 0 551656 219720 83860 680736 0 0 0 2007 8706 3 1 96 0 0
687 0 0 551656 219624 83860 680740 0 0 0 922 2049 1 1 99 0 0
688 0 0 551656 219656 83860 680756 0 0 60 960 2145 1 0 99 0 0
689 7 0 551656 219240 83860 680756 0 0 0 2097 7490 21 1 78 0 0
690 0 0 551656 219376 83864 681008 0 0 432 1138 7775 5 1 94 0 0
691 1 0 551656 219300 83864 681016 0 0 0 875 2070 1 1 98 0 0
692 0 0 551656 218884 83864 681016 0 0 0 891 2092 0 1 98 1 0
693 0 0 551656 218756 83864 681016 0 0 0 847 2100 1 1 98 0 0
694 0 0 551656 218788 83864 681016 0 0 1776 1177 2731 1 1 94 5 0
695 0 1 551656 218376 83864 681264 0 0 3512 2035 4472 5 2 82 10 0
696 0 0 551656 218600 83868 681100 0 0 1384 1031 2201 1 1 98 1 0
697 0 0 551656 218504 83868 681104 0 0 0 983 2168 1 0 99 0 0
698 0 0 551656 218536 83876 681116 0 0 72 817 1808 1 0 99 0 0
699 0 0 551656 218536 83876 681120 0 0 0 1111 2476 1 1 98 0 1
700 0 0 551656 218600 83876 681128 0 0 0 2537 6631 2 1 97 0 0
701 0 0 551656 218568 83876 681144 0 0 0 941 2103 1 1 98 0 0
702 0 0 551656 218472 83876 681152 0 0 1760 1327 2814 6 1 89 4 0
703 0 0 551656 218600 83876 681152 0 0 0 860 1937 1 1 98 0 0
704 0 0 551656 218472 83876 681160 0 0 0 795 1814 1 1 99 0 0
705 1 0 551656 218536 83876 681160 0 0 0 766 1769 1 0 99 0 0
706 0 0 551656 218632 83876 681168 0 0 0 769 1756 1 1 99 0 0
707 2 0 551656 218504 83880 681176 0 0 60 963 2191 1 1 98 0 0
708 0 0 551656 218196 83880 681184 0 0 0 897 2044 1 1 98 0 1
709 0 0 551656 218164 83880 681188 44 0 44 2307 12207 5 1 93 1 0
710 0 0 551656 218100 83880 681188 0 0 0 851 1918 1 0 99 0 0
711 0 0 551656 218228 83880 681196 0 0 0 853 1868 1 0 99 0 0
712 0 0 551656 218068 83888 681208 0 0 1800 1247 2637 1 0 94 5 0
713 0 0 551656 218164 83888 681204 0 0 0 794 1857 1 1 99 0 0
714 0 0 551656 218036 83888 681212 0 0 44 853 1865 1 1 98 0 0
715 0 0 551656 218132 83888 681220 0 0 0 878 1972 3 1 97 0 0
716 0 0 551656 218068 83888 681220 0 0 0 857 1970 1 1 99 0 0
717 0 0 551656 218132 83892 681228 0 0 72 941 2094 1 1 95 3 0
718 0 0 551656 218164 83892 681240 0 0 0 792 1860 1 0 99 0 0
719 0 0 551656 218100 83892 681244 0 0 236 1106 2548 1 1 95 4 0
720 0 0 551656 217604 83892 681248 0 0 0 1944 5355 2 0 97 0 1
721 0 1 551656 217636 83900 681256 0 0 684 1110 2521 1 1 96 3 0
722 0 0 551656 217636 83904 681256 0 0 1108 1021 2255 1 1 91 7 0
723 0 0 551656 217572 83904 681260 0 0 164 846 1882 1 1 98 0 0
724 0 0 551656 217636 83904 681264 0 0 0 768 1706 1 1 98 0 0
725 0 0 551656 217668 83904 681268 0 0 0 875 1996 1 0 99 0 0
726 0 0 551656 217540 83904 681276 0 0 84 746 1637 1 0 99 0 0
727 0 0 551656 217604 83904 681280 0 0 0 828 1907 1 1 99 0 0
728 0 0 551656 217700 83904 681288 0 0 20 740 1752 1 0 99 0 0
729 1 0 551656 217540 83904 681292 0 0 0 804 1894 1 0 99 0 0
730 0 0 551656 217588 83904 681292 0 0 0 937 2143 1 1 99 0 0
731 0 0 551656 217652 83908 681296 0 0 60 921 2166 1 0 99 0 0
732 0 0 551656 217428 83912 681316 0 0 1736 1706 4235 2 1 93 5 0
733 0 0 551656 217492 83912 681320 0 0 4 804 1839 1 0 99 0 0
734 0 0 551656 217556 83912 681328 0 0 0 789 1780 1 0 99 0 0
735 0 0 551656 217588 83912 681332 0 0 0 757 1758 0 0 99 0 0
736 0 0 551656 217460 83916 681344 0 0 60 907 2059 1 1 98 0 0
737 0 0 551656 217524 83916 681344 0 0 0 898 2076 1 1 99 0 0
738 0 0 551656 217588 83916 681352 0 0 0 805 1846 0 0 100 0 0
739 0 0 551656 217492 83916 681352 0 0 0 873 1996 1 1 98 0 0
740 0 0 551656 217732 83916 681440 0 0 1828 1354 2797 1 1 94 4 0
741 0 0 551656 217572 83916 681440 0 0 0 753 1736 1 0 99 0 0
742 0 0 551656 217668 83916 681444 0 0 40 909 2043 0 0 99 0 0
743 0 0 551656 217572 83916 681444 0 0 0 825 1823 1 0 99 0 0
744 0 0 551656 217604 83916 681452 0 0 0 1718 4916 2 1 98 0 0
745 0 0 551656 217668 83920 681452 0 0 72 944 2125 1 0 99 0 0
746 1 0 551656 217540 83920 681464 0 0 0 784 1748 1 1 98 0 0
747 0 0 551656 217508 83920 681696 0 0 420 3092 8680 8 0 92 0 0
748 0 0 551656 217248 83920 681732 0 0 0 1022 2225 0 1 97 1 0
749 0 0 551656 217168 83920 681736 0 0 0 819 1789 1 1 98 0 0
750 0 0 551656 217172 83920 681756 0 0 1788 2438 6358 2 1 92 5 0
751 0 0 551656 217112 83920 681752 0 0 0 873 2002 1 0 99 0 0
752 0 0 551656 217048 83920 681756 0 0 100 826 1871 1 0 99 0 0
753 0 0 551656 211556 83924 681764 0 0 4720 2152 6679 11 3 76 10 0
754 0 0 551656 211436 83924 681648 0 0 0 839 1778 1 0 99 0 0
755 0 0 551656 211372 83928 681656 0 0 76 1225 2582 2 1 97 0 0
756 0 0 551656 211136 83928 681660 0 0 0 868 1948 1 0 98 0 0
757 0 0 551656 211264 83928 681664 0 0 64 830 1837 1 1 99 0 0
758 0 0 551656 211264 83928 681668 0 0 0 1133 2396 1 1 99 0 0
759 5 0 551656 211232 83928 681676 0 0 0 959 2088 2 0 98 0 0
760 0 0 551656 211048 83932 681692 0 0 1108 1084 2371 1 1 96 2 0
761 0 0 551656 210984 83932 681696 0 0 20 851 1869 0 0 99 0 0
762 0 0 551656 210824 83932 681696 0 0 0 905 1936 1 1 98 0 0
763 0 0 551656 211016 83932 681700 0 0 0 780 1754 1 1 99 0 0
764 0 0 551656 211080 83936 681720 0 0 72 941 2107 1 0 98 0 0
765 0 0 551656 210920 83936 681724 0 0 0 1206 2661 1 1 98 0 0
766 0 0 551656 211048 83936 681728 0 0 0 879 1883 1 1 98 0 0
767 0 0 551656 210796 83936 681732 0 0 0 875 1978 1 0 99 0 0
768 0 0 551656 210828 83936 681736 0 0 0 1603 4193 2 1 98 0 0
769 0 0 551656 210892 83940 681736 0 0 44 773 1777 0 0 99 0 0
770 0 0 551656 210956 83948 681736 0 0 1720 1217 2718 1 1 94 5 0
771 0 0 551656 210892 83948 681744 0 0 8 1020 2214 1 0 98 0 0
772 0 0 551656 210796 83948 681748 0 0 0 922 2057 1 0 99 0 0
773 0 0 551656 210860 83948 681752 0 0 0 841 1850 0 0 99 0 0
774 0 0 551656 210892 83956 681768 0 0 72 979 2048 1 1 98 0 0
775 0 0 551656 210956 83956 681768 0 0 0 794 1680 0 0 99 0 1
776 1 0 551656 210736 83956 681768 0 0 0 939 2204 0 1 99 0 0
777 0 0 551656 210692 83956 681772 0 0 120 950 2159 1 1 97 1 0
778 0 0 551656 212100 83956 681776 0 0 0 890 2167 0 0 99 0 1
779 0 0 551656 211340 83964 681784 0 0 64 1545 4428 2 1 96 0 1
780 0 0 551656 211228 83972 681876 0 0 0 904 2106 1 1 98 0 0
781 0 0 551656 211292 83972 681876 0 0 48 919 2240 1 1 98 0 0
782 0 0 551656 211356 83972 681880 0 0 0 812 1990 1 0 99 0 0
783 0 0 551656 211196 83972 681892 0 0 76 958 2150 1 0 99 0 0
784 0 0 551656 211292 83972 681896 0 0 0 890 1910 1 0 98 0 0
785 0 0 551656 211228 83972 681904 0 0 0 846 1822 0 0 99 0 0
786 0 0 551656 211292 83972 681904 0 0 248 831 1856 0 1 99 0 0
787 0 0 551656 211180 83972 681912 0 0 0 857 1969 1 1 98 0 0
788 0 0 551656 211056 83980 681908 0 0 1744 1323 2782 1 1 93 5 0
789 2 0 551656 213260 83980 681908 0 0 0 810 1777 1 1 99 0 0
790 0 0 551656 213132 83980 681916 0 0 0 1056 10668 2 1 97 0 0
791 0 0 551656 213196 83980 681924 0 0 72 836 1869 1 1 99 0 0
792 0 0 551656 213228 83980 681928 0 0 0 809 1850 1 1 99 0 0
793 0 0 551656 213132 83984 681940 0 0 96 877 1921 1 1 98 0 0
794 0 0 551656 213132 83984 681940 0 0 0 960 2085 0 1 99 0 0
795 0 0 551656 213292 83984 681944 0 0 0 967 2065 1 1 98 0 0
796 0 0 551656 213132 83984 681948 0 0 16 831 1827 1 0 99 0 0
797 0 0 551656 213244 83984 681956 0 0 0 899 2013 1 0 99 0 0
798 2 0 551656 213276 83988 681968 0 0 1772 1210 2602 1 1 93 4 1
799 0 0 551656 213148 83988 681960 0 0 0 850 1858 1 1 98 0 0
800 0 0 551656 212992 83988 681964 0 0 8 865 1969 1 0 99 0 0
801 0 0 551656 213056 83988 681972 0 0 0 749 1733 0 0 99 0 0
802 0 0 551656 213120 83992 681980 0 0 72 974 2081 1 1 98 0 0
803 1 0 551656 212992 83992 681984 0 0 0 1610 4608 3 1 96 0 0
804 0 0 551656 212904 84000 682240 0 0 292 3072 7700 7 1 91 0 1
805 0 0 551656 212392 84000 682240 0 0 92 1000 2179 1 1 97 1 0
806 1 0 551656 212344 84000 682248 0 0 0 805 1862 1 0 99 0 0
807 0 1 551656 212376 84000 682248 0 0 596 1172 2640 1 1 96 2 0
808 0 0 551656 212440 84004 682240 0 0 1168 1067 2192 1 0 96 3 0
809 1 1 551656 212312 84004 682316 0 0 2088 1367 2963 3 1 88 7 0
810 0 0 551656 212440 84012 682068 0 0 2668 3055 7441 2 1 93 5 0
811 0 0 551656 212504 84012 682080 0 0 0 811 1870 0 1 99 0 0
812 0 0 551656 212344 84016 682096 0 0 72 935 2105 1 0 98 0 0
813 0 0 551656 212440 84016 682096 0 0 0 851 1964 1 1 99 0 0
814 0 0 551656 212568 84016 682096 0 0 0 897 2069 1 1 99 0 0
815 0 0 551656 212440 84016 682100 0 0 44 705 1588 0 0 100 0 0
816 0 0 551656 212504 84016 682104 0 0 0 827 1923 1 1 99 0 0
817 0 0 551656 212444 84024 682116 0 0 32 795 1835 1 0 99 0 0
818 1 0 551656 212380 84028 682112 0 0 1744 1444 8735 2 1 95 2 0
819 0 0 551656 212284 84028 682116 0 0 0 796 1983 1 1 99 0 0
820 0 0 551656 212096 84028 682124 0 0 0 639 1744 0 0 100 0 0
821 0 0 551656 212128 84028 682132 0 0 64 808 1931 1 1 98 0 0
822 0 0 551656 212192 84028 682132 0 0 0 668 1811 0 0 99 0 0
823 0 0 551656 212256 84028 682140 0 0 0 825 2161 1 1 99 0 0
824 0 0 551656 212096 84028 682144 0 0 68 891 2180 1 1 99 0 0
825 0 0 551656 212192 84028 682148 0 0 0 885 2320 1 1 99 0 0
826 0 0 551656 212256 84032 682152 0 0 28 867 2224 1 1 98 0 0
827 0 0 551656 212160 84032 682148 0 0 1752 1257 2826 1 1 94 5 0
828 0 0 551656 212224 84032 682156 0 0 0 2193 5152 3 1 97 0 0
829 0 0 551656 212288 84032 682156 0 0 8 805 1908 0 1 99 0 0
830 0 0 551656 212160 84032 682168 0 0 0 720 1715 1 0 99 0 0
831 0 0 551656 212192 84036 682176 0 0 72 903 2059 1 1 98 0 0
832 0 0 551656 212256 84036 682176 0 0 0 761 1813 1 0 99 0 0
833 0 0 551656 212320 84036 682184 0 0 0 892 2535 1 0 99 0 0
834 0 0 551656 212036 84036 682184 0 0 72 961 2132 0 1 98 1 0
835 0 0 551656 212100 84036 682188 0 0 0 869 2070 1 0 99 0 0
836 0 0 551656 212196 84040 682184 0 0 1720 1008 2433 1 0 94 4 0
837 0 0 551656 212036 84040 682192 0 0 0 753 1811 1 1 99 0 0
838 0 0 551656 212068 84040 682196 0 0 0 858 2009 1 0 99 0 0
839 0 0 551656 212132 84040 682196 0 0 4 1348 3676 2 1 98 0 0
840 0 0 551656 212068 84044 682216 0 0 88 859 2006 1 1 99 0 0
841 0 0 551656 212100 84044 682216 0 0 0 714 1712 1 0 99 0 0
842 0 0 551656 212004 84044 682224 0 0 0 829 1939 1 0 99 0 0
843 0 0 551656 212068 84044 682232 0 0 40 816 1919 1 0 99 0 0
844 1 0 551656 212116 84044 682232 0 0 0 948 2054 2 0 98 0 0
845 0 0 551656 212004 84044 682236 0 0 1720 2247 7251 4 2 90 5 0
846 0 0 551656 212084 84044 682228 0 0 0 737 1750 1 0 99 0 0
847 0 0 551656 212180 84044 682236 0 0 0 805 1858 0 1 99 0 0
848 0 0 551656 212052 84044 682236 0 0 44 901 2113 1 0 98 0 0
849 0 0 551656 212116 84044 682244 0 0 0 730 1713 1 0 99 0 0
850 0 0 551656 212180 84052 682252 0 0 92 2007 5177 2 1 97 0 0
851 0 0 551656 212020 84052 682256 0 0 0 815 1977 1 0 99 0 0
852 0 0 551656 212084 84052 682260 0 0 0 709 1678 0 0 100 0 0
853 0 0 551656 212148 84052 682264 0 0 124 752 1810 1 1 99 0 0
854 0 0 551656 212004 84052 682268 0 0 0 831 1923 1 1 99 0 0
855 0 1 551656 212068 84056 682268 0 0 636 928 2241 1 0 97 2 0
856 0 0 551656 212164 84056 682264 0 0 1064 933 2181 1 1 96 3 0
857 0 0 551656 212068 84056 682272 0 0 0 760 1776 0 1 99 0 0
858 1 0 551656 212132 84056 682272 0 0 68 751 1727 1 1 98 0 0
859 2 0 551656 212196 84056 682276 0 0 0 713 1695 0 0 100 0 0
860 1 0 551656 212132 84064 682292 0 0 0 1441 4127 3 0 97 0 0
861 0 0 551656 211916 84068 682548 0 0 296 3027 12550 7 1 92 0 0
862 1 0 551656 211664 84068 682552 0 0 84 903 2081 1 0 99 0 0
863 0 0 551656 211512 84068 682560 0 0 0 987 2240 1 1 97 1 0
864 0 0 551656 211544 84068 682560 0 0 0 807 1933 1 1 99 0 0
865 0 0 551656 211448 84068 682552 0 0 1680 1056 2506 1 0 94 4 0
866 0 0 551648 211372 84072 682568 8 0 88 1018 2288 0 1 99 1 0
867 0 0 551648 211404 84080 682472 0 0 4812 1663 3825 3 1 85 12 0
868 0 0 551648 211276 84080 682480 0 0 0 855 1981 1 0 99 0 0
869 0 0 551648 211340 84084 682496 0 0 72 930 2051 1 0 98 0 0
870 0 0 551648 211372 84084 682496 0 0 0 2364 5897 2 1 97 0 0
871 0 0 551648 211244 84084 682500 0 0 0 773 1770 1 1 99 0 0
872 0 0 551648 211308 84084 682500 0 0 0 780 1803 1 0 99 0 0
873 1 0 551648 211372 84084 682504 0 0 0 767 1818 1 0 99 0 0
874 1 0 551648 211212 84088 682508 0 0 16 800 1825 1 1 99 0 0
875 2 0 551648 211308 84088 682504 0 0 1680 1178 2589 0 1 95 4 0
876 1 0 551648 211372 84088 682512 0 0 0 727 1704 1 0 99 0 0
877 0 0 551648 211244 84088 682516 0 0 44 806 1872 1 1 99 0 0
878 1 0 551648 211340 84088 682520 0 0 0 988 8607 2 1 97 0 0
879 0 0 551648 211372 84092 682528 0 0 100 888 2088 1 1 98 0 0
880 0 0 551648 211308 84092 682540 0 0 0 916 2148 1 0 99 0 0
881 0 0 551648 211372 84092 682544 0 0 44 715 1748 1 1 99 0 0
882 1 0 551648 211244 84092 682552 0 0 0 922 2254 1 1 98 0 0
883 1 0 551648 211308 84092 682544 0 0 1720 1098 2489 1 1 91 7 0
884 0 0 551648 211372 84092 682544 0 0 0 856 2070 1 0 99 0 0
885 1 0 551648 211276 84092 682548 0 0 0 696 1651 0 1 99 0 0
886 1 0 551648 211340 84092 682548 0 0 96 777 1834 1 0 99 0 0
887 1 0 551648 211404 84092 682556 0 0 0 815 1866 0 0 99 0 0
888 1 0 551648 211276 84096 682568 0 0 84 1735 4678 2 1 97 0 0
889 0 0 551648 177148 84096 682568 0 0 0 2375 10083 9 3 88 0 0
890 0 0 551648 177008 84096 682572 0 0 0 808 1877 1 1 99 0 0
891 0 0 551648 176088 84096 682580 0 0 140 752 1700 1 0 99 0 0
892 0 0 551648 175820 84096 682584 0 0 0 831 1949 0 0 98 1 0
893 0 0 551648 175644 84104 682588 0 0 1740 975 2435 0 1 95 4 0
894 0 0 551648 175740 84104 682584 0 0 0 778 1841 1 1 98 0 0
895 0 0 551648 175836 84104 682588 0 0 0 735 1731 1 1 98 0 0
896 0 0 551648 175740 84104 682592 0 0 8 781 1832 1 0 98 0 0
897 1 0 551648 175804 84104 682596 0 0 0 742 1758 1 1 99 0 0
898 0 0 551648 175868 84104 682608 0 0 84 974 2256 1 1 99 0 0
899 0 0 551648 175740 84104 682608 0 0 0 1902 5062 2 1 97 0 0
900 0 0 551648 175900 84104 682620 0 0 248 729 1725 1 1 97 2 0
901 0 0 551648 175724 84104 682620 0 0 0 900 2060 1 1 98 0 0
902 0 1 551648 175788 84104 682628 0 0 1384 962 2242 1 1 96 2 0
903 0 0 551648 175916 84108 682624 0 0 432 1065 2370 1 0 97 2 0
904 0 0 551648 175788 84108 682628 0 0 0 731 1714 1 0 99 0 0
905 0 0 551648 175852 84108 682628 0 0 0 785 1818 1 0 99 0 0
906 0 0 551648 175756 84108 682628 0 0 0 730 1703 1 0 99 0 0
907 0 0 551648 175756 84108 682652 0 0 60 926 2154 1 1 98 0 0
908 0 0 551648 175788 84108 682652 0 0 0 807 1896 0 1 99 0 0
909 0 0 551648 175852 84108 682656 0 0 0 766 1794 1 0 99 0 0
910 0 0 551648 175724 84108 682660 0 0 0 1734 4579 2 1 97 0 0
911 0 0 551648 176812 84108 682660 0 0 0 726 1675 1 0 99 0 0
912 0 0 551648 175884 84112 682664 0 0 24 980 2252 1 1 98 0 0
913 0 0 551648 175756 84112 682660 0 0 1680 1039 2380 1 1 94 4 0
914 0 0 551648 175820 84112 682668 0 0 0 844 1953 1 1 99 0 0
915 0 0 551648 175884 84112 682668 0 0 0 748 1776 0 1 99 0 0
916 0 0 551648 175788 84112 682668 0 0 0 885 2083 1 1 98 0 0
917 0 0 551648 175664 84116 682680 0 0 88 795 1877 1 1 99 0 0
918 1 0 551648 175944 84116 682684 0 0 0 724 1673 1 0 98 0 0
919 0 0 551648 175916 84124 682948 0 0 320 3167 17389 12 2 86 0 0
920 0 0 551648 175944 84124 682956 0 0 0 997 2274 1 1 97 1 0
921 0 0 551648 175728 84124 682956 0 0 0 841 2053 1 1 98 0 0
922 0 0 551648 175808 84124 682964 0 0 1680 1348 2744 1 1 94 5 0
923 0 1 551648 175476 84128 683024 0 0 2168 1278 3218 9 1 83 7 0
924 0 0 551648 175572 84132 682772 0 0 2588 1106 2396 1 1 95 4 0
925 0 0 551648 175636 84132 682780 0 0 0 728 1749 0 1 99 0 0
926 0 0 551648 175476 84140 682796 0 0 72 901 2103 1 0 99 0 0
927 0 0 551648 175508 84140 682796 0 0 0 734 1758 1 0 99 0 0
928 0 0 551648 175604 84140 682796 0 0 0 852 1922 1 1 99 0 0
929 0 0 551648 175636 84140 682800 0 0 124 755 1754 0 1 99 0 0
930 0 0 551648 175508 84140 682804 0 0 0 775 1849 0 1 99 0 0
931 0 0 551648 175168 84148 682808 0 0 1748 1250 2628 1 1 93 5 0
932 0 0 551648 179448 84148 682812 0 0 0 2578 6255 3 1 96 0 0
933 0 0 551648 179320 84148 682820 0 0 0 582 1384 0 0 100 0 0
934 0 0 551648 179384 84148 682820 0 0 168 839 2037 1 1 99 0 0
935 0 0 551648 179448 84148 682820 0 0 0 681 1650 1 0 99 0 0
936 0 0 551648 179480 84156 682828 0 0 120 796 1847 1 1 98 0 0
937 0 0 551648 179352 84156 682836 0 0 0 890 2118 1 0 99 0 0
938 0 0 551648 179416 84156 682840 0 0 0 720 1667 1 1 98 0 0
939 0 0 551648 179480 84156 682844 0 0 0 812 1909 1 1 99 0 0
940 0 0 551648 179336 84168 682856 0 0 1764 1389 2904 3 1 92 5 0
941 0 0 551648 179448 84168 682852 0 0 0 801 1905 1 0 99 0 0
942 0 0 551648 179352 84168 682860 0 0 0 847 1938 1 0 99 0 0
943 0 0 551648 179416 84168 682860 0 0 4 887 2071 1 1 98 0 0
944 2 0 551648 179448 84168 682860 0 0 0 780 1785 0 1 99 0 0
945 0 0 551648 179512 84168 682880 0 0 64 955 2187 1 0 99 0 0
946 0 0 551648 179352 84168 682880 0 0 0 720 1701 1 1 99 0 0
947 0 0 551648 179384 84168 682884 0 0 0 892 2098 1 0 99 0 0
948 0 0 551648 179416 84168 682884 0 0 0 852 2023 1 0 99 0 0
949 0 0 551648 179356 84168 682888 0 0 0 828 1809 1 1 97 1 0
950 0 1 551648 179228 84168 682892 0 0 1692 1132 2492 1 1 96 3 0
951 0 0 551648 179228 84168 682884 0 0 4 1086 8040 2 1 96 1 0
952 0 0 551648 179448 84168 682896 0 0 0 744 1677 0 1 99 0 0
953 0 0 551648 179480 84168 682896 0 0 0 710 1686 0 0 99 0 0
954 0 0 551648 179352 84168 682896 0 0 0 797 1848 0 0 99 0 0
955 0 0 551648 179416 84172 682916 0 0 84 908 2075 1 0 99 0 0
956 0 0 551648 179480 84172 682916 0 0 0 751 1755 0 0 99 0 0
957 0 0 551648 179384 84172 682920 0 0 0 792 1859 1 0 99 0 0
958 0 0 551648 179448 84172 682920 0 0 64 777 1737 1 1 99 0 0
959 0 0 551648 179464 84172 682932 0 0 0 889 1972 1 1 98 0 0
960 0 0 551648 179336 84184 682928 0 0 1752 1019 2456 1 1 94 5 0
961 0 0 551648 179400 84184 682936 0 0 0 906 2071 1 0 99 0 0
962 0 0 551648 179240 84184 682936 0 0 44 1535 4522 2 1 97 0 0
963 0 0 551648 179320 84184 682940 0 0 0 817 1896 1 1 98 0 0
964 0 0 551648 179384 84188 682952 0 0 72 832 1924 1 0 99 0 0
965 0 0 551648 179448 84188 682960 0 0 0 750 1739 0 1 99 0 0
966 0 0 551648 179288 84188 682964 0 0 0 861 1982 1 1 98 0 0
967 0 0 551648 179320 84188 682964 0 0 200 844 1988 0 0 100 0 0
968 0 0 551648 179400 84188 682972 0 0 0 781 1801 1 1 98 0 0
969 0 0 551648 179272 84192 682976 0 0 48 933 2194 1 1 98 0 0
970 2 0 551648 179272 84192 682976 0 0 1748 1148 2646 2 1 94 4 0
971 0 0 551648 179368 84192 682988 0 0 0 1035 2349 1 1 98 0 0
972 0 0 551648 179272 84192 683096 0 0 8 832 1871 1 0 99 0 0
973 0 0 551648 179336 84192 683096 0 0 0 794 1818 1 0 99 0 0
974 0 0 551648 179400 84196 683108 0 0 76 965 2172 1 1 99 0 0
975 0 0 551648 179272 84196 683112 0 0 0 858 10801 2 1 97 0 0
976 0 0 551648 178204 84200 683372 0 0 300 2884 8162 9 1 90 0 1
977 0 0 551648 178252 84200 683372 0 0 0 887 2051 0 1 98 1 0
978 0 0 551648 178156 84200 683376 0 0 0 841 1993 1 1 99 0 0
979 1 0 551648 178252 84204 683372 0 0 1720 1126 2440 3 1 91 5 0
980 0 0 551648 178380 84204 683384 0 0 0 793 1852 1 0 99 0 0
981 0 0 551648 178316 84208 683268 0 0 4824 1480 3957 2 1 85 11 0
982 0 0 551648 178380 84208 683268 0 0 0 833 1898 1 0 99 0 0
983 0 0 551648 178412 84212 683276 0 0 72 984 2175 0 1 99 0 0
984 0 0 551648 178316 84212 683288 0 0 0 725 1714 1 1 99 0 0
985 0 0 551648 178380 84212 683292 0 0 0 856 2111 1 0 99 0 0
986 0 0 551648 178476 84212 683300 0 0 76 744 1767 1 0 99 0 0
987 0 0 551648 178284 84212 683308 0 0 0 1178 5847 2 1 98 0 0
988 0 0 551648 178316 84224 683316 0 0 1756 939 2253 0 1 95 4 0
989 0 0 551648 178444 84224 683312 0 0 0 896 2173 1 1 98 0 0
990 0 0 551648 178252 84224 683316 0 0 0 754 1849 1 1 99 0 0
991 0 0 551648 178316 84224 683320 0 0 0 756 1745 1 1 99 0 0
992 0 0 551648 178348 84224 683324 0 0 0 816 1913 1 1 99 0 0
993 0 0 551648 178412 84232 683340 0 0 92 779 1807 1 1 99 0 0
994 0 0 551648 178252 84232 683340 0 0 0 1007 2628 1 1 98 0 0
995 0 0 551648 178348 84232 683344 0 0 0 1507 4250 2 0 98 0 0
996 0 0 551648 178380 84232 683344 0 0 44 683 1661 1 1 99 0 0
997 0 0 551648 178412 84232 683352 0 0 0 727 1861 0 0 99 0 0
998 0 1 551648 178284 84236 683356 0 0 1712 986 2308 2 1 94 4 0
999 1 0 551648 178348 84244 683360 0 0 40 988 2253 1 1 98 1 0
1000 0 0 551648 178316 84244 683360 0 0 296 799 1796 1 0 99 0 0
1001 0 0 551648 178380 84244 683364 0 0 0 802 1888 1 1 99 0 0
1002 0 0 551648 178412 84248 683368 0 0 112 816 1892 1 1 99 0 0
1003 0 0 551648 178284 84248 683384 0 0 0 767 1864 1 1 99 0 0
1004 0 0 551648 178348 84248 683392 0 0 0 938 2151 1 1 98 0 0
1005 0 0 551648 178412 84248 683392 0 0 4 1372 3264 2 1 96 1 0
1006 0 0 551648 178568 84248 683392 0 0 0 834 1893 1 0 99 0 0
1007 0 0 551648 178376 84256 683396 0 0 16 776 1899 0 0 100 0 0
1008 0 0 551648 178252 84260 683412 0 0 1764 1144 2428 1 1 94 4 0
1009 0 0 551648 178316 84260 683416 0 0 0 883 2015 1 1 98 0 0
1010 0 0 551648 178156 84260 683420 0 0 4 746 1748 0 0 99 0 0
1011 0 0 551648 178220 84260 683424 0 0 0 790 1818 1 0 99 0 0
1012 0 0 551648 178348 84264 683440 0 0 56 2414 10893 4 1 95 0 0
1013 0 0 551648 178220 84264 683440 0 0 0 689 1633 1 0 99 0 0
1014 0 0 551648 178348 84264 683444 0 0 0 817 1913 1 1 99 0 0
1015 0 0 551648 178188 84264 683448 0 0 84 806 1932 1 1 99 0 0
1016 0 0 551648 178204 84264 683452 0 0 0 733 1773 1 0 99 0 0
1017 0 0 551648 178268 84268 683456 0 0 32 1615 4442 2 1 97 0 0
1018 0 0 551648 178348 84272 683452 0 0 1808 1229 2697 1 1 93 5 0
1019 0 0 551648 178144 84272 683520 0 0 0 818 1960 0 1 99 0 0
1020 0 0 551648 178240 84272 683524 0 0 0 802 1938 1 0 98 0 0
1021 0 0 551648 178080 84272 683524 0 0 56 910 2063 1 0 99 0 0
1022 0 0 551648 178208 84272 683544 0 0 0 760 1797 0 1 99 0 0
1023 0 0 551648 178272 84272 683544 0 0 0 730 1703 1 0 99 0 0
1024 0 0 551648 178112 84272 683544 0 0 0 800 1895 0 0 100 0 0
1025 0 0 551648 178144 84272 683548 0 0 0 893 2104 1 1 99 0 0
1026 0 0 551648 178256 84272 683544 0 0 1784 2706 6929 3 1 92 4 0
1027 0 0 551648 178128 84272 683616 0 0 0 966 2267 1 1 99 0 0
1028 0 0 551648 178160 84272 683624 0 0 0 716 1717 1 0 99 0 0
1029 0 0 551648 178224 84272 683628 0 0 44 1737 4884 2 1 97 0 0
1030 2 0 551648 178256 84272 683628 0 0 0 756 1875 0 0 100 0 0
1031 0 0 551648 178128 84280 683640 0 0 96 889 2110 1 1 99 0 0
1032 0 0 551648 178192 84280 683644 0 0 0 682 1667 1 0 99 0 0
1033 1 0 551648 178256 84284 683900 0 0 296 2389 6594 7 1 92 0 0
1034 0 0 551648 177476 84284 683900 0 0 204 899 2011 1 1 97 1 0
1035 0 0 551648 177508 84284 683908 0 0 0 829 1897 1 1 98 0 0
1036 0 0 551648 177508 84292 683908 0 0 1744 2576 6744 2 1 93 4 0
1037 0 0 551648 177588 84292 683912 0 0 0 909 2124 1 0 98 0 0
1038 0 1 551648 177444 84292 683920 0 0 1876 909 2129 2 1 91 7 0
1039 0 0 551648 177572 84296 683776 0 0 2912 1074 2339 1 1 94 4 0
1040 0 0 551648 177476 84300 683788 0 0 76 1030 2304 1 0 99 0 0
1041 0 0 551648 177572 84300 683792 0 0 0 824 1928 0 1 99 0 0
1042 0 0 551648 177508 84300 683800 0 0 0 780 1890 0 1 99 0 0
1043 0 0 551648 177912 84300 683800 0 0 68 888 2105 1 1 98 0 0
1044 1 0 551648 177976 84300 683808 0 0 0 970 2391 2 0 98 0 0
1045 0 1 551648 178008 84300 683808 0 0 1724 1581 4139 1 1 95 3 0
1046 0 0 551648 177660 84300 683812 0 0 40 1120 2485 1 1 97 2 0
1047 0 0 551648 177724 84300 683820 0 0 0 758 1789 1 1 99 0 0
1048 0 0 551648 177756 84300 683824 0 0 0 826 1922 1 0 99 0 0
1049 0 0 551648 177660 84300 683828 0 0 0 724 1724 0 0 99 0 0
1050 0 0 551648 177660 84308 683836 0 0 84 896 2015 0 1 99 0 0
1051 0 0 551648 177724 84308 683848 0 0 0 764 1751 1 1 98 0 0
1052 0 0 551648 177788 84308 683848 0 0 0 819 1886 1 0 99 0 0
1053 0 0 551648 177820 84308 683848 0 0 0 1374 3827 2 1 98 0 0
1054 0 0 551648 177692 84308 683856 0 0 0 810 1808 1 0 99 0 0
1055 0 0 551648 177756 84312 683860 0 0 16 926 2107 1 1 98 0 0
1056 0 0 551648 177692 84316 683876 0 0 1760 1244 2572 2 0 93 5 0
1057 0 0 551648 177788 84316 683880 0 0 0 949 2201 1 1 98 0 0
1058 0 0 551648 177820 84316 683884 0 0 4 815 1923 1 1 99 0 0
1059 0 0 551648 177884 84316 683884 0 0 0 786 1864 1 1 99 0 0
1060 0 0 551648 178036 84320 683900 0 0 0 824 1945 0 1 99 0 0
1061 0 0 551648 178132 84320 683908 0 0 0 946 2241 1 0 99 0 0
1062 0 0 551648 177724 84320 683908 0 0 44 795 1818 0 1 98 1 0
1063 0 0 551648 177756 84320 683908 0 0 0 1782 4502 1 1 98 0 0
1064 0 0 551648 177820 84320 683908 0 0 32 821 1950 1 0 98 0 0
1065 0 0 551648 177724 84328 683916 0 0 1752 1343 11435 2 1 93 4 0
1066 0 0 551648 177788 84328 683972 0 0 0 819 1891 1 1 98 0 0
1067 0 0 551648 177852 84328 683976 0 0 196 845 1891 0 1 99 0 0
1068 0 0 551648 177916 84328 683980 0 0 0 687 1697 0 1 99 0 0
1069 0 0 551648 177724 84328 683988 0 0 88 841 2007 1 1 99 0 0
1070 0 0 551648 177788 84328 683992 0 0 0 764 1829 1 0 99 0 0
1071 0 0 551648 177724 84328 684000 0 0 0 794 1829 1 1 99 0 0
1072 0 0 551648 177756 84328 684000 0 0 40 853 2027 1 0 99 0 0
1073 0 0 551648 177836 84328 684004 0 0 0 815 1902 1 1 98 0 0
1074 0 0 551648 177520 84328 684044 0 0 1768 1294 2567 1 1 94 5 0
1075 0 0 551648 177648 84328 684044 0 0 0 1027 2201 1 1 98 0 0
1076 0 0 551648 177648 84328 684048 0 0 0 1870 5100 2 1 98 0 0
1077 0 0 551648 177488 84328 684048 0 0 40 841 1915 1 1 99 0 0
1078 0 0 551648 177552 84328 684056 0 0 0 757 1755 0 1 99 0 0
1079 0 0 551648 177616 84328 684064 0 0 96 830 1901 1 0 98 0 0
1080 0 0 551648 177584 84328 684076 0 0 0 719 1637 0 1 99 0 0
1081 0 0 551648 177616 84328 684076 0 0 0 700 1668 0 0 100 0 0
1082 0 0 551648 177536 84328 684084 0 0 0 823 1911 1 0 99 0 0
1083 0 0 551648 177536 84336 684084 0 0 1820 1163 2488 1 1 94 4 0
1084 0 0 551648 177584 84336 684084 0 0 0 828 1907 1 0 99 0 0
1085 2 0 551648 177568 84336 684172 0 0 0 784 1867 1 1 99 0 0
1086 0 0 551648 177568 84336 684172 0 0 0 689 1711 1 0 99 0 0
1087 0 0 551648 177632 84336 684184 0 0 0 1506 4341 2 0 98 0 0
1088 0 0 551648 177412 84340 684196 0 0 88 788 1846 1 0 99 0 0
1089 0 0 551648 177444 84340 684200 0 0 0 741 1802 1 1 99 0 0
1090 0 0 551648 177356 84348 684460 0 0 296 1974 9224 8 1 91 0 0
1091 0 1 551648 177356 84348 684460 0 0 0 875 2017 1 0 98 1 0
1092 0 0 551648 177136 84348 684460 0 0 0 810 2011 1 1 98 1 0
1093 1 1 551648 177200 84348 684464 0 0 1676 2728 6710 3 1 94 3 0
1094 0 0 551648 177328 84352 684480 0 0 56 1109 2443 1 0 97 2 0
1095 0 0 551648 177232 84352 684484 0 0 0 848 2026 1 0 99 0 0
1096 0 0 551648 176612 84352 685168 0 0 5676 1438 2724 2 1 83 14 0
1097 0 0 551648 176532 84352 685168 0 0 0 859 1981 1 1 98 0 0
1098 1 0 551648 176436 84360 685176 0 0 72 1089 2460 4 1 95 0 0
1099 0 0 551648 176516 84360 685268 0 0 0 1017 2182 2 1 98 0 0
1100 0 0 551648 176452 84360 685284 0 0 272 817 2107 1 1 97 2 0
1101 0 0 551648 176484 84360 685288 0 0 0 1476 4536 2 0 98 0 0
1102 0 0 551648 176516 84364 685288 0 0 84 966 2485 1 0 99 0 0
1103 0 0 551648 176032 84364 685288 0 0 1760 1589 8911 7 1 84 8 0
1104 0 0 551648 176112 84364 685292 0 0 0 1025 2276 1 0 99 0 0
1105 0 0 551648 176016 84364 685292 0 0 40 886 2056 1 1 98 0 0
1106 0 0 551648 176080 84364 685300 0 0 0 936 2165 1 0 98 0 1
1107 0 0 551648 176080 84364 685316 0 0 80 1213 2674 1 1 98 0 0
1108 0 0 551648 176080 84364 685320 0 0 0 1037 2284 1 1 98 0 0
1109 0 0 551648 176016 84364 685328 0 0 0 1997 5050 2 1 97 0 0
1110 0 0 551648 176048 84364 685332 0 0 0 875 2017 1 1 98 0 0
1111 0 0 551648 176048 84364 685332 0 0 0 903 2065 1 1 99 0 0
1112 0 0 551648 176112 84368 685328 0 0 1732 1147 2515 1 1 94 5 0
1113 0 0 551648 175988 84368 685340 0 0 0 1171 2576 2 1 98 0 0
1114 0 0 551648 175892 84368 685352 0 0 0 966 2049 1 1 98 0 0
1115 0 0 551648 175956 84368 685352 0 0 4 811 1824 0 1 99 0 0
1116 0 0 551648 175988 84368 685352 0 0 0 759 1797 1 0 99 0 0
1117 0 0 551648 176020 84368 685364 0 0 96 990 2273 1 1 98 0 0
1118 0 0 551648 175892 84368 685368 0 0 0 803 1847 1 1 99 0 0
1119 0 0 551648 175988 84368 685372 0 0 0 1497 4403 2 1 97 0 0
1120 0 0 551648 175928 84368 685384 0 0 0 844 1918 1 0 98 1 0
1121 0 0 551648 175768 84372 685384 0 0 1792 1288 2576 1 0 92 7 0
1122 0 0 551648 175928 84372 685384 0 0 0 931 2036 1 1 99 0 0
1123 0 0 551648 175800 84372 685392 0 0 0 827 1893 1 1 99 0 0
1124 3 0 551648 175896 84372 685392 0 0 0 926 2140 2 1 98 0 0
1125 0 0 551648 175960 84372 685400 0 0 0 904 2074 0 0 99 0 0
1126 0 0 551648 175832 84376 685408 0 0 92 1039 2268 1 1 98 0 0
1127 0 0 551648 175896 84376 685412 0 0 0 796 1880 1 0 99 0 0
1128 0 0 551648 175992 84376 685420 0 0 0 875 1959 0 1 99 0 0
1129 1 0 551648 175864 84376 685420 0 0 0 805 1819 1 1 99 0 0
1130 0 0 551648 175912 84376 685428 0 0 0 1107 7541 3 1 96 0 0
1131 0 1 551648 175816 84384 685428 0 0 1676 943 2169 1 1 95 3 0
1132 0 0 551648 175816 84388 685428 0 0 64 1120 2507 1 1 96 3 0
1133 0 0 551648 175880 84388 685440 0 0 0 751 1739 1 0 99 0 0
1134 0 0 551648 175784 84388 685440 0 0 0 790 1862 1 1 99 0 0
1135 0 0 551648 175848 84388 685440 0 0 0 792 1865 1 0 99 0 0
1136 0 0 551648 175944 84392 685452 0 0 84 861 2002 1 1 98 0 0
1137 1 0 551648 175784 84392 685460 0 0 0 798 1853 1 1 99 0 0
1138 0 0 551648 175880 84392 685464 0 0 0 812 1874 1 1 99 0 0
1139 0 0 551648 175912 84392 685468 0 0 0 838 1971 1 0 99 0 0
1140 0 0 551648 175800 84396 685476 0 0 16 749 1754 1 1 99 0 0
1141 0 0 551648 175864 84396 685480 0 0 1680 1236 2637 1 1 94 4 0
1142 0 0 551648 175768 84396 685480 0 0 0 1586 4623 2 1 98 0 0
1143 0 0 551648 175800 84396 685484 0 0 0 853 2056 1 0 99 0 0
1144 0 0 551648 175864 84396 685488 0 0 0 681 1613 0 1 99 0 0
1145 0 0 551648 175736 84404 685500 0 0 84 2145 5509 2 1 97 0 0
1146 0 0 551648 175768 84404 685508 0 0 0 809 1888 1 1 99 0 0
1147 1 0 551648 175864 84408 685724 0 0 300 3214 8473 9 1 91 0 0
1148 0 1 551648 175880 84408 685768 0 0 84 898 1981 1 1 97 1 0
1149 0 0 551648 175752 84408 685772 0 0 0 883 2032 1 1 98 0 0
1150 0 0 551648 175676 84408 685776 0 0 0 736 1758 0 0 99 0 0
1151 0 0 551648 175304 84408 685776 0 0 1764 1507 6235 3 1 92 4 0
1152 0 1 551648 175212 84408 686004 0 0 2060 1125 2320 2 1 91 7 0
1153 0 0 551648 175308 84412 685764 0 0 3124 1066 2154 1 1 95 4 0
1154 0 0 551648 175180 84412 685764 0 0 0 733 1781 0 1 99 0 0
1155 0 0 551648 175212 84416 685776 0 0 108 1673 4500 2 0 98 0 0
1156 1 0 551648 175028 84428 685764 0 0 0 967 2050 4 1 94 2 0
1157 0 0 551648 174840 84432 685988 0 0 0 1106 2157 5 1 94 0 0
1158 0 0 551648 174808 84432 685996 0 0 0 917 1918 1 1 98 0 1
1159 0 0 551648 174840 84432 685996 0 0 0 740 1739 1 1 99 0 0
1160 0 0 551648 174544 84436 685996 0 0 0 1106 2333 6 1 93 0 0
1161 0 0 551648 174608 84436 686000 0 0 0 838 1952 1 1 99 0 0
1162 0 0 551648 174672 84436 686004 0 0 0 1741 4218 2 1 97 0 1
1163 0 0 551648 174576 84436 686012 0 0 0 834 1838 0 0 99 0 1
1164 0 0 551648 174516 84444 686024 0 0 88 1019 2342 1 1 98 0 0
1165 0 0 551648 174420 84444 686024 0 0 0 980 2270 1 0 98 0 0
1166 0 0 551648 174516 84444 686032 0 0 0 844 1938 1 1 98 0 1
1167 0 0 551648 174420 84444 686032 0 0 0 778 1750 1 0 98 0 0
1168 0 0 551648 174420 84444 686040 0 0 0 983 2089 1 0 98 0 0
1169 0 0 551648 173616 84460 686028 0 0 1844 1466 3127 2 1 92 5 1
1170 0 0 551648 173396 84460 686036 0 0 0 948 2043 1 1 98 0 1
1171 0 0 551648 173492 84460 686044 0 0 0 838 1955 0 1 99 0 0
1172 0 0 551648 173428 84460 686044 0 0 0 869 2050 1 0 99 0 0
1173 0 0 551648 173492 84460 686052 0 0 0 1413 4197 2 1 98 0 0
1174 0 0 551648 173428 84468 686056 0 0 80 880 1948 1 1 98 0 0
1175 3 0 551648 173460 84468 686064 0 0 0 823 1941 1 0 99 0 0
1176 0 0 551648 173432 84468 686076 0 0 0 935 2208 1 1 98 0 1
1177 0 0 551648 173044 84468 686080 0 0 68 995 2040 0 0 97 1 1
1178 0 0 551648 173028 84468 686084 0 0 0 807 1764 0 0 98 0 1
1179 1 1 551648 172932 84472 686084 0 0 636 1055 8542 2 0 95 1 1
1180 0 0 551648 172868 84472 686088 0 0 0 841 1797 1 1 99 0 0
1181 0 0 551648 172964 84472 686088 0 0 4 930 2146 1 0 98 0 0
1182 0 0 551648 173028 84472 686092 0 0 0 769 1852 0 0 99 0 0
1183 4 0 551648 172868 84480 686104 0 0 92 1067 2391 2 0 98 0 0
1184 0 0 551648 172964 84480 686112 0 0 0 1737 6560 2 1 97 0 0
1185 0 0 551648 172900 84480 686116 0 0 0 1827 7239 4 1 95 0 0
1186 0 0 551648 172964 84480 686124 0 0 424 907 2003 0 1 98 1 0
1187 0 0 551648 172996 84480 686128 0 0 0 802 1753 1 0 99 0 0
1188 0 0 551648 172852 84488 686128 0 0 60 792 1788 1 1 99 0 0
1189 0 0 551648 172900 84492 686172 0 0 1764 1101 2597 1 1 93 5 0
1190 0 0 551648 172760 84492 686180 0 0 0 756 1728 1 1 99 0 0
1191 0 0 551648 172792 84492 686180 0 0 8 785 1776 0 0 99 0 0
1192 0 0 551648 172856 84492 686184 0 0 0 767 1700 1 0 99 0 0
1193 0 0 551648 172728 84496 686192 0 0 84 883 2074 1 1 98 0 0
1194 0 0 551648 172824 84496 686200 0 0 0 829 1877 1 0 99 0 0
1195 0 0 551648 172920 84496 686208 0 0 0 831 1844 1 0 99 0 0
1196 0 0 551648 172728 84496 686212 0 0 0 1321 4283 1 0 98 0 0
1197 0 0 551648 172808 84496 686216 0 0 0 758 1771 1 0 99 0 0
1198 0 0 551648 172840 84500 686320 0 0 1828 1143 2446 1 1 94 4 0
1199 0 0 551648 172904 84500 686324 0 0 0 836 1956 1 1 99 0 0
1200 0 0 551648 172748 84504 686412 0 0 0 1055 2318 4 1 95 0 0
1201 1 0 551648 170468 84504 686864 0 0 0 2420 4642 10 2 84 4 1
1202 0 0 551648 164528 84512 687252 0 0 112 1433 2702 15 1 81 3 0
1203 0 0 551648 164776 84512 687260 0 0 0 1045 2262 2 0 98 0 1
1204 1 0 551648 164624 84520 687524 0 0 332 3075 10362 12 2 85 0 1
1205 0 0 551648 163940 84520 687524 0 0 92 1039 2231 1 0 98 1 0
1206 0 0 551648 164004 84520 687532 0 0 0 898 1968 0 1 99 0 0
1207 0 0 551648 163972 84524 687536 0 0 1740 1241 2626 1 1 95 3 0
1208 0 0 551648 163988 84524 687532 0 0 0 2437 8642 12 1 87 0 0
1209 0 0 551648 163768 84524 687544 0 0 0 846 1837 1 0 99 0 0
1210 0 0 551648 164012 84528 687384 0 0 4792 1344 2420 2 1 86 12 0
1211 0 0 551648 164176 84528 687356 0 0 0 766 1801 1 0 99 0 0
1212 0 0 551648 164048 84532 687368 0 0 68 1606 4045 2 1 97 0 0
1213 0 0 551648 164112 84532 687372 0 0 0 829 1954 1 1 99 0 0
1214 0 0 551648 164048 84532 687380 0 0 0 827 1906 1 0 99 0 0
1215 0 0 551648 164144 84532 687380 0 0 0 865 1977 1 1 98 0 0
1216 0 0 551648 164176 84532 687388 0 0 0 767 1805 0 0 100 0 0
1217 0 0 551648 164048 84544 687384 0 0 1736 2312 6366 3 1 93 4 0
1218 2 0 551648 164144 84544 687388 0 0 0 1002 2226 1 1 99 0 0
1219 3 0 551648 164080 84548 687396 0 0 0 1011 2195 1 1 98 0 0
1220 4 0 551648 163800 84552 687608 0 0 0 1086 2306 2 1 97 0 0
1221 0 0 551648 163768 84556 687620 0 0 144 1022 2104 2 1 97 0 0
1222 0 0 551648 164024 84556 687632 0 0 0 914 2117 1 1 98 0 0
1223 0 0 551648 163864 84556 687636 0 0 0 944 2167 1 1 99 0 0
1224 0 0 551648 163992 84556 687636 0 0 0 758 1755 1 1 99 0 0
1225 0 0 551648 163740 84556 687644 0 0 0 1825 5096 2 1 98 0 0
1226 0 1 551648 163836 84560 687648 0 0 612 963 2163 1 1 97 1 0
1227 1 0 551648 163740 84564 687672 0 0 1152 1016 2434 1 1 95 4 0
1228 0 0 551648 163708 84564 687684 0 0 0 1103 2486 9 1 90 0 0
1229 0 0 551648 163772 84564 687688 0 0 360 919 2264 1 1 98 0 0
1230 0 0 551648 163900 84564 687692 0 0 0 863 2148 1 0 99 0 0
1231 0 0 551648 163740 84568 687704 0 0 104 968 2131 1 1 98 0 0
1232 0 0 551648 163804 84568 687708 0 0 0 954 2176 1 0 99 0 0
1233 0 0 551648 163740 84568 687712 0 0 0 812 1884 1 1 99 0 0
1234 0 0 551648 163572 84568 687712 0 0 68 1114 2385 1 1 97 1 0
1235 0 0 551648 163620 84568 687720 0 0 0 1573 4209 1 1 98 0 0
1236 0 0 551648 163492 84568 687724 0 0 32 882 2170 1 0 99 0 0
1237 0 0 551644 163620 84572 687920 8 0 1680 2624 5166 10 2 86 2 0
1238 0 0 551644 163336 84572 687928 0 0 0 1347 2692 11 1 88 0 1
1239 0 0 551644 163272 84572 687936 0 0 8 1013 2263 1 0 98 0 1
1240 0 0 551644 163368 84572 687944 0 0 120 1009 2250 1 1 98 0 0
1241 0 0 551644 163368 84572 687956 0 0 0 1025 2233 2 1 98 0 0
1242 0 0 551644 163464 84572 687964 0 0 0 805 1837 1 0 99 0 0
1243 0 0 551644 163336 84572 687968 0 0 0 815 1891 1 1 99 0 0
1244 0 0 551644 163416 84572 687972 0 0 0 847 1974 1 1 98 0 0
1245 0 0 551644 163320 84576 687976 0 0 1728 1969 5891 2 1 90 7 0
1246 0 0 551644 163384 84576 687976 0 0 0 900 2026 1 1 99 0 0
1247 1 0 551644 163336 84576 687984 0 0 0 1060 2260 8 1 91 0 0
1248 0 0 551644 163292 84576 687988 0 0 0 932 2061 1 0 99 0 0
1249 0 0 551644 163324 84576 687996 0 0 0 728 1689 1 1 99 0 0
1250 0 0 551644 163228 84580 687992 0 0 88 916 2053 1 0 99 0 0
1251 0 0 551644 163260 84580 688004 0 0 0 816 1995 1 0 99 0 0
1252 2 0 551644 163036 84584 688008 0 0 0 1606 3407 4 1 94 0 0
1253 0 0 551644 162972 84584 688016 0 0 336 1009 2077 2 1 97 0 0
1254 0 0 551644 163056 84584 688116 0 0 0 835 1894 1 0 99 0 0
1255 0 0 551644 162832 84596 688196 0 0 1916 1998 3802 5 1 91 3 0
1256 0 0 551644 162996 84596 688304 0 0 0 970 2062 2 1 97 0 1
1257 0 0 551644 162932 84596 688316 0 0 0 1116 2402 1 1 98 0 0
1258 0 0 551644 162808 84596 688324 0 0 0 2029 5170 11 1 88 0 0
1259 0 0 551644 162904 84596 688328 0 0 0 813 1877 1 1 98 0 0
1260 0 0 551644 162684 84600 688344 0 0 0 807 1812 1 1 98 0 0
1261 0 0 551644 162372 84600 688608 0 0 300 2903 8197 11 1 87 0 0
1262 0 0 551644 161972 84600 688612 0 0 84 1033 2223 0 0 98 1 0
1263 0 0 551644 161876 84600 688612 0 0 0 807 1869 1 1 99 0 0
1264 0 0 551644 161908 84600 688612 0 0 1736 2483 6149 2 1 92 5 0
1265 0 0 551644 161816 84600 688616 0 0 0 923 2092 1 1 99 0 0
1266 0 1 551644 161752 84600 688620 0 0 1968 1606 3766 2 1 90 6 0
1267 0 0 551644 161816 84608 688460 0 0 3176 1139 2310 1 0 95 4 0
1268 0 0 551644 161880 84608 688472 0 0 0 933 2024 1 1 99 0 0
1269 0 0 551644 161752 84616 688480 0 0 104 1018 2213 1 1 98 0 0
1270 0 0 551644 161816 84616 688480 0 0 0 750 1662 1 1 99 0 0
1271 0 0 551644 161912 84616 688484 0 0 0 839 1948 1 1 99 0 0
1272 0 0 551644 161784 84616 688688 0 0 0 2578 4933 11 1 88 0 0
1273 0 0 551644 161880 84616 688700 0 0 0 1185 8209 3 0 96 0 1
1274 0 1 551644 161628 84620 688708 0 0 628 1223 2559 2 1 97 0 0
1275 0 0 551644 161692 84624 688712 0 0 1116 1267 2546 2 1 94 4 0
1276 0 0 551644 161596 84624 688720 0 0 0 967 2140 1 1 98 0 0
1277 0 0 551644 161692 84624 688724 0 0 4 1076 2105 11 1 89 0 0
1278 0 0 551644 161532 84624 688724 0 0 0 929 2050 1 1 99 0 0
1279 0 0 551644 161628 84628 688732 0 0 88 922 2086 1 1 98 0 0
1280 0 0 551644 161564 84628 688748 0 0 0 936 2079 1 1 99 0 0
1281 0 0 551644 161692 84628 688752 0 0 0 1613 4301 2 1 97 0 0
1282 0 0 551644 161564 84628 688752 0 0 0 839 1885 0 1 99 0 0
1283 1 0 551644 161628 84632 688752 0 0 16 832 1949 1 1 98 0 0
1284 1 0 551644 161564 84640 688756 0 0 1720 969 2316 1 1 94 5 0
1285 0 0 551644 161660 84640 688764 0 0 0 862 1980 1 1 99 0 0
1286 0 0 551644 161724 84640 688768 0 0 328 861 1944 1 1 98 1 0
1287 1 0 551644 161188 84640 688848 0 0 0 2733 5327 10 2 88 0 0
1288 0 0 551644 161224 84644 688988 0 0 120 1085 2269 2 1 97 0 0
1289 0 0 551644 161320 84644 688996 0 0 0 1089 2527 2 1 97 0 0
1290 0 0 551644 161192 84644 689004 0 0 0 1010 2154 2 1 97 0 0
1291 0 1 551644 160944 84644 689004 0 0 68 1023 2239 1 1 98 1 0
1292 0 0 551644 160792 84644 689012 0 0 0 2147 5055 2 0 97 1 1
1293 0 0 551644 160792 84652 689008 0 0 1720 1011 2217 1 1 93 6 0
1294 0 0 551644 160856 84652 689008 0 0 0 890 2039 1 0 98 0 0
1295 0 0 551644 160732 84652 689024 0 0 0 902 2021 1 0 99 0 0
1296 1 0 551644 160608 84652 689024 0 0 4 973 2111 6 1 94 0 0
1297 0 0 551644 160544 84652 689024 0 0 0 757 1657 4 0 95 0 0
1298 0 0 551644 160576 84660 689032 0 0 92 932 2099 1 1 99 0 0
1299 0 0 551644 160544 84660 689044 0 0 0 884 1918 1 1 99 0 0
1300 0 0 551644 160672 84660 689048 0 0 348 625 1429 1 0 99 0 0
1301 0 0 551644 160592 84660 689048 0 0 0 872 2047 1 1 99 0 0
1302 0 0 551644 160528 84664 689052 0 0 1716 1284 2643 2 1 93 5 0
1303 0 0 551644 160528 84664 689144 0 0 0 1765 3403 6 2 92 0 0
1304 0 0 551644 160592 84664 689152 0 0 0 831 9926 2 1 98 0 0
1305 0 0 551644 160464 84664 689268 0 0 4 1518 2947 5 1 94 0 1
1306 1 0 551644 160340 84664 689272 0 0 0 1313 2651 12 1 87 0 0
1307 1 0 551644 160468 84668 689284 0 0 84 988 2097 2 1 98 0 0
1308 0 0 551644 160340 84668 689288 0 0 0 784 1719 1 1 99 0 0
1309 0 0 551644 160436 84668 689292 0 0 0 904 1998 1 0 99 0 0
1310 0 2 551644 160404 84668 689296 0 0 372 840 1917 1 1 98 1 0
1311 0 0 551644 160516 84668 689304 0 0 176 802 1891 0 0 98 2 0
1312 0 0 551644 160356 84672 689304 0 0 1752 1232 2780 1 1 94 4 0
1313 0 0 551644 160452 84672 689300 0 0 0 765 1812 1 1 98 0 0
1314 0 0 551644 160420 84672 689304 0 0 0 946 2218 1 0 99 0 0
1315 0 0 551644 160484 84672 689312 0 0 0 836 2014 1 1 99 0 0
1316 0 0 551644 160388 84672 689312 0 0 0 769 1771 1 0 98 0 0
1317 0 0 551644 160452 84676 689308 0 0 92 2003 5328 3 1 96 0 0
1318 0 0 551644 160264 84676 689324 0 0 0 755 1820 1 0 99 0 0
1319 0 0 551644 154348 84680 689592 0 0 296 3767 9942 10 1 89 0 0
1320 0 0 551640 153660 84680 689604 4 0 0 2566 4943 10 2 89 0 0
1321 0 1 551640 153636 84680 689812 0 0 600 2500 6280 3 1 95 1 1
1322 0 0 551640 153604 84684 689816 0 0 1124 1192 2548 2 1 94 4 0
1323 0 0 551640 153604 84684 689828 0 0 0 961 2273 1 1 98 0 0
1324 0 0 551640 153444 84688 689652 0 0 4768 1075 2491 1 1 86 12 0
1325 1 0 551628 153480 84688 689660 4 0 0 1117 2326 12 1 88 0 0
1326 0 0 551628 153512 84688 689660 0 0 96 850 1898 1 1 98 0 0
1327 0 0 551628 153448 84688 689664 0 0 0 839 1900 1 1 98 0 0
1328 0 0 551628 153384 84688 689672 0 0 0 768 1806 0 0 99 0 0
1329 0 0 551628 153464 84688 689672 0 0 0 908 2122 1 1 98 0 0
1330 0 0 551628 153368 84688 689676 4 0 0 1422 4088 3 1 96 0 0
1331 0 0 551628 153464 84692 689680 0 0 20 920 2116 1 1 98 0 0
1332 0 0 551628 153560 84692 689688 0 0 1680 1302 2837 2 2 93 4 0
1333 0 0 551628 153528 84692 689684 0 0 0 836 1909 1 1 98 0 0
1334 0 0 551628 153560 84692 689684 0 0 0 793 1886 1 0 99 0 0
1335 0 0 551628 153496 84692 689692 0 0 0 790 1846 1 1 99 0 0
1336 0 0 551628 153560 84696 689700 0 0 84 1079 2446 1 1 98 0 0
1337 0 0 551628 153432 84696 689700 0 0 0 688 1579 1 0 99 0 0
1338 0 0 551628 153276 84696 690000 0 0 0 3589 7897 9 2 87 1 0
1339 2 0 551628 153372 84696 690012 0 0 0 1115 2417 1 1 98 0 0
1340 0 0 551628 153308 84700 690016 0 0 1768 1528 3110 1 1 93 5 1
1341 0 0 551628 153372 84700 690028 0 0 0 845 1915 1 1 98 0 0
1342 0 4 550160 1050444 84700 601948 108 0 100 1749 3686 13 4 69 14 0
1343 0 0 550116 1050556 84700 601808 64 0 0 897 1859 12 1 77 10 0
1344 0 0 550116 1051520 84700 601812 0 0 216 654 1525 0 1 99 0 0
1345 0 0 550116 1052440 84708 601824 0 0 228 1005 1969 12 1 87 0 0
1346 0 0 550116 1053664 84708 601824 0 0 0 662 1487 0 0 100 0 0
1347 1 0 550116 1049736 84708 601828 0 0 0 1554 3675 10 1 89 0 0
1348 0 0 550116 1061248 84708 601808 0 0 652 931 1883 11 1 87 1 0
1349 0 0 550116 1061280 84708 601808 0 0 0 693 1820 0 0 99 0 0
1350 0 0 550116 1061312 84720 601804 0 0 1760 2785 7909 2 1 92 5 0
1351 0 0 550116 1061184 84720 601820 0 0 0 724 1680 0 0 99 0 0
1352 0 0 550116 1061216 84720 601820 0 0 0 711 1656 0 0 100 0 0
1353 0 0 550116 1061280 84720 601824 0 0 0 649 1573 0 0 99 0 0
1354 0 0 550116 1061312 84720 601828 0 0 416 640 1541 1 0 99 0 1
1355 0 0 550116 1061092 84724 601836 0 0 92 831 1817 1 0 99 0 0
1356 0 0 550116 1061124 84724 601836 0 0 0 742 1781 1 0 99 0 0
1357 0 0 550116 1061188 84724 601840 0 0 0 650 1551 1 0 99 0 0
1358 0 0 550116 1061060 84724 601844 0 0 0 650 1555 0 0 100 0 0
1359 0 0 550116 1061076 84724 601844 0 0 4 729 5845 2 1 98 0 0
1360 0 0 550116 1061140 84736 601844 0 0 0 685 1623 0 1 99 0 0
1361 0 0 550116 1061172 84736 601848 0 0 0 591 1456 0 0 99 0 0
1362 0 0 550116 1061012 84736 601848 0 0 0 589 1409 1 0 99 0 0
1363 0 0 550116 1061076 84736 601852 0 0 0 638 1577 1 0 99 0 0
1364 0 0 550116 1061076 84740 601864 0 0 56 669 1648 1 0 99 0 0
1365 0 0 550116 1061172 84740 601864 0 0 0 585 1413 1 0 99 0 0
1366 0 0 550116 1061012 84740 601864 0 0 0 702 1669 1 1 99 0 0
1367 2 0 550116 1061076 84740 601868 0 0 0 642 1508 0 1 99 0 0
1368 0 0 550116 1061124 84740 601868 0 0 68 660 1505 1 1 99 0 0
1369 0 1 550116 1061188 84740 601872 0 0 652 843 1969 0 0 99 1 0
1370 0 0 550116 1061156 84740 601868 0 0 1084 1981 4996 2 1 93 4 0
1371 0 0 550116 1061252 84740 601872 0 0 0 660 1539 0 1 99 0 0
1372 0 0 550116 1061284 84740 601872 0 0 0 566 1371 1 0 99 0 0
1373 0 0 550116 1061348 84740 601872 0 0 60 616 1501 1 0 99 0 0
1374 0 0 550116 1061156 84740 601884 0 0 68 704 1651 1 1 98 0 0
1375 0 0 550116 1061252 84740 601884 0 0 0 579 1470 1 1 99 0 0
1376 2 0 550116 1060912 84744 602144 0 0 324 1812 7400 9 1 89 1 0
1377 0 0 550116 1060816 84744 602144 0 0 0 1900 5436 1 0 99 0 0
1378 0 0 550116 1060848 84744 602148 0 0 268 553 1354 0 0 100 0 0
1379 0 0 550116 1060880 84744 602148 0 0 0 605 1515 1 1 99 0 0
1380 0 1 550116 1060720 84748 602160 0 0 1916 972 12261 3 1 89 6 0
1381 0 0 550116 1060720 84748 601976 0 0 2848 964 1989 0 1 95 4 0
1382 0 0 550116 1060800 84748 601980 0 0 4 603 1483 1 0 99 0 0
1383 0 0 550116 1060800 84752 601988 0 0 64 780 1849 1 1 99 0 0
1384 0 0 550116 1060736 84752 601992 0 0 0 1592 4174 1 0 98 0 0
1385 0 0 550116 1060736 84752 601996 0 0 0 539 1353 0 0 99 0 0
1386 0 0 550116 1060800 84752 601996 0 0 0 637 1535 1 1 99 0 0
1387 0 0 550116 1060832 84752 602000 0 0 0 594 1499 0 1 99 0 0
1388 0 0 550116 1060864 84756 602004 0 0 1752 938 2091 1 1 93 5 0
1389 0 0 550116 1060736 84756 602008 0 0 0 701 1731 0 1 99 0 0
1390 0 0 550116 1060768 84756 602012 0 0 0 549 1413 0 1 99 0 0
1391 0 0 550116 1060800 84756 602012 0 0 0 611 1529 1 0 99 0 0
1392 0 0 550116 1060864 84756 602012 0 0 0 579 1402 0 1 99 0 0
1393 0 0 550116 1060672 84756 602020 0 0 52 1389 4070 1 1 98 0 0
1394 0 0 550116 1060768 84756 602024 0 0 0 788 1855 1 1 99 0 0
1395 0 0 550116 1060800 84756 602024 0 0 0 616 1488 1 0 99 0 0
1396 0 0 550116 1060832 84756 602028 0 0 0 561 1397 0 0 99 0 0
1397 0 0 550116 1060704 84756 602028 0 0 52 567 1372 1 0 99 0 0
1398 0 0 550116 1060736 84764 602028 0 0 1772 1029 2233 1 1 93 5 0
1399 0 0 550116 1060896 84764 602028 0 0 0 602 1514 1 0 99 0 0
1400 0 0 550116 1060832 84764 602040 0 0 0 621 1515 0 0 99 0 0
1401 0 0 550116 1060864 84764 602044 0 0 0 615 1516 1 0 99 0 0
1402 0 0 550116 1060880 84768 602052 0 0 60 1518 4212 2 0 98 0 0
1403 0 0 550116 1060960 84768 602056 0 0 0 765 2514 0 1 99 0 0
1404 0 0 550116 1060832 84768 602056 0 0 0 637 1559 1 0 99 0 0
1405 0 0 550116 1060924 84768 602060 0 0 0 749 1772 0 1 98 1 0
1406 0 0 550116 1061004 84768 602060 0 0 220 599 1449 0 0 99 0 0
1407 0 0 550116 1061036 84776 602060 0 0 1820 983 2157 1 1 95 4 0
1408 0 0 550116 1061132 84776 602072 0 0 0 738 1736 1 0 99 0 0
