0 1 2 765240 3320444 16160 52452 26 34 273 15 8 8 1 87 4 0
1 0 0 765240 3321092 16200 51508 0 0 0 184 413 0 0 98 2 0
2 0 0 765240 3320032 16200 52608 0 0 0 147 329 0 0 99 0 0
3 0 0 765240 3320820 16200 51508 0 0 32 163 350 0 1 99 0 0
4 0 0 765240 3319916 16200 52608 0 0 0 154 356 0 0 99 1 0
5 0 0 765240 3320920 16200 51640 0 0 0 132 350 0 0 100 0 0
6 0 0 765236 3319928 16208 52520 4 0 40 164 397 0 0 99 1 0
7 0 0 765232 3315028 16208 51588 0 0 0 601 1177 3 3 95 0 0
8 0 0 765228 3314048 16208 52472 4 0 0 172 401 0 0 99 1 0
9 0 0 765220 3315072 16208 51596 8 0 0 153 374 0 0 99 0 0
10 0 0 765220 3314080 16208 52476 0 0 0 163 388 0 0 100 0 0
11 2 2 764452 3312728 16804 52548 1248 0 16 872 1103 1 1 70 28 0
12 1 2 763488 3288204 16944 57104 1272 0 0 1043 1330 1 1 53 45 0
13 1 1 762896 3286264 16948 56968 888 0 100 852 1008 0 1 56 43 0
14 1 1 762896 3272220 16952 65292 0 0 0 505 746 2 1 74 24 0
15 2 1 762892 3265300 16952 67552 0 0 0 581 850 2 0 74 23 0
16 0 1 762892 3257808 16960 70288 0 0 96 569 776 4 1 73 23 0
17 0 1 762892 3246164 16960 74864 0 0 0 729 858 3 1 76 21 0
18 0 1 762892 3235460 16960 78556 0 0 0 540 706 3 1 74 23 0
19 0 1 762892 3229448 16960 81800 0 0 0 492 669 2 1 75 23 0
20 1 1 762880 3206028 16976 91128 0 0 0 661 889 6 1 72 21 0
21 0 1 762880 3193668 16976 94024 0 0 0 575 683 5 1 73 22 0
22 4 0 762880 3170352 16976 95104 0 0 0 588 693 7 1 75 17 0
23 0 1 762872 3150852 16984 97572 0 0 0 739 923 11 2 69 19 0
24 0 1 762872 3145512 16992 98900 0 0 16 468 629 2 1 75 23 0
25 2 0 762864 3138716 16992 101744 12 0 0 567 704 6 1 71 23 0
26 1 0 762860 3124120 16992 102428 0 0 0 711 802 6 1 73 20 0
27 0 1 762852 3060160 16992 105848 8 0 8 1058 1399 9 2 71 18 0
28 0 1 762848 3031268 16992 107156 16 0 0 899 1078 11 1 73 15 0
29 0 1 762844 2959484 17004 110940 0 0 20 1066 1591 8 3 71 18 0
30 0 1 762840 2954120 17004 110524 0 0 0 460 837 2 0 74 23 0
31 0 2 762704 2945512 17004 111424 168 0 0 525 853 2 1 63 34 0
32 0 1 762596 2938180 17004 112308 92 0 96 428 799 3 1 67 30 0
33 4 0 762464 2881636 17004 113804 136 0 0 874 1440 3 3 68 26 0
34 0 1 762460 2858404 17012 113352 0 0 64 608 1447 5 1 69 24 0
35 3 0 762452 2759312 17012 209144 16 0 88204 4144 813 3 8 73 15 0
36 0 1 762444 2669356 17012 290344 16 0 0 768 1371 2 3 77 17 0
37 0 0 762440 2663588 17012 292400 0 0 0 498 884 7 1 69 23 0
38 1 2 762420 2628428 17012 291540 24 0 0 453 844 1 1 78 19 0
39 0 2 762348 2626628 17020 293208 68 0 76 406 774 1 0 46 52 0
40 2 0 762192 2578156 17020 294528 88 0 0 781 1432 4 1 71 23 0
41 1 1 762188 2562628 17020 295112 0 0 104 776 1187 9 1 74 17 0
42 1 1 762180 2547348 17020 297684 0 0 0 624 952 3 2 73 23 0
43 1 1 762176 2424512 17028 297708 16 0 92 12297 1543 6 6 69 19 0
44 0 1 762172 2419816 17028 300124 0 0 0 622 878 3 1 73 23 0
45 0 1 762164 2415960 17028 299772 0 0 0 822 751 5 1 74 20 0
46 0 1 762152 2407576 17028 301464 32 0 156 597 1117 2 1 69 28 0
47 0 2 762148 2387548 17028 301108 4 0 0 1291 2022 6 2 75 17 0
48 0 4 761808 2378912 17032 309376 352 0 12 708 1278 4 1 68 28 0
49 2 1 761460 2316112 17036 309680 360 0 4 2700 1277 40 2 33 25 0
50 4 5 761116 1952012 17036 356616 360 0 0 21813 1846 30 18 34 17 0
51 3 4 760980 1653768 16580 395508 52 0 0 22902 2034 63 18 8 11 0
52 1 4 760960 1552432 16580 445396 16 0 0 8774 1923 42 7 27 25 0
53 3 7 760944 1458700 16588 485704 0 0 48 8495 1866 27 5 24 44 0
54 0 1 760876 1372408 16592 522096 84 0 4 6294 1799 23 4 37 35 0
55 0 2 760528 1371936 16592 522180 284 0 0 380 712 0 0 70 29 0
56 0 2 759964 1371192 16592 522104 684 0 0 500 848 1 0 57 43 0
57 0 2 759796 1372788 16592 522120 228 0 0 348 603 1 1 60 39 0
58 0 3 759668 1372668 16600 522176 112 0 12 296 610 0 0 47 53 0
59 0 2 759480 1372608 16600 522164 204 0 0 322 578 0 0 48 52 0
60 0 3 759200 1372228 16604 522160 148 0 45748 294 596 0 1 37 62 0
61 0 2 759184 1373616 16604 522192 20 0 3592 356 517 0 3 27 70 0
62 0 7 758856 1373392 16616 521284 360 0 56 516 845 2 1 46 52 0
63 0 2 758708 1373260 16620 521400 132 0 4 303 615 0 0 48 51 0
64 0 2 758372 1363660 16620 530620 264 0 0 451 810 1 1 50 49 0
65 4 5 758256 1249832 16620 569640 148 0 0 5006 1696 41 7 12 40 0
66 0 5 758176 1208312 16620 609876 80 0 39092 1195 1740 31 3 15 51 0
67 1 5 758152 1200676 16620 618064 32 0 0 487 779 6 1 15 78 0
68 1 5 758084 1097928 16628 664476 76 0 44 6777 1824 26 4 11 59 0
69 3 4 758028 979492 16628 704240 60 0 0 3379 1725 27 5 16 52 0
70 2 6 757928 788592 16628 766972 96 0 0 1637 1902 45 9 8 39 0
71 4 4 757840 723364 16628 795100 88 0 0 1519 2116 28 3 17 52 0
72 0 4 757756 627296 16628 844924 92 0 0 1605 2122 43 3 11 43 0
73 1 5 757700 494812 16636 901956 68 0 16 1605 1991 42 7 6 45 0
74 2 5 757596 397984 16636 962744 144 0 0 1490 2008 39 5 10 46 0
75 4 5 757516 275984 16636 1019424 56 0 0 1475 1906 43 5 12 40 0
76 1 6 757400 172176 16636 1070180 144 0 0 1701 2102 40 6 10 43 0
77 1 5 757312 131260 15492 1070664 104 0 0 2195 1940 31 4 7 59 0
78 2 5 757228 116576 15340 1040324 100 0 48 1787 2226 35 4 18 43 0
79 0 2 757116 150768 14944 921320 88 0 0 1772 1960 40 9 12 38 0
80 3 6 756016 145744 14944 924188 592 0 0 600 1087 2 0 48 50 0
81 2 5 756196 121792 14944 906804 100 276 276 1673 2008 48 5 11 36 0
82 4 4 756092 156668 14952 788244 116 0 24 1873 2224 40 8 14 39 0
83 1 4 755988 130544 14952 749312 144 0 0 2829 2406 49 6 20 26 0
84 5 2 755852 150696 14948 628040 156 0 0 5045 2281 49 9 13 28 1
85 2 3 755700 119912 14940 608804 184 0 0 3313 2260 54 7 11 28 0
86 5 2 755500 105704 14940 566916 236 0 0 2878 2057 34 5 18 44 0
87 7 1 755448 118724 14940 499328 440 0 16 3158 2104 31 5 29 35 0
88 0 2 755348 114704 14940 503440 356 0 0 465 967 2 1 71 27 0
89 1 1 754972 115272 14940 502268 604 0 0 519 1106 0 0 73 27 0
90 1 4 754696 113860 14940 503528 724 0 52 578 1021 0 0 60 40 0
91 0 4 754324 110840 14940 504488 2076 0 0 1345 1879 1 0 38 61 0
92 4 1 754064 106312 14948 507700 1196 0 32 1562 1377 55 0 31 13 0
93 7 1 754064 151032 14412 391028 812 0 0 3901 6460 80 4 14 2 0
94 8 1 754044 148152 14412 392492 708 0 0 1830 2928 95 1 2 1 0
95 4 1 754044 157532 14412 233136 568 0 96 1992 8908 88 9 2 0 0
96 3 1 754044 155660 14412 234520 192 0 0 1174 863 67 1 24 8 0
97 4 1 754044 156384 14420 233420 180 0 56 1163 851 66 1 22 11 0
98 0 1 753792 155228 14420 234432 100 0 0 641 791 24 0 47 29 0
99 1 1 753792 156056 14420 233368 188 0 0 307 665 1 0 74 25 0
100 1 3 753372 154800 14420 233448 372 0 0 485 951 2 0 47 51 0
101 1 1 753196 153628 14428 234320 320 0 28 400 800 1 0 64 35 0
102 0 2 753124 153512 14420 217536 172 0 0 522 974 1 1 57 41 0
103 5 1 753048 151308 14420 219228 140 0 0 784 951 26 0 36 38 0
104 1 1 752852 152012 14420 218256 232 0 0 578 882 12 0 66 21 0
105 1 1 752756 150680 14420 219168 196 0 0 345 726 0 0 75 25 0
106 1 1 752572 151452 14428 218156 308 0 44 379 852 0 0 75 25 0
107 2 2 752404 149660 14440 219696 208 0 0 593 1125 3 0 60 36 0
108 4 1 765556 140156 13924 99976 996 13968 13968 21137 1874 58 11 19 12 0
109 5 0 789004 122620 968 23596 932 24172 24180 56181 1795 76 15 7 1 0
110 1 1 957672 166544 284 11108 4 168676 168696 17224 1090 38 10 23 30 0
111 1 0 957660 163964 292 13120 28 0 120 318 652 0 0 72 28 0
112 1 1 957652 163676 292 13376 12 0 0 324 626 0 0 83 17 0
113 1 0 957640 161608 292 15440 12 0 0 429 819 0 0 71 28 0
114 1 1 957632 162072 292 14596 8 0 0 314 659 1 0 89 10 0
115 1 1 957616 161068 292 15760 16 0 0 266 631 1 0 94 6 0
116 1 2 957616 161736 300 14808 16 0 12 244 596 0 0 97 3 0
117 0 4 957604 158912 300 18564 4 0 0 451 1012 0 0 69 31 0
118 0 0 957588 157860 300 19056 12 0 0 310 700 1 0 88 11 0
119 1 0 957556 156048 300 20548 12 0 28 388 790 0 0 89 10 0
120 0 0 957540 155868 308 20584 8 0 16 272 648 0 0 98 2 0
121 0 0 957532 156368 308 19732 8 0 0 240 587 0 0 99 0 0
122 0 0 957512 155216 308 20720 20 0 0 271 648 0 0 98 2 0
123 0 0 957480 155872 308 19976 56 0 48 293 641 0 0 97 2 0
124 0 0 957472 154684 308 21076 8 0 0 256 613 0 0 99 1 0
125 0 0 957464 155520 316 20076 8 0 28 232 590 0 0 99 1 0
126 0 0 957448 154580 316 21040 12 0 0 253 605 1 0 99 1 0
127 0 0 957396 155584 316 19892 28 0 0 253 618 0 0 100 0 0
128 0 0 957324 153824 332 22088 32 0 240 369 746 0 0 93 7 0
129 0 0 957264 154020 388 21236 8 0 0 359 825 0 0 96 3 0
130 0 0 957208 154388 396 22316 8 0 56 253 610 0 0 99 1 0
131 0 0 957152 154364 396 21552 8 0 0 228 578 0 0 99 0 0
132 0 1 957096 152324 404 23180 8 0 0 283 671 0 0 95 4 0
133 0 0 957036 149236 680 25028 20 0 0 564 1193 1 1 84 15 0
134 0 1 956996 148404 680 26272 12 0 0 254 626 0 0 97 2 0
135 0 0 956916 149532 688 25112 12 0 44 269 650 0 0 96 4 0
136 0 1 956880 148940 688 26300 4 0 0 252 619 0 0 96 4 0
137 0 0 956784 149680 688 25208 20 0 0 285 669 0 0 96 4 0
138 0 0 956728 148484 688 26240 4 0 0 266 637 0 0 99 1 0
139 0 1 956664 149496 688 25328 12 0 0 281 631 0 0 98 2 0
140 0 0 956536 147640 696 26836 20 0 0 278 670 0 0 98 1 0
141 0 0 956476 146528 696 28036 12 0 0 275 640 0 0 99 1 0
142 4 0 956416 146664 700 27572 8 0 0 745 893 29 0 70 1 0
143 1 0 956596 139128 676 25568 172 316 316 4685 684 25 4 65 5 0
144 1 0 956548 139360 684 24268 312 0 44 512 516 9 0 87 4 0
145 1 0 956492 138768 684 24892 8 0 0 436 433 13 0 86 0 0
146 1 0 956416 124800 684 24320 8 0 0 689 728 25 1 72 2 0
147 1 0 956356 124124 684 25272 12 0 0 446 456 5 0 94 1 0
148 1 0 956288 124832 684 24456 16 0 0 582 605 28 0 72 0 0
149 1 0 956232 123716 692 25372 8 0 16 446 483 7 0 93 0 0
150 1 0 956168 124828 692 24268 16 0 0 429 419 10 0 90 0 0
151 1 0 956104 123604 692 25596 8 0 0 604 637 28 0 71 1 0
152 1 0 956008 124600 692 24408 28 0 0 423 466 20 0 79 1 0
153 0 1 955956 124124 692 25452 8 0 0 427 569 18 1 81 1 0
154 0 0 955896 124588 700 24500 0 0 16 265 623 0 0 99 0 0
155 0 0 955844 123960 700 25568 16 0 0 289 667 0 0 99 1 0
156 0 0 955784 124648 700 24416 8 0 0 273 642 0 0 100 0 0
157 0 0 955724 123088 700 25588 16 0 0 400 848 0 1 98 2 0
158 0 0 955664 124076 700 24424 4 0 60 292 655 0 0 99 0 0
159 0 0 955604 123020 708 25592 16 0 28 282 661 0 1 98 1 0
160 0 1 955484 122940 708 25524 80 0 0 309 688 0 0 97 2 0
161 0 0 955404 123740 708 24396 64 0 0 308 665 0 0 95 5 0
162 0 1 955328 123900 708 24436 96 0 136 311 702 0 0 86 13 0
163 0 1 955188 123776 724 24520 200 0 36 374 735 0 0 82 17 0
164 0 0 955040 123124 1004 25600 200 0 0 397 830 0 0 79 21 0
165 0 0 954976 123412 1004 24608 4 0 0 302 662 0 0 99 0 0
166 0 0 954916 122180 1004 25680 24 0 0 299 665 0 0 99 1 0
167 0 0 954852 123292 1004 24556 8 0 0 286 634 0 0 99 0 0
168 0 0 954796 122080 1016 25696 4 0 48 299 653 0 0 99 1 0
169 0 0 954732 123116 1016 24688 20 0 0 284 649 0 0 99 1 0
170 4 0 954612 121900 1076 25812 68 0 0 783 918 33 0 66 1 0
171 3 0 954552 123012 1108 24592 12 0 0 1364 824 97 0 2 1 0
172 4 0 954492 122232 1120 25872 20 0 12 1396 964 97 1 2 0 0
173 4 0 954436 123112 1196 24756 4 0 112 1346 727 98 1 0 1 0
174 3 0 954376 122380 1204 25796 16 0 0 1312 829 98 0 2 0 0
175 3 0 954316 122924 1204 24812 16 0 0 1030 699 73 0 27 0 0
176 1 0 954260 121744 1244 25860 12 0 0 692 696 24 0 74 2 0
177 0 0 954200 122740 1244 24876 16 0 0 334 681 1 0 99 0 0
178 0 0 954136 122876 1252 24964 0 0 64 286 650 0 0 99 1 0
179 0 0 954080 121684 1252 26068 4 0 0 291 635 0 0 99 1 0
180 2 0 953952 121464 1252 26080 16 0 0 304 668 0 0 99 1 0
181 0 0 953888 122460 1252 24908 24 0 0 284 645 0 0 99 1 0
182 0 0 953828 121520 1260 26088 16 0 12 293 653 0 0 98 1 0
183 0 0 953764 122524 1260 24920 16 0 0 278 647 0 0 99 1 0
184 0 0 953712 121956 1260 25992 8 0 0 298 660 0 0 99 1 0
185 0 0 953644 122500 1260 24928 16 0 0 384 835 0 0 99 1 0
186 0 0 953576 121232 1260 25968 24 0 52 316 676 1 0 99 1 0
187 0 0 953520 122124 1268 24916 4 0 20 286 653 0 0 99 1 0
188 0 0 953464 121024 1268 26104 4 0 0 280 632 0 0 100 0 0
189 0 0 953400 121964 1268 24932 16 0 0 297 682 0 0 97 2 0
190 0 0 953332 120712 1268 26108 24 0 0 354 771 0 1 89 10 0
191 0 0 953272 121664 1272 24940 4 0 8 293 655 1 0 99 1 0
192 0 0 953196 121152 1280 26228 28 0 56 302 669 0 0 94 6 0
193 0 0 953136 122116 1280 25064 12 0 0 288 650 0 0 93 7 0
194 0 0 953072 120908 1280 26220 20 0 0 327 697 1 0 98 1 0
195 0 0 953008 121460 1280 25284 16 0 0 283 654 0 0 99 1 0
196 0 0 952952 120668 1280 26148 16 0 224 291 638 0 0 99 1 0
197 0 0 952896 121556 1288 25092 4 0 40 285 669 0 0 99 0 0
198 0 0 952828 120836 1288 26080 20 0 0 279 633 0 0 99 1 0
199 0 0 952772 121904 1288 25028 0 0 0 264 616 0 0 100 0 0
200 0 0 952656 121680 1288 25072 8 0 0 262 639 0 0 100 0 0
201 0 0 952600 120772 1296 26240 0 0 12 270 629 0 0 99 1 0
202 0 0 952536 121712 1296 25056 32 0 0 260 606 1 0 99 0 0
203 0 0 952468 121152 1296 26064 4 0 0 291 676 0 0 99 1 0
204 0 0 952412 121968 1296 25188 16 0 0 264 625 0 0 99 0 0
205 0 0 952348 121528 1304 26024 0 0 12 256 626 0 0 99 1 0
206 0 0 952288 121820 1312 25188 8 0 36 242 625 0 0 100 0 0
207 0 0 952228 120592 1312 26268 16 0 0 254 618 0 0 99 1 0
208 1 0 952140 121588 1312 25212 60 0 0 274 655 0 0 98 1 0
209 0 0 952024 119104 1312 28468 0 0 0 323 692 0 0 98 1 0
210 0 0 951968 119660 1312 27328 16 0 0 243 597 0 0 99 0 0
211 0 0 951912 118508 1320 28492 12 0 12 252 615 0 0 99 1 0
212 0 0 951840 119448 1320 27344 8 0 0 264 645 0 0 99 0 0
213 0 0 951784 118944 1320 28392 16 0 0 287 640 0 1 98 2 0
214 0 0 951728 119824 1320 27348 0 0 0 361 816 0 0 99 1 0
215 0 0 951652 118548 1320 28424 16 0 48 289 663 0 0 99 1 0
216 0 0 951596 119296 1328 27360 12 0 20 268 638 0 0 99 0 0
217 0 0 951536 118420 1328 28500 8 0 0 277 652 0 0 98 1 0
218 0 0 951468 119328 1328 27456 4 0 0 281 668 0 0 99 0 0
219 1 0 951408 118292 1328 28524 0 0 0 289 661 0 0 99 1 0
220 1 0 951264 118356 1336 28480 8 0 16 277 640 0 0 99 1 0
221 1 0 951204 119456 1336 27444 8 0 0 273 644 0 0 99 0 0
222 5 1 951128 107500 1424 28420 44 0 0 13785 891 61 4 34 2 0
223 2 0 993100 137352 1412 23688 48 42076 42268 2933 1014 14 5 58 23 0
224 2 0 993032 136208 1412 24344 20 0 0 417 414 10 0 88 2 0
225 2 0 992976 136552 1420 23380 16 0 96 403 390 9 0 89 2 0
226 2 0 992912 135384 1420 24536 0 0 0 607 595 26 1 67 6 0
227 5 0 992860 136388 1420 23344 32 0 0 479 493 11 0 88 0 0
228 2 0 992796 135076 1420 24540 0 0 0 527 545 23 0 77 0 0
229 2 0 992724 136144 1420 23368 0 0 0 501 535 17 0 83 0 0
230 0 0 992660 134896 1428 24284 48 0 20 277 619 0 0 99 1 0
231 0 0 992604 135932 1428 23516 16 0 0 271 632 0 0 99 0 0
232 0 0 992540 134600 1428 24484 0 0 0 319 708 1 0 99 1 0
233 0 0 992468 135792 1428 23736 48 0 0 342 741 1 0 98 1 0
234 0 0 992412 134860 1428 24676 48 0 0 275 620 0 0 99 1 0
235 0 0 992340 135864 1436 23544 8 0 12 271 647 0 0 100 0 0
236 0 0 992280 134616 1436 24696 24 0 0 268 613 0 0 98 2 0
237 0 0 992216 135536 1436 23796 68 0 0 307 661 0 0 99 1 0
238 0 0 992152 134548 1436 24796 64 0 0 302 663 0 0 98 1 0
239 0 0 992096 135468 1436 23624 104 0 0 278 625 0 0 99 1 0
240 0 0 991968 135212 1444 23616 80 0 0 287 648 0 0 99 0 0
241 0 0 991904 134272 1444 24844 68 0 0 315 675 0 0 98 1 0
242 1 0 991848 134252 1444 23712 80 0 0 413 824 1 0 98 1 0
243 0 0 991776 133560 1444 24580 64 0 0 307 679 0 0 98 2 0
244 0 0 991716 134084 1452 23632 48 0 12 299 645 1 0 99 1 0
245 0 0 991660 132944 1452 24792 64 0 0 309 643 0 0 99 1 0
246 0 0 991596 133972 1452 23632 32 0 0 315 693 1 0 99 0 0
247 0 0 991524 132544 1452 24672 132 0 0 400 807 1 1 92 7 0
248 0 0 991468 133508 1452 23616 76 0 0 312 648 0 0 97 3 0
249 0 1 991408 132756 1460 24632 56 0 40 290 665 0 0 97 3 0
250 0 0 991336 133352 1460 23700 88 0 0 300 635 0 0 97 3 0
251 0 1 991240 130512 1460 26752 128 0 0 362 714 0 0 86 13 0
252 0 0 991160 131324 1460 25724 32 0 52 303 651 0 0 99 1 0
253 0 0 991092 129944 1460 26892 104 0 0 304 665 0 0 95 5 0
254 0 0 991032 131012 1468 25812 48 0 20 304 658 0 1 100 0 0
255 0 0 990964 129852 1468 26896 64 0 0 307 661 0 0 98 2 0
256 0 0 990908 130888 1468 25788 64 0 0 278 637 0 0 99 1 0
257 0 0 990848 129940 1468 26864 76 0 148 332 682 0 0 98 2 0
258 0 0 990780 130732 1468 25908 76 0 0 285 655 0 0 99 1 0
259 0 0 990724 130320 1476 26932 64 0 44 296 652 1 0 99 0 0
260 1 0 990604 130808 1500 26780 64 0 0 459 460 12 1 87 1 0
261 1 0 990540 131168 1500 25876 72 0 0 440 437 6 0 93 0 0
262 5 0 990580 129364 1500 26792 80 100 100 10463 569 20 1 78 1 0
263 4 0 990576 120560 1508 25972 32 60 116 17379 752 97 1 1 0 0
264 4 0 990520 119428 1516 26888 64 0 0 1376 912 96 1 2 1 0
265 4 0 990456 120364 1520 25744 48 0 0 1309 760 99 0 0 0 0
266 4 0 990384 118924 1520 26896 112 0 0 1389 859 97 1 2 0 0
267 3 0 990324 119328 1520 26056 64 0 0 1136 730 80 0 20 0 0
268 4 0 990272 118640 1532 26952 32 0 44 929 721 53 0 46 0 0
269 0 0 990208 119004 1532 26124 64 0 0 563 686 10 0 89 0 0
270 0 0 990152 117896 1532 26996 48 0 0 300 644 0 0 99 1 0
271 0 0 990088 118204 1532 25888 76 0 0 422 871 1 0 98 1 0
272 0 0 990012 117540 1532 27104 48 0 0 292 670 0 0 99 1 0
273 0 0 989948 118456 1540 26032 96 0 16 301 644 0 0 98 1 0
274 0 0 989888 117372 1540 26892 32 0 0 256 610 0 0 99 1 0
275 0 1 989832 118248 1540 26084 96 0 0 256 606 0 0 99 1 0
276 0 0 989772 117808 1540 27004 32 0 0 263 622 1 0 97 2 0
277 0 0 989712 118684 1540 26108 64 0 0 252 619 0 0 96 4 0
278 0 0 989636 117124 1552 26976 48 0 12 299 713 0 0 95 5 0
279 0 0 989572 117880 1552 25992 80 0 0 258 618 0 0 98 1 0
280 0 0 989432 117948 1552 25944 80 0 56 278 638 0 0 97 3 0
281 0 0 989368 116840 1552 27092 64 0 0 271 628 0 0 99 1 0
282 0 0 989308 117640 1564 26044 32 0 56 252 618 0 0 99 1 0
283 0 0 989232 116504 1564 27036 144 0 0 273 648 0 0 98 1 0
284 0 0 989136 117424 1564 26004 92 0 0 285 663 0 0 99 1 0
285 0 0 989032 116444 1568 26868 96 0 0 322 671 0 0 98 1 0
286 0 0 988956 117204 1568 26188 52 0 0 265 635 0 0 99 0 0
287 0 0 988900 117364 1576 26036 52 0 12 272 626 0 0 99 0 0
288 0 0 988848 117136 1576 27052 48 0 0 280 634 0 0 99 1 0
289 0 0 988784 117180 1576 26060 20 0 0 318 722 1 0 99 1 0
290 0 0 988724 116164 1576 26988 56 0 160 313 644 0 0 98 2 0
291 0 0 988660 117088 1576 26184 44 0 0 289 649 0 0 99 1 0
292 0 0 988596 116188 1584 27268 16 0 52 291 672 0 0 99 1 0
293 0 0 988540 117152 1584 26268 0 0 0 268 625 0 0 99 0 0
294 0 0 988472 115960 1584 27424 32 0 0 297 650 0 0 99 1 0
295 0 1 988400 117060 1584 26248 44 0 0 295 691 0 1 99 1 0
296 0 0 988300 114484 1584 28768 48 0 0 355 672 0 0 94 6 0
297 1 0 988244 114288 1592 28036 0 0 16 891 695 2 0 98 0 0
298 2 1 1083268 105112 1588 26584 48 95108 95384 14123 1537 3 12 69 16 0
299 1 0 1181644 163988 1048 19480 108 98416 98416 7254 1293 5 14 72 8 0
300 1 1 1211264 156008 1060 19728 128 28988 29180 1659 1214 3 5 77 15 0
301 1 0 1235728 161588 1068 20604 64 24520 24680 1030 876 7 10 80 3 0
302 1 0 1235844 168312 1068 19476 48 172 172 631 642 3 3 87 7 0
303 0 1 1235656 272856 1068 20396 308 16 16 504 825 2 1 73 24 0
304 0 2 1235296 272608 1068 19548 556 0 0 480 964 1 0 64 35 0
305 0 2 1235112 400912 1072 20620 280 0 0 405 829 2 0 47 51 0
306 0 0 1234984 400052 1360 21092 236 0 44 475 910 1 1 41 58 0
307 1 0 1234924 397992 1360 22112 108 0 0 1737 690 1 2 96 2 0
308 1 0 1234676 226220 1360 20912 448 80 80 5134 1080 6 9 79 6 0
309 1 0 1234612 172352 1360 22024 96 0 0 593 676 5 6 87 2 0
310 1 0 1234936 132560 1360 20940 524 720 720 1008 1157 5 7 77 11 0
311 1 0 1241616 175812 1368 22168 64 6736 7024 977 1086 6 7 85 2 0
312 1 0 1259988 209508 1364 21132 64 18440 18496 4560 1151 3 8 89 0 0
313 0 1 1284144 223824 1368 23968 248 24356 24812 1353 1241 2 6 83 9 0
314 0 1 1245780 184904 1368 23148 40036 0 0 7368 6031 1 1 76 23 0
315 0 1 1182164 118108 1368 24256 65656 0 0 12088 8827 1 3 74 22 0
316 1 0 1190488 221820 1176 22100 38652 45196 45228 7104 5770 5 3 72 19 0
317 4 0 1133736 188452 1176 23320 33232 0 0 5154 4618 21 2 60 18 0
318 1 0 1127464 177080 1176 22472 8688 0 0 1992 1997 27 1 65 7 0
319 1 0 1125084 172440 1176 23612 2140 0 0 576 663 13 1 85 1 0
320 1 0 1122112 169588 1184 23536 2224 0 16 695 788 13 1 83 3 1
321 1 1 1120316 167388 1184 22692 1964 0 0 1629 973 11 2 76 11 0
322 2 0 1114320 160076 1184 23552 6744 0 0 2217 1869 24 1 56 18 0
323 0 1 1114188 161808 1184 22748 236 0 0 686 734 24 1 73 2 0
324 1 0 1114068 159060 1272 25464 172 0 0 579 722 12 1 75 12 0
325 1 0 1114008 159856 1280 24320 64 0 60 416 393 17 0 82 0 0
326 1 0 1113928 158880 1280 25488 68 0 0 413 416 8 0 91 1 0
327 1 1 1113572 155880 1280 26496 660 0 0 735 870 13 0 77 10 0
328 1 0 1113304 154212 1280 27320 332 0 0 757 1092 24 1 71 4 0
329 0 0 1113228 154480 1280 26580 88 0 0 347 674 8 0 92 1 0
330 0 0 1113172 153612 1288 27576 48 0 48 256 622 0 0 98 1 0
331 1 0 1113040 154496 1296 26596 156 0 0 549 782 21 0 78 1 0
332 1 0 1112972 153284 1296 27528 48 0 0 411 430 8 0 90 1 0
333 1 0 1112908 154252 1296 26572 52 0 0 387 396 18 0 82 0 0
334 4 0 1110336 153236 1296 27732 88 0 0 811 798 39 0 59 1 0
335 0 0 1110264 154096 1304 26776 64 0 40 501 752 14 1 85 1 0
336 0 0 1110208 153168 1304 27736 48 0 0 276 639 0 0 99 1 0
337 0 0 1110128 154036 1304 26776 84 0 0 277 646 0 0 99 1 0
338 0 0 1110056 153084 1304 27452 68 0 0 279 647 0 0 99 0 0
339 0 0 1109988 153948 1304 26744 128 0 0 260 627 0 0 99 1 0
340 2 0 1109836 141904 1312 26712 64 0 0 254 636 0 1 96 4 0
341 2 0 1109776 141256 1312 27804 72 0 56 320 695 0 0 91 9 0
342 0 0 1109688 142120 1312 26780 132 0 0 321 754 1 0 95 3 0
343 0 1 1109612 140608 1312 27868 64 0 0 259 660 0 0 98 2 0
344 0 1 1109456 140912 1320 27216 216 0 28 321 737 1 1 71 28 0
345 0 1 1109324 135536 1320 32180 100 0 0 376 785 3 0 70 27 0
346 1 1 1109200 132584 1320 35264 176 0 156 414 815 3 1 67 30 0
347 4 2 1109064 123748 1320 44768 116 0 0 461 902 5 1 71 23 0
348 0 1 1108916 120148 1320 48056 156 0 0 430 909 2 0 68 29 0
349 0 1 1108776 111236 1328 56968 112 0 36 404 859 3 0 69 28 0
350 0 1 1109856 115732 1248 53940 204 1924 1924 1010 1300 16 1 62 20 0
351 2 1 1110220 113976 1212 56756 268 652 652 686 1228 7 1 62 30 0
352 1 1 1120592 110988 1056 70456 444 10752 10752 3967 1923 25 3 56 15 0
353 1 0 1122132 113172 996 84556 416 1976 1976 1871 2362 18 2 74 6 0
354 0 1 1121744 108424 1004 89448 576 0 16 605 998 2 1 87 11 0
355 0 0 1121460 108012 1004 89448 356 0 0 373 864 1 1 94 5 0
356 0 1 1121404 108904 1020 88468 80 0 52 284 640 0 1 99 1 0
357 0 0 1121340 107816 1020 89656 64 0 8 378 833 0 1 97 2 0
358 0 0 1121268 108612 1020 88660 96 0 0 264 637 1 0 99 1 0
359 0 0 1121212 107540 1028 89584 40 0 68 285 638 1 0 99 1 0
360 0 1 1121080 107052 1028 89764 112 0 0 285 686 0 0 97 3 0
361 0 0 1121016 106988 1028 88444 176 0 0 335 775 1 1 96 3 0
362 0 0 1120960 105996 1028 89568 32 0 0 239 598 0 0 99 1 0
363 0 0 1120888 106916 1036 88628 124 0 44 243 607 0 0 99 1 0
364 0 0 1120772 103456 1036 91756 160 0 0 293 653 0 0 98 2 0
365 0 0 1120712 104456 1036 90680 88 0 0 262 636 0 0 99 1 0
366 0 0 1120644 103340 1036 91952 32 0 0 234 617 0 0 99 1 0
367 0 0 1120584 104332 1036 90676 92 0 0 241 601 0 0 99 1 0
368 0 0 1120528 103268 1044 91840 48 0 12 251 611 0 0 99 1 0
369 0 0 1120456 104272 1044 90704 64 0 0 240 612 0 0 99 0 0
370 0 0 1120400 103084 1044 91848 56 0 0 241 598 0 0 99 1 0
371 0 0 1120340 103632 1044 90956 48 0 56 242 611 0 0 98 1 0
372 0 0 1120268 102468 1044 91844 72 0 0 234 614 0 0 99 1 0
373 0 1 1120220 103464 1052 90712 76 0 20 226 591 0 0 98 1 0
374 0 0 1120160 102384 1052 91828 48 0 0 226 588 0 0 93 7 0
375 0 0 1120096 103372 1052 90768 64 0 0 260 636 0 0 97 3 0
376 0 0 1120040 102324 1052 91864 44 0 8 247 604 0 0 97 3 0
377 0 0 1119976 103344 1052 90744 108 0 0 241 618 0 0 97 3 0
378 0 0 1119904 102196 1060 91928 76 0 24 247 634 1 0 97 2 0
379 0 0 1119848 103036 1060 90952 64 0 0 257 629 0 0 100 0 0
380 0 0 1119716 103032 1060 90884 64 0 148 252 645 0 0 99 0 0
381 0 0 1120160 121924 1048 74196 48 500 500 270 648 0 1 98 1 0
382 0 0 1120104 122948 1056 73552 64 0 32 229 599 0 0 99 0 0
383 4 0 1120012 121528 1072 74500 128 0 0 1220 848 83 1 14 2 0
384 4 0 1119916 122004 1072 73544 120 0 0 1269 721 97 0 1 1 0
385 5 0 1119860 121252 1084 74532 64 0 8 1367 1033 98 1 1 1 0
386 4 0 1119788 122244 1092 73592 60 0 0 1253 802 98 0 1 1 0
387 3 0 1119732 121172 1104 74456 32 0 64 1250 698 98 0 2 0 0
388 3 0 1119536 121832 1108 73548 120 0 0 1078 768 74 0 24 1 0
389 1 0 1119460 109996 1172 86280 88 0 4236 851 762 32 1 64 2 0
390 0 0 1119404 110304 1172 85364 68 0 0 520 668 11 1 88 0 0
391 0 0 1119348 109640 1172 86240 40 0 0 277 646 0 0 99 1 0
392 0 0 1119272 109852 1272 85236 84 0 84 312 682 1 1 97 2 0
393 0 0 1119212 108792 1272 86340 48 0 0 262 638 0 0 99 1 0
394 5 0 1119144 109756 1272 85176 64 0 7656 283 665 0 0 99 0 0
395 0 0 1119080 108856 1272 86276 44 0 0 273 662 0 0 99 1 0
396 0 0 1119016 108888 1272 86240 96 0 0 282 639 0 0 99 1 0
397 0 0 1118960 109852 1284 85316 64 0 60 275 647 0 0 99 1 0
398 0 0 1118892 108872 1284 86252 80 0 0 287 636 0 0 98 2 0
399 0 0 1118832 109600 1284 85168 48 0 0 284 610 0 0 99 1 0
400 0 0 1118704 109628 1284 85240 64 0 0 271 620 0 0 100 0 0
401 0 0 1118644 109104 1292 86216 96 0 12 278 613 0 0 96 4 0
402 0 0 1118584 109472 1292 85380 48 0 0 283 633 0 0 98 2 0
403 0 1 1118508 108824 1292 86276 76 0 0 355 775 0 0 90 10 0
404 0 0 1118448 108952 1292 86064 44 0 0 378 781 0 0 78 22 0
405 0 0 1118368 107776 1292 87288 88 0 0 290 650 0 0 92 7 0
406 0 0 1118272 108728 1300 86188 76 0 12 306 671 0 0 90 10 0
407 0 0 1118216 107512 1300 87304 64 0 0 278 613 0 0 99 1 0
408 0 0 1118144 108668 1300 86204 52 0 0 300 638 0 0 99 0 0
409 0 0 1118008 108048 1308 87280 136 0 0 321 705 0 0 97 2 0
410 4 0 1117932 106916 1308 86260 52 0 0 657 806 20 0 79 0 0
411 0 1 1117860 105508 1320 87328 128 0 20 2099 694 34 1 62 3 0
412 4 0 1118852 125140 1132 70688 196 1140 5416 2113 870 23 2 70 4 0
413 4 0 1118796 112056 1140 83896 64 0 12000 1276 734 24 1 74 1 0
414 1 0 1118720 111860 1140 82736 68 0 0 607 654 30 0 66 4 0
415 1 0 1118640 111384 1140 84060 124 0 0 397 420 25 0 73 2 0
416 1 0 1118344 111828 1148 83088 40 0 116 404 397 3 0 96 0 0
417 1 0 1103828 125976 796 56096 16580 360 360 3345 2581 3 1 75 20 0
418 1 0 1102880 125492 796 57392 148 0 7608 462 508 20 0 77 3 0
419 1 0 1102812 123048 1020 59264 92 0 0 1179 985 12 1 72 15 0
420 1 0 1102676 122896 1028 59284 96 0 56 414 426 7 0 92 2 0
421 3 0 1102616 112344 1080 69868 64 0 8420 940 656 14 1 83 1 1
422 1 0 1102548 110680 1080 71256 80 0 0 557 472 9 0 90 2 0
423 1 0 1102484 111196 1080 70212 44 0 0 422 437 2 0 97 0 0
424 1 0 1102424 110424 1080 71284 88 0 0 1377 628 17 1 80 1 0
425 1 0 1102248 111144 1088 70192 360 0 60 600 658 13 0 86 1 0
426 1 0 1102180 110276 1088 71424 64 0 3560 450 469 7 0 91 1 0
427 1 0 1102080 110568 1088 72380 136 0 0 868 720 10 0 87 2 0
428 1 0 1102024 109260 1088 73120 80 0 0 461 455 8 0 91 1 0
429 0 0 1101956 110344 1088 72192 64 0 0 444 638 11 0 89 1 0
430 0 0 1101884 109384 1096 73284 100 0 28 346 705 1 0 96 3 0
431 0 0 1101828 110380 1096 72216 52 0 0 294 650 0 0 99 0 0
432 0 0 1101760 109276 1096 73576 40 0 0 325 709 0 0 99 1 0
433 0 0 1101704 109848 1096 72524 64 0 0 285 651 0 0 99 1 0
434 0 0 1101640 108504 1096 73304 96 0 0 312 666 0 0 99 1 0
435 1 0 1101568 109756 1104 72456 68 0 16 313 682 0 0 99 1 0
436 0 0 1101512 108784 1104 73412 32 0 0 305 670 0 1 99 1 0
437 0 2 1101388 105736 1164 76876 228 0 0 588 847 1 0 84 15 0
438 0 0 1103184 137096 948 52384 48 1856 1856 1508 1245 1 1 89 9 0
439 0 0 1103128 138036 948 51244 76 0 0 286 642 0 0 99 1 0
440 0 0 1102996 137844 956 51040 104 0 0 327 703 0 0 99 1 0
441 0 0 1102940 136448 956 52172 56 0 0 324 685 0 1 99 1 0
442 0 0 1102880 137288 956 51064 76 0 0 374 843 0 1 98 1 0
443 0 0 1102808 136200 956 52224 76 0 0 324 711 0 0 98 2 0
444 0 0 1102756 137224 964 51116 80 0 12 312 694 0 0 98 1 0
445 0 0 1102700 136172 964 52184 48 0 0 303 685 0 0 98 2 0
446 0 0 1102632 137256 964 51064 104 0 0 321 718 0 0 85 15 0
447 0 0 1102572 136636 964 52060 44 0 0 324 668 0 0 97 2 0
448 0 0 1102508 137480 964 51204 48 0 0 298 675 0 0 98 2 0
449 0 0 1102440 136480 972 52128 80 0 12 309 703 0 0 98 2 0
450 0 0 1102384 137132 972 51184 32 0 56 290 648 0 0 100 0 0
451 0 0 1102164 135040 976 52604 540 0 0 457 939 1 0 86 13 0
452 0 0 1102104 136068 976 51488 56 0 0 292 667 1 0 99 1 0
453 0 0 1102052 134856 976 52800 64 0 0 278 641 0 0 99 1 0
454 0 0 1101988 135820 984 51608 56 0 24 274 643 0 0 99 1 0
455 0 0 1101912 134936 984 52676 116 0 100 314 696 0 0 99 1 0
456 0 0 1101856 135604 984 51548 32 0 0 303 680 1 0 99 0 0
457 0 0 1101800 134452 984 52768 64 0 0 319 678 0 0 99 0 0
458 0 0 1101728 134972 984 51612 48 0 0 295 669 0 0 99 1 0
459 0 0 1101672 135048 992 52616 60 0 44 277 645 0 0 99 0 0
460 0 0 1101544 134552 992 52764 64 0 0 313 695 0 0 99 1 0
461 0 0 1101484 134784 992 51608 80 0 0 271 639 0 0 99 1 0
462 0 1 1101412 133552 992 53020 76 0 0 354 791 0 0 98 2 0
463 0 0 1101104 129336 1000 55020 2772 0 12 1493 2235 0 1 67 33 0
464 0 0 1101040 128328 1000 56088 64 0 0 296 663 0 0 99 1 0
465 0 0 1100968 129200 1000 54992 56 0 0 303 675 0 0 100 0 0
466 0 0 1100884 128064 1000 56144 100 0 0 312 714 0 1 99 1 0
467 0 0 1100792 128508 1000 55172 72 0 0 305 672 0 0 99 1 0
468 0 0 1100736 127212 1008 56144 76 0 12 295 658 0 0 99 1 0
469 0 0 1100672 128280 1008 55264 92 0 0 297 674 0 0 99 1 0
470 0 0 1100592 127120 1008 56260 88 0 0 312 680 0 0 99 1 0
471 0 0 1100532 127660 1008 55292 32 0 0 374 827 0 1 99 1 0
472 0 0 1100452 126992 1008 56180 64 0 0 291 684 0 0 99 1 0
473 0 0 1100396 127784 1016 55360 32 0 12 279 645 0 0 100 0 0
474 0 0 1100344 127364 1016 56212 36 0 0 281 652 0 0 99 1 0
475 0 0 1100280 128040 1016 55252 88 0 0 291 685 0 0 99 0 0
476 0 0 1100204 125488 1016 56372 80 0 0 475 986 0 1 92 7 0
477 0 0 1100144 126300 1016 55648 80 0 0 284 647 0 0 99 0 0
478 0 0 1100076 125376 1024 56628 56 0 44 301 667 0 0 98 2 0
479 0 0 1100016 126348 1024 55440 84 0 52 305 670 1 0 99 0 0
480 0 0 1099836 126524 1024 55488 80 0 0 314 701 1 0 98 1 0
481 0 0 1099780 125452 1024 56688 60 0 0 289 680 0 0 100 0 0
482 0 0 1099720 126044 1032 55764 96 0 20 297 662 0 0 99 1 0
483 0 0 1099652 124732 1032 56772 64 0 8 304 687 0 0 99 1 0
484 0 0 1099600 125416 1032 55676 64 0 0 292 648 0 0 100 0 0
485 0 0 1099544 124776 1032 56696 32 0 0 296 661 0 0 99 0 0
486 0 0 1099476 125760 1032 55804 84 0 0 319 693 0 0 99 0 0
487 0 0 1099420 124652 1040 56804 32 0 32 279 642 0 0 100 0 0
488 0 0 1099356 124948 1040 55916 64 0 100 281 644 0 0 99 1 0
489 0 0 1099280 124584 1040 56612 36 0 0 311 703 0 0 99 1 0
490 0 0 1099224 125492 1040 55704 64 0 0 293 658 0 0 100 0 0
491 0 0 1099164 124360 1040 56736 56 0 0 285 663 0 0 99 1 0
492 0 0 1099092 124688 1048 55840 92 0 40 295 685 0 0 99 1 0
493 0 0 1099032 124244 1048 56700 40 0 0 273 653 0 0 99 1 0
494 0 0 1098964 125428 1048 55592 76 0 0 290 666 0 0 99 0 0
495 0 0 1098896 124128 1048 56888 80 0 0 306 699 0 0 99 1 0
496 0 0 1098836 124648 1048 55804 48 0 0 303 672 0 0 99 1 0
497 0 0 1098776 124212 1056 56784 80 0 12 299 671 0 1 98 1 0
498 0 0 1098708 125280 1056 55688 68 0 0 319 705 0 0 99 1 0
499 0 0 1098652 123844 1056 57040 72 0 0 322 675 0 0 99 1 0
500 0 0 1098520 123084 1056 56908 88 0 0 415 893 0 1 97 3 0
501 0 0 1098468 123900 1064 55956 56 0 12 295 673 0 0 99 1 0
502 0 0 1098412 123092 1064 56816 60 0 0 302 684 0 0 98 1 0
503 0 0 1098344 124276 1064 55900 104 0 0 300 678 0 0 99 1 0
504 0 0 1098284 123356 1064 57056 64 0 0 305 689 1 0 98 1 0
505 0 0 1098228 123196 1064 57060 52 0 0 287 659 0 0 99 1 0
506 0 0 1098140 123692 1216 55900 88 0 16 337 731 0 0 98 1 0
507 1 0 1098080 122884 1216 56844 56 0 8 297 652 0 0 99 1 0
508 0 0 1098016 123808 1216 55988 60 0 48 320 703 0 0 98 2 0
509 0 0 1097944 122720 1216 56960 64 0 0 309 688 0 0 94 5 0
510 0 0 1097880 123820 1216 55820 88 0 0 291 665 0 1 97 3 0
511 0 0 1097824 122808 1228 56720 52 0 56 306 652 0 0 95 5 0
512 0 1 1097756 123724 1228 55760 92 0 0 308 676 0 0 93 7 0
513 0 0 1097700 122532 1228 57044 56 0 0 318 684 0 0 96 3 0
514 0 0 1097640 122968 1228 55876 60 0 0 291 678 0 0 97 3 0
515 0 0 1097568 123188 1228 57112 44 0 0 293 657 0 0 96 4 0
516 0 0 1097516 124224 1236 55940 96 0 16 280 635 0 1 98 2 0
517 0 0 1097460 123724 1236 56936 32 0 0 291 691 0 0 99 1 0
518 0 0 1097396 123976 1236 55948 96 0 4 308 679 0 0 99 1 0
519 0 0 1097332 122656 1236 57068 56 0 0 279 645 0 0 99 1 0
520 1 0 1097196 122472 1244 56924 72 0 16 310 692 0 0 98 1 0
521 0 0 1097136 123496 1244 55876 84 0 0 318 706 0 0 99 1 0
522 0 0 1097068 122264 1244 56960 40 0 108 309 672 1 0 99 1 0
523 0 0 1096996 123312 1244 55868 128 0 0 312 690 0 0 99 1 0
524 0 0 1096928 122288 1244 57056 108 0 0 301 670 0 0 99 1 0
525 0 0 1096868 122972 1252 56100 96 0 36 295 649 0 0 99 1 0
526 0 0 1096796 122356 1252 56988 120 0 0 302 689 0 0 99 1 0
527 0 0 1096720 122732 1252 56008 92 0 0 297 663 0 0 99 0 0
528 0 0 1096636 121344 1252 57008 40 0 0 401 850 0 1 98 1 0
529 0 0 1096564 122392 1252 55976 92 0 0 291 666 0 0 99 1 0
530 0 0 1096508 121264 1260 57120 32 0 12 286 673 0 0 99 1 0
531 0 0 1096444 122228 1260 56136 84 0 0 297 655 1 0 99 1 0
532 0 0 1096332 120920 1260 56948 152 0 0 382 790 0 1 97 2 0
533 0 0 1096272 121952 1260 56076 68 0 0 322 697 0 0 99 1 0
534 0 0 1096216 121292 1260 57068 56 0 0 305 666 0 0 99 1 0
535 0 0 1096148 121824 1268 56160 56 0 44 305 685 0 0 100 0 0
536 0 0 1096088 120760 1268 57012 84 0 0 320 682 0 0 99 1 0
537 0 0 1096020 121824 1268 56064 72 0 48 332 690 0 0 99 1 0
538 0 0 1095944 120620 1268 57200 112 0 0 327 687 0 0 99 1 0
539 0 0 1095884 121564 1268 56348 56 0 0 308 663 0 0 99 1 0
540 0 0 1095736 121484 1276 56284 48 0 0 302 690 0 0 100 0 0
541 0 0 1095680 120300 1276 57364 80 0 0 314 675 0 0 99 1 0
542 0 0 1095620 121244 1276 56312 32 0 0 298 676 0 0 99 0 0
543 1 0 1095552 120088 1276 57176 64 0 0 320 702 0 0 99 1 0
544 0 0 1095496 121184 1284 56376 48 0 16 296 660 0 0 99 1 0
545 0 1 1095208 116908 3804 57836 476 0 0 987 1443 0 1 68 30 0
546 0 1 1095140 111620 6420 56764 84 0 8 1119 1838 0 2 75 24 0
547 0 1 1126204 132004 9276 45728 64 31120 31120 1347 1855 0 4 72 24 0
548 0 1 1126116 130924 9732 45260 132 0 0 658 1243 1 1 73 26 0
549 0 1 1125884 131064 9740 45568 324 0 28 378 824 0 0 75 25 0
550 0 1 1125548 130848 9740 45340 424 0 0 500 1041 0 1 73 26 0
551 0 1 1125236 130492 9740 45680 356 0 8 438 962 0 0 75 25 0
552 1 1 1124948 128160 9740 46572 376 0 0 561 1081 2 2 71 25 0
553 0 1 1124756 128348 9740 46548 280 0 0 395 751 0 1 74 25 0
554 0 1 1124440 127940 9748 46584 380 0 28 445 855 0 0 75 25 0
555 0 0 1123872 128512 9752 45496 824 0 0 681 1154 0 0 80 20 0
556 0 0 1123812 127228 9752 46572 72 0 104 346 707 0 0 98 1 0
557 0 0 1123752 127844 9752 45568 48 0 0 405 853 0 1 97 1 0
558 0 0 1123680 127284 9752 46600 144 0 0 332 679 0 0 99 1 0
559 0 0 1123624 128300 9760 45564 76 0 36 325 686 0 0 99 0 0
560 0 0 1123496 127320 9760 45680 108 0 0 316 678 0 0 99 1 0
561 0 0 1123444 126308 9760 46812 40 0 0 295 667 0 1 99 1 0
562 0 0 1123388 127312 9760 45656 64 0 0 303 677 0 0 99 0 0
563 0 0 1123320 126332 9916 46628 108 0 12 355 737 0 0 97 2 0
564 0 0 1123264 126348 9916 46652 32 0 0 276 648 0 0 100 0 0
565 0 0 1123188 127340 9916 45736 96 0 64 311 681 0 0 99 1 0
566 0 0 1123108 126032 9916 46836 64 0 0 304 680 0 0 99 1 0
567 0 0 1123044 127124 9916 45836 96 0 0 298 663 0 1 99 1 0
568 0 0 1122988 126008 9924 46852 32 0 68 303 675 0 0 99 1 0
569 0 0 1122924 126496 9924 45864 96 0 0 304 682 0 0 99 1 0
570 0 0 1122868 125872 9924 46988 32 0 0 310 704 0 0 99 1 0
571 0 0 1122812 126476 9924 45876 64 0 0 309 704 0 0 100 0 0
572 0 0 1122740 125156 9932 46976 56 0 0 321 713 0 0 99 1 0
573 0 0 1122680 125996 9940 45896 80 0 48 297 652 0 0 99 0 0
574 0 0 1122624 124984 9940 46904 52 0 0 304 698 0 0 99 1 0
575 0 0 1122556 126000 9940 45984 112 0 0 361 739 0 0 99 0 0
576 0 0 1122500 125020 9940 46924 48 0 0 299 667 0 0 99 1 0
577 0 0 1122444 125908 9940 45816 64 0 0 296 666 0 0 100 0 0
578 0 0 1122376 124736 9948 46896 48 0 20 385 845 1 0 98 1 0
579 0 0 1122316 125624 9948 46012 56 0 0 294 670 0 0 99 0 0
580 0 0 1122184 125476 9948 46000 80 0 0 326 685 1 0 99 0 0
581 0 0 1122128 124492 9948 47044 32 0 0 295 663 0 0 100 0 0
582 0 0 1122072 125412 9956 45944 64 0 12 292 650 0 0 99 0 0
583 0 0 1122008 124480 9956 47056 64 0 0 308 677 0 0 99 1 0
584 0 0 1121940 125164 9956 46148 64 0 12 312 677 0 0 100 0 0
585 0 0 1121884 124056 9956 47044 32 0 0 393 844 0 0 98 1 0
586 0 0 1121808 124804 9956 45888 116 0 0 320 692 0 0 100 0 0
587 0 0 1121752 123888 9964 47020 48 0 24 298 674 0 0 99 1 0
588 0 0 1121664 124956 9964 45976 136 0 0 313 691 0 0 99 1 0
589 0 0 1121556 124168 9972 47024 108 0 136 390 787 0 1 97 2 0
590 0 0 1121496 124536 9972 46068 52 0 0 317 678 0 0 99 0 0
591 0 0 1121440 123968 9972 47064 44 0 0 284 647 0 0 100 0 0
592 0 0 1121376 124368 9980 46044 64 0 76 307 663 0 0 100 0 0
593 0 0 1121312 123392 9980 47036 64 0 0 302 679 0 0 100 0 0
594 0 0 1121248 124460 9980 46016 84 0 48 318 681 0 0 99 1 0
595 0 0 1121172 123332 9980 47148 72 0 0 301 670 0 0 99 1 0
596 0 0 1121108 124400 9980 46028 76 0 0 309 696 0 0 99 1 0
597 0 0 1121052 123812 9988 47172 48 0 20 301 676 0 0 99 1 0
598 0 0 1120984 124288 9988 46292 64 0 0 310 705 0 0 100 0 0
599 0 0 1120924 122888 9988 47308 32 0 0 290 657 0 0 99 1 0
600 0 0 1120796 122872 9988 47292 40 0 0 301 687 0 0 99 1 0
601 0 0 1120740 123964 9996 46172 64 0 16 292 656 0 0 99 0 0
602 0 0 1120680 122880 9996 47204 32 0 0 293 676 0 0 99 1 0
603 0 0 1120608 123768 9996 46296 112 0 12 339 698 0 0 99 0 0
604 0 0 1120552 123008 9996 47192 108 0 0 316 658 0 0 98 2 0
605 0 0 1120488 123768 9996 46156 72 0 0 310 660 0 0 99 1 0
606 0 0 1120420 122784 10004 47144 64 0 28 302 684 0 0 99 1 0
607 0 0 1120364 123156 10004 46172 32 0 0 285 653 0 0 100 0 0
608 0 0 1120304 122568 10004 47196 80 0 0 315 676 0 1 99 1 0
609 0 0 1119888 123636 10004 46224 500 0 0 557 1043 0 0 92 7 0
610 0 0 1119828 122244 10004 47140 92 0 0 309 658 0 0 99 0 0
611 0 0 1119768 122948 10012 46112 44 0 20 309 662 0 0 99 1 0
612 0 0 1119696 122680 10012 47300 80 0 0 315 717 0 1 99 1 0
613 0 0 1119636 122520 10012 46300 64 0 0 313 687 0 0 100 0 0
614 0 0 1119576 121352 10012 47288 80 0 0 377 819 0 0 98 2 0
615 0 0 1119504 122088 10012 46312 64 0 0 301 680 0 0 99 0 0
616 0 1 1119300 120072 10020 49140 336 0 12 432 848 0 0 73 27 0
617 0 0 1119240 120524 10020 48308 40 0 0 296 695 0 0 97 3 0
618 0 0 1119164 118940 10020 49348 96 0 8 326 706 0 0 97 3 0
619 1 0 1119108 119844 10020 48256 32 0 0 303 678 1 0 98 1 0
620 0 0 1118972 119856 10028 48300 68 0 24 297 665 0 0 97 2 0
621 0 0 1118920 118804 10028 49324 64 0 0 287 658 0 0 95 5 0
622 0 0 1118852 119692 10028 48240 40 0 164 302 668 0 0 97 2 0
623 0 1 1118764 118768 10028 49560 136 0 0 383 797 1 1 75 24 0
624 1 0 1118672 119076 10028 48952 144 0 0 486 764 7 0 76 17 0
625 1 0 1118612 118036 10040 50064 88 0 84 469 514 16 0 83 0 0
626 1 0 1118544 119144 10040 49064 80 0 0 410 422 18 0 82 1 0
627 1 0 1118488 117836 10040 50152 80 0 0 442 443 12 0 87 0 0
628 1 0 1118428 118804 10040 49176 76 0 0 411 404 20 0 80 1 0
629 1 0 1118356 117708 10040 50336 68 0 0 480 608 18 0 80 1 0
630 1 0 1118300 118720 10048 49188 32 0 12 403 395 20 0 79 0 0
631 2 3 1148952 104812 184 6308 236 68960 69100 4804 1125 15 11 64 10 0
632 0 4 1266352 198256 188 9388 244 79656 79656 24753 1290 11 6 33 51 0
633 0 2 1266000 197080 188 11492 280 0 0 1613 877 10 2 54 34 0
634 0 1 1265592 196808 188 11308 280 0 0 497 894 0 0 58 41 0
635 0 2 1265072 195048 196 12728 312 0 48 484 891 0 0 73 27 0
636 0 2 1264864 195484 196 11668 248 0 0 396 788 1 1 67 32 0
637 0 0 1264744 194304 196 12784 104 0 0 321 692 1 0 97 3 0
638 0 0 1264688 195032 196 11960 32 0 0 307 634 0 0 90 10 0
639 0 0 1264516 194120 196 13028 108 0 0 316 692 0 0 94 6 0
640 0 0 1264380 193868 204 13000 64 0 0 300 661 0 0 99 1 0
641 0 0 1264324 194364 204 12016 56 0 0 301 655 0 0 99 1 0
642 0 0 1264236 192148 260 14268 96 0 0 572 1054 0 0 90 9 0
643 0 1 1263148 190424 260 14280 1568 0 0 832 928 4 1 85 11 0
644 1 0 1261408 187444 268 15492 2268 0 16 1302 1592 4 1 74 21 0
645 0 1 1256356 182640 268 14484 5360 0 0 1562 1127 8 0 75 17 0
646 0 2 1250644 173360 276 16600 6040 0 0 1752 1375 0 1 63 36 0
647 0 1 1246724 167420 552 17908 3968 0 0 1181 1264 1 1 65 34 0
648 0 1 1241048 158608 552 19148 8168 0 0 1427 1792 0 1 75 24 0
649 0 1 1238044 155260 560 17948 4440 0 44 963 1587 0 1 75 25 0
650 0 1 1226124 147604 560 18972 6536 0 0 1193 1274 2 0 76 22 0
651 0 1 1220496 143532 560 17880 5076 0 0 962 1280 1 0 74 25 0
652 0 1 1217280 138416 560 19076 4304 0 0 795 975 0 0 74 25 0
653 0 1 1212568 135784 560 18124 3668 0 0 800 1019 3 0 79 19 0
654 1 0 1202004 130668 568 19068 3888 0 12 865 1130 8 1 81 10 0
655 1 0 1201860 130820 572 18188 788 0 0 477 757 6 0 78 16 0
656 1 0 1201788 129764 572 19084 76 0 0 423 430 8 0 91 1 0
657 0 0 1201604 129676 572 18780 292 0 0 652 684 8 1 87 5 0
658 0 0 1201544 128792 572 19712 52 0 0 307 697 0 0 99 1 0
659 0 0 1201392 129640 580 18824 120 0 16 292 668 0 0 99 1 0
660 0 0 1201172 129312 588 18748 56 0 0 280 638 0 0 99 1 0
661 0 0 1201112 128228 588 19820 96 0 0 303 651 0 0 98 2 0
662 0 0 1201048 129252 588 18816 32 0 0 297 678 0 0 100 0 0
663 0 0 1200996 127976 596 19880 32 0 20 281 652 0 0 98 1 0
664 0 0 1200936 128968 596 18808 88 0 100 292 648 0 0 99 1 0
665 0 0 1200864 127760 596 19972 88 0 0 303 677 0 1 98 1 0
666 0 0 1200792 128648 596 18864 84 0 0 288 663 0 0 100 0 0
667 0 0 1200732 127560 596 20056 60 0 0 296 675 0 0 99 1 0
668 0 0 1200660 128028 604 18908 32 0 48 280 666 0 0 100 0 0
669 0 0 1200600 127144 604 20000 64 0 0 292 668 0 0 99 1 0
670 0 0 1200540 128032 604 18916 56 0 0 285 632 0 0 99 1 0
671 0 0 1200468 126776 604 20068 92 0 0 423 896 0 0 99 1 0
672 0 0 1200400 127540 604 18968 56 0 0 289 663 1 0 99 0 0
673 0 0 1200340 126920 612 20076 64 0 12 309 683 0 0 98 1 0
674 0 0 1200264 127604 612 19052 80 0 0 299 685 0 0 99 1 0
675 0 0 1200204 126356 612 20136 64 0 0 291 650 0 0 99 1 0
676 0 0 1200148 126752 612 19048 32 0 0 278 650 0 0 100 0 0
677 0 0 1200080 125800 612 20212 64 0 0 311 713 0 0 99 0 0
678 0 0 1200020 126836 620 19120 40 0 12 284 641 0 0 99 0 0
679 0 0 1199960 125740 620 20204 72 0 8 283 659 0 0 99 1 0
680 0 0 1199816 125648 620 20144 96 0 0 296 660 0 0 99 1 0
681 0 0 1199728 126664 620 19048 44 0 0 290 665 0 0 100 0 0
682 0 0 1199664 125724 628 20208 64 0 16 289 674 0 0 99 1 0
683 0 0 1199600 126548 628 19144 36 0 0 313 675 1 0 98 1 0
684 0 0 1199544 125584 628 20320 76 0 0 298 651 0 0 99 1 0
685 0 0 1199468 126620 628 19320 100 0 0 298 688 0 0 99 1 0
686 0 0 1199416 125844 628 20408 64 0 0 321 674 0 0 99 1 0
687 0 0 1199356 127020 636 19328 60 0 16 289 669 0 0 99 1 0
688 0 0 1199288 125680 636 20432 64 0 52 301 697 0 0 99 1 0
689 0 0 1199232 124948 636 21132 36 0 0 389 807 0 0 97 3 0
690 0 1 1199184 123840 636 22176 84 0 0 296 655 0 0 97 3 0
691 0 0 1199104 124940 636 21108 52 0 0 300 699 0 0 96 4 0
692 0 0 1199044 123856 644 22096 80 0 20 286 666 0 0 97 3 0
693 0 4 1198968 124000 644 22080 100 0 0 393 860 0 0 86 13 0
694 0 0 1198816 120124 644 25760 164 0 0 487 916 1 0 79 20 0
695 0 0 1198760 121012 644 24676 44 0 0 295 656 0 0 97 3 0
696 0 1 1198712 119872 644 25796 40 0 0 283 652 0 0 95 4 0
697 0 0 1198636 120900 652 24616 64 0 12 301 671 0 0 97 3 0
698 0 1 1198588 119844 652 25788 36 0 72 278 648 0 0 95 4 0
699 0 0 1198520 120944 652 24680 68 0 0 300 656 0 0 97 3 0
700 0 0 1198388 120568 652 24688 64 0 0 359 801 0 0 98 1 0
701 0 0 1198332 119484 660 25716 80 0 40 296 663 0 0 99 1 0
702 0 1 1198256 120384 728 24628 72 0 0 336 734 0 0 98 1 0
703 0 0 1198188 119112 816 25748 96 0 0 407 797 0 1 95 4 0
704 0 0 1198124 119704 816 24724 52 0 0 352 749 0 0 98 1 0
705 0 0 1198060 118544 816 25792 80 0 0 315 669 0 0 99 1 0
706 0 0 1198004 119744 824 24724 48 0 112 273 630 0 0 99 0 0
707 1 0 1197908 118444 832 25968 108 0 0 684 764 22 0 73 6 0
708 1 0 1197832 119468 832 24996 64 0 0 448 441 12 1 87 1 0
709 1 0 1197624 117944 832 25976 184 0 0 445 450 13 0 84 3 0
710 4 0 1197260 115788 832 24984 352 0 0 2041 968 18 2 76 4 0
711 2 0 1241264 126416 224 17492 580 44416 44452 21558 1836 68 9 15 8 0
712 0 0 1241212 127328 224 16788 60 0 0 370 658 4 0 95 1 0
713 0 0 1241152 126612 224 17704 60 0 0 292 630 0 0 99 1 0
714 0 0 1241084 126640 224 16944 96 0 0 300 667 0 0 99 1 1
715 0 0 1241024 124884 224 18720 48 0 0 345 689 0 0 97 3 0
716 0 0 1240968 125744 232 17720 64 0 20 300 656 0 0 100 0 0
717 0 0 1240896 124636 232 18864 48 0 0 293 665 0 0 99 0 0
718 0 2 1240612 125712 232 17988 428 0 52 455 954 1 0 84 15 0
719 1 3 1240068 110644 240 33700 848 0 0 745 1312 5 0 64 30 0
720 0 1 1246312 107356 204 48396 396 1940 1964 1906 2040 15 2 56 26 0
721 1 1 1278356 117732 204 42180 388 32408 32408 14780 1267 15 2 53 30 0
722 1 1 1278136 121368 204 42104 272 4 4 737 1110 9 1 66 25 0
723 2 3 1276764 116308 204 48072 192 0 0 531 843 10 0 57 33 0
724 0 3 1276668 113060 204 51360 96 0 0 430 793 4 0 33 62 0
725 0 2 1276824 118584 212 49440 204 368 392 557 1036 8 1 69 22 0
726 0 4 1275884 110372 216 56396 1188 0 8 635 889 6 1 10 83 0
727 0 6 1275212 111448 216 55512 868 0 0 412 522 0 0 0 99 0
728 0 5 1274016 110600 216 56048 1332 0 0 574 589 0 0 15 85 0
729 0 5 1270768 102984 228 58688 3752 0 0 1336 1117 0 0 31 69 0
730 1 1 1267888 120456 284 42464 3796 480 504 1176 1104 5 1 40 54 0
731 5 0 1267808 119352 288 43700 128 0 84 539 787 10 0 88 2 0
732 0 0 1246524 110020 288 42860 11900 0 0 2475 2750 8 1 27 64 0
733 0 0 1246448 108316 288 43792 96 0 0 302 666 0 0 98 2 0
734 0 0 1246392 109120 288 42728 48 0 0 298 659 0 1 99 1 0
735 0 0 1246232 107700 592 43732 388 0 44 538 921 1 0 81 19 0
736 0 0 1246160 108604 596 42684 88 0 8 296 673 0 0 99 1 0
737 0 0 1246092 107468 596 43788 76 0 0 313 672 0 0 98 2 0
738 0 0 1246032 108420 596 42680 80 0 0 272 632 0 0 99 1 0
739 0 0 1245956 107248 596 43792 84 0 0 306 681 0 0 98 2 0
740 0 0 1245840 107032 608 43820 60 0 0 301 688 0 0 98 1 0
741 0 0 1245760 108056 608 42780 112 0 0 324 700 0 0 99 1 0
742 0 0 1245704 107064 608 43820 40 0 0 280 647 0 0 99 1 0
743 0 0 1245644 107624 608 42800 68 0 0 298 658 0 0 99 1 0
744 0 0 1245568 106348 616 43820 56 0 12 312 695 0 0 98 2 0
745 0 0 1245512 107268 616 42928 64 0 48 285 644 0 0 99 0 0
746 0 1 1245452 105792 616 44284 28 0 0 308 655 0 0 94 6 0
747 0 0 1245364 105204 616 44856 120 0 0 376 740 0 0 91 9 0
748 0 0 1245312 103964 616 45908 40 0 0 298 662 0 0 99 1 0
749 0 0 1245192 103216 624 46960 236 0 20 364 738 1 0 93 6 0
750 0 0 1245124 102008 624 47964 72 0 0 298 691 0 0 98 2 0
751 0 0 1245056 102504 624 46964 88 0 0 293 670 0 0 99 1 0
752 2 0 1251308 125004 624 30204 48 6300 6300 345 690 0 2 96 2 0
753 0 0 1251236 125568 624 29400 92 0 0 325 681 0 0 96 3 0
754 0 0 1251180 124844 632 30436 44 0 12 296 642 0 0 97 3 0
755 0 0 1251120 125564 632 29656 68 0 0 288 668 0 0 96 4 0
756 0 1 1251052 124160 632 30660 68 0 0 312 709 0 0 98 2 0
757 0 0 1250992 124872 632 29628 72 0 0 377 837 0 0 92 8 0
758 0 0 1250932 123772 632 30672 68 0 0 306 673 0 0 94 6 0
759 0 0 1250864 124752 640 29664 80 0 12 312 710 1 0 99 1 0
760 3 1 1250732 124564 692 30252 116 0 0 554 949 2 1 89 8 0
761 4 0 1250268 118236 704 34576 1852 0 0 2763 1507 86 1 6 7 0
762 0 4 1244048 113992 704 33616 7104 0 0 2088 1610 29 1 0 70 0
763 5 1 1237612 123324 608 25108 11456 6016 6096 3872 2401 2 3 0 96 0
764 0 4 1250788 126040 608 25040 10080 24712 24876 5715 2108 2 3 15 80 0
765 4 0 1250084 122540 752 25896 1500 0 0 1647 1205 72 1 9 18 0
766 6 0 1247600 118964 744 40396 4860 0 0 2103 2095 70 1 5 23 0
767 0 4 1250792 113936 744 47076 8124 7368 7368 7092 2063 40 2 2 56 0
768 6 0 1255760 117724 608 45152 3568 7428 7516 7561 1912 64 4 5 27 0
769 1 0 1259836 112864 552 49268 8408 10284 10284 9559 2326 61 3 26 9 0
770 1 1 1255932 109812 552 49120 3932 0 0 1133 1309 8 0 89 3 0
771 1 1 1245720 106652 552 50024 3004 0 0 1126 1641 15 1 57 26 0
772 1 0 1240284 106152 552 49400 216 0 0 523 623 13 1 81 6 0
773 0 1 1240224 104248 560 50372 856 0 20 442 557 2 0 73 25 0
774 0 2 1241104 120720 544 32384 7160 1100 1156 1248 1271 1 1 63 35 0
775 0 2 1240924 117032 544 32736 3980 0 0 997 948 0 0 53 47 0
776 1 1 1237496 112352 544 31820 5748 0 0 1279 1085 1 0 62 37 0
777 0 1 1224284 108812 684 32588 2084 0 0 665 744 2 1 68 30 0
778 0 1 1224228 105884 692 31860 3396 0 24 815 818 0 0 74 26 0
779 1 0 1239668 108156 584 19868 27932 31900 31900 3528 3463 1 4 73 22 0
780 1 0 1211896 121468 372 15356 152 4080 4108 3654 1017 35 1 60 4 0
781 1 0 1211836 120044 372 17088 80 0 0 528 491 16 0 80 4 0
782 1 0 1211768 118092 380 18276 84 0 16 466 474 4 0 95 1 0
783 1 0 1211612 104728 420 32288 176 0 2776 717 858 27 1 70 2 0
784 2 1 1211524 102732 556 32064 100 0 0 522 511 11 0 82 6 1
785 1 0 1212352 118428 504 22212 108 916 916 824 900 3 2 86 9 1
786 1 0 1213556 123412 528 23192 160 1380 10296 1351 1020 20 2 75 3 0
787 1 0 1213488 124064 536 22172 96 0 72 435 442 5 0 94 1 1
788 1 0 1213424 123136 536 23348 60 0 0 442 491 10 0 87 2 0
789 4 0 1213304 116744 536 29400 168 0 0 657 692 23 0 76 1 0
790 1 0 1213160 104748 536 41080 128 0 0 759 743 29 0 70 1 0
791 1 0 1213088 105748 536 40152 96 0 0 440 458 17 0 82 1 0
792 1 0 1218324 115600 464 35732 164 5424 15452 4165 1128 46 2 49 2 0
793 1 0 1218116 113332 464 37352 332 0 0 684 708 16 0 77 6 0
794 1 0 1218028 112032 464 38384 100 0 0 483 519 12 0 86 2 0
795 5 1 1217892 104840 464 45524 180 0 0 692 725 23 1 76 0 0
796 1 3 1232060 125396 640 34628 136 14352 14352 11160 882 30 3 56 11 0
797 1 0 1231988 125868 648 33732 100 0 76 453 459 5 0 89 5 0
798 1 1 1231908 124932 652 34868 112 0 0 951 937 45 2 46 7 0
799 1 0 1231832 125920 652 33740 96 0 0 413 418 17 0 80 2 0
800 2 1 1231668 112224 796 48332 128 0 0 1202 888 47 1 40 12 0
801 1 1 1231564 108040 848 51968 152 0 24 988 893 44 1 47 8 1
802 1 0 1231476 108488 848 51092 120 0 0 439 493 9 0 89 2 0
803 1 0 1231416 107632 848 52040 80 0 0 397 398 13 0 87 1 0
804 2 1 1232888 117200 820 44000 252 1736 1736 1564 1604 17 1 79 4 0
805 0 0 1232732 110428 824 51252 200 0 0 694 1207 7 1 91 1 0
806 0 0 1232676 110972 832 50332 64 0 44 278 634 0 0 99 0 0
807 0 0 1232552 104140 832 57216 124 0 0 490 913 0 0 98 2 0
808 0 4 1232708 117544 812 41056 6968 1404 1404 3003 3705 1 1 66 31 0
809 0 0 1232580 114256 812 42788 1648 0 0 753 1134 0 0 94 6 0
810 0 1 1232396 114092 812 42656 216 0 0 350 794 0 0 94 6 0
811 0 0 1231444 102728 820 52592 1004 0 12 1154 2096 1 1 77 22 0
812 0 0 1234288 115004 820 47260 224 3004 3004 748 1162 0 1 97 2 0
813 0 0 1234188 113260 820 48996 140 0 0 348 713 0 0 94 5 0
814 1 0 1234120 112208 876 49208 84 0 0 496 989 0 0 93 6 0
815 1 1 1235828 115464 876 48876 344 2052 2056 1170 1854 1 2 92 6 0
816 1 0 1236160 121876 856 42640 96 416 436 428 863 1 0 98 1 0
817 1 0 1236084 120684 856 43840 116 0 0 319 716 0 0 98 2 0
818 2 1 1235824 107584 864 57228 468 0 0 973 1347 1 0 88 11 0
819 0 0 1236020 120420 972 43092 608 468 484 1251 1771 1 1 72 27 0
820 0 1 1235760 109748 1016 53412 232 0 2588 724 1141 0 0 95 5 0
821 0 0 1236124 122452 928 41876 88 420 420 646 789 1 0 93 7 0
822 0 0 1236044 121752 928 42852 92 0 0 331 693 0 0 98 2 0
823 0 0 1235984 122792 928 41692 80 0 0 283 622 0 0 99 1 0
824 0 0 1235920 121580 928 43036 56 0 0 298 672 0 0 99 1 0
825 0 0 1235860 122400 940 41948 48 0 168 300 657 0 0 100 0 0
826 0 0 1235804 121320 940 42964 68 0 0 287 642 0 0 99 1 0
827 0 0 1235744 122284 944 41888 36 0 0 290 642 0 0 99 0 0
828 0 0 1235668 121864 944 42980 84 0 0 311 662 0 0 93 7 0
829 0 1 1235580 122616 944 41884 88 0 0 280 619 0 0 94 6 0
830 0 0 1235520 121768 952 43052 68 0 44 294 658 0 0 96 4 0
831 0 0 1235440 122248 952 41920 108 0 0 296 653 0 0 96 4 0
832 0 0 1235364 121452 952 42892 88 0 0 317 672 0 0 96 4 0
833 0 0 1235276 122404 952 42028 76 0 0 278 666 0 0 89 11 0
834 0 0 1235200 121320 952 43048 88 0 0 293 683 0 0 98 2 0
835 0 0 1235136 121600 960 42196 48 0 12 280 652 0 0 99 0 0
836 0 0 1235076 120484 960 43084 68 0 0 287 668 0 0 97 3 0
837 0 0 1235000 121320 960 42012 56 0 0 280 661 0 0 99 1 0
838 0 0 1234944 120868 960 43076 96 0 0 301 659 0 0 99 1 0
839 0 0 1234884 120900 960 43108 36 0 0 260 623 0 0 99 1 0
840 0 0 1234760 120800 968 43104 32 0 0 280 641 0 0 99 1 0
841 0 0 1234656 121800 968 42124 148 0 0 319 717 0 0 97 3 0
842 0 0 1234568 120248 980 43784 96 0 0 422 884 0 0 90 10 0
843 0 0 1234512 120348 980 42628 68 0 0 282 648 0 0 98 2 0
844 0 0 1234456 119564 988 43776 40 0 16 291 661 0 0 95 5 0
845 0 0 1234384 120484 988 42664 112 0 0 288 671 0 0 99 1 0
846 0 0 1234324 119428 988 43864 36 0 0 279 650 0 0 99 1 0
847 0 0 1234260 120496 988 42748 88 0 0 286 637 0 0 99 1 0
848 0 0 1234192 119444 988 43780 76 0 0 291 664 0 0 98 1 0
849 0 0 1234044 119832 1292 42676 292 0 72 381 797 0 1 93 6 0
850 0 0 1233988 119184 1292 44012 32 0 0 279 648 0 0 100 0 0
851 0 0 1233916 119956 1292 42808 64 0 0 304 694 0 0 98 1 0
852 0 0 1233856 118976 1292 43872 100 0 0 276 636 0 0 99 1 0
853 0 0 1233788 119504 1292 42820 96 0 0 272 638 0 0 99 1 0
854 0 0 1233720 118420 1304 43876 88 0 56 301 677 0 0 99 1 0
855 0 0 1233664 118792 1304 42884 32 0 0 267 644 0 0 100 0 0
856 0 0 1233608 117472 1304 43972 92 0 0 294 653 1 0 99 1 0
857 0 0 1233536 118540 1304 42888 48 0 0 269 654 0 0 100 0 0
858 1 0 1233480 117404 1304 43972 84 0 0 284 632 0 0 99 1 0
859 0 0 1233420 118228 1312 42828 60 0 124 292 668 0 0 99 1 0
860 0 0 1233292 118420 1312 42892 32 0 0 259 622 0 0 100 0 0
861 0 0 1233236 117432 1312 44016 92 0 0 274 637 0 0 99 1 0
862 0 0 1233156 117924 1312 42892 76 0 0 297 691 0 0 99 1 0
863 0 0 1233100 117116 1320 43916 80 0 44 303 660 0 0 99 1 0
864 0 0 1233044 117560 1320 42896 52 0 0 274 658 0 0 99 1 0
865 0 0 1232968 116484 1320 44032 92 0 0 297 686 0 0 99 1 0
866 0 0 1232912 117460 1320 43076 32 0 0 274 630 0 0 99 1 0
867 0 0 1232852 116300 1320 44160 76 0 0 289 640 0 0 99 1 0
868 0 0 1232776 117240 1328 43076 68 0 12 296 677 0 0 99 1 0
869 0 0 1232720 116196 1328 44164 72 0 0 274 635 0 0 98 1 0
870 0 0 1232664 116904 1328 43028 32 0 0 307 697 0 0 99 0 0
871 0 0 1232600 116428 1328 44236 104 0 0 357 780 0 0 97 3 0
872 0 0 1232544 116840 1328 43096 24 0 0 250 610 0 0 99 1 0
873 0 0 1232488 116068 1336 44052 76 0 12 302 665 0 0 98 2 0
874 0 0 1232412 116592 1336 43044 36 0 0 280 668 0 0 100 0 0
875 0 1 1232356 115116 1336 44760 88 0 0 345 744 0 0 94 5 0
876 0 0 1232292 114828 1336 44400 60 0 0 367 860 1 0 94 5 0
877 0 0 1232220 113764 1336 45496 88 0 0 311 675 0 0 98 1 0
878 0 0 1232164 114928 1344 44456 60 0 92 311 669 1 0 99 0 0
879 0 0 1232104 114380 1344 45564 84 0 0 295 650 0 0 98 2 0
880 0 0 1231972 113716 1344 45468 80 0 0 294 639 0 0 99 1 0
881 0 0 1231916 114488 1344 44616 52 0 0 284 650 1 0 99 1 0
882 0 0 1231848 113332 1352 45716 56 0 20 320 699 0 0 99 1 0
883 0 0 1231788 114328 1352 44712 60 0 0 302 713 0 0 99 1 0
884 0 0 1231728 113056 1352 45580 72 0 0 301 659 0 0 99 1 0
885 0 0 1231660 114044 1352 44700 68 0 0 287 658 0 0 99 0 0
886 0 0 1231604 113080 1352 45600 48 0 0 282 636 0 0 99 1 0
887 0 0 1231544 114212 1360 44560 72 0 20 282 643 0 0 99 0 0
888 0 0 1231472 113716 1360 45628 64 0 0 309 697 0 0 99 1 0
889 0 0 1231416 114660 1360 44516 64 0 0 269 636 0 0 100 0 0
890 0 0 1231360 113284 1360 45736 36 0 0 269 624 0 0 98 2 0
891 0 0 1231280 113868 1360 44560 96 0 0 273 648 0 0 97 2 0
892 0 0 1231212 112708 1368 45692 44 0 124 302 667 0 0 92 8 0
893 0 0 1231140 113840 1368 44560 96 0 0 288 649 0 0 97 3 0
894 0 0 1231028 112556 1368 45648 164 0 0 327 688 0 0 91 8 0
895 0 0 1230956 113520 1368 44536 48 0 0 283 659 0 0 98 1 0
896 0 0 1230896 112336 1368 45676 84 0 0 282 648 0 0 99 1 0
897 0 0 1230828 113372 1376 44608 48 0 40 302 676 0 0 99 0 0
898 0 0 1230768 112268 1376 45816 44 0 0 290 655 0 0 98 2 0
899 0 0 1230712 112976 1376 44604 76 0 0 302 675 0 0 99 1 0
900 0 0 1230584 112736 1376 44676 64 0 0 276 641 0 0 100 0 0
901 0 0 1230524 111512 1384 45696 68 0 12 304 666 0 0 99 1 0
902 0 0 1230460 112432 1384 44588 104 0 0 289 667 0 0 99 1 0
903 0 0 1230404 111556 1384 45768 40 0 0 288 632 0 0 99 1 0
904 1 0 1230344 112444 1384 44680 64 0 0 282 654 0 0 99 0 0
905 0 0 1230272 111416 1384 45820 48 0 0 309 696 0 0 99 1 0
906 0 0 1230216 112508 1392 44700 68 0 72 288 648 0 0 99 1 0
907 0 1 1230120 111916 1396 45812 80 0 0 296 648 0 0 98 1 0
908 0 0 1230048 112072 1396 44712 64 0 0 289 661 0 0 99 1 0
909 0 0 1229988 111540 1396 45764 60 0 0 287 641 0 0 99 1 0
910 0 0 1229928 112208 1396 44832 104 0 0 281 662 0 0 99 1 0
911 0 0 1229860 111464 1404 45984 60 0 24 294 668 0 0 98 1 0
912 0 0 1229800 112000 1404 44996 72 0 0 255 627 0 0 99 1 0
913 0 0 1229736 110700 1404 46100 56 0 0 271 629 0 0 99 1 0
914 0 0 1229664 111620 1404 44988 84 0 0 262 646 0 0 99 1 0
915 1 0 1229608 110548 1404 46132 40 0 0 256 610 0 0 99 1 0
916 0 0 1229552 111584 1412 45012 68 0 28 267 641 0 0 99 0 0
917 0 0 1229488 110604 1412 46120 72 0 0 279 659 0 0 99 1 0
918 0 0 1229428 111544 1412 44924 80 0 0 264 626 0 0 99 1 0
919 0 0 1229364 110816 1412 45940 60 0 0 255 618 0 0 99 1 0
920 0 0 1229236 110824 1420 46240 40 0 28 266 658 0 0 98 1 0
921 0 0 1229184 111736 1420 45084 64 0 0 256 627 0 0 99 1 0
922 0 0 1229100 110328 1420 46308 56 0 0 267 652 0 0 99 1 0
923 0 0 1229048 110432 1420 46500 76 0 0 424 921 1 0 96 3 0
924 0 0 1228984 109408 1420 47616 60 0 0 250 615 0 0 99 1 0
925 0 0 1228916 110396 1428 46392 100 0 88 299 683 0 0 99 1 0
926 0 0 1228856 109224 1428 47516 48 0 0 261 631 0 0 99 1 0
927 0 0 1228800 110052 1428 46396 84 0 0 295 694 0 0 99 1 0
928 0 0 1228736 109288 1428 47516 44 0 0 320 768 0 1 98 1 0
929 0 0 1228676 110084 1428 46400 92 0 0 256 637 0 0 99 1 0
930 0 0 1228616 108900 1436 47688 48 0 40 294 670 0 0 99 1 0
931 0 0 1228552 109308 1436 46568 96 0 0 285 683 0 0 99 1 0
932 0 0 1228488 107968 1436 47576 56 0 0 334 748 1 1 98 1 0
933 0 0 1228428 109004 1436 46476 80 0 0 256 613 0 0 99 1 0
934 0 0 1228356 107852 1436 47604 72 0 0 268 635 0 0 99 1 0
935 0 0 1228300 108728 1444 46488 68 0 96 278 649 0 0 99 1 0
936 0 0 1228240 107452 1444 47604 44 0 0 269 650 0 0 98 1 0
937 0 0 1228156 108588 1444 46764 108 0 0 281 673 0 0 99 1 0
938 0 0 1228100 108004 1444 47656 48 0 0 273 637 0 0 99 1 0
939 0 0 1228036 108460 1444 46644 68 0 0 259 641 0 0 99 0 0
940 0 0 1227908 108416 1452 46608 68 0 0 258 648 0 0 97 3 0
941 0 0 1227848 107504 1452 47740 44 0 0 269 656 0 0 98 1 0
942 0 0 1227784 108264 1452 46632 88 0 0 261 656 0 0 97 3 0
943 0 0 1227728 107204 1452 47736 48 0 0 264 635 0 0 94 6 0
944 0 0 1227668 108192 1460 46564 56 0 16 262 642 0 0 98 2 0
945 0 0 1227604 107112 1460 47668 68 0 0 269 667 0 0 78 22 0
946 0 0 1227548 108132 1460 46572 64 0 0 271 652 0 0 98 2 0
947 0 0 1227488 107472 1460 47540 44 0 0 264 625 0 0 98 1 0
948 0 0 1227416 107472 1460 47584 140 0 0 279 650 0 0 99 1 0
949 0 0 1227356 108540 1468 46772 48 0 12 275 643 0 0 99 1 0
950 0 0 1227300 107432 1468 47640 84 0 0 279 664 0 0 99 1 0
951 0 0 1227216 107892 1468 46668 64 0 0 259 638 0 0 99 1 0
952 0 0 1227160 106700 1468 47764 68 0 0 267 635 0 0 99 1 0
953 0 0 1227096 107652 1468 46884 48 0 0 247 612 0 0 99 1 0
954 0 0 1227000 106616 1476 47836 132 0 12 288 689 0 0 99 1 0
955 0 0 1226920 107772 1476 46796 76 0 0 264 694 0 0 98 2 0
956 0 0 1226848 106580 1476 47840 132 0 0 297 694 0 0 99 1 0
957 0 0 1226768 107368 1476 46772 72 0 0 298 754 0 0 99 1 0
958 0 0 1226708 106904 1476 47784 88 0 0 272 640 0 0 99 1 0
959 0 1 1226656 107416 1484 46912 56 0 112 265 627 0 0 99 0 0
960 0 0 1226532 106912 1484 46832 32 0 0 247 629 0 0 100 0 0
961 0 0 1226476 105920 1484 47868 72 0 0 263 644 0 0 99 1 0
962 0 0 1226412 106988 1484 46788 64 0 0 268 649 0 0 100 0 0
963 0 0 1226332 105880 1500 47808 108 0 132 318 704 0 0 98 2 0
964 0 0 1226276 106968 1500 46808 56 0 0 262 633 0 0 99 1 0
965 0 0 1226208 105616 1500 47904 92 0 0 287 660 0 0 99 1 0
966 0 0 1226148 106620 1500 46816 64 0 0 245 602 0 0 99 0 0
967 0 0 1226088 105412 1500 47940 96 0 0 278 647 0 0 99 1 0
968 0 0 1226012 106364 1512 46856 48 0 52 283 662 0 0 99 1 0
969 0 0 1225952 105972 1512 47940 96 0 0 256 629 0 0 99 1 0
970 0 0 1225896 106480 1512 47064 40 0 0 263 631 0 0 100 0 0
971 0 0 1225836 105696 1512 48040 64 0 0 279 644 0 0 99 1 0
972 0 0 1225780 106248 1512 47056 64 0 0 242 588 0 0 99 0 0
973 0 0 1225716 104824 1520 48168 96 0 12 314 675 0 0 97 3 0
974 0 0 1225644 105712 1520 47164 68 0 0 283 655 0 0 99 1 0
975 0 0 1225576 103492 1520 49584 64 0 0 379 816 0 0 96 4 0
976 0 0 1225512 104288 1520 48500 64 0 0 270 622 0 0 100 0 0
977 0 0 1225444 103276 1520 49588 84 0 0 304 680 0 0 99 1 0
978 0 0 1225384 104228 1528 48500 44 0 16 270 640 0 0 99 1 0
979 0 0 1225328 103636 1528 49804 88 0 0 285 655 0 0 99 1 0
980 0 0 1225184 103212 1528 49616 80 0 0 287 650 0 0 98 2 0
981 0 0 1225128 103952 1528 48528 40 0 0 273 633 0 0 99 1 0
982 0 0 1225060 102624 1536 49740 64 0 12 298 679 0 0 99 1 0
983 0 0 1224996 103680 1536 48724 48 0 0 268 644 0 0 99 1 0
984 0 0 1224940 102332 1536 49752 64 0 0 327 727 0 0 99 1 0
985 0 0 1224868 103236 1536 48676 52 0 0 332 787 0 1 98 1 0
986 0 0 1224812 102124 1536 49760 84 0 0 289 644 0 0 99 1 0
987 0 0 1224756 103248 1544 48728 40 0 12 301 669 0 0 99 0 0
988 0 0 1224692 102244 1544 49700 80 0 0 295 681 0 0 98 1 0
989 0 0 1225156 119456 1148 38684 48 528 528 347 761 0 1 98 1 0
990 0 0 1225096 118372 1148 39684 76 0 0 285 649 0 1 99 1 0
991 0 0 1225028 119292 1148 38608 64 0 0 271 651 0 0 99 1 0
992 0 0 1224972 118328 1156 39712 80 0 224 315 667 0 0 98 1 0
993 0 0 1224912 119428 1156 38652 84 0 0 342 733 1 0 97 2 0
994 0 0 1224836 118344 1156 39780 64 0 0 302 673 0 0 99 1 0
995 0 0 1224776 119296 1156 38884 64 0 0 280 640 0 0 99 0 0
996 0 2 1224516 117620 1156 39736 504 0 0 477 850 0 0 90 9 0
997 0 0 1224308 118316 1164 38828 472 0 48 503 907 0 0 83 16 0
998 0 0 1224252 117676 1164 39840 60 0 0 296 661 0 0 98 1 0
999 0 0 1224196 118116 1164 38880 64 0 0 296 665 0 0 100 0 0
1000 0 0 1224080 118096 1164 38888 68 0 0 280 644 0 0 99 1 0
1001 0 0 1224016 116904 1172 40004 64 0 12 296 661 0 0 95 5 0
1002 0 0 1223948 117972 1172 38892 92 0 0 305 680 0 0 97 3 0
1003 0 1 1223896 116832 1172 39992 56 0 0 295 679 0 0 93 6 0
1004 0 0 1223832 117720 1172 38888 88 0 0 286 641 0 0 95 5 0
1005 0 0 1223760 116708 1172 40004 80 0 0 291 666 0 0 96 4 0
1006 0 0 1223700 117536 1180 38888 68 0 12 306 665 1 0 97 2 0
1007 0 0 1223640 117096 1180 39924 32 0 0 279 647 0 0 96 4 0
1008 0 0 1223564 118040 1180 39000 100 0 0 294 663 0 0 98 2 0
1009 0 0 1223504 117068 1180 39984 48 0 0 277 650 0 0 99 1 0
1010 0 0 1223444 117384 1180 38940 80 0 0 267 624 0 0 99 1 0
1011 0 0 1223372 116140 1188 40048 76 0 12 306 681 0 0 98 2 0
1012 0 0 1223316 117144 1188 38936 80 0 0 271 638 0 0 99 1 0
1013 0 0 1223252 116064 1188 40044 44 0 0 281 646 0 0 99 1 0
1014 0 0 1223180 116680 1188 38952 64 0 0 380 883 1 0 96 3 0
1015 0 0 1223100 115476 1188 40212 92 0 0 294 680 0 0 98 1 0
1016 0 0 1223016 116544 1196 39100 84 0 12 309 674 0 0 99 1 0
1017 0 0 1222944 116104 1196 40104 92 0 0 303 691 0 0 98 1 0
1018 0 0 1222880 117172 1196 38992 88 0 0 275 640 0 0 99 1 0
1019 0 0 1222816 116044 1196 39944 48 0 0 292 659 0 0 100 0 0
1020 0 0 1222700 115140 1204 40260 36 0 72 301 657 0 0 99 1 0
1021 0 0 1222644 116192 1204 39024 64 0 0 286 658 0 0 100 0 0
1022 0 0 1222564 115144 1204 40124 80 0 0 307 683 0 0 98 2 0
1023 0 0 1222504 116132 1204 39016 80 0 0 274 624 0 0 99 0 0
1024 0 0 1222440 114928 1204 40100 84 0 0 292 653 0 0 99 1 0
1025 0 0 1222368 115756 1212 39008 64 0 108 309 681 0 0 99 0 0
1026 0 0 1222312 114776 1212 40136 40 0 0 281 660 0 0 99 1 0
1027 0 0 1222252 115664 1212 39012 84 0 0 290 656 0 0 100 0 0
1028 0 0 1222184 115428 1212 40260 52 0 0 289 661 0 0 99 1 0
1029 0 0 1222124 116084 1212 39132 76 0 0 280 635 0 0 99 0 0
1030 0 0 1222020 115340 1224 40204 108 0 48 331 699 0 0 98 2 0
1031 0 0 1221952 115488 1224 39168 68 0 0 296 675 0 0 99 1 0
1032 0 0 1221892 114204 1224 40236 84 0 0 298 658 0 0 99 1 0
1033 0 0 1221840 115240 1224 39156 40 0 0 267 628 0 0 100 0 0
1034 0 0 1221772 114112 1224 40356 36 0 0 287 685 0 0 98 1 0
1035 0 0 1221708 115108 1232 39352 80 0 12 298 668 0 0 99 0 0
1036 0 0 1221652 114044 1232 40484 32 0 0 292 663 0 0 99 1 0
1037 0 0 1221568 114896 1232 39452 128 0 0 314 697 0 0 99 1 0
1038 0 0 1221508 113804 1232 40532 72 0 0 292 655 0 0 99 1 0
1039 0 0 1221452 114516 1232 39288 64 0 0 356 776 0 0 99 0 0
1040 0 1 1221332 115044 1240 39380 60 0 0 277 639 0 0 99 0 0
1041 0 0 1221280 113800 1240 40460 64 0 0 321 726 0 0 99 0 0
1042 0 0 1221204 114144 1240 39500 36 0 0 333 785 0 0 99 1 0
1043 0 0 1221140 113060 1240 40452 96 0 0 291 639 0 0 99 1 0
1044 0 0 1221084 113876 1248 39448 32 0 12 285 650 0 0 99 1 0
1045 0 0 1221020 112968 1248 40532 64 0 0 288 664 0 0 99 1 0
1046 0 0 1220956 113508 1248 39480 56 0 0 338 731 0 1 98 1 0
1047 0 0 1220896 112528 1248 40616 96 0 0 302 652 0 0 99 1 0
1048 0 0 1220832 113184 1248 39560 36 0 0 287 654 0 0 99 0 0
1049 0 0 1220772 112096 1256 40652 72 0 88 314 683 0 0 98 1 0
1050 0 0 1220716 113196 1256 39504 108 0 0 309 719 0 0 98 2 0
1051 0 0 1220648 111312 1256 40616 104 0 0 338 740 0 1 97 2 0
1052 0 0 1220592 112380 1256 39504 68 0 0 313 713 0 0 97 2 0
1053 0 0 1220532 111164 1256 40612 92 0 0 307 684 0 0 97 3 0
1054 0 0 1220468 112220 1264 39652 96 0 20 329 728 0 0 97 3 0
1055 0 0 1220408 111480 1264 40648 64 0 0 303 681 0 0 98 2 0
1056 0 0 1220352 112556 1264 39684 68 0 0 301 673 0 0 99 1 0
1057 0 0 1220280 111304 1264 40664 88 0 0 327 708 0 0 98 2 0
1058 0 0 1220220 111180 1264 40572 64 0 0 293 675 0 0 97 3 0
1059 0 0 1220164 111956 1272 39552 52 0 112 301 691 0 0 98 2 0
1060 0 0 1220036 111472 1272 39680 64 0 0 310 670 0 0 98 1 0
1061 1 0 1219976 110852 1272 40688 84 0 0 303 666 0 0 93 7 0
1062 0 0 1219904 112100 1272 39684 72 0 0 319 738 0 0 93 6 0
1063 0 0 1219848 110976 1280 40636 68 0 40 321 704 0 0 93 7 0
1064 0 0 1219784 111336 1280 39744 84 0 0 309 710 0 0 90 10 0
1065 1 0 1219712 110336 1280 40708 72 0 0 328 715 1 0 90 10 0
1066 1 0 1219652 111360 1280 39696 56 0 0 298 679 0 0 94 6 0
1067 0 1 1219616 110084 1280 40716 40 0 0 295 669 0 0 89 11 0
1068 0 0 1219524 111108 1288 39696 76 0 12 335 748 0 0 84 16 0
1069 0 0 1219468 109900 1288 40712 64 0 0 306 666 1 0 94 6 0
1070 0 0 1219412 110660 1288 39684 60 0 0 310 717 0 0 99 1 0
1071 0 0 1219352 110252 1288 40712 84 0 0 371 828 0 0 98 2 0
1072 0 0 1219292 111224 1288 39624 52 0 0 291 675 0 0 98 2 0
1073 0 0 1219236 109964 1296 40688 76 0 12 313 692 0 0 98 2 0
1074 0 0 1219164 110288 1296 39684 84 0 0 317 748 1 0 97 2 0
1075 0 0 1219104 109248 1296 40852 84 0 0 319 711 0 0 97 3 0
1076 0 0 1219016 110136 1296 39956 108 0 0 326 738 0 0 98 2 0
1077 0 0 1218912 109080 1296 40876 152 0 0 346 767 0 0 97 3 0
1078 0 0 1218840 110212 1308 39800 108 0 104 334 729 0 0 98 2 0
1079 0 0 1218768 109020 1308 40900 72 0 0 349 764 0 0 97 3 0
1080 0 0 1218648 113204 1308 40860 88 0 0 315 658 0 0 98 2 0
1081 0 0 1218592 113508 1308 39836 72 0 0 300 678 0 0 97 2 0
1082 1 0 1218524 112276 1316 40864 96 0 20 362 737 0 0 97 2 0
1083 1 0 1218464 113228 1316 39972 76 0 0 294 672 0 0 98 2 0
1084 2 0 1218408 112116 1316 40848 60 0 0 326 703 0 0 98 2 0
1085 1 0 1218340 113136 1316 39956 140 0 0 312 701 0 0 97 3 0
1086 1 0 1218284 111964 1316 40856 68 0 0 324 674 0 0 97 3 0
1087 0 0 1218220 112832 1324 39876 64 0 16 336 752 0 0 98 2 0
1088 0 0 1218156 111680 1324 40968 84 0 0 345 737 0 0 97 3 0
1089 0 0 1218096 112680 1324 39876 72 0 0 321 689 0 0 99 1 0
1090 0 0 1218036 112092 1324 41020 96 0 0 347 715 0 0 98 2 0
1091 0 1 1217884 112732 1332 40104 184 0 12 383 786 0 0 95 5 0
1092 0 0 1217700 111412 1332 41020 204 0 100 459 872 1 0 93 6 0
1093 0 0 1217644 111772 1332 40020 76 0 0 339 730 0 0 98 1 0
1094 0 0 1217564 110848 1332 41040 104 0 0 349 727 0 0 98 2 0
1095 0 0 1217496 111620 1332 40112 124 0 0 325 695 0 0 98 2 0
1096 0 0 1217436 110532 1340 40952 88 0 40 345 724 1 0 98 2 0
1097 0 0 1217360 111564 1340 40032 108 0 0 357 740 0 0 97 3 0
1098 0 0 1217304 110448 1340 41060 76 0 0 321 677 0 0 98 1 0
1099 0 0 1217252 111136 1340 40152 80 0 0 345 737 0 0 99 1 0
1100 0 0 1217120 110840 1348 40132 84 0 12 315 692 0 0 98 2 0
1101 0 0 1217064 109640 1348 41004 60 0 0 359 767 0 0 98 2 0
1102 0 0 1217000 110344 1348 40080 72 0 0 329 715 0 0 97 2 0
1103 0 0 1216940 108588 1348 41064 72 0 0 401 808 0 1 97 3 0
1104 0 0 1216880 109752 1348 40040 80 0 0 331 702 0 0 92 8 0
1105 0 0 1216808 108252 1356 41152 72 0 40 352 766 0 0 86 14 0
1106 0 2 1216736 109288 1436 40244 64 0 48 434 836 1 0 63 36 0
1107 1 0 1216680 108120 1624 41888 68 0 0 661 842 17 0 58 25 0
1108 1 0 1216604 109048 1624 40848 84 0 0 490 536 9 0 87 5 0
1109 1 0 1216548 107724 1624 41936 52 0 0 477 512 16 0 75 8 0
1110 1 0 1216488 120100 1632 29148 76 0 80 570 624 19 1 78 3 0
1111 1 0 1216412 118908 1632 30020 92 0 0 490 547 9 0 90 1 0
1112 1 0 1216352 119796 1632 28940 64 0 0 554 587 23 0 76 1 0
1113 1 0 1216292 118584 1632 30036 64 0 0 471 527 7 0 84 8 0
1114 1 0 1216100 119388 1632 28984 172 0 0 463 588 11 0 83 6 0
1115 0 0 1216024 117952 1640 30344 68 0 16 1122 1274 49 1 45 6 0
1116 0 0 1215968 119100 1640 29424 56 0 0 329 718 0 1 97 3 0
1117 0 0 1215900 118112 1640 30308 72 0 0 336 715 0 0 97 3 0
1118 0 0 1215844 118924 1640 29432 68 0 0 305 681 0 0 98 2 0
1119 0 0 1215776 118512 1640 30320 80 0 0 314 708 0 0 97 3 0
1120 0 0 1215648 117512 1648 30512 60 0 0 314 704 0 0 97 3 0
1121 0 0 1215588 118524 1648 29584 56 0 0 313 714 0 0 98 2 0
1122 0 0 1215508 117444 1648 30456 96 0 0 336 733 0 0 95 4 0
1123 0 0 1215448 118496 1648 29572 64 0 0 297 702 0 0 96 3 0
1124 0 1 1215396 117248 1656 30528 56 0 12 295 666 0 0 96 4 0
1125 0 1 1215320 118284 1812 29480 104 0 144 371 745 1 0 96 3 0
1126 2 1 1215120 114256 4108 30576 200 0 0 773 1258 0 1 64 35 0
1127 1 1 1215060 112136 6932 29528 68 0 0 716 1047 1 1 71 28 0
1128 0 2 1215008 109260 7704 30520 56 0 0 544 991 0 1 58 41 0
1129 0 4 1214936 107840 8284 29340 68 0 32 498 972 0 1 59 41 0
1130 0 2 1214884 105800 8396 30548 72 0 4 432 862 0 1 56 42 0
1131 0 1 1214816 105460 8600 29432 76 0 0 392 837 1 0 62 38 0
1132 0 2 1214768 103520 8784 30640 52 0 0 386 789 1 0 58 42 0
1133 0 1 1243624 129900 8820 21560 76 28928 28928 640 1049 0 3 57 40 0
1134 0 2 1243560 128336 9248 22216 76 0 12 455 861 0 1 73 26 0
1135 0 1 1243500 127120 9488 21328 72 0 64 424 907 0 1 75 24 0
1136 0 2 1243432 125612 9700 22208 76 0 0 468 1056 0 0 70 30 0
1137 0 1 1243340 125952 9808 21304 112 0 0 407 918 0 1 61 38 0
1138 0 1 1243256 124980 9932 22052 92 0 0 425 972 0 1 67 32 0
1139 0 1 1243184 125984 10064 21284 96 0 36 397 941 0 1 64 36 0
1140 0 1 1242736 117884 13468 22220 416 0 0 1009 1454 1 1 74 24 0
1141 0 1 1242152 117752 13468 22164 740 0 0 534 1100 0 1 75 24 0
1142 0 1 1241452 117508 13468 21344 884 0 0 532 1111 0 0 75 24 0
1143 0 0 1240840 116840 13476 21308 664 0 16 576 1034 0 0 83 17 0
1144 0 0 1240780 115688 13476 22380 68 0 0 304 696 0 0 97 3 0
1145 0 0 1240708 115884 13476 21476 100 0 0 324 749 0 0 97 3 0
1146 0 0 1240648 114096 13476 22372 72 0 0 320 718 0 0 97 2 0
1147 0 0 1240588 114712 13476 21456 88 0 0 319 704 0 0 97 2 0
1148 0 0 1240520 114508 13484 22384 64 0 12 346 760 1 0 96 3 0
1149 0 0 1240464 115068 13484 21348 68 0 0 313 684 0 0 99 1 0
1150 0 0 1240400 113564 13484 22436 84 0 0 340 732 0 0 97 2 0
1151 0 0 1240324 114568 13484 21368 76 0 0 339 740 0 0 97 3 0
1152 0 0 1240268 113376 13484 22456 72 0 0 310 691 0 0 98 2 0
1153 0 0 1240204 114508 13492 21368 68 0 12 321 711 0 0 98 2 0
1154 0 0 1240132 113268 13492 22596 64 0 0 413 895 1 0 96 3 0
1155 0 0 1240072 114292 13492 21556 92 0 0 305 664 0 0 98 2 0
1156 0 0 1239968 113680 13496 22632 128 0 0 341 730 0 0 96 4 0
1157 0 0 1239900 113688 13496 21756 64 0 0 413 926 0 1 96 4 0
1158 0 0 1239844 113188 13504 22836 96 0 16 349 709 1 0 96 4 0
1159 0 0 1239788 113568 13504 21836 64 0 76 350 751 1 0 97 2 0
1160 0 0 1239620 110764 13504 24116 80 0 0 491 985 0 1 91 8 0
1161 0 0 1239568 109540 13504 25524 56 0 0 338 706 0 0 97 3 0
1162 0 0 1239500 110412 13512 24404 104 0 72 313 701 0 0 99 1 0
1163 0 0 1239440 110084 13512 25540 68 0 56 328 687 0 0 99 1 0
1164 0 1 1239280 110224 13520 25600 248 0 0 613 1118 2 1 81 17 0
1165 5 1 1239096 107956 13532 27624 364 0 0 1008 1457 22 1 56 21 0
1166 4 0 1239028 108612 13532 26860 72 0 0 1324 786 99 0 1 0 0
1167 4 0 1238968 107744 13540 27848 80 0 64 1336 728 99 1 0 0 0
1168 4 0 1238900 108592 13540 26848 92 0 0 1363 844 97 0 3 0 0
1169 4 0 1238836 106996 13540 28068 56 0 0 1351 739 99 1 0 0 0
1170 4 0 1238768 107816 13540 27120 100 0 0 1399 818 97 1 2 0 0
1171 3 1 1238692 106288 13572 28632 164 0 0 1328 871 89 0 0 11 0
1172 4 0 1238620 105984 13588 27968 136 0 84 1385 987 92 0 3 4 0
1173 4 0 1238556 105340 13588 28984 68 0 0 1319 777 98 0 1 0 0
1174 4 0 1238492 105796 13600 27988 76 0 0 1303 806 98 1 0 1 0
1175 4 0 1238432 105268 13600 29076 60 0 0 1304 799 97 0 3 0 0
1176 4 0 1238376 105568 13624 28172 72 0 0 1300 831 93 1 0 5 0
1177 4 0 1238312 104736 13632 29112 56 0 124 1355 770 98 1 1 0 0
1178 4 1 1238248 105216 13644 28040 84 0 320 1337 809 98 0 1 0 0
1179 4 0 1238184 104456 13644 29156 56 0 8 1287 717 100 0 0 0 0
1180 4 0 1238056 104452 13644 29056 64 0 0 1282 704 100 0 0 0 0
1181 3 0 1237720 105096 13652 28160 64 0 112 1123 737 77 0 23 1 0
1182 3 0 1237652 104468 13652 29168 84 0 0 1060 726 70 0 29 1 0
1183 0 0 1237584 104972 13680 28232 68 0 72 812 804 35 0 63 1 0
1184 0 0 1237528 103444 13680 29508 56 0 0 308 715 0 0 98 1 0
1185 0 0 1237460 103944 13680 28368 60 0 0 337 806 0 0 98 1 0
1186 0 0 1237392 103360 13688 29388 92 0 144 279 655 0 0 99 1 0
1187 0 0 1237336 104084 13688 28464 52 0 0 272 649 0 0 100 0 0
1188 0 0 1237268 103120 13688 29348 64 0 0 271 659 0 1 98 1 0
1189 0 0 1237212 103752 13688 28236 60 0 0 250 611 0 0 99 0 0
1190 0 0 1237156 103028 13688 29304 96 0 0 247 616 0 0 99 1 0
1191 0 0 1237076 103660 13700 28328 72 0 48 274 676 0 0 99 1 0
1192 0 0 1237016 102808 13700 29304 64 0 0 246 603 0 0 99 1 0
1193 0 0 1236944 103476 13704 28316 56 0 308 271 648 0 0 98 2 0
1194 0 0 1236884 102976 13704 29344 48 0 0 260 642 0 0 98 1 0
1195 0 0 1236828 103368 13704 28464 64 0 0 254 624 0 0 99 1 0
1196 0 0 1236768 102656 13712 29452 48 0 100 256 619 0 0 99 1 0
1197 0 0 1236692 103404 13712 28332 116 0 0 270 642 1 0 99 0 0
1198 0 0 1236608 102512 13712 29412 108 0 0 274 657 0 0 99 1 0
1199 0 0 1236528 103256 13712 28332 64 0 0 240 619 0 0 99 0 0
1200 0 1 1236044 102080 13720 29532 508 0 12 475 860 0 0 90 10 0
1201 0 0 1235872 102092 13720 29456 168 0 0 348 752 0 0 95 4 0
1202 0 0 1235796 102968 13720 28504 112 0 0 265 645 0 0 99 0 0
1203 0 0 1235740 102380 13720 29556 56 0 0 247 600 0 0 99 1 0
1204 0 0 1235684 102864 13720 28600 64 0 0 245 608 0 0 100 0 0
1205 0 0 1236804 126688 11936 24312 32 1188 1204 267 649 0 1 98 1 0
1206 0 0 1236744 127868 11936 23412 64 0 0 232 591 0 0 99 1 0
1207 0 0 1236672 127224 11936 24452 80 0 0 248 641 0 0 100 0 0
1208 0 1 1236592 128008 11944 23656 180 0 0 450 955 1 0 91 8 0
1209 2 1 1248156 118628 8400 19256 576 11892 11892 4985 2998 12 5 56 27 0
1210 4 1 1248060 118848 8428 18784 156 0 84 970 1435 6 0 88 7 0
1211 4 0 1247908 116484 8432 19880 188 0 0 1381 915 95 1 2 3 0
1212 3 1 1245788 115184 8464 19216 2300 0 0 1904 1589 87 1 3 9 0
1213 3 0 1240824 109808 8464 20456 5140 0 0 16459 1604 79 2 11 7 0
1214 0 0 1240756 110284 8524 19796 88 0 0 722 986 28 0 67 4 0
1215 0 0 1240688 109128 8532 20780 80 0 192 308 646 0 1 99 1 0
1216 0 0 1240628 110124 8532 19888 64 0 0 291 672 0 0 99 1 0
1217 0 0 1240560 109140 8540 20660 48 0 500 318 672 0 0 92 8 0
1218 0 1 1240496 108924 8548 19892 192 0 0 316 744 0 0 83 17 0
1219 0 0 1240428 107112 8552 21156 92 0 0 366 894 0 1 84 15 0
1220 0 0 1240300 106844 8560 21032 60 0 0 283 652 0 0 96 3 0
1221 0 0 1240232 107880 8560 20208 92 0 20 275 652 0 0 98 2 0
1222 0 0 1240168 106876 8560 21260 44 0 0 257 637 0 0 98 2 0
1223 0 0 1240108 106876 8560 21320 80 0 0 240 608 0 0 99 0 0
1224 0 0 1240044 107912 8568 20164 48 0 52 248 630 0 0 99 1 0
1225 0 0 1239972 106920 8568 21192 68 0 0 281 653 0 0 98 1 0
1226 0 0 1239916 107692 8568 20072 72 0 0 249 635 0 0 99 0 0
1227 4 0 1239756 106700 8616 21212 216 0 0 1783 1827 37 1 60 2 0
1228 4 0 1249928 125264 4516 15496 7612 17852 17868 14599 2074 79 4 2 15 0
1229 3 0 1249164 123048 4548 16692 752 0 204 1413 986 90 0 7 2 0
1230 0 0 1249104 123600 4552 15780 72 0 0 463 698 16 0 84 0 0
1231 0 0 1249032 122268 4552 16892 48 0 0 239 627 0 0 99 1 0
1232 0 0 1248956 123168 4552 15876 100 0 0 258 630 0 0 99 1 0
1233 1 0 1248892 122008 4552 16984 76 0 0 247 617 0 0 98 1 0
1234 0 0 1248828 123076 4560 15856 80 0 104 286 652 0 0 99 1 0
1235 0 0 1248768 121948 4560 16992 32 0 0 298 657 0 0 99 0 0
1236 0 0 1248704 122916 4560 15992 92 0 0 290 652 1 0 99 1 0
1237 0 0 1248636 121468 4560 17016 44 0 0 296 687 0 0 99 1 0
1238 0 0 1248580 122508 4560 15996 76 0 0 284 655 0 1 99 0 0
1239 0 0 1248524 121860 4568 17040 32 0 12 272 641 0 0 99 1 0
1240 0 0 1248396 121304 4568 17000 108 0 0 278 645 0 0 99 1 0
1241 3 1 1248336 121456 4568 16132 48 0 0 306 714 0 0 99 0 0
1242 0 0 1248268 120504 4568 17220 92 0 0 309 741 0 1 97 3 0
1243 0 0 1248212 121548 4576 16120 64 0 12 256 620 0 0 99 1 0
1244 3 2 1247760 120184 4608 17188 416 0 0 1655 1885 12 2 83 3 0
1245 4 0 1246228 119728 4612 16220 1456 0 52 1674 1136 89 0 3 8 0
1246 4 0 1246108 119296 4648 17284 120 0 0 1441 1036 96 1 1 1 0
1247 2 0 1244316 118548 4652 16304 1900 0 0 1559 1172 69 1 19 11 0
1248 0 0 1244204 116968 4660 17420 96 0 240 439 786 5 1 92 2 0
1249 0 0 1244148 117960 4660 16428 36 0 0 294 656 0 0 99 0 0
1250 1 0 1244076 116908 4664 17416 96 0 412 314 707 1 0 99 1 0
1251 0 0 1243992 117900 4664 16400 112 0 0 314 711 0 0 98 2 0
1252 0 0 1243936 116868 4664 17296 68 0 0 310 675 0 0 99 0 0
1253 0 0 1243852 117840 4672 16380 84 0 40 298 677 0 0 99 1 0
1254 0 0 1243784 116744 4672 17380 80 0 0 312 707 0 0 99 1 0
1255 0 0 1243724 117960 4672 16416 56 0 0 278 652 0 0 100 0 0
1256 0 0 1243668 116600 4672 17420 80 0 0 323 694 0 0 99 1 0
1257 0 0 1243604 117528 4672 16416 32 0 0 273 671 0 0 100 0 0
1258 0 0 1243536 116784 4680 17508 76 0 12 301 659 0 0 99 1 0
1259 0 0 1243456 117440 4680 16448 64 0 0 284 663 0 0 100 0 0
1260 0 1 1243300 114912 4692 17964 92 0 0 1275 1651 7 1 89 4 0
1261 0 0 1243228 114156 4692 19120 84 0 0 317 679 1 0 98 1 0
1262 1 0 1243152 115148 4700 18136 48 0 152 326 702 0 0 99 1 0
1263 4 0 1243060 113888 4728 18952 120 0 0 1433 1194 83 1 12 5 0
1264 4 0 1242912 114824 4732 18160 120 0 0 1394 1035 98 1 1 0 0
1265 0 0 1242248 113828 4732 19308 572 0 0 1171 1181 46 0 46 7 0
1266 0 0 1242192 114232 4732 18308 48 0 0 302 656 0 0 99 0 0
1267 0 0 1242136 112948 4740 19332 40 0 296 345 662 0 0 99 1 0
1268 0 0 1242072 114048 4740 18252 64 0 0 300 688 0 0 99 0 0
1269 0 0 1242004 111988 4740 20028 52 0 0 399 855 1 0 98 1 0
1270 0 0 1241944 112216 4740 19020 64 0 0 402 874 0 1 98 1 0
1271 0 0 1241876 111412 4740 20120 72 0 0 313 702 0 0 98 1 0
1272 0 0 1241816 112464 4748 19004 96 0 12 310 678 0 0 100 0 0
1273 0 0 1241760 111812 4748 20044 44 0 0 332 677 0 0 99 0 0
1274 0 0 1241684 112224 4748 19168 64 0 52 293 680 0 0 100 0 0
1275 0 0 1241620 108880 4892 21424 104 0 0 499 1020 0 1 88 11 0
1276 0 0 1241548 109840 4892 20344 84 0 0 296 677 0 0 99 1 0
1277 0 0 1241488 108868 4900 21496 64 0 44 288 671 0 0 99 0 0
1278 0 0 1241428 109756 4900 20608 60 0 0 291 654 0 0 99 0 0
1279 0 0 1241324 109044 4904 21472 96 0 176 315 669 0 0 88 12 0
1280 6 0 1241060 108348 4920 21756 152 0 0 1317 945 88 1 9 3 0
1281 4 0 1240932 109272 4936 20872 120 0 232 1345 920 94 0 3 3 0
1282 0 0 1240864 108260 4940 21992 88 0 0 819 847 38 0 54 7 0
1283 0 0 1240808 109200 4940 20960 32 0 336 282 635 0 0 99 1 0
1284 0 0 1240752 108336 4940 21972 80 0 0 318 677 0 0 94 5 0
1285 0 0 1240684 108872 4940 20972 40 0 0 288 686 0 0 98 2 0
1286 0 0 1240628 108500 4948 21864 44 0 132 309 660 0 0 96 4 0
1287 0 0 1240572 108828 4948 21108 64 0 0 301 664 0 0 97 3 0
1288 0 0 1240500 107984 4948 21936 128 0 0 329 703 0 0 98 2 0
1289 0 0 1240444 108956 4948 21120 32 0 0 295 662 0 0 100 0 0
1290 0 0 1240376 107784 4948 22196 80 0 0 313 683 0 0 98 1 0
1291 0 0 1240304 108184 4956 20988 72 0 16 312 704 0 0 99 1 0
1292 0 0 1240248 107672 4956 22068 76 0 0 314 671 0 0 98 2 0
1293 0 0 1240180 108612 4956 21244 48 0 108 292 673 0 0 99 0 0
1294 0 0 1240112 107540 4956 22312 92 0 0 314 698 0 0 99 1 0
1295 0 1 1240056 107712 4956 21272 36 0 0 303 701 0 0 99 1 0
1296 4 0 1239508 107096 4964 21912 528 0 240 2044 1704 78 1 16 5 0
1297 4 0 1239332 107276 4964 21004 180 0 0 1375 1088 94 1 3 2 0
1298 0 0 1239272 107024 4964 22072 68 0 0 988 799 60 0 39 0 0
1299 0 0 1239216 107272 4964 21284 36 0 0 377 829 1 1 98 1 0
1300 1 0 1239088 106456 4972 21132 68 0 180 308 671 0 0 99 1 0
1301 0 0 1239032 105876 4972 22140 64 0 0 325 679 0 0 99 1 0
1302 0 0 1238956 106464 4972 21152 32 0 52 292 672 0 0 99 0 0
1303 0 0 1238900 105712 4972 22128 68 0 0 307 665 0 0 99 1 0
1304 0 0 1238840 106380 4972 21260 68 0 0 304 662 0 0 99 1 0
1305 0 0 1238764 105208 5000 22108 108 0 56 307 707 0 0 97 2 0
1306 0 0 1238708 106204 5000 21180 52 0 0 265 627 0 0 99 1 0
1307 0 0 1238648 105424 5000 22168 64 0 8 287 646 0 0 99 1 0
1308 0 0 1238572 105868 5000 21268 84 0 0 287 645 0 0 99 1 0
1309 0 0 1238516 105396 5000 22276 84 0 0 293 642 0 0 99 1 0
1310 0 0 1238456 105844 5008 21384 64 0 12 267 625 0 0 99 0 0
1311 0 0 1238360 105056 5008 22396 112 0 0 965 1487 5 1 93 2 0
1312 0 0 1238300 105648 5008 21320 32 0 176 270 625 0 0 99 0 0
1313 4 0 1238220 105432 5008 22436 76 0 0 1120 1086 33 0 65 1 0
1314 4 0 1238148 105836 5008 21444 64 0 0 1344 974 97 1 2 0 0
1315 2 0 1238088 104876 5020 22540 64 0 204 1274 902 88 1 11 0 0
1316 0 0 1238016 105268 5020 21476 92 0 0 510 782 13 0 86 1 0
1317 0 0 1237944 104684 5020 22612 48 0 328 355 697 0 1 98 1 0
1318 0 0 1237888 105100 5020 21644 68 0 0 317 664 0 0 99 1 0
1319 0 0 1237816 104328 5020 22732 40 0 0 336 711 0 1 99 1 0
1320 0 0 1237640 104436 5028 22608 60 0 0 347 713 0 1 98 1 0
1321 0 0 1237576 105016 5028 21500 92 0 0 311 682 0 0 99 1 0
1322 0 0 1237504 104032 5028 22604 72 0 0 329 692 0 0 99 0 0
1323 0 0 1237436 104372 5028 21744 68 0 0 298 684 0 0 99 1 0
1324 0 0 1237380 103724 5036 22628 52 0 12 313 669 0 0 98 1 0
1325 0 0 1237312 104472 5036 21684 72 0 0 299 679 0 1 99 1 0
1326 0 0 1237248 104076 5036 22688 64 0 172 317 667 0 1 98 1 0
1327 0 0 1237196 104100 5036 21704 20 0 0 368 811 0 1 98 1 0
1328 0 0 1237128 102824 5036 22656 68 0 0 306 671 0 0 99 1 0
1329 5 0 1236992 103700 5044 21532 136 0 236 2045 1708 80 1 17 2 1
1330 4 0 1236908 103076 5048 22752 92 0 0 1455 1133 96 1 3 0 0
1331 0 0 1236812 103288 5048 21608 92 0 52 1090 971 61 1 36 1 1
1332 0 0 1236752 102460 5048 22832 64 0 0 335 716 0 0 99 1 0
1333 0 0 1236696 102492 5048 22732 56 0 0 303 665 0 0 100 0 0
1334 0 0 1236624 103264 5048 21660 100 0 0 308 681 0 1 98 1 0
1335 0 0 1236564 103088 5056 22712 76 0 220 343 715 0 0 98 2 0
1336 0 0 1236488 104128 5056 21656 88 0 0 318 686 0 0 98 1 0
1337 0 0 1236420 103492 5056 22744 80 0 0 320 700 0 0 99 1 0
1338 0 0 1236360 104100 5056 21680 48 0 0 321 683 0 0 100 0 0
1339 0 0 1236300 102880 5056 22888 128 0 0 334 669 0 0 98 1 0
1340 0 0 1236180 102904 5064 22812 68 0 0 300 657 0 0 99 1 0
1341 0 0 1236120 103680 5064 21804 48 0 0 307 663 0 0 99 0 0
1342 0 0 1236048 102532 5064 22944 68 0 0 306 667 0 0 99 1 0
1343 0 0 1235992 103620 5064 21808 44 0 0 280 634 0 1 99 0 0
1344 0 0 1235932 102624 5072 22824 72 0 12 303 684 0 0 99 1 0
1345 0 1 1235852 102748 5072 21856 48 0 176 1224 1457 6 1 92 1 0
1346 4 0 1306644 154572 2584 18168 240 70940 70940 28143 1115 73 6 16 6 0
1347 4 0 1306360 154784 2584 17232 384 0 0 731 871 30 1 52 18 0
1348 3 1 1306300 153668 2584 18296 120 0 0 1195 764 88 0 11 0 0
1349 0 0 1306244 154600 2592 17388 68 0 112 423 653 11 0 85 4 0
1350 0 2 1306152 154012 2592 18600 128 0 372 392 764 1 1 83 16 0
1351 0 3 1306008 153976 2604 17984 328 0 0 447 873 0 0 66 33 0
1352 0 2 1305704 152256 2604 18980 632 0 0 439 796 0 1 59 40 0
1353 0 2 1305532 152504 2604 18460 368 0 0 452 847 1 0 68 31 0
1354 0 4 1305432 151456 2644 19584 304 0 44 436 897 0 1 39 60 0
1355 0 4 1304904 150080 2684 19916 1184 0 0 835 1296 1 0 32 67 0
1356 0 4 1304584 147120 3260 21900 960 0 0 938 1429 0 1 46 53 0
1357 0 3 1303584 145380 3400 21948 1756 0 0 1275 1841 1 0 29 70 0
1358 1 3 1299144 2124148 3404 25384 1616 0 0 951 1495 0 4 22 74 0
1359 0 2 1050444 3704496 3424 25772 2540 0 372 1135 1562 2 4 37 57 0
1360 0 1 1049536 3707536 3424 26168 92 0 0 164 377 0 0 98 2 0
1361 0 0 1049468 3707624 3424 25296 88 0 0 178 393 0 0 99 1 0
1362 0 1 1049404 3706476 3424 26316 64 0 0 186 412 0 0 99 0 0
1363 0 0 1049332 3707496 3436 25364 64 0 80 169 396 0 0 99 1 0
1364 0 1 1049272 3706408 3436 26324 68 0 4 195 417 0 0 99 1 0
1365 0 0 1049196 3707508 3436 25216 88 0 0 181 408 0 0 100 0 0
1366 0 1 1049148 3706348 3436 26292 60 0 0 166 386 0 0 99 1 0
1367 0 0 1049080 3707416 3436 25196 80 0 0 174 387 0 0 99 1 0
1368 0 1 1049020 3706312 3444 26352 16 0 12 170 400 0 0 99 1 0
1369 0 0 1048952 3707300 3444 25252 76 0 0 170 391 0 0 99 1 0
1370 0 1 1048904 3706656 3444 26132 48 0 0 175 382 0 0 99 0 0
1371 0 0 1048832 3707036 3444 25256 64 0 0 162 396 0 0 99 1 0
1372 0 1 1048784 3706032 3444 26472 32 0 0 152 368 0 1 99 1 0
1373 0 0 1048716 3706948 3452 25372 96 0 12 193 408 0 0 100 1 0
1374 0 1 1048652 3705884 3452 26312 100 0 0 185 427 0 0 99 1 0
1375 0 0 1048584 3706952 3452 25460 44 0 0 174 379 0 0 100 0 0
1376 0 1 1048532 3705632 3452 26372 112 0 0 181 404 0 0 99 1 0
1377 0 0 1048456 3706544 3452 25292 84 0 0 190 408 0 0 99 1 0
1378 0 0 1048400 3705356 3460 26436 68 0 12 169 407 0 0 99 1 0
1379 0 0 1048332 3706392 3460 25360 48 0 0 171 393 0 0 99 0 0
1380 0 0 1048172 3706796 3460 25400 32 0 0 153 385 0 0 100 0 0
1381 0 0 1048096 3705460 3460 26436 96 0 0 177 389 0 0 99 0 0
1382 0 0 1048028 3705956 3468 25348 64 0 12 188 421 0 0 99 1 0
1383 0 0 1047960 3705052 3468 26440 84 0 380 210 423 0 0 99 1 0
1384 0 0 1047896 3705872 3468 25364 36 0 0 363 762 1 0 98 1 0
1385 0 0 1047828 3704832 3468 26456 108 0 0 201 445 0 0 99 1 0
1386 0 0 1047772 3705764 3468 25304 36 0 0 167 386 0 0 100 0 0
1387 0 0 1047716 3705796 3476 25276 80 0 36 169 379 0 0 100 0 0
1388 0 0 1047636 3703832 3476 26340 100 0 36 242 528 0 1 98 2 0
1389 0 0 1047580 3704792 3476 25276 28 0 0 167 359 0 0 99 1 0
1390 0 0 1047524 3704068 3476 26400 32 0 0 162 379 0 0 100 0 0
1391 0 0 1047460 3704956 3476 25276 80 0 0 164 383 0 0 100 0 0
1392 0 0 1047400 3703976 3484 26392 44 0 44 177 413 0 0 99 1 0
1393 0 0 1047332 3704896 3484 25280 104 0 0 178 406 0 0 99 1 0
1394 0 0 1047256 3703828 3484 26480 64 0 0 188 419 0 0 99 0 0
1395 0 0 1047200 3704864 3484 25352 72 0 0 169 394 0 0 99 1 0
1396 0 0 1047140 3703712 3484 26472 48 0 0 171 394 0 0 100 0 0
1397 0 0 1047072 3704780 3492 25360 84 0 12 182 416 0 0 99 1 0
1398 1 1 1047024 3703652 3492 26516 64 0 0 163 395 0 0 98 2 0
1399 0 0 1046960 3704564 3492 25416 68 0 0 169 384 0 0 99 1 0
1400 0 2 1046844 3704464 3500 25388 88 0 12 160 381 0 0 98 2 0
1401 0 0 1046736 3703880 3508 26520 112 0 0 189 411 0 0 93 7 0
1402 0 0 1046672 3704208 3508 25444 32 0 0 164 402 0 0 100 0 0
1403 0 0 1046616 3703156 3508 26408 64 0 0 171 386 0 0 98 2 0
1404 0 0 1046560 3704044 3508 25544 36 0 0 160 373 0 0 98 2 0
1405 0 0 1046488 3703040 3508 26644 60 0 0 172 426 0 0 94 6 0
1406 0 0 1046432 3704108 3516 25524 68 0 12 168 386 0 0 97 3 0
1407 0 1 1046384 3703572 3516 26580 64 0 0 182 405 0 0 95 5 0
1408 0 0 1046292 3704292 3516 25592 96 0 0 201 416 0 0 95 5 0
1409 0 0 1046240 3703124 3516 26856 36 0 0 172 378 0 0 95 5 0
1410 0 0 1046180 3703504 3516 25736 84 0 0 163 376 0 0 99 1 0
1411 0 0 1046108 3702712 3524 26620 64 0 12 186 429 0 1 99 1 0
1412 0 0 1046052 3703476 3524 25732 72 0 0 170 383 0 0 99 0 0
1413 0 0 1045992 3702512 3524 26636 52 0 0 273 582 0 1 98 2 0
1414 0 0 1045928 3703372 3524 25532 64 0 0 167 403 0 0 99 1 0
1415 0 0 1045864 3701960 3524 26720 64 0 0 175 393 0 0 99 1 0
1416 0 0 1045684 3702948 3532 25648 248 0 12 292 575 0 0 94 6 0
1417 0 0 1045620 3701908 3532 26836 80 0 136 191 421 0 0 98 1 0
1418 0 0 1045564 3702872 3532 25652 48 0 0 157 361 0 0 99 1 0
1419 0 1 1045164 3701468 3532 26748 548 0 0 467 824 0 0 81 18 0
1420 0 0 1044132 3701508 3548 26804 64 0 88 162 377 0 0 99 1 0
1421 0 0 1044060 3702088 3548 25828 80 0 8 179 392 0 0 99 1 0
1422 0 0 1043996 3701156 3548 26852 92 0 0 184 424 0 0 99 1 0
1423 0 0 1043936 3702192 3548 25776 52 0 0 160 364 0 0 99 1 0
1424 0 0 1043876 3700996 3548 26884 80 0 0 170 384 0 0 99 1 0
1425 0 0 1043804 3701960 3556 25668 116 0 12 178 401 0 0 99 1 0
1426 0 0 1043748 3700880 3556 26788 48 0 0 169 380 0 0 99 1 0
1427 0 0 1043684 3701844 3556 25788 80 0 0 169 362 0 0 100 1 0
1428 0 0 1043616 3700620 3556 26904 48 0 0 161 381 0 0 99 1 0
1429 0 1 1043480 3695880 5248 28424 184 0 0 871 1208 1 1 77 22 0
1430 0 1 1043432 3682996 6924 32668 32 0 16 717 1502 1 1 75 22 0
1431 1 1 1043364 3684636 7760 36304 68 0 0 743 1602 2 2 76 21 0
1432 0 0 1043304 3676392 9184 44084 52 0 0 1052 1672 2 1 78 19 0
1433 0 0 1043232 3677220 9184 43204 112 0 0 157 360 0 0 99 1 0
1434 0 0 1043164 3676128 9184 44396 60 0 0 151 390 0 0 98 2 0
1435 0 0 1043108 3677080 9192 43292 72 0 16 144 360 0 0 99 1 0
1436 0 0 1043044 3676068 9192 44416 32 0 0 157 382 0 0 99 1 0
1437 0 0 1042980 3677136 9192 43260 108 0 0 158 380 0 0 99 1 0
1438 0 0 1042920 3675984 9192 44404 40 0 0 152 366 0 0 99 1 0
1439 0 0 1042856 3676860 9192 43292 76 0 0 150 372 0 0 99 1 0
1440 1 0 1042712 3677116 9200 43312 84 0 0 154 379 0 0 99 1 0
1441 0 0 1042632 3675784 9200 44384 76 0 0 297 622 0 0 97 2 0
