0 0.76 0.00 4.53 2.02 0.00 0.00 0.00 0.00 0.00 92.70
1 1.01 0.00 3.54 0.25 0.00 0.00 0.00 0.00 0.00 95.20
2 1.01 0.00 3.78 0.50 0.00 0.00 0.00 0.00 0.00 94.71
3 1.52 0.00 3.28 0.76 0.00 0.00 0.00 0.00 0.00 94.44
4 1.01 0.00 3.54 2.78 0.00 0.00 0.00 0.00 0.00 92.68
5 3.10 0.00 6.20 1.55 0.00 0.00 0.00 0.00 0.00 89.15
6 4.33 0.00 5.85 3.82 0.00 0.00 0.00 0.00 0.00 86.01
7 1.99 0.00 3.48 4.23 0.00 0.00 0.00 0.00 0.00 90.30
8 1.51 0.00 3.53 5.04 0.00 0.00 0.00 0.00 0.00 89.92
9 1.50 0.00 4.49 13.22 0.00 0.00 0.00 0.00 0.00 80.80
10 1.01 0.00 3.78 23.68 0.00 0.00 0.00 0.00 0.00 71.54
11 1.50 0.00 3.76 24.31 0.00 0.00 0.00 0.00 0.00 70.43
12 0.76 0.00 2.80 28.24 0.00 0.00 0.00 0.00 0.00 68.19
13 1.02 0.00 3.58 25.06 0.00 0.00 0.00 0.00 0.00 70.33
14 1.52 0.00 2.54 30.96 0.00 0.00 0.25 0.00 0.00 64.72
15 0.51 0.00 3.07 27.37 0.00 0.00 0.00 0.00 0.00 69.05
16 0.51 0.00 3.32 27.81 0.00 0.00 0.00 0.00 0.00 68.37
17 1.28 0.00 2.30 27.37 0.00 0.00 0.00 0.00 0.00 69.05
18 0.77 0.00 2.31 28.46 0.00 0.00 0.00 0.00 0.00 68.46
19 0.51 0.00 3.32 28.64 0.00 0.00 0.00 0.00 0.00 67.52
20 1.28 0.00 2.05 37.44 0.00 0.00 0.00 0.00 0.00 59.23
21 1.28 0.00 2.82 43.59 0.00 0.00 0.00 0.00 0.00 52.31
22 2.81 0.00 3.07 26.09 0.00 0.00 0.00 0.00 0.00 68.03
23 1.81 0.00 2.84 23.26 0.00 0.00 0.00 0.00 0.00 72.09
24 6.11 0.00 3.56 20.61 0.00 0.25 0.00 0.00 0.00 69.47
25 2.59 0.00 3.11 22.28 0.00 0.00 0.00 0.00 0.00 72.02
26 4.85 0.00 2.81 21.43 0.00 0.00 0.00 0.00 0.00 70.92
27 1.28 0.00 3.07 24.04 0.00 0.00 0.00 0.00 0.00 71.61
28 2.30 0.00 3.57 22.70 0.00 0.26 0.00 0.00 0.00 71.17
29 6.22 0.00 3.37 24.09 0.00 0.00 0.00 0.00 0.00 66.32
30 8.51 0.00 4.38 16.24 0.00 0.00 0.00 0.00 0.00 70.88
31 15.31 0.00 3.32 17.09 0.00 0.00 0.00 0.00 0.00 64.29
32 5.61 0.00 3.06 21.43 0.00 0.00 0.00 0.00 0.00 69.90
33 12.24 0.00 3.91 16.67 0.00 0.00 0.26 0.00 0.00 66.93
34 10.73 0.00 4.97 14.40 0.00 0.00 0.00 0.00 0.00 69.90
35 13.87 0.00 6.28 11.78 0.00 0.00 0.00 0.00 0.00 68.06
36 9.51 0.00 6.17 16.71 0.00 0.00 0.00 0.00 0.00 67.61
37 17.96 0.00 12.15 25.97 0.00 0.00 0.00 0.00 0.00 43.92
38 3.12 0.00 9.87 16.88 0.00 0.00 0.26 0.00 0.00 69.87
39 11.51 0.00 4.35 16.62 0.00 0.00 0.00 0.00 0.00 67.52
40 5.00 0.00 5.25 24.00 0.00 0.25 0.00 0.00 0.00 65.50
41 2.77 0.00 5.04 23.68 0.00 0.00 0.00 0.00 0.00 68.51
42 8.48 0.00 4.11 19.54 0.00 0.26 0.00 0.00 0.00 67.61
43 7.63 0.00 5.34 20.36 0.00 0.00 0.00 0.00 0.00 66.67
44 2.55 0.00 3.83 23.21 0.00 0.00 0.00 0.00 0.00 70.41
45 2.53 0.00 3.54 23.74 0.00 0.00 0.00 0.00 0.00 70.20
46 4.07 0.00 3.56 23.92 0.00 0.00 0.00 0.00 0.00 68.45
47 2.05 0.00 3.08 24.62 0.00 0.00 0.00 0.00 0.00 70.26
48 1.79 0.00 3.83 25.77 0.00 0.00 0.00 0.00 0.00 68.62
49 3.81 0.00 4.31 22.08 0.00 0.25 0.00 0.00 0.00 69.54
50 5.67 0.00 4.64 20.88 0.00 0.00 0.00 0.00 0.00 68.81
51 47.75 0.00 6.74 12.36 0.00 0.28 0.28 0.00 0.00 32.58
52 81.65 0.00 17.13 0.61 0.00 0.00 0.00 0.00 0.00 0.61
53 76.90 0.00 17.84 0.88 0.00 0.29 0.00 0.00 0.00 4.09
54 42.47 0.00 6.85 23.29 0.00 0.00 0.00 0.00 0.00 27.40
55 36.39 0.00 9.44 28.06 0.00 0.28 0.28 0.00 0.00 25.56
56 30.52 0.00 6.27 46.05 0.00 0.00 0.00 0.00 0.00 17.17
57 31.37 0.00 7.00 38.38 0.00 0.00 0.00 0.00 0.00 23.25
58 47.71 0.00 15.09 21.29 0.00 0.27 0.27 0.00 0.00 15.36
59 45.28 0.00 8.33 23.33 0.00 0.28 0.28 0.00 0.00 22.50
60 39.78 0.00 9.67 38.67 0.00 0.00 0.00 0.00 0.00 11.88
61 33.78 0.00 7.51 42.36 0.00 0.27 0.00 0.00 0.00 16.09
62 62.22 0.00 12.22 13.92 0.00 0.28 0.00 0.00 0.00 11.36
63 38.65 0.00 8.65 34.05 0.00 0.27 0.00 0.00 0.00 18.38
64 32.70 0.00 7.36 46.87 0.00 0.27 0.27 0.00 0.00 12.53
65 29.74 0.00 8.95 54.47 0.00 0.26 0.00 0.00 0.00 6.58
66 34.64 0.00 13.69 33.52 0.00 0.00 0.00 0.00 0.00 18.16
67 49.02 0.00 13.73 20.17 0.00 0.00 0.00 0.00 0.00 17.09
68 39.25 0.00 8.06 41.40 0.00 0.00 0.27 0.00 0.00 11.02
69 23.70 0.00 7.29 55.47 0.00 0.26 0.00 0.00 0.00 13.28
70 21.50 0.00 6.99 51.30 0.00 0.00 0.00 0.00 0.00 20.21
71 11.76 0.00 3.84 35.04 0.00 0.26 0.26 0.00 0.00 48.85
72 10.70 0.00 3.92 49.09 0.00 0.00 0.00 0.00 0.00 36.29
73 15.53 0.00 7.36 48.50 0.00 0.00 0.00 0.00 0.00 28.61
74 10.44 0.00 5.22 54.05 0.00 0.00 0.00 0.00 0.00 30.29
75 7.69 0.00 3.08 57.95 0.00 0.26 0.00 0.00 0.00 31.03
76 12.80 0.00 7.47 47.47 0.00 0.00 0.00 0.00 0.00 32.27
77 9.30 0.00 3.88 52.20 0.00 0.26 0.26 0.00 0.00 34.11
78 9.21 0.00 3.58 47.31 0.00 0.00 0.00 0.00 0.00 39.90
79 10.51 0.00 10.77 38.21 0.00 0.00 0.00 0.00 0.00 40.51
80 6.87 0.00 3.31 33.33 0.00 0.25 0.00 0.00 0.00 56.23
81 5.19 0.00 2.60 43.12 0.00 0.00 0.00 0.00 0.00 49.09
82 8.93 0.00 4.08 38.78 0.00 0.00 0.00 0.00 0.00 48.21
83 11.11 0.00 6.88 56.35 0.00 0.00 0.00 0.00 0.00 25.66
84 30.50 0.00 7.43 38.99 0.00 0.00 0.00 0.00 0.00 23.08
85 41.98 0.00 10.79 18.08 0.00 0.58 0.00 0.00 0.00 28.57
86 23.19 0.00 9.34 17.17 0.00 0.00 0.30 0.00 0.00 50.00
87 3.32 0.00 2.81 4.60 0.00 0.26 0.00 0.00 0.00 89.00
88 5.13 0.00 3.85 1.03 0.00 0.00 0.26 0.00 0.00 89.74
89 10.90 0.00 4.26 1.06 0.00 0.80 0.00 0.00 0.00 82.98
90 19.10 0.00 12.47 1.59 0.00 0.00 0.00 0.00 0.00 66.84
91 12.16 0.00 3.24 2.70 0.00 0.00 0.00 0.00 0.00 81.89
92 15.47 0.00 6.91 1.10 0.00 0.00 0.00 0.00 0.00 76.52
93 7.85 0.00 4.19 1.31 0.00 0.26 0.00 0.00 0.00 86.39
94 58.04 0.00 9.26 3.00 0.00 0.00 0.00 0.00 0.00 29.70
95 46.61 0.00 4.95 0.52 0.00 0.00 0.26 0.00 0.00 47.66
96 1.52 0.00 3.05 1.52 0.00 0.00 0.00 0.00 0.00 93.91
97 1.02 0.00 3.31 0.76 0.00 0.00 0.00 0.00 0.00 94.91
98 1.79 0.00 3.32 4.35 0.00 0.00 0.00 0.00 0.00 90.54
99 4.63 0.00 4.11 5.91 0.00 0.00 0.26 0.00 0.00 85.09
100 63.23 0.00 13.76 0.26 0.00 0.00 0.00 0.00 0.00 22.75
101 1.53 0.00 2.81 2.81 0.00 0.00 0.00 0.00 0.00 92.86
102 1.01 0.00 3.29 2.28 0.00 0.00 0.00 0.00 0.00 93.42
103 1.01 0.00 3.78 4.03 0.00 0.00 0.00 0.00 0.00 91.18
104 1.52 0.00 3.05 2.03 0.00 0.00 0.00 0.00 0.00 93.40
105 1.75 0.00 3.75 7.00 0.00 0.00 0.00 0.00 0.00 87.50
106 1.01 0.00 4.03 5.04 0.00 0.00 0.00 0.00 0.00 89.92
107 0.76 0.00 3.54 5.57 0.00 0.00 0.00 0.00 0.00 90.13
108 2.02 0.00 3.03 2.27 0.00 0.00 0.00 0.00 0.00 92.68
109 1.79 0.00 3.07 6.14 0.00 0.00 0.00 0.00 0.00 89.00
110 1.52 0.00 3.04 3.80 0.00 0.25 0.25 0.00 0.00 91.14
111 1.27 0.00 3.56 11.20 0.00 0.00 0.00 0.00 0.00 83.97
112 1.28 0.00 3.32 5.88 0.00 0.00 0.00 0.00 0.00 89.51
113 1.01 0.00 3.54 4.30 0.00 0.00 0.00 0.00 0.00 91.14
114 1.02 0.00 2.54 4.33 0.00 0.25 0.00 0.00 0.00 91.86
115 1.03 0.00 2.07 11.63 0.00 0.00 0.00 0.00 0.00 85.27
116 1.02 0.00 2.81 1.02 0.00 0.00 0.00 0.00 0.00 95.15
117 0.77 0.00 3.60 10.03 0.00 0.26 0.26 0.00 0.00 85.09
118 3.52 0.00 4.02 8.04 0.00 0.00 0.00 0.00 0.00 84.42
119 35.03 0.00 9.89 37.57 0.00 0.00 0.00 0.00 0.00 17.51
120 14.80 0.00 12.76 53.57 0.00 0.00 0.00 0.00 0.00 18.88
121 13.49 0.00 4.40 2.05 0.00 0.00 0.00 0.00 0.00 80.06
122 12.35 0.00 3.61 0.90 0.00 0.00 0.00 0.00 0.00 83.13
123 33.43 0.00 7.73 1.38 0.00 0.00 0.28 0.00 0.00 57.18
124 28.66 0.00 4.88 5.49 0.00 0.30 0.30 0.00 0.00 60.37
125 15.91 0.00 4.83 2.27 0.00 0.00 0.00 0.00 0.00 76.99
126 10.06 0.00 6.90 18.68 0.00 0.00 0.00 0.00 0.00 64.37
127 29.09 0.00 11.91 49.31 0.00 0.00 0.28 0.00 0.00 9.42
128 25.27 0.00 4.30 45.70 0.00 0.00 0.00 0.00 0.00 24.73
129 18.05 0.00 3.72 32.38 0.00 0.00 0.57 0.00 0.00 45.27
130 11.34 0.00 5.07 34.33 0.00 0.00 0.30 0.00 0.00 48.96
131 30.92 0.00 5.78 31.21 0.00 0.00 0.29 0.00 0.00 31.79
132 9.40 0.00 3.45 37.30 0.00 0.00 0.00 0.00 0.00 49.84
133 15.07 0.00 4.35 49.57 0.00 0.00 0.00 0.00 0.00 31.01
134 17.07 0.00 4.34 65.58 0.00 0.00 0.00 0.00 0.00 13.01
135 1.52 0.00 3.54 63.54 0.00 0.00 0.25 0.00 0.00 31.14
136 1.26 0.00 4.02 84.42 0.00 0.25 0.00 0.00 0.00 10.05
137 1.26 0.00 4.53 75.57 0.00 0.00 0.00 0.00 0.00 18.64
138 1.78 0.00 5.34 32.57 0.00 0.00 0.00 0.00 0.00 60.31
139 2.03 0.00 3.81 55.33 0.00 0.00 0.25 0.00 0.00 38.58
140 2.52 0.00 3.27 25.94 0.00 0.25 0.00 0.00 0.00 68.01
141 1.28 0.00 3.32 35.71 0.00 0.00 0.00 0.00 0.00 59.69
142 2.03 0.00 3.54 41.52 0.00 0.00 0.00 0.00 0.00 52.91
143 2.02 0.00 2.78 36.11 0.00 0.00 0.00 0.00 0.00 59.09
144 1.26 0.00 3.54 31.57 0.00 0.00 0.00 0.00 0.00 63.64
145 1.51 0.00 3.78 37.28 0.00 0.00 0.00 0.00 0.00 57.43
146 1.02 0.00 3.06 25.51 0.00 0.00 0.00 0.00 0.00 70.41
147 1.02 0.00 3.30 31.22 0.00 0.00 0.00 0.00 0.00 64.47
148 0.77 0.00 3.32 39.29 0.00 0.00 0.00 0.00 0.00 56.63
149 1.53 0.00 3.06 25.26 0.00 0.00 0.00 0.00 0.00 70.15
150 1.84 0.00 2.63 25.79 0.00 0.26 0.26 0.00 0.00 69.21
151 0.77 0.00 3.08 12.05 0.00 0.00 0.00 0.00 0.00 84.10
152 1.03 0.00 1.80 9.28 0.00 0.00 0.00 0.00 0.00 87.89
153 1.03 0.00 2.31 8.97 0.00 0.00 0.00 0.00 0.00 87.69
154 0.51 0.00 2.31 10.77 0.00 0.00 0.00 0.00 0.00 86.41
155 1.27 0.00 2.54 8.91 0.00 0.00 0.00 0.00 0.00 87.28
156 1.02 0.00 2.54 7.63 0.00 0.25 0.00 0.00 0.00 88.55
157 0.52 0.00 1.55 13.99 0.00 0.00 0.00 0.00 0.00 83.94
158 1.03 0.00 2.82 25.64 0.00 0.00 0.00 0.00 0.00 70.51
159 0.77 0.00 2.56 7.16 0.00 0.00 0.00 0.00 0.00 89.51
160 0.77 0.00 2.56 9.97 0.00 0.00 0.00 0.00 0.00 86.70
161 1.02 0.00 2.04 10.20 0.00 0.00 0.00 0.00 0.00 86.73
162 0.26 0.00 2.32 5.15 0.00 0.00 0.00 0.00 0.00 92.27
163 0.77 0.00 2.31 8.74 0.00 0.00 0.00 0.00 0.00 88.17
164 1.53 0.00 2.54 3.56 0.00 0.00 0.00 0.00 0.00 92.37
165 2.04 0.00 2.29 0.76 0.00 0.00 0.00 0.00 0.00 94.91
166 1.03 0.00 2.56 1.28 0.00 0.00 0.00 0.00 0.00 95.13
167 1.03 0.00 2.57 1.80 0.00 0.00 0.00 0.00 0.00 94.60
168 0.51 0.00 2.31 0.26 0.00 0.00 0.00 0.00 0.00 96.92
169 1.02 0.00 2.56 1.02 0.00 0.00 0.00 0.00 0.00 95.40
170 1.27 0.00 3.04 1.27 0.00 0.00 0.00 0.00 0.00 94.43
171 1.52 0.00 2.79 1.27 0.00 0.00 0.00 0.00 0.00 94.42
172 1.27 0.00 2.29 1.02 0.00 0.00 0.00 0.00 0.00 95.42
173 0.51 0.00 2.81 1.28 0.00 0.00 0.26 0.00 0.00 95.14
174 1.28 0.00 3.06 1.02 0.00 0.00 0.00 0.00 0.00 94.64
175 3.31 0.00 3.05 1.27 0.00 0.00 0.00 0.00 0.00 92.37
176 1.52 0.00 3.30 2.54 0.00 0.25 0.00 0.00 0.00 92.39
177 1.02 0.00 2.56 0.00 0.00 0.00 0.00 0.00 0.00 96.42
178 1.02 0.00 2.80 0.76 0.00 0.00 0.00 0.00 0.00 95.42
179 1.51 0.00 3.27 12.34 0.00 0.00 0.00 0.00 0.00 82.87
180 1.01 0.00 3.28 3.54 0.00 0.00 0.00 0.00 0.00 92.17
181 1.26 0.00 3.03 0.00 0.00 0.00 0.00 0.00 0.00 95.71
182 1.26 0.00 3.52 3.52 0.00 0.00 0.00 0.00 0.00 91.71
183 1.26 0.00 4.02 5.53 0.00 0.00 0.00 0.00 0.00 89.20
184 1.52 0.00 3.79 5.05 0.00 0.00 0.00 0.00 0.00 89.65
185 2.26 0.00 4.01 0.75 0.00 0.00 0.25 0.00 0.00 92.73
186 1.01 0.00 4.52 4.27 0.00 0.00 0.00 0.00 0.00 90.20
187 0.76 0.00 4.03 2.02 0.00 0.25 0.00 0.00 0.00 92.95
188 1.42 0.00 7.67 17.61 0.00 0.00 0.00 0.00 0.00 73.30
189 1.03 0.00 4.11 5.14 0.00 0.00 0.00 0.00 0.00 89.72
190 1.02 0.00 5.10 1.79 0.00 0.26 0.00 0.00 0.00 91.84
191 3.12 0.00 10.16 18.23 0.00 0.52 0.00 0.00 0.00 67.97
192 3.32 0.00 11.22 45.41 0.00 0.00 0.00 0.00 0.00 40.05
193 1.55 0.00 8.79 60.98 0.00 0.00 0.26 0.00 0.00 28.42
194 2.33 0.00 11.92 56.74 0.00 0.00 0.00 0.00 0.00 29.02
195 12.69 0.00 15.23 10.15 0.00 0.00 0.00 0.00 0.00 61.93
196 12.89 0.00 13.68 24.47 0.00 0.00 0.00 0.00 0.00 48.95
197 8.43 0.00 12.79 14.24 0.00 0.00 0.00 0.00 0.00 64.53
198 7.76 0.00 9.77 12.36 0.00 0.00 0.00 0.00 0.00 70.11
199 3.09 0.00 4.12 22.68 0.00 0.00 0.00 0.00 0.00 70.10
200 3.52 0.00 3.77 23.37 0.00 0.00 0.00 0.00 0.00 69.35
201 1.27 0.00 3.80 16.71 0.00 0.00 0.00 0.00 0.00 78.23
202 1.78 0.00 2.54 5.58 0.00 0.00 0.00 0.00 0.00 90.10
203 1.26 0.00 3.78 3.78 0.00 0.00 0.25 0.00 0.00 90.93
204 0.51 0.00 3.54 2.03 0.00 0.00 0.00 0.00 0.00 93.92
205 1.76 0.00 4.03 2.27 0.00 0.25 0.00 0.00 0.00 91.69
206 1.52 0.00 3.30 1.02 0.00 0.00 0.00 0.00 0.00 94.16
207 2.03 0.00 2.78 0.51 0.00 0.00 0.00 0.00 0.00 94.68
208 1.77 0.00 2.27 1.26 0.00 0.00 0.00 0.00 0.00 94.70
209 1.02 0.00 3.06 0.00 0.00 0.00 0.00 0.00 0.00 95.92
210 1.26 0.00 3.53 3.78 0.00 0.00 0.00 0.00 0.00 91.44
211 1.52 0.00 3.54 0.25 0.00 0.00 0.00 0.00 0.00 94.70
212 1.26 0.00 3.53 1.51 0.00 0.00 0.00 0.00 0.00 93.70
213 1.52 0.00 3.03 1.26 0.00 0.25 0.00 0.00 0.00 93.94
214 1.25 0.00 4.50 1.50 0.00 0.00 0.00 0.00 0.00 92.75
215 1.27 0.00 3.29 0.51 0.00 0.00 0.00 0.00 0.00 94.94
216 1.01 0.00 3.54 1.27 0.00 0.00 0.00 0.00 0.00 94.18
217 1.52 0.00 2.54 1.02 0.00 0.25 0.00 0.00 0.00 94.67
218 1.26 0.00 3.79 4.29 0.00 0.00 0.25 0.00 0.00 90.40
219 1.52 0.00 3.05 1.52 0.00 0.00 0.00 0.00 0.00 93.91
220 1.50 0.00 3.76 1.50 0.00 0.00 0.00 0.00 0.00 93.23
221 1.50 0.00 4.51 1.25 0.00 0.00 0.00 0.00 0.00 92.73
222 1.52 0.00 3.79 0.51 0.00 0.00 0.00 0.00 0.00 94.19
223 1.75 0.00 4.75 0.75 0.00 0.00 0.00 0.00 0.00 92.75
224 2.81 0.00 4.08 18.62 0.00 0.00 0.00 0.00 0.00 74.49
225 2.26 0.00 4.77 22.11 0.00 0.25 0.25 0.00 0.00 70.35
226 2.00 0.00 4.50 4.00 0.00 0.00 0.00 0.00 0.00 89.50
227 1.51 0.00 3.53 9.57 0.00 0.00 0.00 0.00 0.00 85.39
228 1.26 0.00 3.79 5.56 0.00 0.25 0.00 0.00 0.00 89.14
229 1.02 0.00 3.32 5.61 0.00 0.00 0.00 0.00 0.00 90.05
230 1.02 0.00 2.55 4.59 0.00 0.00 0.00 0.00 0.00 91.84
231 0.77 0.00 3.07 3.32 0.00 0.00 0.00 0.00 0.00 92.84
232 1.26 0.00 3.03 2.78 0.00 0.00 0.00 0.00 0.00 92.93
233 1.02 0.00 2.55 1.79 0.00 0.00 0.00 0.00 0.00 94.64
234 0.77 0.00 2.06 4.90 0.00 0.00 0.00 0.00 0.00 92.27
235 1.28 0.00 2.05 2.81 0.00 0.00 0.00 0.00 0.00 93.86
236 0.77 0.00 2.30 5.87 0.00 0.00 0.00 0.00 0.00 91.07
237 1.03 0.00 2.31 0.77 0.00 0.00 0.00 0.00 0.00 95.90
238 1.03 0.00 2.82 1.28 0.00 0.00 0.00 0.00 0.00 94.87
239 1.03 0.00 1.80 1.03 0.00 0.00 0.00 0.00 0.00 96.13
240 0.77 0.00 2.55 1.02 0.00 0.00 0.00 0.00 0.00 95.66
241 0.77 0.00 2.82 1.54 0.00 0.00 0.00 0.00 0.00 94.87
242 1.02 0.00 3.06 1.28 0.00 0.00 0.00 0.00 0.00 94.64
243 1.79 0.00 2.30 0.77 0.00 0.00 0.00 0.00 0.00 95.15
244 4.64 0.00 7.73 2.32 0.00 0.26 0.00 0.00 0.00 85.05
245 8.68 0.00 12.04 1.68 0.00 0.00 0.28 0.00 0.00 77.31
246 6.82 0.00 10.68 4.75 0.00 0.00 0.00 0.00 0.00 77.74
247 8.38 0.00 12.57 8.38 0.00 0.00 0.00 0.00 0.00 70.67
248 12.50 0.00 15.16 5.59 0.00 0.00 0.00 0.00 0.00 66.76
249 2.33 0.00 3.37 29.79 0.00 0.00 0.26 0.00 0.00 64.25
250 1.79 0.00 3.32 27.30 0.00 0.00 0.00 0.00 0.00 67.60
251 2.04 0.00 3.31 25.70 0.00 0.00 0.00 0.00 0.00 68.96
252 1.29 0.00 3.08 28.02 0.00 0.00 0.00 0.00 0.00 67.61
253 1.28 0.00 4.86 28.13 0.00 0.00 0.00 0.00 0.00 65.73
254 4.64 0.00 2.84 14.43 0.00 0.00 0.00 0.00 0.00 78.09
255 2.06 0.00 3.08 23.91 0.00 0.00 0.00 0.00 0.00 70.95
256 9.67 0.00 5.09 43.26 0.00 0.00 0.00 0.00 0.00 41.98
257 15.03 0.00 3.55 35.52 0.00 0.00 0.00 0.00 0.00 45.90
258 6.71 0.00 3.19 0.32 0.00 0.00 0.32 0.00 0.00 89.46
259 15.16 0.00 2.92 0.58 0.00 0.00 0.00 0.00 0.00 81.34
260 9.48 0.00 2.94 4.90 0.00 0.00 0.00 0.00 0.00 82.68
261 21.79 0.00 3.91 1.96 0.00 0.00 0.28 0.00 0.00 72.07
262 14.12 0.00 2.94 0.29 0.00 0.00 0.00 0.00 0.00 82.65
263 16.52 0.00 3.13 0.57 0.00 0.00 0.00 0.00 0.00 79.77
264 21.81 0.00 2.93 0.80 0.00 0.00 0.00 0.00 0.00 74.47
265 13.40 0.00 3.22 18.50 0.00 0.00 0.27 0.00 0.00 64.61
266 19.50 0.00 4.18 1.67 0.00 0.00 0.00 0.00 0.00 74.65
267 11.59 0.00 3.05 0.61 0.00 0.00 0.30 0.00 0.00 84.45
268 21.24 0.00 3.59 1.31 0.00 0.00 0.00 0.00 0.00 73.86
269 4.76 0.00 3.17 22.22 0.00 0.00 0.00 0.00 0.00 69.84
270 9.92 0.00 3.40 7.65 0.00 0.00 0.28 0.00 0.00 78.75
271 8.95 0.00 4.63 3.09 0.00 0.00 0.00 0.00 0.00 83.33
272 21.64 0.00 4.39 13.74 0.00 0.29 0.29 0.00 0.00 59.65
273 5.41 0.00 2.85 23.08 0.00 0.00 0.00 0.00 0.00 68.66
274 10.75 0.00 4.30 23.66 0.00 0.00 0.00 0.00 0.00 61.29
275 15.90 0.00 3.67 3.36 0.00 0.00 0.00 0.00 0.00 77.06
276 14.61 0.00 3.44 6.88 0.00 0.00 0.29 0.00 0.00 74.79
277 12.08 0.00 3.63 2.11 0.00 0.00 0.00 0.00 0.00 82.18
278 22.91 0.00 4.95 1.86 0.00 0.31 0.62 0.00 0.00 69.35
279 4.23 0.00 3.91 1.95 0.00 0.00 0.00 0.00 0.00 89.90
280 18.15 0.00 3.69 0.00 0.00 0.00 0.31 0.00 0.00 77.85
281 10.46 0.00 3.08 1.23 0.00 0.00 0.31 0.00 0.00 84.92
282 15.65 0.00 3.19 1.74 0.00 0.00 0.29 0.00 0.00 79.13
283 8.04 0.00 3.54 5.79 0.00 0.00 0.32 0.00 0.00 82.32
284 3.66 0.00 3.66 1.31 0.00 0.00 0.00 0.00 0.00 91.38
285 1.26 0.00 3.54 8.08 0.00 0.00 0.00 0.00 0.00 87.12
286 1.76 0.00 3.53 10.33 0.00 0.00 0.00 0.00 0.00 84.38
287 1.76 0.00 3.53 0.50 0.00 0.25 0.00 0.00 0.00 93.95
288 1.52 0.00 3.81 1.52 0.00 0.00 0.00 0.00 0.00 93.15
289 1.51 0.00 3.52 3.52 0.00 0.00 0.00 0.00 0.00 91.46
290 1.01 0.00 4.03 2.77 0.00 0.00 0.00 0.00 0.00 92.19
291 1.02 0.00 4.31 2.54 0.00 0.00 0.00 0.00 0.00 92.13
292 2.25 0.00 3.50 2.50 0.00 0.00 0.00 0.00 0.00 91.75
293 1.27 0.00 3.04 10.89 0.00 0.25 0.00 0.00 0.00 84.56
294 1.53 0.00 2.56 3.58 0.00 0.00 0.00 0.00 0.00 92.33
295 1.53 0.00 2.55 2.55 0.00 0.00 0.00 0.00 0.00 93.37
296 0.77 0.00 2.81 0.51 0.00 0.00 0.00 0.00 0.00 95.92
297 1.28 0.00 2.81 2.55 0.00 0.00 0.00 0.00 0.00 93.37
298 1.01 0.00 3.54 0.76 0.00 0.00 0.00 0.00 0.00 94.68
299 2.06 0.00 2.31 2.06 0.00 0.00 0.00 0.00 0.00 93.57
300 1.02 0.00 2.79 0.76 0.00 0.00 0.25 0.00 0.00 95.18
301 1.54 0.00 2.05 0.77 0.00 0.00 0.00 0.00 0.00 95.64
302 1.02 0.00 2.55 0.51 0.00 0.00 0.00 0.00 0.00 95.92
303 1.53 0.00 2.05 1.28 0.00 0.00 0.00 0.00 0.00 95.14
304 0.26 0.00 3.06 0.26 0.00 0.00 0.00 0.00 0.00 96.43
305 1.27 0.00 3.04 0.51 0.00 0.00 0.00 0.00 0.00 95.19
306 1.02 0.00 3.05 0.25 0.00 0.00 0.00 0.00 0.00 95.67
307 1.02 0.00 2.79 0.76 0.00 0.00 0.00 0.00 0.00 95.43
308 1.01 0.00 4.04 1.52 0.00 0.00 0.00 0.00 0.00 93.43
309 1.29 0.00 1.80 2.83 0.00 0.00 0.00 0.00 0.00 94.09
310 0.77 0.00 2.31 2.57 0.00 0.00 0.00 0.00 0.00 94.34
311 0.51 0.00 2.57 2.57 0.00 0.26 0.00 0.00 0.00 94.09
312 1.28 0.00 4.09 1.28 0.00 0.00 0.00 0.00 0.00 93.35
313 1.02 0.00 2.30 3.58 0.00 0.00 0.00 0.00 0.00 93.09
314 0.51 0.00 2.56 3.07 0.00 0.00 0.26 0.00 0.00 93.61
315 46.05 0.00 2.82 5.93 0.00 0.00 0.00 0.00 0.00 45.20
316 8.33 0.00 5.73 15.10 0.00 0.00 0.00 0.00 0.00 70.83
317 53.44 0.00 3.58 5.79 0.00 0.00 0.00 0.00 0.00 37.19
318 8.46 0.00 4.08 5.64 0.00 0.00 0.00 0.00 0.00 81.82
319 9.26 0.00 3.70 1.54 0.00 0.00 0.00 0.00 0.00 85.49
320 24.36 0.00 3.72 5.16 0.00 0.00 0.00 0.00 0.00 66.76
321 69.02 0.00 3.07 14.11 0.00 0.00 0.31 0.00 0.00 13.50
322 18.13 0.00 2.55 13.03 0.00 0.00 0.28 0.00 0.00 66.01
323 10.37 0.00 3.66 6.40 0.00 0.00 0.00 0.00 0.00 79.57
324 23.66 0.00 3.47 2.84 0.00 0.00 0.32 0.00 0.00 69.72
325 42.56 0.00 3.27 20.54 0.00 0.00 0.30 0.00 0.00 33.33
326 5.19 0.00 2.92 2.27 0.00 0.00 0.00 0.00 0.00 89.61
327 10.61 0.00 3.94 2.12 0.00 0.00 0.30 0.00 0.00 83.03
328 32.49 0.00 7.28 15.13 0.00 0.28 0.28 0.00 0.00 44.54
329 7.94 0.00 3.49 3.17 0.00 0.00 0.32 0.00 0.00 85.08
330 16.33 0.00 3.15 0.86 0.00 0.00 0.00 0.00 0.00 79.66
331 11.11 0.00 3.40 1.54 0.00 0.00 0.00 0.00 0.00 83.95
332 24.92 0.00 3.95 8.81 0.00 0.00 0.00 0.00 0.00 62.31
333 12.08 0.00 3.63 3.02 0.00 0.00 0.30 0.00 0.00 80.97
334 13.40 0.00 3.74 8.41 0.00 0.00 0.00 0.00 0.00 74.45
335 10.99 0.00 4.97 43.72 0.00 0.26 0.00 0.00 0.00 40.05
336 9.20 0.00 4.60 38.22 0.00 0.00 0.29 0.00 0.00 47.70
337 11.69 0.00 2.15 9.85 0.00 0.00 0.00 0.00 0.00 76.31
338 14.03 0.00 3.28 16.72 0.00 0.00 0.30 0.00 0.00 65.67
339 24.43 0.00 5.40 26.99 0.00 0.00 0.00 0.00 0.00 43.18
340 22.75 0.00 4.23 22.49 0.00 0.00 0.00 0.00 0.00 50.53
341 18.84 0.00 3.88 2.77 0.00 0.00 0.28 0.00 0.00 74.24
342 25.29 0.00 5.75 16.09 0.00 0.00 0.00 0.00 0.00 52.87
343 19.55 0.00 4.47 8.94 0.00 0.00 0.00 0.00 0.00 67.04
344 7.59 0.00 3.80 0.63 0.00 0.00 0.00 0.00 0.00 87.97
345 30.55 0.00 5.48 7.78 0.00 0.00 0.29 0.00 0.00 55.91
346 17.05 0.00 4.34 7.23 0.00 0.00 0.00 0.00 0.00 71.39
347 15.99 0.00 3.20 6.40 0.00 0.00 0.00 0.00 0.00 74.42
348 16.24 0.00 3.70 2.56 0.00 0.00 0.00 0.00 0.00 77.49
349 25.00 0.00 5.13 17.63 0.00 0.00 0.64 0.00 0.00 51.60
350 15.95 0.00 3.70 1.42 0.00 0.00 0.00 0.00 0.00 78.92
351 10.37 0.00 3.35 2.44 0.00 0.00 0.30 0.00 0.00 83.54
352 19.11 0.00 3.82 1.59 0.00 0.00 0.32 0.00 0.00 75.16
353 17.86 0.00 4.46 4.17 0.00 0.00 0.00 0.00 0.00 73.51
354 2.77 0.00 4.03 1.76 0.00 0.25 0.00 0.00 0.00 91.18
355 1.02 0.00 2.81 6.38 0.00 0.00 0.00 0.00 0.00 89.80
356 1.76 0.00 3.02 7.04 0.00 0.00 0.00 0.00 0.00 88.19
357 1.02 0.00 3.05 6.87 0.00 0.00 0.00 0.00 0.00 89.06
358 0.76 0.00 4.04 9.85 0.00 0.00 0.25 0.00 0.00 85.10
359 1.27 0.00 3.55 10.41 0.00 0.00 0.00 0.00 0.00 84.77
360 1.51 0.00 3.27 3.78 0.00 0.00 0.00 0.00 0.00 91.44
361 1.76 0.00 3.27 15.87 0.00 0.00 0.00 0.00 0.00 79.09
362 1.52 0.00 2.53 3.54 0.00 0.00 0.00 0.00 0.00 92.41
363 1.27 0.00 2.80 6.11 0.00 0.00 0.00 0.00 0.00 89.82
364 0.76 0.00 3.31 1.78 0.00 0.00 0.00 0.00 0.00 94.15
365 1.02 0.00 3.06 1.79 0.00 0.00 0.00 0.00 0.00 94.13
366 1.26 0.00 3.54 0.25 0.00 0.00 0.00 0.00 0.00 94.95
367 0.77 0.00 3.32 1.28 0.00 0.00 0.00 0.00 0.00 94.64
368 1.54 0.00 3.08 3.08 0.00 0.26 0.51 0.00 0.00 91.54
369 0.51 0.00 3.59 1.28 0.00 0.00 0.00 0.00 0.00 94.62
370 1.53 0.00 2.80 0.76 0.00 0.00 0.00 0.00 0.00 94.91
371 0.76 0.00 4.05 1.01 0.00 0.00 0.00 0.00 0.00 94.18
372 1.27 0.00 3.05 5.58 0.00 0.25 0.00 0.00 0.00 89.85
373 0.77 0.00 4.12 16.49 0.00 0.00 0.00 0.00 0.00 78.61
374 1.53 0.00 2.54 0.76 0.00 0.00 0.00 0.00 0.00 95.17
375 0.77 0.00 3.06 2.04 0.00 0.00 0.00 0.00 0.00 94.13
376 1.53 0.00 3.31 1.02 0.00 0.00 0.00 0.00 0.00 94.15
377 1.52 0.00 3.30 2.03 0.00 0.00 0.00 0.00 0.00 93.15
378 1.78 0.00 3.05 1.27 0.00 0.00 0.00 0.00 0.00 93.89
379 1.27 0.00 3.29 0.51 0.00 0.00 0.00 0.00 0.00 94.94
380 1.53 0.00 2.80 3.31 0.00 0.00 0.25 0.00 0.00 92.11
381 1.52 0.00 3.29 2.03 0.00 0.00 0.00 0.00 0.00 93.16
382 1.26 0.00 3.28 11.11 0.00 0.00 0.00 0.00 0.00 84.34
383 0.77 0.00 3.32 25.83 0.00 0.00 0.00 0.00 0.00 70.08
384 1.52 0.00 3.05 2.03 0.00 0.00 0.00 0.00 0.00 93.40
385 1.53 0.00 3.07 10.49 0.00 0.00 0.00 0.00 0.00 84.91
386 1.27 0.00 2.80 4.07 0.00 0.00 0.00 0.00 0.00 91.86
387 1.28 0.00 2.56 6.91 0.00 0.00 0.00 0.00 0.00 89.26
388 0.76 0.00 3.56 7.89 0.00 0.25 0.25 0.00 0.00 87.28
389 1.76 0.00 4.27 1.51 0.00 0.00 0.00 0.00 0.00 92.46
390 1.02 0.00 2.80 1.02 0.00 0.00 0.00 0.00 0.00 95.17
391 0.51 0.00 3.56 1.53 0.00 0.00 0.00 0.00 0.00 94.40
392 1.02 0.00 2.55 0.77 0.00 0.00 0.00 0.00 0.00 95.66
393 1.27 0.00 3.05 7.63 0.00 0.00 0.00 0.00 0.00 88.04
394 1.26 0.00 4.28 0.25 0.00 0.00 0.00 0.00 0.00 94.21
395 1.27 0.00 4.06 1.52 0.00 0.00 0.00 0.00 0.00 93.15
396 1.28 0.00 2.56 0.77 0.00 0.00 0.00 0.00 0.00 95.40
397 1.52 0.00 3.30 0.51 0.00 0.00 0.00 0.00 0.00 94.67
398 15.34 0.00 4.38 2.74 0.00 0.00 0.00 0.00 0.00 77.53
399 8.70 0.00 4.04 0.31 0.00 0.00 0.31 0.00 0.00 86.65
400 7.57 0.00 4.10 0.32 0.00 0.00 0.32 0.00 0.00 87.70
401 19.38 0.00 4.00 0.92 0.00 0.00 0.00 0.00 0.00 75.69
402 11.73 0.00 3.09 0.00 0.00 0.00 0.31 0.00 0.00 84.88
403 5.21 0.00 3.58 1.30 0.00 0.00 0.00 0.00 0.00 89.90
404 16.29 0.00 4.00 0.86 0.00 0.00 0.00 0.00 0.00 78.86
405 18.81 0.00 3.76 0.63 0.00 0.00 0.31 0.00 0.00 76.49
406 15.20 0.00 2.92 0.00 0.00 0.00 0.29 0.00 0.00 81.58
407 19.88 0.00 3.36 5.50 0.00 0.00 0.61 0.00 0.00 70.64
408 7.35 0.00 3.19 3.83 0.00 0.00 0.32 0.00 0.00 85.30
409 20.99 0.00 3.79 4.08 0.00 0.00 0.00 0.00 0.00 71.14
410 11.55 0.00 2.74 14.59 0.00 0.00 0.00 0.00 0.00 71.12
411 10.17 0.00 2.62 19.77 0.00 0.00 0.00 0.00 0.00 67.44
412 10.68 0.00 4.17 29.69 0.00 0.00 0.00 0.00 0.00 55.47
413 9.51 0.00 3.37 22.70 0.00 0.00 0.31 0.00 0.00 64.11
414 16.71 0.00 3.12 14.73 0.00 0.00 0.28 0.00 0.00 65.16
415 7.32 0.00 2.87 0.00 0.00 0.00 0.00 0.00 0.00 89.81
416 9.70 0.00 4.04 31.00 0.00 0.27 0.27 0.00 0.00 54.72
417 7.11 0.00 3.42 26.05 0.00 0.00 0.00 0.00 0.00 63.42
418 3.88 0.00 3.60 18.84 0.00 0.00 0.00 0.00 0.00 73.68
419 14.66 0.00 2.93 0.59 0.00 0.00 0.29 0.00 0.00 81.52
420 13.78 0.00 3.52 0.00 0.00 0.00 0.00 0.00 0.00 82.70
421 10.57 0.00 6.04 14.50 0.00 0.00 0.30 0.00 0.00 68.58
422 14.08 0.00 3.23 1.17 0.00 0.00 0.00 0.00 0.00 81.52
423 9.03 0.00 3.43 2.80 0.00 0.00 0.00 0.00 0.00 84.74
424 8.59 0.00 4.16 0.00 0.00 0.00 0.28 0.00 0.00 86.98
425 0.76 0.00 3.29 0.51 0.00 0.25 0.00 0.00 0.00 95.19
426 31.44 0.00 3.68 1.42 0.00 0.00 0.00 0.00 0.00 63.46
427 18.13 0.00 3.22 0.29 0.00 0.00 0.00 0.00 0.00 78.36
428 1.37 0.00 4.12 11.00 0.00 0.00 0.69 0.00 0.00 82.82
429 73.62 0.00 3.99 4.60 0.00 0.00 0.00 0.00 0.00 17.79
430 12.58 0.00 2.52 0.00 0.00 0.00 0.31 0.00 0.00 84.59
431 10.15 0.00 3.08 0.92 0.00 0.00 0.00 0.00 0.00 85.85
432 12.31 0.00 3.30 0.30 0.00 0.00 0.00 0.00 0.00 84.08
433 75.81 0.00 5.16 11.94 0.00 0.00 0.65 0.00 0.00 6.45
434 22.73 0.00 5.11 26.42 0.00 0.00 0.00 0.00 0.00 45.74
435 12.20 0.00 4.17 0.00 0.00 0.00 0.00 0.00 0.00 83.63
436 9.39 0.00 2.59 2.91 0.00 0.00 0.00 0.00 0.00 85.11
437 53.91 0.00 4.06 18.55 0.00 0.29 0.29 0.00 0.00 22.90
438 7.94 0.00 2.86 21.90 0.00 0.00 0.00 0.00 0.00 67.30
439 12.80 0.00 4.46 8.04 0.00 0.00 0.00 0.00 0.00 74.70
440 32.70 0.00 6.22 21.62 0.00 0.00 0.27 0.00 0.00 39.19
441 15.26 0.00 4.90 39.78 0.00 0.00 0.27 0.00 0.00 39.78
442 16.95 0.00 3.11 17.51 0.00 0.00 0.00 0.00 0.00 62.43
443 6.75 0.00 4.50 8.04 0.00 0.00 0.64 0.00 0.00 80.06
444 17.30 0.00 6.74 19.35 0.00 0.29 0.29 0.00 0.00 56.01
445 12.02 0.00 5.19 29.23 0.00 0.00 0.00 0.00 0.00 53.55
446 8.90 0.00 4.29 1.23 0.00 0.00 0.00 0.00 0.00 85.58
447 11.78 0.00 3.02 0.60 0.00 0.00 0.00 0.00 0.00 84.59
448 20.00 0.00 5.45 7.58 0.00 0.00 0.30 0.00 0.00 66.67
449 20.29 0.00 5.71 2.57 0.00 0.00 0.00 0.00 0.00 71.43
450 17.55 0.00 4.46 2.79 0.00 0.00 0.00 0.00 0.00 75.21
451 22.56 0.00 4.57 8.84 0.00 0.00 0.30 0.00 0.00 63.72
452 20.49 0.00 3.50 0.27 0.00 0.00 0.27 0.00 0.00 75.47
453 12.57 0.00 3.89 0.60 0.00 0.00 0.00 0.00 0.00 82.93
454 23.21 0.00 4.76 12.50 0.00 0.30 0.60 0.00 0.00 58.63
455 15.63 0.00 4.72 7.08 0.00 0.00 0.29 0.00 0.00 72.27
456 6.98 0.00 3.49 2.86 0.00 0.00 0.00 0.00 0.00 86.67
457 7.96 0.00 3.50 1.59 0.00 0.00 0.32 0.00 0.00 86.62
458 18.89 0.00 4.56 19.54 0.00 0.00 0.00 0.00 0.00 57.00
459 29.37 0.00 3.44 3.70 0.00 0.00 0.26 0.00 0.00 63.23
460 14.71 0.00 3.82 10.00 0.00 0.00 0.29 0.00 0.00 71.18
461 5.47 0.00 3.86 0.00 0.00 0.00 0.00 0.00 0.00 90.68
462 19.82 0.00 4.44 6.21 0.00 0.00 0.00 0.00 0.00 69.53
463 13.01 0.00 4.62 1.45 0.00 0.00 0.29 0.00 0.00 80.64
464 6.47 0.00 2.65 3.82 0.00 0.00 0.00 0.00 0.00 87.06
465 1.53 0.00 3.82 0.76 0.00 0.00 0.00 0.00 0.00 93.89
466 1.52 0.00 2.54 1.02 0.00 0.00 0.00 0.00 0.00 94.92
467 1.28 0.00 2.82 1.79 0.00 0.26 0.00 0.00 0.00 93.85
468 1.30 0.00 2.60 3.12 0.00 0.00 0.00 0.00 0.00 92.99
469 1.29 0.00 2.32 1.03 0.00 0.00 0.00 0.00 0.00 95.36
470 1.28 0.00 2.05 1.03 0.00 0.00 0.26 0.00 0.00 95.38
471 0.76 0.00 4.07 0.51 0.00 0.00 0.00 0.00 0.00 94.66
472 1.52 0.00 4.04 1.52 0.00 0.00 0.00 0.00 0.00 92.93
473 1.52 0.00 3.54 0.51 0.00 0.00 0.00 0.00 0.00 94.44
474 1.02 0.00 3.30 1.52 0.00 0.00 0.00 0.00 0.00 94.16
475 1.02 0.00 3.31 0.76 0.00 0.00 0.00 0.00 0.00 94.91
476 1.52 0.00 3.29 3.04 0.00 0.00 0.00 0.00 0.00 92.15
477 1.28 0.00 3.08 0.77 0.00 0.00 0.00 0.00 0.00 94.87
478 1.27 0.00 3.05 1.78 0.00 0.25 0.00 0.00 0.00 93.64
479 1.28 0.00 3.58 1.28 0.00 0.00 0.00 0.00 0.00 93.86
480 1.02 0.00 2.81 3.57 0.00 0.00 0.00 0.00 0.00 92.60
481 0.26 0.00 3.59 1.28 0.00 0.00 0.00 0.00 0.00 94.87
482 1.77 0.00 3.54 2.03 0.00 0.00 0.00 0.00 0.00 92.66
483 1.26 0.00 4.27 1.26 0.00 0.00 0.00 0.00 0.00 93.22
484 1.26 0.00 3.54 1.01 0.00 0.00 0.00 0.00 0.00 94.19
485 2.04 0.00 3.05 3.56 0.00 0.00 0.00 0.00 0.00 91.35
486 1.51 0.00 4.28 2.52 0.00 0.00 0.00 0.00 0.00 91.69
487 1.02 0.00 3.05 1.02 0.00 0.00 0.25 0.00 0.00 94.67
488 1.52 0.00 4.06 6.60 0.00 0.00 0.00 0.00 0.00 87.82
489 1.03 0.00 2.58 3.87 0.00 0.00 0.00 0.00 0.00 92.53
490 1.53 0.00 2.56 6.14 0.00 0.00 0.00 0.00 0.00 89.77
491 7.05 0.00 3.25 2.17 0.00 0.00 0.00 0.00 0.00 87.53
492 11.21 0.00 3.33 1.52 0.00 0.00 0.00 0.00 0.00 83.94
493 12.31 0.00 2.70 7.81 0.00 0.00 0.30 0.00 0.00 76.88
494 18.61 0.00 3.89 11.94 0.00 0.00 0.00 0.00 0.00 65.56
495 33.25 0.00 3.81 24.62 0.00 0.00 0.00 0.00 0.00 38.32
496 25.70 0.00 4.58 9.16 0.00 0.00 0.00 0.00 0.00 60.56
497 23.99 0.00 4.34 1.16 0.00 0.00 0.00 0.00 0.00 70.52
498 20.75 0.00 4.04 1.08 0.00 0.00 0.00 0.00 0.00 74.12
499 18.65 0.00 3.67 1.83 0.00 0.00 0.00 0.00 0.00 75.84
500 12.24 0.00 4.48 2.99 0.00 0.00 0.00 0.00 0.00 80.30
501 11.18 0.00 4.23 0.30 0.00 0.00 0.30 0.00 0.00 83.99
502 21.75 0.00 5.14 7.85 0.00 0.00 0.30 0.00 0.00 64.95
503 29.87 0.00 6.13 39.20 0.00 0.00 0.27 0.00 0.00 24.53
504 4.71 0.00 4.71 59.16 0.00 0.00 0.00 0.00 0.00 31.41
505 24.93 0.00 8.22 42.49 0.00 0.28 0.28 0.00 0.00 23.80
506 6.79 0.00 4.08 60.33 0.00 0.00 0.27 0.00 0.00 28.53
507 27.73 0.00 16.81 33.33 0.00 0.00 0.29 0.00 0.00 21.83
508 5.11 0.00 16.52 55.86 0.00 0.00 0.00 0.00 0.00 22.52
509 22.91 0.00 18.27 37.15 0.00 0.00 0.00 0.00 0.00 21.67
510 8.00 0.00 10.00 46.00 0.00 0.29 0.29 0.00 0.00 35.43
511 13.18 0.00 18.34 42.98 0.00 0.00 0.00 0.00 0.00 25.50
512 3.16 0.00 11.39 81.33 0.00 0.00 0.32 0.00 0.00 3.80
513 18.60 0.00 12.79 55.52 0.00 0.00 0.00 0.00 0.00 13.08
514 15.12 0.00 7.43 47.21 0.00 0.00 0.00 0.00 0.00 30.24
515 20.77 0.00 11.82 50.16 0.00 0.00 0.32 0.00 0.00 16.93
516 10.03 0.00 10.03 48.28 0.00 0.00 0.00 0.00 0.00 31.66
517 8.73 0.00 7.67 50.00 0.00 0.00 0.00 0.00 0.00 33.60
518 2.04 0.00 2.54 63.61 0.00 0.00 0.00 0.00 0.00 31.81
519 5.77 0.00 3.15 71.92 0.00 0.00 0.00 0.00 0.00 19.16
520 31.71 0.00 7.93 21.95 0.00 0.00 0.00 0.00 0.00 38.41
521 1.01 0.00 3.29 4.56 0.00 0.00 0.25 0.00 0.00 90.89
522 1.03 0.00 2.31 1.28 0.00 0.00 0.00 0.00 0.00 95.38
523 0.77 0.00 2.06 3.60 0.00 0.00 0.00 0.00 0.00 93.57
524 1.02 0.00 3.56 4.07 0.00 0.00 0.00 0.00 0.00 91.35
525 1.53 0.00 2.55 2.04 0.00 0.00 0.00 0.00 0.00 93.88
526 1.27 0.00 3.29 5.06 0.00 0.00 0.00 0.00 0.00 90.38
527 0.51 0.00 3.29 2.28 0.00 0.25 0.00 0.00 0.00 93.67
528 1.79 0.00 2.04 1.53 0.00 0.00 0.26 0.00 0.00 94.39
529 1.76 0.00 3.53 5.29 0.00 0.00 0.00 0.00 0.00 89.42
530 1.27 0.00 3.54 2.28 0.00 0.00 0.00 0.00 0.00 92.91
531 1.52 0.00 2.79 2.28 0.00 0.00 0.00 0.00 0.00 93.40
532 17.79 0.00 7.01 16.17 0.00 0.00 0.00 0.00 0.00 59.03
533 89.33 0.00 8.84 0.91 0.00 0.00 0.00 0.00 0.00 0.91
534 30.52 0.00 4.63 39.51 0.00 0.27 0.00 0.00 0.00 25.07
535 34.20 0.00 5.70 32.12 0.00 0.00 0.00 0.00 0.00 27.98
536 3.35 0.00 4.12 22.16 0.00 0.00 0.00 0.00 0.00 70.36
537 6.63 0.00 4.34 19.90 0.00 0.00 0.26 0.00 0.00 68.88
538 2.05 0.00 2.30 25.58 0.00 0.00 0.00 0.00 0.00 70.08
539 0.51 0.00 3.84 24.04 0.00 0.26 0.00 0.00 0.00 71.36
540 1.98 0.00 11.30 31.92 0.00 0.00 0.00 0.00 0.00 54.80
541 13.10 0.00 14.88 16.07 0.00 0.00 0.00 0.00 0.00 55.95
542 6.98 0.00 12.85 23.46 0.00 0.00 0.28 0.00 0.00 56.42
543 1.51 0.00 3.53 30.23 0.00 0.00 0.00 0.00 0.00 64.74
544 1.75 0.00 4.01 31.83 0.00 0.00 0.00 0.00 0.00 62.41
545 2.02 0.00 3.28 38.38 0.00 0.00 0.00 0.00 0.00 56.31
546 0.76 0.00 3.31 24.17 0.00 0.00 0.00 0.00 0.00 71.76
547 0.76 0.00 3.55 32.74 0.00 0.00 0.00 0.00 0.00 62.94
548 1.01 0.00 4.04 34.09 0.00 0.00 0.00 0.00 0.00 60.86
549 1.27 0.00 2.79 34.01 0.00 0.00 0.00 0.00 0.00 61.93
550 0.76 0.00 3.28 37.37 0.00 0.00 0.00 0.00 0.00 58.59
551 1.27 0.00 3.04 30.63 0.00 0.00 0.00 0.00 0.00 65.06
552 1.01 0.00 3.04 29.11 0.00 0.00 0.00 0.00 0.00 66.84
553 0.76 0.00 3.54 37.97 0.00 0.25 0.00 0.00 0.00 57.47
554 0.76 0.00 3.05 47.84 0.00 0.00 0.00 0.00 0.00 48.35
555 0.50 0.00 3.78 50.88 0.00 0.00 0.00 0.00 0.00 44.84
556 1.27 0.00 3.81 67.51 0.00 0.00 0.00 0.00 0.00 27.41
557 0.78 0.00 3.36 28.42 0.00 0.00 0.00 0.00 0.00 67.44
558 1.28 0.00 3.07 25.58 0.00 0.00 0.00 0.00 0.00 70.08
559 1.27 0.00 2.79 23.86 0.00 0.00 0.00 0.00 0.00 72.08
560 1.51 0.00 3.53 29.22 0.00 0.00 0.00 0.00 0.00 65.74
561 1.03 0.00 3.59 23.08 0.00 0.00 0.00 0.00 0.00 72.31
562 2.15 0.00 11.83 30.65 0.00 0.00 0.00 0.00 0.00 55.38
563 0.96 0.00 10.58 34.62 0.00 0.00 0.32 0.00 0.00 53.53
564 2.46 0.00 16.12 25.41 0.00 0.00 0.00 0.00 0.00 56.01
565 2.06 0.00 3.61 22.94 0.00 0.00 0.00 0.00 0.00 71.39
566 1.28 0.00 3.58 25.32 0.00 0.00 0.00 0.00 0.00 69.82
567 2.04 0.00 2.04 24.43 0.00 0.25 0.25 0.00 0.00 70.99
568 1.26 0.00 4.04 30.30 0.00 0.00 0.00 0.00 0.00 64.39
569 1.28 0.00 3.59 25.13 0.00 0.00 0.00 0.00 0.00 70.00
570 1.63 0.00 9.76 22.49 0.00 0.00 0.00 0.00 0.00 66.12
571 1.28 0.00 4.09 32.23 0.00 0.00 0.00 0.00 0.00 62.40
572 1.27 0.00 2.53 26.58 0.00 0.25 0.25 0.00 0.00 69.11
573 1.53 0.00 2.30 36.73 0.00 0.00 0.00 0.00 0.00 59.44
574 1.02 0.00 3.05 33.76 0.00 0.00 0.00 0.00 0.00 62.18
575 1.01 0.00 2.78 32.66 0.00 0.00 0.00 0.00 0.00 63.54
576 1.27 0.00 2.80 40.71 0.00 0.00 0.00 0.00 0.00 55.22
577 1.02 0.00 2.79 27.66 0.00 0.00 0.00 0.00 0.00 68.53
578 1.52 0.00 3.04 43.04 0.00 0.00 0.00 0.00 0.00 52.41
579 1.52 0.00 3.30 33.25 0.00 0.00 0.25 0.00 0.00 61.68
580 1.02 0.00 3.31 32.82 0.00 0.00 0.00 0.00 0.00 62.85
581 1.02 0.00 3.30 40.10 0.00 0.00 0.00 0.00 0.00 55.58
582 1.02 0.00 3.05 34.86 0.00 0.00 0.00 0.00 0.00 61.07
583 1.01 0.00 3.54 34.68 0.00 0.00 0.00 0.00 0.00 60.76
584 1.02 0.00 2.81 27.81 0.00 0.00 0.00 0.00 0.00 68.37
585 1.52 0.00 2.53 24.05 0.00 0.00 0.00 0.00 0.00 71.90
586 1.04 0.00 2.07 28.24 0.00 0.00 0.00 0.00 0.00 68.65
587 1.52 0.00 2.79 31.73 0.00 0.00 0.00 0.00 0.00 63.96
588 1.02 0.00 3.31 29.01 0.00 0.00 0.00 0.00 0.00 66.67
589 0.76 0.00 3.54 24.30 0.00 0.00 0.00 0.00 0.00 71.39
590 0.77 0.00 2.82 25.38 0.00 0.00 0.00 0.00 0.00 71.03
591 1.02 0.00 2.79 26.40 0.00 0.00 0.00 0.00 0.00 69.80
592 0.76 0.00 3.05 25.70 0.00 0.00 0.00 0.00 0.00 70.48
593 1.53 0.00 2.30 25.00 0.00 0.00 0.26 0.00 0.00 70.92
594 1.02 0.00 3.06 23.98 0.00 0.00 0.00 0.00 0.00 71.94
595 1.27 0.00 2.80 25.45 0.00 0.00 0.00 0.00 0.00 70.48
596 0.77 0.00 2.06 26.29 0.00 0.00 0.00 0.00 0.00 70.88
597 0.51 0.00 2.81 33.76 0.00 0.00 0.00 0.00 0.00 62.92
598 1.27 0.00 2.29 27.23 0.00 0.00 0.00 0.00 0.00 69.21
599 1.28 0.00 2.55 29.34 0.00 0.26 0.00 0.00 0.00 66.58
600 2.58 0.00 2.84 25.77 0.00 0.00 0.00 0.00 0.00 68.81
601 10.90 0.00 3.00 10.90 0.00 0.00 0.00 0.00 0.00 75.20
602 1.81 0.00 9.64 31.93 0.00 0.30 0.00 0.00 0.00 56.33
603 1.84 0.00 2.89 24.93 0.00 0.00 0.00 0.00 0.00 70.34
604 1.86 0.00 5.05 21.28 0.00 0.00 0.00 0.00 0.00 71.81
605 13.83 0.00 19.60 9.51 0.00 0.00 0.29 0.00 0.00 56.77
606 5.50 0.00 3.66 26.70 0.00 0.00 0.00 0.00 0.00 64.14
607 11.14 0.00 2.11 6.93 0.00 0.00 0.00 0.00 0.00 79.82
608 1.27 0.00 3.55 42.64 0.00 0.00 0.00 0.00 0.00 52.54
609 4.20 0.00 3.41 23.36 0.00 0.00 0.26 0.00 0.00 68.77
610 15.19 0.00 4.14 2.76 0.00 0.00 0.00 0.00 0.00 77.90
611 35.94 0.00 10.14 13.33 0.00 0.00 0.29 0.00 0.00 40.29
612 8.57 0.00 10.79 1.59 0.00 0.00 0.32 0.00 0.00 78.73
613 10.19 0.00 5.86 36.42 0.00 0.00 0.31 0.00 0.00 47.22
614 13.78 0.00 15.71 34.62 0.00 0.00 0.32 0.00 0.00 35.58
615 19.71 0.00 27.65 24.41 0.00 0.00 0.29 0.00 0.00 27.94
616 20.39 0.00 27.65 4.19 0.00 0.00 0.28 0.00 0.00 47.49
617 22.29 0.00 25.70 3.41 0.00 0.00 0.00 0.00 0.00 48.61
618 28.12 0.00 18.55 5.80 0.00 0.00 0.00 0.00 0.00 47.54
619 16.97 0.00 23.64 8.79 0.00 0.00 0.30 0.00 0.00 50.30
620 13.88 0.00 12.30 16.72 0.00 0.00 0.00 0.00 0.00 57.10
621 4.42 0.00 4.16 24.94 0.00 0.26 0.26 0.00 0.00 65.97
622 9.50 0.00 8.31 17.21 0.00 0.00 0.00 0.00 0.00 64.99
623 2.54 0.00 3.30 26.65 0.00 0.00 0.00 0.00 0.00 67.51
624 2.09 0.00 4.45 28.53 0.00 0.00 0.00 0.00 0.00 64.92
625 3.91 0.00 3.65 27.34 0.00 0.00 0.00 0.00 0.00 65.10
626 1.52 0.00 3.29 33.16 0.00 0.00 0.00 0.00 0.00 62.03
627 1.79 0.00 3.06 33.42 0.00 0.00 0.00 0.00 0.00 61.73
628 4.36 0.00 9.54 22.89 0.00 0.00 0.00 0.00 0.00 63.22
629 2.35 0.00 4.18 21.15 0.00 0.00 0.00 0.00 0.00 72.32
630 13.28 0.00 5.47 12.24 0.00 0.00 0.26 0.00 0.00 68.75
631 28.07 0.00 22.89 8.72 0.00 0.00 0.00 0.00 0.00 40.33
632 22.64 0.00 18.87 0.63 0.00 0.00 0.00 0.00 0.00 57.86
633 21.66 0.00 22.55 3.86 0.00 0.00 0.00 0.00 0.00 51.93
634 32.17 0.00 23.48 1.45 0.00 0.00 0.00 0.00 0.00 42.90
635 26.67 0.00 16.67 1.82 0.00 0.00 0.30 0.00 0.00 54.55
636 30.68 0.00 16.22 2.06 0.00 0.00 0.00 0.00 0.00 51.03
637 29.75 0.00 12.88 1.53 0.00 0.00 0.31 0.00 0.00 55.52
638 17.80 0.00 27.89 5.93 0.00 0.00 1.19 0.00 0.00 47.18
639 17.42 0.00 30.34 2.25 0.00 0.00 0.00 0.00 0.00 50.00
640 19.30 0.00 21.84 13.29 0.00 0.00 0.00 0.00 0.00 45.57
641 22.16 0.00 19.46 10.18 0.00 0.00 0.00 0.00 0.00 48.20
642 26.29 0.00 23.58 8.67 0.00 0.00 0.27 0.00 0.00 41.19
643 28.03 0.00 18.50 6.36 0.00 0.00 0.00 0.00 0.00 47.11
644 22.13 0.00 25.57 3.74 0.00 0.00 0.29 0.00 0.00 48.28
645 26.97 0.00 18.79 11.52 0.00 0.00 0.30 0.00 0.00 42.42
646 12.65 0.00 18.67 9.04 0.00 0.00 0.00 0.00 0.00 59.64
647 14.20 0.00 3.19 4.35 0.00 0.00 0.29 0.00 0.00 77.97
648 8.20 0.00 3.47 6.62 0.00 0.00 0.32 0.00 0.00 81.39
649 18.11 0.00 3.06 1.39 0.00 0.00 0.00 0.00 0.00 77.44
650 16.33 0.00 3.15 5.73 0.00 0.00 0.00 0.00 0.00 74.79
651 15.90 0.00 2.31 1.73 0.00 0.00 0.00 0.00 0.00 80.06
652 14.08 0.00 2.93 1.76 0.00 0.00 0.00 0.00 0.00 81.23
653 15.51 0.00 3.48 1.90 0.00 0.00 0.00 0.00 0.00 79.11
654 10.67 0.00 3.66 0.30 0.00 0.00 0.30 0.00 0.00 85.06
655 13.03 0.00 3.26 4.23 0.00 0.00 0.00 0.00 0.00 79.48
656 10.64 0.00 26.44 2.74 0.00 0.00 0.30 0.00 0.00 59.88
657 6.69 0.00 33.44 0.32 0.00 0.00 0.32 0.00 0.00 59.24
658 12.97 0.00 31.96 1.58 0.00 0.00 0.00 0.00 0.00 53.48
659 26.76 0.00 21.13 0.85 0.00 0.00 0.00 0.00 0.00 51.27
660 28.62 0.00 13.21 3.77 0.00 0.00 0.00 0.00 0.00 54.40
661 22.26 0.00 21.65 2.13 0.00 0.00 0.30 0.00 0.00 53.66
662 28.24 0.00 17.58 0.00 0.00 0.29 0.00 0.00 0.00 53.89
663 31.13 0.00 10.06 0.63 0.00 0.00 0.31 0.00 0.00 57.86
664 25.97 0.00 18.21 4.18 0.00 0.00 0.00 0.00 0.00 51.64
665 10.98 0.00 32.32 0.00 0.00 0.00 0.30 0.00 0.00 56.40
666 12.24 0.00 32.24 0.00 0.00 0.00 0.00 0.00 0.00 55.52
667 29.08 0.00 15.43 0.00 0.00 0.00 0.00 0.00 0.00 55.49
668 28.91 0.00 25.99 1.33 0.00 0.00 0.27 0.00 0.00 43.50
669 33.61 0.00 20.17 3.64 0.00 0.28 0.00 0.00 0.00 42.30
670 21.47 0.00 23.82 0.59 0.00 0.00 0.00 0.00 0.00 54.12
671 30.63 0.00 10.94 1.25 0.00 0.00 0.31 0.00 0.00 56.88
672 34.50 0.00 11.11 3.22 0.00 0.00 0.29 0.00 0.00 50.88
673 16.57 0.00 4.94 23.26 0.00 0.00 0.58 0.00 0.00 54.65
674 11.85 0.00 3.34 0.91 0.00 0.00 0.00 0.00 0.00 83.89
675 16.19 0.00 3.69 1.42 0.00 0.28 0.00 0.00 0.00 78.41
676 7.89 0.00 3.47 5.36 0.00 0.00 0.32 0.00 0.00 82.97
677 2.99 0.00 3.65 1.66 0.00 0.00 0.00 0.00 0.00 91.69
678 6.17 0.00 2.60 4.22 0.00 0.00 0.00 0.00 0.00 87.01
679 8.41 0.00 3.12 2.18 0.00 0.00 0.31 0.00 0.00 85.98
680 16.38 0.00 3.16 2.01 0.00 0.00 0.00 0.00 0.00 78.45
681 6.73 0.00 2.88 1.60 0.00 0.00 0.00 0.00 0.00 88.78
682 10.98 0.00 4.27 3.35 0.00 0.00 0.30 0.00 0.00 81.10
683 11.82 0.00 3.33 2.12 0.00 0.00 0.00 0.00 0.00 82.73
684 4.85 0.00 3.88 1.94 0.00 0.32 0.32 0.00 0.00 88.67
685 15.52 0.00 3.16 4.89 0.00 0.00 0.00 0.00 0.00 76.44
686 8.54 0.00 4.11 12.03 0.00 0.00 0.32 0.00 0.00 75.00
687 12.50 0.00 3.87 9.82 0.00 0.00 0.30 0.00 0.00 73.51
688 12.54 0.00 3.88 5.97 0.00 0.00 0.30 0.00 0.00 77.31
689 10.61 0.00 4.85 11.52 0.00 0.00 0.30 0.00 0.00 72.73
690 19.62 0.00 3.81 23.16 0.00 0.00 0.00 0.00 0.00 53.41
691 9.48 0.00 4.59 21.71 0.00 0.00 0.31 0.00 0.00 63.91
692 21.49 0.00 4.78 11.34 0.00 0.00 0.00 0.00 0.00 62.39
693 16.99 0.00 4.18 13.65 0.00 0.00 0.00 0.00 0.00 65.18
694 16.05 0.00 3.15 6.59 0.00 0.00 0.00 0.00 0.00 74.21
695 21.69 0.00 3.38 15.77 0.00 0.00 0.28 0.00 0.00 58.87
696 9.88 0.00 3.09 3.09 0.00 0.00 0.00 0.00 0.00 83.95
697 22.69 0.00 3.92 2.24 0.00 0.00 0.00 0.00 0.00 71.15
698 20.67 0.00 2.23 8.94 0.00 0.00 0.28 0.00 0.00 67.88
699 13.39 0.00 2.68 1.79 0.00 0.00 0.30 0.00 0.00 81.85
700 10.46 0.00 2.77 0.31 0.00 0.31 0.00 0.00 0.00 86.15
701 11.55 0.00 3.04 2.74 0.00 0.00 0.00 0.00 0.00 82.67
702 8.89 0.00 2.22 2.86 0.00 0.00 0.32 0.00 0.00 85.71
703 14.94 0.00 4.02 1.44 0.00 0.00 0.29 0.00 0.00 79.31
704 4.59 0.00 3.61 2.95 0.00 0.00 0.00 0.00 0.00 88.85
705 19.77 0.00 4.30 13.18 0.00 0.00 0.29 0.00 0.00 62.46
706 15.14 0.00 4.57 2.00 0.00 0.00 0.00 0.00 0.00 78.29
707 8.25 0.00 4.44 0.63 0.00 0.00 0.00 0.00 0.00 86.67
708 17.45 0.00 4.16 1.39 0.00 0.00 0.00 0.00 0.00 77.01
709 8.23 0.00 2.53 1.58 0.00 0.00 0.00 0.00 0.00 87.66
710 11.14 0.00 3.31 0.30 0.00 0.00 0.30 0.00 0.00 84.94
711 14.20 0.00 2.96 0.00 0.00 0.00 0.00 0.00 0.00 82.84
712 12.18 0.00 3.53 1.92 0.00 0.00 0.00 0.00 0.00 82.37
713 14.20 0.00 4.64 0.29 0.00 0.00 0.29 0.00 0.00 80.58
714 17.02 0.00 6.69 2.13 0.00 0.00 0.00 0.00 0.00 74.16
715 10.57 0.00 4.23 0.00 0.00 0.00 0.30 0.00 0.00 84.89
716 18.11 0.00 3.90 0.84 0.00 0.00 0.00 0.00 0.00 77.16
717 6.45 0.00 2.90 0.32 0.00 0.00 0.00 0.00 0.00 90.32
718 20.35 0.00 4.36 4.36 0.00 0.00 0.29 0.00 0.00 70.64
719 11.25 0.00 3.04 0.91 0.00 0.00 0.30 0.00 0.00 84.50
720 9.48 0.00 3.98 1.22 0.00 0.00 0.00 0.00 0.00 85.32
721 19.78 0.00 3.62 0.84 0.00 0.00 0.00 0.00 0.00 75.77
722 12.50 0.00 4.17 1.79 0.00 0.00 0.00 0.00 0.00 81.55
723 15.90 0.00 3.47 0.58 0.00 0.00 0.29 0.00 0.00 79.77
724 10.64 0.00 3.95 4.26 0.00 0.00 0.30 0.00 0.00 80.85
725 5.81 0.00 4.19 0.32 0.00 0.00 0.00 0.00 0.00 89.68
726 20.44 0.00 4.63 8.17 0.00 0.00 0.00 0.00 0.00 66.76
727 10.43 0.00 3.99 0.61 0.00 0.00 0.00 0.00 0.00 84.97
728 12.12 0.00 5.45 2.73 0.00 0.00 0.30 0.00 0.00 79.39
729 14.58 0.00 3.79 4.37 0.00 0.00 0.00 0.00 0.00 77.26
730 5.14 0.00 5.14 1.93 0.00 0.00 0.00 0.00 0.00 87.78
731 15.41 0.00 4.07 4.36 0.00 0.00 0.29 0.00 0.00 75.87
732 10.98 0.00 8.23 9.76 0.00 0.00 0.00 0.00 0.00 71.04
733 14.45 0.00 3.54 19.76 0.00 0.00 0.29 0.00 0.00 61.95
734 10.64 0.00 4.56 8.81 0.00 0.00 0.30 0.00 0.00 75.68
735 11.21 0.00 4.67 7.17 0.00 0.00 0.31 0.00 0.00 76.64
736 16.62 0.00 4.01 8.88 0.00 0.00 0.00 0.00 0.00 70.49
737 8.72 0.00 4.05 4.98 0.00 0.00 0.00 0.00 0.00 82.24
738 10.74 0.00 3.68 12.27 0.00 0.00 0.31 0.00 0.00 73.01
739 17.05 0.00 4.26 13.07 0.00 0.00 0.00 0.00 0.00 65.62
740 8.15 0.00 3.45 26.33 0.00 0.00 0.00 0.00 0.00 62.07
741 10.46 0.00 3.38 6.15 0.00 0.00 0.00 0.00 0.00 80.00
742 17.39 0.00 3.19 4.06 0.00 0.29 0.00 0.00 0.00 75.07
743 8.75 0.00 3.12 8.75 0.00 0.00 0.31 0.00 0.00 79.06
744 17.14 0.00 3.43 5.14 0.00 0.00 0.29 0.00 0.00 74.00
745 10.64 0.00 4.56 0.91 0.00 0.00 0.30 0.00 0.00 83.59
746 12.01 0.00 3.60 3.60 0.00 0.00 0.00 0.00 0.00 80.78
747 13.24 0.00 3.53 0.88 0.00 0.00 0.00 0.00 0.00 82.35
748 4.89 0.00 3.26 1.95 0.00 0.00 0.33 0.00 0.00 89.58
749 19.48 0.00 3.44 1.43 0.00 0.00 0.00 0.00 0.00 75.64
750 8.44 0.00 3.12 9.38 0.00 0.00 0.62 0.00 0.00 78.44
751 10.03 0.00 7.52 28.53 0.00 0.00 0.31 0.00 0.00 53.61
752 21.31 0.00 5.40 12.22 0.00 0.00 0.00 0.00 0.00 61.08
753 11.21 0.00 4.98 27.73 0.00 0.00 0.00 0.00 0.00 56.07
754 19.71 0.00 22.35 28.24 0.00 0.00 0.00 0.00 0.00 29.71
755 12.42 0.00 2.73 3.03 0.00 0.00 0.30 0.00 0.00 81.52
756 20.67 0.00 2.51 2.23 0.00 0.00 0.00 0.00 0.00 74.58
757 7.37 0.00 3.21 7.69 0.00 0.00 0.32 0.00 0.00 81.41
758 11.69 0.00 4.31 27.38 0.00 0.00 0.62 0.00 0.00 56.00
759 16.43 0.00 3.17 4.03 0.00 0.00 0.00 0.00 0.00 76.37
760 5.56 0.00 3.09 14.81 0.00 0.00 0.31 0.00 0.00 76.23
761 7.86 0.00 2.83 10.06 0.00 0.00 0.00 0.00 0.00 79.25
762 21.33 0.00 3.47 9.60 0.00 0.00 0.00 0.00 0.00 65.60
763 9.88 0.00 4.01 8.33 0.00 0.00 0.00 0.00 0.00 77.78
764 16.06 0.00 3.10 18.87 0.00 0.00 0.28 0.00 0.00 61.69
765 9.29 0.00 3.41 2.17 0.00 0.00 0.00 0.00 0.00 85.14
766 9.35 0.00 4.05 6.23 0.00 0.00 0.00 0.00 0.00 80.37
767 13.13 0.00 2.99 0.00 0.00 0.00 0.00 0.00 0.00 83.88
768 7.62 0.00 3.81 4.13 0.00 0.00 0.32 0.00 0.00 84.13
769 19.78 0.00 3.30 0.82 0.00 0.00 0.27 0.00 0.00 75.82
770 17.37 0.00 4.48 1.40 0.00 0.00 0.00 0.00 0.00 76.75
771 11.52 0.00 3.33 3.03 0.00 0.00 0.30 0.00 0.00 81.82
772 18.33 0.00 3.61 2.50 0.00 0.00 0.00 0.00 0.00 75.56
773 5.48 0.00 4.84 3.23 0.00 0.00 0.32 0.00 0.00 86.13
774 12.20 0.00 3.87 1.19 0.00 0.00 0.00 0.00 0.00 82.74
775 9.85 0.00 3.38 1.85 0.00 0.00 0.00 0.00 0.00 84.92
776 6.98 0.00 3.49 1.27 0.00 0.00 0.00 0.00 0.00 88.25
777 16.86 0.00 2.86 1.14 0.00 0.00 0.00 0.00 0.00 79.14
778 11.25 0.00 4.26 1.52 0.00 0.00 0.30 0.00 0.00 82.67
779 14.71 0.00 3.82 0.88 0.00 0.29 0.00 0.00 0.00 80.29
780 10.74 0.00 3.37 1.84 0.00 0.00 0.00 0.00 0.00 84.05
781 5.52 0.00 2.92 1.30 0.00 0.00 0.00 0.00 0.00 90.26
782 17.09 0.00 2.85 0.85 0.00 0.00 0.28 0.00 0.00 78.92
783 17.88 0.00 3.35 1.68 0.00 0.00 0.00 0.00 0.00 77.09
784 13.17 0.00 2.10 2.40 0.00 0.00 0.30 0.00 0.00 82.04
785 17.80 0.00 2.82 1.41 0.00 0.00 0.00 0.00 0.00 77.97
786 4.95 0.00 3.30 6.60 0.00 0.00 0.33 0.00 0.00 84.82
787 9.69 0.00 2.19 1.56 0.00 0.00 0.00 0.00 0.00 86.56
788 6.82 0.00 5.19 2.60 0.00 0.00 0.32 0.00 0.00 85.06
789 4.98 0.00 3.65 6.64 0.00 0.00 0.33 0.00 0.00 84.39
790 13.06 0.00 3.56 0.59 0.00 0.00 0.00 0.00 0.00 82.79
791 9.15 0.00 2.52 3.15 0.00 0.00 0.00 0.00 0.00 85.17
792 18.94 0.00 3.06 1.67 0.00 0.00 0.28 0.00 0.00 76.04
793 10.49 0.00 5.86 8.02 0.00 0.00 0.00 0.00 0.00 75.62
794 24.43 0.00 3.82 0.51 0.00 0.00 0.00 0.00 0.00 71.25
795 20.69 0.00 4.51 0.53 0.00 0.00 0.00 0.00 0.00 74.27
796 19.78 0.00 3.85 1.92 0.00 0.00 0.27 0.00 0.00 74.18
797 21.02 0.00 3.77 0.54 0.00 0.00 0.00 0.00 0.00 74.66
798 9.94 0.00 3.11 0.62 0.00 0.00 0.00 0.00 0.00 86.34
799 10.98 0.00 3.05 7.01 0.00 0.00 0.30 0.00 0.00 78.66
800 15.03 0.00 4.34 0.00 0.00 0.00 0.00 0.00 0.00 80.64
801 8.75 0.00 2.81 0.62 0.00 0.00 0.31 0.00 0.00 87.50
802 5.84 0.00 3.57 1.30 0.00 0.00 0.00 0.00 0.00 89.29
803 6.35 0.00 4.44 1.59 0.00 0.00 0.32 0.00 0.00 87.30
804 12.43 0.00 4.44 2.96 0.00 0.00 0.00 0.00 0.00 80.18
805 14.45 0.00 4.42 0.00 0.00 0.00 0.00 0.00 0.00 81.12
806 6.43 0.00 3.22 1.29 0.00 0.00 0.00 0.00 0.00 89.07
807 10.09 0.00 3.98 3.98 0.00 0.31 0.31 0.00 0.00 81.35
808 7.01 0.00 3.18 11.46 0.00 0.00 0.00 0.00 0.00 78.34
809 13.91 0.00 2.66 5.62 0.00 0.00 0.30 0.00 0.00 77.51
810 16.15 0.00 3.97 2.55 0.00 0.00 0.00 0.00 0.00 77.34
811 11.62 0.00 3.98 4.28 0.00 0.00 0.00 0.00 0.00 80.12
812 13.61 0.00 6.21 7.69 0.00 0.00 0.30 0.00 0.00 72.19
813 11.61 0.00 4.46 1.19 0.00 0.00 0.30 0.00 0.00 82.44
814 13.31 0.00 3.85 5.03 0.00 0.00 0.30 0.00 0.00 77.51
815 17.04 0.00 4.47 4.47 0.00 0.00 0.00 0.00 0.00 74.02
816 12.54 0.00 4.18 10.15 0.00 0.00 0.30 0.00 0.00 72.84
817 10.70 0.00 4.28 25.08 0.00 0.00 0.00 0.00 0.00 59.94
818 16.33 0.00 4.37 9.91 0.00 0.00 0.00 0.00 0.00 69.39
819 19.26 0.00 3.96 10.29 0.00 0.00 0.26 0.00 0.00 66.23
820 14.58 0.00 4.08 2.04 0.00 0.00 0.00 0.00 0.00 79.30
821 13.43 0.00 5.67 6.57 0.00 0.00 0.00 0.00 0.00 74.33
822 10.53 0.00 5.56 2.92 0.00 0.00 0.29 0.00 0.00 80.70
823 13.35 0.00 2.97 0.59 0.00 0.00 0.00 0.00 0.00 83.09
824 10.43 0.00 3.37 1.23 0.00 0.00 0.61 0.00 0.00 84.36
825 17.00 0.00 3.68 1.42 0.00 0.00 0.00 0.00 0.00 77.90
826 14.33 0.00 3.12 3.43 0.00 0.00 0.00 0.00 0.00 79.13
827 10.19 0.00 2.78 0.62 0.00 0.00 0.00 0.00 0.00 86.42
828 17.89 0.00 5.87 7.04 0.00 0.00 0.00 0.00 0.00 69.21
829 9.01 0.00 4.66 0.93 0.00 0.00 0.31 0.00 0.00 85.09
830 16.95 0.00 3.11 1.13 0.00 0.28 0.28 0.00 0.00 78.25
831 14.50 0.00 3.93 5.44 0.00 0.00 0.00 0.00 0.00 76.13
832 11.28 0.00 2.74 0.61 0.00 0.00 0.00 0.00 0.00 85.37
833 19.24 0.00 4.61 1.08 0.00 0.00 0.27 0.00 0.00 74.80
834 7.21 0.00 5.02 0.31 0.00 0.00 0.63 0.00 0.00 86.83
835 16.06 0.00 4.23 0.28 0.00 0.00 0.28 0.00 0.00 79.15
836 18.01 0.00 4.99 2.22 0.00 0.00 0.00 0.00 0.00 74.79
837 9.26 0.00 4.01 1.54 0.00 0.00 0.00 0.00 0.00 85.19
838 14.83 0.00 3.20 1.16 0.00 0.00 0.29 0.00 0.00 80.52
839 3.32 0.00 3.99 0.66 0.00 0.00 0.00 0.00 0.00 92.03
840 18.03 0.00 3.94 2.54 0.00 0.00 0.00 0.00 0.00 75.49
841 12.23 0.00 2.45 1.83 0.00 0.00 0.00 0.00 0.00 83.49
842 10.94 0.00 2.81 4.38 0.00 0.00 0.31 0.00 0.00 81.56
843 15.94 0.00 2.32 0.87 0.00 0.00 0.00 0.00 0.00 80.87
844 11.99 0.00 2.21 3.47 0.00 0.00 0.00 0.00 0.00 82.33
845 14.16 0.00 3.24 0.88 0.00 0.00 0.29 0.00 0.00 81.42
846 17.73 0.00 2.91 3.78 0.00 0.00 0.00 0.00 0.00 75.58
847 13.91 0.00 2.96 1.18 0.00 0.00 0.00 0.00 0.00 81.95
848 14.07 0.00 2.45 4.28 0.00 0.00 0.31 0.00 0.00 78.90
849 13.17 0.00 2.69 3.59 0.00 0.30 0.00 0.00 0.00 80.24
850 14.75 0.00 5.60 5.90 0.00 0.00 0.29 0.00 0.00 73.45
851 10.74 0.00 3.37 15.34 0.00 0.00 0.00 0.00 0.00 70.55
852 6.73 0.00 2.88 3.85 0.00 0.00 0.32 0.00 0.00 86.22
853 14.75 0.00 4.13 12.68 0.00 0.00 0.00 0.00 0.00 68.44
854 8.95 0.00 3.83 7.99 0.00 0.00 0.32 0.00 0.00 78.91
855 18.26 0.00 3.09 6.18 0.00 0.00 0.00 0.00 0.00 72.47
856 11.48 0.00 3.02 7.25 0.00 0.00 0.00 0.00 0.00 78.25
857 6.13 0.00 2.26 6.77 0.00 0.00 0.32 0.00 0.00 84.52
858 19.60 0.00 3.17 2.31 0.00 0.00 0.00 0.00 0.00 74.93
859 7.64 0.00 2.87 0.96 0.00 0.00 0.00 0.00 0.00 88.54
860 13.35 0.00 3.26 0.30 0.00 0.00 0.00 0.00 0.00 83.09
861 8.72 0.00 3.12 0.00 0.00 0.00 0.31 0.00 0.00 87.85
862 15.56 0.00 3.81 10.16 0.00 0.00 0.00 0.00 0.00 70.48
863 12.84 0.00 2.99 2.69 0.00 0.00 0.30 0.00 0.00 81.19
864 9.40 0.00 2.82 0.63 0.00 0.00 0.00 0.00 0.00 87.15
865 15.12 0.00 9.57 1.54 0.00 0.00 0.31 0.00 0.00 73.46
866 14.53 0.00 3.49 0.29 0.00 0.00 0.00 0.00 0.00 81.69
867 13.17 0.00 3.89 5.09 0.00 0.30 0.30 0.00 0.00 77.25
868 13.10 0.00 3.27 3.57 0.00 0.00 0.00 0.00 0.00 80.06
869 10.98 0.00 3.35 0.91 0.00 0.00 0.00 0.00 0.00 84.76
870 14.07 0.00 3.89 11.98 0.00 0.00 0.00 0.00 0.00 70.06
871 20.71 0.00 2.72 4.09 0.00 0.00 0.27 0.00 0.00 72.21
872 8.52 0.00 1.89 1.58 0.00 0.00 0.00 0.00 0.00 88.01
873 15.43 0.00 4.00 0.86 0.00 0.00 0.00 0.00 0.00 79.71
874 6.98 0.00 4.44 0.00 0.00 0.00 0.00 0.00 0.00 88.57
875 6.39 0.00 4.47 0.32 0.00 0.00 0.32 0.00 0.00 88.50
876 15.61 0.00 4.05 6.65 0.00 0.00 0.00 0.00 0.00 73.70
877 2.64 0.00 3.63 4.62 0.00 0.00 0.33 0.00 0.00 88.78
878 12.76 0.00 4.15 19.29 0.00 0.00 0.30 0.00 0.00 63.50
879 21.35 0.00 3.24 5.41 0.00 0.00 0.00 0.00 0.00 70.00
880 5.81 0.00 3.87 10.00 0.00 0.00 0.32 0.00 0.00 80.00
881 15.00 0.00 4.71 14.41 0.00 0.00 0.00 0.00 0.00 65.88
882 7.19 0.00 5.31 3.44 0.00 0.00 0.00 0.00 0.00 84.06
883 11.98 0.00 4.19 4.79 0.00 0.00 0.30 0.00 0.00 78.74
884 17.96 0.00 4.97 2.21 0.00 0.00 0.00 0.00 0.00 74.86
885 15.45 0.00 5.54 5.83 0.00 0.00 0.00 0.00 0.00 73.18
886 15.71 0.00 4.29 2.29 0.00 0.00 0.00 0.00 0.00 77.71
887 11.69 0.00 6.15 2.46 0.00 0.00 0.00 0.00 0.00 79.69
888 9.15 0.00 4.88 1.22 0.00 0.00 0.30 0.00 0.00 84.45
889 12.72 0.00 3.85 0.89 0.00 0.00 0.00 0.00 0.00 82.54
890 6.35 0.00 5.08 0.95 0.00 0.00 0.00 0.00 0.00 87.62
891 14.81 0.00 4.84 1.42 0.00 0.00 0.28 0.00 0.00 78.63
892 16.47 0.00 5.59 6.18 0.00 0.00 0.29 0.00 0.00 71.47
893 12.20 0.00 4.76 1.79 0.00 0.00 0.00 0.00 0.00 81.25
894 21.82 0.00 4.97 6.08 0.00 0.00 0.28 0.00 0.00 66.85
895 7.50 0.00 4.69 1.25 0.00 0.00 0.00 0.00 0.00 86.56
896 15.56 0.00 2.88 2.31 0.00 0.00 0.00 0.00 0.00 79.25
897 14.24 0.00 3.41 0.31 0.00 0.00 0.00 0.00 0.00 82.04
898 8.12 0.00 3.75 1.88 0.00 0.00 0.00 0.00 0.00 86.25
899 17.05 0.00 3.69 3.69 0.00 0.00 0.28 0.00 0.00 75.28
900 10.56 0.00 2.48 0.62 0.00 0.00 0.00 0.00 0.00 86.34
901 11.89 0.00 3.96 0.91 0.00 0.00 0.00 0.00 0.00 83.23
902 11.78 0.00 6.04 0.91 0.00 0.00 0.00 0.00 0.00 81.27
903 11.35 0.00 4.29 1.84 0.00 0.00 0.31 0.00 0.00 82.21
904 15.34 0.00 3.98 0.28 0.00 0.00 0.28 0.00 0.00 80.11
905 10.46 0.00 3.38 0.31 0.00 0.00 0.00 0.00 0.00 85.85
906 8.70 0.00 3.42 0.62 0.00 0.00 0.00 0.00 0.00 87.27
907 7.94 0.00 3.17 5.08 0.00 0.00 0.32 0.00 0.00 83.49
908 15.76 0.00 5.15 7.58 0.00 0.00 0.61 0.00 0.00 70.91
909 10.53 0.00 2.79 1.24 0.00 0.00 0.00 0.00 0.00 85.45
910 7.59 0.00 2.85 0.32 0.00 0.00 0.32 0.00 0.00 88.92
911 9.12 0.00 2.20 0.00 0.00 0.00 0.00 0.00 0.00 88.68
912 18.44 0.00 2.79 1.40 0.00 0.00 0.00 0.00 0.00 77.37
913 18.84 0.00 5.22 4.93 0.00 0.00 0.00 0.00 0.00 71.01
914 12.43 0.00 3.85 0.30 0.00 0.00 0.00 0.00 0.00 83.43
915 18.96 0.00 3.36 5.81 0.00 0.00 0.00 0.00 0.00 71.87
916 9.35 0.00 2.80 2.49 0.00 0.00 0.31 0.00 0.00 85.05
917 21.11 0.00 2.64 11.14 0.00 0.00 0.00 0.00 0.00 65.10
918 24.84 0.00 4.78 5.41 0.00 0.00 0.32 0.00 0.00 64.65
919 13.17 0.00 2.99 0.90 0.00 0.00 0.30 0.00 0.00 82.63
920 22.02 0.00 3.27 10.12 0.00 0.00 0.00 0.00 0.00 64.58
921 9.85 0.00 3.38 9.85 0.00 0.00 0.31 0.00 0.00 76.62
922 14.24 0.00 2.08 5.93 0.00 0.00 0.00 0.00 0.00 77.74
923 9.32 0.00 3.42 0.62 0.00 0.00 0.00 0.00 0.00 86.65
924 9.32 0.00 2.80 6.52 0.00 0.00 0.31 0.00 0.00 81.06
925 14.45 0.00 3.24 11.21 0.00 0.00 0.00 0.00 0.00 71.09
926 16.36 0.00 3.09 25.00 0.00 0.00 0.00 0.00 0.00 55.56
927 8.25 0.00 3.17 4.76 0.00 0.00 0.00 0.00 0.00 83.81
928 22.01 0.00 3.46 13.84 0.00 0.00 0.31 0.00 0.00 60.38
929 19.16 0.00 2.69 5.39 0.00 0.00 0.00 0.00 0.00 72.75
930 18.44 0.00 3.07 1.40 0.00 0.00 0.00 0.00 0.00 77.09
931 24.13 0.00 3.78 1.16 0.00 0.00 0.00 0.00 0.00 70.93
932 13.24 0.00 3.82 3.24 0.00 0.00 0.29 0.00 0.00 79.41
933 12.43 0.00 4.14 0.59 0.00 0.00 0.00 0.00 0.00 82.84
934 4.25 0.00 3.92 1.96 0.00 0.00 0.00 0.00 0.00 89.87
935 13.24 0.00 3.82 1.47 0.00 0.00 0.29 0.00 0.00 81.18
936 12.70 0.00 3.49 0.95 0.00 0.00 0.00 0.00 0.00 82.86
937 3.29 0.00 3.95 0.66 0.00 0.00 0.33 0.00 0.00 91.78
938 22.10 0.00 3.97 3.12 0.00 0.00 0.00 0.00 0.00 70.82
939 0.34 0.00 3.09 1.37 0.00 0.00 0.34 0.00 0.00 94.85
940 15.23 0.00 4.60 1.44 0.00 0.00 0.00 0.00 0.00 78.74
941 10.67 0.00 3.66 1.83 0.00 0.00 0.00 0.00 0.00 83.84
942 11.71 0.00 6.01 5.41 0.00 0.00 0.30 0.00 0.00 76.58
943 20.06 0.00 4.58 4.01 0.00 0.00 0.00 0.00 0.00 71.35
944 6.11 0.00 3.86 2.57 0.00 0.00 0.00 0.00 0.00 87.46
945 13.39 0.00 3.57 2.68 0.00 0.00 0.30 0.00 0.00 80.06
946 12.24 0.00 3.79 11.08 0.00 0.00 0.00 0.00 0.00 72.89
947 7.21 0.00 4.08 5.02 0.00 0.00 0.31 0.00 0.00 83.39
948 13.78 0.00 4.11 2.64 0.00 0.00 0.59 0.00 0.00 78.89
949 5.50 0.00 3.24 0.00 0.00 0.00 0.00 0.00 0.00 91.26
950 9.58 0.00 4.19 6.89 0.00 0.00 0.00 0.00 0.00 79.34
951 13.86 0.00 2.95 0.29 0.00 0.29 0.00 0.00 0.00 82.60
952 9.35 0.00 3.12 6.54 0.00 0.00 0.31 0.00 0.00 80.69
953 18.73 0.00 4.90 5.19 0.00 0.00 0.00 0.00 0.00 71.18
954 9.03 0.00 3.74 5.92 0.00 0.00 0.00 0.00 0.00 81.31
955 19.32 0.00 4.26 4.83 0.00 0.00 0.00 0.00 0.00 71.59
956 17.55 0.00 3.90 8.08 0.00 0.00 0.28 0.00 0.00 70.19
957 11.26 0.00 3.49 21.72 0.00 0.00 0.00 0.00 0.00 63.54
958 31.04 0.00 3.30 32.97 0.00 0.00 0.00 0.00 0.00 32.69
959 1.28 0.00 3.06 9.44 0.00 0.00 0.00 0.00 0.00 86.22
960 0.77 0.00 3.06 3.83 0.00 0.00 0.00 0.00 0.00 92.35
961 1.02 0.00 3.82 1.27 0.00 0.00 0.00 0.00 0.00 93.89
962 1.79 0.00 3.07 24.55 0.00 0.00 0.00 0.00 0.00 70.59
963 3.34 0.00 3.08 56.04 0.00 0.00 0.00 0.00 0.00 37.53
964 35.69 0.00 4.72 17.99 0.00 0.00 0.59 0.00 0.00 41.00
965 10.15 0.00 3.38 0.31 0.00 0.00 0.00 0.00 0.00 86.15
966 13.10 0.00 3.57 1.49 0.00 0.00 0.00 0.00 0.00 81.85
967 17.74 0.00 6.42 6.42 0.00 0.31 0.31 0.00 0.00 68.81
968 10.03 0.00 3.76 11.91 0.00 0.00 0.00 0.00 0.00 74.29
969 20.69 0.00 4.89 6.61 0.00 0.00 0.00 0.00 0.00 67.82
970 15.30 0.00 4.82 3.12 0.00 0.00 0.28 0.00 0.00 76.49
971 23.68 0.00 6.13 8.36 0.00 0.00 0.00 0.00 0.00 61.84
972 15.95 0.00 3.99 4.56 0.00 0.00 0.00 0.00 0.00 75.50
973 16.29 0.00 4.57 12.00 0.00 0.00 0.00 0.00 0.00 67.14
974 12.46 0.00 4.86 13.37 0.00 0.00 0.61 0.00 0.00 68.69
975 21.19 0.00 3.58 12.24 0.00 0.00 0.30 0.00 0.00 62.69
976 13.27 0.00 2.95 1.47 0.00 0.00 0.29 0.00 0.00 82.01
977 15.48 0.00 3.27 7.44 0.00 0.00 0.00 0.00 0.00 73.81
978 14.62 0.00 4.97 23.68 0.00 0.00 0.29 0.00 0.00 56.43
979 11.59 0.00 2.74 3.96 0.00 0.00 0.00 0.00 0.00 81.71
980 14.37 0.00 3.75 35.94 0.00 0.00 0.00 0.00 0.00 45.94
981 14.54 0.00 2.67 3.86 0.00 0.00 0.00 0.00 0.00 78.93
982 14.33 0.00 4.98 29.28 0.00 0.00 0.31 0.00 0.00 51.09
983 12.05 0.00 3.92 32.53 0.00 0.00 0.30 0.00 0.00 51.20
984 12.12 0.00 2.73 18.48 0.00 0.00 0.00 0.00 0.00 66.67
985 16.97 0.00 3.33 26.06 0.00 0.00 0.30 0.00 0.00 53.33
986 18.44 0.00 3.35 3.63 0.00 0.00 0.00 0.00 0.00 74.58
987 10.76 0.00 3.16 18.35 0.00 0.00 0.32 0.00 0.00 67.41
988 14.33 0.00 3.88 31.04 0.00 0.00 0.00 0.00 0.00 50.75
989 14.53 0.00 4.07 3.20 0.00 0.00 0.00 0.00 0.00 78.20
990 15.96 0.00 3.31 3.31 0.00 0.00 0.30 0.00 0.00 77.11
991 18.51 0.00 3.87 1.38 0.00 0.00 0.00 0.00 0.00 76.24
992 17.40 0.00 5.31 5.31 0.00 0.00 0.00 0.00 0.00 71.98
993 12.08 0.00 5.14 11.48 0.00 0.00 0.00 0.00 0.00 71.30
994 16.07 0.00 2.08 0.30 0.00 0.00 0.30 0.00 0.00 81.25
995 8.13 0.00 3.52 2.44 0.00 0.00 0.00 0.00 0.00 85.91
996 13.57 0.00 3.24 2.36 0.00 0.00 0.00 0.00 0.00 80.83
997 9.66 0.00 2.18 19.94 0.00 0.00 0.00 0.00 0.00 68.22
998 17.51 0.00 4.52 18.93 0.00 0.00 0.28 0.00 0.00 58.76
999 15.00 0.00 2.94 6.76 0.00 0.00 0.00 0.00 0.00 75.29
1000 6.63 0.00 3.01 15.06 0.00 0.00 0.00 0.00 0.00 75.30
1001 18.99 0.00 2.79 3.35 0.00 0.00 0.00 0.00 0.00 74.86
1002 13.61 0.00 2.66 10.95 0.00 0.00 0.30 0.00 0.00 72.49
1003 8.72 0.00 2.80 2.49 0.00 0.00 0.00 0.00 0.00 85.98
1004 16.57 0.00 2.86 0.86 0.00 0.00 0.00 0.00 0.00 79.71
1005 3.17 0.00 3.17 2.65 0.00 0.00 0.00 0.00 0.00 91.01
1006 0.76 0.00 3.05 1.27 0.00 0.25 0.00 0.00 0.00 94.66
1007 1.52 0.00 3.04 0.76 0.00 0.00 0.00 0.00 0.00 94.68
1008 0.51 0.00 3.55 0.76 0.00 0.00 0.00 0.00 0.00 95.18
1009 1.01 0.00 3.29 1.52 0.00 0.25 0.25 0.00 0.00 93.67
1010 0.51 0.00 3.79 1.26 0.00 0.00 0.00 0.00 0.00 94.44
1011 1.51 0.00 3.02 2.02 0.00 0.25 0.00 0.00 0.00 93.20
1012 1.51 0.00 3.02 0.50 0.00 0.00 0.00 0.00 0.00 94.96
1013 0.77 0.00 3.57 1.53 0.00 0.00 0.00 0.00 0.00 94.13
1014 1.02 0.00 2.79 0.76 0.00 0.25 0.00 0.00 0.00 95.18
1015 0.77 0.00 3.08 1.03 0.00 0.00 0.00 0.00 0.00 95.12
1016 1.53 0.00 2.81 5.88 0.00 0.00 0.26 0.00 0.00 89.51
1017 0.76 0.00 4.05 1.27 0.00 0.00 0.25 0.00 0.00 93.67
1018 0.77 0.00 2.31 1.80 0.00 0.00 0.00 0.00 0.00 95.12
1019 2.04 0.00 2.81 1.53 0.00 0.00 0.00 0.00 0.00 93.62
1020 1.77 0.00 2.28 1.77 0.00 0.00 0.25 0.00 0.00 93.92
1021 1.55 0.00 2.84 6.98 0.00 0.00 0.00 0.00 0.00 88.63
1022 1.02 0.00 3.06 1.53 0.00 0.00 0.00 0.00 0.00 94.39
1023 1.27 0.00 3.05 2.54 0.00 0.00 0.00 0.00 0.00 93.15
1024 13.05 0.00 3.66 8.88 0.00 0.00 0.00 0.00 0.00 74.41
1025 13.29 0.00 3.32 1.51 0.00 0.00 0.00 0.00 0.00 81.87
1026 5.81 0.00 3.23 0.00 0.00 0.00 0.32 0.00 0.00 90.65
1027 12.70 0.00 3.49 0.95 0.00 0.00 0.00 0.00 0.00 82.86
1028 37.18 0.00 2.88 2.88 0.00 0.00 0.00 0.00 0.00 57.06
1029 3.02 0.00 2.35 2.68 0.00 0.00 0.34 0.00 0.00 91.61
1030 30.70 0.00 2.85 2.22 0.00 0.00 0.00 0.00 0.00 64.24
1031 4.28 0.00 3.29 3.29 0.00 0.00 0.33 0.00 0.00 88.82
1032 19.67 0.00 3.28 2.73 0.00 0.00 0.00 0.00 0.00 74.32
1033 35.35 0.00 3.93 14.80 0.00 0.00 0.30 0.00 0.00 45.62
1034 11.49 0.00 4.97 16.77 0.00 0.00 0.00 0.00 0.00 66.77
1035 16.95 0.00 3.11 9.60 0.00 0.00 0.28 0.00 0.00 70.06
1036 8.83 0.00 2.21 4.73 0.00 0.00 0.00 0.00 0.00 84.23
1037 47.80 0.00 2.64 11.44 0.00 0.00 0.00 0.00 0.00 38.12
1038 12.08 0.00 5.44 8.76 0.00 0.00 0.00 0.00 0.00 73.72
1039 17.70 0.00 4.04 14.29 0.00 0.00 0.31 0.00 0.00 63.66
1040 25.00 0.00 4.17 14.44 0.00 0.28 0.00 0.00 0.00 56.11
1041 6.62 0.00 4.73 3.15 0.00 0.00 0.32 0.00 0.00 85.17
1042 26.49 0.00 4.46 1.19 0.00 0.00 0.30 0.00 0.00 67.56
1043 15.65 0.00 3.48 1.45 0.00 0.00 0.00 0.00 0.00 79.42
1044 14.45 0.00 4.05 2.89 0.00 0.00 0.00 0.00 0.00 78.61
1045 30.71 0.00 5.43 2.45 0.00 0.00 0.27 0.00 0.00 61.14
1046 8.15 0.00 3.76 1.57 0.00 0.00 0.00 0.00 0.00 86.52
1047 19.38 0.00 5.85 1.54 0.00 0.00 0.00 0.00 0.00 73.23
1048 12.13 0.00 5.03 0.30 0.00 0.00 0.00 0.00 0.00 82.54
1049 5.79 0.00 3.22 0.00 0.00 0.00 0.32 0.00 0.00 90.68
1050 20.62 0.00 3.95 0.28 0.00 0.00 0.00 0.00 0.00 75.14
1051 10.37 0.00 3.66 0.00 0.00 0.00 0.00 0.00 0.00 85.98
1052 8.89 0.00 3.49 0.95 0.00 0.00 0.32 0.00 0.00 86.35
1053 7.81 0.00 4.38 0.00 0.00 0.00 0.00 0.00 0.00 87.81
1054 9.18 0.00 2.85 0.32 0.00 0.32 0.00 0.00 0.00 87.34
1055 10.64 0.00 4.26 1.82 0.00 0.00 0.00 0.00 0.00 83.28
1056 11.49 0.00 4.04 1.24 0.00 0.00 0.31 0.00 0.00 82.92
1057 18.18 0.00 4.13 0.28 0.00 0.00 0.00 0.00 0.00 77.41
1058 17.10 0.00 2.61 2.90 0.00 0.00 0.29 0.00 0.00 77.10
1059 14.58 0.00 3.27 0.89 0.00 0.00 0.30 0.00 0.00 80.95
1060 14.78 0.00 4.64 3.19 0.00 0.00 0.29 0.00 0.00 77.10
1061 8.87 0.00 4.89 0.00 0.00 0.00 0.00 0.00 0.00 86.24
1062 12.57 0.00 3.29 0.30 0.00 0.00 0.00 0.00 0.00 83.83
1063 19.45 0.00 4.11 2.47 0.00 0.00 0.00 0.00 0.00 73.97
1064 6.60 0.00 4.72 0.00 0.00 0.00 0.00 0.00 0.00 88.68
1065 19.13 0.00 3.83 2.19 0.00 0.00 0.00 0.00 0.00 74.86
1066 16.47 0.00 4.41 1.18 0.00 0.00 0.29 0.00 0.00 77.65
1067 6.39 0.00 3.51 2.56 0.00 0.00 0.00 0.00 0.00 87.54
1068 15.07 0.00 4.64 2.32 0.00 0.00 0.00 0.00 0.00 77.97
1069 6.94 0.00 3.79 1.26 0.00 0.00 0.32 0.00 0.00 87.70
1070 13.45 0.00 4.68 1.46 0.00 0.00 0.00 0.00 0.00 80.41
1071 13.06 0.00 4.45 1.48 0.00 0.00 0.00 0.00 0.00 81.01
1072 6.92 0.00 4.72 0.63 0.00 0.00 0.31 0.00 0.00 87.42
1073 16.71 0.00 4.53 1.13 0.00 0.00 0.00 0.00 0.00 77.62
1074 9.23 0.00 4.00 2.46 0.00 0.00 0.31 0.00 0.00 84.00
1075 19.78 0.00 4.40 4.40 0.00 0.00 0.55 0.00 0.00 70.88
1076 21.82 0.00 3.31 1.10 0.00 0.00 0.00 0.00 0.00 73.76
1077 14.87 0.00 3.50 0.58 0.00 0.00 0.29 0.00 0.00 80.76
1078 17.93 0.00 4.20 1.68 0.00 0.00 0.00 0.00 0.00 76.19
1079 8.49 0.00 3.46 0.94 0.00 0.00 0.00 0.00 0.00 87.11
1080 11.48 0.00 3.93 3.32 0.00 0.00 0.00 0.00 0.00 81.27
1081 15.03 0.00 3.76 1.16 0.00 0.00 0.29 0.00 0.00 79.77
1082 3.99 0.00 2.66 1.33 0.00 0.00 0.00 0.00 0.00 92.03
1083 18.79 0.00 2.60 3.18 0.00 0.00 0.00 0.00 0.00 75.43
1084 10.43 0.00 3.37 2.15 0.00 0.00 0.00 0.00 0.00 84.05
1085 15.60 0.00 3.36 1.83 0.00 0.00 0.31 0.00 0.00 78.90
1086 16.71 0.00 1.73 3.75 0.00 0.00 0.29 0.00 0.00 77.52
1087 5.70 0.00 2.35 2.35 0.00 0.00 0.34 0.00 0.00 89.26
1088 3.05 0.00 2.71 3.39 0.00 0.00 0.34 0.00 0.00 90.51
1089 13.99 0.00 2.38 1.49 0.00 0.00 0.00 0.00 0.00 82.14
1090 25.92 0.00 3.93 2.36 0.00 0.00 0.26 0.00 0.00 67.54
1091 19.23 0.00 4.12 2.47 0.00 0.00 0.00 0.00 0.00 74.18
1092 4.59 0.00 3.28 2.62 0.00 0.00 0.00 0.00 0.00 89.51
1093 11.15 0.00 5.26 12.38 0.00 0.00 0.00 0.00 0.00 71.21
1094 8.20 0.00 4.10 2.84 0.00 0.00 0.32 0.00 0.00 84.54
1095 18.73 0.00 4.41 4.68 0.00 0.00 0.00 0.00 0.00 72.18
1096 25.13 0.00 3.55 0.00 0.00 0.00 0.00 0.00 0.00 71.32
1097 20.06 0.00 3.62 2.51 0.00 0.00 0.00 0.00 0.00 73.82
1098 13.91 0.00 3.25 0.89 0.00 0.00 0.00 0.00 0.00 81.95
1099 15.88 0.00 2.94 17.06 0.00 0.00 0.29 0.00 0.00 63.82
1100 22.46 0.00 6.95 8.29 0.00 0.00 0.00 0.00 0.00 62.30
1101 16.23 0.00 3.48 9.57 0.00 0.00 0.00 0.00 0.00 70.72
1102 5.77 0.00 3.85 4.17 0.00 0.00 0.00 0.00 0.00 86.22
1103 12.84 0.00 3.58 3.58 0.00 0.30 0.30 0.00 0.00 79.40
1104 12.87 0.00 4.68 8.48 0.00 0.00 0.29 0.00 0.00 73.68
1105 4.22 0.00 4.87 1.30 0.00 0.00 0.00 0.00 0.00 89.61
1106 17.24 0.00 3.74 2.59 0.00 0.00 0.00 0.00 0.00 76.44
1107 11.25 0.00 3.65 1.52 0.00 0.00 0.00 0.00 0.00 83.59
1108 12.72 0.00 4.14 1.78 0.00 0.00 0.30 0.00 0.00 81.07
1109 18.28 0.00 4.16 2.77 0.00 0.00 0.00 0.00 0.00 74.79
1110 10.28 0.00 4.05 6.85 0.00 0.00 0.31 0.00 0.00 78.50
1111 14.49 0.00 4.35 0.87 0.00 0.00 0.00 0.00 0.00 80.29
1112 11.38 0.00 4.92 2.15 0.00 0.00 0.00 0.00 0.00 81.54
1113 13.99 0.00 4.37 2.04 0.00 0.00 0.29 0.00 0.00 79.30
1114 15.03 0.00 4.05 2.02 0.00 0.00 0.00 0.00 0.00 78.90
1115 7.05 0.00 2.88 2.24 0.00 0.00 0.00 0.00 0.00 87.82
1116 10.53 0.00 2.17 1.55 0.00 0.00 0.00 0.00 0.00 85.76
1117 6.98 0.00 3.81 5.71 0.00 0.00 0.32 0.00 0.00 83.17
1118 1.02 0.00 3.40 4.08 0.00 0.00 0.34 0.00 0.00 91.16
1119 13.13 0.00 2.99 2.39 0.00 0.00 0.00 0.00 0.00 81.49
1120 3.93 0.00 3.28 1.97 0.00 0.00 0.00 0.00 0.00 90.82
1121 18.39 0.00 3.16 2.30 0.00 0.00 0.00 0.00 0.00 76.15
1122 18.06 0.00 3.61 1.11 0.00 0.00 0.28 0.00 0.00 76.94
1123 20.86 0.00 3.74 1.07 0.00 0.00 0.00 0.00 0.00 74.33
1124 20.06 0.00 4.01 6.30 0.00 0.00 0.00 0.00 0.00 69.63
1125 7.69 0.00 2.56 1.60 0.00 0.00 0.00 0.00 0.00 88.14
1126 11.52 0.00 3.64 4.24 0.00 0.00 0.30 0.00 0.00 80.30
1127 13.82 0.00 3.24 1.76 0.00 0.00 0.00 0.00 0.00 81.18
1128 7.52 0.00 4.90 4.25 0.00 0.00 0.33 0.00 0.00 83.01
1129 18.21 0.00 3.08 1.96 0.00 0.00 0.00 0.00 0.00 76.75
1130 13.35 0.00 3.86 3.26 0.00 0.00 0.00 0.00 0.00 79.53
1131 13.25 0.00 2.71 0.60 0.00 0.00 0.00 0.00 0.00 83.43
1132 13.02 0.00 4.14 8.58 0.00 0.00 0.30 0.00 0.00 73.96
1133 10.40 0.00 3.67 18.65 0.00 0.00 0.31 0.00 0.00 66.97
1134 17.46 0.00 4.23 13.52 0.00 0.00 0.28 0.00 0.00 64.51
1135 8.98 0.00 4.33 5.88 0.00 0.00 0.00 0.00 0.00 80.80
1136 12.76 0.00 4.15 6.53 0.00 0.00 0.00 0.00 0.00 76.56
1137 13.11 0.00 3.66 7.01 0.00 0.00 0.30 0.00 0.00 75.91
1138 7.19 0.00 4.69 4.38 0.00 0.00 0.00 0.00 0.00 83.75
1139 14.58 0.00 3.79 1.17 0.00 0.00 0.00 0.00 0.00 80.47
1140 16.00 0.00 3.71 2.00 0.00 0.00 0.00 0.00 0.00 78.29
1141 11.18 0.00 4.66 2.48 0.00 0.00 0.00 0.00 0.00 81.68
1142 13.99 0.00 3.50 3.79 0.00 0.00 0.29 0.00 0.00 78.43
1143 9.35 0.00 3.12 2.18 0.00 0.00 0.00 0.00 0.00 85.36
1144 12.72 0.00 4.14 3.25 0.00 0.00 0.00 0.00 0.00 79.88
1145 12.98 0.00 4.13 2.65 0.00 0.00 0.00 0.00 0.00 80.24
1146 10.34 0.00 3.76 2.82 0.00 0.00 0.31 0.00 0.00 82.76
1147 16.14 0.00 3.46 2.88 0.00 0.00 0.29 0.00 0.00 77.23
1148 21.41 0.00 3.94 4.23 0.00 0.00 0.00 0.00 0.00 70.42
1149 3.30 0.00 4.29 1.32 0.00 0.00 0.00 0.00 0.00 91.09
1150 14.45 0.00 4.05 1.16 0.00 0.00 0.29 0.00 0.00 80.06
1151 11.42 0.00 3.70 1.23 0.00 0.00 0.00 0.00 0.00 83.64
1152 14.74 0.00 3.76 2.02 0.00 0.00 0.00 0.00 0.00 79.48
1153 12.50 0.00 7.74 3.57 0.00 0.00 0.00 0.00 0.00 76.19
1154 13.95 0.00 3.78 1.16 0.00 0.00 0.29 0.00 0.00 80.81
1155 12.09 0.00 4.42 1.47 0.00 0.00 0.00 0.00 0.00 82.01
1156 6.09 0.00 3.53 1.60 0.00 0.00 0.00 0.00 0.00 88.78
1157 13.70 0.00 3.79 0.58 0.00 0.00 0.00 0.00 0.00 81.92
1158 7.57 0.00 3.79 2.21 0.00 0.00 0.00 0.00 0.00 86.44
1159 14.37 0.00 2.93 1.47 0.00 0.00 0.29 0.00 0.00 80.94
1160 14.24 0.00 3.78 0.87 0.00 0.00 0.00 0.00 0.00 81.10
1161 7.03 0.00 3.51 0.64 0.00 0.00 0.00 0.00 0.00 88.82
1162 14.33 0.00 3.80 2.63 0.00 0.00 0.00 0.00 0.00 79.24
1163 15.57 0.00 3.29 1.80 0.00 0.00 0.30 0.00 0.00 79.04
1164 5.23 0.00 2.94 1.31 0.00 0.00 0.00 0.00 0.00 90.52
1165 13.95 0.00 2.97 0.30 0.00 0.00 0.00 0.00 0.00 82.79
1166 11.56 0.00 3.44 1.25 0.00 0.00 0.62 0.00 0.00 83.12
1167 10.53 0.00 3.72 4.95 0.00 0.00 0.62 0.00 0.00 80.19
1168 10.19 0.00 4.01 0.93 0.00 0.00 0.00 0.00 0.00 84.88
1169 10.03 0.00 3.76 0.63 0.00 0.00 0.31 0.00 0.00 85.27
1170 17.28 0.00 2.83 0.85 0.00 0.00 0.00 0.00 0.00 79.04
1171 13.81 0.00 3.90 1.50 0.00 0.00 0.00 0.00 0.00 80.78
1172 10.77 0.00 3.08 2.77 0.00 0.00 0.00 0.00 0.00 83.38
1173 13.95 0.00 2.97 1.48 0.00 0.00 0.00 0.00 0.00 81.60
1174 8.81 0.00 2.52 1.57 0.00 0.00 0.31 0.00 0.00 86.79
1175 15.16 0.00 2.92 0.87 0.00 0.00 0.00 0.00 0.00 81.05
1176 8.15 0.00 3.45 1.25 0.00 0.00 0.31 0.00 0.00 86.83
1177 6.17 0.00 3.57 10.71 0.00 0.00 0.00 0.00 0.00 79.55
1178 22.07 0.00 1.91 3.81 0.00 0.00 0.00 0.00 0.00 72.21
1179 9.03 0.00 2.80 0.93 0.00 0.00 0.31 0.00 0.00 86.92
1180 12.91 0.00 3.00 1.80 0.00 0.00 0.30 0.00 0.00 81.98
1181 5.84 0.00 2.92 2.60 0.00 0.00 0.00 0.00 0.00 88.64
1182 17.53 0.00 6.32 4.89 0.00 0.00 0.00 0.00 0.00 71.26
1183 23.45 0.00 3.50 2.16 0.00 0.00 0.00 0.00 0.00 70.89
1184 15.62 0.00 4.55 0.28 0.00 0.00 0.00 0.00 0.00 79.55
1185 19.55 0.00 4.47 3.07 0.00 0.00 0.00 0.00 0.00 72.91
1186 21.14 0.00 3.52 10.57 0.00 0.00 0.27 0.00 0.00 64.50
1187 16.53 0.00 4.76 2.52 0.00 0.00 0.00 0.00 0.00 76.19
1188 16.57 0.00 4.57 11.43 0.00 0.00 0.29 0.00 0.00 67.14
1189 7.48 0.00 4.98 2.80 0.00 0.00 0.00 0.00 0.00 84.74
1190 17.05 0.00 3.47 8.38 0.00 0.00 0.29 0.00 0.00 70.81
1191 7.52 0.00 3.45 2.19 0.00 0.00 0.31 0.00 0.00 86.52
1192 12.00 0.00 3.38 4.00 0.00 0.00 0.31 0.00 0.00 80.31
1193 15.61 0.00 3.47 6.07 0.00 0.00 0.00 0.00 0.00 74.86
1194 8.52 0.00 2.52 2.21 0.00 0.00 0.32 0.00 0.00 86.44
1195 14.20 0.00 3.85 9.17 0.00 0.00 0.00 0.00 0.00 72.78
1196 10.12 0.00 3.37 5.52 0.00 0.00 0.00 0.00 0.00 80.98
1197 8.23 0.00 3.48 4.43 0.00 0.00 0.00 0.00 0.00 83.86
1198 19.62 0.00 3.54 1.91 0.00 0.00 0.27 0.00 0.00 74.66
1199 10.98 0.00 3.35 1.22 0.00 0.00 0.00 0.00 0.00 84.45
1200 12.46 0.00 3.86 1.48 0.00 0.00 0.30 0.00 0.00 81.90
1201 12.12 0.00 3.03 1.52 0.00 0.00 0.00 0.00 0.00 83.33
1202 12.99 0.00 2.42 1.81 0.00 0.00 0.00 0.00 0.00 82.78
1203 18.34 0.00 4.30 3.44 0.00 0.00 0.00 0.00 0.00 73.93
1204 10.61 0.00 3.64 0.61 0.00 0.00 0.30 0.00 0.00 84.85
1205 14.53 0.00 3.49 2.62 0.00 0.00 0.00 0.00 0.00 79.36
1206 10.74 0.00 2.45 0.61 0.00 0.00 0.31 0.00 0.00 85.89
1207 3.96 0.00 2.64 0.99 0.00 0.33 0.33 0.00 0.00 91.75
1208 17.85 0.00 3.68 3.68 0.00 0.00 0.00 0.00 0.00 74.79
1209 2.68 0.00 2.68 1.01 0.00 0.00 0.34 0.00 0.00 93.29
1210 17.44 0.00 4.07 0.87 0.00 0.00 0.00 0.00 0.00 77.62
1211 10.30 0.00 4.55 1.21 0.00 0.00 0.00 0.00 0.00 83.94
1212 12.27 0.00 3.99 4.91 0.00 0.00 0.00 0.00 0.00 78.83
1213 16.24 0.00 16.81 1.71 0.00 0.00 0.00 0.00 0.00 65.24
1214 11.99 0.00 5.05 0.95 0.00 0.00 0.32 0.00 0.00 81.70
1215 10.94 0.00 3.95 0.91 0.00 0.00 0.00 0.00 0.00 84.19
1216 15.23 0.00 4.31 0.00 0.00 0.00 0.00 0.00 0.00 80.46
1217 11.94 0.00 3.58 3.58 0.00 0.00 0.30 0.00 0.00 80.60
1218 19.11 0.00 3.88 2.49 0.00 0.00 0.28 0.00 0.00 74.24
1219 18.60 0.00 5.66 2.16 0.00 0.00 0.00 0.00 0.00 73.58
1220 18.26 0.00 5.45 1.09 0.00 0.00 0.00 0.00 0.00 75.20
1221 15.16 0.00 4.66 0.29 0.00 0.00 0.00 0.00 0.00 79.88
1222 7.17 0.00 4.36 1.56 0.00 0.00 0.31 0.00 0.00 86.60
1223 19.51 0.00 4.34 1.63 0.00 0.00 0.00 0.00 0.00 74.53
1224 10.43 0.00 4.29 3.37 0.00 0.00 0.00 0.00 0.00 81.90
1225 15.38 0.00 4.27 6.84 0.00 0.00 0.00 0.00 0.00 73.50
1226 15.65 0.00 4.06 5.22 0.00 0.00 0.00 0.00 0.00 75.07
1227 8.25 0.00 2.54 9.21 0.00 0.00 0.32 0.00 0.00 79.68
1228 13.91 0.00 4.44 3.85 0.00 0.00 0.00 0.00 0.00 77.81
1229 7.57 0.00 3.47 3.15 0.00 0.32 0.32 0.00 0.00 85.17
1230 13.37 0.00 3.34 7.90 0.00 0.00 0.00 0.00 0.00 75.38
1231 13.70 0.00 4.08 13.12 0.00 0.00 0.29 0.00 0.00 68.80
1232 6.94 0.00 4.73 5.68 0.00 0.00 0.00 0.00 0.00 82.65
1233 20.71 0.00 4.09 13.90 0.00 0.00 0.54 0.00 0.00 60.76
1234 10.46 0.00 2.77 1.85 0.00 0.00 0.00 0.00 0.00 84.92
1235 9.63 0.00 3.11 1.86 0.00 0.00 0.00 0.00 0.00 85.40
1236 12.54 0.00 3.28 0.30 0.00 0.00 0.00 0.00 0.00 83.88
1237 2.01 0.00 4.01 0.33 0.00 0.00 0.33 0.00 0.00 93.31
1238 1.36 0.00 3.40 4.76 0.00 0.00 0.00 0.00 0.00 90.48
1239 12.31 0.00 3.30 0.00 0.00 0.00 0.00 0.00 0.00 84.38
1240 12.43 0.00 3.55 1.18 0.00 0.00 0.00 0.00 0.00 82.84
1241 16.38 0.00 2.87 1.72 0.00 0.00 0.29 0.00 0.00 78.74
1242 8.20 0.00 3.79 2.84 0.00 0.00 0.00 0.00 0.00 85.17
1243 14.50 0.00 3.32 1.51 0.00 0.00 0.30 0.00 0.00 80.36
1244 13.39 0.00 2.08 1.79 0.00 0.00 0.00 0.00 0.00 82.74
1245 9.69 0.00 2.19 2.81 0.00 0.31 0.31 0.00 0.00 84.69
1246 26.04 0.00 3.60 4.71 0.00 0.00 0.28 0.00 0.00 65.37
1247 7.57 0.00 4.10 0.63 0.00 0.00 0.32 0.00 0.00 87.38
1248 12.54 0.00 3.88 0.60 0.00 0.00 0.00 0.00 0.00 82.99
1249 21.04 0.00 3.46 5.48 0.00 0.00 0.00 0.00 0.00 70.03
1250 7.01 0.00 3.82 0.32 0.00 0.00 0.00 0.00 0.00 88.85
1251 19.22 0.00 3.34 1.67 0.00 0.00 0.00 0.00 0.00 75.77
1252 10.88 0.00 3.93 1.21 0.00 0.00 0.30 0.00 0.00 83.69
1253 9.66 0.00 3.12 14.33 0.00 0.00 0.31 0.00 0.00 72.59
1254 16.57 0.00 3.43 0.86 0.00 0.00 0.00 0.00 0.00 79.14
1255 7.84 0.00 4.08 1.25 0.00 0.00 0.31 0.00 0.00 86.52
1256 23.42 0.00 3.58 1.10 0.00 0.00 0.00 0.00 0.00 71.90
1257 11.48 0.00 3.93 2.11 0.00 0.00 0.00 0.00 0.00 82.48
1258 15.50 0.00 3.04 1.82 0.00 0.00 0.61 0.00 0.00 79.03
1259 21.81 0.00 4.82 7.65 0.00 0.00 0.28 0.00 0.00 65.44
1260 8.46 0.00 3.45 7.52 0.00 0.00 0.00 0.00 0.00 80.56
1261 21.23 0.00 3.07 7.82 0.00 0.00 0.00 0.00 0.00 67.88
1262 20.49 0.00 2.46 8.47 0.00 0.00 0.00 0.00 0.00 68.58
1263 25.88 0.00 3.77 5.66 0.00 0.00 0.27 0.00 0.00 64.42
1264 16.71 0.00 2.59 2.31 0.00 0.00 0.00 0.00 0.00 78.39
1265 10.13 0.00 3.48 10.44 0.00 0.00 0.00 0.00 0.00 75.95
1266 11.25 0.00 2.74 1.82 0.00 0.00 0.30 0.00 0.00 83.89
1267 11.35 0.00 2.76 0.31 0.00 0.00 0.00 0.00 0.00 85.58
1268 4.41 0.00 3.73 8.47 0.00 0.34 0.68 0.00 0.00 82.37
1269 13.35 0.00 3.86 1.78 0.00 0.00 0.00 0.00 0.00 81.01
1270 6.19 0.00 2.93 0.98 0.00 0.00 0.00 0.00 0.00 89.90
1271 11.57 0.00 4.75 0.30 0.00 0.00 0.30 0.00 0.00 83.09
1272 18.84 0.00 6.38 1.45 0.00 0.00 0.00 0.00 0.00 73.33
1273 9.01 0.00 3.73 1.24 0.00 0.00 0.00 0.00 0.00 86.02
1274 12.57 0.00 3.29 2.99 0.00 0.00 0.00 0.00 0.00 81.14
1275 11.41 0.00 3.60 1.80 0.00 0.00 0.30 0.00 0.00 82.88
1276 14.41 0.00 3.53 0.88 0.00 0.00 0.00 0.00 0.00 81.18
1277 16.05 0.00 3.15 1.15 0.00 0.00 0.00 0.00 0.00 79.66
1278 7.21 0.00 4.39 1.88 0.00 0.00 0.00 0.00 0.00 86.52
1279 17.37 0.00 4.76 3.36 0.00 0.00 0.00 0.00 0.00 74.51
1280 10.09 0.00 3.67 1.83 0.00 0.00 0.31 0.00 0.00 84.10
1281 10.40 0.00 3.67 1.22 0.00 0.00 0.00 0.00 0.00 84.71
1282 13.78 0.00 3.81 1.17 0.00 0.00 0.00 0.00 0.00 81.23
1283 6.67 0.00 4.13 12.38 0.00 0.00 0.32 0.00 0.00 76.51
1284 12.84 0.00 5.67 26.27 0.00 0.00 0.90 0.00 0.00 54.33
1285 16.12 0.00 4.78 25.37 0.00 0.00 0.00 0.00 0.00 53.73
1286 11.62 0.00 4.28 26.91 0.00 0.31 0.00 0.00 0.00 56.88
1287 17.05 0.00 4.55 25.57 0.00 0.00 0.00 0.00 0.00 52.84
1288 9.66 0.00 5.61 28.04 0.00 0.00 0.31 0.00 0.00 56.39
1289 17.63 0.00 5.78 24.86 0.00 0.00 0.00 0.00 0.00 51.73
1290 17.31 0.00 5.97 23.28 0.00 0.00 0.30 0.00 0.00 53.13
1291 10.76 0.00 6.96 25.95 0.00 0.00 0.63 0.00 0.00 55.70
1292 18.44 0.00 4.32 24.50 0.00 0.00 0.29 0.00 0.00 52.45
1293 23.60 0.00 7.96 20.65 0.00 0.00 0.00 0.00 0.00 47.79
1294 10.94 0.00 4.38 29.38 0.00 0.00 0.00 0.00 0.00 55.31
1295 17.92 0.00 9.25 35.55 0.00 0.00 0.00 0.00 0.00 37.28
1296 13.55 0.00 3.61 27.71 0.00 0.00 0.30 0.00 0.00 54.82
1297 16.71 0.00 5.19 19.02 0.00 0.00 0.00 0.00 0.00 59.08
1298 2.36 0.00 3.38 47.64 0.00 0.00 0.34 0.00 0.00 46.28
1299 9.75 0.00 4.40 62.26 0.00 0.00 0.63 0.00 0.00 22.96
1300 22.35 0.00 18.44 35.75 0.00 0.00 0.28 0.00 0.00 23.18
1301 15.19 0.00 24.05 22.78 0.00 0.00 0.00 0.00 0.00 37.97
1302 14.37 0.00 30.24 17.66 0.00 0.00 0.30 0.00 0.00 37.43
1303 17.61 0.00 24.21 27.04 0.00 0.00 0.00 0.00 0.00 31.13
1304 13.92 0.00 29.75 23.73 0.00 0.00 0.95 0.00 0.00 31.65
1305 67.38 0.00 6.46 8.62 0.00 0.00 0.00 0.00 0.00 17.54
1306 13.37 0.00 5.17 26.75 0.00 0.00 0.00 0.00 0.00 54.71
1307 13.62 0.00 4.33 24.77 0.00 0.00 0.31 0.00 0.00 56.97
1308 16.32 0.00 4.15 22.26 0.00 0.00 0.30 0.00 0.00 56.97
1309 10.90 0.00 3.74 27.41 0.00 0.31 0.31 0.00 0.00 57.32
1310 21.13 0.00 5.63 18.59 0.00 0.00 0.28 0.00 0.00 54.37
1311 22.97 0.00 6.40 22.09 0.00 0.00 0.29 0.00 0.00 48.26
1312 11.35 0.00 5.21 26.69 0.00 0.00 0.00 0.00 0.00 56.75
1313 17.37 0.00 7.49 24.55 0.00 0.00 0.30 0.00 0.00 50.30
1314 9.81 0.00 7.59 30.06 0.00 0.00 0.95 0.00 0.00 51.58
1315 20.22 0.00 4.78 23.60 0.00 0.00 0.28 0.00 0.00 51.12
1316 13.31 0.00 7.12 26.32 0.00 0.31 0.31 0.00 0.00 52.63
1317 12.38 0.00 4.64 30.96 0.00 0.00 0.62 0.00 0.00 51.39
1318 19.88 0.00 3.75 30.55 0.00 0.00 0.00 0.00 0.00 45.82
1319 7.37 0.00 4.42 33.04 0.00 0.00 0.29 0.00 0.00 54.87
1320 17.65 0.00 9.80 25.49 0.00 0.00 0.28 0.00 0.00 46.78
1321 14.96 0.00 4.11 29.62 0.00 0.00 0.29 0.00 0.00 51.03
1322 14.91 0.00 4.68 20.18 0.00 0.00 0.00 0.00 0.00 60.23
1323 19.51 0.00 3.85 11.54 0.00 0.00 0.00 0.00 0.00 65.11
1324 9.79 0.00 4.59 33.33 0.00 0.00 0.31 0.00 0.00 51.99
1325 15.99 0.00 3.49 18.90 0.00 0.00 0.00 0.00 0.00 61.63
1326 14.78 0.00 3.77 35.65 0.00 0.00 0.58 0.00 0.00 45.22
1327 6.64 0.00 4.98 33.89 0.00 0.00 0.33 0.00 0.00 54.15
1328 17.40 0.00 4.72 24.48 0.00 0.00 0.00 0.00 0.00 53.39
1329 14.76 0.00 2.71 32.53 0.00 0.00 0.30 0.00 0.00 49.70
1330 14.54 0.00 2.97 11.28 0.00 0.00 0.30 0.00 0.00 70.92
1331 18.55 0.00 3.77 0.58 0.00 0.00 0.29 0.00 0.00 76.81
1332 9.32 0.00 3.42 4.97 0.00 0.00 0.00 0.00 0.00 82.30
1333 15.45 0.00 7.29 16.33 0.00 0.00 0.29 0.00 0.00 60.64
1334 11.01 0.00 3.98 1.22 0.00 0.00 0.00 0.00 0.00 83.79
1335 15.45 0.00 3.50 2.04 0.00 0.00 0.58 0.00 0.00 78.43
1336 17.98 0.00 3.37 1.40 0.00 0.00 0.00 0.00 0.00 77.25
1337 15.41 0.00 4.07 3.78 0.00 0.00 0.00 0.00 0.00 76.74
1338 17.98 0.00 3.93 1.97 0.00 0.00 0.00 0.00 0.00 76.12
1339 17.91 0.00 4.96 0.00 0.00 0.00 0.00 0.00 0.00 77.13
1340 24.22 0.00 3.91 3.65 0.00 0.00 0.00 0.00 0.00 68.23
1341 18.87 0.00 5.12 0.00 0.00 0.00 0.00 0.00 0.00 76.01
1342 8.10 0.00 3.74 1.25 0.00 0.00 0.31 0.00 0.00 86.60
1343 11.41 0.00 4.20 0.90 0.00 0.00 0.00 0.00 0.00 83.48
1344 15.54 0.00 3.81 7.92 0.00 0.00 0.00 0.00 0.00 72.73
1345 13.29 0.00 5.20 0.58 0.00 0.00 0.29 0.00 0.00 80.64
1346 19.68 0.00 4.31 1.62 0.00 0.00 0.00 0.00 0.00 74.39
1347 17.00 0.00 3.68 0.85 0.00 0.00 0.00 0.00 0.00 78.47
1348 10.57 0.00 4.23 1.21 0.00 0.00 0.30 0.00 0.00 83.69
1349 17.75 0.00 2.82 1.69 0.00 0.00 0.00 0.00 0.00 77.75
1350 7.91 0.00 3.48 0.32 0.00 0.00 0.00 0.00 0.00 88.29
1351 17.37 0.00 3.92 3.64 0.00 0.00 0.00 0.00 0.00 75.07
1352 16.24 0.00 3.99 7.41 0.00 0.00 0.28 0.00 0.00 72.08
1353 19.70 0.00 4.85 3.33 0.00 0.30 0.30 0.00 0.00 71.52
1354 16.67 0.00 4.24 6.21 0.00 0.00 0.00 0.00 0.00 72.88
1355 10.62 0.00 7.81 22.19 0.00 0.00 0.31 0.00 0.00 59.06
1356 18.94 0.00 3.62 29.53 0.00 0.00 0.00 0.00 0.00 47.91
1357 16.81 0.00 5.60 10.08 0.00 0.00 0.28 0.00 0.00 67.23
1358 26.63 0.00 6.23 32.29 0.00 0.00 0.00 0.00 0.00 34.84
1359 23.56 0.00 9.42 16.75 0.00 0.00 0.00 0.00 0.00 50.26
1360 10.56 0.00 3.42 11.80 0.00 0.00 0.00 0.00 0.00 74.22
1361 8.15 0.00 2.51 0.00 0.00 0.00 0.31 0.00 0.00 89.03
1362 11.31 0.00 2.45 0.00 0.00 0.00 0.00 0.00 0.00 86.24
1363 6.19 0.00 2.65 10.03 0.00 0.00 0.29 0.00 0.00 80.83
1364 14.16 0.00 2.36 1.47 0.00 0.00 0.29 0.00 0.00 81.71
1365 13.50 0.00 3.68 2.15 0.00 0.00 0.31 0.00 0.00 80.37
1366 18.18 0.00 3.41 3.98 0.00 0.00 0.28 0.00 0.00 74.15
1367 16.25 0.00 4.48 0.28 0.00 0.00 0.00 0.00 0.00 78.99
1368 9.90 0.00 4.15 1.92 0.00 0.00 0.32 0.00 0.00 83.71
1369 18.38 0.00 4.46 1.11 0.00 0.00 0.00 0.00 0.00 76.04
1370 14.83 0.00 4.36 0.58 0.00 0.00 0.29 0.00 0.00 79.94
1371 9.42 0.00 5.47 0.30 0.00 0.00 0.00 0.00 0.00 84.80
1372 16.76 0.00 4.75 0.84 0.00 0.00 0.00 0.00 0.00 77.65
1373 8.39 0.00 4.35 0.31 0.00 0.00 0.00 0.00 0.00 86.96
1374 13.53 0.00 4.41 0.29 0.00 0.00 0.00 0.00 0.00 81.76
1375 13.82 0.00 2.94 0.00 0.00 0.00 0.29 0.00 0.00 82.94
1376 14.63 0.00 3.88 1.49 0.00 0.00 0.00 0.00 0.00 80.00
1377 15.71 0.00 3.71 0.00 0.00 0.00 0.00 0.00 0.00 80.57
1378 13.35 0.00 2.17 0.00 0.00 0.00 0.00 0.00 0.00 84.47
1379 12.08 0.00 4.23 0.00 0.00 0.00 0.30 0.00 0.00 83.38
1380 17.14 0.00 3.43 0.29 0.00 0.00 0.00 0.00 0.00 79.14
1381 9.63 0.00 4.04 0.00 0.00 0.00 0.00 0.00 0.00 86.34
1382 16.24 0.00 3.42 0.00 0.00 0.00 0.00 0.00 0.00 80.34
1383 12.73 0.00 3.33 0.61 0.00 0.00 0.30 0.00 0.00 83.03
1384 10.77 0.00 3.38 4.62 0.00 0.00 0.00 0.00 0.00 81.23
1385 22.52 0.00 2.68 0.00 0.00 0.00 0.00 0.00 0.00 74.80
1386 18.21 0.00 2.52 0.00 0.00 0.00 0.28 0.00 0.00 78.99
1387 12.42 0.00 3.64 0.00 0.00 0.00 0.00 0.00 0.00 83.94
1388 2.36 0.00 3.03 3.03 0.00 0.00 0.67 0.00 0.00 90.91
1389 10.79 0.00 3.17 0.00 0.00 0.00 0.32 0.00 0.00 85.71
1390 15.79 0.00 2.92 0.00 0.00 0.00 0.00 0.00 0.00 81.29
1391 14.87 0.00 2.22 0.63 0.00 0.00 0.00 0.00 0.00 82.28
1392 19.72 0.00 5.07 1.41 0.00 0.00 0.28 0.00 0.00 73.52
1393 12.35 0.00 2.71 0.30 0.00 0.00 0.00 0.00 0.00 84.64
1394 30.53 0.00 3.16 1.32 0.00 0.00 0.00 0.00 0.00 65.00
1395 14.66 0.00 2.93 0.59 0.00 0.00 0.00 0.00 0.00 81.82
1396 5.21 0.00 2.61 0.00 0.00 0.00 0.33 0.00 0.00 91.86
1397 12.69 0.00 2.11 0.30 0.00 0.00 0.00 0.00 0.00 84.89
1398 21.19 0.00 2.54 0.56 0.00 0.00 0.00 0.00 0.00 75.71
1399 9.43 0.00 2.20 5.03 0.00 0.00 0.31 0.00 0.00 83.02
1400 19.89 0.00 8.40 0.00 0.00 0.00 0.00 0.00 0.00 71.71
1401 14.08 0.00 2.93 0.59 0.00 0.00 0.29 0.00 0.00 82.11
1402 11.15 0.00 1.55 1.24 0.00 0.00 0.00 0.00 0.00 86.07
1403 15.38 0.00 4.56 3.70 0.00 0.00 0.28 0.00 0.00 76.07
1404 10.46 0.00 3.08 4.31 0.00 0.00 0.62 0.00 0.00 81.54
1405 16.23 0.00 4.06 2.90 0.00 0.00 0.00 0.00 0.00 76.81
1406 17.88 0.00 3.94 11.52 0.00 0.00 0.30 0.00 0.00 66.36
1407 7.23 0.00 4.72 0.31 0.00 0.00 0.00 0.00 0.00 87.74
1408 14.66 0.00 3.52 0.59 0.00 0.00 0.59 0.00 0.00 80.65
1409 11.62 0.00 2.75 0.00 0.00 0.00 0.00 0.00 0.00 85.63
1410 18.94 0.00 2.79 0.00 0.00 0.00 0.00 0.00 0.00 78.27
1411 7.59 0.00 3.48 2.22 0.00 0.00 0.00 0.00 0.00 86.71
1412 10.12 0.00 3.07 0.61 0.00 0.00 0.31 0.00 0.00 85.89
1413 25.84 0.00 3.93 1.69 0.00 0.00 0.00 0.00 0.00 68.54
1414 8.44 0.00 3.44 0.62 0.00 0.00 0.00 0.00 0.00 87.50
1415 47.34 0.00 4.20 0.28 0.00 0.00 0.00 0.00 0.00 48.18
1416 9.32 0.00 2.80 0.00 0.00 0.00 0.00 0.00 0.00 87.89
1417 14.94 0.00 3.05 0.00 0.00 0.00 0.30 0.00 0.00 81.71
1418 27.37 0.00 2.79 2.51 0.00 0.00 0.00 0.00 0.00 67.32
1419 14.08 0.00 3.23 0.29 0.00 0.00 0.00 0.00 0.00 82.40
1420 23.14 0.00 4.13 0.83 0.00 0.00 0.00 0.00 0.00 71.90
1421 11.34 0.00 4.18 0.00 0.00 0.00 0.30 0.00 0.00 84.18
1422 16.09 0.00 3.47 0.32 0.00 0.00 0.00 0.00 0.00 80.13
1423 15.19 0.00 4.58 0.29 0.00 0.00 0.00 0.00 0.00 79.94
1424 9.29 0.00 3.72 0.00 0.00 0.00 0.31 0.00 0.00 86.69
1425 15.76 0.00 4.58 0.00 0.00 0.00 0.00 0.00 0.00 79.66
1426 12.09 0.00 4.42 0.29 0.00 0.00 0.29 0.00 0.00 82.89
1427 4.53 0.00 4.21 0.00 0.00 0.00 0.00 0.00 0.00 91.26
1428 11.71 0.00 4.80 0.90 0.00 0.00 0.30 0.00 0.00 82.28
1429 6.92 0.00 4.40 0.00 0.00 0.00 0.00 0.00 0.00 88.68
1430 12.08 0.00 4.23 0.60 0.00 0.00 0.00 0.00 0.00 83.08
1431 1.80 0.00 3.08 0.51 0.00 0.00 0.00 0.00 0.00 94.60
1432 1.02 0.00 3.06 0.26 0.00 0.00 0.00 0.00 0.00 95.66
1433 1.27 0.00 3.29 0.51 0.00 0.00 0.00 0.00 0.00 94.94
1434 1.28 0.00 2.30 0.26 0.00 0.00 0.00 0.00 0.00 96.17
1435 4.66 0.00 3.11 0.00 0.00 0.00 0.00 0.00 0.00 92.23
1436 10.57 0.00 3.32 0.00 0.00 0.00 0.30 0.00 0.00 85.80
1437 9.79 0.00 3.67 0.92 0.00 0.31 0.00 0.00 0.00 85.32
1438 17.55 0.00 3.62 0.28 0.00 0.00 0.00 0.00 0.00 78.55
1439 12.46 0.00 5.04 0.89 0.00 0.00 0.00 0.00 0.00 81.60
1440 16.05 0.00 3.15 3.15 0.00 0.00 0.00 0.00 0.00 77.65
1441 16.85 0.00 3.93 0.00 0.00 0.00 0.28 0.00 0.00 78.93
1442 7.86 0.00 2.83 0.31 0.00 0.00 0.00 0.00 0.00 88.99
1443 17.13 0.00 4.21 2.53 0.00 0.00 0.00 0.00 0.00 76.12
1444 20.11 0.00 4.29 0.00 0.00 0.00 0.27 0.00 0.00 75.34
1445 14.41 0.00 4.61 6.05 0.00 0.00 0.29 0.00 0.00 74.64
1446 1.76 0.00 3.53 5.54 0.00 0.00 0.00 0.00 0.00 89.17
1447 2.03 0.00 3.55 6.35 0.00 0.00 0.00 0.00 0.00 88.07
1448 1.79 0.00 4.36 2.56 0.00 0.00 0.00 0.00 0.00 91.28
1449 1.29 0.00 2.06 1.29 0.00 0.00 0.00 0.00 0.00 95.37
1450 1.01 0.00 3.79 0.76 0.00 0.00 0.00 0.00 0.00 94.44
1451 14.70 0.00 3.46 0.29 0.00 0.00 0.00 0.00 0.00 81.56
1452 8.28 0.00 4.46 0.00 0.00 0.00 0.32 0.00 0.00 86.94
1453 12.01 0.00 3.00 0.90 0.00 0.00 0.00 0.00 0.00 84.08
1454 11.87 0.00 4.75 0.00 0.00 0.00 0.00 0.00 0.00 83.38
1455 11.94 0.00 3.88 4.18 0.00 0.00 0.30 0.00 0.00 79.70
1456 19.51 0.00 4.07 0.00 0.00 0.00 0.00 0.00 0.00 76.42
1457 6.11 0.00 3.54 0.32 0.00 0.00 0.00 0.00 0.00 90.03
1458 13.91 0.00 2.96 0.30 0.00 0.00 0.00 0.00 0.00 82.84
1459 15.86 0.00 3.68 0.00 0.00 0.00 0.28 0.00 0.00 80.17
1460 11.85 0.00 4.62 4.05 0.00 0.00 0.00 0.00 0.00 79.48
1461 15.65 0.00 3.48 0.29 0.00 0.00 0.00 0.00 0.00 80.58
1462 10.33 0.00 3.34 0.00 0.00 0.30 0.30 0.00 0.00 85.71
1463 12.87 0.00 3.51 2.34 0.00 0.00 0.00 0.00 0.00 81.29
1464 16.80 0.00 4.13 1.10 0.00 0.00 0.00 0.00 0.00 77.96
1465 7.48 0.00 2.80 4.67 0.00 0.00 0.31 0.00 0.00 84.74
1466 12.23 0.00 2.14 0.00 0.00 0.00 0.00 0.00 0.00 85.63
1467 10.31 0.00 3.12 0.62 0.00 0.00 0.31 0.00 0.00 85.62
1468 12.88 0.00 3.68 0.31 0.00 0.00 0.00 0.00 0.00 83.13
1469 15.56 0.00 3.17 0.00 0.00 0.00 0.00 0.00 0.00 81.27
1470 22.54 0.00 3.38 0.28 0.00 0.28 0.28 0.00 0.00 73.24
1471 14.24 0.00 3.26 0.00 0.00 0.00 0.59 0.00 0.00 81.90
1472 14.46 0.00 3.69 0.00 0.00 0.00 0.00 0.00 0.00 81.85
1473 7.59 0.00 3.80 0.95 0.00 0.32 0.32 0.00 0.00 87.03
1474 14.33 0.00 3.51 0.00 0.00 0.00 0.00 0.00 0.00 82.16
1475 31.62 0.00 3.42 13.39 0.00 0.00 0.00 0.00 0.00 51.57
1476 1.28 0.00 1.53 0.51 0.00 0.00 0.26 0.00 0.00 96.42
1477 0.51 0.00 2.56 0.00 0.00 0.00 0.00 0.00 0.00 96.92
1478 0.52 0.00 2.87 1.57 0.00 0.00 0.00 0.00 0.00 95.04
1479 1.53 0.00 2.81 0.51 0.00 0.00 0.00 0.00 0.00 95.14
1480 1.03 0.00 2.82 0.26 0.00 0.00 0.00 0.00 0.00 95.90
1481 1.02 0.00 2.54 0.25 0.00 0.00 0.00 0.00 0.00 96.18
1482 1.02 0.00 2.54 0.00 0.00 0.00 0.00 0.00 0.00 96.44
1483 14.93 0.00 2.54 16.62 0.00 0.28 0.28 0.00 0.00 65.35
1484 30.21 0.00 6.68 19.25 0.00 0.27 0.53 0.00 0.00 43.05
1485 5.91 0.00 6.72 39.52 0.00 0.27 0.00 0.00 0.00 47.58
1486 9.15 0.00 16.16 53.96 0.00 0.00 0.00 0.00 0.00 20.73
1487 21.39 0.00 9.36 42.25 0.00 0.00 0.27 0.00 0.00 26.74
1488 3.54 0.00 4.81 54.68 0.00 0.00 0.00 0.00 0.00 36.96
1489 2.09 0.00 13.09 57.85 0.00 0.00 0.00 0.00 0.00 26.96
1490 1.08 0.00 23.39 44.35 0.00 0.00 0.00 0.00 0.00 31.18
1491 2.11 0.00 12.95 47.29 0.00 0.00 0.00 0.00 0.00 37.65
1492 3.90 0.00 18.02 57.06 0.00 0.00 0.00 0.00 0.00 21.02
1493 3.72 0.00 12.69 61.30 0.00 0.00 0.00 0.00 0.00 22.29
1494 1.15 0.00 18.97 72.41 0.00 0.00 0.29 0.00 0.00 7.18
1495 1.78 0.00 15.13 67.06 0.00 0.00 0.00 0.00 0.00 16.02
1496 2.52 0.00 19.33 51.82 0.00 0.00 0.00 0.00 0.00 26.33
1497 5.65 0.00 16.38 33.90 0.00 0.00 0.00 0.00 0.00 44.07
1498 27.66 0.00 15.20 19.45 0.00 0.00 0.00 0.00 0.00 37.69
1499 4.23 0.00 12.17 56.35 0.00 0.00 0.00 0.00 0.00 27.25
1500 1.51 0.00 4.28 50.88 0.00 0.00 0.00 0.00 0.00 43.32
1501 4.88 0.00 3.60 60.41 0.00 0.00 0.26 0.00 0.00 30.85
1502 1.28 0.00 4.08 49.49 0.00 0.00 0.00 0.00 0.00 45.15
1503 3.16 0.00 3.95 68.68 0.00 0.00 0.00 0.00 0.00 24.21
1504 2.31 0.00 5.13 43.85 0.00 0.00 0.00 0.00 0.00 48.72
1505 1.38 0.00 20.39 57.58 0.00 0.00 0.00 0.00 0.00 20.66
1506 2.76 0.00 14.11 46.63 0.00 0.00 0.00 0.00 0.00 36.50
1507 23.82 0.00 22.35 44.12 0.00 0.00 0.29 0.00 0.00 9.41
1508 8.98 0.00 20.36 59.58 0.00 0.00 0.30 0.00 0.00 10.78
1509 40.64 0.00 20.47 23.39 0.00 0.00 0.00 0.00 0.00 15.50
1510 30.81 0.00 16.57 37.21 0.00 0.29 0.29 0.00 0.00 14.83
1511 51.39 0.00 9.29 15.17 0.00 0.00 0.00 0.00 0.00 24.15
1512 4.16 0.00 2.86 24.16 0.00 0.00 0.00 0.00 0.00 68.83
1513 29.56 0.00 4.88 28.79 0.00 0.00 0.00 0.00 0.00 36.76
1514 91.94 0.00 3.28 2.39 0.00 0.00 0.30 0.00 0.00 2.09
1515 90.38 0.00 8.75 0.00 0.00 0.00 0.00 0.00 0.00 0.87
1516 35.93 0.00 5.09 2.10 0.00 0.00 0.00 0.00 0.00 56.89
1517 2.09 0.00 3.39 23.24 0.00 0.00 0.00 0.00 0.00 71.28
1518 3.14 0.00 7.33 27.23 0.00 0.00 0.26 0.00 0.00 62.04
1519 2.04 0.00 5.87 27.04 0.00 0.00 0.00 0.00 0.00 65.05
1520 1.27 0.00 3.81 23.35 0.00 0.00 0.00 0.00 0.00 71.57
1521 14.77 0.00 5.18 8.55 0.00 0.00 0.26 0.00 0.00 71.24
1522 15.03 0.00 4.62 0.00 0.00 0.00 0.00 0.00 0.00 80.35
1523 28.90 0.00 5.38 0.28 0.00 0.00 0.00 0.00 0.00 65.44
1524 74.22 0.00 4.66 12.73 0.00 0.31 0.31 0.00 0.00 7.76
1525 29.66 0.00 3.67 0.28 0.00 0.00 0.28 0.00 0.00 66.10
1526 8.67 0.00 4.02 0.00 0.00 0.00 0.00 0.00 0.00 87.31
1527 82.17 0.00 5.10 0.64 0.00 0.00 0.00 0.00 0.00 12.10
1528 39.83 0.00 5.23 0.58 0.00 0.00 0.00 0.00 0.00 54.36
1529 6.62 0.00 4.73 4.42 0.00 0.00 0.00 0.00 0.00 84.23
1530 84.66 0.00 4.26 0.00 0.00 0.00 0.28 0.00 0.00 10.80
1531 36.23 0.00 5.39 0.60 0.00 0.00 0.00 0.00 0.00 57.78
1532 4.81 0.00 4.81 0.32 0.00 0.00 0.00 0.00 0.00 90.06
1533 14.08 0.00 5.75 4.60 0.00 0.00 0.29 0.00 0.00 75.29
1534 86.50 0.00 4.82 1.61 0.00 0.00 0.00 0.00 0.00 7.07
1535 61.24 0.00 5.92 0.00 0.00 0.00 0.30 0.00 0.00 32.54
1536 11.08 0.00 4.19 0.30 0.00 0.00 0.00 0.00 0.00 84.43
1537 36.94 0.00 3.82 0.32 0.00 0.00 0.32 0.00 0.00 58.60
1538 95.29 0.00 4.04 0.34 0.00 0.00 0.34 0.00 0.00 0.00
1539 30.63 0.00 3.30 0.30 0.00 0.00 0.00 0.00 0.00 65.77
1540 14.24 0.00 3.78 2.62 0.00 0.00 0.58 0.00 0.00 78.78
1541 63.93 0.00 3.81 0.29 0.00 0.00 0.00 0.00 0.00 31.96
1542 91.08 0.00 3.50 0.00 0.00 0.00 0.32 0.00 0.00 5.10
1543 13.61 0.00 3.55 1.78 0.00 0.00 0.00 0.00 0.00 81.07
1544 21.23 0.00 3.69 3.38 0.00 0.00 0.00 0.00 0.00 71.69
1545 22.58 0.00 3.81 5.57 0.00 0.00 0.00 0.00 0.00 68.04
1546 4.30 0.00 4.05 30.13 0.00 0.00 0.00 0.00 0.00 61.52
1547 2.03 0.00 4.05 42.03 0.00 0.00 0.00 0.00 0.00 51.90
1548 3.28 0.00 4.29 31.06 0.00 0.00 0.00 0.00 0.00 61.36
1549 3.55 0.00 4.57 41.88 0.00 0.00 0.00 0.00 0.00 50.00
1550 24.81 0.00 4.09 14.07 0.00 0.00 0.26 0.00 0.00 56.78
1551 19.01 0.00 3.31 0.55 0.00 0.00 0.00 0.00 0.00 77.13
1552 19.84 0.00 3.53 0.00 0.00 0.00 0.00 0.00 0.00 76.63
1553 29.48 0.00 3.95 0.91 0.00 0.30 0.00 0.00 0.00 65.35
1554 7.30 0.00 3.17 1.59 0.00 0.00 0.32 0.00 0.00 87.62
1555 29.36 0.00 3.06 12.54 0.00 0.00 0.00 0.00 0.00 55.05
1556 15.90 0.00 2.89 0.87 0.00 0.00 0.29 0.00 0.00 80.06
1557 27.80 0.00 2.24 0.64 0.00 0.00 0.00 0.00 0.00 69.33
1558 13.27 0.00 3.24 2.06 0.00 0.00 0.29 0.00 0.00 81.12
1559 25.56 0.00 3.51 6.07 0.00 0.00 0.32 0.00 0.00 64.54
1560 18.82 0.00 3.53 0.88 0.00 0.00 0.29 0.00 0.00 76.47
1561 18.13 0.00 2.27 0.00 0.00 0.00 0.00 0.00 0.00 79.60
1562 37.70 0.00 2.73 0.27 0.00 0.00 0.00 0.00 0.00 59.29
1563 19.67 0.00 3.05 3.60 0.00 0.28 0.00 0.00 0.00 73.41
1564 35.64 0.00 5.25 1.93 0.00 0.00 0.00 0.00 0.00 57.18
1565 25.06 0.00 2.07 0.26 0.00 0.00 0.00 0.00 0.00 72.61
1566 32.36 0.00 5.54 5.25 0.00 0.00 0.29 0.00 0.00 56.56
1567 3.65 0.00 2.66 0.00 0.00 0.00 0.00 0.00 0.00 93.69
1568 28.26 0.00 2.48 2.17 0.00 0.00 0.00 0.00 0.00 67.08
1569 16.43 0.00 2.59 0.00 0.00 0.00 0.00 0.00 0.00 80.98
1570 10.54 0.00 2.88 3.83 0.00 0.00 0.00 0.00 0.00 82.75
1571 29.02 0.00 3.45 0.00 0.00 0.00 0.29 0.00 0.00 67.24
1572 14.56 0.00 4.21 0.32 0.00 0.00 0.00 0.00 0.00 80.91
1573 25.75 0.00 3.29 0.60 0.00 0.00 0.00 0.00 0.00 70.36
1574 15.53 0.00 3.42 0.62 0.00 0.00 0.31 0.00 0.00 80.12
1575 20.19 0.00 3.47 0.00 0.00 0.00 0.00 0.00 0.00 76.34
1576 20.54 0.00 3.78 0.54 0.00 0.00 0.00 0.00 0.00 75.14
1577 31.58 0.00 3.80 1.17 0.00 0.00 0.00 0.00 0.00 63.45
1578 6.54 0.00 2.94 0.98 0.00 0.00 0.33 0.00 0.00 89.22
1579 37.88 0.00 3.03 0.00 0.00 0.00 0.00 0.00 0.00 59.09
1580 11.25 0.00 3.34 0.91 0.00 0.00 0.00 0.00 0.00 84.50
1581 31.98 0.00 2.62 0.58 0.00 0.00 0.00 0.00 0.00 64.83
1582 7.12 0.00 2.91 0.97 0.00 0.00 0.32 0.00 0.00 88.67
1583 14.29 0.00 3.42 8.07 0.00 0.00 0.31 0.00 0.00 73.91
1584 26.19 0.00 2.38 0.00 0.00 0.00 0.30 0.00 0.00 71.13
1585 5.57 0.00 2.62 0.00 0.00 0.00 0.00 0.00 0.00 91.80
1586 34.38 0.00 2.84 0.00 0.00 0.00 0.28 0.00 0.00 62.50
1587 8.46 0.00 3.13 0.00 0.00 0.00 0.00 0.00 0.00 88.40
1588 28.66 0.00 3.43 5.92 0.00 0.00 0.00 0.00 0.00 61.99
1589 14.37 0.00 2.64 0.29 0.00 0.00 0.29 0.00 0.00 82.40
1590 22.06 0.00 3.44 1.43 0.00 0.00 0.00 0.00 0.00 73.07
1591 0.77 0.00 3.57 0.26 0.00 0.00 0.00 0.00 0.00 95.41
1592 8.22 0.00 3.84 1.37 0.00 0.27 0.00 0.00 0.00 86.30
1593 11.68 0.00 4.19 5.39 0.00 0.00 0.00 0.00 0.00 78.74
1594 31.32 0.00 3.45 0.57 0.00 0.00 0.00 0.00 0.00 64.66
1595 5.83 0.00 2.91 0.00 0.00 0.00 0.00 0.00 0.00 91.26
1596 31.61 0.00 3.45 0.00 0.00 0.00 0.29 0.00 0.00 64.66
1597 2.64 0.00 4.29 0.00 0.00 0.00 0.00 0.00 0.00 93.07
1598 30.00 0.00 3.53 7.65 0.00 0.00 0.29 0.00 0.00 58.53
1599 4.87 0.00 3.90 1.30 0.00 0.00 0.00 0.00 0.00 89.94
1600 30.68 0.00 4.13 1.18 0.00 0.00 0.00 0.00 0.00 64.01
1601 18.44 0.00 3.07 0.56 0.00 0.00 0.00 0.00 0.00 77.93
1602 29.75 0.00 4.29 0.31 0.00 0.00 0.31 0.00 0.00 65.34
1603 6.65 0.00 4.11 1.58 0.00 0.00 0.00 0.00 0.00 87.66
1604 32.57 0.00 4.00 0.57 0.00 0.00 0.00 0.00 0.00 62.86
1605 12.65 0.00 4.41 0.00 0.00 0.00 0.00 0.00 0.00 82.94
1606 30.43 0.00 4.62 9.24 0.00 0.00 0.27 0.00 0.00 55.43
1607 11.11 0.00 4.50 0.30 0.00 0.00 0.00 0.00 0.00 84.08
1608 25.69 0.00 5.20 0.92 0.00 0.00 0.31 0.00 0.00 67.89
1609 18.63 0.00 4.38 0.82 0.00 0.00 0.00 0.00 0.00 76.16
1610 31.16 0.00 4.45 0.30 0.00 0.00 0.00 0.00 0.00 64.09
1611 8.41 0.00 3.43 0.31 0.00 0.00 0.00 0.00 0.00 87.85
1612 34.55 0.00 3.65 0.28 0.00 0.00 0.28 0.00 0.00 61.24
1613 11.34 0.00 4.18 0.60 0.00 0.00 0.00 0.00 0.00 83.88
1614 16.62 0.00 3.15 0.00 0.00 0.00 0.00 0.00 0.00 80.23
1615 28.57 0.00 4.86 0.00 0.00 0.00 0.30 0.00 0.00 66.26
1616 12.31 0.00 3.60 0.30 0.00 0.00 0.00 0.00 0.00 83.78
1617 33.52 0.00 4.26 1.42 0.00 0.00 0.00 0.00 0.00 60.80
1618 3.97 0.00 3.31 0.99 0.00 0.00 0.00 0.00 0.00 91.72
1619 35.34 0.00 3.74 2.87 0.00 0.00 0.29 0.00 0.00 57.76
1620 14.20 0.00 3.25 0.00 0.00 0.00 0.00 0.00 0.00 82.54
1621 25.62 0.00 5.25 0.31 0.00 0.00 0.00 0.00 0.00 68.83
1622 76.83 0.00 2.93 0.59 0.00 0.00 0.29 0.00 0.00 19.35
1623 1.54 0.00 2.31 24.10 0.00 0.00 0.00 0.00 0.00 72.05
1624 1.28 0.00 6.39 40.66 0.00 0.00 0.00 0.00 0.00 51.66
1625 1.79 0.00 7.44 40.77 0.00 0.00 0.00 0.00 0.00 50.00
1626 1.52 0.00 3.29 33.42 0.00 0.25 0.00 0.00 0.00 61.52
1627 1.78 0.00 2.80 48.09 0.00 0.00 0.00 0.00 0.00 47.33
1628 0.77 0.00 2.83 43.44 0.00 0.00 0.00 0.00 0.00 52.96
1629 1.03 0.00 2.57 24.94 0.00 0.00 0.26 0.00 0.00 71.21
1630 1.28 0.00 2.55 14.29 0.00 0.00 0.00 0.00 0.00 81.89
1631 0.25 0.00 3.56 8.91 0.00 0.00 0.00 0.00 0.00 87.28
1632 1.02 0.00 2.81 24.30 0.00 0.00 0.00 0.00 0.00 71.87
1633 1.02 0.00 4.82 1.02 0.00 0.00 0.00 0.00 0.00 93.15
1634 1.27 0.00 2.54 1.27 0.00 0.00 0.00 0.00 0.00 94.91
1635 1.01 0.00 3.04 0.25 0.00 0.00 0.00 0.00 0.00 95.70
1636 1.02 0.00 3.06 0.77 0.00 0.00 0.00 0.00 0.00 95.15
1637 2.01 0.00 3.01 0.00 0.00 0.00 0.00 0.00 0.00 94.99
1638 1.02 0.00 2.54 1.02 0.00 0.00 0.00 0.00 0.00 95.42
1639 1.27 0.00 3.54 0.25 0.00 0.00 0.00 0.00 0.00 94.94
1640 1.02 0.00 2.30 0.26 0.00 0.00 0.00 0.00 0.00 96.42
1641 0.77 0.00 2.31 0.00 0.00 0.00 0.00 0.00 0.00 96.92
1642 0.51 0.00 2.81 0.26 0.00 0.26 0.00 0.00 0.00 96.17
1643 1.02 0.00 2.54 0.76 0.00 0.00 0.25 0.00 0.00 95.42
1644 0.51 0.00 2.31 0.51 0.00 0.00 0.00 0.00 0.00 96.67
1645 0.51 0.00 3.05 0.25 0.00 0.00 0.00 0.00 0.00 96.19
1646 1.02 0.00 2.54 0.76 0.00 0.00 0.00 0.00 0.00 95.67
1647 1.02 0.00 2.54 0.00 0.00 0.25 0.00 0.00 0.00 96.19
1648 0.77 0.00 2.56 0.51 0.00 0.00 0.00 0.00 0.00 96.16
1649 0.76 0.00 2.79 3.05 0.00 0.00 0.00 0.00 0.00 93.40
1650 1.01 0.00 3.29 2.78 0.00 0.00 0.00 0.00 0.00 92.91
1651 1.00 0.00 4.01 0.75 0.00 0.00 0.00 0.00 0.00 94.24
1652 1.00 0.00 3.76 5.01 0.00 0.00 0.00 0.00 0.00 90.23
1653 1.01 0.00 4.27 2.76 0.00 0.00 0.25 0.00 0.00 91.71
1654 1.51 0.00 3.27 2.52 0.00 0.00 0.00 0.00 0.00 92.70
1655 1.00 0.00 4.00 3.00 0.00 0.25 0.00 0.00 0.00 91.75
1656 1.75 0.00 4.24 1.00 0.00 0.25 0.00 0.00 0.00 92.77
1657 1.77 0.00 3.28 0.00 0.00 0.00 0.00 0.00 0.00 94.95
1658 1.26 0.00 4.02 2.01 0.00 0.25 0.00 0.00 0.00 92.46
1659 1.27 0.00 3.29 0.00 0.00 0.00 0.00 0.00 0.00 95.44
1660 1.00 0.00 4.01 0.75 0.00 0.25 0.00 0.00 0.00 93.98
1661 1.27 0.00 3.04 0.00 0.00 0.00 0.00 0.00 0.00 95.70
1662 1.26 0.00 3.03 0.76 0.00 0.00 0.00 0.00 0.00 94.95
1663 1.52 0.00 2.78 0.25 0.00 0.00 0.00 0.00 0.00 95.45
1664 1.02 0.00 3.05 0.25 0.00 0.00 0.00 0.00 0.00 95.69
1665 1.27 0.00 2.78 0.25 0.00 0.00 0.00 0.00 0.00 95.70
1666 1.01 0.00 3.53 0.00 0.00 0.00 0.00 0.00 0.00 95.47
1667 1.27 0.00 3.04 0.25 0.00 0.00 0.00 0.00 0.00 95.44
1668 1.02 0.00 2.79 0.51 0.00 0.00 0.00 0.00 0.00 95.69
1669 0.51 0.00 3.06 0.00 0.00 0.00 0.00 0.00 0.00 96.43
1670 1.02 0.00 2.79 0.25 0.00 0.00 0.00 0.00 0.00 95.94
1671 0.76 0.00 2.54 0.51 0.00 0.00 0.25 0.00 0.00 95.94
1672 1.02 0.00 2.30 0.00 0.00 0.00 0.00 0.00 0.00 96.68
1673 0.77 0.00 2.30 0.26 0.00 0.00 0.00 0.00 0.00 96.68
1674 0.51 0.00 2.81 0.00 0.00 0.00 0.00 0.00 0.00 96.68
1675 1.03 0.00 1.80 0.26 0.00 0.00 0.00 0.00 0.00 96.92
1676 0.76 0.00 2.80 0.00 0.00 0.00 0.00 0.00 0.00 96.44
1677 1.02 0.00 2.29 0.76 0.00 0.00 0.00 0.00 0.00 95.93
1678 1.02 0.00 2.30 0.00 0.00 0.00 0.00 0.00 0.00 96.68
1679 1.02 0.00 2.30 0.00 0.00 0.00 0.00 0.00 0.00 96.68
1680 0.76 0.00 3.05 0.00 0.00 0.00 0.00 0.00 0.00 96.19
1681 0.76 0.00 3.05 0.25 0.00 0.00 0.00 0.00 0.00 95.93
1682 0.51 0.00 2.80 0.25 0.00 0.00 0.00 0.00 0.00 96.44
1683 1.52 0.00 3.29 0.51 0.00 0.00 0.00 0.00 0.00 94.68
1684 0.51 0.00 2.31 0.26 0.00 0.00 0.00 0.00 0.00 96.92
1685 0.77 0.00 2.81 0.26 0.00 0.00 0.00 0.00 0.00 96.17
1686 1.02 0.00 3.05 1.02 0.00 0.00 0.00 0.00 0.00 94.91
1687 1.02 0.00 3.05 0.51 0.00 0.00 0.25 0.00 0.00 95.18
1688 1.77 0.00 3.04 10.13 0.00 0.00 0.00 0.00 0.00 85.06
1689 0.76 0.00 3.54 0.00 0.00 0.00 0.00 0.00 0.00 95.71
1690 1.02 0.00 3.05 0.76 0.00 0.00 0.00 0.00 0.00 95.17
1691 1.26 0.00 4.03 3.02 0.00 0.00 0.00 0.00 0.00 91.69
1692 1.28 0.00 2.30 0.26 0.00 0.00 0.00 0.00 0.00 96.17
1693 1.27 0.00 4.33 1.02 0.00 0.25 0.00 0.00 0.00 93.13
1694 1.26 0.00 3.27 0.50 0.00 0.00 0.00 0.00 0.00 94.96
1695 1.51 0.00 3.27 0.00 0.00 0.00 0.00 0.00 0.00 95.23
1696 1.50 0.00 3.75 0.00 0.00 0.25 0.00 0.00 0.00 94.50
1697 0.76 0.00 3.29 0.25 0.00 0.00 0.00 0.00 0.00 95.70
1698 1.27 0.00 2.78 0.25 0.00 0.00 0.00 0.00 0.00 95.70
1699 1.01 0.00 3.79 0.00 0.00 0.00 0.00 0.00 0.00 95.20
1700 1.03 0.00 2.05 0.00 0.00 0.00 0.00 0.00 0.00 96.92
1701 1.26 0.00 3.28 0.25 0.00 0.00 0.00 0.00 0.00 95.20
1702 1.02 0.00 2.04 0.00 0.00 0.26 0.00 0.00 0.00 96.68
1703 1.27 0.00 2.79 0.25 0.00 0.00 0.00 0.00 0.00 95.69
1704 1.27 0.00 2.54 0.25 0.00 0.00 0.00 0.00 0.00 95.93
1705 0.76 0.00 2.80 0.25 0.00 0.00 0.25 0.00 0.00 95.93
1706 1.02 0.00 3.30 0.00 0.00 0.00 0.00 0.00 0.00 95.69
1707 1.78 0.00 2.54 0.25 0.00 0.00 0.00 0.00 0.00 95.43
1708 0.50 0.00 4.53 0.25 0.00 0.00 0.00 0.00 0.00 94.71
1709 1.27 0.00 3.04 0.00 0.00 0.00 0.00 0.00 0.00 95.70
1710 0.51 0.00 3.05 0.25 0.00 0.00 0.00 0.00 0.00 96.18
1711 1.26 0.00 3.03 0.00 0.00 0.00 0.00 0.00 0.00 95.71
1712 0.77 0.00 2.56 0.00 0.00 0.00 0.00 0.00 0.00 96.68
1713 1.01 0.00 2.78 5.57 0.00 0.00 0.00 0.00 0.00 90.63
1714 1.27 0.00 2.79 0.76 0.00 0.00 0.00 0.00 0.00 95.18
1715 1.27 0.00 2.03 0.76 0.00 0.25 0.00 0.00 0.00 95.69
1716 0.78 0.00 1.55 1.29 0.00 0.00 0.00 0.00 0.00 96.38
1717 0.77 0.00 2.31 1.29 0.00 0.00 0.00 0.00 0.00 95.63
1718 0.52 0.00 2.07 12.40 0.00 0.00 0.00 0.00 0.00 85.01
1719 1.03 0.00 1.80 28.79 0.00 0.00 0.00 0.00 0.00 68.38
1720 1.02 0.00 3.05 27.99 0.00 0.00 0.25 0.00 0.00 67.68
1721 1.27 0.00 3.31 11.20 0.00 0.00 0.00 0.00 0.00 84.22
1722 0.77 0.00 2.56 0.51 0.00 0.00 0.00 0.00 0.00 96.15
1723 1.02 0.00 3.06 2.55 0.00 0.00 0.00 0.00 0.00 93.37
1724 0.51 0.00 3.80 1.01 0.00 0.00 0.00 0.00 0.00 94.68
1725 1.00 0.00 3.76 3.01 0.00 0.00 0.00 0.00 0.00 92.23
1726 0.76 0.00 4.04 2.78 0.00 0.00 0.00 0.00 0.00 92.42
1727 1.01 0.00 3.53 1.01 0.00 0.00 0.00 0.00 0.00 94.46
1728 1.26 0.00 3.53 1.76 0.00 0.00 0.00 0.00 0.00 93.45
1729 1.00 0.00 3.76 0.75 0.00 0.25 0.00 0.00 0.00 94.24
1730 1.02 0.00 3.05 0.00 0.00 0.00 0.00 0.00 0.00 95.93
1731 0.77 0.00 2.55 1.28 0.00 0.00 0.00 0.00 0.00 95.41
1732 0.76 0.00 3.54 0.25 0.00 0.00 0.00 0.00 0.00 95.44
1733 1.28 0.00 3.08 11.54 0.00 0.00 0.26 0.00 0.00 83.85
1734 3.32 0.00 4.08 20.66 0.00 0.00 0.00 0.00 0.00 71.94
1735 4.00 0.00 4.80 17.07 0.00 0.00 0.27 0.00 0.00 73.87
1736 2.31 0.00 4.87 20.77 0.00 0.00 0.00 0.00 0.00 72.05
1737 1.52 0.00 3.80 2.03 0.00 0.00 0.00 0.00 0.00 92.66
1738 1.01 0.00 3.78 0.25 0.00 0.00 0.00 0.00 0.00 94.96
1739 0.51 0.00 3.56 0.51 0.00 0.00 0.00 0.00 0.00 95.42
1740 1.26 0.00 3.27 0.50 0.00 0.00 0.00 0.00 0.00 94.97
1741 1.76 0.00 3.02 0.50 0.00 0.00 0.00 0.00 0.00 94.72
1742 1.01 0.00 3.54 0.00 0.00 0.00 0.00 0.00 0.00 95.45
1743 1.53 0.00 2.54 1.02 0.00 0.00 0.00 0.00 0.00 94.91
1744 1.01 0.00 3.28 0.00 0.00 0.00 0.00 0.00 0.00 95.71
1745 5.14 0.00 6.49 1.08 0.00 0.00 0.00 0.00 0.00 87.30
1746 1.02 0.00 3.30 0.00 0.00 0.00 0.00 0.00 0.00 95.69
