0 1.03 0.00 3.33 5.90 0.00 0.00 0.26 0.00 0.00 89.49
1 1.28 0.00 3.32 1.02 0.00 0.00 0.00 0.00 0.00 94.37
2 1.03 0.00 2.82 0.26 0.00 0.00 0.00 0.00 0.00 95.90
3 0.77 0.00 3.08 0.77 0.00 0.00 0.00 0.00 0.00 95.37
4 1.54 0.00 3.08 4.62 0.00 0.00 1.03 0.00 0.00 89.74
5 6.17 0.00 7.97 1.03 0.00 0.26 0.00 0.00 0.00 84.58
6 4.08 0.00 5.10 3.32 0.00 0.00 0.26 0.00 0.00 87.24
7 1.28 0.00 5.37 5.63 0.00 0.26 0.51 0.00 0.00 86.96
8 1.29 0.00 3.62 1.29 0.00 0.00 0.78 0.00 0.00 93.02
9 1.03 0.00 3.36 16.28 0.00 0.00 0.52 0.00 0.00 78.81
10 1.53 0.00 3.07 26.09 0.00 0.00 0.26 0.00 0.00 69.05
11 1.28 0.00 4.08 24.49 0.00 0.00 0.00 0.00 0.00 70.15
12 1.28 0.00 6.14 29.16 0.00 0.00 0.26 0.00 0.00 63.17
13 1.29 0.00 4.38 25.77 0.00 0.00 0.00 0.00 0.00 68.56
14 1.02 0.00 3.81 24.87 0.00 0.00 0.00 0.00 0.00 70.30
15 1.79 0.00 3.07 23.79 0.00 0.00 0.00 0.00 0.00 71.36
16 1.02 0.00 4.09 24.81 0.00 0.26 0.26 0.00 0.00 69.57
17 1.02 0.00 3.58 24.04 0.00 0.00 0.00 0.00 0.00 71.36
18 1.28 0.00 2.82 24.87 0.00 0.00 0.26 0.00 0.00 70.77
19 1.29 0.00 3.10 25.06 0.00 0.00 0.00 0.00 0.00 70.54
20 1.04 0.00 3.38 29.87 0.00 0.00 0.26 0.00 0.00 65.45
21 1.29 0.00 4.91 28.94 0.00 0.00 0.00 0.00 0.00 64.86
22 1.05 0.00 2.89 28.61 0.00 0.00 0.26 0.00 0.00 67.19
23 2.85 0.00 3.63 22.54 0.00 0.00 0.26 0.00 0.00 70.73
24 3.60 0.00 3.86 21.85 0.00 0.00 0.00 0.00 0.00 70.69
25 9.04 0.00 4.39 18.86 0.00 0.00 0.00 0.00 0.00 67.70
26 1.81 0.00 3.36 22.48 0.00 0.00 0.26 0.00 0.00 72.09
27 4.13 0.00 3.62 20.67 0.00 0.00 0.26 0.00 0.00 71.32
28 1.81 0.00 3.11 23.83 0.00 0.26 0.26 0.00 0.00 70.73
29 6.04 0.00 3.15 19.69 0.00 0.00 0.26 0.00 0.00 70.87
30 8.62 0.00 3.92 17.49 0.00 0.00 0.00 0.00 0.00 69.97
31 10.65 0.00 4.16 16.88 0.00 0.00 0.26 0.00 0.00 68.05
32 11.37 0.00 3.88 18.35 0.00 0.00 0.26 0.00 0.00 66.15
33 3.69 0.00 3.17 21.37 0.00 0.00 0.26 0.00 0.00 71.50
34 13.12 0.00 3.41 16.27 0.00 0.00 0.00 0.00 0.00 67.19
35 10.80 0.00 4.88 12.08 0.00 0.00 0.26 0.00 0.00 71.98
36 15.57 0.00 4.75 12.14 0.00 0.00 0.53 0.00 0.00 67.02
37 8.44 0.00 5.80 17.68 0.00 0.00 0.26 0.00 0.00 67.81
38 2.69 0.00 4.84 21.51 0.00 0.00 0.27 0.00 0.00 70.70
39 13.56 0.00 4.79 30.85 0.00 0.00 0.80 0.00 0.00 50.00
40 6.86 0.00 13.46 31.66 0.00 0.53 0.53 0.00 0.00 46.97
41 4.82 0.00 8.88 31.22 0.00 0.00 0.00 0.00 0.00 55.08
42 11.03 0.00 5.38 32.05 0.00 0.00 0.00 0.00 0.00 51.54
43 3.34 0.00 3.60 36.50 0.00 0.00 0.26 0.00 0.00 56.30
44 1.56 0.00 3.39 40.36 0.00 0.00 0.00 0.00 0.00 54.69
45 2.84 0.00 3.87 45.62 0.00 0.00 0.00 0.00 0.00 47.68
46 9.79 0.00 4.90 29.90 0.00 0.00 0.26 0.00 0.00 55.15
47 3.60 0.00 3.86 21.34 0.00 0.00 0.00 0.00 0.00 71.21
48 9.07 0.00 5.18 20.47 0.00 0.00 0.26 0.00 0.00 65.03
49 2.33 0.00 3.88 22.22 0.00 0.00 0.00 0.00 0.00 71.58
50 1.84 0.00 2.89 22.31 0.00 0.00 0.26 0.00 0.00 72.70
51 9.55 0.00 4.51 28.91 0.00 0.00 0.27 0.00 0.00 56.76
52 9.79 0.00 5.03 24.87 0.00 0.26 0.26 0.00 0.00 59.79
53 31.09 0.00 4.66 18.91 0.00 0.00 0.00 0.00 0.00 45.34
54 0.52 0.00 2.84 25.26 0.00 0.00 0.26 0.00 0.00 71.13
55 0.78 0.00 2.84 25.58 0.00 0.00 0.00 0.00 0.00 70.80
56 0.26 0.00 2.34 24.74 0.00 0.00 0.26 0.00 0.00 72.40
57 0.78 0.00 3.11 23.32 0.00 0.00 0.00 0.00 0.00 72.80
58 1.29 0.00 3.10 23.51 0.00 0.00 0.26 0.00 0.00 71.83
59 9.35 0.00 3.90 23.12 0.00 0.00 0.00 0.00 0.00 63.64
60 1.03 0.00 3.10 24.03 0.00 0.00 0.26 0.00 0.00 71.58
61 1.55 0.00 4.39 26.87 0.00 0.26 0.00 0.00 0.00 66.93
62 5.19 0.00 4.68 26.23 0.00 0.00 0.26 0.00 0.00 63.64
63 19.23 0.00 19.49 28.72 0.00 0.00 0.00 0.00 0.00 32.56
64 1.03 0.00 2.57 28.02 0.00 0.00 0.26 0.00 0.00 68.12
65 3.59 0.00 6.92 23.59 0.00 0.00 0.00 0.00 0.00 65.90
66 1.53 0.00 3.06 25.26 0.00 0.26 0.00 0.00 0.00 69.90
67 48.01 0.00 18.57 15.65 0.00 0.27 0.00 0.00 0.00 17.51
68 46.30 0.00 10.96 28.49 0.00 0.27 0.55 0.00 0.00 13.42
69 25.07 0.00 9.92 53.17 0.00 0.00 0.28 0.00 0.00 11.57
70 21.45 0.00 7.24 68.36 0.00 0.00 0.27 0.00 0.00 2.68
71 26.18 0.00 7.07 54.45 0.00 0.26 0.26 0.00 0.00 11.78
72 20.62 0.00 6.44 59.28 0.00 0.00 0.00 0.00 0.00 13.66
73 28.08 0.00 8.40 56.69 0.00 0.00 0.00 0.00 0.00 6.82
74 5.41 0.00 4.12 68.04 0.00 0.26 0.00 0.00 0.00 22.16
75 4.62 0.00 4.62 45.13 0.00 0.00 0.26 0.00 0.00 45.38
76 25.72 0.00 8.40 56.96 0.00 0.26 0.26 0.00 0.00 8.40
77 21.16 0.00 6.08 60.05 0.00 0.00 0.26 0.00 0.00 12.43
78 21.88 0.00 5.85 51.15 0.00 0.25 0.25 0.00 0.00 20.61
79 10.05 0.00 4.64 59.54 0.00 0.52 0.00 0.00 0.00 25.26
80 18.44 0.00 8.31 48.31 0.00 0.26 0.52 0.00 0.00 24.16
81 5.13 0.00 5.64 67.69 0.00 0.00 0.26 0.00 0.00 21.28
82 24.49 0.00 12.37 54.29 0.00 0.00 0.00 0.00 0.00 8.84
83 10.41 0.00 4.57 84.26 0.00 0.25 0.00 0.00 0.00 0.51
84 44.94 0.00 17.14 28.31 0.00 0.78 0.26 0.00 0.00 8.57
85 32.73 0.00 11.60 21.13 0.00 0.00 0.26 0.00 0.00 34.28
86 16.54 0.00 11.37 7.75 0.00 0.00 0.00 0.00 0.00 64.34
87 2.05 0.00 3.84 4.86 0.00 0.00 0.26 0.00 0.00 89.00
88 1.53 0.00 4.33 2.29 0.00 0.00 0.00 0.00 0.00 91.86
89 1.02 0.00 3.58 0.77 0.00 0.00 0.00 0.00 0.00 94.63
90 1.52 0.00 3.80 0.00 0.00 0.00 0.00 0.00 0.00 94.68
91 1.53 0.00 3.56 1.78 0.00 0.25 0.25 0.00 0.00 92.62
92 1.78 0.00 3.31 2.80 0.00 0.00 0.25 0.00 0.00 91.86
93 1.29 0.00 3.86 3.08 0.00 0.00 0.00 0.00 0.00 91.77
94 46.31 0.00 6.36 2.54 0.00 0.00 0.25 0.00 0.00 44.53
95 1.03 0.00 3.59 1.28 0.00 0.00 0.00 0.00 0.00 94.10
96 0.77 0.00 3.34 1.29 0.00 0.00 0.00 0.00 0.00 94.60
97 0.77 0.00 3.61 1.55 0.00 0.00 0.26 0.00 0.00 93.81
98 1.03 0.00 3.88 2.07 0.00 0.00 0.52 0.00 0.00 92.51
99 17.74 0.00 5.91 3.76 0.00 0.00 1.34 0.00 0.00 71.24
100 7.24 0.00 5.17 4.91 0.00 0.00 0.26 0.00 0.00 82.43
101 1.55 0.00 3.61 4.64 0.00 0.00 0.26 0.00 0.00 89.95
102 1.28 0.00 3.32 0.77 0.00 0.00 0.00 0.00 0.00 94.64
103 2.05 0.00 3.58 7.67 0.00 0.26 0.00 0.00 0.00 86.45
104 1.03 0.00 3.08 0.77 0.00 0.26 0.00 0.00 0.00 94.87
105 1.28 0.00 4.09 4.86 0.00 0.00 0.00 0.00 0.00 89.77
106 1.28 0.00 3.32 3.07 0.00 0.00 0.00 0.00 0.00 92.33
107 1.77 0.00 3.79 3.28 0.00 0.00 0.25 0.00 0.00 90.91
108 1.02 0.00 3.58 2.30 0.00 0.00 0.00 0.00 0.00 93.09
109 1.52 0.00 3.05 5.58 0.00 0.00 0.00 0.00 0.00 89.85
110 1.79 0.00 3.33 8.72 0.00 0.00 0.00 0.00 0.00 86.15
111 0.78 0.00 3.36 1.29 0.00 0.00 0.26 0.00 0.00 94.32
112 1.54 0.00 3.08 1.03 0.00 0.00 0.00 0.00 0.00 94.36
113 1.28 0.00 2.82 0.26 0.00 0.00 0.26 0.00 0.00 95.38
114 1.03 0.00 3.59 1.79 0.00 0.00 0.00 0.00 0.00 93.59
115 1.03 0.00 3.33 2.31 0.00 0.00 0.00 0.00 0.00 93.33
116 1.28 0.00 3.32 1.53 0.00 0.00 0.26 0.00 0.00 93.62
117 2.28 0.00 3.80 9.62 0.00 0.25 0.00 0.00 0.00 84.05
118 3.61 0.00 3.09 7.73 0.00 0.00 0.26 0.00 0.00 85.31
119 75.71 0.00 12.14 1.03 0.00 0.00 0.00 0.00 0.00 11.11
120 1.53 0.00 2.81 0.51 0.00 0.00 0.26 0.00 0.00 94.90
121 0.77 0.00 4.12 4.12 0.00 0.00 0.26 0.00 0.00 90.72
122 1.29 0.00 4.63 0.51 0.00 0.00 0.00 0.00 0.00 93.57
123 1.52 0.00 4.29 2.78 0.00 0.00 0.25 0.00 0.00 91.16
124 0.76 0.00 4.30 7.09 0.00 0.00 0.00 0.00 0.00 87.85
125 1.02 0.00 3.84 1.53 0.00 0.00 0.00 0.00 0.00 93.61
126 1.02 0.00 4.33 12.98 0.00 0.00 0.00 0.00 0.00 81.68
127 0.78 0.00 3.62 1.55 0.00 0.00 0.26 0.00 0.00 93.80
128 2.33 0.00 3.11 2.07 0.00 0.00 0.26 0.00 0.00 92.23
129 1.27 0.00 4.33 5.85 0.00 0.00 0.00 0.00 0.00 88.55
130 1.03 0.00 3.59 2.05 0.00 0.00 0.26 0.00 0.00 93.08
131 0.78 0.00 3.10 7.24 0.00 0.00 0.00 0.00 0.00 88.89
132 1.28 0.00 5.38 2.31 0.00 0.00 0.00 0.00 0.00 91.03
133 0.78 0.00 3.11 5.70 0.00 0.00 0.26 0.00 0.00 90.16
134 1.80 0.00 3.09 7.47 0.00 0.26 0.00 0.00 0.00 87.37
135 1.02 0.00 3.57 8.93 0.00 0.26 0.00 0.00 0.00 86.22
136 1.03 0.00 3.08 13.37 0.00 0.00 0.00 0.00 0.00 82.52
137 0.51 0.00 3.33 4.10 0.00 0.00 0.26 0.00 0.00 91.79
138 1.54 0.00 2.56 9.23 0.00 0.00 0.00 0.00 0.00 86.67
139 1.55 0.00 2.84 1.55 0.00 0.00 0.00 0.00 0.00 94.07
140 1.77 0.00 3.28 5.56 0.00 0.25 0.00 0.00 0.00 89.14
141 1.53 0.00 3.31 5.09 0.00 0.00 0.25 0.00 0.00 89.82
142 1.02 0.00 3.57 2.04 0.00 0.00 0.00 0.00 0.00 93.37
143 1.53 0.00 2.30 3.58 0.00 0.00 0.26 0.00 0.00 92.33
144 0.77 0.00 3.34 2.83 0.00 0.00 0.00 0.00 0.00 93.06
145 0.78 0.00 3.10 2.33 0.00 0.00 0.26 0.00 0.00 93.54
146 0.77 0.00 3.58 2.05 0.00 0.26 0.26 0.00 0.00 93.09
147 1.03 0.00 3.59 1.03 0.00 0.00 0.00 0.00 0.00 94.36
148 0.77 0.00 3.09 6.70 0.00 0.00 0.26 0.00 0.00 89.18
149 1.02 0.00 3.58 5.88 0.00 0.00 0.00 0.00 0.00 89.51
150 1.51 0.00 4.03 2.27 0.00 0.25 0.25 0.00 0.00 91.69
151 1.02 0.00 4.06 1.27 0.00 0.25 0.00 0.00 0.00 93.40
152 1.02 0.00 3.83 1.02 0.00 0.00 0.00 0.00 0.00 94.13
153 2.05 0.00 2.31 0.77 0.00 0.00 0.26 0.00 0.00 94.62
154 1.27 0.00 3.82 4.33 0.00 0.00 0.00 0.00 0.00 90.59
155 1.53 0.00 3.57 2.30 0.00 0.00 0.00 0.00 0.00 92.60
156 1.02 0.00 4.33 4.33 0.00 0.00 0.00 0.00 0.00 90.33
157 1.80 0.00 3.08 4.37 0.00 0.26 0.77 0.00 0.00 89.72
158 0.78 0.00 3.37 3.11 0.00 0.00 0.26 0.00 0.00 92.49
159 1.27 0.00 4.33 3.82 0.00 0.00 0.51 0.00 0.00 90.08
160 1.03 0.00 3.59 4.36 0.00 0.00 0.00 0.00 0.00 91.03
161 1.27 0.00 3.81 2.54 0.00 0.00 0.25 0.00 0.00 92.13
162 1.77 0.00 4.05 2.53 0.00 0.00 0.00 0.00 0.00 91.65
163 1.53 0.00 3.58 1.02 0.00 0.00 0.26 0.00 0.00 93.61
164 1.54 0.00 3.33 0.51 0.00 0.00 0.00 0.00 0.00 94.62
165 1.53 0.00 3.06 0.26 0.00 0.26 0.26 0.00 0.00 94.64
166 1.29 0.00 3.35 0.77 0.00 0.00 0.26 0.00 0.00 94.33
167 1.53 0.00 4.07 0.51 0.00 0.00 0.25 0.00 0.00 93.64
168 1.27 0.00 3.82 1.27 0.00 0.00 0.00 0.00 0.00 93.64
169 0.77 0.00 3.59 1.28 0.00 0.00 0.00 0.00 0.00 94.36
170 1.28 0.00 3.57 1.28 0.00 0.00 0.26 0.00 0.00 93.62
171 1.03 0.00 3.34 0.51 0.00 0.00 0.26 0.00 0.00 94.86
172 1.02 0.00 4.34 3.32 0.00 0.00 0.26 0.00 0.00 91.07
173 1.02 0.00 3.84 1.53 0.00 0.00 0.00 0.00 0.00 93.61
174 1.02 0.00 3.83 0.26 0.00 0.00 0.26 0.00 0.00 94.64
175 0.78 0.00 3.62 0.52 0.00 0.00 0.00 0.00 0.00 95.09
176 1.54 0.00 2.56 0.26 0.00 0.00 0.26 0.00 0.00 95.38
177 2.04 0.00 2.80 0.76 0.00 0.00 0.76 0.00 0.00 93.64
178 1.28 0.00 3.83 2.55 0.00 0.00 0.00 0.00 0.00 92.35
179 1.27 0.00 4.06 0.00 0.00 0.00 0.00 0.00 0.00 94.67
180 1.27 0.00 4.06 1.02 0.00 0.25 0.25 0.00 0.00 93.15
181 1.53 0.00 3.82 2.54 0.00 0.00 0.25 0.00 0.00 91.86
182 1.26 0.00 4.04 1.77 0.00 0.00 0.00 0.00 0.00 92.93
183 1.28 0.00 3.84 0.00 0.00 0.00 0.26 0.00 0.00 94.63
184 1.79 0.00 3.57 1.02 0.00 0.00 0.00 0.00 0.00 93.62
185 1.26 0.00 4.29 1.01 0.00 0.00 0.00 0.00 0.00 93.43
186 1.02 0.00 3.56 1.78 0.00 0.00 0.25 0.00 0.00 93.38
187 1.03 0.00 3.85 5.38 0.00 0.26 0.26 0.00 0.00 89.23
188 0.78 0.00 3.66 2.35 0.00 0.00 0.00 0.00 0.00 93.21
189 1.02 0.00 3.32 5.12 0.00 0.00 0.26 0.00 0.00 90.28
190 1.53 0.00 3.57 3.32 0.00 0.00 0.00 0.00 0.00 91.58
191 1.03 0.00 3.59 8.46 0.00 0.00 0.26 0.00 0.00 86.67
192 2.30 0.00 4.34 6.12 0.00 0.00 0.26 0.00 0.00 86.99
193 0.77 0.00 3.61 2.84 0.00 0.00 0.00 0.00 0.00 92.78
194 1.80 0.00 3.09 2.32 0.00 0.26 0.00 0.00 0.00 92.53
195 2.03 0.00 3.05 4.57 0.00 0.00 0.25 0.00 0.00 90.10
196 1.53 0.00 2.56 8.44 0.00 0.26 0.00 0.00 0.00 87.21
197 0.77 0.00 3.09 4.12 0.00 0.00 0.26 0.00 0.00 91.75
198 1.53 0.00 3.83 3.06 0.00 0.00 0.00 0.00 0.00 91.58
199 1.52 0.00 3.81 5.08 0.00 0.00 0.00 0.00 0.00 89.59
200 2.27 0.00 4.04 6.57 0.00 0.00 0.00 0.00 0.00 87.12
201 0.77 0.00 3.58 2.30 0.00 0.00 0.26 0.00 0.00 93.09
202 0.77 0.00 3.84 3.07 0.00 0.00 0.00 0.00 0.00 92.33
203 1.28 0.00 3.08 3.85 0.00 0.00 0.00 0.00 0.00 91.79
204 0.76 0.00 3.82 0.51 0.00 0.25 0.00 0.00 0.00 94.66
205 0.77 0.00 3.85 0.51 0.00 0.00 0.00 0.00 0.00 94.87
206 1.27 0.00 3.55 1.27 0.00 0.00 0.25 0.00 0.00 93.65
207 0.77 0.00 4.10 2.82 0.00 0.00 0.00 0.00 0.00 92.31
208 1.28 0.00 2.82 0.77 0.00 0.00 0.26 0.00 0.00 94.87
209 1.03 0.00 3.85 0.77 0.00 0.00 0.00 0.00 0.00 94.36
210 1.28 0.00 2.81 0.26 0.00 0.00 0.26 0.00 0.00 95.40
211 1.27 0.00 3.56 0.25 0.00 0.00 0.00 0.00 0.00 94.91
212 0.76 0.00 4.07 0.00 0.00 0.00 0.00 0.00 0.00 95.17
213 1.53 0.00 3.58 0.26 0.00 0.00 0.00 0.00 0.00 94.63
214 1.02 0.00 3.07 0.26 0.00 0.00 0.26 0.00 0.00 95.40
215 0.77 0.00 4.09 0.51 0.00 0.00 0.26 0.00 0.00 94.37
216 1.54 0.00 3.59 0.51 0.00 0.00 0.26 0.00 0.00 94.10
217 1.28 0.00 3.58 5.88 0.00 0.00 0.26 0.00 0.00 89.00
218 1.29 0.00 3.10 1.81 0.00 0.00 0.78 0.00 0.00 93.02
219 0.78 0.00 2.60 0.52 0.00 0.00 2.34 0.00 0.00 93.77
220 1.60 0.00 1.34 1.34 0.00 0.00 1.87 0.00 0.00 93.85
221 1.03 0.00 2.84 0.52 0.00 0.00 0.52 0.00 0.00 95.10
222 1.53 0.00 2.81 0.26 0.00 0.00 0.26 0.00 0.00 95.14
223 1.03 0.00 4.13 0.52 0.00 0.00 0.00 0.00 0.00 94.32
224 1.31 0.00 4.18 0.78 0.00 0.26 0.26 0.00 0.00 93.21
225 5.87 0.00 12.50 0.26 0.00 0.51 0.00 0.00 0.00 80.87
226 9.23 0.00 19.49 1.28 0.00 0.00 0.00 0.00 0.00 70.00
227 8.23 0.00 20.31 0.00 0.00 0.00 0.26 0.00 0.00 71.21
228 9.14 0.00 20.56 2.54 0.00 0.00 0.00 0.00 0.00 67.77
229 9.18 0.00 19.39 0.26 0.00 0.00 0.51 0.00 0.00 70.66
230 7.65 0.00 15.30 1.91 0.00 0.00 0.27 0.00 0.00 74.86
231 8.44 0.00 20.20 0.77 0.00 0.00 0.00 0.00 0.00 70.59
232 10.26 0.00 18.97 0.51 0.00 0.00 0.26 0.00 0.00 70.00
233 20.52 0.00 8.05 10.91 0.00 0.00 0.52 0.00 0.00 60.00
234 1.79 0.00 4.59 24.49 0.00 0.00 0.00 0.00 0.00 69.13
235 1.28 0.00 4.08 24.23 0.00 0.00 0.00 0.00 0.00 70.41
236 1.03 0.00 4.36 26.92 0.00 0.00 0.26 0.00 0.00 67.44
237 1.30 0.00 4.94 22.34 0.00 0.00 0.00 0.00 0.00 71.43
238 2.04 0.00 4.07 4.07 0.00 0.00 0.00 0.00 0.00 89.82
239 1.27 0.00 3.30 0.51 0.00 0.25 0.25 0.00 0.00 94.42
240 1.53 0.00 4.07 0.00 0.00 0.00 0.00 0.00 0.00 94.40
241 1.28 0.00 3.84 0.26 0.00 0.00 0.00 0.00 0.00 94.63
242 1.28 0.00 3.83 1.02 0.00 0.00 0.26 0.00 0.00 93.62
243 1.02 0.00 4.35 0.51 0.00 0.00 0.26 0.00 0.00 93.86
244 2.31 0.00 4.11 0.00 0.00 0.77 0.00 0.00 0.00 92.80
245 0.77 0.00 3.83 0.00 0.00 0.00 0.26 0.00 0.00 95.15
246 1.02 0.00 3.32 0.77 0.00 0.00 0.00 0.00 0.00 94.90
247 2.07 0.00 2.84 0.00 0.00 0.00 0.00 0.00 0.00 95.09
248 5.00 0.00 12.65 2.65 0.00 0.00 0.59 0.00 0.00 79.12
249 8.97 0.00 19.49 0.51 0.00 0.00 0.26 0.00 0.00 70.77
250 10.26 0.00 19.49 0.26 0.00 0.00 0.00 0.00 0.00 70.00
251 8.91 0.00 20.87 0.00 0.00 0.25 0.00 0.00 0.00 69.97
252 9.74 0.00 21.28 1.79 0.00 0.00 0.00 0.00 0.00 67.18
253 9.28 0.00 19.33 3.61 0.00 0.00 0.26 0.00 0.00 67.53
254 10.00 0.00 18.72 1.28 0.00 0.00 0.00 0.00 0.00 70.00
255 4.87 0.00 4.36 7.69 0.00 0.00 0.00 0.00 0.00 83.08
256 0.77 0.00 3.57 4.34 0.00 0.00 0.00 0.00 0.00 91.33
257 1.03 0.00 3.08 0.51 0.00 0.00 0.26 0.00 0.00 95.13
258 1.28 0.00 3.85 3.33 0.00 0.00 0.00 0.00 0.00 91.54
259 1.79 0.00 3.06 0.00 0.00 0.00 0.26 0.00 0.00 94.90
260 19.69 0.00 3.11 0.26 0.00 0.00 0.00 0.00 0.00 76.94
261 42.20 0.00 9.46 0.00 0.00 0.00 0.00 0.00 0.00 48.34
262 25.06 0.00 3.62 0.00 0.00 0.00 0.00 0.00 0.00 71.32
263 13.33 0.00 2.82 1.03 0.00 0.00 0.00 0.00 0.00 82.82
264 1.03 0.00 2.82 0.77 0.00 0.26 0.26 0.00 0.00 94.87
265 45.43 0.00 6.27 0.26 0.00 0.00 0.00 0.00 0.00 48.04
266 6.22 0.00 3.63 1.30 0.00 0.00 0.26 0.00 0.00 88.60
267 7.22 0.00 3.61 0.26 0.00 0.00 0.26 0.00 0.00 88.66
268 1.03 0.00 3.08 1.03 0.00 0.00 0.00 0.00 0.00 94.86
269 1.03 0.00 3.59 1.28 0.00 0.00 0.00 0.00 0.00 94.10
270 1.29 0.00 2.84 3.35 0.00 0.00 0.26 0.00 0.00 92.27
271 1.79 0.00 3.33 1.54 0.00 0.00 0.00 0.00 0.00 93.33
272 1.04 0.00 2.33 1.55 0.00 0.00 0.00 0.00 0.00 95.08
273 1.04 0.00 2.60 1.82 0.00 0.00 0.00 0.00 0.00 94.53
274 1.28 0.00 3.06 5.36 0.00 0.26 0.00 0.00 0.00 90.05
275 0.77 0.00 2.83 3.08 0.00 0.00 0.26 0.00 0.00 93.06
276 1.03 0.00 2.58 0.52 0.00 0.00 0.00 0.00 0.00 95.87
277 1.03 0.00 3.08 0.00 0.00 0.00 0.26 0.00 0.00 95.64
278 0.79 0.00 3.16 2.11 0.00 0.26 0.53 0.00 0.00 93.16
279 1.03 0.00 3.35 0.26 0.00 0.00 0.26 0.00 0.00 95.10
280 1.54 0.00 2.57 0.77 0.00 0.00 0.26 0.00 0.00 94.86
281 0.77 0.00 3.08 0.26 0.00 0.00 0.26 0.00 0.00 95.63
282 0.77 0.00 3.59 0.26 0.00 0.00 0.00 0.00 0.00 95.38
283 1.28 0.00 3.84 1.02 0.00 0.00 0.26 0.00 0.00 93.61
284 1.54 0.00 3.08 0.26 0.00 0.00 0.26 0.00 0.00 94.86
285 2.04 0.00 3.05 1.27 0.00 0.00 0.00 0.00 0.00 93.64
286 1.02 0.00 4.07 1.27 0.00 0.00 0.00 0.00 0.00 93.64
287 1.27 0.00 4.06 0.76 0.00 0.25 0.00 0.00 0.00 93.65
288 1.79 0.00 3.57 0.26 0.00 0.00 0.00 0.00 0.00 94.39
289 1.79 0.00 3.33 2.05 0.00 0.00 0.00 0.00 0.00 92.82
290 1.02 0.00 3.32 0.00 0.00 0.00 0.26 0.00 0.00 95.40
291 0.77 0.00 3.08 0.26 0.00 0.00 0.26 0.00 0.00 95.63
292 1.28 0.00 3.32 3.32 0.00 0.00 0.00 0.00 0.00 92.07
293 1.28 0.00 3.57 2.30 0.00 0.00 0.00 0.00 0.00 92.86
294 1.03 0.00 3.33 2.31 0.00 0.00 0.26 0.00 0.00 93.08
295 1.03 0.00 3.34 2.06 0.00 0.00 0.00 0.00 0.00 93.57
296 1.01 0.00 3.80 1.01 0.00 0.00 0.00 0.00 0.00 94.18
297 1.27 0.00 3.31 0.51 0.00 0.00 0.00 0.00 0.00 94.91
298 1.02 0.00 3.84 4.35 0.00 0.00 0.26 0.00 0.00 90.54
299 1.79 0.00 3.08 0.77 0.00 0.00 0.51 0.00 0.00 93.85
300 1.28 0.00 3.06 0.00 0.00 0.26 0.00 0.00 0.00 95.41
301 1.03 0.00 3.08 0.26 0.00 0.00 0.00 0.00 0.00 95.63
302 1.28 0.00 3.07 1.02 0.00 0.00 0.00 0.00 0.00 94.63
303 1.79 0.00 2.81 0.26 0.00 0.00 0.26 0.00 0.00 94.90
304 2.54 0.00 2.79 0.25 0.00 0.00 0.00 0.00 0.00 94.42
305 1.27 0.00 3.55 0.25 0.00 0.25 0.00 0.00 0.00 94.67
306 1.28 0.00 3.57 0.26 0.00 0.00 0.26 0.00 0.00 94.64
307 1.02 0.00 3.07 1.02 0.00 0.00 0.00 0.00 0.00 94.88
308 0.78 0.00 3.37 4.66 0.00 0.00 0.26 0.00 0.00 90.93
309 1.28 0.00 3.84 0.00 0.00 0.00 0.26 0.00 0.00 94.63
310 1.52 0.00 4.55 0.51 0.00 0.00 0.00 0.00 0.00 93.43
311 1.28 0.00 3.06 0.26 0.00 0.00 0.00 0.00 0.00 95.41
312 1.02 0.00 6.62 1.27 0.00 0.00 0.00 0.00 0.00 91.09
313 1.02 0.00 3.58 3.32 0.00 0.00 0.26 0.00 0.00 91.82
314 1.03 0.00 3.86 0.26 0.00 0.00 0.00 0.00 0.00 94.86
315 75.77 0.00 4.64 0.00 0.00 0.00 0.00 0.00 0.00 19.59
316 41.94 0.00 5.12 0.26 0.00 0.00 0.00 0.00 0.00 52.69
317 1.28 0.00 2.82 1.03 0.00 0.00 0.51 0.00 0.00 94.36
318 1.55 0.00 2.59 0.78 0.00 0.00 0.00 0.00 0.00 95.08
319 1.29 0.00 3.09 3.09 0.00 0.00 0.00 0.00 0.00 92.53
320 1.03 0.00 2.57 2.31 0.00 0.00 0.51 0.00 0.00 93.57
321 1.56 0.00 1.82 7.81 0.00 0.00 0.52 0.00 0.00 88.28
322 0.78 0.00 2.59 2.33 0.00 0.00 0.00 0.00 0.00 94.30
323 0.26 0.00 2.85 2.07 0.00 0.00 0.00 0.00 0.00 94.82
324 0.78 0.00 2.33 4.92 0.00 0.00 0.26 0.00 0.00 91.71
325 0.78 0.00 2.60 1.30 0.00 0.00 0.00 0.00 0.00 95.32
326 0.77 0.00 3.59 0.77 0.00 0.00 0.26 0.00 0.00 94.62
327 1.28 0.00 3.32 0.51 0.00 0.26 0.00 0.00 0.00 94.64
328 0.77 0.00 3.60 4.63 0.00 0.00 0.26 0.00 0.00 90.75
329 1.54 0.00 3.85 1.28 0.00 0.00 0.00 0.00 0.00 93.33
330 9.25 0.00 3.60 0.26 0.00 0.26 0.00 0.00 0.00 86.63
331 1.28 0.00 3.59 0.51 0.00 0.00 0.00 0.00 0.00 94.62
332 0.77 0.00 4.60 2.56 0.00 0.00 0.00 0.00 0.00 92.07
333 1.78 0.00 4.58 3.56 0.00 0.00 0.00 0.00 0.00 90.08
334 1.78 0.00 4.33 8.14 0.00 0.00 0.00 0.00 0.00 85.75
335 1.77 0.00 3.04 4.81 0.00 0.25 0.25 0.00 0.00 89.87
336 1.02 0.00 3.81 1.02 0.00 0.00 0.25 0.00 0.00 93.91
337 1.27 0.00 4.07 4.07 0.00 0.00 0.00 0.00 0.00 90.59
338 0.78 0.00 2.85 2.07 0.00 0.00 0.52 0.00 0.00 93.78
339 1.02 0.00 4.58 4.58 0.00 0.00 0.25 0.00 0.00 89.57
340 1.79 0.00 3.32 1.28 0.00 0.00 0.00 0.00 0.00 93.61
341 1.52 0.00 3.55 0.25 0.00 0.00 0.25 0.00 0.00 94.42
342 1.27 0.00 3.56 0.76 0.00 0.00 0.00 0.00 0.00 94.40
343 1.53 0.00 3.56 3.56 0.00 0.00 0.25 0.00 0.00 91.09
344 1.28 0.00 3.33 1.54 0.00 0.00 0.00 0.00 0.00 93.85
345 1.78 0.00 3.55 0.00 0.00 0.00 0.25 0.00 0.00 94.42
346 1.02 0.00 4.08 0.26 0.00 0.00 0.00 0.00 0.00 94.64
347 1.53 0.00 3.32 0.51 0.00 0.00 0.00 0.00 0.00 94.63
348 1.27 0.00 3.55 0.76 0.00 0.00 0.00 0.00 0.00 94.42
349 0.78 0.00 3.37 4.15 0.00 0.00 0.78 0.00 0.00 90.93
350 2.04 0.00 3.57 1.02 0.00 0.00 0.00 0.00 0.00 93.37
351 1.28 0.00 3.06 0.51 0.00 0.00 0.26 0.00 0.00 94.90
352 1.28 0.00 2.81 0.26 0.00 0.00 0.26 0.00 0.00 95.40
353 0.52 0.00 2.84 2.07 0.00 0.00 0.00 0.00 0.00 94.57
354 1.28 0.00 3.33 1.54 0.00 0.00 0.00 0.00 0.00 93.85
355 1.79 0.00 3.32 5.61 0.00 0.00 0.00 0.00 0.00 89.29
356 1.28 0.00 3.32 11.51 0.00 0.00 0.26 0.00 0.00 83.63
357 1.27 0.00 3.56 1.53 0.00 0.00 0.00 0.00 0.00 93.64
358 1.28 0.00 3.08 3.85 0.00 0.00 0.51 0.00 0.00 91.28
359 1.52 0.00 3.79 2.02 0.00 0.00 0.25 0.00 0.00 92.42
360 1.02 0.00 3.57 1.28 0.00 0.26 0.00 0.00 0.00 93.88
361 1.02 0.00 3.83 0.26 0.00 0.00 0.26 0.00 0.00 94.64
362 0.77 0.00 3.33 3.33 0.00 0.00 0.00 0.00 0.00 92.56
363 1.54 0.00 3.33 3.85 0.00 0.00 0.26 0.00 0.00 91.03
364 1.27 0.00 4.06 4.57 0.00 0.00 0.00 0.00 0.00 90.10
365 1.79 0.00 3.32 0.51 0.00 0.00 0.26 0.00 0.00 94.13
366 1.53 0.00 3.83 0.26 0.00 0.00 0.00 0.00 0.00 94.39
367 1.03 0.00 3.33 0.77 0.00 0.00 0.26 0.00 0.00 94.62
368 0.77 0.00 3.61 2.58 0.00 0.26 1.03 0.00 0.00 91.75
369 0.78 0.00 2.34 2.08 0.00 0.00 0.00 0.00 0.00 94.81
370 0.77 0.00 3.33 0.77 0.00 0.00 0.26 0.00 0.00 94.87
371 0.77 0.00 3.84 0.00 0.00 0.00 0.00 0.00 0.00 95.40
372 1.02 0.00 5.37 0.26 0.00 0.00 0.00 0.00 0.00 93.35
373 0.77 0.00 3.57 0.26 0.00 0.00 0.26 0.00 0.00 95.15
374 1.02 0.00 3.58 0.26 0.00 0.00 0.00 0.00 0.00 95.14
375 2.02 0.00 3.03 0.00 0.00 0.00 0.00 0.00 0.00 94.95
376 0.78 0.00 3.62 0.00 0.00 0.00 0.00 0.00 0.00 95.61
377 1.52 0.00 3.29 0.51 0.00 0.00 0.25 0.00 0.00 94.43
378 2.03 0.00 3.30 1.52 0.00 0.00 0.00 0.00 0.00 93.15
379 1.77 0.00 4.05 6.08 0.00 0.00 0.00 0.00 0.00 88.10
380 1.78 0.00 3.81 4.31 0.00 0.00 0.00 0.00 0.00 90.10
381 1.78 0.00 3.81 1.52 0.00 0.00 0.00 0.00 0.00 92.89
382 1.78 0.00 3.56 2.29 0.00 0.00 0.00 0.00 0.00 92.37
383 1.02 0.00 3.57 2.30 0.00 0.00 0.26 0.00 0.00 92.86
384 1.53 0.00 3.05 4.83 0.00 0.25 0.00 0.00 0.00 90.33
385 1.02 0.00 3.58 2.30 0.00 0.26 0.00 0.00 0.00 92.84
386 1.79 0.00 3.06 6.38 0.00 0.00 0.00 0.00 0.00 88.78
387 0.77 0.00 3.58 2.05 0.00 0.26 0.26 0.00 0.00 93.09
388 1.02 0.00 3.57 3.06 0.00 0.00 0.26 0.00 0.00 92.09
389 1.54 0.00 2.56 0.00 0.00 0.00 0.00 0.00 0.00 95.90
390 1.03 0.00 3.08 1.03 0.00 0.00 0.00 0.00 0.00 94.87
391 1.55 0.00 2.58 0.26 0.00 0.00 0.26 0.00 0.00 95.36
392 0.52 0.00 2.08 0.78 0.00 0.00 0.00 0.00 0.00 96.61
393 1.03 0.00 3.08 0.51 0.00 0.00 0.00 0.00 0.00 95.37
394 1.03 0.00 3.10 1.29 0.00 0.00 0.26 0.00 0.00 94.32
395 0.79 0.00 4.75 4.49 0.00 0.00 0.26 0.00 0.00 89.71
396 0.77 0.00 3.59 0.26 0.00 0.00 0.26 0.00 0.00 95.13
397 0.77 0.00 3.34 1.03 0.00 0.00 0.26 0.00 0.00 94.60
398 50.92 0.00 7.65 0.53 0.00 0.00 0.26 0.00 0.00 40.63
399 1.03 0.00 3.85 2.31 0.00 0.00 0.26 0.00 0.00 92.56
400 1.78 0.00 4.06 1.02 0.00 0.00 0.25 0.00 0.00 92.89
401 1.03 0.00 2.82 0.77 0.00 0.26 0.26 0.00 0.00 94.87
402 0.77 0.00 3.35 1.03 0.00 0.00 0.00 0.00 0.00 94.85
403 1.80 0.00 2.32 1.55 0.00 0.00 0.26 0.00 0.00 94.07
404 1.80 0.00 2.58 1.55 0.00 0.00 0.52 0.00 0.00 93.56
405 1.03 0.00 2.83 0.51 0.00 0.00 0.00 0.00 0.00 95.63
406 1.29 0.00 2.84 1.55 0.00 0.00 0.26 0.00 0.00 94.07
407 1.28 0.00 3.32 0.26 0.00 0.00 0.26 0.00 0.00 94.88
408 0.51 0.00 3.34 2.06 0.00 0.00 0.00 0.00 0.00 94.09
409 1.28 0.00 3.83 1.53 0.00 0.00 0.00 0.00 0.00 93.37
410 1.02 0.00 3.57 0.00 0.00 0.00 0.00 0.00 0.00 95.41
411 0.77 0.00 3.83 1.02 0.00 0.00 0.26 0.00 0.00 94.13
412 1.27 0.00 3.82 4.07 0.00 0.00 0.00 0.00 0.00 90.84
413 1.02 0.00 3.56 2.54 0.00 0.00 0.00 0.00 0.00 92.88
414 1.03 0.00 2.57 1.29 0.00 0.00 0.00 0.00 0.00 95.12
415 1.03 0.00 2.82 4.10 0.00 0.00 0.00 0.00 0.00 92.05
416 1.28 0.00 2.82 3.08 0.00 0.00 0.26 0.00 0.00 92.56
417 1.27 0.00 3.31 5.09 0.00 0.00 0.00 0.00 0.00 90.33
418 0.77 0.00 3.57 1.53 0.00 0.00 0.00 0.00 0.00 94.13
419 1.52 0.00 3.55 0.76 0.00 0.00 0.00 0.00 0.00 94.16
420 0.77 0.00 3.59 5.38 0.00 0.00 0.00 0.00 0.00 90.26
421 1.02 0.00 3.32 0.77 0.00 0.00 0.26 0.00 0.00 94.64
422 1.03 0.00 2.82 0.77 0.00 0.00 0.00 0.00 0.00 95.38
423 1.53 0.00 3.06 0.77 0.00 0.00 0.00 0.00 0.00 94.64
424 1.02 0.00 3.58 0.26 0.00 0.00 0.00 0.00 0.00 95.14
425 1.27 0.00 4.30 1.27 0.00 0.00 0.00 0.00 0.00 93.16
426 42.20 0.00 5.12 0.00 0.00 0.00 0.26 0.00 0.00 52.43
427 84.87 0.00 5.64 0.51 0.00 0.00 0.00 0.00 0.00 8.97
428 3.90 0.00 3.38 1.82 0.00 0.00 0.78 0.00 0.00 90.13
429 1.03 0.00 3.35 0.26 0.00 0.00 0.26 0.00 0.00 95.10
430 1.78 0.00 3.05 0.25 0.00 0.25 0.25 0.00 0.00 94.42
431 1.27 0.00 4.06 0.51 0.00 0.00 0.51 0.00 0.00 93.65
432 1.28 0.00 5.36 1.79 0.00 0.00 0.00 0.00 0.00 91.58
433 1.02 0.00 3.83 3.83 0.00 0.00 0.00 0.00 0.00 91.33
434 1.02 0.00 3.55 0.00 0.00 0.00 0.00 0.00 0.00 95.43
435 1.01 0.00 4.03 1.76 0.00 0.25 0.25 0.00 0.00 92.70
436 1.77 0.00 3.54 1.01 0.00 0.00 0.00 0.00 0.00 93.67
437 1.51 0.00 4.27 0.75 0.00 0.25 0.25 0.00 0.00 92.96
438 1.28 0.00 3.33 3.08 0.00 0.00 0.00 0.00 0.00 92.31
439 1.54 0.00 2.82 0.00 0.00 0.00 0.00 0.00 0.00 95.64
440 1.53 0.00 3.56 12.72 0.00 0.00 0.00 0.00 0.00 82.19
441 0.77 0.00 3.09 1.80 0.00 0.00 0.00 0.00 0.00 94.33
442 0.78 0.00 2.59 3.89 0.00 0.00 0.26 0.00 0.00 92.49
443 1.27 0.00 3.81 4.31 0.00 0.25 0.25 0.00 0.00 90.10
444 1.79 0.00 3.32 1.79 0.00 0.00 0.00 0.00 0.00 93.11
445 0.79 0.00 2.62 6.82 0.00 0.00 0.26 0.00 0.00 89.50
446 1.03 0.00 2.57 1.03 0.00 0.26 0.26 0.00 0.00 94.86
447 1.30 0.00 2.07 1.55 0.00 0.00 0.26 0.00 0.00 94.82
448 1.55 0.00 2.85 4.66 0.00 0.26 0.00 0.00 0.00 90.67
449 1.02 0.00 3.58 1.28 0.00 0.00 0.00 0.00 0.00 94.12
450 0.51 0.00 3.34 1.54 0.00 0.00 0.00 0.00 0.00 94.60
451 1.02 0.00 3.55 1.02 0.00 0.00 0.25 0.00 0.00 94.16
452 1.54 0.00 3.34 7.46 0.00 0.00 0.00 0.00 0.00 87.66
453 1.28 0.00 3.32 1.79 0.00 0.00 0.00 0.00 0.00 93.61
454 0.77 0.00 3.60 1.03 0.00 0.00 0.00 0.00 0.00 94.60
455 0.77 0.00 3.08 0.51 0.00 0.26 0.00 0.00 0.00 95.38
456 0.26 0.00 3.10 1.29 0.00 0.00 0.26 0.00 0.00 95.09
457 1.28 0.00 3.58 2.30 0.00 0.00 0.00 0.00 0.00 92.84
458 1.29 0.00 3.61 1.29 0.00 0.26 1.03 0.00 0.00 92.53
459 1.05 0.00 1.83 1.31 0.00 0.00 0.52 0.00 0.00 95.29
460 1.04 0.00 4.40 9.84 0.00 0.00 0.00 0.00 0.00 84.72
461 0.78 0.00 3.37 0.78 0.00 0.00 0.26 0.00 0.00 94.82
462 1.03 0.00 3.86 1.03 0.00 0.00 0.00 0.00 0.00 94.09
463 0.77 0.00 3.08 1.80 0.00 0.00 0.26 0.00 0.00 94.09
464 1.55 0.00 3.11 1.04 0.00 0.00 0.00 0.00 0.00 94.30
465 1.04 0.00 2.85 1.55 0.00 0.00 0.26 0.00 0.00 94.30
466 1.53 0.00 3.32 0.51 0.00 0.00 0.00 0.00 0.00 94.64
467 1.02 0.00 3.07 0.51 0.00 0.00 0.26 0.00 0.00 95.14
468 1.79 0.00 4.08 1.02 0.00 0.00 0.00 0.00 0.00 93.11
469 1.28 0.00 3.83 0.26 0.00 0.00 0.00 0.00 0.00 94.64
470 2.05 0.00 1.79 1.28 0.00 0.51 0.00 0.00 0.00 94.36
471 1.03 0.00 3.09 0.52 0.00 0.00 0.26 0.00 0.00 95.10
472 1.03 0.00 3.08 0.51 0.00 0.00 0.00 0.00 0.00 95.37
473 1.02 0.00 3.07 0.51 0.00 0.00 0.00 0.00 0.00 95.40
474 0.77 0.00 2.84 1.03 0.00 0.00 0.00 0.00 0.00 95.36
475 1.28 0.00 4.08 4.08 0.00 0.00 0.00 0.00 0.00 90.56
476 0.52 0.00 2.59 1.55 0.00 0.00 0.26 0.00 0.00 95.08
477 0.52 0.00 3.61 0.26 0.00 0.00 0.26 0.00 0.00 95.36
478 1.54 0.00 3.08 1.29 0.00 0.00 0.00 0.00 0.00 94.09
479 1.02 0.00 3.82 0.51 0.00 0.00 0.25 0.00 0.00 94.40
480 1.28 0.00 2.31 1.03 0.00 0.26 0.00 0.00 0.00 95.13
481 1.29 0.00 3.87 1.80 0.00 0.00 0.00 0.00 0.00 93.04
482 1.28 0.00 3.58 0.77 0.00 0.00 0.00 0.00 0.00 94.37
483 1.28 0.00 3.58 1.02 0.00 0.00 0.00 0.00 0.00 94.12
484 1.53 0.00 3.56 1.02 0.00 0.00 0.25 0.00 0.00 93.64
485 1.03 0.00 3.33 0.26 0.00 0.26 0.00 0.00 0.00 95.13
486 1.29 0.00 2.83 1.03 0.00 0.00 0.26 0.00 0.00 94.60
487 1.53 0.00 3.07 0.51 0.00 0.00 0.00 0.00 0.00 94.88
488 1.03 0.00 3.60 2.83 0.00 0.00 0.00 0.00 0.00 92.54
489 0.51 0.00 4.08 1.28 0.00 0.00 0.00 0.00 0.00 94.13
490 1.02 0.00 3.06 4.85 0.00 0.00 0.26 0.00 0.00 90.82
491 39.53 0.00 7.75 2.58 0.00 0.00 0.00 0.00 0.00 50.13
492 17.95 0.00 6.15 7.69 0.00 0.00 0.00 0.00 0.00 68.21
493 1.28 0.00 3.32 5.12 0.00 0.00 0.00 0.00 0.00 90.28
494 0.51 0.00 3.59 3.08 0.00 0.00 0.00 0.00 0.00 92.82
495 1.29 0.00 2.33 3.62 0.00 0.00 0.00 0.00 0.00 92.76
496 1.56 0.00 4.16 5.45 0.00 0.00 0.26 0.00 0.00 88.57
497 2.28 0.00 4.06 0.51 0.00 0.00 0.00 0.00 0.00 93.15
498 1.02 0.00 3.58 1.53 0.00 0.00 0.26 0.00 0.00 93.61
499 1.29 0.00 2.84 0.78 0.00 0.00 0.00 0.00 0.00 95.09
500 1.02 0.00 3.32 0.51 0.00 0.00 0.00 0.00 0.00 95.14
501 1.52 0.00 3.81 4.31 0.00 0.00 0.25 0.00 0.00 90.10
502 1.27 0.00 3.81 0.25 0.00 0.00 0.00 0.00 0.00 94.67
503 1.77 0.00 4.05 2.03 0.00 0.00 0.25 0.00 0.00 91.90
504 2.04 0.00 3.32 0.51 0.00 0.00 0.00 0.00 0.00 94.13
505 1.29 0.00 3.34 0.51 0.00 0.00 0.00 0.00 0.00 94.86
506 1.27 0.00 4.33 1.27 0.00 0.00 0.00 0.00 0.00 93.13
507 1.27 0.00 4.06 0.00 0.00 0.00 0.25 0.00 0.00 94.42
508 1.28 0.00 2.82 0.77 0.00 0.00 0.26 0.00 0.00 94.87
509 1.53 0.00 2.81 0.26 0.00 0.26 0.00 0.00 0.00 95.15
510 1.03 0.00 2.84 0.52 0.00 0.00 0.00 0.00 0.00 95.62
511 1.55 0.00 2.84 2.58 0.00 0.00 0.26 0.00 0.00 92.76
512 1.51 0.00 3.78 0.25 0.00 0.00 0.25 0.00 0.00 94.21
513 2.04 0.00 2.81 0.77 0.00 0.00 0.00 0.00 0.00 94.39
514 1.29 0.00 3.09 2.32 0.00 0.00 0.00 0.00 0.00 93.30
515 1.03 0.00 2.83 1.80 0.00 0.00 0.00 0.00 0.00 94.34
516 1.29 0.00 2.07 3.10 0.00 0.00 0.00 0.00 0.00 93.54
517 1.03 0.00 2.58 1.55 0.00 0.00 0.00 0.00 0.00 94.85
518 0.52 0.00 2.36 0.52 0.00 0.00 1.31 0.00 0.00 95.29
519 0.78 0.00 2.87 1.83 0.00 0.00 0.26 0.00 0.00 94.26
520 0.78 0.00 2.86 0.52 0.00 0.00 0.52 0.00 0.00 95.32
521 1.28 0.00 3.33 0.77 0.00 0.00 0.00 0.00 0.00 94.62
522 0.78 0.00 2.58 1.03 0.00 0.26 0.00 0.00 0.00 95.35
523 1.52 0.00 3.54 0.76 0.00 0.00 0.00 0.00 0.00 94.18
524 1.52 0.00 3.05 0.51 0.00 0.00 0.25 0.00 0.00 94.67
525 0.77 0.00 3.85 0.26 0.00 0.00 0.00 0.00 0.00 95.13
526 1.29 0.00 3.62 7.24 0.00 0.00 0.78 0.00 0.00 87.08
527 1.52 0.00 4.55 0.76 0.00 0.00 0.00 0.00 0.00 93.18
528 1.54 0.00 3.34 1.54 0.00 0.00 0.00 0.00 0.00 93.57
529 1.78 0.00 4.06 1.78 0.00 0.00 0.25 0.00 0.00 92.13
530 0.77 0.00 3.33 2.82 0.00 0.00 0.00 0.00 0.00 93.08
531 1.03 0.00 3.08 3.08 0.00 0.00 0.00 0.00 0.00 92.82
532 62.72 0.00 4.63 0.26 0.00 0.26 0.26 0.00 0.00 31.88
533 47.46 0.00 5.08 2.03 0.00 0.00 0.00 0.00 0.00 45.43
534 1.27 0.00 4.07 1.78 0.00 0.00 0.00 0.00 0.00 92.88
535 1.02 0.00 4.06 2.03 0.00 0.00 0.25 0.00 0.00 92.64
536 1.79 0.00 3.57 0.26 0.00 0.00 0.00 0.00 0.00 94.39
537 0.26 0.00 4.36 1.28 0.00 0.00 0.00 0.00 0.00 94.10
538 1.27 0.00 4.05 2.03 0.00 0.00 0.00 0.00 0.00 92.66
539 1.52 0.00 4.05 2.53 0.00 0.00 0.25 0.00 0.00 91.65
540 0.77 0.00 3.35 1.03 0.00 0.00 0.00 0.00 0.00 94.85
541 1.52 0.00 3.79 1.52 0.00 0.25 0.00 0.00 0.00 92.93
542 1.53 0.00 2.81 5.87 0.00 0.00 0.00 0.00 0.00 89.80
543 0.77 0.00 3.60 4.11 0.00 0.00 0.26 0.00 0.00 91.26
544 8.21 0.00 3.85 10.77 0.00 0.00 0.00 0.00 0.00 77.18
545 1.54 0.00 3.34 18.25 0.00 0.00 0.00 0.00 0.00 76.86
546 1.78 0.00 2.79 4.31 0.00 0.00 0.25 0.00 0.00 90.86
547 2.06 0.00 3.60 3.60 0.00 0.00 0.00 0.00 0.00 90.75
548 14.25 0.00 5.21 0.82 0.00 0.00 0.27 0.00 0.00 79.45
549 9.61 0.00 3.38 9.87 0.00 0.00 0.00 0.00 0.00 77.14
550 5.93 0.00 3.09 8.51 0.00 0.00 0.00 0.00 0.00 82.47
551 15.76 0.00 2.84 3.10 0.00 0.00 0.26 0.00 0.00 78.04
552 27.75 0.00 6.54 2.62 0.00 0.00 0.26 0.00 0.00 62.83
553 15.32 0.00 3.64 7.27 0.00 0.78 0.00 0.00 0.00 72.99
554 20.36 0.00 5.41 5.93 0.00 0.00 0.00 0.00 0.00 68.30
555 13.70 0.00 3.36 1.81 0.00 0.26 0.26 0.00 0.00 80.62
556 1.55 0.00 2.07 2.85 0.00 0.00 0.00 0.00 0.00 93.52
557 0.77 0.00 3.09 1.55 0.00 0.00 0.00 0.00 0.00 94.59
558 1.03 0.00 2.58 1.55 0.00 0.26 0.00 0.00 0.00 94.57
559 0.78 0.00 3.10 0.52 0.00 0.00 0.26 0.00 0.00 95.35
560 0.77 0.00 3.59 0.77 0.00 0.00 0.00 0.00 0.00 94.87
561 2.06 0.00 2.32 3.35 0.00 0.00 0.00 0.00 0.00 92.27
562 1.28 0.00 2.82 1.28 0.00 0.26 0.51 0.00 0.00 93.85
563 1.29 0.00 3.08 0.77 0.00 0.00 0.00 0.00 0.00 94.86
564 1.52 0.00 4.30 1.52 0.00 0.00 0.25 0.00 0.00 92.41
565 1.02 0.00 3.84 0.51 0.00 0.00 0.00 0.00 0.00 94.63
566 1.28 0.00 4.08 1.79 0.00 0.00 0.00 0.00 0.00 92.86
567 0.76 0.00 4.31 0.76 0.00 0.00 0.00 0.00 0.00 94.16
568 1.77 0.00 3.54 0.25 0.00 0.00 0.25 0.00 0.00 94.18
569 2.03 0.00 2.78 0.51 0.00 0.00 0.25 0.00 0.00 94.43
570 1.53 0.00 3.32 1.02 0.00 0.00 0.00 0.00 0.00 94.13
571 2.33 0.00 4.13 3.36 0.00 0.00 0.26 0.00 0.00 89.92
572 24.03 0.00 5.17 5.17 0.00 0.00 0.00 0.00 0.00 65.63
573 34.87 0.00 8.97 0.00 0.00 0.00 0.00 0.00 0.00 56.15
574 5.91 0.00 3.34 1.03 0.00 0.00 0.26 0.00 0.00 89.46
575 1.28 0.00 3.84 3.32 0.00 0.00 0.00 0.00 0.00 91.56
576 1.77 0.00 4.80 1.52 0.00 0.00 0.00 0.00 0.00 91.92
577 1.02 0.00 3.84 1.53 0.00 0.00 0.51 0.00 0.00 93.09
578 0.52 0.00 2.62 1.57 0.00 0.00 0.26 0.00 0.00 95.03
579 1.28 0.00 3.32 7.42 0.00 0.00 1.28 0.00 0.00 86.70
580 2.05 0.00 2.81 3.32 0.00 0.00 0.26 0.00 0.00 91.56
581 1.53 0.00 3.56 3.56 0.00 0.00 0.00 0.00 0.00 91.35
582 1.79 0.00 3.32 4.08 0.00 0.26 0.00 0.00 0.00 90.56
583 1.27 0.00 4.07 3.82 0.00 0.00 0.25 0.00 0.00 90.59
584 0.52 0.00 3.12 1.04 0.00 0.00 0.00 0.00 0.00 95.32
585 1.52 0.00 4.82 7.87 0.00 0.00 0.00 0.00 0.00 85.79
586 1.53 0.00 3.07 4.60 0.00 0.00 0.26 0.00 0.00 90.54
587 1.27 0.00 3.30 2.03 0.00 0.25 0.00 0.00 0.00 93.15
588 1.27 0.00 3.82 3.31 0.00 0.00 0.00 0.00 0.00 91.60
589 1.28 0.00 3.57 2.30 0.00 0.00 0.26 0.00 0.00 92.60
590 1.02 0.00 3.83 1.53 0.00 0.00 0.00 0.00 0.00 93.62
591 1.53 0.00 3.32 0.77 0.00 0.00 0.00 0.00 0.00 94.37
592 1.02 0.00 3.56 0.51 0.00 0.00 0.25 0.00 0.00 94.66
593 1.77 0.00 4.05 2.03 0.00 0.00 0.25 0.00 0.00 91.90
594 1.52 0.00 4.06 3.81 0.00 0.00 0.00 0.00 0.00 90.61
595 2.03 0.00 3.30 7.61 0.00 0.00 0.00 0.00 0.00 87.06
596 1.29 0.00 3.09 3.61 0.00 0.00 0.00 0.00 0.00 92.01
597 1.28 0.00 3.07 5.37 0.00 0.00 0.00 0.00 0.00 90.28
598 1.28 0.00 3.32 2.30 0.00 0.00 0.26 0.00 0.00 92.86
599 1.55 0.00 2.58 1.03 0.00 0.00 0.00 0.00 0.00 94.83
600 0.77 0.00 3.58 0.77 0.00 0.00 0.00 0.00 0.00 94.88
601 0.51 0.00 3.60 1.54 0.00 0.00 0.00 0.00 0.00 94.34
602 1.02 0.00 3.07 0.77 0.00 0.00 0.26 0.00 0.00 94.88
603 1.03 0.00 2.58 1.29 0.00 0.00 0.00 0.00 0.00 95.09
604 1.54 0.00 2.82 0.26 0.00 0.00 0.00 0.00 0.00 95.38
605 1.27 0.00 4.31 0.51 0.00 0.00 0.25 0.00 0.00 93.65
606 1.30 0.00 2.07 6.22 0.00 0.00 0.00 0.00 0.00 90.41
607 0.52 0.00 2.85 4.92 0.00 0.00 0.26 0.00 0.00 91.45
608 1.30 0.00 2.86 3.64 0.00 0.00 0.26 0.00 0.00 91.95
609 0.78 0.00 2.34 0.78 0.00 0.00 0.00 0.00 0.00 96.10
610 1.03 0.00 2.58 0.26 0.00 0.00 0.26 0.00 0.00 95.88
611 1.78 0.00 4.58 0.25 0.00 0.00 0.00 0.00 0.00 93.38
612 2.29 0.00 5.60 0.76 0.00 0.00 0.25 0.00 0.00 91.09
613 2.05 0.00 3.07 0.77 0.00 0.00 0.00 0.00 0.00 94.12
614 1.53 0.00 4.07 0.00 0.00 0.00 0.00 0.00 0.00 94.40
615 1.04 0.00 2.85 1.55 0.00 0.00 0.26 0.00 0.00 94.30
616 0.77 0.00 3.58 0.00 0.00 0.00 0.00 0.00 0.00 95.65
617 0.76 0.00 4.07 1.27 0.00 0.00 0.25 0.00 0.00 93.64
618 1.54 0.00 2.83 0.51 0.00 0.00 0.00 0.00 0.00 95.12
619 1.02 0.00 3.32 0.26 0.00 0.00 0.26 0.00 0.00 95.14
620 1.52 0.00 4.06 0.51 0.00 0.00 0.00 0.00 0.00 93.91
621 1.01 0.00 4.30 1.01 0.00 0.00 0.25 0.00 0.00 93.42
622 1.02 0.00 3.58 7.42 0.00 0.26 0.26 0.00 0.00 87.47
623 1.03 0.00 3.36 7.24 0.00 0.00 0.00 0.00 0.00 88.37
624 1.28 0.00 3.07 4.86 0.00 0.00 0.26 0.00 0.00 90.54
625 1.03 0.00 3.36 0.00 0.00 0.00 0.26 0.00 0.00 95.35
626 1.78 0.00 2.80 6.36 0.00 0.00 0.00 0.00 0.00 89.06
627 0.76 0.00 4.07 2.80 0.00 0.00 0.00 0.00 0.00 92.37
628 1.03 0.00 3.59 0.26 0.00 0.00 0.26 0.00 0.00 94.87
629 1.52 0.00 4.29 0.25 0.00 0.00 0.00 0.00 0.00 93.94
630 1.79 0.00 2.82 0.51 0.00 0.00 0.26 0.00 0.00 94.62
631 1.79 0.00 4.08 0.26 0.00 0.00 0.77 0.00 0.00 93.11
632 1.78 0.00 3.82 2.54 0.00 0.00 0.00 0.00 0.00 91.86
633 1.26 0.00 4.80 1.26 0.00 0.00 0.00 0.00 0.00 92.68
634 1.01 0.00 4.05 0.51 0.00 0.00 0.00 0.00 0.00 94.43
635 1.53 0.00 3.05 0.76 0.00 0.25 0.25 0.00 0.00 94.15
636 1.79 0.00 3.07 0.26 0.00 0.00 0.26 0.00 0.00 94.63
637 1.27 0.00 3.82 0.76 0.00 0.00 0.00 0.00 0.00 94.15
638 0.77 0.00 3.60 1.03 0.00 0.00 0.26 0.00 0.00 94.34
639 1.02 0.00 3.84 0.26 0.00 0.00 0.00 0.00 0.00 94.88
640 1.78 0.00 3.81 2.79 0.00 0.00 0.25 0.00 0.00 91.37
641 1.02 0.00 4.33 1.78 0.00 0.00 0.00 0.00 0.00 92.88
642 1.52 0.00 3.29 1.77 0.00 0.00 0.25 0.00 0.00 93.16
643 1.02 0.00 3.84 0.77 0.00 0.00 0.00 0.00 0.00 94.37
644 1.02 0.00 3.55 2.79 0.00 0.25 0.00 0.00 0.00 92.39
645 1.53 0.00 3.31 2.54 0.00 0.00 0.25 0.00 0.00 92.37
646 1.27 0.00 3.80 3.54 0.00 0.25 0.00 0.00 0.00 91.14
647 1.29 0.00 2.84 0.52 0.00 0.00 0.26 0.00 0.00 95.09
648 1.28 0.00 3.07 1.02 0.00 0.00 0.26 0.00 0.00 94.37
649 1.03 0.00 2.84 1.03 0.00 0.00 0.00 0.00 0.00 95.10
650 1.28 0.00 3.07 0.51 0.00 0.00 0.00 0.00 0.00 95.14
651 1.27 0.00 3.55 0.76 0.00 0.00 0.25 0.00 0.00 94.16
652 1.53 0.00 4.08 3.57 0.00 0.00 0.00 0.00 0.00 90.82
653 0.77 0.00 3.86 0.77 0.00 0.00 0.26 0.00 0.00 94.34
654 1.52 0.00 4.04 0.25 0.00 0.00 0.00 0.00 0.00 94.19
655 1.01 0.00 4.55 0.51 0.00 0.00 0.00 0.00 0.00 93.94
656 1.03 0.00 2.83 0.51 0.00 0.00 0.26 0.00 0.00 95.37
657 1.02 0.00 3.32 2.05 0.00 0.00 0.00 0.00 0.00 93.61
658 1.53 0.00 3.07 1.28 0.00 0.00 0.26 0.00 0.00 93.86
659 1.53 0.00 3.56 0.51 0.00 0.00 0.00 0.00 0.00 94.40
660 1.01 0.00 4.05 0.51 0.00 0.00 0.00 0.00 0.00 94.43
661 1.28 0.00 3.33 0.26 0.00 0.00 0.26 0.00 0.00 94.87
662 1.03 0.00 2.58 0.52 0.00 0.00 0.00 0.00 0.00 95.87
663 1.02 0.00 3.82 0.51 0.00 0.00 0.00 0.00 0.00 94.66
664 1.54 0.00 3.59 1.03 0.00 0.00 0.26 0.00 0.00 93.59
665 0.51 0.00 3.84 0.51 0.00 0.00 0.00 0.00 0.00 95.14
666 1.03 0.00 2.83 1.29 0.00 0.00 0.26 0.00 0.00 94.60
667 1.04 0.00 3.39 3.13 0.00 0.00 0.26 0.00 0.00 92.17
668 1.04 0.00 2.86 1.82 0.00 0.00 0.52 0.00 0.00 93.77
669 1.55 0.00 2.33 1.03 0.00 0.00 0.26 0.00 0.00 94.83
670 1.03 0.00 2.84 0.78 0.00 0.00 0.00 0.00 0.00 95.35
671 1.28 0.00 3.08 0.51 0.00 0.00 0.00 0.00 0.00 95.13
672 1.82 0.00 4.43 4.17 0.00 0.00 0.00 0.00 0.00 89.58
673 1.53 0.00 3.06 0.77 0.00 0.00 0.26 0.00 0.00 94.39
674 2.03 0.00 3.30 0.76 0.00 0.25 0.00 0.00 0.00 93.65
675 1.02 0.00 3.07 0.77 0.00 0.00 0.00 0.00 0.00 95.14
676 1.54 0.00 2.82 0.51 0.00 0.00 0.26 0.00 0.00 94.87
677 1.29 0.00 2.33 1.03 0.00 0.26 0.00 0.00 0.00 95.09
678 1.02 0.00 3.32 0.51 0.00 0.00 0.26 0.00 0.00 94.90
679 1.55 0.00 2.33 0.52 0.00 0.00 0.00 0.00 0.00 95.61
680 1.27 0.00 3.05 1.27 0.00 0.25 0.00 0.00 0.00 94.15
681 0.76 0.00 3.56 2.04 0.00 0.25 0.25 0.00 0.00 93.13
682 0.77 0.00 3.08 1.29 0.00 0.00 0.00 0.00 0.00 94.86
683 1.03 0.00 3.34 1.54 0.00 0.00 0.00 0.00 0.00 94.09
684 1.28 0.00 3.07 1.02 0.00 0.00 0.26 0.00 0.00 94.37
685 1.28 0.00 2.81 1.53 0.00 0.00 0.00 0.00 0.00 94.37
686 0.78 0.00 2.58 4.91 0.00 0.00 0.00 0.00 0.00 91.73
687 1.28 0.00 3.07 2.81 0.00 0.00 0.00 0.00 0.00 92.84
688 1.02 0.00 3.07 1.28 0.00 0.00 0.26 0.00 0.00 94.37
689 1.28 0.00 2.82 7.69 0.00 0.00 0.00 0.00 0.00 88.21
690 1.04 0.00 1.57 1.57 0.00 0.00 0.26 0.00 0.00 95.56
691 1.29 0.00 2.83 0.77 0.00 0.00 0.00 0.00 0.00 95.12
692 1.78 0.00 3.31 4.83 0.00 0.00 0.00 0.00 0.00 90.08
693 1.53 0.00 2.81 3.58 0.00 0.26 0.26 0.00 0.00 91.56
694 1.27 0.00 3.31 9.92 0.00 0.00 0.00 0.00 0.00 85.50
695 1.27 0.00 4.05 5.32 0.00 0.25 0.00 0.00 0.00 89.11
696 0.51 0.00 3.60 1.80 0.00 0.00 0.00 0.00 0.00 94.09
697 0.77 0.00 4.08 1.28 0.00 0.00 0.26 0.00 0.00 93.62
698 1.03 0.00 3.60 2.83 0.00 0.00 0.26 0.00 0.00 92.29
699 1.54 0.00 3.34 2.06 0.00 0.00 0.00 0.00 0.00 93.06
700 1.54 0.00 2.82 2.56 0.00 0.00 0.26 0.00 0.00 92.82
701 1.76 0.00 4.03 1.26 0.00 0.00 0.00 0.00 0.00 92.95
702 1.27 0.00 4.30 3.04 0.00 0.00 0.51 0.00 0.00 90.89
703 1.26 0.00 4.29 2.02 0.00 0.25 0.25 0.00 0.00 91.92
704 1.51 0.00 4.27 1.01 0.00 0.00 0.00 0.00 0.00 93.22
705 0.76 0.00 4.07 1.27 0.00 0.00 0.00 0.00 0.00 93.89
706 1.02 0.00 3.32 1.53 0.00 0.00 0.00 0.00 0.00 94.12
707 1.01 0.00 4.30 6.08 0.00 0.00 0.25 0.00 0.00 88.35
708 1.02 0.00 4.57 1.27 0.00 0.00 0.00 0.00 0.00 93.15
709 2.03 0.00 3.54 0.25 0.00 0.25 0.00 0.00 0.00 93.92
710 1.75 0.00 4.26 0.25 0.00 0.00 0.00 0.00 0.00 93.73
711 1.52 0.00 4.04 0.51 0.00 0.00 0.00 0.00 0.00 93.94
712 1.77 0.00 3.54 0.51 0.00 0.00 0.25 0.00 0.00 93.94
713 1.77 0.00 3.04 1.01 0.00 0.00 0.00 0.00 0.00 94.18
714 1.02 0.00 3.82 0.51 0.00 0.00 0.25 0.00 0.00 94.40
715 0.51 0.00 4.58 0.51 0.00 0.00 0.00 0.00 0.00 94.40
716 1.28 0.00 2.55 0.26 0.00 0.00 0.26 0.00 0.00 95.66
717 1.28 0.00 2.56 0.00 0.00 0.00 0.00 0.00 0.00 96.15
718 1.52 0.00 3.30 0.25 0.00 0.00 0.00 0.00 0.00 94.92
719 1.28 0.00 3.58 0.26 0.00 0.00 0.26 0.00 0.00 94.63
720 1.02 0.00 3.32 0.00 0.00 0.00 0.00 0.00 0.00 95.66
721 1.78 0.00 3.30 0.00 0.00 0.00 0.00 0.00 0.00 94.92
722 0.76 0.00 4.06 3.55 0.00 0.25 0.25 0.00 0.00 91.12
723 1.26 0.00 4.53 0.76 0.00 0.00 0.00 0.00 0.00 93.45
724 1.28 0.00 2.56 0.26 0.00 0.00 0.00 0.00 0.00 95.90
725 0.52 0.00 2.34 0.52 0.00 0.00 0.26 0.00 0.00 96.35
726 1.28 0.00 3.32 0.26 0.00 0.00 0.26 0.00 0.00 94.90
727 0.77 0.00 3.58 0.77 0.00 0.00 0.26 0.00 0.00 94.63
728 1.55 0.00 4.12 1.03 0.00 0.00 0.00 0.00 0.00 93.30
729 0.51 0.00 3.60 0.00 0.00 0.00 0.26 0.00 0.00 95.63
730 1.28 0.00 2.82 0.77 0.00 0.00 0.00 0.00 0.00 95.13
731 1.79 0.00 2.81 2.81 0.00 0.00 0.00 0.00 0.00 92.60
732 0.77 0.00 5.63 1.53 0.00 0.00 0.00 0.00 0.00 92.07
733 1.02 0.00 3.32 8.16 0.00 0.00 0.00 0.00 0.00 87.50
734 1.02 0.00 3.32 3.07 0.00 0.00 0.26 0.00 0.00 92.33
735 1.28 0.00 3.07 1.02 0.00 0.00 0.00 0.00 0.00 94.63
736 1.03 0.00 2.57 2.06 0.00 0.26 0.26 0.00 0.00 93.83
737 1.53 0.00 3.56 2.04 0.00 0.00 0.00 0.00 0.00 92.88
738 1.03 0.00 3.34 5.91 0.00 0.00 0.51 0.00 0.00 89.20
739 1.79 0.00 3.33 0.00 0.00 0.00 0.00 0.00 0.00 94.87
740 1.26 0.00 4.28 0.76 0.00 0.25 0.00 0.00 0.00 93.45
741 1.52 0.00 3.55 0.51 0.00 0.00 0.00 0.00 0.00 94.42
742 0.52 0.00 3.35 0.52 0.00 0.00 0.00 0.00 0.00 95.62
743 1.31 0.00 2.88 2.09 0.00 0.00 0.26 0.00 0.00 93.46
744 1.29 0.00 2.58 0.00 0.00 0.26 0.00 0.00 0.00 95.87
745 0.76 0.00 3.81 0.51 0.00 0.00 0.25 0.00 0.00 94.67
746 1.03 0.00 2.56 0.26 0.00 0.00 0.00 0.00 0.00 96.15
747 1.01 0.00 3.29 0.00 0.00 0.51 0.00 0.00 0.00 95.19
748 1.03 0.00 2.84 0.52 0.00 0.00 0.00 0.00 0.00 95.62
749 0.77 0.00 4.08 0.26 0.00 0.00 0.00 0.00 0.00 94.90
750 1.03 0.00 3.08 0.26 0.00 0.00 0.26 0.00 0.00 95.38
751 1.02 0.00 3.57 0.26 0.00 0.26 0.26 0.00 0.00 94.64
752 0.77 0.00 2.32 0.00 0.00 0.00 0.26 0.00 0.00 96.65
753 0.78 0.00 2.85 4.40 0.00 0.00 0.26 0.00 0.00 91.71
754 1.79 0.00 3.08 0.51 0.00 0.00 0.00 0.00 0.00 94.62
755 0.77 0.00 2.84 0.52 0.00 0.00 0.26 0.00 0.00 95.62
756 1.02 0.00 3.58 0.00 0.00 0.00 0.00 0.00 0.00 95.40
757 1.03 0.00 2.84 4.64 0.00 0.00 0.26 0.00 0.00 91.24
758 0.52 0.00 2.60 1.56 0.00 0.00 0.26 0.00 0.00 95.05
759 1.02 0.00 3.32 1.02 0.00 0.00 0.51 0.00 0.00 94.12
760 1.03 0.00 2.32 1.55 0.00 0.00 0.00 0.00 0.00 95.10
761 1.54 0.00 2.56 1.54 0.00 0.00 0.00 0.00 0.00 94.36
762 1.79 0.00 2.81 0.77 0.00 0.00 0.00 0.00 0.00 94.63
763 1.53 0.00 2.81 4.09 0.00 0.00 0.00 0.00 0.00 91.56
764 0.76 0.00 3.56 0.25 0.00 0.00 0.25 0.00 0.00 95.17
765 0.77 0.00 2.58 1.55 0.00 0.26 0.00 0.00 0.00 94.85
766 1.28 0.00 2.82 0.00 0.00 0.00 0.00 0.00 0.00 95.90
767 0.51 0.00 3.84 0.00 0.00 0.00 0.26 0.00 0.00 95.40
768 1.54 0.00 2.56 0.77 0.00 0.00 0.00 0.00 0.00 95.13
769 1.02 0.00 3.06 0.26 0.00 0.00 0.00 0.00 0.00 95.66
770 1.28 0.00 3.84 0.26 0.00 0.00 0.26 0.00 0.00 94.37
771 1.28 0.00 3.85 0.00 0.00 0.00 0.00 0.00 0.00 94.87
772 1.29 0.00 2.57 0.26 0.00 0.00 0.00 0.00 0.00 95.89
773 1.03 0.00 3.09 7.47 0.00 0.00 0.00 0.00 0.00 88.40
774 1.53 0.00 2.81 0.00 0.00 0.00 0.26 0.00 0.00 95.40
775 0.78 0.00 2.60 0.52 0.00 0.00 0.00 0.00 0.00 96.10
776 1.03 0.00 2.32 0.00 0.00 0.00 0.26 0.00 0.00 96.39
777 1.02 0.00 2.81 0.26 0.00 0.00 0.26 0.00 0.00 95.65
778 1.54 0.00 2.83 0.26 0.00 0.00 0.00 0.00 0.00 95.37
779 0.51 0.00 3.32 0.26 0.00 0.00 0.26 0.00 0.00 95.65
780 0.77 0.00 3.08 0.26 0.00 0.00 0.00 0.00 0.00 95.90
781 1.28 0.00 3.07 0.00 0.00 0.00 0.00 0.00 0.00 95.65
782 1.03 0.00 3.08 0.26 0.00 0.00 0.00 0.00 0.00 95.64
783 0.77 0.00 3.07 0.51 0.00 0.00 0.51 0.00 0.00 95.14
784 0.76 0.00 3.81 0.51 0.00 0.25 0.00 0.00 0.00 94.67
785 1.53 0.00 2.81 0.00 0.00 0.00 0.00 0.00 0.00 95.66
786 1.01 0.00 4.29 0.00 0.00 0.00 0.25 0.00 0.00 94.44
787 0.52 0.00 3.11 0.26 0.00 0.00 0.00 0.00 0.00 96.11
788 1.55 0.00 3.63 0.52 0.00 0.00 0.26 0.00 0.00 94.04
789 2.30 0.00 2.05 0.26 0.00 0.00 0.26 0.00 0.00 95.14
790 1.27 0.00 3.54 0.25 0.00 0.00 0.51 0.00 0.00 94.43
791 1.02 0.00 3.82 0.00 0.00 0.00 0.00 0.00 0.00 95.17
792 1.02 0.00 6.38 0.51 0.00 0.00 0.00 0.00 0.00 92.09
793 1.27 0.00 4.05 0.00 0.00 0.00 0.00 0.00 0.00 94.68
794 0.77 0.00 3.58 0.00 0.00 0.00 0.51 0.00 0.00 95.14
795 1.53 0.00 2.80 0.00 0.00 0.00 0.25 0.00 0.00 95.42
796 1.53 0.00 4.07 0.51 0.00 0.00 0.25 0.00 0.00 93.64
797 1.03 0.00 3.85 0.26 0.00 0.00 0.00 0.00 0.00 94.87
798 1.52 0.00 4.29 0.25 0.00 0.00 0.00 0.00 0.00 93.94
799 1.79 0.00 3.06 0.26 0.00 0.26 0.51 0.00 0.00 94.13
800 1.26 0.00 4.53 0.25 0.00 0.00 0.00 0.00 0.00 93.95
801 1.01 0.00 4.30 0.00 0.00 0.00 0.51 0.00 0.00 94.18
802 1.53 0.00 3.56 0.51 0.00 0.00 0.00 0.00 0.00 94.40
803 1.27 0.00 3.81 3.81 0.00 0.00 0.00 0.00 0.00 91.12
804 1.77 0.00 3.04 0.51 0.00 0.00 0.00 0.00 0.00 94.68
805 1.53 0.00 3.31 0.51 0.00 0.25 0.00 0.00 0.00 94.40
806 0.76 0.00 3.56 0.25 0.00 0.00 0.25 0.00 0.00 95.17
807 1.27 0.00 3.30 0.76 0.00 0.00 0.25 0.00 0.00 94.42
808 0.52 0.00 3.62 5.68 0.00 0.00 0.00 0.00 0.00 90.18
809 1.02 0.00 3.81 0.00 0.00 0.00 0.25 0.00 0.00 94.92
810 1.01 0.00 4.79 1.01 0.00 0.25 0.00 0.00 0.00 92.95
811 1.02 0.00 3.81 1.52 0.00 0.00 0.00 0.00 0.00 93.65
812 1.53 0.00 3.05 0.51 0.00 0.00 0.00 0.00 0.00 94.91
813 1.01 0.00 4.05 0.51 0.00 0.00 0.25 0.00 0.00 94.18
814 1.52 0.00 3.80 1.27 0.00 0.00 0.00 0.00 0.00 93.42
815 1.01 0.00 4.53 0.00 0.00 0.00 0.00 0.00 0.00 94.46
816 1.27 0.00 3.80 2.28 0.00 0.00 0.25 0.00 0.00 92.41
817 1.27 0.00 4.30 0.25 0.00 0.00 0.00 0.00 0.00 94.18
818 1.30 0.00 3.64 1.04 0.00 0.00 0.52 0.00 0.00 93.51
819 1.03 0.00 3.33 0.00 0.00 0.00 2.05 0.00 0.00 93.59
820 0.78 0.00 3.12 0.26 0.00 0.00 0.26 0.00 0.00 95.58
821 1.53 0.00 3.56 0.00 0.00 0.00 0.00 0.00 0.00 94.91
822 1.27 0.00 3.55 1.02 0.00 0.00 0.00 0.00 0.00 94.16
823 1.29 0.00 3.09 0.77 0.00 0.00 0.26 0.00 0.00 94.59
824 1.27 0.00 3.54 0.25 0.00 0.00 0.00 0.00 0.00 94.94
825 1.02 0.00 3.82 0.00 0.00 0.25 0.25 0.00 0.00 94.66
826 1.02 0.00 4.33 0.51 0.00 0.00 0.00 0.00 0.00 94.15
827 1.03 0.00 3.08 0.26 0.00 0.00 0.26 0.00 0.00 95.38
828 0.77 0.00 3.83 0.77 0.00 0.00 0.00 0.00 0.00 94.64
829 0.52 0.00 2.85 0.26 0.00 0.00 0.26 0.00 0.00 96.11
830 1.29 0.00 3.08 0.00 0.00 0.00 0.00 0.00 0.00 95.63
831 1.28 0.00 2.56 0.00 0.00 0.00 0.26 0.00 0.00 95.90
832 0.51 0.00 3.57 0.00 0.00 0.00 0.00 0.00 0.00 95.92
833 0.52 0.00 2.58 0.52 0.00 0.00 0.00 0.00 0.00 96.38
834 0.77 0.00 2.57 0.26 0.00 0.00 0.00 0.00 0.00 96.40
835 1.03 0.00 2.56 0.00 0.00 0.26 0.26 0.00 0.00 95.90
836 1.03 0.00 2.57 0.26 0.00 0.00 0.00 0.00 0.00 96.14
837 2.29 0.00 3.05 0.25 0.00 0.00 0.00 0.00 0.00 94.40
838 2.33 0.00 4.65 4.91 0.00 0.00 0.26 0.00 0.00 87.86
839 2.27 0.00 4.04 2.53 0.00 0.00 0.25 0.00 0.00 90.91
840 1.55 0.00 3.36 0.78 0.00 0.00 0.00 0.00 0.00 94.32
841 1.77 0.00 3.80 0.00 0.00 0.00 0.25 0.00 0.00 94.18
842 1.55 0.00 1.80 0.00 0.00 0.00 0.26 0.00 0.00 96.39
843 0.26 0.00 2.85 0.26 0.00 0.00 0.26 0.00 0.00 96.37
844 1.29 0.00 2.07 2.07 0.00 0.26 0.00 0.00 0.00 94.32
845 1.27 0.00 3.56 0.00 0.00 0.00 0.00 0.00 0.00 95.17
846 1.53 0.00 3.07 0.51 0.00 0.00 0.00 0.00 0.00 94.88
847 1.30 0.00 2.33 0.00 0.00 0.00 0.26 0.00 0.00 96.11
848 1.28 0.00 3.33 1.03 0.00 0.00 0.26 0.00 0.00 94.10
849 1.02 0.00 4.07 0.00 0.00 0.00 0.00 0.00 0.00 94.91
850 1.02 0.00 3.57 1.02 0.00 0.00 0.26 0.00 0.00 94.13
851 1.53 0.00 3.07 0.00 0.00 0.00 0.00 0.00 0.00 95.40
852 1.29 0.00 4.11 4.37 0.00 0.26 0.26 0.00 0.00 89.72
853 1.03 0.00 3.08 2.05 0.00 0.00 0.00 0.00 0.00 93.85
854 1.27 0.00 3.55 1.52 0.00 0.00 0.00 0.00 0.00 93.65
855 1.02 0.00 3.57 0.26 0.00 0.00 0.00 0.00 0.00 95.15
856 1.02 0.00 3.56 1.78 0.00 0.00 0.00 0.00 0.00 93.64
857 1.02 0.00 3.58 0.26 0.00 0.00 0.00 0.00 0.00 95.14
858 1.02 0.00 3.56 0.51 0.00 0.00 0.25 0.00 0.00 94.66
859 1.27 0.00 3.55 0.00 0.00 0.00 0.00 0.00 0.00 95.18
860 1.79 0.00 3.32 0.51 0.00 0.00 0.00 0.00 0.00 94.39
861 2.02 0.00 3.78 0.25 0.00 0.00 0.00 0.00 0.00 93.95
862 1.02 0.00 4.07 0.00 0.00 0.00 0.00 0.00 0.00 94.91
863 2.03 0.00 3.30 0.51 0.00 0.00 0.00 0.00 0.00 94.16
864 1.52 0.00 4.04 0.51 0.00 0.00 0.25 0.00 0.00 93.69
865 1.53 0.00 4.34 0.51 0.00 0.00 0.26 0.00 0.00 93.37
866 1.03 0.00 4.10 0.26 0.00 0.00 0.51 0.00 0.00 94.10
867 2.02 0.00 4.04 0.25 0.00 0.00 0.00 0.00 0.00 93.69
868 1.52 0.00 3.79 0.51 0.00 0.00 0.00 0.00 0.00 94.19
869 1.02 0.00 3.58 0.26 0.00 0.00 0.26 0.00 0.00 94.88
870 1.52 0.00 3.79 0.25 0.00 0.00 0.00 0.00 0.00 94.44
871 1.27 0.00 4.05 0.25 0.00 0.00 0.00 0.00 0.00 94.43
872 1.02 0.00 3.56 0.25 0.00 0.00 0.00 0.00 0.00 95.17
873 1.02 0.00 4.09 0.51 0.00 0.00 0.00 0.00 0.00 94.37
874 0.77 0.00 4.62 3.59 0.00 0.00 0.26 0.00 0.00 90.77
875 1.03 0.00 3.08 2.05 0.00 0.00 0.26 0.00 0.00 93.59
876 1.03 0.00 3.08 0.51 0.00 0.00 0.00 0.00 0.00 95.37
877 1.53 0.00 3.83 6.12 0.00 0.00 0.77 0.00 0.00 87.76
878 1.04 0.00 3.12 1.82 0.00 0.00 0.26 0.00 0.00 93.75
879 0.77 0.00 3.33 0.00 0.00 0.00 0.77 0.00 0.00 95.13
880 0.77 0.00 3.85 1.54 0.00 0.00 0.00 0.00 0.00 93.85
881 1.03 0.00 3.34 0.77 0.00 0.00 0.26 0.00 0.00 94.60
882 1.27 0.00 3.30 0.51 0.00 0.00 0.25 0.00 0.00 94.67
883 1.78 0.00 3.05 1.02 0.00 0.00 0.00 0.00 0.00 94.16
884 1.52 0.00 3.80 0.00 0.00 0.00 0.00 0.00 0.00 94.68
885 1.03 0.00 2.82 0.00 0.00 0.00 0.00 0.00 0.00 96.15
886 1.03 0.00 3.33 0.00 0.00 0.00 0.26 0.00 0.00 95.38
887 0.77 0.00 4.08 0.00 0.00 0.00 0.00 0.00 0.00 95.15
888 1.02 0.00 3.82 0.25 0.00 0.00 0.25 0.00 0.00 94.66
889 1.01 0.00 4.29 0.25 0.00 0.00 0.00 0.00 0.00 94.44
890 0.26 0.00 3.59 0.26 0.00 0.00 0.26 0.00 0.00 95.64
891 1.03 0.00 3.08 0.26 0.00 0.00 0.00 0.00 0.00 95.63
892 1.52 0.00 3.30 0.25 0.00 0.00 0.00 0.00 0.00 94.92
893 1.03 0.00 2.82 0.00 0.00 0.00 0.26 0.00 0.00 95.90
894 0.77 0.00 3.58 0.26 0.00 0.00 0.00 0.00 0.00 95.40
895 1.27 0.00 3.55 0.25 0.00 0.00 0.00 0.00 0.00 94.92
896 1.03 0.00 2.58 0.00 0.00 0.00 0.26 0.00 0.00 96.13
897 1.03 0.00 3.33 0.26 0.00 0.00 0.26 0.00 0.00 95.13
898 1.03 0.00 3.08 3.33 0.00 0.00 0.00 0.00 0.00 92.56
899 0.78 0.00 2.59 0.26 0.00 0.00 0.00 0.00 0.00 96.37
900 1.28 0.00 2.56 0.00 0.00 0.26 0.00 0.00 0.00 95.90
901 1.03 0.00 2.84 0.26 0.00 0.00 0.26 0.00 0.00 95.62
902 0.78 0.00 2.58 0.52 0.00 0.00 0.00 0.00 0.00 96.12
903 0.76 0.00 4.05 0.25 0.00 0.25 0.00 0.00 0.00 94.68
904 1.03 0.00 2.84 3.36 0.00 0.00 0.00 0.00 0.00 92.76
905 1.03 0.00 2.83 0.26 0.00 0.00 0.26 0.00 0.00 95.63
906 1.27 0.00 3.05 0.51 0.00 0.00 0.25 0.00 0.00 94.92
907 0.78 0.00 3.12 0.26 0.00 0.00 0.26 0.00 0.00 95.58
908 1.30 0.00 2.33 0.78 0.00 0.00 0.52 0.00 0.00 95.08
909 0.52 0.00 2.59 0.00 0.00 0.00 0.00 0.00 0.00 96.89
910 1.04 0.00 2.59 0.00 0.00 0.00 0.26 0.00 0.00 96.11
911 0.51 0.00 3.83 0.00 0.00 0.00 0.00 0.00 0.00 95.66
912 1.79 0.00 4.62 0.77 0.00 0.00 0.00 0.00 0.00 92.82
913 1.02 0.00 4.06 0.25 0.00 0.00 0.00 0.00 0.00 94.67
914 0.51 0.00 4.33 0.00 0.00 0.00 0.00 0.00 0.00 95.17
915 1.52 0.00 3.05 0.51 0.00 0.00 0.00 0.00 0.00 94.92
916 1.02 0.00 3.32 0.26 0.00 0.00 0.26 0.00 0.00 95.14
917 1.02 0.00 4.09 0.00 0.00 0.00 0.00 0.00 0.00 94.88
918 1.52 0.00 4.57 0.25 0.00 0.00 0.00 0.00 0.00 93.65
919 0.76 0.00 5.09 0.25 0.00 0.00 0.00 0.00 0.00 93.89
920 1.53 0.00 3.57 2.55 0.00 0.00 0.00 0.00 0.00 92.35
921 1.02 0.00 3.83 0.00 0.00 0.00 0.00 0.00 0.00 95.15
922 1.27 0.00 4.33 0.51 0.00 0.00 0.25 0.00 0.00 93.64
923 1.52 0.00 3.05 0.00 0.00 0.00 0.25 0.00 0.00 95.18
924 1.53 0.00 3.83 2.04 0.00 0.00 0.00 0.00 0.00 92.60
925 2.04 0.00 2.80 0.00 0.00 0.00 0.00 0.00 0.00 95.17
926 0.51 0.00 4.06 0.00 0.00 0.25 0.00 0.00 0.00 95.18
927 1.02 0.00 3.56 0.00 0.00 0.00 0.25 0.00 0.00 95.17
928 1.29 0.00 3.10 1.03 0.00 0.00 0.00 0.00 0.00 94.57
929 0.77 0.00 2.83 0.00 0.00 0.00 0.26 0.00 0.00 96.14
930 0.51 0.00 3.34 0.26 0.00 0.00 0.00 0.00 0.00 95.89
931 1.53 0.00 3.83 0.51 0.00 0.00 0.00 0.00 0.00 94.13
932 1.02 0.00 4.07 0.00 0.00 0.00 0.00 0.00 0.00 94.91
933 0.77 0.00 3.33 0.00 0.00 0.00 0.26 0.00 0.00 95.64
934 1.27 0.00 4.05 4.05 0.00 0.00 0.00 0.00 0.00 90.63
935 1.53 0.00 3.31 0.00 0.00 0.25 0.00 0.00 0.00 94.91
936 1.52 0.00 3.54 0.25 0.00 0.00 0.00 0.00 0.00 94.68
937 1.51 0.00 5.03 0.25 0.00 0.00 0.25 0.00 0.00 92.96
938 1.03 0.00 3.35 1.03 0.00 0.00 0.00 0.00 0.00 94.59
939 1.03 0.00 3.08 0.00 0.00 0.00 0.51 0.00 0.00 95.38
940 1.80 0.00 2.58 0.00 0.00 0.00 0.26 0.00 0.00 95.36
941 1.29 0.00 2.57 0.00 0.00 0.00 0.26 0.00 0.00 95.89
942 1.02 0.00 3.07 0.00 0.00 0.00 0.26 0.00 0.00 95.65
943 1.29 0.00 3.34 0.26 0.00 0.00 0.00 0.00 0.00 95.12
944 0.51 0.00 3.83 0.51 0.00 0.00 0.51 0.00 0.00 94.64
945 1.28 0.00 3.32 0.26 0.00 0.00 0.00 0.00 0.00 95.14
946 1.79 0.00 2.31 0.26 0.00 0.00 0.00 0.00 0.00 95.64
947 0.77 0.00 3.34 0.00 0.00 0.00 0.26 0.00 0.00 95.63
948 1.54 0.00 3.08 0.26 0.00 0.26 0.26 0.00 0.00 94.62
949 1.52 0.00 4.31 0.00 0.00 0.00 0.00 0.00 0.00 94.16
950 34.96 0.00 6.68 0.00 0.00 0.00 0.00 0.00 0.00 58.35
951 13.96 0.00 3.30 0.00 0.00 0.00 0.00 0.00 0.00 82.74
952 1.79 0.00 2.56 0.51 0.00 0.00 0.00 0.00 0.00 95.14
953 0.51 0.00 3.84 0.51 0.00 0.00 0.26 0.00 0.00 94.88
954 12.76 0.00 4.85 0.00 0.00 0.00 0.00 0.00 0.00 82.40
955 6.06 0.00 4.55 0.00 0.00 0.00 0.00 0.00 0.00 89.39
956 0.77 0.00 3.85 0.00 0.00 0.00 0.26 0.00 0.00 95.13
957 1.02 0.00 4.09 0.00 0.00 0.00 0.00 0.00 0.00 94.88
958 0.77 0.00 3.08 4.88 0.00 0.00 0.00 0.00 0.00 91.26
959 1.02 0.00 4.08 2.55 0.00 0.26 0.00 0.00 0.00 92.09
960 0.52 0.00 3.10 0.78 0.00 0.00 0.52 0.00 0.00 95.09
961 1.02 0.00 4.07 0.76 0.00 0.00 0.00 0.00 0.00 94.15
962 1.27 0.00 3.55 0.00 0.00 0.00 0.00 0.00 0.00 95.18
963 1.29 0.00 3.09 0.77 0.00 0.00 0.26 0.00 0.00 94.59
964 1.29 0.00 2.31 0.26 0.00 0.00 0.00 0.00 0.00 96.14
965 1.54 0.00 3.33 3.08 0.00 0.00 0.00 0.00 0.00 92.05
966 1.03 0.00 2.84 0.26 0.00 0.00 0.00 0.00 0.00 95.88
967 1.28 0.00 2.81 0.00 0.00 0.00 0.00 0.00 0.00 95.91
968 0.52 0.00 2.86 0.78 0.00 0.00 0.26 0.00 0.00 95.57
969 0.78 0.00 2.86 0.00 0.00 0.00 0.26 0.00 0.00 96.10
970 1.03 0.00 3.08 0.00 0.00 0.00 0.00 0.00 0.00 95.89
971 0.78 0.00 3.10 0.00 0.00 0.00 0.00 0.00 0.00 96.12
972 0.77 0.00 5.10 0.51 0.00 0.26 0.26 0.00 0.00 93.11
973 0.52 0.00 3.10 0.00 0.00 0.00 0.00 0.00 0.00 96.38
974 1.01 0.00 4.05 0.00 0.00 0.00 0.00 0.00 0.00 94.94
975 0.77 0.00 3.08 0.51 0.00 0.00 0.00 0.00 0.00 95.64
976 1.28 0.00 3.08 0.00 0.00 0.00 0.26 0.00 0.00 95.38
977 1.28 0.00 3.06 0.00 0.00 0.00 0.26 0.00 0.00 95.41
978 2.03 0.00 3.05 0.25 0.00 0.00 0.25 0.00 0.00 94.42
979 0.51 0.00 4.08 1.28 0.00 0.00 0.00 0.00 0.00 94.13
980 1.28 0.00 3.32 4.60 0.00 0.00 0.26 0.00 0.00 90.54
981 0.78 0.00 2.84 2.58 0.00 0.00 0.26 0.00 0.00 93.54
982 1.53 0.00 3.07 1.02 0.00 0.00 0.00 0.00 0.00 94.37
983 1.03 0.00 3.09 0.26 0.00 0.00 0.26 0.00 0.00 95.36
984 1.52 0.00 2.79 0.00 0.00 0.00 0.00 0.00 0.00 95.69
985 1.02 0.00 3.32 4.34 0.00 0.00 0.26 0.00 0.00 91.07
986 0.77 0.00 3.33 0.00 0.00 0.00 0.00 0.00 0.00 95.90
987 1.28 0.00 3.06 0.00 0.00 0.00 0.26 0.00 0.00 95.41
988 1.53 0.00 3.31 0.25 0.00 0.00 0.00 0.00 0.00 94.91
989 1.28 0.00 3.59 0.00 0.00 0.00 0.00 0.00 0.00 95.13
990 1.28 0.00 3.06 0.00 0.00 0.00 0.00 0.00 0.00 95.66
991 0.77 0.00 3.32 0.26 0.00 0.00 0.26 0.00 0.00 95.40
992 0.77 0.00 3.32 0.00 0.00 0.00 0.00 0.00 0.00 95.91
993 1.29 0.00 3.35 0.00 0.00 0.00 0.00 0.00 0.00 95.36
994 1.03 0.00 3.59 0.00 0.00 0.00 0.26 0.00 0.00 95.13
995 1.02 0.00 3.81 0.00 0.00 0.25 0.00 0.00 0.00 94.92
996 1.77 0.00 3.03 0.00 0.00 0.00 0.25 0.00 0.00 94.95
997 1.28 0.00 4.34 0.00 0.00 0.00 0.00 0.00 0.00 94.39
998 0.77 0.00 3.85 1.54 0.00 0.00 0.00 0.00 0.00 93.85
999 1.02 0.00 3.32 1.28 0.00 0.00 0.51 0.00 0.00 93.86
1000 1.28 0.00 3.83 2.04 0.00 0.00 0.51 0.00 0.00 92.35
1001 1.27 0.00 4.07 0.00 0.00 0.00 0.00 0.00 0.00 94.66
1002 1.27 0.00 3.55 0.51 0.00 0.00 0.00 0.00 0.00 94.67
1003 1.52 0.00 4.29 0.76 0.00 0.00 0.25 0.00 0.00 93.18
1004 0.76 0.00 4.07 0.00 0.00 0.00 0.25 0.00 0.00 94.91
1005 1.02 0.00 3.83 0.00 0.00 0.00 0.00 0.00 0.00 95.15
1006 1.02 0.00 4.34 0.51 0.00 0.00 0.26 0.00 0.00 93.88
1007 1.27 0.00 4.06 0.00 0.00 0.00 0.00 0.00 0.00 94.67
1008 1.50 0.00 4.76 0.25 0.00 0.00 0.00 0.00 0.00 93.48
1009 1.25 0.00 5.00 0.25 0.00 0.00 0.00 0.00 0.00 93.50
1010 1.77 0.00 3.54 0.25 0.00 0.00 0.25 0.00 0.00 94.19
1011 0.77 0.00 4.59 0.00 0.00 0.00 0.26 0.00 0.00 94.39
1012 1.51 0.00 4.28 0.00 0.00 0.00 0.00 0.00 0.00 94.21
1013 1.02 0.00 4.08 0.26 0.00 0.00 0.26 0.00 0.00 94.39
1014 1.26 0.00 4.29 0.00 0.00 0.00 0.00 0.00 0.00 94.44
1015 1.28 0.00 3.59 3.33 0.00 0.00 0.00 0.00 0.00 91.79
1016 1.53 0.00 4.07 0.00 0.00 0.00 0.25 0.00 0.00 94.15
1017 1.54 0.00 3.08 0.00 0.00 0.00 0.00 0.00 0.00 95.38
1018 0.77 0.00 3.59 0.77 0.00 0.00 0.00 0.00 0.00 94.87
1019 1.28 0.00 3.06 0.26 0.00 0.00 0.00 0.00 0.00 95.41
1020 1.53 0.00 3.31 1.78 0.00 0.00 0.00 0.00 0.00 93.38
1021 1.52 0.00 3.30 0.51 0.00 0.25 0.51 0.00 0.00 93.91
1022 1.02 0.00 3.83 0.00 0.00 0.00 0.00 0.00 0.00 95.15
1023 0.78 0.00 2.85 0.52 0.00 0.00 0.26 0.00 0.00 95.60
1024 40.93 0.00 3.89 0.00 0.00 0.26 0.26 0.00 0.00 54.66
1025 60.10 0.00 3.84 0.00 0.00 0.00 0.00 0.00 0.00 36.06
1026 34.02 0.00 4.64 0.00 0.00 0.00 0.26 0.00 0.00 61.08
1027 25.77 0.00 4.59 0.26 0.00 0.26 0.26 0.00 0.00 68.88
1028 11.83 0.00 3.23 0.27 0.00 0.00 0.27 0.00 0.00 84.41
1029 1.29 0.00 3.09 0.52 0.00 0.00 0.52 0.00 0.00 94.59
1030 1.03 0.00 2.83 0.26 0.00 0.00 0.00 0.00 0.00 95.89
1031 1.79 0.00 2.81 0.26 0.00 0.00 0.26 0.00 0.00 94.88
1032 2.02 0.00 5.81 0.51 0.00 0.00 0.00 0.00 0.00 91.67
1033 1.52 0.00 4.05 0.00 0.00 0.00 0.00 0.00 0.00 94.43
1034 1.53 0.00 3.32 0.00 0.00 0.00 0.00 0.00 0.00 95.15
1035 0.77 0.00 3.32 3.57 0.00 0.26 0.26 0.00 0.00 91.84
1036 1.52 0.00 3.55 0.00 0.00 0.00 0.00 0.00 0.00 94.92
1037 0.51 0.00 4.85 2.81 0.00 0.00 0.51 0.00 0.00 91.33
1038 1.53 0.00 3.84 0.51 0.00 0.00 0.00 0.00 0.00 94.12
1039 1.28 0.00 3.83 0.26 0.00 0.00 0.00 0.00 0.00 94.64
1040 1.27 0.00 4.07 1.78 0.00 0.00 0.00 0.00 0.00 92.88
1041 0.78 0.00 2.59 0.26 0.00 0.00 0.26 0.00 0.00 96.11
1042 1.02 0.00 3.07 0.00 0.00 0.00 0.26 0.00 0.00 95.65
1043 0.77 0.00 3.83 0.26 0.00 0.00 0.00 0.00 0.00 95.15
1044 0.77 0.00 3.32 0.26 0.00 0.26 0.00 0.00 0.00 95.41
1045 0.78 0.00 2.33 0.26 0.00 0.00 0.26 0.00 0.00 96.37
1046 0.51 0.00 3.58 0.00 0.00 0.00 0.26 0.00 0.00 95.65
1047 1.55 0.00 2.58 0.00 0.00 0.00 0.00 0.00 0.00 95.87
1048 1.53 0.00 3.07 0.51 0.00 0.00 0.26 0.00 0.00 94.63
1049 1.03 0.00 2.84 0.00 0.00 0.00 0.00 0.00 0.00 96.13
1050 0.78 0.00 2.09 2.09 0.00 0.00 0.00 0.00 0.00 95.04
1051 1.02 0.00 3.07 0.00 0.00 0.00 0.00 0.00 0.00 95.91
1052 0.77 0.00 3.32 0.00 0.00 0.00 0.00 0.00 0.00 95.91
1053 1.28 0.00 2.81 0.77 0.00 0.00 0.26 0.00 0.00 94.88
1054 1.27 0.00 3.55 0.00 0.00 0.25 0.00 0.00 0.00 94.92
1055 1.53 0.00 2.81 1.79 0.00 0.00 0.00 0.00 0.00 93.86
1056 1.78 0.00 2.79 0.00 0.00 0.00 0.25 0.00 0.00 95.18
1057 1.03 0.00 2.58 0.26 0.00 0.00 0.00 0.00 0.00 96.13
1058 1.31 0.00 2.61 0.78 0.00 0.00 0.26 0.00 0.00 95.04
1059 1.55 0.00 2.84 0.00 0.00 0.00 0.52 0.00 0.00 95.09
1060 1.28 0.00 3.85 0.26 0.00 0.00 0.00 0.00 0.00 94.62
1061 1.53 0.00 2.81 0.26 0.00 0.00 0.00 0.00 0.00 95.40
1062 0.26 0.00 3.10 0.00 0.00 0.00 0.00 0.00 0.00 96.64
1063 1.54 0.00 2.57 0.00 0.00 0.00 0.26 0.00 0.00 95.63
1064 2.05 0.00 2.56 0.00 0.00 0.00 0.00 0.00 0.00 95.40
1065 1.27 0.00 3.56 0.00 0.00 0.00 0.00 0.00 0.00 95.17
1066 0.77 0.00 2.82 0.00 0.00 0.26 0.00 0.00 0.00 96.15
1067 1.79 0.00 2.56 0.00 0.00 0.00 0.00 0.00 0.00 95.65
1068 1.28 0.00 3.32 0.26 0.00 0.00 0.00 0.00 0.00 95.15
1069 1.52 0.00 3.30 0.25 0.00 0.00 0.25 0.00 0.00 94.67
1070 1.27 0.00 3.05 0.00 0.00 0.00 0.00 0.00 0.00 95.67
1071 1.27 0.00 3.05 0.00 0.00 0.00 0.00 0.00 0.00 95.67
1072 0.51 0.00 3.59 0.00 0.00 0.26 0.00 0.00 0.00 95.64
1073 0.52 0.00 2.86 0.00 0.00 0.00 0.00 0.00 0.00 96.62
1074 1.01 0.00 4.30 0.00 0.00 0.00 0.25 0.00 0.00 94.43
1075 1.03 0.00 2.32 0.00 0.00 0.00 0.00 0.00 0.00 96.65
1076 1.27 0.00 3.81 0.00 0.00 0.00 0.25 0.00 0.00 94.67
1077 1.53 0.00 3.56 0.00 0.00 0.00 0.00 0.00 0.00 94.91
1078 1.53 0.00 3.07 0.26 0.00 0.00 0.00 0.00 0.00 95.14
1079 1.28 0.00 3.08 0.00 0.00 0.00 0.00 0.00 0.00 95.64
1080 1.28 0.00 3.08 0.00 0.00 0.00 0.26 0.00 0.00 95.38
1081 1.03 0.00 2.83 0.00 0.00 0.00 0.00 0.00 0.00 96.14
1082 0.51 0.00 3.83 0.00 0.00 0.00 0.00 0.00 0.00 95.66
1083 0.77 0.00 2.84 0.26 0.00 0.00 0.00 0.00 0.00 96.13
1084 1.02 0.00 3.81 0.76 0.00 0.00 0.00 0.00 0.00 94.42
1085 1.02 0.00 3.82 0.00 0.00 0.00 0.25 0.00 0.00 94.91
1086 2.02 0.00 4.28 2.02 0.00 0.00 0.00 0.00 0.00 91.69
1087 1.27 0.00 3.56 0.00 0.00 0.00 0.25 0.00 0.00 94.91
1088 1.04 0.00 2.86 0.78 0.00 0.00 0.26 0.00 0.00 95.05
1089 1.03 0.00 3.33 0.26 0.00 0.00 0.26 0.00 0.00 95.13
1090 0.77 0.00 3.08 0.00 0.00 0.00 0.26 0.00 0.00 95.90
1091 1.27 0.00 3.82 2.04 0.00 0.00 0.25 0.00 0.00 92.62
1092 1.53 0.00 5.10 0.26 0.00 0.00 0.00 0.00 0.00 93.11
1093 1.26 0.00 4.29 0.51 0.00 0.00 0.00 0.00 0.00 93.94
1094 1.51 0.00 4.27 0.00 0.00 0.25 0.00 0.00 0.00 93.97
1095 1.01 0.00 4.55 0.00 0.00 0.00 0.00 0.00 0.00 94.44
1096 1.28 0.00 3.57 1.02 0.00 0.00 0.26 0.00 0.00 93.88
1097 1.52 0.00 3.80 0.76 0.00 0.00 0.00 0.00 0.00 93.92
1098 0.77 0.00 3.85 0.51 0.00 0.00 0.00 0.00 0.00 94.87
1099 1.03 0.00 3.08 0.77 0.00 0.00 0.26 0.00 0.00 94.86
1100 1.52 0.00 4.30 0.25 0.00 0.00 0.00 0.00 0.00 93.92
1101 0.52 0.00 3.61 0.00 0.00 0.00 0.00 0.00 0.00 95.88
1102 1.53 0.00 3.32 0.77 0.00 0.00 0.26 0.00 0.00 94.13
1103 1.53 0.00 3.32 0.00 0.00 0.00 0.00 0.00 0.00 95.14
1104 1.01 0.00 3.54 0.00 0.00 0.25 0.00 0.00 0.00 95.19
1105 1.53 0.00 3.56 0.00 0.00 0.00 0.00 0.00 0.00 94.91
1106 0.77 0.00 3.83 0.51 0.00 0.00 0.26 0.00 0.00 94.64
1107 1.02 0.00 3.57 0.00 0.00 0.00 0.26 0.00 0.00 95.15
1108 1.28 0.00 3.07 0.26 0.00 0.00 0.26 0.00 0.00 95.14
1109 1.28 0.00 2.82 0.00 0.00 0.00 0.00 0.00 0.00 95.90
1110 1.27 0.00 3.55 0.00 0.00 0.00 0.25 0.00 0.00 94.92
1111 1.53 0.00 3.56 0.00 0.00 0.00 0.00 0.00 0.00 94.91
1112 1.28 0.00 3.08 0.00 0.00 0.00 0.00 0.00 0.00 95.64
1113 1.28 0.00 3.58 0.00 0.00 0.00 0.26 0.00 0.00 94.88
1114 2.26 0.00 3.27 0.50 0.00 0.00 0.00 0.00 0.00 93.97
1115 1.27 0.00 3.56 0.00 0.00 0.00 0.00 0.00 0.00 95.17
1116 1.52 0.00 3.80 1.52 0.00 0.00 0.00 0.00 0.00 93.16
1117 1.53 0.00 4.07 0.00 0.00 0.00 0.00 0.00 0.00 94.40
1118 1.55 0.00 2.84 1.29 0.00 0.00 0.52 0.00 0.00 93.80
1119 0.78 0.00 2.87 0.00 0.00 0.00 1.04 0.00 0.00 95.30
1120 1.53 0.00 4.58 0.00 0.00 0.00 0.76 0.00 0.00 93.13
1121 1.28 0.00 4.34 2.81 0.00 0.00 0.00 0.00 0.00 91.58
1122 1.02 0.00 3.82 0.00 0.00 0.00 0.00 0.00 0.00 95.17
1123 1.02 0.00 3.32 0.51 0.00 0.00 0.26 0.00 0.00 94.88
1124 0.77 0.00 3.33 0.26 0.00 0.00 0.00 0.00 0.00 95.64
1125 1.01 0.00 4.05 0.00 0.00 0.00 0.25 0.00 0.00 94.68
1126 1.54 0.00 3.34 1.54 0.00 0.00 0.00 0.00 0.00 93.57
1127 1.77 0.00 3.54 0.00 0.00 0.00 0.00 0.00 0.00 94.68
1128 1.26 0.00 4.04 1.01 0.00 0.00 0.25 0.00 0.00 93.43
1129 1.77 0.00 3.79 0.00 0.00 0.25 0.00 0.00 0.00 94.19
1130 1.03 0.00 2.82 0.00 0.00 0.00 0.00 0.00 0.00 96.15
1131 1.53 0.00 3.07 0.00 0.00 0.00 0.00 0.00 0.00 95.40
1132 0.51 0.00 3.58 0.00 0.00 0.00 0.26 0.00 0.00 95.65
1133 1.53 0.00 3.56 0.00 0.00 0.00 0.00 0.00 0.00 94.91
1134 1.02 0.00 3.32 0.26 0.00 0.00 0.00 0.00 0.00 95.40
1135 0.77 0.00 3.06 2.55 0.00 0.26 0.26 0.00 0.00 93.11
1136 1.03 0.00 2.58 0.00 0.00 0.00 0.00 0.00 0.00 96.39
1137 1.28 0.00 2.30 0.26 0.00 0.00 0.00 0.00 0.00 96.16
1138 0.26 0.00 2.34 0.00 0.00 0.00 0.26 0.00 0.00 97.14
1139 1.03 0.00 2.56 0.00 0.00 0.00 0.26 0.00 0.00 96.15
1140 0.77 0.00 3.08 0.26 0.00 0.00 0.00 0.00 0.00 95.89
1141 1.03 0.00 2.33 0.00 0.00 0.00 0.26 0.00 0.00 96.38
1142 1.28 0.00 2.82 0.26 0.00 0.00 0.00 0.00 0.00 95.64
1143 0.77 0.00 2.83 0.00 0.00 0.00 0.00 0.00 0.00 96.40
1144 0.51 0.00 3.08 0.00 0.00 0.00 0.00 0.00 0.00 96.40
1145 1.02 0.00 2.81 0.00 0.00 0.26 0.00 0.00 0.00 95.91
1146 0.77 0.00 3.08 0.77 0.00 0.00 0.00 0.00 0.00 95.37
1147 1.27 0.00 3.56 0.00 0.00 0.00 0.00 0.00 0.00 95.17
1148 1.53 0.00 3.57 0.77 0.00 0.00 0.26 0.00 0.00 93.88
1149 0.77 0.00 2.82 0.00 0.00 0.00 0.26 0.00 0.00 96.15
1150 1.27 0.00 3.31 0.00 0.00 0.00 0.00 0.00 0.00 95.42
1151 0.77 0.00 3.08 1.80 0.00 0.00 0.00 0.00 0.00 94.34
1152 1.28 0.00 5.10 0.00 0.00 0.26 0.00 0.00 0.00 93.37
1153 1.53 0.00 3.57 1.02 0.00 0.00 0.00 0.00 0.00 93.88
1154 1.27 0.00 3.81 0.00 0.00 0.00 0.25 0.00 0.00 94.67
1155 1.51 0.00 4.28 0.00 0.00 0.00 0.00 0.00 0.00 94.21
1156 1.52 0.00 3.55 0.00 0.00 0.00 0.00 0.00 0.00 94.92
1157 1.27 0.00 3.81 0.25 0.00 0.00 0.25 0.00 0.00 94.42
1158 1.29 0.00 2.83 0.26 0.00 0.00 0.26 0.00 0.00 95.37
1159 0.76 0.00 4.53 0.00 0.00 0.00 0.00 0.00 0.00 94.71
1160 1.28 0.00 3.58 0.00 0.00 0.00 0.00 0.00 0.00 95.14
1161 1.53 0.00 3.05 0.00 0.00 0.00 0.76 0.00 0.00 94.66
1162 1.52 0.00 4.04 0.25 0.00 0.00 0.00 0.00 0.00 94.19
1163 0.76 0.00 3.82 0.00 0.00 0.25 0.00 0.00 0.00 95.17
1164 1.01 0.00 4.28 0.50 0.00 0.00 0.00 0.00 0.00 94.21
1165 1.76 0.00 3.78 0.00 0.00 0.00 0.00 0.00 0.00 94.46
1166 1.28 0.00 3.83 0.00 0.00 0.00 0.26 0.00 0.00 94.64
1167 1.53 0.00 3.07 0.00 0.00 0.00 0.00 0.00 0.00 95.40
1168 0.51 0.00 3.84 0.26 0.00 0.00 0.00 0.00 0.00 95.40
1169 1.03 0.00 2.82 0.00 0.00 0.00 0.26 0.00 0.00 95.90
1170 1.79 0.00 3.08 0.00 0.00 0.00 0.26 0.00 0.00 94.87
1171 0.77 0.00 2.84 0.00 0.00 0.00 0.00 0.00 0.00 96.39
1172 0.51 0.00 3.33 0.00 0.00 0.00 0.00 0.00 0.00 96.15
1173 1.27 0.00 3.56 0.25 0.00 0.00 0.25 0.00 0.00 94.66
1174 0.51 0.00 3.32 0.26 0.00 0.26 0.00 0.00 0.00 95.66
1175 0.52 0.00 3.61 0.00 0.00 0.00 0.26 0.00 0.00 95.62
1176 1.28 0.00 3.06 0.51 0.00 0.00 0.00 0.00 0.00 95.15
1177 1.78 0.00 4.07 0.00 0.00 0.00 0.00 0.00 0.00 94.15
1178 0.78 0.00 3.89 0.78 0.00 0.00 0.00 0.00 0.00 94.56
1179 0.77 0.00 3.08 0.00 0.00 0.00 0.26 0.00 0.00 95.89
1180 1.53 0.00 3.07 0.00 0.00 0.00 0.26 0.00 0.00 95.14
1181 1.78 0.00 3.05 0.00 0.00 0.25 0.00 0.00 0.00 94.91
1182 0.76 0.00 4.31 0.25 0.00 0.00 0.00 0.00 0.00 94.67
1183 1.02 0.00 3.32 0.26 0.00 0.00 0.26 0.00 0.00 95.15
1184 1.02 0.00 3.57 0.00 0.00 0.00 0.00 0.00 0.00 95.41
1185 0.76 0.00 4.33 1.02 0.00 0.00 0.00 0.00 0.00 93.89
1186 2.03 0.00 3.55 2.03 0.00 0.00 0.25 0.00 0.00 92.13
1187 1.53 0.00 3.31 0.00 0.00 0.00 0.25 0.00 0.00 94.91
1188 1.53 0.00 4.07 0.25 0.00 0.00 0.00 0.00 0.00 94.15
1189 1.27 0.00 3.82 0.00 0.00 0.00 0.00 0.00 0.00 94.91
1190 0.77 0.00 3.83 0.00 0.00 0.00 0.00 0.00 0.00 95.41
1191 1.03 0.00 5.38 0.26 0.00 0.00 0.26 0.00 0.00 93.08
1192 1.53 0.00 3.07 0.51 0.00 0.00 0.26 0.00 0.00 94.63
1193 0.76 0.00 3.82 3.05 0.00 0.00 0.25 0.00 0.00 92.11
1194 0.51 0.00 4.08 0.00 0.00 0.00 0.00 0.00 0.00 95.41
1195 1.28 0.00 3.32 0.00 0.00 0.00 0.00 0.00 0.00 95.41
1196 1.28 0.00 3.07 2.81 0.00 0.00 0.00 0.00 0.00 92.84
1197 1.52 0.00 3.30 0.25 0.00 0.00 0.00 0.00 0.00 94.92
1198 1.02 0.00 3.05 0.51 0.00 0.25 0.25 0.00 0.00 94.91
1199 1.02 0.00 3.83 0.00 0.00 0.00 0.00 0.00 0.00 95.15
1200 1.28 0.00 2.81 0.00 0.00 0.00 0.26 0.00 0.00 95.65
1201 0.52 0.00 3.09 0.26 0.00 0.00 0.26 0.00 0.00 95.88
1202 1.29 0.00 2.58 0.00 0.00 0.00 0.26 0.00 0.00 95.88
1203 1.29 0.00 2.58 0.26 0.00 0.00 0.00 0.00 0.00 95.88
1204 1.52 0.00 4.29 0.25 0.00 0.00 0.00 0.00 0.00 93.94
1205 1.02 0.00 3.32 0.00 0.00 0.00 0.26 0.00 0.00 95.40
1206 1.53 0.00 3.06 0.51 0.00 0.00 0.00 0.00 0.00 94.90
1207 0.77 0.00 3.59 0.51 0.00 0.00 0.26 0.00 0.00 94.87
1208 1.02 0.00 3.32 1.28 0.00 0.00 0.26 0.00 0.00 94.12
1209 1.27 0.00 3.55 0.00 0.00 0.00 0.00 0.00 0.00 95.18
1210 1.02 0.00 3.58 0.00 0.00 0.00 0.00 0.00 0.00 95.40
1211 1.02 0.00 3.32 3.32 0.00 0.00 0.26 0.00 0.00 92.07
1212 1.55 0.00 4.39 3.10 0.00 0.00 0.26 0.00 0.00 90.70
1213 0.77 0.00 3.33 0.26 0.00 0.26 0.00 0.00 0.00 95.38
1214 1.52 0.00 3.55 0.00 0.00 0.00 0.00 0.00 0.00 94.92
1215 1.02 0.00 3.30 0.25 0.00 0.25 0.25 0.00 0.00 94.92
1216 1.02 0.00 3.32 2.55 0.00 0.00 0.00 0.00 0.00 93.11
1217 1.28 0.00 2.81 0.26 0.00 0.26 0.26 0.00 0.00 95.14
1218 1.29 0.00 2.58 0.00 0.00 0.00 0.00 0.00 0.00 96.13
1219 1.03 0.00 3.33 0.00 0.00 0.00 0.00 0.00 0.00 95.64
1220 0.77 0.00 2.83 0.00 0.00 0.00 0.26 0.00 0.00 96.14
1221 1.02 0.00 3.07 0.26 0.00 0.26 0.00 0.00 0.00 95.40
1222 0.77 0.00 3.08 0.00 0.00 0.00 0.51 0.00 0.00 95.63
1223 1.04 0.00 2.86 0.00 0.00 0.00 0.26 0.00 0.00 95.84
1224 1.03 0.00 2.58 0.52 0.00 0.00 0.26 0.00 0.00 95.61
1225 1.28 0.00 3.33 1.03 0.00 0.00 0.00 0.00 0.00 94.36
1226 0.77 0.00 2.57 0.00 0.00 0.00 0.00 0.00 0.00 96.66
1227 1.53 0.00 3.05 0.76 0.00 0.00 0.25 0.00 0.00 94.40
1228 1.29 0.00 2.33 0.26 0.00 0.00 0.00 0.00 0.00 96.12
1229 1.03 0.00 2.56 0.77 0.00 0.00 0.26 0.00 0.00 95.38
1230 1.02 0.00 2.81 0.00 0.00 0.00 0.00 0.00 0.00 96.16
1231 1.28 0.00 3.08 0.26 0.00 0.00 0.00 0.00 0.00 95.38
1232 1.27 0.00 3.30 0.76 0.00 0.00 0.25 0.00 0.00 94.42
1233 0.51 0.00 3.85 0.00 0.00 0.00 0.26 0.00 0.00 95.38
1234 1.02 0.00 3.81 0.25 0.00 0.00 0.25 0.00 0.00 94.67
1235 1.28 0.00 3.84 0.00 0.00 0.26 0.00 0.00 0.00 94.63
1236 1.26 0.00 4.03 0.25 0.00 0.00 0.25 0.00 0.00 94.21
1237 1.53 0.00 3.31 0.25 0.00 0.00 0.00 0.00 0.00 94.91
1238 1.02 0.00 4.09 0.51 0.00 0.00 0.00 0.00 0.00 94.37
1239 0.77 0.00 3.06 0.00 0.00 0.26 0.26 0.00 0.00 95.66
1240 0.77 0.00 3.32 0.51 0.00 0.00 0.00 0.00 0.00 95.40
1241 1.52 0.00 3.80 0.00 0.00 0.00 0.00 0.00 0.00 94.68
1242 1.52 0.00 4.30 0.25 0.00 0.00 0.25 0.00 0.00 93.67
1243 1.52 0.00 3.29 0.25 0.00 0.25 0.25 0.00 0.00 94.43
1244 1.52 0.00 3.30 0.25 0.00 0.00 0.25 0.00 0.00 94.67
1245 1.77 0.00 3.04 0.00 0.00 0.25 0.25 0.00 0.00 94.68
1246 1.01 0.00 4.30 0.00 0.00 0.00 0.00 0.00 0.00 94.68
1247 1.28 0.00 4.09 1.79 0.00 0.00 0.00 0.00 0.00 92.84
1248 0.77 0.00 3.58 0.51 0.00 0.00 0.26 0.00 0.00 94.88
1249 1.27 0.00 3.82 0.25 0.00 0.00 0.00 0.00 0.00 94.66
1250 0.51 0.00 3.34 0.00 0.00 0.00 0.26 0.00 0.00 95.89
1251 1.02 0.00 3.82 0.00 0.00 0.00 0.25 0.00 0.00 94.91
1252 0.51 0.00 4.10 2.05 0.00 0.00 0.00 0.00 0.00 93.33
1253 1.03 0.00 2.57 0.00 0.00 0.00 0.26 0.00 0.00 96.14
1254 1.03 0.00 2.56 0.00 0.00 0.00 0.00 0.00 0.00 96.41
1255 1.02 0.00 3.32 0.26 0.00 0.00 0.00 0.00 0.00 95.41
1256 0.78 0.00 2.33 0.00 0.00 0.00 0.26 0.00 0.00 96.63
1257 1.03 0.00 2.83 0.00 0.00 0.00 0.00 0.00 0.00 96.14
1258 0.78 0.00 2.84 0.26 0.00 0.00 0.00 0.00 0.00 96.12
1259 1.53 0.00 3.05 0.00 0.00 0.00 0.25 0.00 0.00 95.17
1260 0.77 0.00 3.06 0.00 0.00 0.26 0.00 0.00 0.00 95.92
1261 1.29 0.00 2.33 0.00 0.00 0.00 0.00 0.00 0.00 96.38
1262 1.53 0.00 2.55 0.00 0.00 0.00 0.00 0.00 0.00 95.92
1263 0.51 0.00 3.32 0.77 0.00 0.00 0.26 0.00 0.00 95.14
1264 0.77 0.00 3.08 1.03 0.00 0.00 0.00 0.00 0.00 95.13
1265 1.28 0.00 3.07 0.00 0.00 0.00 0.00 0.00 0.00 95.65
1266 0.77 0.00 3.32 0.77 0.00 0.00 0.26 0.00 0.00 94.90
1267 0.77 0.00 3.58 0.00 0.00 0.00 0.00 0.00 0.00 95.65
1268 1.03 0.00 2.58 0.77 0.00 0.00 0.26 0.00 0.00 95.36
1269 0.77 0.00 3.32 0.26 0.00 0.00 0.26 0.00 0.00 95.40
1270 1.28 0.00 3.84 0.00 0.00 0.00 0.00 0.00 0.00 94.88
1271 2.04 0.00 4.08 0.26 0.00 0.00 0.26 0.00 0.00 93.37
1272 1.54 0.00 3.60 0.00 0.00 0.00 0.00 0.00 0.00 94.86
1273 1.53 0.00 3.31 0.51 0.00 0.00 0.25 0.00 0.00 94.40
1274 0.76 0.00 4.05 0.00 0.00 0.00 0.25 0.00 0.00 94.94
1275 0.77 0.00 3.84 0.00 0.00 0.00 0.00 0.00 0.00 95.40
1276 1.03 0.00 2.82 0.00 0.00 0.00 0.00 0.00 0.00 96.15
1277 1.03 0.00 3.60 0.26 0.00 0.00 0.00 0.00 0.00 95.12
1278 1.52 0.00 3.05 0.25 0.00 0.25 0.00 0.00 0.00 94.92
1279 1.27 0.00 3.56 0.00 0.00 0.00 0.25 0.00 0.00 94.91
1280 0.77 0.00 2.83 0.00 0.00 0.00 0.26 0.00 0.00 96.14
1281 0.77 0.00 2.58 0.00 0.00 0.00 0.00 0.00 0.00 96.65
1282 1.28 0.00 2.82 1.79 0.00 0.00 0.00 0.00 0.00 94.10
1283 1.53 0.00 3.06 0.77 0.00 0.00 0.00 0.00 0.00 94.64
1284 0.76 0.00 3.81 0.00 0.00 0.25 0.00 0.00 0.00 95.18
1285 1.02 0.00 3.57 0.26 0.00 0.00 0.26 0.00 0.00 94.90
1286 0.77 0.00 3.07 0.26 0.00 0.00 0.26 0.00 0.00 95.65
1287 1.03 0.00 2.83 2.06 0.00 0.00 0.00 0.00 0.00 94.09
1288 1.53 0.00 3.06 0.26 0.00 0.26 0.00 0.00 0.00 94.90
1289 0.77 0.00 3.08 0.26 0.00 0.00 0.00 0.00 0.00 95.89
1290 1.01 0.00 3.80 0.25 0.00 0.00 0.00 0.00 0.00 94.94
1291 1.28 0.00 3.06 0.00 0.00 0.00 0.26 0.00 0.00 95.41
1292 1.02 0.00 3.57 0.00 0.00 0.00 0.00 0.00 0.00 95.41
1293 1.03 0.00 3.08 0.51 0.00 0.00 0.00 0.00 0.00 95.38
1294 1.02 0.00 3.07 0.77 0.00 0.00 0.26 0.00 0.00 94.88
1295 0.77 0.00 3.59 0.51 0.00 0.00 0.00 0.00 0.00 95.13
1296 0.77 0.00 2.84 0.00 0.00 0.00 0.00 0.00 0.00 96.39
1297 1.28 0.00 3.33 0.77 0.00 0.00 0.51 0.00 0.00 94.10
1298 0.77 0.00 3.61 0.52 0.00 0.00 0.26 0.00 0.00 94.85
1299 1.03 0.00 3.08 0.00 0.00 0.00 0.26 0.00 0.00 95.63
1300 0.52 0.00 3.36 0.00 0.00 0.00 0.00 0.00 0.00 96.12
1301 1.53 0.00 2.81 0.51 0.00 0.00 0.26 0.00 0.00 94.88
1302 1.28 0.00 2.82 0.00 0.00 0.00 0.00 0.00 0.00 95.90
1303 1.03 0.00 2.82 0.00 0.00 0.00 0.26 0.00 0.00 95.90
1304 1.28 0.00 2.55 0.00 0.00 0.00 0.26 0.00 0.00 95.92
1305 1.28 0.00 3.06 0.26 0.00 0.00 0.00 0.00 0.00 95.41
1306 0.77 0.00 3.08 1.03 0.00 0.00 0.00 0.00 0.00 95.13
1307 1.02 0.00 3.58 0.00 0.00 0.00 0.00 0.00 0.00 95.40
1308 1.03 0.00 2.58 0.77 0.00 0.00 0.00 0.00 0.00 95.62
1309 1.02 0.00 3.82 0.00 0.00 0.00 0.00 0.00 0.00 95.17
1310 0.77 0.00 3.83 0.00 0.00 0.00 0.00 0.00 0.00 95.41
1311 1.02 0.00 3.07 0.26 0.00 0.00 0.26 0.00 0.00 95.40
1312 0.77 0.00 3.34 2.31 0.00 0.00 0.00 0.00 0.00 93.57
1313 1.03 0.00 3.60 0.26 0.00 0.00 0.26 0.00 0.00 94.86
1314 1.53 0.00 3.32 0.26 0.00 0.00 0.00 0.00 0.00 94.90
1315 0.51 0.00 3.82 0.76 0.00 0.00 0.25 0.00 0.00 94.66
1316 1.02 0.00 3.07 0.00 0.00 0.00 0.00 0.00 0.00 95.91
1317 1.53 0.00 3.07 0.00 0.00 0.00 0.00 0.00 0.00 95.40
1318 2.05 0.00 2.30 0.77 0.00 0.00 0.00 0.00 0.00 94.88
1319 1.78 0.00 3.56 0.00 0.00 0.00 0.25 0.00 0.00 94.40
1320 0.77 0.00 3.58 0.00 0.00 0.00 0.00 0.00 0.00 95.65
1321 1.52 0.00 4.05 3.04 0.00 0.00 0.00 0.00 0.00 91.39
1322 1.26 0.00 4.53 0.00 0.00 0.00 0.25 0.00 0.00 93.95
1323 1.26 0.00 4.80 0.51 0.00 0.00 0.00 0.00 0.00 93.43
1324 1.52 0.00 4.05 1.01 0.00 0.00 0.00 0.00 0.00 93.42
1325 1.02 0.00 4.06 0.00 0.00 0.00 0.25 0.00 0.00 94.67
1326 1.78 0.00 2.80 0.76 0.00 0.00 0.00 0.00 0.00 94.66
1327 0.77 0.00 3.60 0.51 0.00 0.00 0.26 0.00 0.00 94.86
1328 0.77 0.00 4.09 0.77 0.00 0.00 0.26 0.00 0.00 94.12
1329 0.77 0.00 3.08 0.00 0.00 0.00 0.26 0.00 0.00 95.90
1330 0.51 0.00 4.10 0.26 0.00 0.00 0.00 0.00 0.00 95.13
1331 1.27 0.00 4.31 0.00 0.00 0.00 0.00 0.00 0.00 94.42
1332 1.52 0.00 5.82 0.25 0.00 0.25 0.00 0.00 0.00 92.15
1333 1.50 0.00 4.76 0.25 0.00 0.25 0.00 0.00 0.00 93.23
1334 0.77 0.00 3.58 0.00 0.00 0.00 0.26 0.00 0.00 95.40
1335 1.27 0.00 3.80 0.00 0.00 0.00 0.00 0.00 0.00 94.94
1336 1.26 0.00 4.29 0.25 0.00 0.00 0.25 0.00 0.00 93.94
1337 1.52 0.00 4.29 0.00 0.00 0.00 0.25 0.00 0.00 93.94
1338 1.52 0.00 4.29 0.00 0.00 0.00 0.25 0.00 0.00 93.94
1339 1.76 0.00 3.77 0.50 0.00 0.00 0.25 0.00 0.00 93.72
1340 1.79 0.00 3.06 0.00 0.00 0.00 0.00 0.00 0.00 95.15
1341 1.27 0.00 3.55 0.00 0.00 0.25 0.00 0.00 0.00 94.92
1342 0.77 0.00 3.57 0.00 0.00 0.00 0.26 0.00 0.00 95.41
1343 1.77 0.00 4.04 0.00 0.00 0.00 0.00 0.00 0.00 94.19
1344 1.78 0.00 3.81 0.00 0.00 0.00 0.00 0.00 0.00 94.42
1345 1.77 0.00 4.04 0.00 0.00 0.00 0.00 0.00 0.00 94.19
1346 1.27 0.00 3.54 0.25 0.00 0.00 0.25 0.00 0.00 94.68
1347 2.30 0.00 3.06 1.53 0.00 0.00 0.00 0.00 0.00 93.11
1348 1.53 0.00 3.58 0.51 0.00 0.00 0.00 0.00 0.00 94.37
1349 1.27 0.00 4.30 0.00 0.00 0.25 0.00 0.00 0.00 94.18
1350 1.27 0.00 4.57 0.51 0.00 0.00 0.00 0.00 0.00 93.65
1351 1.26 0.00 5.03 0.00 0.00 0.00 0.00 0.00 0.00 93.72
1352 1.50 0.00 5.01 0.00 0.00 0.00 0.00 0.00 0.00 93.48
1353 1.27 0.00 3.80 0.00 0.00 0.00 0.25 0.00 0.00 94.68
1354 1.26 0.00 4.04 1.77 0.00 0.00 0.00 0.00 0.00 92.93
1355 1.51 0.00 4.03 0.00 0.00 0.00 0.00 0.00 0.00 94.46
1356 1.52 0.00 3.79 0.00 0.00 0.00 0.00 0.00 0.00 94.70
1357 1.04 0.00 3.11 0.26 0.00 0.00 0.00 0.00 0.00 95.60
1358 1.02 0.00 3.84 0.51 0.00 0.00 0.26 0.00 0.00 94.37
1359 1.79 0.00 2.56 0.00 0.00 0.00 0.00 0.00 0.00 95.64
1360 0.77 0.00 3.58 0.77 0.00 0.00 0.26 0.00 0.00 94.63
1361 1.54 0.00 2.82 0.00 0.00 0.00 0.00 0.00 0.00 95.64
1362 1.26 0.00 4.52 1.51 0.00 0.00 0.25 0.00 0.00 92.46
1363 1.77 0.00 4.04 0.51 0.00 0.00 0.00 0.00 0.00 93.69
1364 0.77 0.00 3.59 0.26 0.00 0.00 0.26 0.00 0.00 95.13
1365 1.02 0.00 4.57 0.00 0.00 0.00 0.00 0.00 0.00 94.42
1366 0.77 0.00 4.08 0.00 0.00 0.00 0.00 0.00 0.00 95.15
1367 1.27 0.00 4.07 0.25 0.00 0.00 0.00 0.00 0.00 94.40
1368 1.28 0.00 3.57 0.26 0.00 0.00 0.00 0.00 0.00 94.90
1369 0.77 0.00 3.33 0.00 0.00 0.00 0.00 0.00 0.00 95.90
1370 0.77 0.00 2.82 0.00 0.00 0.00 0.26 0.00 0.00 96.15
1371 1.03 0.00 2.06 0.00 0.00 0.00 0.00 0.00 0.00 96.91
1372 1.29 0.00 2.57 0.51 0.00 0.00 0.00 0.00 0.00 95.63
1373 1.53 0.00 2.81 0.00 0.00 0.00 0.26 0.00 0.00 95.41
1374 1.02 0.00 3.32 0.26 0.00 0.00 0.00 0.00 0.00 95.40
1375 0.77 0.00 3.09 0.26 0.00 0.00 0.00 0.00 0.00 95.88
1376 0.52 0.00 2.58 0.00 0.00 0.00 0.26 0.00 0.00 96.64
1377 1.03 0.00 3.08 0.00 0.00 0.00 0.00 0.00 0.00 95.90
1378 1.02 0.00 3.32 0.26 0.00 0.00 0.00 0.00 0.00 95.40
1379 0.52 0.00 2.84 0.00 0.00 0.00 0.00 0.00 0.00 96.65
1380 1.03 0.00 2.57 0.00 0.00 0.00 0.00 0.00 0.00 96.40
1381 1.03 0.00 2.56 0.26 0.00 0.00 0.00 0.00 0.00 96.15
1382 0.52 0.00 2.84 2.33 0.00 0.00 0.26 0.00 0.00 94.06
1383 1.03 0.00 2.06 0.51 0.00 0.26 0.26 0.00 0.00 95.89
1384 1.29 0.00 2.58 0.00 0.00 0.00 0.00 0.00 0.00 96.13
1385 1.03 0.00 3.33 0.00 0.00 0.00 0.00 0.00 0.00 95.64
1386 0.77 0.00 3.09 0.26 0.00 0.00 0.00 0.00 0.00 95.88
1387 1.55 0.00 3.10 0.00 0.00 0.00 0.26 0.00 0.00 95.09
1388 0.52 0.00 2.36 0.79 0.00 0.00 0.52 0.00 0.00 95.80
1389 0.78 0.00 2.33 0.00 0.00 0.00 0.52 0.00 0.00 96.37
1390 1.03 0.00 3.08 0.00 0.00 0.00 0.00 0.00 0.00 95.90
1391 1.27 0.00 3.31 0.25 0.00 0.00 0.00 0.00 0.00 95.17
1392 1.30 0.00 5.44 0.52 0.00 0.00 0.00 0.00 0.00 92.75
1393 1.29 0.00 2.83 0.26 0.00 0.00 0.00 0.00 0.00 95.63
1394 1.27 0.00 2.80 0.00 0.00 0.00 0.25 0.00 0.00 95.67
1395 1.28 0.00 2.56 0.00 0.00 0.00 0.00 0.00 0.00 96.16
1396 1.53 0.00 3.05 0.25 0.00 0.00 0.00 0.00 0.00 95.17
1397 0.51 0.00 4.10 0.00 0.00 0.00 0.00 0.00 0.00 95.38
1398 1.03 0.00 3.59 0.26 0.00 0.00 0.00 0.00 0.00 95.13
1399 1.27 0.00 3.81 0.25 0.00 0.00 0.00 0.00 0.00 94.67
1400 0.76 0.00 4.04 0.00 0.00 0.25 0.25 0.00 0.00 94.70
1401 1.01 0.00 4.55 0.25 0.00 0.00 0.00 0.00 0.00 94.19
1402 1.02 0.00 3.82 0.00 0.00 0.00 0.00 0.00 0.00 95.17
1403 1.02 0.00 3.81 0.00 0.00 0.00 0.00 0.00 0.00 95.18
1404 0.77 0.00 3.32 0.00 0.00 0.00 0.26 0.00 0.00 95.65
1405 1.02 0.00 3.82 0.76 0.00 0.00 0.00 0.00 0.00 94.40
1406 0.77 0.00 3.32 0.00 0.00 0.00 0.26 0.00 0.00 95.65
1407 1.27 0.00 3.31 0.76 0.00 0.00 0.00 0.00 0.00 94.66
1408 1.79 0.00 2.81 0.00 0.00 0.00 0.00 0.00 0.00 95.40
1409 0.52 0.00 3.10 0.26 0.00 0.00 0.00 0.00 0.00 96.12
1410 1.27 0.00 3.56 0.76 0.00 0.00 0.25 0.00 0.00 94.15
1411 1.27 0.00 4.07 0.51 0.00 0.00 0.00 0.00 0.00 94.15
1412 1.02 0.00 4.33 0.00 0.00 0.00 0.51 0.00 0.00 94.15
1413 1.53 0.00 3.82 0.25 0.00 0.00 0.00 0.00 0.00 94.40
1414 1.53 0.00 3.31 0.00 0.00 0.00 0.00 0.00 0.00 95.17
1415 1.52 0.00 3.30 0.00 0.00 0.00 0.25 0.00 0.00 94.92
1416 1.27 0.00 4.05 0.00 0.00 0.00 0.00 0.00 0.00 94.68
1417 1.79 0.00 3.07 2.05 0.00 0.00 0.26 0.00 0.00 92.84
1418 1.28 0.00 4.10 0.77 0.00 0.00 0.26 0.00 0.00 93.59
1419 0.78 0.00 3.10 0.26 0.00 0.00 0.52 0.00 0.00 95.35
1420 0.26 0.00 2.12 0.26 0.00 0.00 1.59 0.00 0.00 95.77
1421 0.77 0.00 2.84 0.00 0.00 0.00 0.26 0.00 0.00 96.13
1422 1.29 0.00 2.57 0.00 0.00 0.00 0.00 0.00 0.00 96.14
1423 0.51 0.00 3.84 0.51 0.00 0.26 0.00 0.00 0.00 94.88
1424 0.77 0.00 3.59 0.00 0.00 0.00 0.26 0.00 0.00 95.38
1425 0.77 0.00 3.58 0.00 0.00 0.00 0.00 0.00 0.00 95.65
1426 0.51 0.00 4.07 0.51 0.00 0.00 0.25 0.00 0.00 94.66
1427 1.03 0.00 3.59 0.00 0.00 0.00 0.00 0.00 0.00 95.38
1428 1.28 0.00 3.33 2.56 0.00 0.00 0.00 0.00 0.00 92.82
1429 1.27 0.00 3.56 0.00 0.00 0.00 0.00 0.00 0.00 95.17
1430 1.28 0.00 3.57 0.51 0.00 0.00 0.00 0.00 0.00 94.64
1431 1.54 0.00 2.56 0.00 0.00 0.00 0.26 0.00 0.00 95.64
1432 0.77 0.00 2.83 0.00 0.00 0.00 0.00 0.00 0.00 96.40
1433 1.02 0.00 3.32 0.26 0.00 0.00 0.00 0.00 0.00 95.41
1434 1.53 0.00 3.32 0.26 0.00 0.00 0.26 0.00 0.00 94.63
1435 1.28 0.00 3.57 0.00 0.00 0.00 0.26 0.00 0.00 94.90
1436 0.76 0.00 3.82 0.00 0.00 0.00 0.25 0.00 0.00 95.17
1437 2.26 0.00 3.02 0.00 0.00 0.25 0.00 0.00 0.00 94.47
1438 2.33 0.00 5.96 6.74 0.00 0.00 0.52 0.00 0.00 84.46
1439 1.79 0.00 2.81 0.00 0.00 0.00 0.00 0.00 0.00 95.40
1440 0.77 0.00 3.32 0.00 0.00 0.00 0.00 0.00 0.00 95.91
1441 1.53 0.00 3.56 0.00 0.00 0.00 0.25 0.00 0.00 94.66
1442 1.54 0.00 2.56 0.00 0.00 0.00 0.00 0.00 0.00 95.90
1443 1.52 0.00 4.05 0.76 0.00 0.00 0.00 0.00 0.00 93.67
1444 1.27 0.00 3.54 0.51 0.00 0.00 0.25 0.00 0.00 94.43
1445 0.77 0.00 3.09 0.00 0.00 0.00 0.00 0.00 0.00 96.13
1446 1.78 0.00 3.56 2.54 0.00 0.00 0.00 0.00 0.00 92.11
1447 0.51 0.00 3.85 0.00 0.00 0.00 0.51 0.00 0.00 95.13
1448 1.03 0.00 3.35 1.29 0.00 0.00 0.00 0.00 0.00 94.33
1449 1.03 0.00 3.08 0.00 0.00 0.00 0.26 0.00 0.00 95.63
1450 0.77 0.00 3.34 0.00 0.00 0.00 0.51 0.00 0.00 95.37
1451 1.53 0.00 3.32 0.00 0.00 0.00 0.00 0.00 0.00 95.15
1452 1.29 0.00 4.38 4.64 0.00 0.00 0.00 0.00 0.00 89.69
1453 1.02 0.00 4.57 2.28 0.00 0.00 0.25 0.00 0.00 91.88
1454 1.28 0.00 3.07 0.26 0.00 0.00 0.00 0.00 0.00 95.40
1455 1.28 0.00 2.81 0.00 0.00 0.00 0.26 0.00 0.00 95.65
1456 1.52 0.00 3.05 0.51 0.00 0.00 0.00 0.00 0.00 94.92
1457 1.02 0.00 3.57 0.26 0.00 0.00 0.00 0.00 0.00 95.15
1458 1.27 0.00 3.82 0.25 0.00 0.00 0.00 0.00 0.00 94.66
1459 2.02 0.00 3.78 0.00 0.00 0.00 0.00 0.00 0.00 94.21
1460 1.29 0.00 2.83 0.00 0.00 0.00 0.00 0.00 0.00 95.89
1461 0.76 0.00 3.80 0.25 0.00 0.00 0.25 0.00 0.00 94.94
1462 0.51 0.00 4.06 0.25 0.00 0.00 0.00 0.00 0.00 95.18
1463 1.53 0.00 3.07 0.26 0.00 0.00 0.00 0.00 0.00 95.14
1464 1.02 0.00 3.06 0.00 0.00 0.00 0.26 0.00 0.00 95.66
1465 36.08 0.00 11.86 3.35 0.00 0.00 0.00 0.00 0.00 48.71
1466 15.68 0.00 3.60 0.26 0.00 0.00 0.00 0.00 0.00 80.46
1467 1.53 0.00 2.81 0.00 0.00 0.26 0.00 0.00 0.00 95.41
1468 1.52 0.00 3.54 0.25 0.00 0.00 0.00 0.00 0.00 94.68
1469 1.03 0.00 2.83 0.00 0.00 0.00 0.00 0.00 0.00 96.14
1470 1.28 0.00 3.57 5.87 0.00 0.00 0.00 0.00 0.00 89.29
1471 1.29 0.00 3.34 0.26 0.00 0.00 0.26 0.00 0.00 94.86
1472 1.27 0.00 3.30 0.00 0.00 0.25 0.00 0.00 0.00 95.18
1473 1.28 0.00 3.33 0.26 0.00 0.00 0.26 0.00 0.00 94.87
1474 1.77 0.00 3.54 0.25 0.00 0.00 0.00 0.00 0.00 94.43
1475 1.53 0.00 3.56 0.00 0.00 0.00 0.00 0.00 0.00 94.91
1476 1.02 0.00 4.31 0.00 0.00 0.00 0.25 0.00 0.00 94.42
1477 6.17 0.00 8.23 0.77 0.00 0.00 0.26 0.00 0.00 84.58
1478 12.87 0.00 6.17 1.61 0.00 0.00 0.54 0.00 0.00 78.82
1479 0.77 0.00 3.33 0.00 0.00 0.00 0.26 0.00 0.00 95.64
1480 1.03 0.00 3.08 0.26 0.00 0.00 0.26 0.00 0.00 95.38
1481 1.78 0.00 3.30 0.25 0.00 0.00 0.00 0.00 0.00 94.67
1482 1.26 0.00 4.55 0.00 0.00 0.00 0.25 0.00 0.00 93.94
1483 1.28 0.00 2.82 0.26 0.00 0.00 0.00 0.00 0.00 95.64
1484 1.27 0.00 3.56 0.00 0.00 0.25 0.25 0.00 0.00 94.66
1485 1.77 0.00 3.28 0.00 0.00 0.00 0.00 0.00 0.00 94.95
1486 1.03 0.00 3.60 0.26 0.00 0.00 0.26 0.00 0.00 94.86
1487 1.27 0.00 3.80 0.00 0.00 0.00 0.25 0.00 0.00 94.68
1488 1.76 0.00 4.02 2.01 0.00 0.00 0.00 0.00 0.00 92.21
1489 1.50 0.00 4.76 0.75 0.00 0.00 0.00 0.00 0.00 92.98
1490 1.01 0.00 4.29 0.00 0.00 0.00 0.00 0.00 0.00 94.70
1491 1.52 0.00 3.54 0.00 0.00 0.00 0.00 0.00 0.00 94.94
1492 1.02 0.00 3.07 0.00 0.00 0.00 0.26 0.00 0.00 95.65
1493 1.26 0.00 4.52 0.25 0.00 0.00 0.00 0.00 0.00 93.97
1494 1.28 0.00 3.58 1.28 0.00 0.00 0.00 0.00 0.00 93.86
1495 1.76 0.00 4.03 3.02 0.00 0.00 0.00 0.00 0.00 91.18
1496 1.02 0.00 3.56 0.00 0.00 0.00 0.25 0.00 0.00 95.17
1497 1.52 0.00 3.55 1.78 0.00 0.00 0.25 0.00 0.00 92.89
1498 1.27 0.00 3.82 9.41 0.00 0.00 0.00 0.00 0.00 85.50
1499 1.52 0.00 4.30 19.24 0.00 0.00 0.00 0.00 0.00 74.94
1500 1.26 0.00 4.03 0.00 0.00 0.00 0.00 0.00 0.00 94.71
1501 1.52 0.00 3.54 0.00 0.00 0.25 0.25 0.00 0.00 94.44
1502 0.77 0.00 3.83 0.00 0.00 0.00 0.26 0.00 0.00 95.15
1503 1.28 0.00 3.07 0.51 0.00 0.00 0.00 0.00 0.00 95.14
1504 1.01 0.00 3.80 0.00 0.00 0.00 0.25 0.00 0.00 94.94
1505 1.26 0.00 4.29 6.31 0.00 0.00 0.00 0.00 0.00 88.13
1506 1.29 0.00 3.34 33.16 0.00 0.00 0.00 0.00 0.00 62.21
1507 1.28 0.00 2.82 23.85 0.00 0.00 0.26 0.00 0.00 71.79
1508 1.58 0.00 1.85 24.27 0.00 0.00 0.26 0.00 0.00 72.03
1509 1.55 0.00 3.37 23.58 0.00 0.00 0.26 0.00 0.00 71.24
1510 1.54 0.00 3.85 23.59 0.00 0.00 0.00 0.00 0.00 71.03
1511 1.04 0.00 3.12 23.44 0.00 0.00 0.78 0.00 0.00 71.61
1512 46.17 0.00 8.44 19.79 0.00 0.26 0.26 0.00 0.00 25.07
1513 94.36 0.00 5.13 0.00 0.00 0.00 0.00 0.00 0.00 0.51
1514 95.32 0.00 4.68 0.00 0.00 0.00 0.00 0.00 0.00 0.00
1515 90.60 0.00 5.48 2.61 0.00 0.00 0.00 0.00 0.00 1.31
1516 71.80 0.00 4.70 4.44 0.00 0.00 0.26 0.00 0.00 18.80
1517 80.00 0.00 4.62 5.13 0.00 0.00 0.26 0.00 0.00 10.00
1518 26.99 0.00 3.86 2.06 0.00 0.00 0.00 0.00 0.00 67.10
1519 24.81 0.00 4.09 5.12 0.00 0.00 0.00 0.00 0.00 65.98
1520 15.56 0.00 3.57 23.47 0.00 0.00 0.26 0.00 0.00 57.14
1521 1.03 0.00 4.36 23.59 0.00 0.00 0.00 0.00 0.00 71.03
1522 1.03 0.00 3.61 14.18 0.00 0.00 0.26 0.00 0.00 80.93
1523 0.77 0.00 3.33 9.23 0.00 0.00 0.00 0.00 0.00 86.67
1524 1.27 0.00 4.06 2.28 0.00 0.00 0.25 0.00 0.00 92.13
1525 1.02 0.00 3.07 0.00 0.00 0.00 0.00 0.00 0.00 95.91
1526 1.28 0.00 2.81 0.00 0.00 0.00 0.00 0.00 0.00 95.91
1527 1.27 0.00 3.55 0.00 0.00 0.00 0.00 0.00 0.00 95.18
1528 1.53 0.00 3.31 0.00 0.00 0.00 0.25 0.00 0.00 94.91
1529 0.77 0.00 3.08 0.00 0.00 0.26 0.00 0.00 0.00 95.90
1530 1.27 0.00 3.54 0.00 0.00 0.00 0.25 0.00 0.00 94.94
1531 1.28 0.00 3.58 0.00 0.00 0.00 0.00 0.00 0.00 95.14
1532 1.01 0.00 4.28 0.00 0.00 0.00 0.00 0.00 0.00 94.71
1533 1.02 0.00 3.81 0.25 0.00 0.00 0.00 0.00 0.00 94.92
1534 0.51 0.00 4.07 0.25 0.00 0.00 0.00 0.00 0.00 95.17
1535 1.28 0.00 3.06 0.00 0.00 0.00 0.26 0.00 0.00 95.41
1536 1.01 0.00 3.80 0.00 0.00 0.00 0.00 0.00 0.00 95.19
1537 1.27 0.00 4.07 0.00 0.00 0.00 0.00 0.00 0.00 94.66
1538 1.03 0.00 3.85 0.51 0.00 0.00 0.26 0.00 0.00 94.36
1539 1.28 0.00 2.56 0.26 0.00 0.00 0.26 0.00 0.00 95.64
1540 1.03 0.00 3.33 0.26 0.00 0.00 0.51 0.00 0.00 94.87
1541 1.03 0.00 3.59 9.74 0.00 0.00 0.00 0.00 0.00 85.64
1542 0.51 0.00 4.82 0.00 0.00 0.25 0.00 0.00 0.00 94.42
1543 0.77 0.00 3.83 0.26 0.00 0.00 0.26 0.00 0.00 94.90
1544 1.28 0.00 3.07 0.00 0.00 0.00 0.00 0.00 0.00 95.65
1545 1.78 0.00 3.30 0.00 0.00 0.00 0.25 0.00 0.00 94.67
1546 3.85 0.00 3.85 15.13 0.00 0.26 0.26 0.00 0.00 76.67
1547 1.53 0.00 4.35 2.56 0.00 0.00 0.00 0.00 0.00 91.56
1548 2.78 0.00 4.81 2.28 0.00 0.00 0.25 0.00 0.00 89.87
1549 2.78 0.00 3.80 0.00 0.00 0.00 0.25 0.00 0.00 93.16
1550 42.04 0.00 7.57 0.78 0.00 0.00 0.00 0.00 0.00 49.61
1551 59.32 0.00 3.94 0.52 0.00 0.00 0.00 0.00 0.00 36.22
1552 1.01 0.00 4.53 0.00 0.00 0.00 0.25 0.00 0.00 94.21
1553 1.52 0.00 3.54 0.51 0.00 0.25 0.00 0.00 0.00 94.18
1554 0.77 0.00 3.58 0.00 0.00 0.00 0.00 0.00 0.00 95.65
1555 1.52 0.00 4.56 0.00 0.00 0.00 0.00 0.00 0.00 93.92
1556 0.77 0.00 2.82 0.00 0.00 0.00 0.26 0.00 0.00 96.15
1557 1.27 0.00 3.30 0.25 0.00 0.00 0.00 0.00 0.00 95.18
1558 0.77 0.00 3.33 0.00 0.00 0.00 0.00 0.00 0.00 95.90
1559 1.03 0.00 2.82 0.51 0.00 0.00 0.00 0.00 0.00 95.64
1560 0.52 0.00 3.09 0.00 0.00 0.00 0.00 0.00 0.00 96.39
1561 1.28 0.00 3.07 0.26 0.00 0.00 0.26 0.00 0.00 95.14
1562 1.03 0.00 2.82 0.00 0.00 0.00 0.00 0.00 0.00 96.15
1563 1.28 0.00 2.56 0.51 0.00 0.00 0.00 0.00 0.00 95.64
1564 22.05 0.00 4.62 0.77 0.00 0.26 0.26 0.00 0.00 72.05
1565 38.66 0.00 4.38 0.00 0.00 0.00 0.26 0.00 0.00 56.70
1566 0.51 0.00 4.10 0.77 0.00 0.00 0.00 0.00 0.00 94.62
1567 9.85 0.00 6.06 0.00 0.00 0.00 0.00 0.00 0.00 84.09
1568 12.16 0.00 2.97 0.27 0.00 0.00 0.54 0.00 0.00 84.05
1569 1.28 0.00 3.58 0.00 0.00 0.26 0.00 0.00 0.00 94.88
1570 1.78 0.00 3.05 0.25 0.00 0.00 0.25 0.00 0.00 94.66
1571 1.53 0.00 3.32 2.04 0.00 0.00 0.00 0.00 0.00 93.11
1572 2.30 0.00 4.85 0.26 0.00 0.00 0.00 0.00 0.00 92.60
1573 0.76 0.00 4.31 0.25 0.00 0.00 0.00 0.00 0.00 94.67
1574 1.78 0.00 3.30 0.51 0.00 0.00 0.00 0.00 0.00 94.42
1575 1.28 0.00 4.08 0.00 0.00 0.00 0.00 0.00 0.00 94.64
1576 1.02 0.00 4.34 1.28 0.00 0.00 0.00 0.00 0.00 93.37
1577 58.21 0.00 5.13 1.03 0.00 0.26 0.26 0.00 0.00 35.13
1578 23.04 0.00 4.05 0.51 0.00 0.00 0.00 0.00 0.00 72.41
1579 0.26 0.00 4.08 0.00 0.00 0.00 0.26 0.00 0.00 95.41
1580 0.51 0.00 4.58 0.00 0.00 0.00 0.00 0.00 0.00 94.91
1581 1.53 0.00 2.81 0.00 0.00 0.00 0.26 0.00 0.00 95.41
1582 1.02 0.00 3.07 0.00 0.00 0.00 0.26 0.00 0.00 95.65
1583 1.01 0.00 3.54 0.25 0.00 0.25 0.00 0.00 0.00 94.94
1584 1.02 0.00 3.82 0.00 0.00 0.00 0.25 0.00 0.00 94.91
1585 1.26 0.00 4.04 0.00 0.00 0.00 0.51 0.00 0.00 94.19
1586 0.77 0.00 4.09 0.00 0.00 0.00 0.00 0.00 0.00 95.14
1587 0.77 0.00 3.83 0.00 0.00 0.00 0.26 0.00 0.00 95.15
1588 1.26 0.00 4.29 0.25 0.00 0.00 0.00 0.00 0.00 94.19
1589 1.53 0.00 3.06 0.26 0.00 0.00 0.26 0.00 0.00 94.90
1590 3.30 0.00 4.57 0.00 0.00 0.25 0.25 0.00 0.00 91.62
1591 1.29 0.00 3.61 0.00 0.00 0.00 0.00 0.00 0.00 95.10
1592 42.75 0.00 5.09 3.56 0.00 0.00 0.25 0.00 0.00 48.35
1593 12.31 0.00 4.36 1.28 0.00 0.00 0.26 0.00 0.00 81.79
1594 0.77 0.00 3.34 0.00 0.00 0.00 0.00 0.00 0.00 95.89
1595 24.68 0.00 3.90 0.00 0.00 0.00 0.26 0.00 0.00 71.17
1596 1.53 0.00 2.81 0.00 0.00 0.00 0.00 0.00 0.00 95.65
1597 1.54 0.00 3.08 2.31 0.00 0.00 0.00 0.00 0.00 93.08
1598 1.03 0.00 3.08 0.77 0.00 0.26 0.26 0.00 0.00 94.60
1599 1.29 0.00 2.83 0.00 0.00 0.00 0.00 0.00 0.00 95.89
1600 1.28 0.00 2.82 0.00 0.00 0.00 0.26 0.00 0.00 95.64
1601 1.79 0.00 2.81 0.00 0.00 0.00 0.26 0.00 0.00 95.15
1602 1.03 0.00 2.33 0.00 0.00 0.00 0.00 0.00 0.00 96.64
1603 1.79 0.00 2.81 0.00 0.00 0.26 0.26 0.00 0.00 94.90
1604 1.29 0.00 2.83 1.80 0.00 0.00 0.00 0.00 0.00 94.09
1605 1.03 0.00 2.57 0.00 0.00 0.00 0.00 0.00 0.00 96.40
1606 30.31 0.00 2.59 4.92 0.00 0.26 0.26 0.00 0.00 61.66
1607 31.54 0.00 3.59 0.00 0.00 0.00 0.00 0.00 0.00 64.87
1608 1.28 0.00 2.82 0.00 0.00 0.00 0.00 0.00 0.00 95.90
1609 16.06 0.00 3.89 0.52 0.00 0.00 0.26 0.00 0.00 79.27
1610 5.91 0.00 2.83 0.00 0.00 0.00 0.00 0.00 0.00 91.26
1611 1.03 0.00 2.32 0.00 0.00 0.00 0.26 0.00 0.00 96.39
1612 0.77 0.00 4.08 3.32 0.00 0.00 0.26 0.00 0.00 91.58
1613 1.53 0.00 2.56 0.51 0.00 0.26 0.00 0.00 0.00 95.14
1614 0.77 0.00 3.58 0.26 0.00 0.00 0.00 0.00 0.00 95.40
1615 1.28 0.00 3.57 0.00 0.00 0.00 0.00 0.00 0.00 95.15
1616 1.02 0.00 3.32 0.00 0.00 0.00 0.00 0.00 0.00 95.66
1617 2.05 0.00 2.56 2.05 0.00 0.26 0.00 0.00 0.00 93.09
1618 1.03 0.00 2.57 0.26 0.00 0.00 0.00 0.00 0.00 96.14
1619 38.56 0.00 4.63 1.03 0.00 0.26 0.26 0.00 0.00 55.27
1620 31.47 0.00 3.55 0.00 0.00 0.00 0.00 0.00 0.00 64.97
1621 1.27 0.00 3.80 0.00 0.00 0.25 0.00 0.00 0.00 94.68
1622 1.27 0.00 3.54 0.51 0.00 0.00 0.00 0.00 0.00 94.68
1623 4.19 0.00 4.71 28.27 0.00 0.00 0.26 0.00 0.00 62.57
1624 2.31 0.00 7.18 27.18 0.00 0.00 0.00 0.00 0.00 63.33
1625 1.77 0.00 5.06 2.28 0.00 0.00 0.25 0.00 0.00 90.63
1626 1.02 0.00 4.06 0.00 0.00 0.00 0.00 0.00 0.00 94.92
1627 1.54 0.00 2.83 3.34 0.00 0.00 0.26 0.00 0.00 92.03
1628 0.79 0.00 2.89 0.79 0.00 0.00 0.26 0.00 0.00 95.26
1629 1.28 0.00 3.57 0.00 0.00 0.00 0.26 0.00 0.00 94.90
1630 1.27 0.00 4.07 0.51 0.00 0.00 0.00 0.00 0.00 94.15
1631 0.77 0.00 3.58 0.26 0.00 0.00 0.26 0.00 0.00 95.14
1632 1.29 0.00 4.38 0.77 0.00 0.26 0.26 0.00 0.00 93.04
1633 1.03 0.00 2.83 0.26 0.00 0.00 0.00 0.00 0.00 95.89
1634 1.03 0.00 2.56 0.26 0.00 0.00 0.00 0.00 0.00 96.15
1635 1.02 0.00 3.55 0.00 0.00 0.00 0.00 0.00 0.00 95.43
1636 1.53 0.00 3.06 0.26 0.00 0.00 0.26 0.00 0.00 94.90
1637 1.02 0.00 3.32 0.00 0.00 0.00 0.00 0.00 0.00 95.65
1638 1.02 0.00 2.81 0.26 0.00 0.00 0.00 0.00 0.00 95.92
1639 1.02 0.00 3.82 0.00 0.00 0.00 0.00 0.00 0.00 95.17
1640 1.27 0.00 3.05 0.25 0.00 0.00 0.00 0.00 0.00 95.42
1641 1.27 0.00 3.56 0.00 0.00 0.00 0.25 0.00 0.00 94.91
1642 1.27 0.00 3.54 1.27 0.00 0.00 0.00 0.00 0.00 93.92
1643 1.01 0.00 4.30 0.25 0.00 0.00 0.00 0.00 0.00 94.43
1644 0.76 0.00 4.56 0.00 0.00 0.00 0.00 0.00 0.00 94.68
1645 1.02 0.00 3.81 0.00 0.00 0.00 0.25 0.00 0.00 94.92
1646 1.02 0.00 3.32 0.00 0.00 0.00 0.00 0.00 0.00 95.66
1647 1.28 0.00 3.07 0.00 0.00 0.00 0.00 0.00 0.00 95.65
1648 0.77 0.00 3.59 0.00 0.00 0.00 0.26 0.00 0.00 95.38
1649 0.77 0.00 3.08 0.00 0.00 0.00 0.00 0.00 0.00 96.15
1650 1.26 0.00 3.54 0.25 0.00 0.00 0.25 0.00 0.00 94.70
1651 1.78 0.00 3.05 0.00 0.00 0.00 0.00 0.00 0.00 95.18
1652 0.78 0.00 2.58 3.10 0.00 0.00 0.00 0.00 0.00 93.54
1653 0.51 0.00 2.82 0.26 0.00 0.00 0.26 0.00 0.00 96.15
1654 1.02 0.00 3.31 0.00 0.00 0.00 0.00 0.00 0.00 95.67
1655 1.28 0.00 3.84 0.00 0.00 0.00 0.26 0.00 0.00 94.63
1656 1.02 0.00 3.07 0.00 0.00 0.00 0.00 0.00 0.00 95.91
1657 0.51 0.00 3.08 0.00 0.00 0.00 0.00 0.00 0.00 96.40
1658 1.29 0.00 3.09 1.03 0.00 0.00 0.52 0.00 0.00 94.07
1659 0.78 0.00 2.07 0.52 0.00 0.00 0.26 0.00 0.00 96.37
1660 1.03 0.00 2.31 0.00 0.00 0.00 0.26 0.00 0.00 96.40
1661 1.03 0.00 3.08 0.26 0.00 0.00 0.00 0.00 0.00 95.63
1662 1.03 0.00 2.33 0.00 0.00 0.00 0.26 0.00 0.00 96.38
1663 1.03 0.00 3.33 0.00 0.00 0.00 0.00 0.00 0.00 95.64
1664 1.03 0.00 2.57 0.26 0.00 0.26 0.26 0.00 0.00 95.63
1665 1.28 0.00 3.57 0.00 0.00 0.00 0.00 0.00 0.00 95.15
1666 0.77 0.00 3.08 0.00 0.00 0.00 0.26 0.00 0.00 95.89
1667 1.52 0.00 3.30 3.55 0.00 0.25 0.25 0.00 0.00 91.12
1668 1.53 0.00 3.32 0.26 0.00 0.00 0.00 0.00 0.00 94.88
1669 1.54 0.00 2.06 0.00 0.00 0.00 0.00 0.00 0.00 96.40
1670 1.03 0.00 2.33 0.26 0.00 0.00 0.00 0.00 0.00 96.38
1671 1.02 0.00 3.06 0.00 0.00 0.00 0.00 0.00 0.00 95.92
1672 1.03 0.00 2.83 1.29 0.00 0.00 0.26 0.00 0.00 94.60
1673 0.77 0.00 3.07 0.77 0.00 0.00 0.00 0.00 0.00 95.40
1674 1.53 0.00 2.56 0.00 0.00 0.00 0.00 0.00 0.00 95.91
1675 0.77 0.00 2.84 0.00 0.00 0.00 0.26 0.00 0.00 96.13
1676 0.77 0.00 2.83 0.00 0.00 0.00 0.00 0.00 0.00 96.40
1677 1.02 0.00 3.32 0.00 0.00 0.00 0.00 0.00 0.00 95.66
1678 1.27 0.00 2.80 0.00 0.00 0.25 0.00 0.00 0.00 95.67
1679 1.02 0.00 2.56 0.26 0.00 0.00 0.26 0.00 0.00 95.91
1680 0.76 0.00 3.05 0.00 0.00 0.25 0.00 0.00 0.00 95.93
1681 1.28 0.00 2.55 0.00 0.00 0.00 0.00 0.00 0.00 96.17
1682 1.28 0.00 2.56 0.00 0.00 0.00 0.00 0.00 0.00 96.15
1683 1.27 0.00 3.54 0.25 0.00 0.00 0.00 0.00 0.00 94.94
1684 1.28 0.00 3.06 0.00 0.00 0.00 0.00 0.00 0.00 95.66
1685 1.29 0.00 3.08 7.71 0.00 0.00 0.26 0.00 0.00 87.66
1686 1.78 0.00 3.30 0.25 0.00 0.00 0.00 0.00 0.00 94.67
1687 1.78 0.00 3.55 0.00 0.00 0.00 0.51 0.00 0.00 94.16
1688 0.77 0.00 3.87 4.12 0.00 0.00 0.26 0.00 0.00 90.98
1689 1.02 0.00 3.07 0.00 0.00 0.00 0.00 0.00 0.00 95.91
1690 1.27 0.00 3.31 0.00 0.00 0.00 0.25 0.00 0.00 95.17
1691 0.77 0.00 2.57 0.00 0.00 0.00 0.00 0.00 0.00 96.66
1692 1.79 0.00 4.60 0.26 0.00 0.00 0.26 0.00 0.00 93.09
1693 1.03 0.00 3.08 2.31 0.00 0.00 0.00 0.00 0.00 93.57
1694 0.51 0.00 4.07 0.00 0.00 0.00 0.25 0.00 0.00 95.17
1695 1.01 0.00 3.80 0.25 0.00 0.00 0.00 0.00 0.00 94.94
1696 1.79 0.00 2.81 0.00 0.00 0.00 0.00 0.00 0.00 95.41
1697 1.27 0.00 3.29 0.00 0.00 0.00 0.25 0.00 0.00 95.19
1698 1.78 0.00 3.30 0.25 0.00 0.25 0.00 0.00 0.00 94.42
1699 1.52 0.00 3.30 0.25 0.00 0.00 0.00 0.00 0.00 94.92
1700 1.02 0.00 3.81 0.25 0.00 0.00 0.25 0.00 0.00 94.67
1701 1.01 0.00 4.29 0.25 0.00 0.00 0.00 0.00 0.00 94.44
1702 1.52 0.00 3.29 0.00 0.00 0.00 0.00 0.00 0.00 95.19
1703 1.52 0.00 3.79 0.00 0.00 0.00 0.00 0.00 0.00 94.70
1704 1.01 0.00 4.28 0.50 0.00 0.00 0.00 0.00 0.00 94.21
1705 1.01 0.00 3.54 0.00 0.00 0.00 0.25 0.00 0.00 95.19
1706 0.76 0.00 3.81 0.00 0.00 0.00 0.00 0.00 0.00 95.43
1707 1.53 0.00 3.07 0.00 0.00 0.00 0.26 0.00 0.00 95.14
1708 1.02 0.00 3.84 2.30 0.00 0.00 0.26 0.00 0.00 92.58
1709 1.52 0.00 3.55 0.25 0.00 0.00 0.00 0.00 0.00 94.67
1710 1.01 0.00 3.80 0.00 0.00 0.00 0.00 0.00 0.00 95.19
1711 1.02 0.00 3.81 0.00 0.00 0.00 0.00 0.00 0.00 95.18
1712 0.76 0.00 3.81 0.00 0.00 0.00 0.00 0.00 0.00 95.43
1713 1.27 0.00 4.05 3.29 0.00 0.25 0.25 0.00 0.00 90.89
1714 1.01 0.00 4.79 0.25 0.00 0.00 0.00 0.00 0.00 93.95
1715 1.01 0.00 4.29 0.00 0.00 0.00 0.00 0.00 0.00 94.70
1716 1.02 0.00 3.55 0.00 0.00 0.00 0.00 0.00 0.00 95.43
1717 1.26 0.00 4.04 0.00 0.00 0.00 0.00 0.00 0.00 94.70
1718 1.03 0.00 3.61 8.25 0.00 0.00 0.26 0.00 0.00 86.86
1719 1.03 0.00 3.08 0.00 0.00 0.00 0.51 0.00 0.00 95.38
1720 0.77 0.00 3.61 1.55 0.00 0.00 0.00 0.00 0.00 94.07
1721 1.28 0.00 3.83 0.00 0.00 0.00 0.26 0.00 0.00 94.64
1722 1.77 0.00 2.78 0.76 0.00 0.00 0.00 0.00 0.00 94.68
1723 1.28 0.00 3.07 0.00 0.00 0.00 0.26 0.00 0.00 95.40
1724 1.27 0.00 3.54 0.00 0.00 0.00 0.25 0.00 0.00 94.94
1725 1.51 0.00 5.03 0.50 0.00 0.00 0.00 0.00 0.00 92.96
1726 0.51 0.00 3.56 0.00 0.00 0.00 0.00 0.00 0.00 95.93
1727 1.03 0.00 3.08 0.26 0.00 0.00 0.26 0.00 0.00 95.37
1728 1.77 0.00 3.79 0.25 0.00 0.00 0.25 0.00 0.00 93.94
1729 1.27 0.00 3.30 0.00 0.00 0.00 0.00 0.00 0.00 95.43
1730 1.02 0.00 2.81 0.00 0.00 0.00 0.00 0.00 0.00 96.17
1731 1.02 0.00 3.32 0.26 0.00 0.00 0.26 0.00 0.00 95.15
1732 1.03 0.00 2.56 0.26 0.00 0.00 0.00 0.00 0.00 96.15
1733 0.51 0.00 3.32 0.51 0.00 0.00 0.00 0.00 0.00 95.65
1734 1.03 0.00 2.56 0.26 0.00 0.00 0.00 0.00 0.00 96.15
1735 1.76 0.00 3.02 0.00 0.00 0.00 0.25 0.00 0.00 94.96
1736 1.02 0.00 3.32 0.51 0.00 0.26 0.00 0.00 0.00 94.88
1737 3.06 0.00 5.36 18.88 0.00 0.00 0.26 0.00 0.00 72.45
1738 5.87 0.00 8.16 18.11 0.00 0.00 0.00 0.00 0.00 67.86
1739 3.58 0.00 5.12 19.18 0.00 0.00 0.26 0.00 0.00 71.87
1740 1.77 0.00 3.29 0.00 0.00 0.00 0.00 0.00 0.00 94.94
1741 1.27 0.00 3.81 0.00 0.00 0.00 0.00 0.00 0.00 94.92
1742 0.75 0.00 4.52 0.50 0.00 0.25 0.00 0.00 0.00 93.97
1743 1.27 0.00 3.55 2.79 0.00 0.00 0.00 0.00 0.00 92.39
1744 1.51 0.00 3.53 0.25 0.00 0.00 0.00 0.00 0.00 94.71
1745 5.14 0.00 6.43 0.26 0.00 0.00 0.26 0.00 0.00 87.92
1746 3.10 0.00 5.43 0.78 0.00 0.00 0.26 0.00 0.00 90.44
1747 1.02 0.00 3.07 0.00 0.00 0.00 0.00 0.00 0.00 95.91
