0 1.76 0.00 4.52 5.28 0.00 0.00 0.00 0.00 0.00 88.44
1 1.01 0.00 4.05 0.51 0.00 0.00 0.25 0.00 0.00 94.18
2 0.77 0.00 3.58 0.77 0.00 0.00 0.00 0.00 0.00 94.88
3 2.26 0.00 3.76 0.25 0.00 0.00 0.25 0.00 0.00 93.48
4 1.75 0.00 4.00 6.50 0.00 0.25 0.00 0.00 0.00 87.50
5 7.49 0.00 6.46 2.84 0.00 0.00 0.26 0.00 0.00 82.95
6 3.05 0.00 5.09 4.58 0.00 0.00 0.00 0.00 0.00 87.28
7 1.03 0.00 3.60 1.29 0.00 0.00 0.26 0.00 0.00 93.83
8 1.03 0.00 3.59 10.00 0.00 0.00 0.26 0.00 0.00 85.13
9 1.28 0.00 3.58 18.16 0.00 0.00 0.00 0.00 0.00 76.98
10 0.77 0.00 3.85 25.90 0.00 0.00 0.00 0.00 0.00 69.49
11 1.02 0.00 4.07 23.66 0.00 0.00 0.00 0.00 0.00 71.25
12 2.27 0.00 5.79 25.44 0.00 0.00 0.00 0.00 0.00 66.50
13 1.51 0.00 3.78 23.93 0.00 0.00 0.00 0.00 0.00 70.78
14 2.02 0.00 3.79 29.04 0.00 0.00 0.00 0.00 0.00 65.15
15 1.27 0.00 4.56 26.08 0.00 0.00 0.00 0.00 0.00 68.10
16 1.78 0.00 4.06 25.13 0.00 0.00 0.25 0.00 0.00 68.78
17 1.04 0.00 2.59 26.42 0.00 0.00 0.00 0.00 0.00 69.95
18 1.53 0.00 3.32 25.06 0.00 0.00 0.00 0.00 0.00 70.08
19 2.04 0.00 3.31 23.16 0.00 0.00 0.00 0.00 0.00 71.50
20 3.30 0.00 4.57 23.10 0.00 0.00 0.00 0.00 0.00 69.04
21 2.29 0.00 4.58 21.88 0.00 0.25 0.00 0.00 0.00 70.99
22 5.54 0.00 4.53 21.16 0.00 0.00 0.00 0.00 0.00 68.77
23 5.12 0.00 5.37 18.41 0.00 0.00 0.00 0.00 0.00 71.10
24 2.78 0.00 5.81 22.73 0.00 0.00 0.00 0.00 0.00 68.69
25 3.80 0.00 4.56 21.01 0.00 0.00 0.00 0.00 0.00 70.63
26 1.02 0.00 4.09 24.04 0.00 0.00 0.26 0.00 0.00 70.59
27 6.36 0.00 4.83 21.63 0.00 0.00 0.00 0.00 0.00 67.18
28 8.74 0.00 4.37 17.22 0.00 0.00 0.00 0.00 0.00 69.67
29 9.14 0.00 4.57 19.04 0.00 0.25 0.00 0.00 0.00 67.01
30 15.94 0.00 5.66 16.45 0.00 0.00 0.26 0.00 0.00 61.70
31 5.41 0.00 4.12 20.62 0.00 0.00 0.00 0.00 0.00 69.85
32 13.45 0.00 5.84 15.74 0.00 0.00 0.00 0.00 0.00 64.97
33 9.41 0.00 5.85 13.74 0.00 0.00 0.25 0.00 0.00 70.74
34 10.74 0.00 5.12 17.65 0.00 0.00 0.00 0.00 0.00 66.50
35 14.68 0.00 7.34 12.15 0.00 0.00 0.00 0.00 0.00 65.82
36 9.82 0.00 5.43 19.90 0.00 0.00 0.00 0.00 0.00 64.86
37 18.86 0.00 14.73 10.34 0.00 2.33 0.26 0.00 0.00 53.49
38 2.86 0.00 11.43 14.55 0.00 0.00 0.00 0.00 0.00 71.17
39 8.33 0.00 3.79 20.45 0.00 0.00 0.00 0.00 0.00 67.42
40 6.89 0.00 4.34 18.11 0.00 0.00 0.26 0.00 0.00 70.41
41 3.59 0.00 3.59 23.85 0.00 0.00 0.00 0.00 0.00 68.97
42 9.97 0.00 4.60 16.88 0.00 0.00 0.26 0.00 0.00 68.29
43 11.70 0.00 5.09 18.58 0.00 0.00 0.00 0.00 0.00 64.63
44 3.51 0.00 5.26 21.05 0.00 0.00 0.00 0.00 0.00 70.18
45 3.30 0.00 4.31 22.59 0.00 0.25 0.00 0.00 0.00 69.54
46 3.80 0.00 5.06 21.27 0.00 0.00 0.25 0.00 0.00 69.62
47 2.80 0.00 4.07 26.97 0.00 0.00 0.00 0.00 0.00 66.16
48 2.81 0.00 4.08 22.45 0.00 0.00 0.00 0.00 0.00 70.66
49 6.58 0.00 5.57 18.99 0.00 0.00 0.00 0.00 0.00 68.86
50 7.16 0.00 4.09 19.44 0.00 0.00 0.00 0.00 0.00 69.31
51 51.43 0.00 8.57 10.65 0.00 0.26 0.26 0.00 0.00 28.83
52 62.68 0.00 32.48 0.28 0.00 0.57 0.00 0.00 0.00 3.99
53 80.82 0.00 16.88 0.77 0.00 0.77 0.00 0.00 0.00 0.77
54 75.70 0.00 19.44 2.81 0.00 0.26 0.00 0.00 0.00 1.79
55 74.67 0.00 12.14 5.54 0.00 0.53 0.00 0.00 0.00 7.12
56 67.47 0.00 21.33 8.53 0.00 0.27 0.27 0.00 0.00 2.13
57 44.35 0.00 14.25 9.14 0.00 0.54 0.27 0.00 0.00 31.45
58 34.90 0.00 8.07 20.83 0.00 0.00 0.00 0.00 0.00 36.20
59 63.14 0.00 10.57 16.24 0.00 0.26 0.00 0.00 0.00 9.79
60 64.27 0.00 13.62 12.85 0.00 0.26 0.00 0.00 0.00 9.00
61 64.08 0.00 13.95 13.95 0.00 0.52 0.00 0.00 0.00 7.49
62 13.45 0.00 4.57 20.30 0.00 0.00 0.00 0.00 0.00 61.68
63 24.48 0.00 9.79 23.45 0.00 0.00 0.52 0.00 0.00 41.75
64 71.28 0.00 16.15 5.90 0.00 0.51 0.00 0.00 0.00 6.15
65 69.90 0.00 13.01 11.73 0.00 0.26 0.00 0.00 0.00 5.10
66 75.19 0.00 16.88 1.28 0.00 0.26 0.00 0.00 0.00 6.39
67 32.45 0.00 11.35 45.12 0.00 0.00 0.26 0.00 0.00 10.82
68 65.62 0.00 12.07 17.85 0.00 0.52 0.00 0.00 0.00 3.94
69 11.28 0.00 7.27 71.93 0.00 0.00 0.00 0.00 0.00 9.52
70 4.94 0.00 3.64 91.43 0.00 0.00 0.00 0.00 0.00 0.00
71 5.08 0.00 4.57 70.56 0.00 0.00 0.00 0.00 0.00 19.80
72 4.80 0.00 3.79 83.84 0.00 0.00 0.25 0.00 0.00 7.32
73 5.36 0.00 4.08 67.60 0.00 0.00 0.26 0.00 0.00 22.70
74 37.34 0.00 12.53 44.65 0.00 0.26 0.26 0.00 0.00 4.96
75 22.34 0.00 4.42 56.10 0.00 0.00 0.00 0.00 0.00 17.14
76 21.13 0.00 12.63 48.97 0.00 0.00 0.00 0.00 0.00 17.27
77 6.98 0.00 4.13 66.15 0.00 0.26 0.26 0.00 0.00 22.22
78 13.81 0.00 5.37 70.33 0.00 0.00 0.00 0.00 0.00 10.49
79 21.24 0.00 10.88 67.62 0.00 0.26 0.00 0.00 0.00 0.00
80 9.23 0.00 4.10 68.97 0.00 0.00 0.00 0.00 0.00 17.69
81 6.84 0.00 4.05 44.05 0.00 0.51 0.25 0.00 0.00 44.30
82 8.42 0.00 4.08 27.04 0.00 0.00 0.00 0.00 0.00 60.46
83 14.58 0.00 12.02 36.06 0.00 0.00 0.00 0.00 0.00 37.34
84 26.03 0.00 6.19 33.51 0.00 0.52 0.00 0.00 0.00 33.76
85 34.55 0.00 13.25 13.25 0.00 0.26 0.00 0.00 0.00 38.70
86 31.81 0.00 10.78 2.43 0.00 0.27 0.27 0.00 0.00 54.45
87 21.13 0.00 7.47 0.26 0.00 0.00 0.00 0.00 0.00 71.13
88 7.95 0.00 2.82 0.26 0.00 0.00 0.00 0.00 0.00 88.97
89 13.55 0.00 3.58 0.00 0.00 0.51 0.00 0.00 0.00 82.35
90 19.28 0.00 6.17 0.26 0.00 0.26 0.00 0.00 0.00 74.04
91 20.05 0.00 3.60 0.51 0.00 0.26 0.26 0.00 0.00 75.32
92 22.56 0.00 6.92 0.51 0.00 0.51 0.00 0.00 0.00 69.49
93 7.34 0.00 3.29 1.77 0.00 0.25 0.00 0.00 0.00 87.34
94 59.59 0.00 6.99 4.15 0.00 0.00 0.00 0.00 0.00 29.27
95 31.79 0.00 26.67 9.74 0.00 0.00 0.00 0.00 0.00 31.79
96 19.01 0.00 3.91 5.21 0.00 0.00 0.26 0.00 0.00 71.61
97 23.36 0.00 2.89 5.25 0.00 0.00 0.00 0.00 0.00 68.50
98 41.05 0.00 4.47 7.63 0.00 0.00 0.26 0.00 0.00 46.58
99 20.73 0.00 5.44 9.84 0.00 0.00 0.00 0.00 0.00 63.99
100 24.48 0.00 4.38 4.38 0.00 0.00 0.00 0.00 0.00 66.75
101 25.57 0.00 3.54 0.00 0.00 0.00 0.00 0.00 0.00 70.89
102 30.83 0.00 3.63 12.18 0.00 0.00 0.00 0.00 0.00 53.37
103 10.43 0.00 4.07 22.90 0.00 0.00 0.00 0.00 0.00 62.60
104 13.81 0.00 5.12 23.53 0.00 0.00 0.00 0.00 0.00 57.54
105 24.74 0.00 4.08 22.19 0.00 0.26 0.00 0.00 0.00 48.72
106 25.38 0.00 3.55 1.27 0.00 0.00 0.00 0.00 0.00 69.80
107 22.48 0.00 4.65 6.98 0.00 0.00 0.26 0.00 0.00 65.63
108 9.23 0.00 4.87 17.44 0.00 0.00 0.00 0.00 0.00 68.46
109 10.91 0.00 8.31 17.66 0.00 0.00 0.00 0.00 0.00 63.12
110 17.81 0.00 5.09 17.05 0.00 0.00 0.00 0.00 0.00 60.05
111 24.94 0.00 4.07 1.78 0.00 0.25 0.00 0.00 0.00 68.96
112 25.00 0.00 4.08 4.85 0.00 0.00 0.00 0.00 0.00 66.07
113 20.92 0.00 4.34 7.14 0.00 0.00 0.00 0.00 0.00 67.60
114 22.90 0.00 3.82 13.74 0.00 0.00 0.00 0.00 0.00 59.54
115 9.67 0.00 5.09 31.04 0.00 0.00 0.00 0.00 0.00 54.20
116 7.95 0.00 6.67 30.00 0.00 0.00 0.00 0.00 0.00 55.38
117 8.06 0.00 4.79 11.84 0.00 0.25 0.00 0.00 0.00 75.06
118 15.72 0.00 4.90 15.98 0.00 0.00 0.00 0.00 0.00 63.40
119 25.84 0.00 3.88 7.49 0.00 0.26 0.00 0.00 0.00 62.53
120 22.13 0.00 4.27 3.20 0.00 0.00 0.00 0.00 0.00 70.40
121 25.84 0.00 3.36 0.26 0.00 0.00 0.52 0.00 0.00 70.03
122 24.81 0.00 3.84 0.26 0.00 0.00 0.00 0.00 0.00 71.10
123 44.16 0.00 4.57 2.03 0.00 0.00 0.00 0.00 0.00 49.24
124 24.75 0.00 5.05 2.27 0.00 0.00 0.00 0.00 0.00 67.93
125 40.31 0.00 4.85 0.77 0.00 0.26 0.00 0.00 0.00 53.83
126 30.33 0.00 3.60 11.83 0.00 0.00 0.00 0.00 0.00 54.24
127 23.04 0.00 4.71 24.61 0.00 0.00 0.26 0.00 0.00 47.38
128 33.89 0.00 5.83 15.00 0.00 0.00 0.00 0.00 0.00 45.28
129 27.62 0.00 4.35 7.93 0.00 0.00 0.00 0.00 0.00 60.10
130 24.43 0.00 5.29 1.51 0.00 0.00 0.00 0.00 0.00 68.77
131 24.94 0.00 3.82 0.00 0.00 0.00 0.00 0.00 0.00 71.25
132 48.96 0.00 4.95 8.59 0.00 0.26 0.00 0.00 0.00 37.24
133 25.91 0.00 3.63 51.81 0.00 0.00 0.26 0.00 0.00 18.39
134 25.77 0.00 4.08 25.51 0.00 0.00 0.00 0.00 0.00 44.64
135 25.82 0.00 4.56 31.39 0.00 0.00 0.00 0.00 0.00 38.23
136 23.71 0.00 5.15 15.21 0.00 0.00 0.00 0.00 0.00 55.93
137 18.51 0.00 5.66 32.39 0.00 0.26 0.00 0.00 0.00 43.19
138 26.21 0.00 3.56 19.85 0.00 0.00 0.00 0.00 0.00 50.38
139 25.77 0.00 2.30 0.26 0.00 0.00 0.00 0.00 0.00 71.68
140 26.83 0.00 9.21 11.11 0.00 0.27 0.27 0.00 0.00 52.30
141 25.32 0.00 4.65 43.67 0.00 0.26 0.00 0.00 0.00 26.10
142 25.45 0.00 3.60 8.23 0.00 0.00 0.00 0.00 0.00 62.72
143 24.75 0.00 3.79 1.52 0.00 0.00 0.00 0.00 0.00 69.95
144 34.19 0.00 12.60 16.45 0.00 0.26 0.00 0.00 0.00 36.50
145 28.02 0.00 8.23 29.56 0.00 0.00 0.26 0.00 0.00 33.93
146 25.44 0.00 4.28 9.82 0.00 0.00 0.00 0.00 0.00 60.45
147 25.06 0.00 4.30 0.00 0.00 0.00 0.00 0.00 0.00 70.63
148 25.26 0.00 3.57 4.59 0.00 0.00 0.00 0.00 0.00 66.58
149 19.39 0.00 5.10 23.98 0.00 0.26 0.26 0.00 0.00 51.02
150 6.62 0.00 4.58 29.01 0.00 0.00 0.00 0.00 0.00 59.80
151 8.33 0.00 4.80 22.47 0.00 0.25 0.00 0.00 0.00 64.14
152 23.74 0.00 4.04 15.66 0.00 0.00 0.00 0.00 0.00 56.57
153 24.68 0.00 3.34 7.20 0.00 0.00 0.00 0.00 0.00 64.78
154 31.69 0.00 5.19 11.43 0.00 0.00 0.00 0.00 0.00 51.69
155 13.51 0.00 4.94 21.82 0.00 0.26 0.26 0.00 0.00 59.22
156 25.19 0.00 4.16 8.83 0.00 0.00 0.26 0.00 0.00 61.56
157 25.13 0.00 3.85 16.92 0.00 0.00 0.26 0.00 0.00 53.85
158 24.68 0.00 4.37 14.91 0.00 0.00 0.00 0.00 0.00 56.04
159 16.62 0.00 4.09 20.46 0.00 0.00 0.00 0.00 0.00 58.82
160 14.25 0.00 4.33 4.33 0.00 0.25 0.00 0.00 0.00 76.84
161 1.53 0.00 3.83 4.85 0.00 0.00 0.00 0.00 0.00 89.80
162 1.53 0.00 3.82 5.85 0.00 0.00 0.00 0.00 0.00 88.80
163 2.03 0.00 3.80 5.06 0.00 0.00 0.00 0.00 0.00 89.11
164 1.52 0.00 4.30 12.15 0.00 0.00 0.00 0.00 0.00 82.03
165 0.77 0.00 3.32 0.26 0.00 0.00 0.00 0.00 0.00 95.65
166 1.29 0.00 4.63 0.77 0.00 0.00 0.00 0.00 0.00 93.32
167 1.76 0.00 3.77 0.00 0.00 0.00 0.25 0.00 0.00 94.22
168 1.27 0.00 3.30 0.76 0.00 0.25 0.00 0.00 0.00 94.42
169 1.27 0.00 4.30 0.51 0.00 0.00 0.00 0.00 0.00 93.92
170 1.80 0.00 4.11 32.90 0.00 0.00 0.00 0.00 0.00 61.18
171 1.27 0.00 4.33 0.51 0.00 0.00 0.25 0.00 0.00 93.64
172 1.01 0.00 4.29 1.26 0.00 0.00 0.00 0.00 0.00 93.43
173 1.28 0.00 3.58 0.26 0.00 0.00 0.00 0.00 0.00 94.88
174 1.28 0.00 2.81 1.02 0.00 0.00 0.00 0.00 0.00 94.88
175 1.27 0.00 3.31 1.02 0.00 0.25 0.00 0.00 0.00 94.15
176 1.28 0.00 3.08 1.28 0.00 0.00 0.00 0.00 0.00 94.36
177 1.80 0.00 2.06 0.52 0.00 0.00 0.00 0.00 0.00 95.62
178 1.02 0.00 2.81 3.58 0.00 0.00 0.00 0.00 0.00 92.58
179 1.29 0.00 2.58 4.64 0.00 0.00 0.00 0.00 0.00 91.49
180 1.79 0.00 3.08 7.44 0.00 0.00 0.00 0.00 0.00 87.69
181 1.02 0.00 3.57 1.79 0.00 0.00 0.00 0.00 0.00 93.62
182 0.77 0.00 3.57 5.87 0.00 0.00 0.26 0.00 0.00 89.54
183 1.28 0.00 3.32 6.14 0.00 0.00 0.00 0.00 0.00 89.26
184 1.02 0.00 3.32 3.57 0.00 0.00 0.00 0.00 0.00 92.09
185 1.02 0.00 3.57 5.61 0.00 0.00 0.00 0.00 0.00 89.80
186 1.28 0.00 3.57 6.89 0.00 0.00 0.00 0.00 0.00 88.27
187 0.52 0.00 2.86 0.78 0.00 0.00 0.00 0.00 0.00 95.83
188 1.03 0.00 3.35 14.69 0.00 0.00 0.26 0.00 0.00 80.67
189 1.29 0.00 2.58 1.29 0.00 0.00 0.00 0.00 0.00 94.85
190 0.51 0.00 4.58 3.05 0.00 0.25 0.00 0.00 0.00 91.60
191 1.28 0.00 3.83 0.00 0.00 0.00 0.00 0.00 0.00 94.90
192 1.77 0.00 4.05 15.19 0.00 0.00 0.25 0.00 0.00 78.73
193 1.78 0.00 3.05 27.74 0.00 0.00 0.00 0.00 0.00 67.43
194 1.77 0.00 5.06 20.76 0.00 0.00 0.00 0.00 0.00 72.41
195 2.27 0.00 3.54 0.51 0.00 0.00 0.00 0.00 0.00 93.69
196 1.77 0.00 3.80 1.77 0.00 0.00 0.00 0.00 0.00 92.66
197 1.76 0.00 4.03 2.27 0.00 0.00 0.00 0.00 0.00 91.94
198 1.50 0.00 4.51 4.26 0.00 0.00 0.00 0.00 0.00 89.72
199 2.51 0.00 4.01 0.75 0.00 0.00 0.00 0.00 0.00 92.73
200 1.75 0.00 5.00 1.00 0.00 0.00 0.00 0.00 0.00 92.25
201 1.27 0.00 4.56 5.32 0.00 0.00 0.00 0.00 0.00 88.86
202 1.01 0.00 5.03 2.26 0.00 0.00 0.00 0.00 0.00 91.71
203 0.76 0.00 5.05 0.00 0.00 0.00 0.00 0.00 0.00 94.19
204 0.76 0.00 4.29 0.00 0.00 0.00 0.25 0.00 0.00 94.70
205 1.52 0.00 3.81 1.02 0.00 0.00 0.00 0.00 0.00 93.65
206 0.51 0.00 5.06 2.03 0.00 0.25 0.00 0.00 0.00 92.15
207 1.78 0.00 3.05 0.51 0.00 0.00 0.00 0.00 0.00 94.66
208 1.26 0.00 4.03 0.25 0.00 0.00 0.00 0.00 0.00 94.46
209 1.28 0.00 2.82 0.77 0.00 0.00 0.00 0.00 0.00 95.13
210 1.26 0.00 4.04 0.25 0.00 0.00 0.00 0.00 0.00 94.44
211 1.26 0.00 4.55 0.51 0.00 0.00 0.00 0.00 0.00 93.69
212 1.01 0.00 4.56 0.25 0.00 0.00 0.00 0.00 0.00 94.18
213 1.50 0.00 4.25 0.75 0.00 0.00 0.00 0.00 0.00 93.50
214 1.76 0.00 3.77 0.00 0.00 0.00 0.00 0.00 0.00 94.47
215 1.78 0.00 3.30 1.52 0.00 0.00 0.00 0.00 0.00 93.40
216 1.52 0.00 4.04 0.00 0.00 0.00 0.00 0.00 0.00 94.44
217 1.02 0.00 4.07 1.27 0.00 0.00 0.25 0.00 0.00 93.38
218 1.52 0.00 3.80 0.00 0.00 0.00 0.25 0.00 0.00 94.43
219 1.53 0.00 2.81 0.51 0.00 0.00 0.00 0.00 0.00 95.14
220 1.02 0.00 3.55 0.51 0.00 0.00 0.00 0.00 0.00 94.92
221 1.02 0.00 3.58 4.86 0.00 0.26 0.00 0.00 0.00 90.28
222 2.03 0.00 3.54 1.01 0.00 0.00 0.00 0.00 0.00 93.42
223 1.01 0.00 3.80 0.51 0.00 0.00 0.25 0.00 0.00 94.43
224 1.27 0.00 3.81 0.76 0.00 0.00 0.00 0.00 0.00 94.16
225 1.27 0.00 3.56 0.76 0.00 0.00 0.00 0.00 0.00 94.40
226 1.76 0.00 3.53 1.51 0.00 0.00 0.00 0.00 0.00 93.20
227 0.76 0.00 3.81 0.00 0.00 0.00 0.00 0.00 0.00 95.43
228 1.77 0.00 3.54 2.78 0.00 0.00 0.00 0.00 0.00 91.92
229 1.77 0.00 3.03 0.00 0.00 0.00 0.00 0.00 0.00 95.20
230 1.50 0.00 4.26 1.75 0.00 0.00 0.00 0.00 0.00 92.48
231 1.01 0.00 4.30 0.25 0.00 0.00 0.25 0.00 0.00 94.18
232 2.50 0.00 3.75 4.00 0.00 0.00 0.00 0.00 0.00 89.75
233 1.51 0.00 4.27 0.00 0.00 0.00 0.00 0.00 0.00 94.22
234 1.27 0.00 3.81 0.00 0.00 0.25 0.00 0.00 0.00 94.67
235 1.77 0.00 3.29 0.25 0.00 0.00 0.00 0.00 0.00 94.68
236 1.53 0.00 3.31 1.78 0.00 0.25 0.00 0.00 0.00 93.13
237 1.03 0.00 3.08 0.00 0.00 0.00 0.26 0.00 0.00 95.64
238 1.28 0.00 2.81 1.02 0.00 0.26 0.00 0.00 0.00 94.63
239 1.53 0.00 3.32 0.77 0.00 0.00 0.00 0.00 0.00 94.39
240 1.02 0.00 3.32 0.77 0.00 0.00 0.00 0.00 0.00 94.90
241 1.28 0.00 3.33 3.08 0.00 0.00 0.00 0.00 0.00 92.31
242 1.02 0.00 3.07 0.00 0.00 0.26 0.00 0.00 0.00 95.65
243 1.54 0.00 2.56 0.00 0.00 0.00 0.00 0.00 0.00 95.90
244 1.01 0.00 3.54 0.76 0.00 0.25 0.00 0.00 0.00 94.43
245 1.02 0.00 3.56 0.76 0.00 0.00 0.00 0.00 0.00 94.66
246 2.03 0.00 3.30 2.28 0.00 0.00 0.00 0.00 0.00 92.39
247 0.77 0.00 3.60 0.00 0.00 0.00 0.26 0.00 0.00 95.37
248 0.78 0.00 3.10 0.78 0.00 0.00 0.00 0.00 0.00 95.35
249 1.29 0.00 3.08 0.26 0.00 0.00 0.00 0.00 0.00 95.37
250 0.76 0.00 4.30 5.57 0.00 0.00 0.25 0.00 0.00 89.11
251 1.02 0.00 3.57 0.00 0.00 0.00 0.00 0.00 0.00 95.41
252 2.05 0.00 4.60 4.35 0.00 0.00 0.00 0.00 0.00 89.00
253 0.51 0.00 3.60 0.00 0.00 0.00 0.00 0.00 0.00 95.89
254 2.04 0.00 3.06 2.04 0.00 0.00 0.00 0.00 0.00 92.86
255 1.78 0.00 3.56 0.00 0.00 0.00 0.00 0.00 0.00 94.66
256 1.52 0.00 4.04 2.53 0.00 0.00 0.25 0.00 0.00 91.67
257 1.78 0.00 3.55 1.52 0.00 0.00 0.00 0.00 0.00 93.15
258 1.01 0.00 5.03 0.75 0.00 0.25 0.00 0.00 0.00 92.96
259 1.26 0.00 4.04 0.25 0.00 0.00 0.00 0.00 0.00 94.44
260 1.27 0.00 3.55 1.02 0.00 0.00 0.00 0.00 0.00 94.16
261 1.52 0.00 3.54 0.25 0.00 0.00 0.00 0.00 0.00 94.68
262 1.02 0.00 3.84 1.28 0.00 0.00 0.00 0.00 0.00 93.86
263 1.53 0.00 2.81 0.00 0.00 0.00 0.00 0.00 0.00 95.66
264 2.27 0.00 3.03 1.01 0.00 0.00 0.00 0.00 0.00 93.69
265 23.92 0.00 5.60 15.01 0.00 0.00 0.25 0.00 0.00 55.22
266 24.68 0.00 4.33 0.25 0.00 0.00 0.00 0.00 0.00 70.74
267 25.45 0.00 3.31 0.25 0.00 0.00 0.00 0.00 0.00 70.99
268 24.81 0.00 4.05 0.25 0.00 0.00 0.00 0.00 0.00 70.89
269 27.34 0.00 4.56 8.61 0.00 0.00 0.00 0.00 0.00 59.49
270 17.02 0.00 5.85 40.16 0.00 0.27 0.53 0.00 0.00 36.17
271 30.97 0.00 6.56 45.67 0.00 0.00 0.26 0.00 0.00 16.54
272 18.29 0.00 7.71 32.86 0.00 0.00 0.00 0.00 0.00 41.14
273 24.94 0.00 4.07 0.00 0.00 0.00 0.00 0.00 0.00 70.99
274 25.19 0.00 4.11 4.88 0.00 0.00 0.00 0.00 0.00 65.81
275 24.49 0.00 5.56 0.25 0.00 0.00 0.00 0.00 0.00 69.70
276 49.08 0.00 11.29 6.30 0.00 0.00 0.00 0.00 0.00 33.33
277 24.22 0.00 3.91 1.04 0.00 0.00 0.52 0.00 0.00 70.31
278 24.68 0.00 4.63 1.54 0.00 0.00 0.26 0.00 0.00 68.89
279 32.17 0.00 5.51 2.03 0.00 0.00 0.29 0.00 0.00 60.00
280 24.74 0.00 4.64 0.52 0.00 0.00 0.00 0.00 0.00 70.10
281 25.51 0.00 4.59 2.04 0.00 0.00 0.00 0.00 0.00 67.86
282 37.34 0.00 5.12 1.79 0.00 0.00 0.00 0.00 0.00 55.75
283 25.25 0.00 4.55 0.25 0.00 0.00 0.00 0.00 0.00 69.95
284 31.38 0.00 4.85 1.28 0.00 0.00 0.00 0.00 0.00 62.50
285 33.59 0.00 6.15 3.33 0.00 0.00 0.26 0.00 0.00 56.67
286 25.58 0.00 3.58 0.51 0.00 0.00 0.00 0.00 0.00 70.33
287 24.30 0.00 4.09 0.26 0.00 0.00 0.00 0.00 0.00 71.36
288 36.18 0.00 9.30 19.90 0.00 0.52 0.26 0.00 0.00 33.85
289 23.16 0.00 5.00 21.05 0.00 0.26 0.00 0.00 0.00 50.53
290 25.38 0.00 3.59 1.03 0.00 0.00 0.00 0.00 0.00 70.00
291 26.15 0.00 3.59 3.59 0.00 0.00 0.26 0.00 0.00 66.41
292 41.45 0.00 9.33 15.54 0.00 0.00 0.00 0.00 0.00 33.68
293 15.90 0.00 4.36 33.33 0.00 0.00 0.00 0.00 0.00 46.41
294 20.25 0.00 5.32 8.10 0.00 0.00 0.00 0.00 0.00 66.33
295 25.63 0.00 3.30 1.02 0.00 0.00 0.00 0.00 0.00 70.05
296 31.44 0.00 8.25 10.31 0.00 0.26 0.00 0.00 0.00 49.74
297 35.68 0.00 5.21 3.65 0.00 0.00 0.00 0.00 0.00 55.47
298 25.32 0.00 3.29 0.51 0.00 0.00 0.25 0.00 0.00 70.63
299 30.26 0.00 5.38 1.54 0.00 0.00 0.00 0.00 0.00 62.82
300 37.89 0.00 6.19 2.32 0.00 0.52 0.00 0.00 0.00 53.09
301 25.13 0.00 4.87 0.26 0.00 0.00 0.00 0.00 0.00 69.74
302 25.38 0.00 4.06 0.25 0.00 0.00 0.25 0.00 0.00 70.05
303 46.68 0.00 6.38 2.81 0.00 0.00 0.00 0.00 0.00 44.13
304 27.41 0.00 4.06 0.51 0.00 0.00 0.00 0.00 0.00 68.02
305 25.26 0.00 3.57 0.26 0.00 0.00 0.00 0.00 0.00 70.92
306 25.19 0.00 3.82 3.31 0.00 0.00 0.00 0.00 0.00 67.68
307 35.25 0.00 5.48 1.57 0.00 0.00 0.26 0.00 0.00 57.44
308 35.11 0.00 6.11 2.80 0.00 0.25 0.00 0.00 0.00 55.73
309 25.38 0.00 3.55 0.00 0.00 0.00 0.00 0.00 0.00 71.07
310 33.16 0.00 4.66 1.30 0.00 0.26 0.00 0.00 0.00 60.62
311 33.68 0.00 5.26 2.11 0.00 0.00 0.00 0.00 0.00 58.95
312 25.13 0.00 4.15 8.55 0.00 0.00 0.00 0.00 0.00 62.18
313 25.00 0.00 5.87 3.83 0.00 0.00 0.00 0.00 0.00 65.31
314 23.26 0.00 3.62 1.81 0.00 0.00 0.00 0.00 0.00 71.32
315 62.30 0.00 5.24 6.54 0.00 0.00 0.26 0.00 0.00 25.65
316 25.00 0.00 4.08 0.26 0.00 0.00 0.00 0.00 0.00 70.66
317 24.43 0.00 3.82 0.51 0.00 0.00 0.00 0.00 0.00 71.25
318 31.89 0.00 3.83 4.08 0.00 0.00 0.00 0.00 0.00 60.20
319 67.36 0.00 5.44 12.69 0.00 0.00 0.26 0.00 0.00 14.25
320 24.42 0.00 4.11 1.29 0.00 0.00 0.00 0.00 0.00 70.18
321 24.55 0.00 5.12 4.60 0.00 0.00 0.00 0.00 0.00 65.73
322 24.68 0.00 3.86 0.51 0.00 0.00 0.00 0.00 0.00 70.95
323 51.68 0.00 5.43 4.91 0.00 0.00 0.00 0.00 0.00 37.98
324 32.82 0.00 4.07 9.41 0.00 0.00 0.00 0.00 0.00 53.69
325 24.94 0.00 4.07 0.00 0.00 0.00 0.00 0.00 0.00 70.99
326 44.36 0.00 6.15 0.51 0.00 0.00 0.00 0.00 0.00 48.97
327 24.22 0.00 4.69 11.72 0.00 0.26 0.00 0.00 0.00 59.11
328 24.81 0.00 3.58 0.77 0.00 0.00 0.00 0.00 0.00 70.84
329 24.49 0.00 3.83 0.00 0.00 0.00 0.26 0.00 0.00 71.43
330 27.18 0.00 3.85 0.51 0.00 0.00 0.26 0.00 0.00 68.21
331 58.05 0.00 7.12 4.75 0.00 0.53 0.26 0.00 0.00 29.29
332 24.09 0.00 4.15 2.07 0.00 0.00 0.26 0.00 0.00 69.43
333 24.30 0.00 5.37 2.30 0.00 0.00 0.00 0.00 0.00 68.03
334 25.51 0.00 4.55 0.00 0.00 0.00 0.00 0.00 0.00 69.95
335 47.01 0.00 5.19 21.56 0.00 0.26 0.26 0.00 0.00 25.71
336 29.82 0.00 5.14 21.59 0.00 0.00 0.00 0.00 0.00 43.44
337 25.32 0.00 3.62 6.72 0.00 0.00 0.00 0.00 0.00 64.34
338 40.71 0.00 4.33 16.28 0.00 0.00 0.25 0.00 0.00 38.42
339 32.29 0.00 4.95 46.35 0.00 0.00 0.00 0.00 0.00 16.41
340 25.06 0.00 3.84 26.34 0.00 0.00 0.00 0.00 0.00 44.76
341 25.33 0.00 4.22 19.53 0.00 0.00 0.00 0.00 0.00 50.92
342 51.17 0.00 9.14 11.49 0.00 0.00 0.00 0.00 0.00 28.20
343 25.00 0.00 4.69 14.84 0.00 0.26 0.26 0.00 0.00 54.95
344 25.89 0.00 3.55 1.78 0.00 0.25 0.00 0.00 0.00 68.53
345 25.45 0.00 4.37 1.54 0.00 0.00 0.00 0.00 0.00 68.64
346 49.23 0.00 6.96 2.06 0.00 0.52 0.00 0.00 0.00 41.24
347 26.53 0.00 4.85 0.26 0.00 0.00 0.00 0.00 0.00 68.37
348 25.00 0.00 3.83 0.00 0.00 0.00 0.00 0.00 0.00 71.17
349 40.72 0.00 6.96 6.70 0.00 0.00 0.26 0.00 0.00 45.36
350 29.59 0.00 4.34 4.59 0.00 0.00 0.00 0.00 0.00 61.48
351 24.69 0.00 5.04 0.00 0.00 0.25 0.00 0.00 0.00 70.03
352 37.96 0.00 5.50 4.19 0.00 0.00 0.00 0.00 0.00 52.36
353 47.18 0.00 5.90 1.28 0.00 0.00 0.00 0.00 0.00 45.64
354 23.59 0.00 4.87 0.00 0.00 0.00 0.00 0.00 0.00 71.54
355 23.39 0.00 5.14 0.51 0.00 0.00 0.00 0.00 0.00 70.95
356 28.98 0.00 4.18 17.75 0.00 0.00 0.00 0.00 0.00 49.09
357 3.58 0.00 4.09 20.72 0.00 0.00 0.26 0.00 0.00 71.36
358 1.82 0.00 3.90 22.34 0.00 0.00 0.00 0.00 0.00 71.95
359 3.06 0.00 4.08 23.21 0.00 0.26 0.00 0.00 0.00 69.39
360 16.36 0.00 2.86 8.31 0.00 0.00 0.26 0.00 0.00 72.21
361 15.27 0.00 3.31 0.00 0.00 0.00 0.00 0.00 0.00 81.42
362 2.27 0.00 4.53 4.79 0.00 0.50 0.00 0.00 0.00 87.91
363 0.51 0.00 3.08 9.51 0.00 0.00 0.00 0.00 0.00 86.89
364 1.02 0.00 3.57 0.00 0.00 0.00 0.00 0.00 0.00 95.41
365 1.78 0.00 3.31 1.78 0.00 0.00 0.25 0.00 0.00 92.88
366 1.03 0.00 3.87 2.84 0.00 0.52 0.00 0.00 0.00 91.75
367 1.02 0.00 4.08 5.61 0.00 0.00 0.00 0.00 0.00 89.29
368 1.28 0.00 2.82 2.82 0.00 0.00 0.26 0.00 0.00 92.82
369 1.03 0.00 3.33 0.00 0.00 0.00 0.00 0.00 0.00 95.64
370 1.01 0.00 4.27 0.25 0.00 0.00 0.00 0.00 0.00 94.47
371 1.27 0.00 3.56 0.76 0.00 0.00 0.00 0.00 0.00 94.40
372 1.53 0.00 3.83 0.26 0.00 0.00 0.00 0.00 0.00 94.39
373 1.80 0.00 5.40 16.20 0.00 0.26 0.26 0.00 0.00 76.09
374 1.54 0.00 3.08 1.79 0.00 0.00 0.00 0.00 0.00 93.59
375 1.53 0.00 5.10 4.08 0.00 0.00 0.00 0.00 0.00 89.29
376 1.01 0.00 4.56 0.00 0.00 0.00 0.00 0.00 0.00 94.43
377 1.53 0.00 3.83 0.51 0.00 0.00 0.00 0.00 0.00 94.13
378 1.79 0.00 3.58 2.81 0.00 0.26 0.00 0.00 0.00 91.56
379 1.26 0.00 4.80 0.25 0.00 0.00 0.00 0.00 0.00 93.69
380 1.27 0.00 4.07 0.25 0.00 0.00 0.00 0.00 0.00 94.40
381 1.26 0.00 4.28 1.26 0.00 0.00 0.25 0.00 0.00 92.95
382 1.52 0.00 4.55 15.66 0.00 0.00 0.00 0.00 0.00 78.28
383 1.53 0.00 3.31 10.94 0.00 0.00 0.00 0.00 0.00 84.22
384 2.02 0.00 2.78 1.77 0.00 0.25 0.25 0.00 0.00 92.93
385 1.52 0.00 3.54 8.86 0.00 0.00 0.00 0.00 0.00 86.08
386 1.27 0.00 4.57 18.27 0.00 0.25 0.00 0.00 0.00 75.63
387 1.52 0.00 4.05 4.30 0.00 0.00 0.00 0.00 0.00 90.13
388 1.01 0.00 3.80 2.03 0.00 0.00 0.00 0.00 0.00 93.16
389 1.76 0.00 3.77 0.75 0.00 0.25 0.00 0.00 0.00 93.47
390 1.78 0.00 4.06 1.78 0.00 0.00 0.00 0.00 0.00 92.39
391 1.26 0.00 4.53 1.76 0.00 0.00 0.00 0.00 0.00 92.44
392 2.80 0.00 7.63 7.12 0.00 0.00 0.00 0.00 0.00 82.44
393 1.52 0.00 3.54 1.52 0.00 0.25 0.00 0.00 0.00 93.16
394 1.52 0.00 3.54 0.00 0.00 0.00 0.00 0.00 0.00 94.94
395 2.01 0.00 4.27 0.75 0.00 0.00 0.25 0.00 0.00 92.71
396 0.76 0.00 4.33 0.00 0.00 0.00 0.00 0.00 0.00 94.91
397 1.52 0.00 5.32 4.56 0.00 0.00 0.00 0.00 0.00 88.61
398 19.59 0.00 4.83 3.56 0.00 0.00 0.25 0.00 0.00 71.76
399 24.37 0.00 4.57 0.00 0.00 0.25 0.00 0.00 0.00 70.81
400 16.57 0.00 10.39 0.28 0.00 0.00 0.00 0.00 0.00 72.75
401 13.95 0.00 4.36 0.00 0.00 0.00 0.00 0.00 0.00 81.69
402 37.66 0.00 5.09 0.76 0.00 0.00 0.00 0.00 0.00 56.49
403 31.36 0.00 4.63 5.91 0.00 0.26 0.00 0.00 0.00 57.84
404 1.52 0.00 3.55 0.00 0.00 0.00 0.51 0.00 0.00 94.42
405 2.06 0.00 2.58 0.52 0.00 0.00 0.00 0.00 0.00 94.85
406 1.27 0.00 4.07 0.00 0.00 0.00 0.25 0.00 0.00 94.40
407 1.78 0.00 3.56 0.25 0.00 0.00 0.00 0.00 0.00 94.40
408 21.82 0.00 5.71 28.57 0.00 0.00 0.26 0.00 0.00 43.64
409 34.90 0.00 8.33 18.75 0.00 0.00 0.00 0.00 0.00 38.02
410 3.08 0.00 4.11 68.89 0.00 0.00 0.00 0.00 0.00 23.91
411 34.12 0.00 5.77 30.45 0.00 0.00 0.26 0.00 0.00 29.40
412 31.17 0.00 7.79 55.58 0.00 0.26 0.00 0.00 0.00 5.19
413 10.08 0.00 3.62 67.44 0.00 0.00 0.00 0.00 0.00 18.86
414 1.29 0.00 3.61 64.69 0.00 0.00 0.26 0.00 0.00 30.15
415 2.60 0.00 2.86 71.88 0.00 0.00 0.00 0.00 0.00 22.66
416 1.04 0.00 3.38 81.30 0.00 0.00 0.00 0.00 0.00 14.29
417 2.08 0.00 4.16 68.83 0.00 0.00 0.52 0.00 0.00 24.42
418 4.86 0.00 3.24 60.54 0.00 0.00 0.00 0.00 0.00 31.35
419 29.29 0.00 8.97 28.76 0.00 0.26 0.26 0.00 0.00 32.45
420 37.20 0.00 5.01 25.33 0.00 0.00 0.26 0.00 0.00 32.19
421 32.70 0.00 6.27 24.52 0.00 0.00 0.00 0.00 0.00 36.51
422 45.36 0.00 6.19 4.64 0.00 0.00 0.00 0.00 0.00 43.81
423 19.68 0.00 3.99 5.32 0.00 0.00 0.00 0.00 0.00 71.01
424 26.26 0.00 3.54 0.76 0.00 0.25 0.00 0.00 0.00 69.19
425 24.94 0.00 4.79 3.27 0.00 0.00 0.25 0.00 0.00 66.75
426 15.48 0.00 9.14 4.06 0.00 0.00 0.00 0.00 0.00 71.32
427 44.24 0.00 3.66 5.24 0.00 0.26 0.00 0.00 0.00 46.60
428 24.54 0.00 3.13 0.52 0.00 0.00 0.26 0.00 0.00 71.54
429 25.26 0.00 3.57 0.51 0.00 0.00 0.00 0.00 0.00 70.66
430 76.12 0.00 6.30 2.62 0.00 0.00 0.00 0.00 0.00 14.96
431 25.13 0.00 4.31 0.25 0.00 0.00 0.25 0.00 0.00 70.05
432 25.06 0.00 4.35 0.51 0.00 0.00 0.26 0.00 0.00 69.82
433 32.73 0.00 4.64 20.10 0.00 0.00 0.00 0.00 0.00 42.53
434 51.92 0.00 5.63 8.70 0.00 0.00 0.00 0.00 0.00 33.76
435 25.45 0.00 5.14 30.08 0.00 0.00 0.00 0.00 0.00 39.33
436 25.51 0.00 6.12 20.92 0.00 0.00 0.00 0.00 0.00 47.45
437 24.75 0.00 4.55 0.76 0.00 0.00 0.00 0.00 0.00 69.95
438 63.99 0.00 5.18 7.77 0.00 0.00 0.00 0.00 0.00 23.06
439 25.13 0.00 5.64 5.38 0.00 0.26 0.00 0.00 0.00 63.59
440 26.14 0.00 3.30 0.25 0.00 0.00 0.00 0.00 0.00 70.30
441 34.11 0.00 4.95 7.55 0.00 0.00 0.00 0.00 0.00 53.39
442 44.25 0.00 5.63 18.41 0.00 0.00 0.26 0.00 0.00 31.46
443 26.22 0.00 2.31 0.00 0.00 0.26 0.00 0.00 0.00 71.21
444 25.13 0.00 3.08 3.08 0.00 0.00 0.00 0.00 0.00 68.72
445 56.96 0.00 5.93 0.77 0.00 0.00 0.26 0.00 0.00 36.08
446 25.83 0.00 3.58 1.79 0.00 0.00 0.00 0.00 0.00 68.80
447 25.77 0.00 3.32 0.00 0.00 0.00 0.00 0.00 0.00 70.92
448 41.34 0.00 4.91 0.78 0.00 0.26 0.00 0.00 0.00 52.71
449 24.36 0.00 4.87 1.03 0.00 0.00 0.00 0.00 0.00 69.74
450 25.32 0.00 4.05 0.51 0.00 0.00 0.00 0.00 0.00 70.13
451 24.61 0.00 3.89 0.00 0.00 0.00 0.26 0.00 0.00 71.24
452 35.64 0.00 6.67 3.85 0.00 0.26 0.00 0.00 0.00 53.59
453 25.76 0.00 4.55 0.25 0.00 0.00 0.51 0.00 0.00 68.94
454 25.69 0.00 4.53 0.50 0.00 0.00 0.00 0.00 0.00 69.27
455 24.37 0.00 4.31 0.51 0.00 0.00 0.00 0.00 0.00 70.81
456 24.62 0.00 4.57 0.76 0.00 0.00 0.00 0.00 0.00 70.05
457 34.88 0.00 6.20 7.49 0.00 0.26 0.00 0.00 0.00 51.16
458 24.81 0.00 4.13 7.24 0.00 0.00 0.26 0.00 0.00 63.57
459 12.61 0.00 3.30 0.00 0.00 0.00 0.00 0.00 0.00 84.08
460 35.58 0.00 6.75 7.01 0.00 0.00 0.00 0.00 0.00 50.65
461 25.71 0.00 3.34 0.00 0.00 0.00 0.00 0.00 0.00 70.95
462 25.52 0.00 2.84 0.52 0.00 0.00 0.00 0.00 0.00 71.13
463 25.26 0.00 3.57 0.00 0.00 0.00 0.00 0.00 0.00 71.17
464 40.78 0.00 3.90 0.78 0.00 0.26 0.26 0.00 0.00 54.03
465 27.55 0.00 3.83 0.00 0.00 0.00 0.00 0.00 0.00 68.62
466 25.06 0.00 3.58 1.28 0.00 0.00 0.00 0.00 0.00 70.08
467 28.64 0.00 3.58 0.00 0.00 0.00 0.00 0.00 0.00 67.77
468 24.48 0.00 4.12 2.32 0.00 0.00 0.00 0.00 0.00 69.07
469 24.81 0.00 4.60 0.51 0.00 0.00 0.00 0.00 0.00 70.08
470 24.68 0.00 4.07 0.76 0.00 0.00 0.00 0.00 0.00 70.48
471 25.96 0.00 2.31 0.00 0.00 0.00 0.00 0.00 0.00 71.72
472 9.38 0.00 3.65 0.52 0.00 0.00 0.00 0.00 0.00 86.46
473 1.29 0.00 3.08 0.00 0.00 0.00 0.00 0.00 0.00 95.63
474 1.52 0.00 3.55 0.51 0.00 0.00 0.00 0.00 0.00 94.42
475 0.76 0.00 3.56 0.25 0.00 0.00 0.25 0.00 0.00 95.17
476 1.28 0.00 3.57 5.36 0.00 0.00 0.00 0.00 0.00 89.80
477 1.28 0.00 3.32 0.00 0.00 0.00 0.00 0.00 0.00 95.40
478 1.53 0.00 3.56 3.31 0.00 0.00 0.00 0.00 0.00 91.60
479 1.52 0.00 4.29 0.00 0.00 0.00 0.00 0.00 0.00 94.19
480 0.51 0.00 3.60 1.54 0.00 0.00 0.00 0.00 0.00 94.34
481 1.53 0.00 3.32 0.00 0.00 0.00 0.26 0.00 0.00 94.90
482 1.75 0.00 4.24 1.50 0.00 0.25 0.00 0.00 0.00 92.27
483 1.27 0.00 3.82 6.62 0.00 0.00 0.00 0.00 0.00 88.30
484 1.02 0.00 3.31 1.02 0.00 0.00 0.00 0.00 0.00 94.66
485 1.03 0.00 3.60 1.03 0.00 0.00 0.00 0.00 0.00 94.34
486 1.53 0.00 2.81 6.63 0.00 0.00 0.00 0.00 0.00 89.03
487 1.81 0.00 3.11 11.66 0.00 0.00 0.52 0.00 0.00 82.90
488 1.54 0.00 3.34 2.31 0.00 0.26 0.26 0.00 0.00 92.29
489 1.52 0.00 4.30 0.51 0.00 0.00 0.00 0.00 0.00 93.67
490 1.79 0.00 3.57 3.83 0.00 0.00 0.00 0.00 0.00 90.82
491 29.74 0.00 4.62 6.67 0.00 0.00 0.00 0.00 0.00 58.97
492 19.57 0.00 4.08 4.08 0.00 0.00 0.00 0.00 0.00 72.28
493 24.11 0.00 4.06 20.56 0.00 0.00 0.25 0.00 0.00 51.02
494 25.38 0.00 3.59 25.13 0.00 0.00 0.26 0.00 0.00 45.64
495 50.77 0.00 5.41 2.06 0.00 0.00 0.00 0.00 0.00 41.75
496 1.53 0.00 3.07 1.28 0.00 0.00 0.00 0.00 0.00 94.12
497 1.02 0.00 3.06 0.00 0.00 0.00 0.00 0.00 0.00 95.92
498 1.78 0.00 3.05 0.76 0.00 0.51 0.00 0.00 0.00 93.91
499 1.01 0.00 3.80 0.00 0.00 0.00 0.00 0.00 0.00 95.19
500 49.47 0.00 12.50 9.04 0.00 0.53 0.00 0.00 0.00 28.46
501 71.32 0.00 11.63 8.53 0.00 0.26 0.00 0.00 0.00 8.27
502 72.44 0.00 11.08 7.67 0.00 0.00 0.28 0.00 0.00 8.52
503 34.15 0.00 6.28 9.84 0.00 0.00 0.00 0.00 0.00 49.73
504 39.03 0.00 4.85 14.29 0.00 0.00 0.00 0.00 0.00 41.84
505 23.47 0.00 5.10 1.02 0.00 0.00 0.00 0.00 0.00 70.41
506 23.79 0.00 5.63 1.28 0.00 0.00 0.00 0.00 0.00 69.31
507 34.54 0.00 6.44 4.38 0.00 0.00 0.00 0.00 0.00 54.64
508 24.94 0.00 4.33 4.07 0.00 0.00 0.25 0.00 0.00 66.41
509 24.68 0.00 5.34 0.00 0.00 0.00 0.00 0.00 0.00 69.97
510 28.68 0.00 8.68 23.16 0.00 0.26 0.26 0.00 0.00 38.95
511 25.13 0.00 3.66 8.38 0.00 0.00 0.00 0.00 0.00 62.83
512 26.03 0.00 3.09 2.58 0.00 0.00 0.00 0.00 0.00 68.30
513 31.54 0.00 6.15 10.51 0.00 0.00 0.00 0.00 0.00 51.79
514 28.46 0.00 4.62 19.74 0.00 0.00 0.26 0.00 0.00 46.92
515 24.68 0.00 3.60 0.51 0.00 0.00 0.00 0.00 0.00 71.21
516 32.65 0.00 4.85 18.11 0.00 0.00 0.00 0.00 0.00 44.39
517 25.58 0.00 3.07 3.58 0.00 0.00 0.00 0.00 0.00 67.77
518 30.23 0.00 4.39 28.94 0.00 0.00 0.26 0.00 0.00 36.18
519 23.82 0.00 6.81 36.13 0.00 0.00 0.00 0.00 0.00 33.25
520 25.96 0.00 3.86 1.29 0.00 0.00 0.00 0.00 0.00 68.89
521 25.95 0.00 4.33 0.51 0.00 0.00 0.25 0.00 0.00 68.96
522 29.27 0.00 4.40 8.55 0.00 0.26 0.00 0.00 0.00 57.51
523 25.64 0.00 3.59 0.51 0.00 0.00 0.00 0.00 0.00 70.26
524 26.75 0.00 7.53 2.08 0.00 0.26 0.26 0.00 0.00 63.12
525 27.39 0.00 8.27 9.30 0.00 0.00 0.00 0.00 0.00 55.04
526 24.68 0.00 4.63 1.54 0.00 0.00 0.26 0.00 0.00 68.89
527 24.81 0.00 4.56 0.25 0.00 0.25 0.00 0.00 0.00 70.13
528 33.33 0.00 4.36 5.13 0.00 0.26 0.00 0.00 0.00 56.92
529 25.38 0.00 3.30 0.76 0.00 0.00 0.25 0.00 0.00 70.30
530 25.00 0.00 5.10 0.77 0.00 0.26 0.00 0.00 0.00 68.88
531 25.89 0.00 5.08 1.52 0.00 0.00 0.00 0.00 0.00 67.51
532 29.05 0.00 4.63 3.60 0.00 0.00 0.00 0.00 0.00 62.72
533 24.37 0.00 4.57 0.00 0.00 0.00 0.00 0.00 0.00 71.07
534 42.56 0.00 5.64 20.00 0.00 0.00 0.00 0.00 0.00 31.79
535 39.09 0.00 5.08 13.45 0.00 0.00 0.00 0.00 0.00 42.39
536 24.36 0.00 4.10 1.79 0.00 0.00 0.00 0.00 0.00 69.74
537 50.13 0.00 5.06 0.00 0.00 0.25 0.00 0.00 0.00 44.56
538 25.45 0.00 4.07 1.02 0.00 0.00 0.00 0.00 0.00 69.47
539 24.09 0.00 3.11 0.26 0.00 0.00 0.00 0.00 0.00 72.54
540 51.79 0.00 4.62 0.26 0.00 0.00 0.00 0.00 0.00 43.33
541 24.68 0.00 3.86 2.57 0.00 0.00 0.00 0.00 0.00 68.89
542 24.42 0.00 3.86 4.11 0.00 0.00 0.00 0.00 0.00 67.61
543 37.50 0.00 4.34 2.55 0.00 0.00 0.00 0.00 0.00 55.61
544 42.42 0.00 6.68 16.71 0.00 0.26 0.26 0.00 0.00 33.68
545 13.53 0.00 5.59 21.76 0.00 0.00 0.29 0.00 0.00 58.82
546 24.68 0.00 4.11 13.62 0.00 0.00 0.00 0.00 0.00 57.58
547 38.64 0.00 4.18 20.63 0.00 0.00 0.00 0.00 0.00 36.55
548 24.55 0.00 4.13 21.45 0.00 0.00 0.26 0.00 0.00 49.61
549 26.89 0.00 6.27 31.33 0.00 0.26 0.26 0.00 0.00 34.99
550 25.46 0.00 4.99 17.32 0.00 0.00 0.00 0.00 0.00 52.23
551 24.81 0.00 5.94 18.35 0.00 0.00 0.00 0.00 0.00 50.90
552 35.68 0.00 4.69 18.23 0.00 0.00 0.52 0.00 0.00 40.89
553 24.61 0.00 5.76 43.72 0.00 0.52 0.00 0.00 0.00 25.39
554 24.29 0.00 6.72 46.51 0.00 0.26 0.00 0.00 0.00 22.22
555 24.94 0.00 6.68 45.76 0.00 0.77 0.26 0.00 0.00 21.59
556 28.24 0.00 7.77 36.53 0.00 0.00 0.00 0.00 0.00 27.46
557 24.68 0.00 9.51 6.94 0.00 0.77 0.00 0.00 0.00 58.10
558 25.00 0.00 5.36 0.51 0.00 0.00 0.00 0.00 0.00 69.13
559 28.75 0.00 4.33 2.04 0.00 0.00 0.25 0.00 0.00 64.63
560 25.25 0.00 4.80 0.00 0.00 0.00 0.00 0.00 0.00 69.95
561 24.68 0.00 4.33 0.76 0.00 0.00 0.00 0.00 0.00 70.23
562 28.87 0.00 4.64 4.12 0.00 0.00 0.26 0.00 0.00 62.11
563 24.62 0.00 4.82 1.52 0.00 0.25 0.00 0.00 0.00 68.78
564 26.67 0.00 6.15 5.38 0.00 0.51 0.00 0.00 0.00 61.28
565 25.45 0.00 3.34 0.51 0.00 0.00 0.00 0.00 0.00 70.69
566 24.87 0.00 4.10 0.77 0.00 0.00 0.00 0.00 0.00 70.26
567 24.30 0.00 4.81 0.25 0.00 0.00 0.00 0.00 0.00 70.63
568 24.55 0.00 4.65 1.81 0.00 0.00 0.26 0.00 0.00 68.73
569 23.29 0.00 4.56 2.53 0.00 0.00 0.00 0.00 0.00 69.62
570 21.28 0.00 5.64 9.74 0.00 0.00 0.00 0.00 0.00 63.33
571 13.40 0.00 13.66 46.39 0.00 0.26 0.00 0.00 0.00 26.29
572 2.90 0.00 16.09 75.46 0.00 0.26 0.26 0.00 0.00 5.01
573 23.90 0.00 12.47 31.69 0.00 0.00 0.00 0.00 0.00 31.95
574 5.77 0.00 4.46 41.99 0.00 0.00 0.52 0.00 0.00 47.24
575 1.54 0.00 5.14 51.41 0.00 0.00 0.26 0.00 0.00 41.65
576 1.53 0.00 4.33 27.48 0.00 0.00 0.00 0.00 0.00 66.67
577 1.52 0.00 5.05 13.38 0.00 0.00 0.00 0.00 0.00 80.05
578 1.02 0.00 4.09 11.51 0.00 0.00 0.26 0.00 0.00 83.12
579 1.02 0.00 3.81 4.31 0.00 0.00 0.00 0.00 0.00 90.86
580 1.52 0.00 3.79 3.54 0.00 0.00 0.00 0.00 0.00 91.16
581 1.52 0.00 4.04 2.27 0.00 0.00 0.00 0.00 0.00 92.17
582 2.30 0.00 3.57 8.93 0.00 0.00 0.00 0.00 0.00 85.20
583 7.97 0.00 3.08 17.22 0.00 0.00 0.00 0.00 0.00 71.72
584 0.77 0.00 3.34 31.36 0.00 0.26 0.00 0.00 0.00 64.27
585 1.28 0.00 4.34 25.77 0.00 0.00 0.26 0.00 0.00 68.37
586 1.29 0.00 3.08 25.45 0.00 0.00 0.00 0.00 0.00 70.18
587 0.78 0.00 3.37 26.17 0.00 0.00 0.00 0.00 0.00 69.69
588 1.54 0.00 3.08 27.18 0.00 0.00 0.00 0.00 0.00 68.21
589 1.29 0.00 3.10 30.49 0.00 0.00 0.00 0.00 0.00 65.12
590 2.05 0.00 2.82 33.85 0.00 0.00 0.26 0.00 0.00 61.03
591 3.91 0.00 2.60 21.35 0.00 0.00 0.00 0.00 0.00 72.14
592 1.03 0.00 3.09 23.71 0.00 0.00 0.00 0.00 0.00 72.16
593 1.03 0.00 3.10 28.94 0.00 0.26 0.00 0.00 0.00 66.67
594 1.55 0.00 2.84 26.61 0.00 0.00 0.00 0.00 0.00 68.99
595 1.03 0.00 3.60 23.39 0.00 0.00 0.00 0.00 0.00 71.98
596 0.78 0.00 2.84 40.31 0.00 0.00 0.00 0.00 0.00 56.07
597 1.53 0.00 3.06 29.59 0.00 0.00 0.00 0.00 0.00 65.82
598 1.28 0.00 3.58 44.25 0.00 0.00 0.00 0.00 0.00 50.90
599 1.03 0.00 3.59 32.05 0.00 0.00 0.00 0.00 0.00 63.33
600 1.55 0.00 3.63 25.13 0.00 0.00 0.00 0.00 0.00 69.69
601 4.75 0.00 13.98 20.84 0.00 0.00 0.26 0.00 0.00 60.16
602 19.48 0.00 3.64 6.23 0.00 0.00 0.00 0.00 0.00 70.65
603 1.04 0.00 3.66 25.59 0.00 0.00 0.00 0.00 0.00 69.71
604 15.03 0.00 3.11 11.92 0.00 0.00 0.00 0.00 0.00 69.95
605 25.06 0.00 3.58 0.51 0.00 0.00 0.00 0.00 0.00 70.84
606 18.60 0.00 3.62 29.72 0.00 0.26 0.00 0.00 0.00 47.80
607 14.40 0.00 3.93 41.36 0.00 0.00 0.52 0.00 0.00 39.79
608 25.77 0.00 3.61 23.71 0.00 0.00 0.52 0.00 0.00 46.39
609 25.32 0.00 3.62 6.46 0.00 0.26 0.00 0.00 0.00 64.34
610 24.81 0.00 4.30 1.27 0.00 0.00 0.00 0.00 0.00 69.62
611 25.00 0.00 4.59 3.06 0.00 0.00 0.00 0.00 0.00 67.35
612 25.32 0.00 4.81 0.76 0.00 0.00 0.00 0.00 0.00 69.11
613 25.19 0.00 5.29 12.34 0.00 0.00 0.00 0.00 0.00 57.18
614 10.16 0.00 14.17 37.70 0.00 0.00 0.27 0.00 0.00 37.70
615 18.80 0.00 5.74 17.23 0.00 0.00 0.00 0.00 0.00 58.22
616 25.51 0.00 4.34 0.51 0.00 0.00 0.00 0.00 0.00 69.64
617 24.81 0.00 3.07 1.79 0.00 0.00 0.00 0.00 0.00 70.33
618 25.06 0.00 4.05 0.76 0.00 0.00 0.00 0.00 0.00 70.13
619 24.43 0.00 3.82 0.51 0.00 0.00 0.00 0.00 0.00 71.25
620 29.80 0.00 4.55 0.76 0.00 0.00 0.00 0.00 0.00 64.90
621 24.37 0.00 4.52 1.26 0.00 0.00 0.25 0.00 0.00 69.60
622 23.41 0.00 5.09 0.00 0.00 0.00 0.00 0.00 0.00 71.50
623 24.49 0.00 5.05 5.30 0.00 0.00 0.25 0.00 0.00 64.90
624 25.06 0.00 5.12 3.84 0.00 0.00 0.00 0.00 0.00 65.98
625 25.25 0.00 5.05 2.27 0.00 0.00 0.00 0.00 0.00 67.42
626 26.21 0.00 7.63 3.82 0.00 0.00 0.00 0.00 0.00 62.34
627 12.21 0.00 4.58 12.47 0.00 0.00 0.25 0.00 0.00 70.48
628 24.37 0.00 5.33 0.00 0.00 0.00 0.00 0.00 0.00 70.30
629 24.87 0.00 4.36 3.59 0.00 0.00 0.26 0.00 0.00 66.92
630 25.13 0.00 4.31 0.51 0.00 0.00 0.00 0.00 0.00 70.05
631 23.86 0.00 4.31 2.79 0.00 0.00 0.00 0.00 0.00 69.04
632 24.81 0.00 4.09 0.00 0.00 0.00 0.00 0.00 0.00 71.10
633 25.45 0.00 4.07 0.25 0.00 0.00 0.00 0.00 0.00 70.23
634 25.38 0.00 4.06 0.00 0.00 0.00 0.00 0.00 0.00 70.56
635 25.19 0.00 4.28 1.01 0.00 0.00 0.00 0.00 0.00 69.52
636 24.87 0.00 5.08 0.00 0.00 0.25 0.00 0.00 0.00 69.80
637 24.62 0.00 4.82 0.76 0.00 0.00 0.25 0.00 0.00 69.54
638 24.48 0.00 4.64 1.03 0.00 0.00 0.00 0.00 0.00 69.85
639 25.06 0.00 5.37 7.67 0.00 0.00 0.26 0.00 0.00 61.64
640 24.68 0.00 4.58 0.00 0.00 0.00 0.25 0.00 0.00 70.48
641 25.19 0.00 4.07 2.04 0.00 0.00 0.00 0.00 0.00 68.70
642 23.75 0.00 5.01 24.01 0.00 0.00 0.00 0.00 0.00 47.23
643 25.38 0.00 4.62 22.31 0.00 0.00 0.00 0.00 0.00 47.69
644 24.55 0.00 4.65 20.67 0.00 0.00 0.00 0.00 0.00 50.13
645 24.48 0.00 3.87 1.55 0.00 0.26 0.00 0.00 0.00 69.85
646 24.55 0.00 3.84 0.00 0.00 0.00 0.00 0.00 0.00 71.61
647 25.52 0.00 2.60 2.86 0.00 0.00 0.00 0.00 0.00 69.01
648 24.94 0.00 2.83 0.51 0.00 0.00 0.00 0.00 0.00 71.72
649 24.94 0.00 2.86 2.60 0.00 0.26 0.00 0.00 0.00 69.35
650 20.65 0.00 3.80 0.82 0.00 0.00 0.27 0.00 0.00 74.46
651 25.25 0.00 4.29 0.00 0.00 0.00 0.00 0.00 0.00 70.45
652 25.26 0.00 2.84 0.00 0.00 0.00 0.00 0.00 0.00 71.91
653 25.45 0.00 2.31 0.00 0.00 0.00 0.00 0.00 0.00 72.24
654 25.38 0.00 3.59 0.00 0.00 0.00 0.00 0.00 0.00 71.03
655 27.39 0.00 2.84 0.26 0.00 0.00 0.00 0.00 0.00 69.51
656 26.12 0.00 2.90 30.34 0.00 0.00 0.26 0.00 0.00 40.37
657 25.90 0.00 3.33 9.49 0.00 0.00 0.00 0.00 0.00 61.28
658 27.13 0.00 3.10 0.00 0.00 0.00 0.00 0.00 0.00 69.77
659 25.52 0.00 2.32 0.77 0.00 0.00 0.26 0.00 0.00 71.13
660 25.06 0.00 2.84 0.26 0.00 0.00 0.00 0.00 0.00 71.83
661 25.71 0.00 3.34 0.51 0.00 0.00 0.00 0.00 0.00 70.44
662 26.60 0.00 3.58 0.00 0.00 0.00 0.00 0.00 0.00 69.82
663 24.87 0.00 6.41 1.03 0.00 0.00 0.00 0.00 0.00 67.69
664 22.40 0.00 3.20 0.00 0.00 0.00 0.00 0.00 0.00 74.40
665 25.32 0.00 3.58 0.51 0.00 0.26 0.00 0.00 0.00 70.33
666 25.45 0.00 3.56 0.25 0.00 0.00 0.00 0.00 0.00 70.74
667 25.52 0.00 3.61 0.26 0.00 0.00 0.00 0.00 0.00 70.62
668 24.48 0.00 2.86 1.30 0.00 0.00 0.52 0.00 0.00 70.83
669 25.13 0.00 3.89 3.11 0.00 0.00 0.00 0.00 0.00 67.88
670 25.52 0.00 3.09 0.52 0.00 0.00 0.00 0.00 0.00 70.88
671 25.58 0.00 3.58 0.77 0.00 0.00 0.00 0.00 0.00 70.08
672 26.44 0.00 7.33 15.97 0.00 0.00 0.00 0.00 0.00 50.26
673 25.89 0.00 3.81 1.02 0.00 0.00 0.00 0.00 0.00 69.29
674 31.49 0.00 4.79 2.77 0.00 0.00 0.50 0.00 0.00 60.45
675 23.87 0.00 6.03 2.51 0.00 0.00 0.25 0.00 0.00 67.34
676 24.56 0.00 5.32 0.25 0.00 0.00 0.00 0.00 0.00 69.87
677 26.58 0.00 4.81 1.27 0.00 0.00 0.00 0.00 0.00 67.34
678 24.94 0.00 4.53 0.76 0.00 0.00 0.00 0.00 0.00 69.77
679 24.94 0.00 5.04 4.79 0.00 0.00 0.00 0.00 0.00 65.24
680 23.79 0.00 5.12 0.51 0.00 0.00 0.00 0.00 0.00 70.59
681 24.17 0.00 4.58 0.25 0.00 0.00 0.00 0.00 0.00 70.99
682 31.20 0.00 4.60 2.30 0.00 0.00 0.00 0.00 0.00 61.89
683 24.23 0.00 4.34 1.02 0.00 0.00 0.00 0.00 0.00 70.41
684 25.69 0.00 4.03 1.26 0.00 0.00 0.25 0.00 0.00 68.77
685 32.07 0.00 4.29 3.03 0.00 0.00 0.00 0.00 0.00 60.61
686 24.18 0.00 5.29 6.55 0.00 0.00 0.25 0.00 0.00 63.73
687 32.82 0.00 4.33 0.76 0.00 0.00 0.00 0.00 0.00 62.09
688 24.42 0.00 3.38 8.31 0.00 0.00 0.00 0.00 0.00 63.90
689 29.92 0.00 3.84 4.60 0.00 0.00 0.00 0.00 0.00 61.64
690 24.09 0.00 3.89 5.96 0.00 0.00 0.00 0.00 0.00 66.06
691 25.25 0.00 3.79 1.77 0.00 0.00 0.00 0.00 0.00 69.19
692 25.70 0.00 3.82 3.05 0.00 0.00 0.00 0.00 0.00 67.43
693 25.06 0.00 4.09 5.63 0.00 0.00 0.00 0.00 0.00 65.22
694 32.90 0.00 4.11 3.34 0.00 0.00 0.26 0.00 0.00 59.38
695 25.82 0.00 3.54 0.25 0.00 0.00 0.00 0.00 0.00 70.38
696 25.65 0.00 4.40 0.78 0.00 0.00 0.00 0.00 0.00 69.17
697 31.62 0.00 3.99 1.99 0.00 0.00 0.28 0.00 0.00 62.11
698 21.66 0.00 3.74 0.53 0.00 0.00 0.00 0.00 0.00 74.06
699 17.44 0.00 4.10 0.51 0.00 0.00 0.00 0.00 0.00 77.95
700 0.77 0.00 3.57 0.77 0.00 0.00 0.00 0.00 0.00 94.90
701 1.52 0.00 3.30 0.51 0.00 0.00 0.25 0.00 0.00 94.42
702 1.52 0.00 3.80 0.25 0.00 0.00 0.00 0.00 0.00 94.43
703 1.01 0.00 3.80 0.00 0.00 0.00 0.00 0.00 0.00 95.19
704 1.27 0.00 3.31 0.76 0.00 0.00 0.00 0.00 0.00 94.66
705 0.51 0.00 4.35 1.28 0.00 0.00 0.00 0.00 0.00 93.86
706 1.53 0.00 3.84 0.51 0.00 0.00 0.00 0.00 0.00 94.12
707 0.76 0.00 3.81 0.00 0.00 0.25 0.25 0.00 0.00 94.92
708 1.29 0.00 3.60 1.03 0.00 0.00 0.00 0.00 0.00 94.09
709 1.78 0.00 3.05 0.25 0.00 0.00 0.00 0.00 0.00 94.91
710 1.03 0.00 4.38 4.38 0.00 0.00 0.26 0.00 0.00 89.95
711 1.80 0.00 3.09 0.52 0.00 0.00 0.00 0.00 0.00 94.59
712 1.27 0.00 3.56 0.76 0.00 0.00 0.00 0.00 0.00 94.40
713 0.51 0.00 3.59 0.00 0.00 0.00 0.00 0.00 0.00 95.90
714 2.28 0.00 4.31 0.25 0.00 0.00 0.00 0.00 0.00 93.15
715 1.76 0.00 3.77 1.26 0.00 0.25 0.25 0.00 0.00 92.71
716 1.52 0.00 4.55 0.51 0.00 0.00 0.00 0.00 0.00 93.43
717 2.01 0.00 3.77 0.00 0.00 0.25 0.00 0.00 0.00 93.97
718 1.26 0.00 4.29 1.01 0.00 0.00 0.00 0.00 0.00 93.43
719 1.52 0.00 3.54 0.00 0.00 0.25 0.00 0.00 0.00 94.68
720 1.27 0.00 4.56 0.76 0.00 0.00 0.00 0.00 0.00 93.42
721 1.27 0.00 3.05 0.00 0.00 0.00 0.25 0.00 0.00 95.43
722 1.27 0.00 3.81 0.51 0.00 0.00 0.00 0.00 0.00 94.42
723 1.77 0.00 3.28 0.25 0.00 0.00 0.00 0.00 0.00 94.70
724 2.02 0.00 3.53 0.25 0.00 0.00 0.00 0.00 0.00 94.21
725 1.76 0.00 3.53 0.25 0.00 0.25 0.00 0.00 0.00 94.21
726 1.02 0.00 3.57 0.77 0.00 0.26 0.00 0.00 0.00 94.39
727 1.27 0.00 4.07 0.00 0.00 0.00 0.00 0.00 0.00 94.66
728 1.51 0.00 4.77 1.01 0.00 0.00 0.00 0.00 0.00 92.71
729 1.02 0.00 3.84 0.51 0.00 0.00 0.00 0.00 0.00 94.63
730 1.53 0.00 3.06 0.26 0.00 0.00 0.00 0.00 0.00 95.15
731 1.27 0.00 3.55 0.00 0.00 0.00 0.00 0.00 0.00 95.18
732 2.05 0.00 4.35 2.05 0.00 0.00 0.26 0.00 0.00 91.30
733 1.27 0.00 3.05 14.25 0.00 0.00 0.00 0.00 0.00 81.42
734 2.02 0.00 3.78 1.26 0.00 0.00 0.00 0.00 0.00 92.95
735 2.27 0.00 3.28 1.77 0.00 0.00 0.00 0.00 0.00 92.68
736 1.01 0.00 4.29 1.01 0.00 0.25 0.00 0.00 0.00 93.43
737 1.76 0.00 4.53 0.00 0.00 0.00 0.00 0.00 0.00 93.70
738 1.51 0.00 4.03 2.27 0.00 0.25 0.00 0.00 0.00 91.94
739 1.27 0.00 4.06 0.00 0.00 0.00 0.00 0.00 0.00 94.67
740 0.77 0.00 3.34 3.08 0.00 0.00 0.00 0.00 0.00 92.80
741 1.78 0.00 3.30 16.50 0.00 0.00 0.25 0.00 0.00 78.17
742 1.27 0.00 3.81 32.49 0.00 0.00 0.00 0.00 0.00 62.44
743 1.26 0.00 4.79 25.19 0.00 0.25 0.00 0.00 0.00 68.51
744 1.77 0.00 3.54 11.90 0.00 0.00 0.00 0.00 0.00 82.78
745 1.52 0.00 4.05 1.77 0.00 0.25 0.00 0.00 0.00 92.41
746 2.30 0.00 2.56 0.51 0.00 0.00 0.00 0.00 0.00 94.63
747 2.01 0.00 4.02 0.00 0.00 0.25 0.00 0.00 0.00 93.72
748 1.26 0.00 3.54 0.76 0.00 0.00 0.00 0.00 0.00 94.44
749 1.53 0.00 2.81 1.28 0.00 0.00 0.26 0.00 0.00 94.12
750 1.28 0.00 2.81 1.79 0.00 0.00 0.00 0.00 0.00 94.12
751 1.03 0.00 2.57 0.00 0.00 0.00 0.00 0.00 0.00 96.40
752 0.77 0.00 3.58 0.51 0.00 0.00 0.00 0.00 0.00 95.14
753 0.76 0.00 4.06 0.25 0.00 0.00 0.25 0.00 0.00 94.67
754 1.27 0.00 3.30 0.76 0.00 0.25 0.00 0.00 0.00 94.42
755 1.77 0.00 3.54 0.51 0.00 0.25 0.00 0.00 0.00 93.92
756 1.53 0.00 7.40 1.02 0.00 0.00 0.26 0.00 0.00 89.80
757 1.54 0.00 3.59 3.08 0.00 0.00 0.26 0.00 0.00 91.54
758 2.27 0.00 3.54 2.53 0.00 0.00 0.25 0.00 0.00 91.41
759 1.03 0.00 3.08 0.77 0.00 0.00 0.00 0.00 0.00 95.13
760 1.53 0.00 3.31 3.05 0.00 0.00 0.00 0.00 0.00 92.11
761 1.27 0.00 3.31 3.82 0.00 0.00 0.00 0.00 0.00 91.60
762 1.52 0.00 3.80 3.80 0.00 0.00 0.00 0.00 0.00 90.89
763 1.27 0.00 3.56 0.00 0.00 0.00 0.00 0.00 0.00 95.17
764 1.01 0.00 4.55 1.77 0.00 0.00 0.00 0.00 0.00 92.68
765 1.02 0.00 3.81 3.55 0.00 0.00 0.25 0.00 0.00 91.37
766 1.28 0.00 3.58 0.51 0.00 0.00 0.00 0.00 0.00 94.63
767 1.29 0.00 2.57 0.26 0.00 0.00 0.00 0.00 0.00 95.89
768 2.04 0.00 2.55 0.51 0.00 0.26 0.00 0.00 0.00 94.64
769 1.02 0.00 3.32 0.26 0.00 0.00 0.00 0.00 0.00 95.41
770 1.02 0.00 3.82 0.76 0.00 0.00 0.00 0.00 0.00 94.40
771 1.28 0.00 3.57 0.00 0.00 0.00 0.00 0.00 0.00 95.15
772 1.27 0.00 3.82 0.51 0.00 0.00 0.00 0.00 0.00 94.40
773 1.27 0.00 3.31 0.51 0.00 0.00 0.00 0.00 0.00 94.91
774 1.26 0.00 4.02 1.01 0.00 0.25 0.25 0.00 0.00 93.22
775 1.27 0.00 4.06 0.25 0.00 0.00 0.00 0.00 0.00 94.42
776 1.28 0.00 3.57 0.51 0.00 0.00 0.00 0.00 0.00 94.64
777 2.50 0.00 4.50 0.50 0.00 0.25 0.00 0.00 0.00 92.25
778 1.50 0.00 4.76 0.00 0.00 0.00 0.00 0.00 0.00 93.73
779 2.27 0.00 3.28 0.25 0.00 0.00 0.00 0.00 0.00 94.19
780 1.02 0.00 4.57 3.30 0.00 0.25 0.00 0.00 0.00 90.86
781 1.52 0.00 4.29 0.76 0.00 0.00 0.00 0.00 0.00 93.43
782 2.25 0.00 3.75 0.25 0.00 0.25 0.25 0.00 0.00 93.25
783 1.78 0.00 3.81 0.51 0.00 0.00 0.00 0.00 0.00 93.91
784 1.76 0.00 4.27 0.25 0.00 0.00 0.00 0.00 0.00 93.72
785 1.26 0.00 4.04 0.76 0.00 0.00 0.00 0.00 0.00 93.94
786 1.52 0.00 4.05 0.00 0.00 0.00 0.00 0.00 0.00 94.43
787 1.53 0.00 4.07 0.51 0.00 0.00 0.00 0.00 0.00 93.89
788 1.27 0.00 4.06 0.51 0.00 0.00 0.00 0.00 0.00 94.16
789 1.27 0.00 4.30 1.01 0.00 0.00 0.00 0.00 0.00 93.42
790 1.02 0.00 3.82 0.25 0.00 0.00 0.25 0.00 0.00 94.66
791 1.52 0.00 4.04 0.51 0.00 0.00 0.00 0.00 0.00 93.94
792 2.02 0.00 3.54 1.26 0.00 0.00 0.00 0.00 0.00 93.18
793 1.02 0.00 5.10 2.55 0.00 0.00 0.00 0.00 0.00 91.33
794 1.28 0.00 3.07 0.51 0.00 0.00 0.00 0.00 0.00 95.14
795 1.29 0.00 3.08 1.54 0.00 0.00 0.00 0.00 0.00 94.09
796 1.78 0.00 3.30 0.51 0.00 0.00 0.00 0.00 0.00 94.42
797 1.02 0.00 3.32 1.02 0.00 0.26 0.00 0.00 0.00 94.37
798 1.03 0.00 3.08 1.03 0.00 0.00 0.00 0.00 0.00 94.86
799 1.27 0.00 3.81 0.51 0.00 0.00 0.00 0.00 0.00 94.42
800 1.29 0.00 3.34 0.00 0.00 0.00 0.00 0.00 0.00 95.37
801 1.02 0.00 3.06 1.02 0.00 0.00 0.00 0.00 0.00 94.90
802 0.51 0.00 4.08 0.77 0.00 0.26 0.00 0.00 0.00 94.39
803 1.26 0.00 4.52 0.50 0.00 0.00 0.00 0.00 0.00 93.72
804 0.76 0.00 4.31 0.76 0.00 0.00 0.00 0.00 0.00 94.16
805 1.54 0.00 3.08 1.54 0.00 0.00 0.00 0.00 0.00 93.85
806 1.01 0.00 4.05 0.51 0.00 0.00 0.25 0.00 0.00 94.18
807 1.27 0.00 3.82 4.58 0.00 0.00 0.00 0.00 0.00 90.33
808 1.03 0.00 2.82 2.31 0.00 0.00 0.00 0.00 0.00 93.85
809 1.27 0.00 4.30 4.30 0.00 0.00 0.00 0.00 0.00 90.13
810 1.54 0.00 3.08 1.29 0.00 0.00 0.00 0.00 0.00 94.09
811 1.27 0.00 3.80 6.08 0.00 0.00 0.00 0.00 0.00 88.86
812 1.53 0.00 3.05 4.07 0.00 0.00 0.00 0.00 0.00 91.35
813 0.76 0.00 3.82 4.58 0.00 0.00 0.00 0.00 0.00 90.84
814 1.78 0.00 3.30 3.30 0.00 0.00 0.00 0.00 0.00 91.62
815 0.77 0.00 4.08 5.36 0.00 0.00 0.00 0.00 0.00 89.80
816 0.76 0.00 4.29 0.76 0.00 0.00 0.00 0.00 0.00 94.19
817 1.03 0.00 3.35 3.87 0.00 0.00 0.26 0.00 0.00 91.49
818 1.03 0.00 2.84 0.00 0.00 0.00 0.00 0.00 0.00 96.13
819 1.27 0.00 4.05 4.56 0.00 0.00 0.25 0.00 0.00 89.87
820 1.26 0.00 4.55 0.76 0.00 0.00 0.00 0.00 0.00 93.43
821 1.26 0.00 4.04 0.76 0.00 0.00 0.00 0.00 0.00 93.94
822 2.02 0.00 4.53 0.50 0.00 0.00 0.00 0.00 0.00 92.95
823 2.01 0.00 4.26 1.25 0.00 0.00 0.25 0.00 0.00 92.23
824 1.53 0.00 3.32 2.04 0.00 0.00 0.00 0.00 0.00 93.11
825 2.03 0.00 3.05 0.76 0.00 0.00 0.25 0.00 0.00 93.91
826 2.78 0.00 2.78 3.28 0.00 0.25 0.00 0.00 0.00 90.91
827 1.27 0.00 3.56 2.04 0.00 0.00 0.00 0.00 0.00 93.13
828 1.28 0.00 2.81 1.28 0.00 0.00 0.00 0.00 0.00 94.63
829 0.77 0.00 3.35 0.26 0.00 0.00 0.00 0.00 0.00 95.62
830 1.02 0.00 3.07 0.51 0.00 0.00 0.26 0.00 0.00 95.14
831 1.02 0.00 3.31 0.76 0.00 0.25 0.00 0.00 0.00 94.66
832 1.53 0.00 2.30 0.26 0.00 0.00 0.00 0.00 0.00 95.92
833 1.03 0.00 2.57 0.51 0.00 0.00 0.00 0.00 0.00 95.89
834 0.77 0.00 3.83 0.26 0.00 0.00 0.00 0.00 0.00 95.15
835 1.28 0.00 3.08 0.26 0.00 0.00 0.00 0.00 0.00 95.38
836 1.28 0.00 3.32 0.26 0.00 0.00 0.00 0.00 0.00 95.15
837 1.52 0.00 4.05 0.25 0.00 0.00 0.00 0.00 0.00 94.18
838 1.52 0.00 3.80 0.00 0.00 0.00 0.00 0.00 0.00 94.68
839 1.76 0.00 3.53 1.51 0.00 0.00 0.00 0.00 0.00 93.20
840 1.28 0.00 3.83 1.53 0.00 0.00 0.00 0.00 0.00 93.37
841 1.76 0.00 3.78 1.26 0.00 0.00 0.25 0.00 0.00 92.95
842 1.28 0.00 2.82 0.26 0.00 0.00 0.00 0.00 0.00 95.64
843 1.77 0.00 3.28 0.76 0.00 0.25 0.00 0.00 0.00 93.94
844 1.77 0.00 4.04 0.25 0.00 0.00 0.00 0.00 0.00 93.94
845 1.53 0.00 3.56 1.27 0.00 0.00 0.00 0.00 0.00 93.64
846 1.53 0.00 3.82 0.51 0.00 0.25 0.00 0.00 0.00 93.89
847 2.28 0.00 3.55 1.78 0.00 0.00 0.00 0.00 0.00 92.39
848 1.28 0.00 3.07 1.28 0.00 0.00 0.26 0.00 0.00 94.12
849 1.52 0.00 3.54 0.51 0.00 0.00 0.25 0.00 0.00 94.19
850 1.26 0.00 4.79 7.56 0.00 0.00 0.00 0.00 0.00 86.40
851 0.51 0.00 4.55 4.55 0.00 0.00 0.00 0.00 0.00 90.40
852 1.28 0.00 3.57 1.02 0.00 0.00 0.00 0.00 0.00 94.13
853 1.27 0.00 6.33 8.35 0.00 0.00 0.00 0.00 0.00 84.05
854 1.52 0.00 3.54 4.81 0.00 0.00 0.00 0.00 0.00 90.13
855 1.52 0.00 4.06 5.58 0.00 0.00 0.00 0.00 0.00 88.83
856 1.52 0.00 3.55 1.52 0.00 0.00 0.00 0.00 0.00 93.40
857 0.77 0.00 3.83 3.32 0.00 0.00 0.00 0.00 0.00 92.09
858 1.28 0.00 3.32 0.77 0.00 0.00 0.00 0.00 0.00 94.64
859 2.02 0.00 3.54 1.26 0.00 0.00 0.00 0.00 0.00 93.18
860 1.27 0.00 4.31 0.51 0.00 0.00 0.25 0.00 0.00 93.65
861 1.76 0.00 4.27 1.76 0.00 0.00 0.00 0.00 0.00 92.21
862 0.76 0.00 3.82 0.51 0.00 0.00 0.00 0.00 0.00 94.91
863 1.02 0.00 4.07 1.27 0.00 0.00 0.00 0.00 0.00 93.64
864 1.27 0.00 3.80 0.51 0.00 0.00 0.00 0.00 0.00 94.43
865 1.02 0.00 3.58 0.77 0.00 0.26 0.00 0.00 0.00 94.37
866 1.26 0.00 3.54 1.01 0.00 0.25 0.25 0.00 0.00 93.69
867 2.28 0.00 3.05 1.52 0.00 0.00 0.00 0.00 0.00 93.15
868 1.27 0.00 3.31 0.51 0.00 0.00 0.00 0.00 0.00 94.91
869 1.03 0.00 3.08 0.77 0.00 0.00 0.00 0.00 0.00 95.13
870 1.54 0.00 2.82 1.28 0.00 0.00 0.00 0.00 0.00 94.36
871 1.27 0.00 3.31 3.82 0.00 0.00 0.00 0.00 0.00 91.60
872 1.02 0.00 3.83 0.26 0.00 0.00 0.00 0.00 0.00 94.90
873 2.54 0.00 8.38 2.28 0.00 0.00 0.00 0.00 0.00 86.80
874 1.52 0.00 12.12 3.79 0.00 0.00 0.25 0.00 0.00 82.32
875 1.28 0.00 4.09 5.37 0.00 0.00 0.00 0.00 0.00 89.26
876 1.29 0.00 3.09 4.90 0.00 0.00 0.00 0.00 0.00 90.72
877 1.53 0.00 3.84 5.63 0.00 0.26 0.26 0.00 0.00 88.49
878 1.02 0.00 4.08 7.14 0.00 0.00 0.26 0.00 0.00 87.50
879 1.02 0.00 3.56 7.89 0.00 0.00 0.00 0.00 0.00 87.53
880 1.28 0.00 3.32 4.08 0.00 0.00 0.00 0.00 0.00 91.33
881 1.27 0.00 3.82 6.36 0.00 0.25 0.00 0.00 0.00 88.30
882 1.52 0.00 3.29 10.63 0.00 0.00 0.00 0.00 0.00 84.56
883 1.27 0.00 4.05 2.28 0.00 0.00 0.00 0.00 0.00 92.41
884 1.76 0.00 4.27 0.75 0.00 0.00 0.00 0.00 0.00 93.22
885 2.00 0.00 4.50 1.00 0.00 0.00 0.00 0.00 0.00 92.50
886 2.01 0.00 4.01 2.76 0.00 0.00 0.00 0.00 0.00 91.23
887 1.01 0.00 4.29 1.26 0.00 0.00 0.00 0.00 0.00 93.43
888 1.77 0.00 3.54 1.52 0.00 0.00 0.25 0.00 0.00 92.93
889 1.02 0.00 3.58 0.77 0.00 0.00 0.00 0.00 0.00 94.63
890 1.02 0.00 3.31 0.51 0.00 0.00 0.00 0.00 0.00 95.17
891 0.76 0.00 3.82 1.78 0.00 0.00 0.00 0.00 0.00 93.64
892 1.52 0.00 4.06 0.51 0.00 0.25 0.00 0.00 0.00 93.65
893 1.01 0.00 4.30 0.76 0.00 0.00 0.00 0.00 0.00 93.92
894 2.01 0.00 5.26 2.01 0.00 0.00 0.00 0.00 0.00 90.73
895 1.50 0.00 5.01 1.00 0.00 0.00 0.00 0.00 0.00 92.48
896 1.25 0.00 5.00 0.50 0.00 0.00 0.00 0.00 0.00 93.25
897 1.26 0.00 4.53 1.51 0.00 0.00 0.00 0.00 0.00 92.70
898 1.52 0.00 4.80 1.01 0.00 0.00 0.00 0.00 0.00 92.68
899 1.26 0.00 4.03 0.76 0.00 0.00 0.00 0.00 0.00 93.95
900 1.52 0.00 3.55 1.27 0.00 0.00 0.00 0.00 0.00 93.65
901 1.26 0.00 4.28 1.01 0.00 0.00 0.25 0.00 0.00 93.20
902 1.53 0.00 3.56 0.00 0.00 0.00 0.00 0.00 0.00 94.91
903 1.27 0.00 4.06 0.51 0.00 0.00 0.00 0.00 0.00 94.16
904 1.26 0.00 4.03 1.26 0.00 0.25 0.00 0.00 0.00 93.20
905 1.52 0.00 3.79 0.76 0.00 0.00 0.00 0.00 0.00 93.94
906 1.78 0.00 3.56 2.29 0.00 0.00 0.00 0.00 0.00 92.37
907 1.28 0.00 4.34 0.77 0.00 0.00 0.00 0.00 0.00 93.62
908 1.26 0.00 5.05 0.51 0.00 0.00 0.00 0.00 0.00 93.18
909 1.50 0.00 5.26 0.75 0.00 0.25 0.00 0.00 0.00 92.23
910 1.79 0.00 3.32 1.02 0.00 0.00 0.26 0.00 0.00 93.62
911 1.76 0.00 4.53 0.76 0.00 0.25 0.00 0.00 0.00 92.70
912 1.27 0.00 4.81 0.76 0.00 0.00 0.00 0.00 0.00 93.16
913 1.79 0.00 5.37 4.09 0.00 0.00 0.00 0.00 0.00 88.75
914 1.77 0.00 3.54 0.76 0.00 0.00 0.00 0.00 0.00 93.92
915 1.03 0.00 3.08 1.03 0.00 0.00 0.00 0.00 0.00 94.87
916 1.02 0.00 3.57 0.51 0.00 0.00 0.00 0.00 0.00 94.90
917 2.03 0.00 3.30 0.25 0.00 0.00 0.00 0.00 0.00 94.42
918 1.52 0.00 3.54 0.76 0.00 0.00 0.00 0.00 0.00 94.18
919 1.78 0.00 2.80 0.25 0.00 0.00 0.00 0.00 0.00 95.17
920 1.28 0.00 3.57 2.30 0.00 0.00 0.00 0.00 0.00 92.86
921 1.04 0.00 2.59 4.92 0.00 0.00 0.00 0.00 0.00 91.45
922 1.53 0.00 3.32 1.53 0.00 0.00 0.00 0.00 0.00 93.62
923 1.28 0.00 2.81 2.30 0.00 0.00 0.26 0.00 0.00 93.35
924 1.80 0.00 2.31 1.54 0.00 0.00 0.00 0.00 0.00 94.34
925 1.28 0.00 3.33 0.26 0.00 0.00 0.00 0.00 0.00 95.13
926 1.29 0.00 3.10 4.13 0.00 0.00 0.00 0.00 0.00 91.47
927 1.53 0.00 3.83 8.16 0.00 0.26 0.00 0.00 0.00 86.22
928 1.52 0.00 3.80 1.77 0.00 0.00 0.00 0.00 0.00 92.91
929 1.53 0.00 3.05 1.27 0.00 0.00 0.00 0.00 0.00 94.15
930 2.02 0.00 3.54 2.78 0.00 0.00 0.25 0.00 0.00 91.41
931 1.77 0.00 3.54 0.00 0.00 0.00 0.00 0.00 0.00 94.68
932 1.03 0.00 3.08 0.51 0.00 0.00 0.00 0.00 0.00 95.37
933 1.52 0.00 3.05 0.76 0.00 0.00 0.00 0.00 0.00 94.67
934 1.02 0.00 3.05 0.76 0.00 0.00 0.00 0.00 0.00 95.17
935 1.53 0.00 2.81 0.51 0.00 0.00 0.00 0.00 0.00 95.15
936 0.77 0.00 3.08 1.03 0.00 0.00 0.00 0.00 0.00 95.13
937 1.03 0.00 3.09 0.26 0.00 0.26 0.26 0.00 0.00 95.10
938 1.28 0.00 3.59 1.03 0.00 0.00 0.26 0.00 0.00 93.85
939 1.27 0.00 4.56 0.00 0.00 0.00 0.00 0.00 0.00 94.18
940 1.77 0.00 3.80 0.76 0.00 0.00 0.00 0.00 0.00 93.67
941 0.76 0.00 3.56 1.53 0.00 0.00 0.00 0.00 0.00 94.15
942 2.02 0.00 3.54 0.00 0.00 0.00 0.00 0.00 0.00 94.44
943 1.02 0.00 4.08 10.46 0.00 0.00 0.00 0.00 0.00 84.44
944 1.56 0.00 4.94 23.38 0.00 0.00 0.00 0.00 0.00 70.13
945 1.53 0.00 5.37 21.99 0.00 0.00 0.26 0.00 0.00 70.84
946 1.04 0.00 6.23 22.60 0.00 0.00 0.00 0.00 0.00 70.13
947 1.03 0.00 3.60 3.60 0.00 0.00 0.00 0.00 0.00 91.77
948 1.02 0.00 4.31 0.76 0.00 0.00 0.00 0.00 0.00 93.91
949 1.02 0.00 3.81 0.00 0.00 0.00 0.00 0.00 0.00 95.18
950 14.39 0.00 4.55 4.55 0.00 0.00 0.25 0.00 0.00 76.26
951 24.74 0.00 4.08 0.51 0.00 0.00 0.00 0.00 0.00 70.66
952 24.17 0.00 4.58 2.04 0.00 0.00 0.00 0.00 0.00 69.21
953 24.12 0.00 5.53 0.00 0.00 0.25 0.25 0.00 0.00 69.85
954 25.38 0.00 4.10 6.41 0.00 0.00 0.00 0.00 0.00 64.10
955 24.74 0.00 4.08 0.00 0.00 0.00 0.00 0.00 0.00 71.17
956 26.46 0.00 4.07 0.76 0.00 0.25 0.00 0.00 0.00 68.45
957 24.94 0.00 4.28 2.27 0.00 0.00 0.00 0.00 0.00 68.51
958 25.45 0.00 4.07 5.34 0.25 0.00 0.00 0.00 0.00 64.89
959 25.19 0.00 4.58 0.25 0.00 0.00 0.00 0.00 0.00 69.97
960 27.55 0.00 4.08 0.77 0.00 0.00 0.00 0.00 0.00 67.60
961 24.81 0.00 4.81 0.00 0.00 0.00 0.00 0.00 0.00 70.38
962 27.20 0.00 4.53 2.77 0.00 0.00 0.00 0.00 0.00 65.49
963 24.49 0.00 4.34 0.26 0.00 0.00 0.26 0.00 0.00 70.66
964 25.70 0.00 3.82 0.76 0.00 0.00 0.00 0.00 0.00 69.72
965 27.23 0.00 4.07 0.25 0.00 0.00 0.00 0.00 0.00 68.45
966 25.13 0.00 4.10 3.33 0.00 0.00 0.00 0.00 0.00 67.44
967 30.03 0.00 4.70 0.78 0.00 0.00 0.52 0.00 0.00 63.97
968 25.71 0.00 3.08 0.51 0.00 0.00 0.00 0.00 0.00 70.69
969 27.74 0.00 4.07 0.00 0.00 0.00 0.25 0.00 0.00 67.94
970 24.30 0.00 5.06 1.77 0.00 0.00 0.00 0.00 0.00 68.86
971 28.12 0.00 3.91 3.12 0.00 0.00 0.26 0.00 0.00 64.58
972 25.06 0.00 4.30 0.76 0.00 0.00 0.00 0.00 0.00 69.87
973 24.87 0.00 5.64 0.77 0.00 0.00 0.26 0.00 0.00 68.46
974 26.70 0.00 4.79 1.01 0.00 0.25 0.00 0.00 0.00 67.25
975 25.06 0.00 4.30 2.28 0.00 0.00 0.00 0.00 0.00 68.35
976 28.54 0.00 4.04 0.76 0.00 0.00 0.00 0.00 0.00 66.67
977 24.69 0.00 4.79 0.76 0.00 0.00 0.00 0.00 0.00 69.77
978 16.46 0.00 4.30 6.33 0.00 0.00 0.00 0.00 0.00 72.91
979 0.51 0.00 4.05 1.77 0.00 0.25 0.00 0.00 0.00 93.42
980 1.27 0.00 3.56 3.05 0.00 0.00 0.00 0.00 0.00 92.11
981 1.27 0.00 4.07 4.83 0.00 0.00 0.00 0.00 0.00 89.82
982 1.52 0.00 3.55 3.81 0.00 0.00 0.00 0.00 0.00 91.12
983 1.50 0.00 4.50 1.50 0.00 0.00 0.25 0.00 0.00 92.25
984 1.02 0.00 3.58 3.32 0.00 0.00 0.00 0.00 0.00 92.07
985 1.52 0.00 3.55 2.28 0.00 0.00 0.00 0.00 0.00 92.64
986 1.02 0.00 5.09 4.33 0.00 0.00 0.00 0.00 0.00 89.57
987 1.26 0.00 4.03 2.52 0.00 0.25 0.00 0.00 0.00 91.94
988 2.27 0.00 3.54 3.03 0.00 0.00 0.00 0.00 0.00 91.16
989 1.02 0.00 3.84 0.00 0.00 0.00 0.00 0.00 0.00 95.14
990 1.55 0.00 3.36 1.81 0.00 0.00 0.26 0.00 0.00 93.02
991 1.02 0.00 3.83 1.02 0.00 0.00 0.00 0.00 0.00 94.13
992 1.79 0.00 3.84 1.02 0.00 0.00 0.00 0.00 0.00 93.35
993 1.02 0.00 3.82 0.51 0.00 0.00 0.00 0.00 0.00 94.66
994 1.53 0.00 3.07 3.84 0.00 0.00 0.00 0.00 0.00 91.56
995 15.54 0.00 17.88 23.58 0.00 0.26 0.26 0.00 0.00 42.49
996 21.84 0.00 3.95 0.26 0.00 0.00 0.00 0.00 0.00 73.95
997 25.13 0.00 4.57 4.06 0.00 0.00 0.00 0.00 0.00 66.24
998 26.49 0.00 4.42 6.49 0.00 0.52 0.26 0.00 0.00 61.82
999 9.30 0.00 22.74 21.19 0.00 0.52 0.00 0.00 0.00 46.25
1000 11.60 0.00 18.04 10.05 0.00 0.26 0.00 0.00 0.00 60.05
1001 9.74 0.00 21.03 14.36 0.00 0.26 0.26 0.00 0.00 54.36
1002 11.83 0.00 18.51 2.06 0.00 0.00 0.00 0.00 0.00 67.61
1003 10.69 0.00 21.88 1.02 0.00 0.00 0.00 0.00 0.00 66.41
1004 10.77 0.00 19.74 1.54 0.00 0.00 0.00 0.00 0.00 67.95
1005 10.43 0.00 20.36 8.40 0.00 0.00 0.00 0.00 0.00 60.81
1006 16.24 0.00 13.66 1.03 0.00 0.00 0.00 0.00 0.00 69.07
1007 23.45 0.00 4.90 6.19 0.00 0.00 0.26 0.00 0.00 65.21
1008 24.49 0.00 4.34 0.77 0.00 0.00 0.00 0.00 0.00 70.41
1009 23.16 0.00 3.82 1.02 0.00 0.00 0.00 0.00 0.00 72.01
1010 17.88 0.00 3.37 1.81 0.00 0.26 0.00 0.00 0.00 76.68
1011 25.00 0.00 4.34 0.00 0.00 0.00 0.00 0.00 0.00 70.66
1012 19.22 0.00 3.64 4.94 0.00 0.00 0.00 0.00 0.00 72.21
1013 10.73 0.00 4.71 8.12 0.00 0.26 0.00 0.00 0.00 76.18
1014 25.25 0.00 4.04 2.27 0.00 0.00 0.00 0.00 0.00 68.43
1015 24.87 0.00 3.89 0.26 0.00 0.00 0.26 0.00 0.00 70.73
1016 25.26 0.00 4.08 6.63 0.00 0.00 0.00 0.00 0.00 64.03
1017 25.64 0.00 4.10 4.87 0.00 0.00 0.00 0.00 0.00 65.38
1018 24.55 0.00 3.58 0.00 0.00 0.00 0.00 0.00 0.00 71.87
1019 26.74 0.00 3.86 11.05 0.00 0.26 0.00 0.00 0.00 58.10
1020 24.62 0.00 4.31 0.51 0.00 0.00 0.00 0.00 0.00 70.56
1021 25.58 0.00 4.35 7.93 0.00 0.00 0.00 0.00 0.00 62.15
1022 25.00 0.00 4.08 0.26 0.00 0.00 0.00 0.00 0.00 70.66
1023 24.94 0.00 3.56 0.76 0.00 0.00 0.00 0.00 0.00 70.74
1024 22.56 0.00 2.56 2.56 0.00 0.00 0.00 0.00 0.00 72.31
1025 17.88 0.00 3.63 0.56 0.00 0.00 0.56 0.00 0.00 77.37
1026 45.45 0.00 2.86 1.56 0.00 0.00 0.00 0.00 0.00 50.13
1027 24.80 0.00 3.92 1.04 0.00 0.00 0.00 0.00 0.00 70.23
1028 26.68 0.00 2.59 0.52 0.00 0.00 0.00 0.00 0.00 70.21
1029 46.07 0.00 3.40 0.00 0.00 0.00 0.00 0.00 0.00 50.52
1030 25.38 0.00 3.33 0.51 0.00 0.00 0.00 0.00 0.00 70.77
1031 44.99 0.00 3.86 0.26 0.00 0.00 0.00 0.00 0.00 50.90
1032 25.70 0.00 5.60 6.62 0.00 0.00 0.25 0.00 0.00 61.83
1033 17.36 0.00 3.37 13.73 0.00 0.00 0.00 0.00 0.00 65.54
1034 1.82 0.00 2.86 29.69 0.00 0.00 0.00 0.00 0.00 65.62
1035 1.33 0.00 3.72 30.05 0.00 0.00 0.00 0.00 0.00 64.89
1036 20.67 0.00 3.88 5.68 0.00 0.00 0.26 0.00 0.00 69.51
1037 43.15 0.00 3.62 11.89 0.00 0.00 0.00 0.00 0.00 41.34
1038 25.90 0.00 2.56 3.59 0.00 0.00 0.00 0.00 0.00 67.95
1039 25.26 0.00 3.32 2.81 0.00 0.00 0.00 0.00 0.00 68.62
1040 40.68 0.00 3.41 0.00 0.00 0.00 0.00 0.00 0.00 55.91
1041 25.51 0.00 2.55 1.02 0.00 0.00 0.00 0.00 0.00 70.92
1042 41.28 0.00 3.85 0.26 0.00 0.00 0.00 0.00 0.00 54.62
1043 24.74 0.00 4.34 0.26 0.00 0.00 0.00 0.00 0.00 70.66
1044 24.62 0.00 4.57 0.25 0.00 0.00 0.00 0.00 0.00 70.56
1045 39.28 0.00 4.39 0.52 0.00 0.00 0.00 0.00 0.00 55.81
1046 25.06 0.00 3.58 0.00 0.00 0.00 0.00 0.00 0.00 71.36
1047 24.94 0.00 3.82 0.51 0.00 0.00 0.25 0.00 0.00 70.48
1048 32.13 0.00 4.11 0.26 0.00 0.00 0.00 0.00 0.00 63.50
1049 25.32 0.00 3.80 0.76 0.00 0.00 0.00 0.00 0.00 70.13
1050 27.37 0.00 4.35 0.00 0.00 0.00 0.26 0.00 0.00 68.03
1051 25.13 0.00 4.06 0.25 0.00 0.00 0.00 0.00 0.00 70.56
1052 24.61 0.00 3.89 4.40 0.00 0.00 0.00 0.00 0.00 67.10
1053 25.70 0.00 4.07 0.76 0.00 0.00 0.00 0.00 0.00 69.47
1054 25.00 0.00 4.08 0.00 0.00 0.00 0.00 0.00 0.00 70.92
1055 27.81 0.00 4.34 0.77 0.00 0.00 0.26 0.00 0.00 66.84
1056 25.13 0.00 3.85 0.00 0.00 0.26 0.00 0.00 0.00 70.77
1057 27.34 0.00 4.17 0.26 0.00 0.00 0.00 0.00 0.00 68.23
1058 24.61 0.00 4.40 0.26 0.00 0.00 0.26 0.00 0.00 70.47
1059 24.69 0.00 4.53 0.00 0.00 0.00 0.25 0.00 0.00 70.53
1060 16.53 0.00 6.16 0.28 0.00 0.00 0.00 0.00 0.00 77.03
1061 24.43 0.00 5.29 0.25 0.00 0.00 0.00 0.00 0.00 70.03
1062 27.99 0.00 5.09 0.00 0.00 0.00 0.00 0.00 0.00 66.92
1063 24.94 0.00 4.07 0.00 0.00 0.00 0.25 0.00 0.00 70.74
1064 26.88 0.00 4.77 0.00 0.00 0.00 0.00 0.00 0.00 68.34
1065 26.07 0.00 4.01 0.25 0.00 0.00 0.00 0.00 0.00 69.67
1066 17.60 0.00 5.61 5.87 0.00 0.00 0.00 0.00 0.00 70.92
1067 24.94 0.00 5.09 3.56 0.00 0.00 0.25 0.00 0.00 66.16
1068 25.13 0.00 3.85 0.26 0.00 0.00 0.00 0.00 0.00 70.77
1069 24.62 0.00 4.77 0.25 0.00 0.00 0.00 0.00 0.00 70.35
1070 25.19 0.00 4.58 0.76 0.00 0.00 0.00 0.00 0.00 69.47
1071 24.56 0.00 4.56 0.51 0.00 0.00 0.00 0.00 0.00 70.38
1072 25.83 0.00 5.12 2.81 0.00 0.00 0.00 0.00 0.00 66.24
1073 25.26 0.00 3.57 0.26 0.00 0.00 0.00 0.00 0.00 70.92
1074 28.61 0.00 4.05 0.25 0.00 0.00 0.00 0.00 0.00 67.09
1075 24.68 0.00 4.58 1.27 0.00 0.00 0.00 0.00 0.00 69.47
1076 26.20 0.00 5.04 0.00 0.00 0.00 0.00 0.00 0.00 68.77
1077 25.19 0.00 4.07 0.76 0.00 0.00 0.00 0.00 0.00 69.97
1078 25.45 0.00 3.56 0.00 0.00 0.00 0.00 0.00 0.00 70.99
1079 24.94 0.00 3.60 1.29 0.00 0.00 0.00 0.00 0.00 70.18
1080 25.57 0.00 4.05 0.00 0.00 0.00 0.25 0.00 0.00 70.13
1081 27.37 0.00 3.32 0.26 0.00 0.00 0.00 0.00 0.00 69.05
1082 24.62 0.00 4.57 3.05 0.00 0.00 0.00 0.00 0.00 67.77
1083 26.97 0.00 4.33 0.25 0.00 0.25 0.00 0.00 0.00 68.19
1084 25.13 0.00 3.81 0.00 0.00 0.00 0.00 0.00 0.00 71.07
1085 27.04 0.00 4.59 0.51 0.00 0.00 0.00 0.00 0.00 67.86
1086 25.32 0.00 3.84 0.51 0.00 0.00 0.00 0.00 0.00 70.33
1087 24.74 0.00 3.65 1.04 0.00 0.26 0.26 0.00 0.00 70.05
1088 25.45 0.00 3.08 0.26 0.00 0.00 0.26 0.00 0.00 70.95
1089 25.45 0.00 4.33 0.00 0.00 0.00 0.00 0.00 0.00 70.23
1090 24.55 0.00 4.60 0.00 0.00 0.00 0.00 0.00 0.00 70.84
1091 24.42 0.00 3.34 0.26 0.00 0.00 0.00 0.00 0.00 71.98
1092 25.45 0.00 5.66 0.00 0.00 0.00 0.26 0.00 0.00 68.64
1093 24.94 0.00 3.34 0.51 0.00 0.00 0.00 0.00 0.00 71.21
1094 24.42 0.00 4.37 0.77 0.00 0.26 0.00 0.00 0.00 70.18
1095 25.06 0.00 3.62 1.55 0.00 0.00 0.00 0.00 0.00 69.77
1096 25.38 0.00 3.59 0.77 0.00 0.00 0.26 0.00 0.00 70.00
1097 27.23 0.00 4.33 2.29 0.00 0.00 0.00 0.00 0.00 66.16
1098 24.62 0.00 4.82 6.35 0.00 0.00 0.00 0.00 0.00 64.21
1099 24.42 0.00 4.11 2.06 0.00 0.00 0.00 0.00 0.00 69.41
1100 25.63 0.00 4.31 1.52 0.00 0.00 0.51 0.00 0.00 68.02
1101 24.49 0.00 4.59 2.55 0.00 0.26 0.00 0.00 0.00 68.11
1102 25.19 0.00 3.34 0.26 0.00 0.00 0.26 0.00 0.00 70.95
1103 23.91 0.00 5.14 2.83 0.00 0.00 0.00 0.00 0.00 68.12
1104 24.74 0.00 3.83 0.51 0.00 0.00 0.00 0.00 0.00 70.92
1105 26.41 0.00 4.36 0.26 0.00 0.00 0.26 0.00 0.00 68.72
1106 24.74 0.00 3.57 1.02 0.00 0.00 0.26 0.00 0.00 70.41
1107 24.81 0.00 4.09 0.26 0.00 0.00 0.00 0.00 0.00 70.84
1108 25.26 0.00 3.57 0.51 0.00 0.00 0.26 0.00 0.00 70.41
1109 25.06 0.00 2.58 0.78 0.00 0.00 0.26 0.00 0.00 71.32
1110 25.26 0.00 3.83 1.02 0.00 0.00 0.26 0.00 0.00 69.64
1111 25.32 0.00 3.32 0.51 0.00 0.00 0.00 0.00 0.00 70.84
1112 26.21 0.00 4.83 0.25 0.00 0.00 0.00 0.00 0.00 68.70
1113 24.74 0.00 4.38 3.87 0.00 0.00 0.00 0.00 0.00 67.01
1114 24.87 0.00 3.59 0.26 0.00 0.26 0.00 0.00 0.00 71.03
1115 25.58 0.00 2.81 0.77 0.00 0.00 0.00 0.00 0.00 70.84
1116 24.49 0.00 4.08 0.26 0.00 0.00 0.00 0.00 0.00 71.17
1117 23.96 0.00 3.65 1.04 0.00 0.00 0.00 0.00 0.00 71.35
1118 20.27 0.00 3.84 2.47 0.00 0.00 0.55 0.00 0.00 72.88
1119 25.88 0.00 4.52 0.50 0.00 0.00 0.00 0.00 0.00 69.10
1120 25.13 0.00 4.06 1.02 0.00 0.00 0.00 0.00 0.00 69.80
1121 25.82 0.00 4.30 1.01 0.00 0.00 0.00 0.00 0.00 68.86
1122 25.00 0.00 4.34 0.51 0.00 0.00 0.00 0.00 0.00 70.15
1123 25.45 0.00 3.56 0.00 0.00 0.00 0.00 0.00 0.00 70.99
1124 24.74 0.00 3.35 0.26 0.00 0.00 0.26 0.00 0.00 71.39
1125 22.69 0.00 3.96 1.58 0.00 0.00 0.26 0.00 0.00 71.50
1126 23.76 0.00 3.92 2.09 0.00 0.00 0.52 0.00 0.00 69.71
1127 25.32 0.00 3.58 0.51 0.00 0.26 0.00 0.00 0.00 70.33
1128 26.36 0.00 3.88 5.17 0.00 0.00 0.00 0.00 0.00 64.60
1129 24.81 0.00 3.84 0.26 0.00 0.00 0.00 0.00 0.00 71.10
1130 25.06 0.00 3.36 1.29 0.00 0.00 0.00 0.00 0.00 70.28
1131 26.40 0.00 3.81 0.51 0.00 0.00 0.25 0.00 0.00 69.04
1132 25.06 0.00 4.05 4.56 0.00 0.00 0.00 0.00 0.00 66.33
1133 25.13 0.00 3.55 0.76 0.00 0.00 0.00 0.00 0.00 70.56
1134 24.55 0.00 4.09 0.77 0.00 0.00 0.26 0.00 0.00 70.33
1135 26.09 0.00 3.84 0.26 0.00 0.00 0.00 0.00 0.00 69.82
1136 24.74 0.00 4.34 1.53 0.00 0.00 0.00 0.00 0.00 69.39
1137 26.60 0.00 3.58 0.26 0.00 0.00 0.26 0.00 0.00 69.31
1138 25.71 0.00 4.68 5.71 0.00 0.00 0.00 0.00 0.00 63.90
1139 24.68 0.00 4.07 0.00 0.00 0.00 0.00 0.00 0.00 71.25
1140 25.13 0.00 4.57 0.51 0.00 0.00 0.00 0.00 0.00 69.80
1141 23.98 0.00 4.34 0.51 0.00 0.00 0.00 0.00 0.00 71.17
1142 26.03 0.00 3.87 8.51 0.00 0.00 0.00 0.00 0.00 61.60
1143 24.81 0.00 4.91 5.17 0.00 0.00 0.26 0.00 0.00 64.86
1144 24.68 0.00 4.42 1.04 0.00 0.00 0.00 0.00 0.00 69.87
1145 25.51 0.00 4.34 0.77 0.00 0.00 0.00 0.00 0.00 69.39
1146 25.38 0.00 3.81 0.00 0.00 0.00 0.00 0.00 0.00 70.81
1147 25.19 0.00 4.07 0.25 0.00 0.00 0.00 0.00 0.00 70.48
1148 24.94 0.00 2.60 0.52 0.00 0.00 0.26 0.00 0.00 71.69
1149 25.19 0.00 4.28 0.00 0.00 0.00 0.00 0.00 0.00 70.53
1150 25.26 0.00 3.83 0.77 0.00 0.00 0.00 0.00 0.00 70.15
1151 24.74 0.00 4.59 0.26 0.00 0.00 0.00 0.00 0.00 70.41
1152 25.88 0.00 6.78 0.75 0.00 0.00 0.00 0.00 0.00 66.58
1153 25.00 0.00 3.87 0.52 0.00 0.00 0.26 0.00 0.00 70.36
1154 25.32 0.00 3.84 0.00 0.00 0.00 0.00 0.00 0.00 70.84
1155 24.68 0.00 3.60 0.51 0.00 0.00 0.00 0.00 0.00 71.21
1156 24.62 0.00 4.10 0.51 0.00 0.00 0.26 0.00 0.00 70.51
1157 25.76 0.00 4.29 0.25 0.00 0.25 0.00 0.00 0.00 69.44
1158 24.87 0.00 4.31 0.76 0.00 0.00 0.00 0.00 0.00 70.05
1159 26.72 0.00 4.07 0.00 0.00 0.00 0.00 0.00 0.00 69.21
1160 24.55 0.00 4.39 0.78 0.00 0.00 0.00 0.00 0.00 70.28
1161 25.26 0.00 3.32 0.00 0.00 0.00 0.00 0.00 0.00 71.43
1162 27.25 0.00 3.60 0.51 0.00 0.00 0.00 0.00 0.00 68.64
1163 24.49 0.00 4.08 0.00 0.00 0.00 0.00 0.00 0.00 71.43
1164 24.81 0.00 4.05 3.04 0.00 0.00 0.25 0.00 0.00 67.85
1165 25.45 0.00 3.56 0.25 0.00 0.00 0.00 0.00 0.00 70.74
1166 25.45 0.00 4.33 0.51 0.00 0.00 0.00 0.00 0.00 69.72
1167 24.56 0.00 4.56 0.51 0.00 0.00 0.00 0.00 0.00 70.38
1168 25.51 0.00 3.79 0.00 0.00 0.00 0.00 0.00 0.00 70.71
1169 24.17 0.00 4.33 0.25 0.00 0.25 0.00 0.00 0.00 70.99
1170 25.57 0.00 4.05 0.51 0.00 0.00 0.00 0.00 0.00 69.87
1171 24.62 0.00 5.08 0.51 0.00 0.00 0.00 0.00 0.00 69.80
1172 25.00 0.00 4.04 0.51 0.00 0.00 0.00 0.00 0.00 70.45
1173 24.87 0.00 5.08 1.78 0.00 0.00 0.00 0.00 0.00 68.27
1174 25.06 0.00 3.32 0.77 0.00 0.00 0.26 0.00 0.00 70.59
1175 26.14 0.00 4.82 0.51 0.00 0.00 0.00 0.00 0.00 68.53
1176 25.63 0.00 4.06 0.00 0.00 0.00 0.00 0.00 0.00 70.30
1177 25.39 0.00 3.66 0.52 0.00 0.00 0.26 0.00 0.00 70.16
1178 24.06 0.00 4.01 0.80 0.00 0.00 0.27 0.00 0.00 70.86
1179 25.71 0.00 4.11 0.26 0.00 0.00 0.00 0.00 0.00 69.92
1180 26.97 0.00 4.33 1.27 0.00 0.00 0.00 0.00 0.00 67.43
1181 25.06 0.00 3.84 0.51 0.00 0.00 0.00 0.00 0.00 70.59
1182 25.19 0.00 4.33 0.00 0.00 0.00 0.00 0.00 0.00 70.48
1183 24.62 0.00 4.06 0.00 0.00 0.00 0.00 0.00 0.00 71.32
1184 25.64 0.00 3.33 0.51 0.00 0.00 0.00 0.00 0.00 70.51
1185 25.70 0.00 4.07 1.27 0.00 0.00 0.00 0.00 0.00 68.96
1186 24.94 0.00 4.33 2.29 0.00 0.00 0.00 0.00 0.00 68.45
1187 25.45 0.00 3.82 0.00 0.00 0.00 0.00 0.00 0.00 70.74
1188 24.43 0.00 4.83 2.54 0.00 0.00 0.00 0.00 0.00 68.19
1189 25.57 0.00 3.54 0.00 0.00 0.00 0.00 0.00 0.00 70.89
1190 24.94 0.00 5.04 1.76 0.00 0.00 0.25 0.00 0.00 68.01
1191 24.55 0.00 4.09 0.77 0.00 0.00 0.00 0.00 0.00 70.59
1192 25.19 0.00 3.31 1.27 0.00 0.00 0.00 0.00 0.00 70.23
1193 25.95 0.00 3.82 0.00 0.00 0.00 0.25 0.00 0.00 69.97
1194 25.70 0.00 3.31 2.04 0.00 0.00 0.00 0.00 0.00 68.96
1195 26.92 0.00 2.31 0.00 0.00 0.00 0.00 0.00 0.00 70.77
1196 24.62 0.00 4.06 0.51 0.00 0.00 0.00 0.00 0.00 70.81
1197 25.89 0.00 3.30 0.00 0.00 0.00 0.00 0.00 0.00 70.81
1198 26.34 0.00 3.84 0.51 0.00 0.00 0.26 0.00 0.00 69.05
1199 24.56 0.00 4.56 0.00 0.00 0.00 0.00 0.00 0.00 70.89
1200 24.23 0.00 5.87 0.26 0.00 0.00 0.00 0.00 0.00 69.64
1201 24.04 0.00 4.35 0.00 0.00 0.00 0.00 0.00 0.00 71.61
1202 25.45 0.00 3.56 0.76 0.00 0.00 0.00 0.00 0.00 70.23
1203 24.30 0.00 4.81 0.00 0.00 0.00 0.00 0.00 0.00 70.89
1204 26.60 0.00 3.32 2.56 0.00 0.00 0.00 0.00 0.00 67.52
1205 27.55 0.00 4.34 0.00 0.00 0.00 0.00 0.00 0.00 68.11
1206 25.06 0.00 4.30 1.01 0.00 0.00 0.00 0.00 0.00 69.62
1207 25.63 0.00 4.06 0.00 0.00 0.00 0.25 0.00 0.00 70.05
1208 26.29 0.00 2.58 1.03 0.00 0.00 0.00 0.00 0.00 70.10
1209 25.70 0.00 3.56 4.33 0.00 0.00 0.00 0.00 0.00 66.41
1210 25.19 0.00 4.07 0.76 0.00 0.00 0.00 0.00 0.00 69.97
1211 25.63 0.00 3.55 2.54 0.00 0.00 0.25 0.00 0.00 68.02
1212 25.94 0.00 5.29 3.53 0.00 0.25 0.00 0.00 0.00 64.99
1213 24.37 0.00 4.31 0.25 0.00 0.00 0.00 0.00 0.00 71.07
1214 25.69 0.00 4.03 0.00 0.00 0.00 0.00 0.00 0.00 70.28
1215 25.19 0.00 4.07 0.51 0.00 0.00 0.00 0.00 0.00 70.23
1216 25.13 0.00 3.81 0.00 0.00 0.00 0.00 0.00 0.00 71.07
1217 24.56 0.00 4.05 0.51 0.00 0.00 0.00 0.00 0.00 70.89
1218 25.32 0.00 3.84 0.51 0.00 0.00 0.00 0.00 0.00 70.33
1219 25.26 0.00 4.08 0.26 0.00 0.00 0.00 0.00 0.00 70.41
1220 25.63 0.00 4.06 1.02 0.00 0.25 0.00 0.00 0.00 69.04
1221 27.30 0.00 3.32 0.77 0.00 0.00 0.00 0.00 0.00 68.62
1222 25.51 0.00 3.83 1.02 0.00 0.00 0.00 0.00 0.00 69.64
1223 24.23 0.00 4.59 0.26 0.00 0.00 0.00 0.00 0.00 70.92
1224 25.13 0.00 4.87 2.05 0.00 0.00 0.00 0.00 0.00 67.95
1225 25.19 0.00 4.53 1.76 0.00 0.00 0.00 0.00 0.00 68.51
1226 26.60 0.00 3.58 8.18 0.00 0.00 0.00 0.00 0.00 61.64
1227 23.86 0.00 5.33 0.25 0.00 0.00 0.25 0.00 0.00 70.30
1228 26.40 0.00 4.82 2.28 0.00 0.00 0.00 0.00 0.00 66.50
1229 24.87 0.00 4.57 5.58 0.00 0.00 0.00 0.00 0.00 64.97
1230 24.55 0.00 4.35 4.09 0.00 0.00 0.00 0.00 0.00 67.01
1231 24.62 0.00 3.55 1.02 0.00 0.00 0.00 0.00 0.00 70.81
1232 25.32 0.00 4.56 2.28 0.00 0.00 0.00 0.00 0.00 67.85
1233 25.32 0.00 4.60 3.58 0.00 0.00 0.00 0.00 0.00 66.50
1234 25.06 0.00 4.60 1.28 0.00 0.00 0.00 0.00 0.00 69.05
1235 27.32 0.00 3.87 1.03 0.00 0.00 0.26 0.00 0.00 67.53
1236 24.23 0.00 3.87 1.80 0.00 0.00 0.26 0.00 0.00 69.85
1237 25.64 0.00 4.10 0.26 0.00 0.00 0.00 0.00 0.00 70.00
1238 25.96 0.00 4.11 0.51 0.00 0.00 0.00 0.00 0.00 69.41
1239 24.68 0.00 3.56 0.76 0.00 0.00 0.25 0.00 0.00 70.74
1240 28.39 0.00 4.09 0.51 0.00 0.00 0.00 0.00 0.00 67.01
1241 24.62 0.00 4.82 0.76 0.00 0.00 0.00 0.00 0.00 69.80
1242 24.62 0.00 5.28 0.25 0.00 0.00 0.00 0.00 0.00 69.85
1243 25.63 0.00 4.06 0.76 0.00 0.00 0.00 0.00 0.00 69.54
1244 30.38 0.00 4.05 0.25 0.00 0.00 0.00 0.00 0.00 65.32
1245 24.69 0.00 4.79 0.76 0.00 0.00 0.00 0.00 0.00 69.77
1246 26.72 0.00 3.82 0.25 0.00 0.00 0.25 0.00 0.00 68.96
1247 24.69 0.00 5.29 1.01 0.00 0.00 0.00 0.00 0.00 69.02
1248 24.49 0.00 5.30 0.00 0.00 0.00 0.00 0.00 0.00 70.20
1249 25.25 0.00 5.00 3.25 0.00 0.25 0.00 0.00 0.00 66.25
1250 24.87 0.00 4.87 0.77 0.00 0.00 0.26 0.00 0.00 69.23
1251 25.83 0.00 4.35 0.26 0.00 0.00 0.00 0.00 0.00 69.57
1252 24.81 0.00 5.06 0.00 0.00 0.00 0.00 0.00 0.00 70.13
1253 23.80 0.00 5.57 0.51 0.00 0.00 0.00 0.00 0.00 70.13
1254 23.79 0.00 5.63 2.56 0.00 0.00 0.26 0.00 0.00 67.77
1255 25.70 0.00 4.07 1.02 0.00 0.00 0.00 0.00 0.00 69.21
1256 25.19 0.00 4.33 0.25 0.00 0.00 0.00 0.00 0.00 70.23
1257 24.37 0.00 4.82 0.00 0.00 0.00 0.00 0.00 0.00 70.81
1258 24.30 0.00 4.35 0.00 0.00 0.00 0.00 0.00 0.00 71.36
1259 24.30 0.00 5.06 2.28 0.00 0.00 0.00 0.00 0.00 68.35
1260 24.17 0.00 4.33 0.25 0.00 0.00 0.00 0.00 0.00 71.25
1261 25.00 0.00 4.59 5.10 0.00 0.00 0.00 0.00 0.00 65.31
1262 29.62 0.00 4.05 0.00 0.00 0.00 0.25 0.00 0.00 66.08
1263 24.87 0.00 4.06 1.52 0.00 0.00 0.00 0.00 0.00 69.54
1264 25.57 0.00 4.56 0.51 0.00 0.00 0.00 0.00 0.00 69.37
1265 24.69 0.00 4.79 2.77 0.00 0.00 0.00 0.00 0.00 67.76
1266 25.77 0.00 4.08 0.00 0.00 0.00 0.26 0.00 0.00 69.90
1267 24.15 0.00 3.94 1.57 0.00 0.00 0.00 0.00 0.00 70.34
1268 19.56 0.00 3.86 1.10 0.00 0.00 0.00 0.00 0.00 75.48
1269 25.71 0.00 3.08 0.51 0.00 0.00 0.00 0.00 0.00 70.69
1270 24.55 0.00 3.84 0.00 0.00 0.26 0.26 0.00 0.00 71.10
1271 23.97 0.00 3.35 1.03 0.00 0.00 0.00 0.00 0.00 71.65
1272 25.52 0.00 5.41 0.26 0.00 0.00 0.26 0.00 0.00 68.56
1273 30.08 0.00 3.08 5.40 0.00 0.00 0.00 0.00 0.00 61.44
1274 25.06 0.00 3.58 0.00 0.00 0.00 0.51 0.00 0.00 70.84
1275 25.26 0.00 3.57 0.77 0.00 0.00 0.00 0.00 0.00 70.41
1276 32.91 0.00 3.83 0.77 0.00 0.26 0.00 0.00 0.00 62.24
1277 25.45 0.00 3.56 0.76 0.00 0.00 0.00 0.00 0.00 70.23
1278 25.57 0.00 3.80 0.00 0.00 0.00 0.00 0.00 0.00 70.63
1279 32.32 0.00 4.83 0.51 0.00 0.25 0.00 0.00 0.00 62.09
1280 24.75 0.00 5.30 1.01 0.00 0.00 0.25 0.00 0.00 68.69
1281 31.39 0.00 3.80 1.01 0.00 0.00 0.00 0.00 0.00 63.80
1282 25.82 0.00 3.29 0.25 0.00 0.00 0.00 0.00 0.00 70.63
1283 25.06 0.00 3.58 0.77 0.00 0.00 0.00 0.00 0.00 70.59
1284 27.62 0.00 4.09 0.26 0.00 0.00 0.00 0.00 0.00 68.03
1285 25.57 0.00 3.80 0.76 0.00 0.00 0.00 0.00 0.00 69.87
1286 27.04 0.00 4.08 0.00 0.00 0.00 0.00 0.00 0.00 68.88
1287 24.87 0.00 3.59 0.77 0.00 0.00 0.00 0.00 0.00 70.77
1288 24.81 0.00 4.09 0.00 0.00 0.00 0.00 0.00 0.00 71.10
1289 25.51 0.00 4.08 2.55 0.00 0.00 0.00 0.00 0.00 67.86
1290 25.13 0.00 3.59 1.54 0.00 0.00 0.00 0.00 0.00 69.74
1291 25.00 0.00 3.09 1.03 0.00 0.00 0.00 0.00 0.00 70.88
1292 25.26 0.00 3.09 0.26 0.00 0.00 0.00 0.00 0.00 71.39
1293 25.84 0.00 2.58 4.13 0.00 0.00 0.26 0.00 0.00 67.18
1294 25.19 0.00 3.34 0.00 0.00 0.26 0.00 0.00 0.00 71.21
1295 25.13 0.00 2.82 3.08 0.00 0.00 0.00 0.00 0.00 68.97
1296 25.64 0.00 2.31 1.28 0.00 0.00 0.00 0.00 0.00 70.77
1297 25.26 0.00 2.86 5.47 0.00 0.00 0.26 0.00 0.00 66.15
1298 26.14 0.00 3.30 0.76 0.00 0.00 0.00 0.00 0.00 69.80
1299 9.49 0.00 3.85 2.31 0.00 0.00 0.00 0.00 0.00 84.36
1300 2.28 0.00 3.05 0.25 0.00 0.00 0.00 0.00 0.00 94.42
1301 1.28 0.00 3.06 3.06 0.00 0.00 0.26 0.00 0.00 92.35
1302 1.27 0.00 4.33 4.33 0.00 0.25 0.00 0.00 0.00 89.82
1303 1.78 0.00 3.05 11.45 0.00 0.00 0.00 0.00 0.00 83.72
1304 2.03 0.00 3.55 2.03 0.00 0.00 0.00 0.00 0.00 92.39
1305 0.76 0.00 4.82 5.33 0.00 0.00 0.00 0.00 0.00 89.09
1306 1.26 0.00 4.28 0.50 0.00 0.00 0.00 0.00 0.00 93.95
1307 1.77 0.00 3.29 1.27 0.00 0.00 0.00 0.00 0.00 93.67
1308 1.52 0.00 3.54 0.51 0.00 0.00 0.00 0.00 0.00 94.44
1309 1.02 0.00 3.82 0.00 0.00 0.00 0.00 0.00 0.00 95.17
1310 0.76 0.00 4.57 0.25 0.00 0.00 0.00 0.00 0.00 94.42
1311 1.03 0.00 3.86 0.77 0.00 0.00 0.00 0.00 0.00 94.34
1312 1.50 0.00 4.76 0.00 0.00 0.00 0.25 0.00 0.00 93.48
1313 1.78 0.00 3.55 0.51 0.00 0.00 0.00 0.00 0.00 94.16
1314 2.01 0.00 3.77 0.00 0.00 0.25 0.00 0.00 0.00 93.97
1315 1.01 0.00 5.05 1.26 0.00 0.00 0.25 0.00 0.00 92.42
1316 0.76 0.00 5.54 0.25 0.00 0.00 0.00 0.00 0.00 93.45
1317 2.01 0.00 4.27 0.50 0.00 0.00 0.00 0.00 0.00 93.22
1318 1.26 0.00 4.28 0.00 0.00 0.25 0.00 0.00 0.00 94.21
1319 1.76 0.00 4.52 2.01 0.00 0.00 0.00 0.00 0.00 91.71
1320 2.02 0.00 5.30 4.80 0.00 0.00 0.25 0.00 0.00 87.63
1321 2.02 0.00 4.28 5.79 0.00 0.00 0.00 0.00 0.00 87.91
1322 1.26 0.00 4.29 3.79 0.00 0.00 0.00 0.00 0.00 90.66
1323 1.52 0.00 4.55 2.02 0.00 0.00 0.00 0.00 0.00 91.92
1324 1.51 0.00 4.28 0.50 0.00 0.00 0.00 0.00 0.00 93.70
1325 1.50 0.00 5.24 2.99 0.00 0.00 0.25 0.00 0.00 90.02
1326 1.01 0.00 4.30 1.52 0.00 0.00 0.00 0.00 0.00 93.16
1327 1.02 0.00 4.31 0.25 0.00 0.25 0.25 0.00 0.00 93.91
1328 1.54 0.00 3.33 0.51 0.00 0.00 0.26 0.00 0.00 94.36
1329 1.52 0.00 3.80 0.51 0.00 0.00 0.00 0.00 0.00 94.18
1330 1.51 0.00 3.78 0.25 0.00 0.25 0.25 0.00 0.00 93.95
1331 1.01 0.00 3.79 0.51 0.00 0.25 0.00 0.00 0.00 94.44
1332 1.02 0.00 3.55 0.00 0.00 0.25 0.25 0.00 0.00 94.92
1333 1.78 0.00 6.09 1.78 0.00 0.00 0.00 0.00 0.00 90.36
1334 1.01 0.00 4.53 0.25 0.00 0.00 0.00 0.00 0.00 94.21
1335 1.77 0.00 3.54 3.54 0.00 0.00 0.00 0.00 0.00 91.14
1336 1.53 0.00 3.56 0.25 0.00 0.25 0.00 0.00 0.00 94.40
1337 1.28 0.00 3.32 0.00 0.00 0.00 0.26 0.00 0.00 95.14
1338 1.53 0.00 3.56 0.51 0.00 0.00 0.00 0.00 0.00 94.40
1339 2.02 0.00 3.28 0.51 0.00 0.00 0.00 0.00 0.00 94.19
1340 1.28 0.00 3.85 0.26 0.00 0.00 0.00 0.00 0.00 94.62
1341 1.02 0.00 3.58 0.26 0.00 0.00 0.00 0.00 0.00 95.14
1342 1.78 0.00 2.54 0.25 0.00 0.00 0.00 0.00 0.00 95.42
1343 1.02 0.00 3.07 0.51 0.00 0.00 0.00 0.00 0.00 95.40
1344 1.52 0.00 3.04 0.00 0.00 0.25 0.00 0.00 0.00 95.19
1345 1.02 0.00 3.32 0.51 0.00 0.00 0.00 0.00 0.00 95.14
1346 1.02 0.00 3.06 0.26 0.00 0.00 0.00 0.00 0.00 95.66
1347 1.28 0.00 3.07 0.00 0.00 0.26 0.00 0.00 0.00 95.40
1348 1.02 0.00 3.32 0.00 0.00 0.00 0.00 0.00 0.00 95.65
1349 0.51 0.00 3.34 0.77 0.00 0.00 0.26 0.00 0.00 95.12
1350 1.53 0.00 3.07 2.56 0.00 0.00 0.00 0.00 0.00 92.84
1351 1.27 0.00 3.29 3.80 0.00 0.51 0.00 0.00 0.00 91.14
1352 1.53 0.00 2.81 2.56 0.00 0.00 0.00 0.00 0.00 93.09
1353 1.28 0.00 2.81 3.07 0.00 0.26 0.00 0.00 0.00 92.58
1354 1.02 0.00 3.56 2.54 0.00 0.25 0.25 0.00 0.00 92.37
1355 1.27 0.00 3.30 0.25 0.00 0.25 0.00 0.00 0.00 94.92
1356 1.28 0.00 2.81 2.56 0.00 0.00 0.00 0.00 0.00 93.35
1357 1.53 0.00 3.06 0.00 0.00 0.00 0.26 0.00 0.00 95.15
1358 2.06 0.00 3.61 2.06 0.00 0.00 0.26 0.00 0.00 92.01
1359 1.52 0.00 4.80 0.00 0.00 0.00 0.00 0.00 0.00 93.69
1360 1.02 0.00 3.84 2.81 0.00 0.26 0.00 0.00 0.00 92.07
1361 1.27 0.00 3.31 0.51 0.00 0.00 0.00 0.00 0.00 94.91
1362 1.53 0.00 2.80 2.80 0.00 0.00 0.00 0.00 0.00 92.88
1363 0.77 0.00 3.08 0.51 0.00 0.26 0.00 0.00 0.00 95.37
1364 1.03 0.00 2.83 2.06 0.00 0.00 0.00 0.00 0.00 94.09
1365 1.55 0.00 2.84 3.87 0.00 0.00 0.00 0.00 0.00 91.75
1366 0.51 0.00 3.33 0.51 0.00 0.00 0.00 0.00 0.00 95.64
1367 0.51 0.00 3.57 0.00 0.00 0.00 0.26 0.00 0.00 95.66
1368 1.53 0.00 3.31 0.76 0.00 0.00 0.00 0.00 0.00 94.40
1369 1.02 0.00 3.58 0.00 0.00 0.00 0.00 0.00 0.00 95.40
1370 1.53 0.00 3.56 1.02 0.00 0.00 0.00 0.00 0.00 93.89
1371 1.52 0.00 3.80 0.00 0.00 0.00 0.00 0.00 0.00 94.68
1372 2.01 0.00 4.27 0.50 0.00 0.25 0.00 0.00 0.00 92.96
1373 0.76 0.00 4.33 0.00 0.00 0.00 0.00 0.00 0.00 94.91
1374 1.51 0.00 4.03 0.25 0.00 0.00 0.00 0.00 0.00 94.21
1375 1.28 0.00 3.83 0.00 0.00 0.00 0.00 0.00 0.00 94.90
1376 1.27 0.00 3.29 0.25 0.00 0.25 0.25 0.00 0.00 94.68
1377 1.53 0.00 3.05 0.00 0.00 0.00 0.00 0.00 0.00 95.42
1378 0.76 0.00 4.31 0.00 0.00 0.00 0.00 0.00 0.00 94.92
1379 1.52 0.00 3.30 0.00 0.00 0.00 0.00 0.00 0.00 95.18
1380 1.52 0.00 3.81 0.51 0.00 0.00 0.00 0.00 0.00 94.16
1381 1.27 0.00 4.30 0.00 0.00 0.00 0.00 0.00 0.00 94.43
1382 1.77 0.00 4.30 0.25 0.00 0.00 0.00 0.00 0.00 93.67
1383 2.00 0.00 4.49 0.25 0.00 0.50 0.00 0.00 0.00 92.77
1384 1.01 0.00 4.05 0.25 0.00 0.00 0.00 0.00 0.00 94.68
1385 1.51 0.00 5.04 2.52 0.00 0.00 0.00 0.00 0.00 90.93
1386 1.53 0.00 3.32 0.26 0.00 0.00 0.00 0.00 0.00 94.90
1387 1.03 0.00 3.59 0.77 0.00 0.00 0.00 0.00 0.00 94.62
1388 0.51 0.00 3.59 0.26 0.00 0.26 0.00 0.00 0.00 95.38
1389 1.01 0.00 3.54 0.00 0.00 0.25 0.25 0.00 0.00 94.95
1390 1.02 0.00 4.06 2.28 0.00 0.00 0.00 0.00 0.00 92.64
1391 1.28 0.00 3.32 0.00 0.00 0.00 0.00 0.00 0.00 95.41
1392 1.76 0.00 4.03 0.25 0.00 0.00 0.00 0.00 0.00 93.95
1393 1.76 0.00 5.79 0.25 0.00 0.00 0.00 0.00 0.00 92.19
1394 1.02 0.00 4.06 0.00 0.00 0.00 0.00 0.00 0.00 94.92
1395 1.75 0.00 3.76 0.25 0.00 0.00 0.00 0.00 0.00 94.24
1396 1.26 0.00 4.53 0.25 0.00 0.00 0.00 0.00 0.00 93.95
1397 1.01 0.00 4.28 0.00 0.00 0.00 0.00 0.00 0.00 94.71
1398 1.26 0.00 4.29 0.25 0.00 0.00 0.00 0.00 0.00 94.19
1399 2.02 0.00 3.54 0.00 0.00 0.00 0.00 0.00 0.00 94.44
1400 1.52 0.00 3.81 0.25 0.00 0.00 0.51 0.00 0.00 93.91
1401 1.77 0.00 3.80 0.00 0.00 0.00 0.00 0.00 0.00 94.43
1402 1.26 0.00 4.53 2.02 0.00 0.00 0.00 0.00 0.00 92.19
1403 1.51 0.00 4.27 0.25 0.00 0.00 0.00 0.00 0.00 93.97
1404 1.00 0.00 4.74 2.49 0.00 0.25 0.25 0.00 0.00 91.27
1405 1.75 0.00 4.49 4.99 0.00 0.25 0.00 0.00 0.00 88.53
1406 2.26 0.00 4.51 6.52 0.00 0.00 0.00 0.00 0.00 86.72
1407 2.02 0.00 4.04 0.51 0.00 0.00 0.00 0.00 0.00 93.43
1408 1.52 0.00 3.81 2.03 0.00 0.00 0.00 0.00 0.00 92.64
1409 1.02 0.00 3.55 0.00 0.00 0.00 0.25 0.00 0.00 95.18
1410 0.51 0.00 4.30 1.77 0.00 0.00 0.00 0.00 0.00 93.42
1411 1.02 0.00 3.31 4.07 0.00 0.00 0.25 0.00 0.00 91.35
1412 1.52 0.00 3.29 0.51 0.00 0.00 0.00 0.00 0.00 94.68
1413 1.76 0.00 4.03 0.00 0.00 0.00 0.00 0.00 0.00 94.21
1414 1.78 0.00 3.55 0.51 0.00 0.00 0.00 0.00 0.00 94.16
1415 1.27 0.00 3.55 0.51 0.00 0.00 0.00 0.00 0.00 94.67
1416 1.53 0.00 3.07 0.26 0.00 0.00 0.00 0.00 0.00 95.14
1417 1.27 0.00 4.33 0.25 0.00 0.00 0.00 0.00 0.00 94.15
1418 1.54 0.00 3.86 1.54 0.00 0.00 0.26 0.00 0.00 92.80
1419 1.01 0.00 5.06 0.00 0.00 0.00 0.00 0.00 0.00 93.92
1420 1.52 0.00 4.55 0.76 0.00 0.25 0.00 0.00 0.00 92.93
1421 1.53 0.00 3.83 0.26 0.00 0.00 0.00 0.00 0.00 94.39
1422 1.76 0.00 4.28 0.25 0.00 0.00 0.00 0.00 0.00 93.70
1423 0.76 0.00 4.31 0.51 0.00 0.25 0.00 0.00 0.00 94.16
1424 1.76 0.00 3.77 0.25 0.00 0.00 0.00 0.00 0.00 94.22
1425 1.26 0.00 4.27 0.25 0.00 0.25 0.00 0.00 0.00 93.97
1426 1.52 0.00 4.05 2.78 0.00 0.00 0.25 0.00 0.00 91.39
1427 1.02 0.00 4.06 0.00 0.00 0.25 0.25 0.00 0.00 94.42
1428 1.28 0.00 3.32 0.77 0.00 0.00 0.00 0.00 0.00 94.63
1429 1.01 0.00 3.54 0.25 0.00 0.25 0.00 0.00 0.00 94.95
1430 1.27 0.00 3.31 0.51 0.00 0.00 0.00 0.00 0.00 94.91
1431 0.77 0.00 2.84 0.00 0.00 0.00 0.00 0.00 0.00 96.39
1432 0.51 0.00 3.08 0.51 0.00 0.00 0.00 0.00 0.00 95.90
1433 1.28 0.00 3.32 0.26 0.00 0.00 0.00 0.00 0.00 95.15
1434 1.53 0.00 2.81 0.51 0.00 0.00 0.00 0.00 0.00 95.14
1435 1.53 0.00 2.81 0.51 0.00 0.00 0.00 0.00 0.00 95.14
1436 1.54 0.00 2.82 0.00 0.00 0.26 0.00 0.00 0.00 95.38
1437 1.02 0.00 3.58 0.51 0.00 0.00 0.00 0.00 0.00 94.88
1438 1.52 0.00 3.81 0.25 0.00 0.00 0.00 0.00 0.00 94.42
1439 1.53 0.00 3.31 0.25 0.00 0.00 0.25 0.00 0.00 94.66
1440 2.04 0.00 3.82 0.76 0.00 0.00 0.00 0.00 0.00 93.38
1441 1.51 0.00 4.28 0.76 0.00 0.00 0.00 0.00 0.00 93.45
1442 1.76 0.00 4.03 0.76 0.00 0.00 0.00 0.00 0.00 93.45
1443 0.76 0.00 4.57 1.27 0.00 0.25 0.00 0.00 0.00 93.15
1444 1.52 0.00 4.06 1.52 0.00 0.00 0.00 0.00 0.00 92.89
1445 1.26 0.00 4.55 1.26 0.00 0.00 0.00 0.00 0.00 92.93
1446 1.02 0.00 4.08 1.53 0.00 0.00 0.26 0.00 0.00 93.11
1447 1.79 0.00 3.57 2.81 0.00 0.00 0.26 0.00 0.00 91.58
1448 1.53 0.00 3.32 3.32 0.00 0.00 0.00 0.00 0.00 91.82
1449 1.01 0.00 4.30 0.00 0.00 0.00 0.00 0.00 0.00 94.68
1450 1.02 0.00 4.06 2.28 0.00 0.00 0.00 0.00 0.00 92.64
1451 1.53 0.00 3.82 5.34 0.00 0.00 0.00 0.00 0.00 89.31
1452 1.51 0.00 4.52 1.76 0.00 0.00 0.00 0.00 0.00 92.21
1453 2.02 0.00 5.54 0.25 0.00 0.00 0.25 0.00 0.00 91.94
1454 1.52 0.00 3.54 0.25 0.00 0.00 0.00 0.00 0.00 94.68
1455 1.02 0.00 4.33 0.51 0.00 0.00 0.00 0.00 0.00 94.15
1456 2.02 0.00 4.04 0.25 0.00 0.00 0.00 0.00 0.00 93.69
1457 1.53 0.00 3.31 0.00 0.00 0.00 0.00 0.00 0.00 95.17
1458 1.02 0.00 3.57 0.00 0.00 0.26 0.00 0.00 0.00 95.15
1459 1.76 0.00 3.78 0.25 0.00 0.00 0.00 0.00 0.00 94.21
1460 2.81 0.00 3.07 0.26 0.00 0.00 0.26 0.00 0.00 93.61
1461 2.04 0.00 3.83 2.30 0.00 0.00 0.00 0.00 0.00 91.84
1462 0.76 0.00 4.07 0.76 0.00 0.00 0.00 0.00 0.00 94.40
1463 1.03 0.00 2.83 0.00 0.00 0.00 0.00 0.00 0.00 96.14
1464 1.77 0.00 3.79 0.25 0.00 0.00 0.00 0.00 0.00 94.19
1465 16.71 0.00 3.34 1.29 0.00 0.00 0.00 0.00 0.00 78.66
1466 24.87 0.00 4.06 0.76 0.00 0.00 0.00 0.00 0.00 70.30
1467 24.94 0.00 4.07 0.25 0.00 0.00 0.00 0.00 0.00 70.74
1468 28.17 0.00 4.06 0.76 0.00 0.00 0.25 0.00 0.00 66.75
1469 24.11 0.00 4.57 0.76 0.00 0.00 0.00 0.00 0.00 70.56
1470 24.28 0.00 4.18 0.00 0.00 0.00 0.00 0.00 0.00 71.54
1471 30.36 0.00 3.57 0.51 0.00 0.00 0.00 0.00 0.00 65.56
1472 25.13 0.00 3.81 0.00 0.00 0.25 0.25 0.00 0.00 70.56
1473 27.74 0.00 4.58 0.76 0.00 0.00 0.25 0.00 0.00 66.67
1474 25.00 0.00 4.34 0.26 0.00 0.00 0.00 0.00 0.00 70.41
1475 29.20 0.00 3.88 0.26 0.00 0.00 0.00 0.00 0.00 66.67
1476 24.74 0.00 4.08 0.00 0.00 0.00 0.26 0.00 0.00 70.92
1477 30.26 0.00 5.90 0.51 0.00 0.26 0.00 0.00 0.00 63.08
1478 25.84 0.00 4.13 0.52 0.00 0.00 0.00 0.00 0.00 69.51
1479 28.21 0.00 3.85 0.00 0.00 0.00 0.00 0.00 0.00 67.95
1480 25.71 0.00 4.11 0.77 0.00 0.00 0.00 0.00 0.00 69.41
1481 25.90 0.00 3.85 3.85 0.00 0.00 0.00 0.00 0.00 66.41
1482 28.13 0.00 3.58 0.00 0.00 0.00 0.00 0.00 0.00 68.29
1483 23.80 0.00 5.32 0.76 0.00 0.00 0.00 0.00 0.00 70.13
1484 28.72 0.00 3.85 0.00 0.00 0.00 0.26 0.00 0.00 67.18
1485 25.58 0.00 3.32 1.53 0.00 0.00 0.00 0.00 0.00 69.57
1486 27.13 0.00 4.13 3.36 0.00 0.00 0.00 0.00 0.00 65.37
1487 24.55 0.00 3.58 0.77 0.00 0.00 0.00 0.00 0.00 71.10
1488 27.25 0.00 3.86 1.29 0.00 0.00 0.26 0.00 0.00 67.35
1489 25.06 0.00 4.05 4.30 0.00 0.00 0.00 0.00 0.00 66.58
1490 10.26 0.00 3.85 4.10 0.00 0.00 0.26 0.00 0.00 81.54
1491 1.27 0.00 3.56 1.78 0.00 0.00 0.00 0.00 0.00 93.38
1492 1.28 0.00 3.33 0.00 0.00 0.00 0.00 0.00 0.00 95.38
1493 2.05 0.00 2.05 6.92 0.00 0.00 0.00 0.00 0.00 88.97
1494 1.02 0.00 3.56 0.00 0.00 0.00 0.25 0.00 0.00 95.17
1495 1.02 0.00 3.31 2.54 0.00 0.00 0.00 0.00 0.00 93.13
1496 0.51 0.00 3.82 0.00 0.00 0.00 0.00 0.00 0.00 95.67
1497 1.03 0.00 3.34 7.46 0.00 0.00 0.00 0.00 0.00 88.17
1498 1.53 0.00 2.56 0.26 0.00 0.00 0.00 0.00 0.00 95.65
1499 1.29 0.00 2.84 1.55 0.00 0.00 0.00 0.00 0.00 94.32
1500 1.53 0.00 3.31 2.80 0.00 0.25 0.25 0.00 0.00 91.86
1501 1.28 0.00 4.10 4.87 0.00 0.00 0.00 0.00 0.00 89.74
1502 1.77 0.00 4.29 1.52 0.00 0.00 0.00 0.00 0.00 92.42
1503 2.30 0.00 3.83 5.61 0.00 0.00 0.00 0.00 0.00 88.27
1504 1.28 0.00 3.32 0.00 0.00 0.26 0.00 0.00 0.00 95.15
1505 1.27 0.00 4.06 4.57 0.00 0.00 0.00 0.00 0.00 90.10
1506 0.76 0.00 4.81 3.29 0.00 0.00 0.00 0.00 0.00 91.14
1507 1.29 0.00 3.34 1.54 0.00 0.00 0.26 0.00 0.00 93.57
1508 0.77 0.00 3.33 0.51 0.00 0.00 0.00 0.00 0.00 95.38
1509 1.28 0.00 3.84 1.79 0.00 0.00 0.00 0.00 0.00 93.09
1510 0.77 0.00 3.59 1.03 0.00 0.00 0.00 0.00 0.00 94.62
1511 1.29 0.00 3.08 4.88 0.00 0.00 0.26 0.00 0.00 90.49
1512 10.16 0.00 5.99 22.14 0.00 0.00 0.00 0.00 0.00 61.72
1513 25.64 0.00 4.10 18.97 0.00 0.00 0.00 0.00 0.00 51.28
1514 36.96 0.00 5.16 0.54 0.00 0.00 0.27 0.00 0.00 57.07
1515 24.49 0.00 4.34 1.79 0.00 0.26 0.00 0.00 0.00 69.13
1516 24.55 0.00 4.35 1.02 0.00 0.00 0.00 0.00 0.00 70.08
1517 44.70 0.00 4.80 5.30 0.00 0.00 0.00 0.00 0.00 45.20
1518 95.32 0.00 3.80 0.58 0.00 0.00 0.29 0.00 0.00 0.00
1519 67.91 0.00 3.72 0.00 0.00 0.00 0.00 0.00 0.00 28.37
1520 24.30 0.00 4.81 0.25 0.00 0.00 0.00 0.00 0.00 70.63
1521 52.17 0.00 3.07 0.00 0.00 0.00 0.00 0.00 0.00 44.76
1522 84.44 0.00 3.57 1.79 0.00 0.00 0.00 0.00 0.00 10.20
1523 69.21 0.00 4.07 1.02 0.00 0.25 0.00 0.00 0.00 25.45
1524 24.49 0.00 4.85 6.63 0.00 0.00 0.00 0.00 0.00 64.03
1525 24.69 0.00 4.53 0.50 0.00 0.00 0.00 0.00 0.00 70.28
1526 88.24 0.00 4.55 0.00 0.00 0.00 0.00 0.00 0.00 7.22
1527 96.41 0.00 3.27 0.00 0.00 0.00 0.33 0.00 0.00 0.00
1528 28.08 0.00 4.20 0.52 0.00 0.00 0.00 0.00 0.00 67.19
1529 21.28 0.00 4.26 0.80 0.00 0.00 0.00 0.00 0.00 73.67
1530 81.87 0.00 4.97 0.58 0.00 0.00 0.29 0.00 0.00 12.28
1531 94.77 0.00 4.58 0.33 0.00 0.00 0.00 0.00 0.00 0.33
1532 44.38 0.00 3.75 0.29 0.00 0.00 0.00 0.00 0.00 51.59
1533 25.32 0.00 4.05 1.01 0.00 0.00 0.00 0.00 0.00 69.62
1534 25.00 0.00 4.55 0.76 0.00 0.00 0.25 0.00 0.00 69.44
1535 69.57 0.00 4.35 0.26 0.00 0.00 0.00 0.00 0.00 25.83
1536 73.28 0.00 3.56 1.53 0.00 0.00 0.00 0.00 0.00 21.63
1537 63.95 0.00 4.65 0.58 0.00 0.00 0.29 0.00 0.00 30.52
1538 30.36 0.00 4.34 0.00 0.00 0.00 0.26 0.00 0.00 65.05
1539 22.16 0.00 3.69 0.53 0.00 0.00 0.26 0.00 0.00 73.35
1540 8.95 0.00 4.60 1.28 0.00 0.00 0.00 0.00 0.00 85.17
1541 1.03 0.00 3.08 5.64 0.00 0.00 0.00 0.00 0.00 90.26
1542 1.02 0.00 3.07 2.81 0.00 0.00 0.26 0.00 0.00 92.84
1543 1.03 0.00 2.82 0.77 0.00 0.00 0.00 0.00 0.00 95.38
1544 1.55 0.00 2.84 0.52 0.00 0.00 0.00 0.00 0.00 95.10
1545 1.02 0.00 4.07 0.51 0.00 0.00 0.00 0.00 0.00 94.40
1546 2.85 0.00 2.85 39.12 0.00 0.26 0.00 0.00 0.00 54.92
1547 2.83 0.00 4.11 46.27 0.00 0.00 0.00 0.00 0.00 46.79
1548 4.60 0.00 4.86 49.10 0.00 0.00 0.00 0.00 0.00 41.43
1549 5.87 0.00 5.87 31.38 0.00 0.00 0.00 0.00 0.00 56.89
1550 44.62 0.00 6.92 15.64 0.00 0.00 0.00 0.00 0.00 32.82
1551 30.63 0.00 4.56 1.27 0.00 0.00 0.25 0.00 0.00 63.29
1552 25.90 0.00 4.10 0.00 0.00 0.00 0.00 0.00 0.00 70.00
1553 31.71 0.00 3.58 0.77 0.00 0.00 0.00 0.00 0.00 63.94
1554 38.10 0.00 4.01 0.75 0.00 0.25 0.00 0.00 0.00 56.89
1555 25.57 0.00 4.05 0.00 0.00 0.00 0.00 0.00 0.00 70.38
1556 42.02 0.00 4.26 0.27 0.00 0.00 0.00 0.00 0.00 53.46
1557 25.51 0.00 4.04 0.25 0.00 0.00 0.00 0.00 0.00 70.20
1558 42.19 0.00 3.65 1.04 0.00 0.00 0.00 0.00 0.00 53.12
1559 29.47 0.00 4.28 1.01 0.00 0.00 0.00 0.00 0.00 65.24
1560 37.40 0.00 4.33 2.04 0.00 0.00 0.25 0.00 0.00 55.98
1561 4.55 0.00 4.80 2.02 0.00 0.00 0.00 0.00 0.00 88.64
1562 1.52 0.00 4.06 0.76 0.00 0.00 0.25 0.00 0.00 93.40
1563 1.27 0.00 4.30 0.76 0.00 0.00 0.00 0.00 0.00 93.67
1564 22.62 0.00 4.63 1.29 0.00 0.00 0.00 0.00 0.00 71.47
1565 25.00 0.00 5.05 0.25 0.00 0.00 0.00 0.00 0.00 69.70
1566 25.58 0.00 4.09 0.77 0.00 0.00 0.00 0.00 0.00 69.57
1567 48.04 0.00 6.79 2.87 0.00 0.00 0.00 0.00 0.00 42.30
1568 25.32 0.00 3.58 0.26 0.00 0.00 0.26 0.00 0.00 70.59
1569 47.34 0.00 5.06 0.25 0.00 0.00 0.00 0.00 0.00 47.34
1570 24.10 0.00 4.36 0.00 0.00 0.00 0.00 0.00 0.00 71.54
1571 24.94 0.00 3.82 0.00 0.00 0.00 0.00 0.00 0.00 71.25
1572 43.32 0.00 6.30 0.50 0.00 0.00 0.00 0.00 0.00 49.87
1573 24.56 0.00 4.30 0.00 0.00 0.00 0.00 0.00 0.00 71.14
1574 44.53 0.00 4.07 0.00 0.00 0.00 0.00 0.00 0.00 51.40
1575 24.62 0.00 4.10 0.26 0.00 0.00 0.00 0.00 0.00 71.03
1576 20.72 0.00 3.58 0.77 0.00 0.00 0.26 0.00 0.00 74.68
1577 34.37 0.00 4.91 2.84 0.00 0.26 0.00 0.00 0.00 57.62
1578 24.94 0.00 3.86 0.51 0.00 0.00 0.00 0.00 0.00 70.69
1579 46.06 0.00 4.83 0.51 0.00 0.00 0.00 0.00 0.00 48.60
1580 24.94 0.00 4.63 0.77 0.00 0.00 0.00 0.00 0.00 69.67
1581 38.58 0.00 5.08 1.02 0.00 0.00 0.00 0.00 0.00 55.33
1582 32.23 0.00 4.06 0.76 0.00 0.00 0.25 0.00 0.00 62.69
1583 24.49 0.00 5.36 0.77 0.00 0.00 0.00 0.00 0.00 69.39
1584 43.77 0.00 4.24 0.00 0.00 0.00 0.27 0.00 0.00 51.72
1585 25.25 0.00 4.29 1.26 0.00 0.00 0.00 0.00 0.00 69.19
1586 42.39 0.00 4.31 0.00 0.00 0.25 0.25 0.00 0.00 52.79
1587 1.01 0.00 5.04 0.76 0.00 0.00 0.00 0.00 0.00 93.20
1588 1.78 0.00 3.31 0.00 0.00 0.00 0.00 0.00 0.00 94.91
1589 1.01 0.00 3.80 0.25 0.00 0.00 0.00 0.00 0.00 94.94
1590 16.79 0.00 3.31 0.76 0.00 0.00 0.00 0.00 0.00 79.13
1591 25.58 0.00 3.32 1.02 0.00 0.00 0.00 0.00 0.00 70.08
1592 42.93 0.00 5.05 0.51 0.00 0.00 0.51 0.00 0.00 51.01
1593 25.19 0.00 3.82 0.25 0.00 0.00 0.00 0.00 0.00 70.74
1594 31.73 0.00 4.57 0.25 0.00 0.25 0.51 0.00 0.00 62.69
1595 37.79 0.00 4.88 0.51 0.00 0.00 0.00 0.00 0.00 56.81
1596 25.32 0.00 3.36 0.26 0.00 0.00 0.00 0.00 0.00 71.06
1597 46.72 0.00 3.41 0.00 0.00 0.00 0.52 0.00 0.00 49.34
1598 23.75 0.00 2.64 3.17 0.00 0.00 0.00 0.00 0.00 70.45
1599 41.87 0.00 3.86 4.68 0.00 0.00 0.00 0.00 0.00 49.59
1600 24.42 0.00 3.86 0.26 0.00 0.00 0.51 0.00 0.00 70.95
1601 34.27 0.00 4.35 0.26 0.00 0.00 0.00 0.00 0.00 61.13
1602 1.79 0.00 4.86 5.37 0.00 0.26 0.00 0.00 0.00 87.72
1603 1.52 0.00 3.80 3.80 0.00 0.00 0.00 0.00 0.00 90.89
1604 1.77 0.00 3.54 1.27 0.00 0.00 0.00 0.00 0.00 93.42
1605 1.29 0.00 2.83 2.83 0.00 0.00 0.00 0.00 0.00 93.06
1606 27.25 0.00 3.08 6.17 0.00 0.00 0.00 0.00 0.00 63.50
1607 25.45 0.00 2.57 0.00 0.00 0.00 0.00 0.00 0.00 71.98
1608 26.15 0.00 2.82 4.36 0.00 0.00 0.00 0.00 0.00 66.67
1609 48.09 0.00 2.80 0.00 0.00 0.00 0.25 0.00 0.00 48.85
1610 25.71 0.00 2.57 0.77 0.00 0.26 0.00 0.00 0.00 70.69
1611 45.45 0.00 3.12 3.64 0.00 0.00 0.00 0.00 0.00 47.79
1612 24.74 0.00 3.61 0.26 0.00 0.00 0.00 0.00 0.00 71.39
1613 43.81 0.00 3.61 0.52 0.00 0.00 0.00 0.00 0.00 52.06
1614 25.19 0.00 3.34 0.00 0.00 0.00 0.26 0.00 0.00 71.21
1615 35.19 0.00 3.54 0.51 0.00 0.00 0.00 0.00 0.00 60.76
1616 33.67 0.00 4.08 0.00 0.00 0.00 0.00 0.00 0.00 62.24
1617 24.68 0.00 3.08 0.26 0.00 0.00 0.00 0.00 0.00 71.98
1618 11.08 0.00 3.09 0.00 0.00 0.00 0.00 0.00 0.00 85.82
1619 40.87 0.00 3.60 3.60 0.00 0.00 0.26 0.00 0.00 51.67
1620 24.81 0.00 4.35 0.26 0.00 0.00 0.00 0.00 0.00 70.59
1621 24.61 0.00 3.89 0.52 0.00 0.00 0.00 0.00 0.00 70.98
1622 76.84 0.00 4.58 2.04 0.00 0.00 0.00 0.00 0.00 16.54
1623 10.54 0.00 3.86 28.79 0.00 0.00 0.00 0.00 0.00 56.81
1624 1.55 0.00 3.36 43.41 0.00 0.00 0.00 0.00 0.00 51.68
1625 1.30 0.00 8.29 39.90 0.00 0.00 0.00 0.00 0.00 50.52
1626 2.35 0.00 4.96 28.20 0.00 0.26 0.52 0.00 0.00 63.71
1627 1.04 0.00 3.39 25.52 0.00 0.00 0.26 0.00 0.00 69.79
1628 2.08 0.00 4.69 30.47 0.00 0.00 0.26 0.00 0.00 62.50
1629 1.80 0.00 5.15 46.39 0.00 0.00 0.26 0.00 0.00 46.39
1630 1.79 0.00 4.10 36.67 0.00 0.00 0.00 0.00 0.00 57.44
1631 1.77 0.00 3.54 0.76 0.00 0.00 0.00 0.00 0.00 93.92
1632 2.05 0.00 4.10 1.79 0.00 0.00 0.00 0.00 0.00 92.05
1633 1.53 0.00 4.07 13.49 0.00 0.00 0.00 0.00 0.00 80.92
1634 2.07 0.00 3.62 21.45 0.00 0.00 0.00 0.00 0.00 72.87
1635 1.01 0.00 3.80 1.77 0.00 0.25 0.00 0.00 0.00 93.16
1636 1.51 0.00 4.02 1.01 0.00 0.00 0.00 0.00 0.00 93.47
1637 1.01 0.00 4.55 4.55 0.00 0.00 0.00 0.00 0.00 89.90
1638 1.26 0.00 4.28 0.76 0.00 0.00 0.00 0.00 0.00 93.70
1639 1.75 0.00 4.26 0.50 0.00 0.00 0.00 0.00 0.00 93.48
1640 1.28 0.00 3.59 1.28 0.00 0.00 0.51 0.00 0.00 93.33
1641 1.77 0.00 3.80 0.51 0.00 0.00 0.25 0.00 0.00 93.67
1642 1.51 0.00 4.53 0.25 0.00 0.00 0.00 0.00 0.00 93.70
1643 1.26 0.00 4.79 0.25 0.00 0.00 0.00 0.00 0.00 93.70
1644 1.26 0.00 4.77 0.25 0.00 0.00 0.00 0.00 0.00 93.72
1645 1.01 0.00 5.05 0.25 0.00 0.00 0.00 0.00 0.00 93.69
1646 1.26 0.00 4.29 0.51 0.00 0.00 0.00 0.00 0.00 93.94
1647 1.27 0.00 4.31 0.76 0.00 0.00 0.00 0.00 0.00 93.65
1648 1.26 0.00 4.55 0.00 0.00 0.00 0.00 0.00 0.00 94.19
1649 1.00 0.00 5.01 1.25 0.00 0.00 0.25 0.00 0.00 92.48
1650 1.00 0.00 5.26 1.00 0.00 0.00 0.00 0.00 0.00 92.73
1651 1.01 0.00 4.30 14.68 0.00 0.00 0.00 0.00 0.00 80.00
1652 2.26 0.00 4.26 1.25 0.00 0.00 0.00 0.00 0.00 92.23
1653 1.01 0.00 5.30 3.03 0.00 0.00 0.00 0.00 0.00 90.66
1654 1.52 0.00 3.55 1.02 0.00 0.00 0.00 0.00 0.00 93.91
1655 1.52 0.00 4.29 1.52 0.00 0.00 0.00 0.00 0.00 92.68
1656 1.76 0.00 3.77 2.01 0.00 0.00 0.00 0.00 0.00 92.46
1657 1.28 0.00 3.59 2.31 0.00 0.00 0.26 0.00 0.00 92.56
1658 1.27 0.00 3.81 0.25 0.00 0.00 0.00 0.00 0.00 94.67
1659 1.01 0.00 4.56 1.77 0.00 0.00 0.25 0.00 0.00 92.41
1660 1.27 0.00 3.82 0.51 0.00 0.00 0.00 0.00 0.00 94.40
1661 1.50 0.00 4.50 0.25 0.00 0.00 0.00 0.00 0.00 93.75
1662 1.01 0.00 4.05 1.01 0.00 0.00 0.00 0.00 0.00 93.92
1663 1.77 0.00 4.05 0.51 0.00 0.00 0.00 0.00 0.00 93.67
1664 1.26 0.00 4.53 0.00 0.00 0.00 0.00 0.00 0.00 94.21
1665 1.28 0.00 3.32 0.51 0.00 0.00 0.00 0.00 0.00 94.88
1666 1.02 0.00 3.31 0.25 0.00 0.00 0.00 0.00 0.00 95.42
1667 1.28 0.00 2.81 0.26 0.00 0.00 0.00 0.00 0.00 95.65
1668 2.05 0.00 2.31 0.51 0.00 0.00 0.00 0.00 0.00 95.13
1669 1.27 0.00 3.82 0.76 0.00 0.00 0.25 0.00 0.00 93.89
1670 1.52 0.00 3.80 0.25 0.00 0.25 0.00 0.00 0.00 94.18
1671 1.29 0.00 2.32 0.00 0.00 0.00 0.00 0.00 0.00 96.39
1672 0.26 0.00 3.86 2.06 0.00 0.00 0.00 0.00 0.00 93.83
1673 1.53 0.00 3.57 0.26 0.00 0.00 0.00 0.00 0.00 94.64
1674 1.78 0.00 3.81 0.00 0.00 0.00 0.00 0.00 0.00 94.42
1675 1.02 0.00 3.57 1.02 0.00 0.00 0.00 0.00 0.00 94.39
1676 1.03 0.00 2.82 0.26 0.00 0.00 0.00 0.00 0.00 95.90
1677 0.77 0.00 3.57 0.51 0.00 0.00 0.00 0.00 0.00 95.15
1678 1.03 0.00 3.33 0.26 0.00 0.00 0.00 0.00 0.00 95.38
1679 1.02 0.00 3.56 0.25 0.00 0.00 0.00 0.00 0.00 95.17
1680 0.77 0.00 2.83 0.26 0.00 0.00 0.00 0.00 0.00 96.14
1681 1.28 0.00 3.58 0.26 0.00 0.00 0.00 0.00 0.00 94.88
1682 0.79 0.00 2.62 2.62 0.00 0.00 0.00 0.00 0.00 93.98
1683 1.27 0.00 3.55 0.51 0.00 0.00 0.25 0.00 0.00 94.42
1684 1.27 0.00 3.05 0.00 0.00 0.00 0.00 0.00 0.00 95.69
1685 1.27 0.00 4.05 0.25 0.00 0.00 0.00 0.00 0.00 94.43
1686 2.02 0.00 4.03 0.25 0.00 0.25 0.00 0.00 0.00 93.45
1687 0.52 0.00 3.87 0.26 0.00 0.00 0.00 0.00 0.00 95.36
1688 1.29 0.00 3.36 0.52 0.00 0.00 0.26 0.00 0.00 94.57
1689 1.02 0.00 4.35 9.97 0.00 0.00 0.00 0.00 0.00 84.65
1690 1.01 0.00 4.30 0.25 0.00 0.00 0.00 0.00 0.00 94.43
1691 2.26 0.00 3.27 0.25 0.00 0.00 0.25 0.00 0.00 93.97
1692 2.04 0.00 4.34 0.00 0.00 0.00 0.00 0.00 0.00 93.62
1693 0.76 0.00 4.31 0.00 0.00 0.00 0.00 0.00 0.00 94.92
1694 1.52 0.00 3.30 1.02 0.00 0.25 0.00 0.00 0.00 93.91
1695 2.00 0.00 3.75 0.75 0.00 0.00 0.00 0.00 0.00 93.50
1696 1.02 0.00 3.81 0.25 0.00 0.00 0.00 0.00 0.00 94.92
1697 1.27 0.00 3.30 0.00 0.00 0.00 0.00 0.00 0.00 95.43
1698 0.76 0.00 4.55 0.25 0.00 0.00 0.25 0.00 0.00 94.19
1699 1.25 0.00 4.99 0.25 0.00 0.00 0.00 0.00 0.00 93.52
1700 0.76 0.00 4.79 0.25 0.00 0.00 0.00 0.00 0.00 94.21
1701 1.75 0.00 4.74 0.25 0.00 0.00 0.00 0.00 0.00 93.27
1702 1.50 0.00 5.01 0.25 0.00 0.00 0.00 0.00 0.00 93.23
1703 2.24 0.00 4.73 0.25 0.00 0.00 0.00 0.00 0.00 92.79
1704 2.26 0.00 3.76 1.25 0.00 0.00 0.00 0.00 0.00 92.73
1705 2.02 0.00 4.53 1.01 0.00 0.00 0.00 0.00 0.00 92.44
1706 1.25 0.00 5.49 0.25 0.00 0.00 0.25 0.00 0.00 92.77
1707 1.51 0.00 4.28 2.02 0.00 0.00 0.00 0.00 0.00 92.19
1708 1.76 0.00 4.02 0.25 0.00 0.00 0.00 0.00 0.00 93.97
1709 1.76 0.00 3.78 0.25 0.00 0.00 0.00 0.00 0.00 94.21
1710 2.27 0.00 4.03 0.76 0.00 0.00 0.25 0.00 0.00 92.70
1711 1.26 0.00 4.55 0.00 0.00 0.00 0.00 0.00 0.00 94.19
1712 1.26 0.00 5.28 0.00 0.00 0.00 0.25 0.00 0.00 93.22
1713 1.52 0.00 4.31 0.51 0.00 0.00 0.00 0.00 0.00 93.65
1714 1.02 0.00 3.81 2.03 0.00 0.00 0.00 0.00 0.00 93.15
1715 1.28 0.00 3.57 0.77 0.00 0.00 0.00 0.00 0.00 94.39
1716 1.02 0.00 3.07 0.77 0.00 0.00 0.00 0.00 0.00 95.14
1717 1.52 0.00 4.05 0.76 0.00 0.00 0.25 0.00 0.00 93.42
1718 1.29 0.00 3.10 16.80 0.00 0.00 0.00 0.00 0.00 78.81
1719 1.02 0.00 3.58 25.83 0.00 0.26 0.00 0.00 0.00 69.31
1720 1.53 0.00 4.85 26.28 0.00 0.00 0.00 0.00 0.00 67.35
1721 0.77 0.00 3.09 11.60 0.00 0.00 0.00 0.00 0.00 84.54
1722 1.03 0.00 2.82 2.05 0.00 0.00 0.26 0.00 0.00 93.85
1723 1.27 0.00 2.80 0.51 0.00 0.00 0.00 0.00 0.00 95.42
1724 1.29 0.00 2.83 2.31 0.00 0.00 0.00 0.00 0.00 93.57
1725 0.77 0.00 3.33 22.05 0.00 0.00 0.00 0.00 0.00 73.85
1726 2.85 0.00 4.92 20.73 0.00 0.00 0.00 0.00 0.00 71.50
1727 7.36 0.00 7.36 14.72 0.00 0.00 0.25 0.00 0.00 70.30
1728 2.84 0.00 6.44 20.88 0.00 0.00 0.00 0.00 0.00 69.85
1729 1.52 0.00 3.80 1.01 0.00 0.25 0.00 0.00 0.00 93.42
1730 0.76 0.00 4.79 1.01 0.00 0.00 0.00 0.00 0.00 93.45
1731 1.28 0.00 3.07 0.00 0.00 0.00 0.00 0.00 0.00 95.65
1732 1.28 0.00 3.32 0.26 0.00 0.00 0.00 0.00 0.00 95.15
1733 1.77 0.00 3.28 0.00 0.00 0.00 0.00 0.00 0.00 94.95
1734 1.02 0.00 3.81 0.76 0.00 0.00 0.25 0.00 0.00 94.16
1735 1.77 0.00 3.54 0.25 0.00 0.00 0.00 0.00 0.00 94.44
1736 0.77 0.00 3.33 0.77 0.00 0.00 0.00 0.00 0.00 95.13
1737 1.52 0.00 3.04 0.25 0.00 0.00 0.00 0.00 0.00 95.19
1738 1.03 0.00 3.08 1.03 0.00 0.00 0.00 0.00 0.00 94.86
1739 1.27 0.00 3.30 1.27 0.00 0.00 0.00 0.00 0.00 94.16
1740 1.03 0.00 3.85 1.28 0.00 0.00 0.00 0.00 0.00 93.85
1741 1.78 0.00 3.05 0.00 0.00 0.00 0.00 0.00 0.00 95.18
1742 1.52 0.00 3.55 0.51 0.00 0.00 0.00 0.00 0.00 94.42
1743 6.89 0.00 7.14 2.55 0.00 0.00 0.00 0.00 0.00 83.42
1744 3.27 0.00 7.56 1.01 0.00 0.00 0.25 0.00 0.00 87.91
1745 2.27 0.00 3.28 0.76 0.00 0.00 0.00 0.00 0.00 93.69
