0 1.01 0.00 0.00 0.00 0.00 0.00 0.25 0.00 0.00 98.73
1 1.27 0.00 0.25 3.54 0.00 0.00 0.25 0.00 0.00 94.68
2 37.80 0.00 5.51 0.00 0.00 0.00 0.00 0.00 0.00 56.69
3 34.90 0.00 3.39 0.00 0.00 0.00 0.26 0.00 0.00 61.46
4 31.75 0.00 3.44 0.00 0.00 0.00 0.00 0.00 0.00 64.81
5 40.83 0.00 2.58 0.00 0.00 0.00 0.52 0.00 0.00 56.07
6 21.88 0.00 4.17 0.26 0.00 0.00 0.00 0.00 0.00 73.70
7 41.90 0.00 2.31 0.00 0.00 0.00 0.26 0.00 0.00 55.53
8 33.51 0.00 3.38 0.00 0.00 0.00 0.00 0.00 0.00 63.12
9 33.25 0.00 12.53 0.77 0.00 0.00 0.26 0.00 0.00 53.20
10 40.57 0.00 3.62 0.00 0.00 0.00 0.26 0.00 0.00 55.56
11 26.34 0.00 5.88 0.26 0.00 0.00 0.00 0.00 0.00 67.52
12 3.27 0.00 1.76 3.53 0.00 0.00 0.25 0.00 0.00 91.18
13 0.50 0.00 0.50 0.00 0.00 0.00 0.00 0.00 0.00 98.99
14 0.51 0.00 0.25 0.00 0.00 0.00 0.00 0.00 0.00 99.24
15 0.51 0.00 0.25 0.00 0.00 0.00 0.00 0.00 0.00 99.24
16 0.76 0.00 0.25 0.25 0.00 0.25 0.00 0.00 0.00 98.48
17 0.00 0.00 0.51 0.00 0.00 0.00 0.25 0.00 0.00 99.24
18 0.25 0.00 0.50 0.00 0.00 0.00 0.25 0.00 0.00 98.99
19 0.25 0.00 0.25 0.00 0.00 0.00 0.00 0.00 0.00 99.49
20 0.25 0.00 0.00 0.00 0.00 0.00 0.00 0.00 0.00 99.75
21 1.53 0.00 0.76 0.00 0.00 0.00 0.00 0.00 0.00 97.71
22 3.77 0.00 1.26 4.27 0.00 0.00 0.25 0.00 0.00 90.45
23 0.51 0.00 0.51 0.00 0.00 0.00 0.00 0.00 0.00 98.99
24 0.25 0.00 0.25 0.00 0.00 0.00 0.00 0.00 0.00 99.49
25 0.25 0.00 0.76 0.00 0.00 0.00 0.00 0.00 0.00 98.99
26 0.51 0.00 0.51 0.00 0.00 0.00 0.00 0.00 0.00 98.98
27 0.50 0.00 0.25 0.00 0.00 0.00 0.25 0.00 0.00 98.99
28 0.50 0.00 0.50 0.00 0.00 0.00 0.00 0.00 0.00 98.99
29 1.01 0.00 0.25 0.00 0.00 0.00 0.00 0.00 0.00 98.74
30 0.25 0.00 0.50 0.00 0.00 0.00 0.00 0.00 0.00 99.24
31 0.77 0.00 0.77 4.59 0.00 0.00 0.00 0.00 0.00 93.88
32 0.25 0.00 0.00 0.00 0.00 0.00 0.25 0.00 0.00 99.49
33 1.52 0.00 1.02 0.00 0.00 0.00 0.00 0.00 0.00 97.46
34 2.52 0.00 2.52 0.00 0.00 0.00 0.00 0.00 0.00 94.96
35 0.25 0.00 1.77 0.00 0.00 0.00 0.25 0.00 0.00 97.72
36 7.87 0.00 4.82 0.25 0.00 0.25 0.00 0.00 0.00 86.80
37 4.65 0.00 1.29 0.00 0.00 0.00 0.26 0.00 0.00 93.80
38 5.57 0.00 4.51 0.00 0.00 1.06 0.53 0.00 0.00 88.33
39 1.02 0.00 1.53 4.33 0.00 0.00 0.00 0.00 0.00 93.13
40 1.53 0.00 1.28 0.00 0.00 0.00 0.51 0.00 0.00 96.68
41 3.83 0.00 1.79 3.57 0.00 0.26 1.02 0.00 0.00 89.54
42 0.76 0.00 0.51 0.00 0.00 0.00 0.00 0.00 0.00 98.74
43 7.09 0.00 0.76 0.00 0.00 0.00 0.25 0.00 0.00 91.90
44 5.05 0.00 1.01 0.25 0.00 0.00 0.00 0.00 0.00 93.69
45 1.51 0.00 0.76 0.00 0.00 0.00 0.00 0.00 0.00 97.73
46 1.28 0.00 3.06 0.00 0.00 0.26 0.00 0.00 0.00 95.41
47 0.76 0.00 0.50 0.00 0.00 0.00 0.00 0.00 0.00 98.74
48 1.27 0.00 0.51 0.00 0.00 0.00 0.00 0.00 0.00 98.23
49 2.81 0.00 1.02 10.46 0.00 0.00 0.00 0.00 0.00 85.71
50 0.50 0.00 0.75 0.50 0.00 0.25 0.25 0.00 0.00 97.74
51 3.09 0.00 1.29 4.64 0.00 0.00 0.26 0.00 0.00 90.72
52 1.51 0.00 0.25 0.00 0.00 0.00 0.00 0.00 0.00 98.24
53 0.75 0.00 0.75 0.00 0.00 0.00 0.25 0.00 0.00 98.25
54 0.50 0.00 0.50 0.00 0.00 0.00 0.00 0.00 0.00 98.99
55 0.76 0.00 0.25 0.00 0.00 0.00 0.00 0.00 0.00 98.99
56 1.01 0.00 0.25 0.25 0.00 0.00 0.00 0.00 0.00 98.49
57 0.00 0.00 0.50 0.00 0.00 0.25 0.00 0.00 0.00 99.24
58 3.29 0.00 0.51 0.00 0.00 0.00 0.25 0.00 0.00 95.95
59 1.78 0.00 0.51 0.00 0.00 0.00 0.00 0.00 0.00 97.72
60 1.52 0.00 0.51 0.00 0.00 0.00 0.00 0.00 0.00 97.97
61 1.28 0.00 1.02 0.77 0.00 0.00 0.00 0.00 0.00 96.94
62 1.02 0.00 0.25 21.32 0.00 0.00 0.00 0.00 0.00 77.41
63 0.76 0.00 0.25 0.00 0.00 0.25 0.25 0.00 0.00 98.49
64 1.01 0.00 0.00 0.00 0.00 0.00 0.00 0.00 0.00 98.99
65 0.76 0.00 0.25 0.00 0.00 0.00 0.00 0.00 0.00 98.99
66 2.03 0.00 0.25 0.25 0.00 0.00 0.00 0.00 0.00 97.47
67 1.76 0.00 0.50 0.00 0.00 0.00 0.25 0.00 0.00 97.48
68 0.76 0.00 0.76 0.00 0.00 0.00 0.25 0.00 0.00 98.24
69 2.60 0.00 0.52 1.30 0.00 0.00 1.04 0.00 0.00 94.53
70 1.78 0.00 0.51 0.00 0.00 0.00 0.51 0.00 0.00 97.20
71 1.01 0.00 0.25 5.32 0.00 0.00 0.51 0.00 0.00 92.91
72 0.00 0.00 0.51 24.87 0.00 0.00 0.25 0.00 0.00 74.37
73 0.51 0.00 0.00 19.95 0.00 0.00 0.51 0.00 0.00 79.04
74 0.76 0.00 0.25 0.00 0.00 0.00 0.25 0.00 0.00 98.74
75 0.25 0.00 0.50 0.00 0.00 0.00 0.00 0.00 0.00 99.24
76 0.25 0.00 0.51 3.31 0.00 0.00 0.00 0.00 0.00 95.93
77 0.51 0.00 0.00 0.00 0.00 0.00 0.51 0.00 0.00 98.99
78 0.50 0.00 0.25 0.00 0.00 0.00 0.25 0.00 0.00 98.99
79 1.26 0.00 0.25 0.00 0.00 0.00 0.25 0.00 0.00 98.24
80 1.52 0.00 0.76 0.00 0.00 0.00 0.00 0.00 0.00 97.73
81 1.78 0.00 0.51 4.83 0.00 0.25 0.00 0.00 0.00 92.62
82 0.31 0.00 0.31 20.72 0.00 0.00 0.13 0.00 0.00 78.53
83 3.56 0.00 0.25 0.00 0.00 0.00 0.25 0.00 0.00 95.93
84 1.27 0.00 0.51 0.00 0.00 0.25 0.00 0.00 0.00 97.97
85 1.78 0.00 0.00 0.00 0.00 0.00 0.00 0.00 0.00 98.22
86 0.50 0.00 0.50 0.00 0.00 0.00 0.25 0.00 0.00 98.74
87 0.51 0.00 0.00 0.00 0.00 0.00 0.00 0.00 0.00 99.49
88 1.51 0.00 1.26 4.27 0.00 0.00 0.00 0.00 0.00 92.96
89 2.27 0.00 0.76 0.00 0.00 0.00 0.00 0.00 0.00 96.97
90 1.00 0.00 0.50 0.00 0.00 0.00 0.00 0.00 0.00 98.50
91 14.07 0.00 3.02 0.00 0.00 0.25 0.25 0.00 0.00 82.41
92 10.59 0.00 0.26 0.00 0.00 0.00 0.52 0.00 0.00 88.63
93 3.56 0.00 0.76 0.25 0.00 0.25 0.00 0.00 0.00 95.17
94 0.50 0.00 0.50 0.00 0.00 0.00 0.25 0.00 0.00 98.74
95 0.75 0.00 0.50 0.00 0.00 0.00 0.25 0.00 0.00 98.50
96 1.81 0.00 0.52 1.04 0.00 0.00 0.78 0.00 0.00 95.85
97 8.90 0.00 1.05 0.00 0.00 0.52 0.79 0.00 0.00 88.74
98 4.05 0.00 1.01 3.80 0.00 0.00 0.25 0.00 0.00 90.89
99 0.00 0.00 0.51 0.00 0.00 0.00 0.25 0.00 0.00 99.24
100 7.69 0.00 1.03 0.00 0.00 0.00 0.00 0.00 0.00 91.28
101 3.29 0.00 0.76 0.00 0.00 0.00 0.00 0.00 0.00 95.95
102 0.50 0.00 0.25 0.00 0.00 0.00 0.00 0.00 0.00 99.24
103 0.50 0.00 0.50 0.25 0.00 0.00 0.25 0.00 0.00 98.50
104 0.25 0.00 0.50 0.00 0.00 0.00 0.00 0.00 0.00 99.25
105 0.00 0.00 0.51 0.00 0.00 0.00 0.00 0.00 0.00 99.49
106 0.51 0.00 0.00 0.00 0.00 0.00 0.00 0.00 0.00 99.49
107 1.78 0.00 1.27 11.70 0.00 0.00 0.00 0.00 0.00 85.24
108 1.26 0.00 0.76 4.55 0.00 0.00 0.00 0.00 0.00 93.43
109 0.25 0.00 0.50 0.00 0.00 0.00 0.25 0.00 0.00 98.99
110 1.78 0.00 0.51 0.00 0.00 0.00 0.00 0.00 0.00 97.71
111 0.00 0.00 0.51 0.00 0.00 0.00 0.00 0.00 0.00 99.49
112 0.75 0.00 0.25 0.00 0.00 0.00 0.00 0.00 0.00 98.99
113 0.75 0.00 0.75 0.00 0.00 0.00 0.25 0.00 0.00 98.24
114 0.25 0.00 0.25 0.00 0.00 0.00 0.00 0.00 0.00 99.49
115 0.25 0.00 0.25 0.00 0.00 0.00 0.25 0.00 0.00 99.24
116 13.92 0.00 0.52 0.00 0.00 0.00 0.26 0.00 0.00 85.31
117 2.53 0.00 0.51 0.00 0.00 0.00 0.25 0.00 0.00 96.71
118 2.78 0.00 0.76 2.53 0.00 0.00 0.00 0.00 0.00 93.92
119 6.82 0.00 1.77 0.00 0.00 0.00 0.00 0.00 0.00 91.41
120 13.64 0.00 3.54 0.00 0.00 0.00 0.00 0.00 0.00 82.83
121 2.52 0.00 0.00 0.00 0.00 0.00 0.25 0.00 0.00 97.23
122 0.50 0.00 0.25 0.00 0.00 0.00 0.00 0.00 0.00 99.24
123 1.52 0.00 0.51 0.25 0.00 0.00 0.00 0.00 0.00 97.73
124 0.25 0.00 0.50 0.00 0.00 0.00 0.00 0.00 0.00 99.25
125 1.26 0.00 0.50 0.00 0.00 0.00 0.00 0.00 0.00 98.24
126 1.53 0.00 0.51 1.27 0.00 0.00 0.25 0.00 0.00 96.44
127 0.50 0.00 0.25 0.00 0.00 0.00 0.25 0.00 0.00 98.99
128 2.55 0.00 0.51 1.02 0.00 0.00 0.00 0.00 0.00 95.92
129 1.01 0.00 0.50 3.52 0.00 0.00 0.00 0.00 0.00 94.97
130 0.25 0.00 0.51 0.00 0.00 0.00 0.25 0.00 0.00 98.99
131 2.28 0.00 0.51 0.00 0.00 0.00 0.00 0.00 0.00 97.21
132 1.01 0.00 0.25 0.00 0.00 0.00 0.00 0.00 0.00 98.73
133 1.01 0.00 0.51 0.00 0.00 0.00 0.00 0.00 0.00 98.48
134 0.51 0.00 0.51 0.00 0.00 0.00 0.00 0.00 0.00 98.99
135 0.75 0.00 0.25 0.00 0.00 0.00 0.00 0.00 0.00 98.99
136 0.51 0.00 0.00 0.00 0.00 0.00 0.00 0.00 0.00 99.49
137 0.50 0.00 0.50 0.00 0.00 0.00 0.25 0.00 0.00 98.75
138 0.76 0.00 0.76 0.25 0.00 0.00 0.00 0.00 0.00 98.23
139 1.02 0.00 1.53 3.82 0.00 0.00 0.00 0.00 0.00 93.64
140 1.01 0.00 0.25 0.00 0.00 0.00 0.00 0.00 0.00 98.74
141 1.52 0.00 0.25 0.00 0.00 0.00 0.00 0.00 0.00 98.22
142 0.51 0.00 0.25 0.51 0.00 0.00 0.00 0.00 0.00 98.73
143 1.50 0.00 0.75 0.00 0.00 0.00 0.50 0.00 0.00 97.25
144 1.01 0.00 0.25 0.00 0.00 0.00 0.00 0.00 0.00 98.74
145 0.00 0.00 0.51 0.00 0.00 0.00 0.00 0.00 0.00 99.49
146 0.25 0.00 0.50 0.00 0.00 0.25 0.00 0.00 0.00 98.99
147 0.50 0.00 0.25 0.00 0.00 0.00 0.00 0.00 0.00 99.24
148 1.26 0.00 1.26 4.27 0.00 0.25 0.00 0.00 0.00 92.96
149 0.50 0.00 0.50 0.00 0.00 0.00 0.25 0.00 0.00 98.74
150 0.75 0.00 0.50 0.00 0.00 0.00 0.00 0.00 0.00 98.75
151 0.51 0.00 0.51 0.00 0.00 0.00 0.00 0.00 0.00 98.99
152 1.26 0.00 0.25 0.00 0.00 0.00 0.00 0.00 0.00 98.49
153 1.25 0.00 0.75 0.25 0.00 0.00 0.00 0.00 0.00 97.75
154 2.27 0.00 0.76 0.00 0.00 0.00 0.00 0.00 0.00 96.97
155 0.25 0.00 0.00 0.00 0.00 0.00 0.25 0.00 0.00 99.49
156 0.76 0.00 0.76 1.01 0.00 0.00 0.00 0.00 0.00 97.47
157 0.25 0.00 0.25 0.00 0.00 0.00 0.25 0.00 0.00 99.24
158 1.27 0.00 0.51 3.54 0.00 0.25 0.00 0.00 0.00 94.43
159 0.51 0.00 0.25 0.00 0.00 0.00 0.00 0.00 0.00 99.24
160 7.07 0.00 1.01 0.00 0.00 0.25 0.00 0.00 0.00 91.67
161 3.04 0.00 0.25 0.25 0.00 0.00 0.00 0.00 0.00 96.46
162 0.51 0.00 0.25 0.00 0.00 0.00 0.00 0.00 0.00 99.24
163 0.75 0.00 0.50 0.00 0.00 0.00 0.00 0.00 0.00 98.74
164 0.50 0.00 0.50 0.00 0.00 0.00 0.25 0.00 0.00 98.75
165 0.50 0.00 0.50 0.00 0.00 0.00 0.00 0.00 0.00 98.99
166 2.28 0.00 0.76 9.62 0.00 0.00 0.00 0.00 0.00 87.34
167 0.76 0.00 0.50 0.50 0.00 0.00 0.00 0.00 0.00 98.24
168 1.01 0.00 0.76 4.05 0.00 0.00 0.00 0.00 0.00 94.18
169 0.50 0.00 0.50 0.00 0.00 0.00 0.25 0.00 0.00 98.74
170 0.75 0.00 0.25 0.00 0.00 0.00 0.00 0.00 0.00 98.99
171 0.25 0.00 0.25 0.00 0.00 0.00 0.00 0.00 0.00 99.49
172 0.75 0.00 0.50 0.25 0.00 0.00 0.00 0.00 0.00 98.49
173 0.75 0.00 1.00 0.00 0.00 0.00 0.25 0.00 0.00 97.99
174 0.75 0.00 0.75 0.00 0.00 0.00 0.00 0.00 0.00 98.49
175 1.29 0.00 0.51 0.00 0.00 0.00 0.00 0.00 0.00 98.20
176 0.25 0.00 0.25 0.00 0.00 0.00 0.25 0.00 0.00 99.24
177 0.50 0.00 0.25 0.50 0.00 0.00 0.00 0.00 0.00 98.74
178 1.01 0.00 0.50 1.51 0.00 0.00 0.25 0.00 0.00 96.73
179 0.50 0.00 0.50 4.79 0.00 0.00 0.00 0.00 0.00 94.21
180 0.00 0.00 0.25 0.00 0.00 0.00 0.00 0.00 0.00 99.75
181 0.50 0.00 0.50 0.00 0.00 0.00 0.00 0.00 0.00 98.99
182 1.00 0.00 0.25 0.00 0.00 0.00 0.00 0.00 0.00 98.75
183 1.28 0.00 0.26 0.26 0.00 0.00 0.00 0.00 0.00 98.21
184 0.25 0.00 0.25 0.00 0.00 0.00 0.00 0.00 0.00 99.49
185 2.26 0.00 0.25 0.00 0.00 0.00 0.00 0.00 0.00 97.49
186 0.76 0.00 0.51 1.01 0.00 0.00 0.00 0.00 0.00 97.73
187 0.75 0.00 0.50 0.00 0.00 0.00 0.25 0.00 0.00 98.50
188 0.76 0.00 0.50 0.00 0.00 0.00 0.00 0.00 0.00 98.74
189 1.01 0.00 0.25 4.53 0.00 0.00 0.25 0.00 0.00 93.95
190 0.25 0.00 0.25 0.00 0.00 0.00 0.00 0.00 0.00 99.49
191 0.76 0.00 0.25 0.00 0.00 0.00 0.00 0.00 0.00 98.99
192 1.01 0.00 0.00 0.00 0.00 0.00 0.00 0.00 0.00 98.99
193 2.01 0.00 0.25 0.00 0.00 0.00 0.00 0.00 0.00 97.74
194 1.01 0.00 0.00 0.00 0.00 0.00 0.00 0.00 0.00 98.99
195 0.00 0.00 0.25 0.00 0.00 0.00 0.00 0.00 0.00 99.75
196 7.79 0.00 1.04 0.00 0.00 0.00 0.26 0.00 0.00 90.91
197 0.75 0.00 0.50 0.00 0.00 0.00 0.00 0.00 0.00 98.74
198 1.01 0.00 0.76 3.78 0.00 0.00 0.00 0.00 0.00 94.46
199 0.51 0.00 0.51 0.00 0.00 0.00 0.00 0.00 0.00 98.99
200 0.50 0.00 0.50 0.00 0.00 0.00 0.00 0.00 0.00 98.99
201 0.75 0.00 0.25 0.00 0.00 0.00 0.00 0.00 0.00 98.99
202 0.25 0.00 0.50 0.00 0.00 0.25 0.00 0.00 0.00 98.99
203 5.82 0.00 0.25 0.25 0.00 0.00 0.00 0.00 0.00 93.67
204 0.25 0.00 0.25 0.00 0.00 0.00 0.00 0.00 0.00 99.49
205 0.25 0.00 0.50 0.00 0.00 0.00 0.00 0.00 0.00 99.24
206 0.75 0.00 0.25 0.00 0.00 0.00 0.00 0.00 0.00 98.99
207 1.52 0.00 0.25 0.00 0.00 0.00 0.25 0.00 0.00 97.97
208 1.01 0.00 0.76 4.28 0.00 0.00 0.00 0.00 0.00 93.95
209 0.25 0.00 0.51 0.00 0.00 0.00 0.25 0.00 0.00 98.99
210 0.50 0.00 0.50 0.00 0.00 0.00 0.00 0.00 0.00 99.00
211 0.25 0.00 0.00 0.00 0.00 0.00 0.00 0.00 0.00 99.75
212 0.25 0.00 0.51 0.00 0.00 0.00 0.00 0.00 0.00 99.24
213 0.50 0.00 1.01 0.25 0.00 0.00 0.00 0.00 0.00 98.24
214 0.51 0.00 0.00 0.00 0.00 0.00 0.00 0.00 0.00 99.49
215 0.51 0.00 0.51 0.00 0.00 0.00 0.00 0.00 0.00 98.99
216 0.76 0.00 0.76 1.01 0.00 0.00 0.76 0.00 0.00 96.71
217 0.50 0.00 0.50 0.00 0.00 0.00 1.00 0.00 0.00 97.99
218 0.76 0.00 0.25 3.82 0.00 0.00 0.76 0.00 0.00 94.40
219 0.00 0.00 0.51 0.00 0.00 0.00 0.00 0.00 0.00 99.49
220 5.12 0.00 0.51 0.00 0.00 0.00 0.00 0.00 0.00 94.37
221 4.57 0.00 0.51 0.25 0.00 0.25 0.25 0.00 0.00 94.16
222 0.51 0.00 0.51 0.00 0.00 0.00 0.00 0.00 0.00 98.99
223 0.75 0.00 0.50 0.00 0.00 0.00 0.00 0.00 0.00 98.75
224 0.50 0.00 1.00 0.00 0.00 0.00 0.00 0.00 0.00 98.50
225 0.76 0.00 0.25 0.00 0.00 0.00 0.00 0.00 0.00 98.99
226 0.25 0.00 0.51 0.00 0.00 0.00 0.00 0.00 0.00 99.24
227 2.51 0.00 1.75 10.78 0.00 0.00 0.50 0.00 0.00 84.46
228 1.26 0.00 0.76 3.02 0.00 0.00 0.00 0.00 0.00 94.96
229 2.33 0.00 0.52 1.03 0.00 0.00 0.26 0.00 0.00 95.87
230 0.50 0.00 0.75 0.00 0.00 0.00 0.00 0.00 0.00 98.75
231 0.25 0.00 0.25 0.00 0.00 0.00 0.00 0.00 0.00 99.49
232 0.50 0.00 0.25 0.25 0.00 0.00 0.25 0.00 0.00 98.74
233 0.76 0.00 0.50 0.00 0.00 0.00 0.00 0.00 0.00 98.74
234 0.50 0.00 0.75 0.00 0.00 0.00 0.00 0.00 0.00 98.75
235 0.25 0.00 0.51 0.00 0.00 0.00 0.00 0.00 0.00 99.24
236 0.75 0.00 0.25 0.00 0.00 0.00 0.00 0.00 0.00 99.00
237 0.76 0.00 0.25 0.00 0.00 0.00 0.00 0.00 0.00 98.99
238 0.50 0.00 0.75 0.00 0.00 0.00 0.00 0.00 0.00 98.75
239 3.32 0.00 0.77 3.83 0.00 0.00 0.00 0.00 0.00 92.09
240 0.75 0.00 0.25 0.00 0.00 0.00 0.00 0.00 0.00 99.00
241 1.52 0.00 0.25 0.00 0.00 0.00 0.00 0.00 0.00 98.22
242 0.50 0.00 0.25 0.00 0.00 0.00 0.00 0.00 0.00 99.24
243 1.00 0.00 0.50 0.25 0.00 0.00 0.25 0.00 0.00 98.00
244 0.50 0.00 0.25 0.00 0.00 0.00 0.00 0.00 0.00 99.24
245 0.25 0.00 0.00 0.00 0.00 0.00 0.00 0.00 0.00 99.75
246 0.25 0.00 0.25 1.02 0.00 0.00 0.00 0.00 0.00 98.47
247 0.25 0.00 0.50 0.50 0.00 0.00 0.25 0.00 0.00 98.49
248 0.76 0.00 0.51 4.29 0.00 0.00 0.00 0.00 0.00 94.44
249 0.76 0.00 0.51 0.00 0.00 0.00 0.00 0.00 0.00 98.73
250 1.27 0.00 0.25 0.00 0.00 0.00 0.00 0.00 0.00 98.47
251 0.25 0.00 0.51 0.00 0.00 0.00 0.25 0.00 0.00 98.99
252 1.26 0.00 0.25 0.00 0.00 0.00 0.00 0.00 0.00 98.49
253 0.75 0.00 0.50 0.25 0.00 0.00 0.00 0.00 0.00 98.49
254 0.51 0.00 0.51 0.00 0.00 0.00 0.00 0.00 0.00 98.99
255 0.51 0.00 0.25 0.00 0.00 0.00 0.00 0.00 0.00 99.24
256 0.25 0.00 0.51 0.00 0.00 0.00 0.00 0.00 0.00 99.24
257 0.50 0.00 0.25 0.00 0.00 0.00 0.00 0.00 0.00 99.24
258 1.26 0.00 0.50 3.78 0.00 0.00 0.25 0.00 0.00 94.21
259 2.27 0.00 0.51 0.00 0.00 0.00 0.25 0.00 0.00 96.97
260 0.51 0.00 0.00 0.00 0.00 0.00 0.00 0.00 0.00 99.49
261 2.53 0.00 0.25 0.00 0.00 0.25 0.00 0.00 0.00 96.96
262 3.81 0.00 0.25 0.00 0.00 0.00 0.00 0.00 0.00 95.94
263 2.30 0.00 0.26 0.00 0.00 0.00 0.00 0.00 0.00 97.45
264 2.02 0.00 0.76 0.00 0.00 0.00 0.25 0.00 0.00 96.97
265 0.50 0.00 0.50 0.00 0.00 0.00 0.00 0.00 0.00 98.99
266 0.25 0.00 0.00 0.00 0.00 0.00 0.00 0.00 0.00 99.75
267 0.50 0.00 0.50 0.00 0.00 0.00 0.00 0.00 0.00 98.99
268 1.27 0.00 0.76 10.66 0.00 0.25 0.00 0.00 0.00 87.06
269 2.02 0.00 0.51 5.81 0.00 0.00 0.00 0.00 0.00 91.67
270 0.76 0.00 0.00 0.00 0.00 0.00 0.00 0.00 0.00 99.24
271 0.50 0.00 0.75 0.00 0.00 0.00 0.00 0.00 0.00 98.74
272 0.76 0.00 0.00 0.00 0.00 0.00 0.00 0.00 0.00 99.24
273 2.03 0.00 0.00 0.00 0.00 0.00 0.00 0.00 0.00 97.97
274 7.47 0.00 1.03 0.00 0.00 0.00 0.26 0.00 0.00 91.24
275 1.53 0.00 1.28 0.00 0.00 0.00 0.51 0.00 0.00 96.68
276 0.77 0.00 0.51 1.02 0.00 0.00 0.51 0.00 0.00 97.19
277 0.76 0.00 0.25 0.00 0.00 0.00 0.00 0.00 0.00 98.99
278 1.26 0.00 0.51 3.54 0.00 0.00 0.00 0.00 0.00 94.70
279 0.51 0.00 0.51 0.00 0.00 0.00 0.00 0.00 0.00 98.99
280 1.01 0.00 0.25 0.00 0.00 0.00 0.25 0.00 0.00 98.49
281 10.46 0.00 1.28 0.26 0.00 0.00 0.00 0.00 0.00 88.01
282 0.76 0.00 0.25 0.51 0.00 0.00 0.00 0.00 0.00 98.48
283 0.75 0.00 0.50 0.25 0.00 0.00 0.00 0.00 0.00 98.50
284 0.75 0.00 0.25 0.00 0.00 0.00 0.00 0.00 0.00 98.99
285 0.50 0.00 0.50 0.00 0.00 0.00 0.00 0.00 0.00 99.00
286 2.31 0.00 0.77 8.97 0.00 0.00 0.00 0.00 0.00 87.95
287 0.75 0.00 0.50 1.01 0.00 0.00 0.00 0.00 0.00 97.74
288 0.76 0.00 0.50 4.28 0.00 0.00 0.25 0.00 0.00 94.21
289 1.50 0.00 0.50 0.00 0.00 0.00 0.00 0.00 0.00 98.00
290 0.25 0.00 0.25 0.00 0.00 0.00 0.00 0.00 0.00 99.49
291 0.00 0.00 0.25 0.00 0.00 0.00 0.00 0.00 0.00 99.75
292 0.76 0.00 0.25 0.00 0.00 0.00 0.00 0.00 0.00 98.99
293 0.25 0.00 0.25 0.25 0.00 0.00 0.00 0.00 0.00 99.24
294 1.27 0.00 0.25 0.00 0.00 0.00 0.00 0.00 0.00 98.48
295 0.25 0.00 0.25 0.00 0.00 0.00 0.00 0.00 0.00 99.49
296 2.29 0.00 0.51 0.00 0.00 0.00 0.00 0.00 0.00 97.20
297 0.25 0.00 0.25 0.00 0.00 0.00 0.25 0.00 0.00 99.24
298 1.25 0.00 0.50 3.76 0.00 0.00 0.00 0.00 0.00 94.49
299 0.25 0.00 0.25 0.00 0.00 0.00 0.00 0.00 0.00 99.49
300 0.25 0.00 0.25 0.00 0.00 0.25 0.00 0.00 0.00 99.24
301 1.00 0.00 0.50 0.00 0.00 0.00 0.00 0.00 0.00 98.50
302 0.76 0.00 0.25 0.00 0.00 0.00 0.00 0.00 0.00 98.99
303 1.01 0.00 0.25 0.00 0.00 0.00 0.25 0.00 0.00 98.49
304 0.25 0.00 0.00 0.00 0.00 0.00 0.00 0.00 0.00 99.75
305 1.28 0.00 0.51 0.00 0.00 0.00 0.51 0.00 0.00 97.70
306 0.50 0.00 1.01 1.26 0.00 0.00 0.00 0.00 0.00 97.24
307 0.50 0.00 0.25 0.00 0.00 0.00 0.25 0.00 0.00 98.99
308 2.60 0.00 1.04 6.23 0.00 0.00 0.00 0.00 0.00 90.13
309 0.76 0.00 0.51 0.25 0.00 0.25 0.00 0.00 0.00 98.23
310 0.25 0.00 0.50 0.00 0.00 0.00 0.00 0.00 0.00 99.25
311 0.25 0.00 0.25 0.00 0.00 0.00 0.00 0.00 0.00 99.49
312 5.28 0.00 1.01 0.00 0.00 0.00 0.00 0.00 0.00 93.72
313 0.51 0.00 0.51 0.00 0.00 0.00 0.77 0.00 0.00 98.21
314 1.77 0.00 0.25 0.00 0.00 0.00 0.00 0.00 0.00 97.97
315 0.76 0.00 0.25 0.00 0.00 0.00 0.51 0.00 0.00 98.48
316 2.28 0.00 0.76 0.00 0.00 0.00 0.00 0.00 0.00 96.95
317 2.78 0.00 0.51 0.76 0.00 0.00 0.00 0.00 0.00 95.95
318 1.25 0.00 0.25 0.00 0.00 0.00 0.25 0.00 0.00 98.25
319 2.81 0.00 1.02 3.83 0.00 0.00 0.26 0.00 0.00 92.09
320 0.25 0.00 0.25 0.00 0.00 0.00 0.00 0.00 0.00 99.50
321 1.01 0.00 0.25 0.00 0.00 0.00 0.00 0.00 0.00 98.74
322 0.50 0.00 0.50 0.00 0.00 0.00 0.00 0.00 0.00 98.99
323 0.75 0.00 0.75 0.25 0.00 0.00 0.00 0.00 0.00 98.25
324 0.51 0.00 0.51 0.00 0.00 0.00 0.00 0.00 0.00 98.99
325 0.75 0.00 0.25 0.00 0.00 0.25 0.25 0.00 0.00 98.49
326 2.78 0.00 0.25 0.00 0.00 0.00 0.00 0.00 0.00 96.97
327 1.01 0.00 0.51 0.00 0.00 0.00 0.00 0.00 0.00 98.48
328 2.03 0.00 0.25 4.05 0.00 0.00 0.51 0.00 0.00 93.16
329 0.76 0.00 0.51 0.00 0.00 0.00 0.00 0.00 0.00 98.73
330 0.25 0.00 0.00 0.00 0.00 0.00 0.00 0.00 0.00 99.75
331 0.00 0.00 0.51 0.00 0.00 0.00 0.00 0.00 0.00 99.49
332 1.01 0.00 0.00 0.00 0.00 0.00 0.00 0.00 0.00 98.99
333 1.01 0.00 0.76 0.25 0.00 0.00 0.00 0.00 0.00 97.98
334 0.50 0.00 1.00 0.00 0.00 0.00 0.25 0.00 0.00 98.25
335 0.51 0.00 0.00 0.00 0.00 0.00 0.00 0.00 0.00 99.49
336 1.01 0.00 0.76 1.01 0.00 0.00 0.25 0.00 0.00 96.98
337 1.01 0.00 0.25 0.00 0.00 0.00 0.00 0.00 0.00 98.74
338 1.01 0.00 0.25 3.79 0.00 0.00 0.25 0.00 0.00 94.70
339 0.50 0.00 1.26 0.00 0.00 0.00 0.00 0.00 0.00 98.24
340 2.81 0.00 0.51 0.00 0.00 0.00 0.00 0.00 0.00 96.68
341 7.97 0.00 0.77 0.00 0.00 0.00 0.26 0.00 0.00 91.00
342 0.25 0.00 0.50 0.00 0.00 0.00 0.25 0.00 0.00 98.99
343 1.02 0.00 0.00 0.25 0.00 0.00 0.25 0.00 0.00 98.48
344 1.01 0.00 0.25 0.00 0.00 0.00 0.00 0.00 0.00 98.74
345 0.50 0.00 0.75 0.00 0.00 0.00 0.00 0.00 0.00 98.74
346 0.75 0.00 1.00 0.00 0.00 0.25 0.00 0.00 0.00 98.00
347 3.81 0.00 0.54 10.63 0.00 0.00 0.00 0.00 0.00 85.01
348 0.50 0.00 0.50 4.28 0.00 0.00 0.25 0.00 0.00 94.46
349 1.01 0.00 0.51 0.00 0.00 0.00 0.00 0.00 0.00 98.48
350 0.76 0.00 0.50 0.00 0.00 0.00 0.00 0.00 0.00 98.74
351 0.76 0.00 0.25 0.00 0.00 0.00 0.00 0.00 0.00 98.99
352 0.25 0.00 0.50 0.50 0.00 0.00 0.25 0.00 0.00 98.50
353 0.76 0.00 0.51 0.00 0.00 0.00 0.00 0.00 0.00 98.73
354 1.26 0.00 1.01 0.00 0.00 0.00 0.00 0.00 0.00 97.74
355 0.25 0.00 0.25 0.00 0.00 0.00 0.25 0.00 0.00 99.24
356 1.52 0.00 0.76 0.00 0.00 0.00 0.00 0.00 0.00 97.72
357 0.50 0.00 0.75 0.00 0.00 0.00 0.00 0.00 0.00 98.75
358 0.51 0.00 0.51 3.80 0.00 0.00 0.00 0.00 0.00 95.19
359 1.01 0.00 1.01 0.00 0.00 0.00 0.00 0.00 0.00 97.99
360 0.00 0.00 0.50 0.00 0.00 0.00 0.25 0.00 0.00 99.24
361 0.51 0.00 0.25 0.00 0.00 0.00 0.00 0.00 0.00 99.24
362 0.51 0.00 0.00 0.00 0.00 0.00 0.00 0.00 0.00 99.49
363 0.75 0.00 0.25 0.25 0.00 0.00 0.00 0.00 0.00 98.74
364 0.25 0.00 0.00 0.00 0.00 0.00 0.00 0.00 0.00 99.75
365 0.51 0.00 0.00 0.00 0.00 0.00 0.00 0.00 0.00 99.49
366 0.51 0.00 0.51 1.02 0.00 0.00 0.25 0.00 0.00 97.71
367 1.76 0.00 0.50 0.75 0.00 0.00 0.25 0.00 0.00 96.73
368 1.52 0.00 0.76 1.02 0.00 0.00 0.00 0.00 0.00 96.70
369 0.76 0.00 0.76 5.54 0.00 0.00 0.00 0.00 0.00 92.95
370 0.51 0.00 0.00 0.00 0.00 0.00 0.00 0.00 0.00 99.49
371 0.25 0.00 0.25 0.00 0.00 0.00 0.00 0.00 0.00 99.49
372 0.75 0.00 0.75 0.00 0.00 0.00 0.00 0.00 0.00 98.50
373 1.01 0.00 0.25 0.00 0.00 0.00 0.00 0.00 0.00 98.74
374 0.50 0.00 0.25 0.00 0.00 0.00 0.00 0.00 0.00 99.24
375 0.50 0.00 0.50 0.00 0.00 0.00 0.00 0.00 0.00 98.99
376 0.00 0.00 0.51 0.00 0.00 0.00 0.00 0.00 0.00 99.49
377 0.50 0.00 0.25 0.00 0.00 0.00 0.00 0.00 0.00 99.24
378 0.76 0.00 0.51 4.04 0.00 0.00 0.00 0.00 0.00 94.70
379 2.78 0.00 1.27 0.00 0.00 0.25 0.25 0.00 0.00 95.44
380 1.26 0.00 0.25 0.00 0.00 0.00 0.00 0.00 0.00 98.49
381 0.75 0.00 0.50 0.00 0.00 0.00 0.00 0.00 0.00 98.74
382 7.85 0.00 1.01 0.00 0.00 0.00 0.00 0.00 0.00 91.14
383 7.69 0.00 0.77 0.00 0.00 0.00 0.00 0.00 0.00 91.54
384 0.76 0.00 0.50 0.00 0.00 0.00 0.00 0.00 0.00 98.74
385 0.25 0.00 0.25 0.00 0.00 0.00 0.25 0.00 0.00 99.24
386 0.50 0.00 0.25 0.00 0.00 0.00 0.00 0.00 0.00 99.24
387 0.25 0.00 0.51 1.77 0.00 0.00 0.00 0.00 0.00 97.47
388 1.02 0.00 0.00 4.31 0.00 0.00 0.00 0.00 0.00 94.67
389 0.51 0.00 0.00 0.00 0.00 0.00 0.00 0.00 0.00 99.49
390 1.51 0.00 0.76 0.00 0.00 0.00 0.00 0.00 0.00 97.73
391 0.50 0.00 0.25 0.00 0.00 0.00 0.00 0.00 0.00 99.24
392 0.25 0.00 0.75 0.00 0.00 0.00 0.00 0.00 0.00 99.00
393 0.76 0.00 0.25 0.25 0.00 0.00 0.00 0.00 0.00 98.74
394 1.24 0.00 0.50 0.00 0.00 0.25 0.25 0.00 0.00 97.77
395 1.27 0.00 0.51 0.00 0.00 0.00 0.00 0.00 0.00 98.22
396 4.09 0.00 0.77 1.02 0.00 0.00 1.28 0.00 0.00 92.84
397 0.50 0.00 0.25 2.02 0.00 0.00 0.00 0.00 0.00 97.23
398 1.25 0.00 0.50 3.75 0.00 0.00 0.25 0.00 0.00 94.25
399 3.30 0.00 0.25 0.00 0.00 0.00 0.00 0.00 0.00 96.45
400 1.50 0.00 0.25 0.00 0.00 0.00 0.00 0.00 0.00 98.25
401 12.91 0.00 1.52 0.25 0.00 0.00 0.00 0.00 0.00 85.32
402 2.26 0.00 0.50 0.00 0.00 0.00 0.25 0.00 0.00 96.98
403 0.51 0.00 0.51 0.00 0.00 0.00 0.00 0.00 0.00 98.99
404 1.27 0.00 0.25 0.00 0.00 0.00 0.00 0.00 0.00 98.48
405 1.52 0.00 0.25 0.00 0.00 0.00 0.00 0.00 0.00 98.23
406 2.78 0.00 1.01 8.86 0.00 0.00 0.00 0.00 0.00 87.34
407 1.25 0.00 1.00 1.25 0.00 0.00 0.00 0.00 0.00 96.49
408 0.76 0.00 0.00 4.29 0.00 0.00 0.00 0.00 0.00 94.95
409 0.50 0.00 1.00 0.00 0.00 0.00 0.25 0.00 0.00 98.25
410 0.75 0.00 0.50 0.00 0.00 0.00 0.00 0.00 0.00 98.75
411 2.03 0.00 0.51 0.00 0.00 0.00 0.00 0.00 0.00 97.47
412 0.51 0.00 0.00 0.00 0.00 0.00 0.00 0.00 0.00 99.49
413 0.50 0.00 0.75 0.25 0.00 0.00 0.00 0.00 0.00 98.49
414 0.25 0.00 0.25 0.00 0.00 0.00 0.25 0.00 0.00 99.24
415 0.50 0.00 0.50 0.00 0.00 0.00 0.00 0.00 0.00 99.00
416 0.50 0.00 0.25 0.00 0.00 0.00 0.00 0.00 0.00 99.25
417 0.00 0.00 0.25 0.00 0.00 0.00 0.00 0.00 0.00 99.75
418 0.75 0.00 0.50 2.51 0.00 0.00 0.25 0.00 0.00 95.98
419 0.51 0.00 0.76 3.79 0.00 0.00 0.00 0.00 0.00 94.95
420 1.77 0.00 0.51 0.00 0.00 0.00 0.00 0.00 0.00 97.73
421 0.50 0.00 0.25 0.00 0.00 0.00 0.25 0.00 0.00 98.99
422 0.51 0.00 0.00 0.00 0.00 0.00 0.00 0.00 0.00 99.49
423 0.51 0.00 0.51 0.00 0.00 0.00 0.00 0.00 0.00 98.99
424 3.59 0.00 0.51 0.00 0.00 0.00 0.51 0.00 0.00 95.38
425 1.79 0.00 0.26 0.00 0.00 0.00 1.02 0.00 0.00 96.94
426 1.02 0.00 0.76 1.02 0.00 0.00 0.25 0.00 0.00 96.95
427 0.76 0.00 0.51 0.00 0.00 0.00 0.25 0.00 0.00 98.48
428 1.77 0.00 0.25 0.25 0.00 0.00 0.25 0.00 0.00 97.47
429 5.60 0.00 0.76 4.33 0.00 0.00 0.00 0.00 0.00 89.31
430 1.78 0.00 0.51 0.00 0.00 0.00 0.00 0.00 0.00 97.72
431 0.76 0.00 0.76 0.00 0.00 0.00 0.00 0.00 0.00 98.49
432 0.50 0.00 0.25 0.50 0.00 0.00 0.25 0.00 0.00 98.49
433 0.75 0.00 0.50 0.00 0.00 0.00 0.00 0.00 0.00 98.74
434 0.75 0.00 0.50 0.00 0.00 0.00 0.00 0.00 0.00 98.75
435 0.76 0.00 0.25 0.00 0.00 0.00 0.00 0.00 0.00 98.99
436 1.51 0.00 0.25 0.00 0.00 0.00 0.00 0.00 0.00 98.24
437 0.25 0.00 0.51 0.00 0.00 0.00 0.25 0.00 0.00 98.99
438 1.01 0.00 0.50 4.03 0.00 0.00 0.00 0.00 0.00 94.46
439 1.26 0.00 0.51 0.00 0.00 0.00 0.00 0.00 0.00 98.23
440 0.25 0.00 0.50 0.00 0.00 0.00 0.00 0.00 0.00 99.24
441 2.03 0.00 0.25 0.00 0.00 0.00 0.00 0.00 0.00 97.72
442 0.75 0.00 0.25 0.00 0.00 0.00 0.00 0.00 0.00 98.99
443 1.01 0.00 0.25 0.00 0.00 0.00 0.25 0.00 0.00 98.48
444 1.25 0.00 0.25 0.00 0.00 0.25 0.00 0.00 0.00 98.25
445 4.34 0.00 0.77 0.00 0.00 0.00 0.00 0.00 0.00 94.90
446 0.51 0.00 0.25 0.00 0.00 0.00 0.00 0.00 0.00 99.24
447 0.51 0.00 0.25 1.01 0.00 0.00 0.00 0.00 0.00 98.23
448 1.01 0.00 0.50 4.53 0.00 0.00 0.25 0.00 0.00 93.70
449 0.76 0.00 0.76 0.00 0.00 0.00 0.00 0.00 0.00 98.49
450 0.50 0.00 0.25 0.00 0.00 0.00 0.00 0.00 0.00 99.25
451 0.00 0.00 0.25 0.00 0.00 0.00 0.00 0.00 0.00 99.75
452 0.25 0.00 0.25 0.00 0.00 0.00 0.25 0.00 0.00 99.24
453 2.52 0.00 0.50 0.00 0.00 0.00 0.00 0.00 0.00 96.98
454 0.50 0.00 0.25 0.00 0.00 0.00 0.00 0.00 0.00 99.24
455 0.25 0.00 0.51 0.00 0.00 0.00 0.00 0.00 0.00 99.24
456 0.51 0.00 0.25 1.27 0.00 0.00 0.25 0.00 0.00 97.72
457 0.25 0.00 0.50 1.26 0.00 0.00 0.25 0.00 0.00 97.73
458 0.76 0.00 0.25 4.06 0.00 0.00 0.00 0.00 0.00 94.92
459 0.76 0.00 0.25 0.00 0.00 0.00 0.00 0.00 0.00 98.99
460 0.51 0.00 0.25 0.00 0.00 0.25 0.00 0.00 0.00 98.99
461 10.69 0.00 0.76 0.00 0.00 0.00 0.00 0.00 0.00 88.55
462 0.25 0.00 0.25 0.00 0.00 0.00 0.25 0.00 0.00 99.24
463 0.50 0.00 0.25 0.25 0.00 0.00 0.00 0.00 0.00 98.99
464 0.25 0.00 0.51 0.00 0.00 0.00 0.00 0.00 0.00 99.24
465 1.25 0.00 0.25 0.00 0.00 0.00 0.00 0.00 0.00 98.50
466 0.25 0.00 0.25 0.00 0.00 0.00 0.00 0.00 0.00 99.49
467 3.04 0.00 1.01 10.38 0.00 0.00 0.00 0.00 0.00 85.57
468 1.01 0.00 0.51 3.28 0.00 0.00 0.25 0.00 0.00 94.95
469 0.76 0.00 0.50 1.26 0.00 0.00 0.00 0.00 0.00 97.48
470 1.27 0.00 0.25 0.00 0.00 0.00 0.00 0.00 0.00 98.48
471 0.50 0.00 0.00 0.00 0.00 0.00 0.25 0.00 0.00 99.24
472 0.25 0.00 1.00 0.00 0.00 0.00 0.00 0.00 0.00 98.75
473 0.51 0.00 0.00 0.00 0.00 0.00 0.00 0.00 0.00 99.49
474 2.53 0.00 1.26 0.00 0.00 0.00 0.00 0.00 0.00 96.21
475 2.30 0.00 0.77 0.00 0.00 0.00 0.51 0.00 0.00 96.43
476 0.00 0.00 0.25 0.00 0.00 0.00 0.00 0.00 0.00 99.75
477 2.02 0.00 0.25 0.00 0.00 0.00 0.00 0.00 0.00 97.73
478 0.50 0.00 0.25 0.25 0.00 0.00 0.00 0.00 0.00 98.99
479 2.06 0.00 0.51 3.86 0.00 0.00 0.00 0.00 0.00 93.57
480 0.50 0.00 0.50 0.00 0.00 0.25 0.25 0.00 0.00 98.49
481 0.50 0.00 0.25 0.00 0.00 0.00 0.00 0.00 0.00 99.24
482 0.50 0.00 0.50 0.00 0.00 0.00 0.00 0.00 0.00 98.99
483 0.75 0.00 0.75 0.25 0.00 0.00 0.00 0.00 0.00 98.25
484 0.76 0.00 0.25 0.00 0.00 0.00 0.00 0.00 0.00 98.99
485 0.25 0.00 0.25 0.00 0.00 0.00 0.25 0.00 0.00 99.24
486 0.51 0.00 0.51 1.02 0.00 0.00 0.00 0.00 0.00 97.97
487 1.78 0.00 0.25 0.00 0.00 0.00 0.00 0.00 0.00 97.97
488 1.26 0.00 0.50 6.53 0.00 0.00 0.00 0.00 0.00 91.71
489 9.62 0.00 1.27 0.00 0.00 0.25 0.51 0.00 0.00 88.35
490 0.50 0.00 0.75 0.00 0.00 0.00 0.00 0.00 0.00 98.75
491 1.26 0.00 1.51 5.29 0.00 0.00 0.00 0.00 0.00 91.94
492 0.25 0.00 0.50 0.00 0.00 0.00 0.00 0.00 0.00 99.24
493 2.02 0.00 1.01 0.00 0.00 0.00 0.00 0.00 0.00 96.98
494 0.76 0.00 0.00 0.00 0.00 0.00 0.00 0.00 0.00 99.24
495 0.51 0.00 0.25 0.00 0.00 0.00 0.00 0.00 0.00 99.24
496 0.50 0.00 0.50 0.00 0.00 0.00 0.00 0.00 0.00 98.99
497 0.25 0.00 0.25 0.00 0.00 0.00 0.25 0.00 0.00 99.24
498 0.76 0.00 0.76 6.57 0.00 0.00 0.00 0.00 0.00 91.92
499 1.78 0.00 1.02 0.00 0.00 0.00 0.00 0.00 0.00 97.21
500 1.76 0.00 0.25 0.00 0.00 0.00 0.00 0.00 0.00 97.99
501 1.51 0.00 0.25 0.00 0.00 0.00 0.00 0.00 0.00 98.24
502 1.00 0.00 0.25 0.00 0.00 0.00 0.00 0.00 0.00 98.75
503 1.52 0.00 0.51 0.25 0.00 0.00 0.25 0.00 0.00 97.47
504 8.70 0.00 1.79 0.00 0.00 0.00 0.00 0.00 0.00 89.51
505 0.50 0.00 0.50 0.00 0.00 0.00 0.00 0.00 0.00 98.99
506 0.50 0.00 0.25 0.00 0.00 0.00 0.00 0.00 0.00 99.24
507 1.26 0.00 0.50 0.00 0.00 0.00 0.25 0.00 0.00 97.98
508 1.01 0.00 0.51 4.29 0.00 0.00 0.00 0.00 0.00 94.19
509 0.76 0.00 0.50 0.00 0.00 0.25 0.00 0.00 0.00 98.49
510 1.52 0.00 0.51 0.00 0.00 0.00 0.00 0.00 0.00 97.97
511 0.25 0.00 0.51 0.00 0.00 0.00 0.25 0.00 0.00 98.99
512 0.00 0.00 0.25 0.00 0.00 0.00 0.00 0.00 0.00 99.75
513 1.01 0.00 0.25 0.00 0.00 0.00 0.00 0.00 0.00 98.74
514 0.25 0.00 0.25 0.00 0.00 0.00 0.00 0.00 0.00 99.49
515 0.25 0.00 0.00 0.00 0.00 0.00 0.00 0.00 0.00 99.75
516 1.02 0.00 0.25 1.27 0.00 0.00 0.76 0.00 0.00 96.69
517 0.25 0.00 0.00 0.00 0.00 0.00 0.25 0.00 0.00 99.49
518 2.54 0.00 0.51 3.55 0.00 0.00 0.00 0.00 0.00 93.40
519 0.51 0.00 0.76 0.25 0.00 0.00 0.00 0.00 0.00 98.48
520 0.00 0.00 0.00 0.00 0.00 0.00 0.00 0.00 0.00 100.00
521 10.23 0.00 0.77 0.26 0.00 0.00 0.00 0.00 0.00 88.75
522 0.51 0.00 0.25 0.00 0.00 0.00 0.00 0.00 0.00 99.24
523 0.50 0.00 0.75 0.00 0.00 0.00 0.00 0.00 0.00 98.74
524 0.51 0.00 0.00 0.00 0.00 0.00 0.00 0.00 0.00 99.49
525 0.50 0.00 0.75 0.00 0.00 0.00 0.00 0.00 0.00 98.74
526 1.02 0.00 0.51 8.42 0.00 0.00 0.26 0.00 0.00 89.80
527 0.25 0.00 0.51 2.04 0.00 0.00 0.00 0.00 0.00 97.20
528 0.76 0.00 0.25 0.00 0.00 0.00 0.00 0.00 0.00 98.99
529 6.09 0.00 1.02 4.06 0.00 0.00 0.00 0.00 0.00 88.83
530 2.05 0.00 0.00 0.00 0.00 0.00 0.51 0.00 0.00 97.44
531 4.10 0.00 0.77 0.51 0.00 0.00 0.26 0.00 0.00 94.36
532 1.76 0.00 0.00 0.25 0.00 0.00 0.00 0.00 0.00 97.99
533 0.76 0.00 0.25 0.76 0.00 0.00 0.25 0.00 0.00 97.98
534 1.27 0.00 0.00 0.00 0.00 0.00 0.00 0.00 0.00 98.73
535 1.02 0.00 0.25 0.00 0.00 0.00 0.00 0.00 0.00 98.73
536 1.51 0.00 0.25 0.00 0.00 0.00 0.00 0.00 0.00 98.24
537 1.01 0.00 0.00 0.00 0.00 0.00 0.25 0.00 0.00 98.74
538 0.76 0.00 0.51 3.79 0.00 0.25 0.00 0.00 0.00 94.70
539 1.01 0.00 0.50 0.00 0.00 0.00 0.25 0.00 0.00 98.24
540 4.08 0.00 0.51 0.00 0.00 0.00 0.00 0.00 0.00 95.41
541 1.52 0.00 0.51 0.00 0.00 0.00 0.00 0.00 0.00 97.97
542 0.25 0.00 0.00 0.00 0.00 0.00 0.00 0.00 0.00 99.75
543 1.01 0.00 0.25 0.25 0.00 0.00 0.00 0.00 0.00 98.49
544 0.75 0.00 0.50 0.00 0.00 0.00 0.00 0.00 0.00 98.75
545 0.25 0.00 0.25 0.00 0.00 0.00 0.25 0.00 0.00 99.24
546 0.76 0.00 0.25 1.02 0.00 0.00 0.00 0.00 0.00 97.97
547 0.50 0.00 0.75 0.00 0.00 0.00 0.00 0.00 0.00 98.74
548 2.86 0.00 0.52 4.95 0.00 0.00 0.26 0.00 0.00 91.41
549 0.50 0.00 0.25 0.00 0.00 0.00 0.00 0.00 0.00 99.24
550 3.91 0.00 1.04 0.00 0.00 0.00 0.26 0.00 0.00 94.79
551 1.01 0.00 0.50 0.00 0.00 0.00 0.00 0.00 0.00 98.49
552 0.00 0.00 0.25 0.00 0.00 0.00 0.25 0.00 0.00 99.49
553 1.02 0.00 0.00 0.00 0.00 0.00 0.00 0.00 0.00 98.98
554 0.50 0.00 0.50 0.00 0.00 0.00 0.00 0.00 0.00 98.99
555 0.25 0.00 0.25 0.00 0.00 0.00 0.00 0.00 0.00 99.49
556 0.25 0.00 0.25 0.00 0.00 0.00 0.25 0.00 0.00 99.24
557 0.75 0.00 0.50 0.00 0.00 0.00 0.00 0.00 0.00 98.74
558 1.01 0.00 0.50 4.02 0.00 0.25 0.00 0.00 0.00 94.22
559 1.76 0.00 1.01 0.00 0.00 0.00 0.00 0.00 0.00 97.23
560 2.02 0.00 0.50 0.00 0.00 0.00 0.00 0.00 0.00 97.48
561 0.76 0.00 0.00 0.00 0.00 0.00 0.00 0.00 0.00 99.24
562 0.50 0.00 0.50 0.00 0.00 0.00 0.00 0.00 0.00 99.00
563 0.51 0.00 0.00 0.00 0.00 0.00 0.25 0.00 0.00 99.24
564 0.50 0.00 0.50 0.00 0.00 0.00 0.00 0.00 0.00 98.99
565 0.00 0.00 0.25 0.00 0.00 0.00 0.00 0.00 0.00 99.75
566 0.75 0.00 0.25 0.00 0.00 0.00 0.00 0.00 0.00 98.99
567 0.50 0.00 0.50 0.00 0.00 0.00 0.00 0.00 0.00 98.99
568 1.00 0.00 0.75 6.02 0.00 0.00 0.25 0.00 0.00 91.98
569 0.75 0.00 0.25 0.00 0.00 0.00 0.25 0.00 0.00 98.74
570 0.25 0.00 0.51 0.00 0.00 0.00 0.00 0.00 0.00 99.24
571 0.25 0.00 0.25 0.00 0.00 0.00 0.25 0.00 0.00 99.24
572 2.01 0.00 0.75 0.00 0.00 0.00 0.25 0.00 0.00 96.98
573 0.51 0.00 0.00 0.00 0.00 0.00 0.00 0.00 0.00 99.49
574 0.25 0.00 0.25 0.00 0.00 0.00 0.25 0.00 0.00 99.24
575 0.25 0.00 0.25 0.00 0.00 0.00 0.00 0.00 0.00 99.49
576 0.76 0.00 0.51 1.27 0.00 0.00 0.25 0.00 0.00 97.21
577 0.25 0.00 0.50 0.00 0.00 0.00 0.25 0.00 0.00 98.99
578 0.50 0.00 0.50 0.00 0.00 0.00 0.00 0.00 0.00 98.99
579 0.51 0.00 0.51 3.80 0.00 0.25 0.00 0.00 0.00 94.94
580 0.75 0.00 0.50 0.00 0.00 0.00 0.00 0.00 0.00 98.74
581 10.74 0.00 1.28 0.00 0.00 0.00 0.00 0.00 0.00 87.98
582 0.50 0.00 0.25 0.00 0.00 0.00 0.00 0.00 0.00 99.25
583 0.50 0.00 0.25 0.25 0.00 0.00 0.00 0.00 0.00 98.99
584 0.25 0.00 0.25 0.00 0.00 0.00 0.00 0.00 0.00 99.50
585 0.50 0.00 0.50 0.00 0.00 0.00 0.25 0.00 0.00 98.75
586 0.76 0.00 0.00 0.00 0.00 0.25 0.00 0.00 0.00 98.99
587 2.55 0.00 1.02 10.46 0.00 0.00 0.00 0.00 0.00 85.97
588 0.76 0.00 0.76 4.28 0.00 0.00 0.00 0.00 0.00 94.21
589 0.25 0.00 0.25 0.00 0.00 0.00 0.25 0.00 0.00 99.24
590 0.50 0.00 0.50 0.00 0.00 0.00 0.00 0.00 0.00 98.99
591 0.51 0.00 0.25 0.00 0.00 0.00 0.00 0.00 0.00 99.24
592 0.25 0.00 0.50 0.00 0.00 0.00 0.00 0.00 0.00 99.25
593 1.77 0.00 0.76 0.25 0.00 0.00 0.00 0.00 0.00 97.22
594 0.50 0.00 0.50 0.00 0.00 0.25 0.00 0.00 0.00 98.75
595 0.50 0.00 0.00 0.00 0.00 0.00 0.25 0.00 0.00 99.24
596 0.76 0.00 0.25 0.00 0.00 0.00 0.00 0.00 0.00 98.99
597 0.25 0.00 0.75 0.00 0.00 0.00 0.00 0.00 0.00 98.99
598 1.01 0.00 0.25 3.80 0.00 0.00 0.00 0.00 0.00 94.94
599 0.51 0.00 0.25 0.00 0.00 0.00 0.00 0.00 0.00 99.24
600 0.50 0.00 0.50 0.00 0.00 0.25 0.00 0.00 0.00 98.74
601 0.50 0.00 0.50 0.00 0.00 0.00 0.25 0.00 0.00 98.74
602 0.25 0.00 0.50 0.00 0.00 0.00 0.00 0.00 0.00 99.24
603 2.53 0.00 0.51 0.00 0.00 0.00 0.00 0.00 0.00 96.97
604 0.50 0.00 0.50 0.00 0.00 0.00 0.00 0.00 0.00 98.99
605 0.25 0.00 0.25 0.00 0.00 0.00 0.00 0.00 0.00 99.49
606 0.76 0.00 0.76 1.01 0.00 0.00 0.51 0.00 0.00 96.97
607 0.75 0.00 0.25 0.00 0.00 0.00 0.00 0.00 0.00 98.99
608 1.01 0.00 0.50 4.53 0.00 0.00 0.25 0.00 0.00 93.70
609 0.51 0.00 0.25 0.00 0.00 0.00 0.00 0.00 0.00 99.24
610 0.51 0.00 0.25 0.00 0.00 0.00 0.00 0.00 0.00 99.24
611 0.76 0.00 0.25 0.00 0.00 0.00 0.00 0.00 0.00 98.99
612 0.25 0.00 0.50 0.00 0.00 0.00 0.00 0.00 0.00 99.24
613 0.50 0.00 0.50 0.00 0.00 0.00 0.25 0.00 0.00 98.74
614 1.52 0.00 0.51 0.00 0.00 0.00 0.00 0.00 0.00 97.98
615 0.25 0.00 0.51 0.00 0.00 0.00 0.00 0.00 0.00 99.24
616 0.51 0.00 0.00 0.00 0.00 0.00 0.00 0.00 0.00 99.49
617 0.50 0.00 0.50 0.00 0.00 0.00 0.00 0.00 0.00 98.99
618 0.75 0.00 0.75 4.02 0.00 0.00 0.25 0.00 0.00 94.22
619 0.76 0.00 0.51 0.00 0.00 0.00 0.00 0.00 0.00 98.73
620 0.76 0.00 0.25 0.00 0.00 0.00 0.00 0.00 0.00 98.99
621 0.50 0.00 0.75 0.00 0.00 0.25 0.00 0.00 0.00 98.50
622 0.51 0.00 0.25 0.00 0.00 0.00 0.25 0.00 0.00 98.98
623 3.01 0.00 1.00 0.25 0.00 0.00 0.00 0.00 0.00 95.74
624 0.76 0.00 0.25 0.00 0.00 0.00 0.00 0.00 0.00 98.99
625 1.78 0.00 0.51 0.00 0.00 0.00 0.00 0.00 0.00 97.71
626 0.50 0.00 0.25 0.00 0.00 0.00 0.00 0.00 0.00 99.25
627 0.00 0.00 0.25 0.00 0.00 0.00 0.00 0.00 0.00 99.75
628 0.76 0.00 0.76 1.52 0.00 0.00 0.00 0.00 0.00 96.96
629 0.50 0.00 0.25 2.76 0.00 0.00 0.25 0.00 0.00 96.23
630 1.01 0.00 0.50 0.00 0.00 0.00 0.00 0.00 0.00 98.49
631 0.25 0.00 0.50 0.00 0.00 0.00 0.00 0.00 0.00 99.24
632 0.00 0.00 0.25 0.00 0.00 0.00 0.00 0.00 0.00 99.75
633 0.50 0.00 0.76 0.00 0.00 0.00 0.00 0.00 0.00 98.74
634 0.00 0.00 0.00 0.00 0.00 0.00 0.00 0.00 0.00 100.00
635 0.50 0.00 0.25 0.00 0.00 0.00 0.25 0.00 0.00 98.99
636 0.51 0.00 0.25 1.27 0.00 0.00 0.25 0.00 0.00 97.72
637 0.00 0.00 0.25 0.00 0.00 0.00 0.00 0.00 0.00 99.75
638 1.26 0.00 0.50 2.77 0.00 0.00 0.00 0.00 0.00 95.47
639 1.78 0.00 0.51 3.81 0.00 0.00 0.00 0.00 0.00 93.91
640 0.25 0.00 0.00 0.00 0.00 0.00 0.00 0.00 0.00 99.75
641 8.59 0.00 1.52 0.00 0.00 0.00 0.25 0.00 0.00 89.65
642 0.25 0.00 0.50 0.00 0.00 0.00 0.00 0.00 0.00 99.25
643 0.76 0.00 0.50 0.25 0.00 0.00 0.00 0.00 0.00 98.49
644 1.27 0.00 0.25 0.00 0.00 0.00 0.00 0.00 0.00 98.47
645 4.88 0.00 0.77 0.00 0.00 0.00 0.51 0.00 0.00 93.83
646 1.76 0.00 1.01 8.56 0.00 0.25 0.00 0.00 0.00 88.41
647 0.25 0.00 0.25 1.26 0.00 0.00 0.25 0.00 0.00 97.98
648 1.77 0.00 0.76 4.04 0.00 0.00 0.00 0.00 0.00 93.43
649 0.50 0.00 0.75 0.00 0.00 0.00 0.00 0.00 0.00 98.75
650 0.76 0.00 0.76 0.00 0.00 0.00 0.00 0.00 0.00 98.49
651 0.50 0.00 0.00 0.00 0.00 0.25 0.00 0.00 0.00 99.24
652 1.26 0.00 0.75 0.25 0.00 0.00 0.00 0.00 0.00 97.74
653 0.51 0.00 0.25 0.00 0.00 0.00 0.00 0.00 0.00 99.24
654 0.25 0.00 0.50 0.00 0.00 0.00 0.25 0.00 0.00 99.00
655 0.25 0.00 0.00 0.00 0.00 0.00 0.00 0.00 0.00 99.75
656 0.51 0.00 0.51 0.00 0.00 0.00 0.00 0.00 0.00 98.99
657 0.50 0.00 0.00 0.00 0.00 0.00 0.00 0.00 0.00 99.50
658 0.76 0.00 0.50 4.03 0.00 0.00 0.00 0.00 0.00 94.71
659 0.25 0.00 0.00 0.00 0.00 0.00 0.00 0.00 0.00 99.75
660 0.50 0.00 0.50 0.00 0.00 0.25 0.00 0.00 0.00 98.74
661 1.78 0.00 0.25 0.00 0.00 0.00 0.00 0.00 0.00 97.97
662 0.50 0.00 0.25 0.00 0.00 0.00 0.00 0.00 0.00 99.25
663 0.25 0.00 0.50 0.25 0.00 0.00 0.25 0.00 0.00 98.74
664 0.50 0.00 0.50 0.00 0.00 0.00 0.00 0.00 0.00 98.99
665 1.78 0.00 0.00 0.00 0.00 0.00 0.00 0.00 0.00 98.22
666 0.76 0.00 0.51 1.01 0.00 0.00 0.00 0.00 0.00 97.72
667 0.50 0.00 0.25 0.00 0.00 0.00 0.00 0.00 0.00 99.24
668 1.27 0.00 0.76 5.34 0.00 0.00 0.25 0.00 0.00 92.37
669 0.51 0.00 0.00 0.00 0.00 0.00 0.00 0.00 0.00 99.49
670 0.25 0.00 0.25 0.00 0.00 0.25 0.00 0.00 0.00 99.24
671 1.77 0.00 0.25 0.00 0.00 0.00 0.00 0.00 0.00 97.98
672 0.50 0.00 0.50 0.00 0.00 0.00 0.25 0.00 0.00 98.74
673 0.25 0.00 0.25 0.25 0.00 0.00 0.00 0.00 0.00 99.24
674 0.25 0.00 0.00 0.00 0.00 0.00 0.25 0.00 0.00 99.50
675 0.25 0.00 0.25 0.00 0.00 0.00 0.00 0.00 0.00 99.49
676 0.50 0.00 0.50 0.00 0.00 0.00 0.00 0.00 0.00 98.99
677 0.50 0.00 0.50 0.00 0.00 0.00 0.00 0.00 0.00 99.00
678 1.01 0.00 0.51 3.03 0.00 0.00 0.00 0.00 0.00 95.45
679 1.01 0.00 0.76 0.76 0.00 0.00 0.25 0.00 0.00 97.23
680 1.25 0.00 0.50 0.00 0.00 0.00 0.00 0.00 0.00 98.25
681 2.27 0.00 0.76 0.00 0.00 0.00 0.00 0.00 0.00 96.98
682 0.00 0.00 0.51 0.00 0.00 0.00 0.00 0.00 0.00 99.49
683 0.75 0.00 0.75 0.25 0.00 0.00 0.25 0.00 0.00 98.00
684 0.50 0.00 0.25 0.00 0.00 0.00 0.00 0.00 0.00 99.24
685 3.84 0.00 0.77 0.00 0.00 0.00 0.00 0.00 0.00 95.40
686 0.76 0.00 0.00 0.00 0.00 0.25 0.00 0.00 0.00 98.99
687 0.50 0.00 0.25 0.00 0.00 0.00 0.00 0.00 0.00 99.24
688 0.25 0.00 0.50 0.00 0.00 0.00 0.00 0.00 0.00 99.24
689 1.01 0.00 0.25 4.28 0.00 0.00 0.25 0.00 0.00 94.21
690 2.52 0.00 0.76 0.00 0.00 0.00 0.00 0.00 0.00 96.73
691 0.75 0.00 0.25 0.00 0.00 0.00 0.00 0.00 0.00 98.99
692 0.76 0.00 0.25 0.00 0.00 0.00 0.00 0.00 0.00 98.99
693 0.75 0.00 0.25 0.25 0.00 0.00 0.00 0.00 0.00 98.74
694 1.52 0.00 0.51 0.00 0.00 0.00 0.00 0.00 0.00 97.98
695 0.25 0.00 0.25 0.00 0.00 0.00 0.00 0.00 0.00 99.49
696 0.25 0.00 0.51 1.02 0.00 0.00 0.25 0.00 0.00 97.96
697 1.52 0.00 0.25 0.00 0.00 0.00 0.00 0.00 0.00 98.23
698 1.26 0.00 0.25 4.02 0.00 0.00 0.25 0.00 0.00 94.22
699 0.25 0.00 0.25 0.00 0.00 0.25 0.00 0.00 0.00 99.24
700 0.25 0.00 0.25 0.00 0.00 0.00 0.00 0.00 0.00 99.49
701 10.89 0.00 0.76 0.25 0.00 0.00 0.25 0.00 0.00 87.85
702 0.75 0.00 0.50 0.00 0.00 0.00 0.00 0.00 0.00 98.74
703 0.25 0.00 0.25 0.00 0.00 0.00 0.00 0.00 0.00 99.49
704 0.76 0.00 0.50 0.00 0.00 0.00 0.00 0.00 0.00 98.74
705 1.01 0.00 0.00 0.00 0.00 0.00 0.00 0.00 0.00 98.99
706 0.50 0.00 0.25 0.00 0.00 0.25 0.00 0.00 0.00 98.99
707 1.53 0.00 1.02 10.74 0.00 0.00 0.00 0.00 0.00 86.70
708 1.01 0.00 0.00 5.06 0.00 0.00 0.00 0.00 0.00 93.92
709 0.00 0.00 0.76 0.00 0.00 0.00 0.25 0.00 0.00 98.99
710 1.00 0.00 0.50 0.00 0.00 0.00 0.00 0.00 0.00 98.50
711 0.75 0.00 0.50 0.00 0.00 0.00 0.00 0.00 0.00 98.74
712 0.75 0.00 0.25 0.25 0.00 0.00 0.00 0.00 0.00 98.75
713 0.51 0.00 0.51 0.00 0.00 0.00 0.00 0.00 0.00 98.99
714 0.75 0.00 0.25 0.00 0.00 0.25 0.00 0.00 0.00 98.75
715 0.25 0.00 0.25 0.00 0.00 0.00 0.00 0.00 0.00 99.49
716 0.50 0.00 0.75 0.00 0.00 0.00 0.25 0.00 0.00 98.49
717 0.25 0.00 0.25 0.00 0.00 0.00 0.00 0.00 0.00 99.49
718 3.54 0.00 0.76 4.05 0.00 0.00 0.76 0.00 0.00 90.89
719 0.00 0.00 0.25 0.00 0.00 0.00 0.00 0.00 0.00 99.75
720 1.00 0.00 0.50 0.00 0.00 0.00 0.00 0.00 0.00 98.50
721 0.51 0.00 0.25 0.00 0.00 0.00 0.25 0.00 0.00 98.99
722 0.25 0.00 0.25 0.00 0.00 0.00 0.00 0.00 0.00 99.50
723 0.75 0.00 0.50 0.00 0.00 0.00 0.00 0.00 0.00 98.75
724 0.50 0.00 0.50 0.00 0.00 0.25 0.00 0.00 0.00 98.75
725 0.25 0.00 0.00 0.00 0.00 0.00 0.00 0.00 0.00 99.75
726 1.27 0.00 0.51 1.01 0.00 0.00 0.25 0.00 0.00 96.96
727 0.25 0.00 0.00 0.00 0.00 0.25 0.25 0.00 0.00 99.24
728 1.78 0.00 0.76 4.33 0.00 0.00 0.00 0.00 0.00 93.13
729 0.75 0.00 0.50 0.00 0.00 0.00 0.00 0.00 0.00 98.74
730 0.51 0.00 0.25 0.00 0.00 0.00 0.00 0.00 0.00 99.24
731 0.25 0.00 0.00 0.00 0.00 0.00 0.00 0.00 0.00 99.75
732 0.51 0.00 0.00 0.00 0.00 0.00 0.00 0.00 0.00 99.49
733 0.50 0.00 0.25 0.25 0.00 0.00 0.00 0.00 0.00 98.99
734 0.25 0.00 0.25 0.00 0.00 0.00 0.00 0.00 0.00 99.49
735 0.51 0.00 0.00 0.00 0.00 0.00 0.00 0.00 0.00 99.49
736 0.50 0.00 0.50 0.00 0.00 0.00 0.25 0.00 0.00 98.74
737 0.75 0.00 0.50 0.00 0.00 0.00 0.00 0.00 0.00 98.75
738 0.25 0.00 0.25 0.00 0.00 0.00 0.00 0.00 0.00 99.49
739 2.02 0.00 1.01 3.79 0.00 0.00 0.25 0.00 0.00 92.93
740 0.50 0.00 0.50 0.00 0.00 0.00 0.00 0.00 0.00 98.99
741 0.50 0.00 0.25 0.00 0.00 0.25 0.00 0.00 0.00 98.99
742 0.50 0.00 0.75 0.00 0.00 0.00 0.00 0.00 0.00 98.75
743 1.75 0.00 0.50 0.00 0.00 0.00 0.25 0.00 0.00 97.49
744 0.51 0.00 0.00 0.00 0.00 0.00 0.00 0.00 0.00 99.49
745 1.26 0.00 0.50 0.00 0.00 0.00 0.00 0.00 0.00 98.24
746 0.50 0.00 0.25 0.00 0.00 0.25 0.25 0.00 0.00 98.74
747 0.25 0.00 0.25 0.00 0.00 0.00 0.00 0.00 0.00 99.49
748 1.02 0.00 0.00 4.31 0.00 0.00 0.00 0.00 0.00 94.67
749 0.75 0.00 0.50 0.00 0.00 0.00 0.00 0.00 0.00 98.74
750 1.01 0.00 0.50 0.00 0.00 0.00 0.00 0.00 0.00 98.49
751 2.04 0.00 0.00 0.00 0.00 0.00 0.00 0.00 0.00 97.96
752 1.00 0.00 0.25 0.00 0.00 0.00 0.00 0.00 0.00 98.75
753 0.76 0.00 0.25 0.00 0.00 0.00 0.00 0.00 0.00 98.99
754 0.25 0.00 0.76 0.00 0.00 0.00 0.25 0.00 0.00 98.74
755 0.76 0.00 0.50 0.00 0.00 0.00 0.00 0.00 0.00 98.74
756 0.25 0.00 0.25 1.27 0.00 0.00 0.25 0.00 0.00 97.97
757 0.25 0.00 0.76 0.00 0.00 0.00 0.00 0.00 0.00 98.99
758 0.50 0.00 0.76 3.78 0.00 0.00 0.00 0.00 0.00 94.96
759 0.25 0.00 0.50 0.00 0.00 0.00 0.00 0.00 0.00 99.24
760 1.00 0.00 0.75 0.00 0.00 0.25 0.00 0.00 0.00 97.99
761 10.23 0.00 0.77 0.00 0.00 0.00 0.26 0.00 0.00 88.75
762 0.50 0.00 0.50 0.00 0.00 0.00 0.00 0.00 0.00 98.99
763 0.50 0.00 0.50 0.00 0.00 0.00 0.00 0.00 0.00 98.99
764 0.50 0.00 0.25 0.00 0.00 0.00 0.00 0.00 0.00 99.25
765 0.75 0.00 0.25 0.00 0.00 0.00 0.00 0.00 0.00 98.99
766 0.50 0.00 0.50 0.00 0.00 0.00 0.00 0.00 0.00 98.99
767 1.78 0.00 0.76 8.88 0.00 0.00 0.25 0.00 0.00 88.32
768 1.26 0.00 0.00 5.81 0.00 0.00 0.00 0.00 0.00 92.93
769 0.75 0.00 0.75 0.00 0.00 0.00 0.00 0.00 0.00 98.49
770 0.50 0.00 0.50 0.00 0.00 0.00 0.00 0.00 0.00 98.99
771 0.50 0.00 0.75 0.00 0.00 0.25 0.00 0.00 0.00 98.49
772 0.25 0.00 0.50 0.00 0.00 0.00 0.00 0.00 0.00 99.24
773 0.00 0.00 0.51 0.00 0.00 0.00 0.00 0.00 0.00 99.49
774 1.78 0.00 0.25 0.00 0.00 0.00 0.25 0.00 0.00 97.71
775 0.51 0.00 0.51 0.00 0.00 0.00 0.00 0.00 0.00 98.99
776 0.50 0.00 0.75 0.00 0.00 0.00 0.00 0.00 0.00 98.75
777 0.51 0.00 0.00 0.00 0.00 0.00 0.00 0.00 0.00 99.49
778 1.77 0.00 0.51 3.80 0.00 0.00 0.00 0.00 0.00 93.92
779 0.25 0.00 0.50 0.00 0.00 0.00 0.00 0.00 0.00 99.24
780 1.01 0.00 0.25 0.00 0.00 0.00 0.25 0.00 0.00 98.48
781 0.50 0.00 0.25 0.00 0.00 0.00 0.00 0.00 0.00 99.24
782 0.25 0.00 0.00 0.00 0.00 0.00 0.00 0.00 0.00 99.75
783 1.52 0.00 0.76 0.00 0.00 0.00 0.00 0.00 0.00 97.73
784 0.76 0.00 0.00 0.00 0.00 0.00 0.00 0.00 0.00 99.24
785 0.50 0.00 0.25 0.00 0.00 0.00 0.25 0.00 0.00 98.99
786 0.51 0.00 0.25 1.27 0.00 0.00 0.00 0.00 0.00 97.97
787 0.50 0.00 0.25 0.00 0.00 0.00 0.25 0.00 0.00 99.00
788 0.51 0.00 0.51 1.52 0.00 0.00 0.00 0.00 0.00 97.47
789 1.01 0.00 0.25 2.77 0.00 0.00 0.00 0.00 0.00 95.97
790 0.51 0.00 0.51 0.00 0.00 0.00 0.00 0.00 0.00 98.99
791 0.50 0.00 0.50 0.00 0.00 0.00 0.25 0.00 0.00 98.74
792 0.00 0.00 0.51 0.00 0.00 0.00 0.00 0.00 0.00 99.49
793 2.03 0.00 0.51 0.00 0.00 0.00 0.00 0.00 0.00 97.47
794 0.75 0.00 0.00 0.00 0.00 0.00 0.25 0.00 0.00 98.99
795 0.25 0.00 0.51 0.00 0.00 0.00 0.00 0.00 0.00 99.24
796 0.76 0.00 0.25 0.00 0.00 0.00 0.00 0.00 0.00 98.99
797 0.75 0.00 0.00 0.00 0.00 0.00 0.00 0.00 0.00 99.25
798 0.51 0.00 0.51 3.81 0.00 0.00 0.00 0.00 0.00 95.18
799 0.25 0.00 0.51 0.00 0.00 0.00 0.25 0.00 0.00 98.99
800 0.51 0.00 0.51 0.00 0.00 0.00 0.00 0.00 0.00 98.99
801 0.51 0.00 0.25 0.00 0.00 0.00 0.00 0.00 0.00 99.24
802 0.75 0.00 0.50 0.00 0.00 0.00 0.00 0.00 0.00 98.75
803 5.34 0.00 0.76 0.25 0.00 0.00 0.00 0.00 0.00 93.64
804 2.03 0.00 0.25 0.00 0.00 0.00 0.00 0.00 0.00 97.72
805 0.25 0.00 0.00 0.00 0.00 0.00 0.00 0.00 0.00 99.75
806 0.50 0.00 0.25 0.00 0.00 0.00 0.25 0.00 0.00 98.99
807 0.25 0.00 0.25 0.00 0.00 0.00 0.00 0.00 0.00 99.49
808 0.76 0.00 0.00 4.30 0.00 0.00 0.00 0.00 0.00 94.94
809 0.50 0.00 0.50 0.00 0.00 0.00 0.00 0.00 0.00 98.99
810 0.75 0.00 0.75 0.00 0.00 0.00 0.00 0.00 0.00 98.49
811 1.25 0.00 0.25 0.00 0.00 0.25 0.00 0.00 0.00 98.25
812 0.25 0.00 0.25 0.00 0.00 0.00 0.00 0.00 0.00 99.49
813 0.25 0.00 0.25 0.76 0.00 0.00 0.00 0.00 0.00 98.73
814 0.25 0.00 0.00 0.00 0.00 0.00 0.00 0.00 0.00 99.75
815 0.50 0.00 0.50 0.00 0.00 0.00 0.25 0.00 0.00 98.74
816 1.29 0.00 0.52 1.29 0.00 0.00 0.77 0.00 0.00 96.13
817 0.50 0.00 0.25 0.00 0.00 0.00 0.50 0.00 0.00 98.74
818 1.01 0.00 0.50 3.78 0.00 0.00 0.25 0.00 0.00 94.46
819 0.00 0.00 0.51 0.00 0.00 0.00 0.00 0.00 0.00 99.49
820 0.50 0.00 0.75 0.00 0.00 0.00 0.00 0.00 0.00 98.74
821 8.35 0.00 0.76 0.25 0.00 0.00 0.25 0.00 0.00 90.38
822 1.02 0.00 0.51 0.00 0.00 0.00 0.00 0.00 0.00 98.48
823 0.51 0.00 0.25 0.00 0.00 0.00 0.00 0.00 0.00 99.24
824 0.76 0.00 0.50 0.00 0.00 0.00 0.00 0.00 0.00 98.74
825 0.00 0.00 0.50 0.00 0.00 0.00 0.25 0.00 0.00 99.25
826 0.25 0.00 0.76 0.00 0.00 0.00 0.00 0.00 0.00 98.99
827 2.03 0.00 1.02 10.66 0.00 0.00 0.00 0.00 0.00 86.29
828 1.26 0.00 0.50 4.28 0.00 0.00 0.00 0.00 0.00 93.95
829 0.51 0.00 0.25 0.00 0.00 0.00 0.25 0.00 0.00 98.99
830 0.25 0.00 0.25 0.00 0.00 0.00 0.00 0.00 0.00 99.49
831 2.01 0.00 0.75 0.00 0.00 0.00 0.00 0.00 0.00 97.24
832 0.51 0.00 0.51 0.00 0.00 0.00 0.00 0.00 0.00 98.99
833 0.75 0.00 0.50 0.00 0.00 0.00 0.00 0.00 0.00 98.74
834 0.25 0.00 0.75 0.00 0.00 0.00 0.00 0.00 0.00 98.99
835 0.50 0.00 0.50 0.00 0.00 0.00 0.00 0.00 0.00 98.99
836 0.50 0.00 0.50 0.00 0.00 0.00 0.00 0.00 0.00 98.99
837 0.25 0.00 0.25 0.00 0.00 0.00 0.00 0.00 0.00 99.50
838 0.51 0.00 0.25 3.31 0.00 0.25 0.00 0.00 0.00 95.67
839 0.50 0.00 0.50 0.75 0.00 0.00 0.00 0.00 0.00 98.24
840 1.01 0.00 0.75 0.00 0.00 0.00 0.00 0.00 0.00 98.24
841 1.76 0.00 0.50 0.00 0.00 0.00 0.25 0.00 0.00 97.49
842 0.50 0.00 0.50 0.00 0.00 0.00 0.00 0.00 0.00 99.00
843 0.76 0.00 0.50 0.00 0.00 0.00 0.00 0.00 0.00 98.74
844 0.25 0.00 0.25 0.00 0.00 0.00 0.00 0.00 0.00 99.49
845 10.46 0.00 1.02 1.28 0.00 0.00 0.26 0.00 0.00 86.99
846 0.76 0.00 0.25 0.00 0.00 0.00 0.00 0.00 0.00 98.99
847 0.25 0.00 0.50 0.00 0.00 0.00 0.00 0.00 0.00 99.25
848 0.51 0.00 0.25 1.52 0.00 0.00 0.00 0.00 0.00 97.73
849 2.29 0.00 0.51 4.33 0.00 0.00 0.00 0.00 0.00 92.88
850 0.75 0.00 0.50 0.00 0.00 0.00 0.25 0.00 0.00 98.49
851 0.51 0.00 0.25 0.00 0.00 0.00 0.00 0.00 0.00 99.24
852 2.02 0.00 0.76 0.00 0.00 0.00 0.00 0.00 0.00 97.23
853 0.50 0.00 0.25 0.00 0.00 0.00 0.00 0.00 0.00 99.24
854 0.00 0.00 0.25 0.00 0.00 0.00 0.00 0.00 0.00 99.75
855 0.76 0.00 0.00 0.00 0.00 0.00 0.00 0.00 0.00 99.24
856 1.01 0.00 0.25 0.00 0.00 0.00 0.00 0.00 0.00 98.73
857 0.25 0.00 0.25 0.00 0.00 0.00 0.00 0.00 0.00 99.50
858 1.01 0.00 0.50 3.78 0.00 0.00 0.00 0.00 0.00 94.71
859 0.51 0.00 0.51 0.00 0.00 0.00 0.00 0.00 0.00 98.99
860 3.79 0.00 0.76 0.00 0.00 0.00 0.00 0.00 0.00 95.45
861 0.50 0.00 0.75 0.00 0.00 0.00 0.25 0.00 0.00 98.50
862 2.03 0.00 0.25 0.00 0.00 0.25 0.00 0.00 0.00 97.47
863 1.25 0.00 0.75 0.25 0.00 0.00 0.25 0.00 0.00 97.51
864 0.26 0.00 0.51 0.00 0.00 0.00 0.00 0.00 0.00 99.23
865 0.50 0.00 0.50 0.00 0.00 0.00 0.00 0.00 0.00 98.99
866 0.75 0.00 0.50 0.00 0.00 0.00 0.00 0.00 0.00 98.74
867 0.75 0.00 0.50 0.00 0.00 0.00 0.00 0.00 0.00 98.75
868 1.01 0.00 0.76 4.04 0.00 0.00 0.00 0.00 0.00 94.19
869 0.50 0.00 0.25 0.00 0.00 0.00 0.25 0.00 0.00 98.99
870 0.51 0.00 0.25 0.00 0.00 0.00 0.00 0.00 0.00 99.24
871 0.25 0.00 0.25 0.00 0.00 0.00 0.00 0.00 0.00 99.49
872 0.00 0.00 0.25 0.00 0.00 0.00 0.00 0.00 0.00 99.75
873 1.00 0.00 0.50 0.25 0.00 0.00 0.00 0.00 0.00 98.25
874 1.01 0.00 0.00 0.00 0.00 0.00 0.00 0.00 0.00 98.99
875 0.00 0.00 0.51 0.00 0.00 0.00 0.25 0.00 0.00 99.24
876 1.79 0.00 0.77 1.02 0.00 0.00 0.26 0.00 0.00 96.17
877 1.00 0.00 0.25 0.00 0.00 0.00 0.00 0.00 0.00 98.75
878 0.76 0.00 0.00 4.04 0.00 0.25 0.00 0.00 0.00 94.95
879 0.50 0.00 0.50 0.00 0.00 0.00 0.25 0.00 0.00 98.74
880 0.25 0.00 0.25 0.00 0.00 0.00 0.00 0.00 0.00 99.49
881 10.23 0.00 1.02 0.00 0.00 0.00 0.26 0.00 0.00 88.49
882 0.51 0.00 0.25 0.00 0.00 0.00 0.00 0.00 0.00 99.24
883 0.76 0.00 0.50 0.76 0.00 0.00 0.00 0.00 0.00 97.98
884 0.00 0.00 0.00 0.00 0.00 0.00 0.00 0.00 0.00 100.00
885 0.50 0.00 1.00 0.00 0.00 0.00 0.00 0.00 0.00 98.50
886 0.75 0.00 0.50 0.00 0.00 0.00 0.00 0.00 0.00 98.74
887 2.28 0.00 1.02 7.87 0.00 0.00 0.00 0.00 0.00 88.83
888 0.51 0.00 0.51 7.09 0.00 0.00 0.25 0.00 0.00 91.65
889 1.00 0.00 0.50 0.00 0.00 0.00 0.00 0.00 0.00 98.50
890 0.50 0.00 1.01 0.00 0.00 0.00 0.00 0.00 0.00 98.49
891 0.00 0.00 0.51 0.00 0.00 0.00 0.00 0.00 0.00 99.49
892 0.76 0.00 0.25 0.00 0.00 0.00 0.00 0.00 0.00 98.99
893 0.75 0.00 0.25 0.25 0.00 0.00 0.00 0.00 0.00 98.74
894 0.75 0.00 0.50 0.00 0.00 0.00 0.25 0.00 0.00 98.50
895 0.25 0.00 0.00 0.00 0.00 0.00 0.00 0.00 0.00 99.75
896 0.51 0.00 0.00 0.00 0.00 0.00 0.25 0.00 0.00 99.24
897 0.51 0.00 0.25 0.00 0.00 0.00 0.00 0.00 0.00 99.24
898 2.02 0.00 0.76 0.25 0.00 0.00 0.00 0.00 0.00 96.98
899 1.26 0.00 0.51 3.54 0.00 0.00 0.00 0.00 0.00 94.70
900 0.51 0.00 0.51 0.00 0.00 0.00 0.00 0.00 0.00 98.99
901 0.75 0.00 0.00 0.00 0.00 0.25 0.00 0.00 0.00 98.99
902 0.50 0.00 0.50 0.00 0.00 0.00 0.00 0.00 0.00 98.99
903 1.01 0.00 0.50 0.25 0.00 0.00 0.25 0.00 0.00 97.99
904 0.50 0.00 0.25 0.00 0.00 0.00 0.25 0.00 0.00 98.99
905 0.25 0.00 0.51 0.00 0.00 0.00 0.00 0.00 0.00 99.24
906 0.51 0.00 0.76 1.01 0.00 0.00 0.25 0.00 0.00 97.47
907 0.25 0.00 0.51 0.00 0.00 0.00 0.00 0.00 0.00 99.24
908 1.78 0.00 0.51 4.31 0.00 0.00 0.00 0.00 0.00 93.40
909 0.50 0.00 0.75 0.00 0.00 0.00 0.00 0.00 0.00 98.75
910 1.25 0.00 0.75 0.00 0.00 0.00 0.00 0.00 0.00 97.99
911 0.50 0.00 0.50 0.00 0.00 0.00 0.00 0.00 0.00 98.99
912 0.76 0.00 0.00 0.00 0.00 0.00 0.00 0.00 0.00 99.24
913 0.75 0.00 0.75 0.00 0.00 0.00 0.00 0.00 0.00 98.49
914 0.50 0.00 0.50 0.00 0.00 0.00 0.00 0.00 0.00 98.99
915 0.25 0.00 0.25 0.00 0.00 0.00 0.25 0.00 0.00 99.24
916 0.75 0.00 0.50 0.00 0.00 0.00 0.00 0.00 0.00 98.75
917 0.00 0.00 0.25 0.00 0.00 0.00 0.00 0.00 0.00 99.75
918 3.56 0.00 1.02 3.82 0.00 0.00 0.00 0.00 0.00 91.60
919 1.01 0.00 0.76 0.00 0.00 0.00 0.00 0.00 0.00 98.24
920 0.50 0.00 0.50 0.00 0.00 0.00 0.00 0.00 0.00 98.99
921 0.75 0.00 0.50 0.00 0.00 0.00 0.00 0.00 0.00 98.75
922 0.00 0.00 0.51 0.00 0.00 0.00 0.00 0.00 0.00 99.49
923 1.25 0.00 0.75 0.25 0.00 0.00 0.25 0.00 0.00 97.50
924 1.01 0.00 0.25 0.00 0.00 0.00 0.00 0.00 0.00 98.74
925 0.25 0.00 0.51 0.00 0.00 0.00 0.00 0.00 0.00 99.24
926 0.75 0.00 0.00 0.00 0.00 0.00 0.00 0.00 0.00 99.25
927 0.51 0.00 0.25 0.00 0.00 0.00 0.00 0.00 0.00 99.24
928 0.25 0.00 0.25 4.33 0.00 0.00 0.00 0.00 0.00 95.17
929 1.78 0.00 0.51 0.00 0.00 0.00 0.00 0.00 0.00 97.72
930 0.25 0.00 0.51 0.00 0.00 0.00 0.00 0.00 0.00 99.24
931 0.25 0.00 0.50 0.00 0.00 0.00 0.00 0.00 0.00 99.24
932 0.25 0.00 0.00 0.00 0.00 0.00 0.00 0.00 0.00 99.75
933 0.75 0.00 1.00 0.25 0.00 0.00 0.00 0.00 0.00 98.00
934 0.50 0.00 0.50 0.00 0.00 0.00 0.00 0.00 0.00 98.99
935 0.50 0.00 0.25 0.00 0.00 0.00 0.00 0.00 0.00 99.24
936 0.25 0.00 0.51 1.27 0.00 0.00 0.25 0.00 0.00 97.72
937 0.00 0.00 0.00 0.00 0.00 0.25 0.25 0.00 0.00 99.49
938 0.76 0.00 0.76 3.79 0.00 0.00 0.00 0.00 0.00 94.70
939 0.76 0.00 0.50 0.00 0.00 0.00 0.25 0.00 0.00 98.49
940 1.51 0.00 0.50 0.00 0.00 0.00 0.00 0.00 0.00 97.98
941 11.05 0.00 1.29 0.26 0.00 0.00 0.26 0.00 0.00 87.15
942 0.25 0.00 0.25 0.00 0.00 0.00 0.00 0.00 0.00 99.49
943 1.50 0.00 0.50 0.25 0.00 0.00 0.00 0.00 0.00 97.74
944 1.00 0.00 0.25 0.00 0.00 0.00 0.00 0.00 0.00 98.75
945 0.75 0.00 0.25 0.00 0.00 0.00 0.25 0.00 0.00 98.74
946 4.88 0.00 0.77 0.00 0.00 0.00 0.00 0.00 0.00 94.34
947 3.32 0.00 1.79 10.20 0.00 0.26 0.00 0.00 0.00 84.44
948 3.08 0.00 0.51 0.77 0.00 0.26 0.26 0.00 0.00 95.13
949 0.76 0.00 0.50 3.53 0.00 0.00 0.00 0.00 0.00 95.21
950 2.78 0.00 0.25 0.00 0.00 0.00 0.00 0.00 0.00 96.96
951 2.28 0.00 0.76 0.00 0.00 0.00 0.25 0.00 0.00 96.71
952 1.25 0.00 0.50 0.25 0.00 0.00 0.00 0.00 0.00 98.00
953 0.50 0.00 0.75 0.00 0.00 0.00 0.00 0.00 0.00 98.74
954 1.26 0.00 0.25 0.00 0.00 0.00 0.00 0.00 0.00 98.49
955 0.75 0.00 0.50 0.00 0.00 0.00 0.00 0.00 0.00 98.75
956 1.01 0.00 0.50 0.00 0.00 0.00 0.00 0.00 0.00 98.49
957 0.50 0.00 0.25 0.00 0.00 0.00 0.00 0.00 0.00 99.24
958 1.01 0.00 0.25 3.80 0.00 0.00 0.00 0.00 0.00 94.94
959 0.50 0.00 0.25 0.00 0.00 0.00 0.25 0.00 0.00 98.99
960 0.51 0.00 0.25 0.00 0.00 0.00 0.00 0.00 0.00 99.24
961 1.53 0.00 0.51 0.00 0.00 0.00 0.00 0.00 0.00 97.96
962 0.25 0.00 0.25 0.00 0.00 0.00 0.00 0.00 0.00 99.50
963 0.51 0.00 0.25 0.25 0.00 0.00 0.00 0.00 0.00 98.98
964 0.51 0.00 0.00 0.00 0.00 0.00 0.00 0.00 0.00 99.49
965 0.50 0.00 0.25 0.00 0.00 0.00 0.25 0.00 0.00 98.99
966 1.53 0.00 0.77 1.02 0.00 0.00 0.00 0.00 0.00 96.68
967 1.00 0.00 0.50 0.00 0.00 0.00 0.00 0.00 0.00 98.50
968 0.76 0.00 0.51 4.56 0.00 0.00 0.00 0.00 0.00 94.18
969 1.01 0.00 1.01 0.00 0.00 0.00 0.00 0.00 0.00 97.97
970 0.25 0.00 0.00 0.00 0.00 0.00 0.25 0.00 0.00 99.49
971 1.25 0.00 0.75 0.00 0.00 0.00 0.00 0.00 0.00 98.00
972 1.52 0.00 0.51 0.00 0.00 0.00 0.00 0.00 0.00 97.97
973 0.50 0.00 0.50 0.25 0.00 0.00 0.00 0.00 0.00 98.74
974 0.50 0.00 0.25 0.00 0.00 0.00 0.00 0.00 0.00 99.24
975 0.51 0.00 0.25 0.00 0.00 0.00 0.00 0.00 0.00 99.24
976 1.00 0.00 0.25 0.00 0.00 0.00 0.00 0.00 0.00 98.75
977 0.25 0.00 0.25 0.00 0.00 0.00 0.00 0.00 0.00 99.49
978 0.76 0.00 0.51 3.79 0.00 0.00 0.00 0.00 0.00 94.95
979 0.51 0.00 0.51 0.00 0.00 0.00 0.00 0.00 0.00 98.98
980 0.75 0.00 0.25 0.00 0.00 0.00 0.25 0.00 0.00 98.75
981 0.51 0.00 0.76 0.00 0.00 0.00 0.00 0.00 0.00 98.74
982 0.75 0.00 0.50 0.00 0.00 0.00 0.00 0.00 0.00 98.75
983 1.54 0.00 0.00 0.00 0.00 0.00 0.00 0.00 0.00 98.46
984 0.76 0.00 0.76 0.00 0.00 0.00 0.00 0.00 0.00 98.48
985 0.51 0.00 0.00 0.00 0.00 0.00 0.00 0.00 0.00 99.49
986 0.50 0.00 0.50 0.00 0.00 0.00 0.00 0.00 0.00 98.99
987 0.50 0.00 0.50 0.00 0.00 0.00 0.25 0.00 0.00 98.75
988 2.55 0.00 0.51 4.59 0.00 0.00 0.00 0.00 0.00 92.35
989 0.50 0.00 0.25 0.00 0.00 0.00 0.00 0.00 0.00 99.24
990 0.50 0.00 0.25 0.00 0.00 0.00 0.00 0.00 0.00 99.24
991 1.26 0.00 0.50 0.00 0.00 0.25 0.00 0.00 0.00 97.99
992 0.51 0.00 0.00 0.00 0.00 0.00 0.00 0.00 0.00 99.49
993 0.51 0.00 0.76 0.00 0.00 0.00 0.00 0.00 0.00 98.74
994 0.75 0.00 0.25 0.00 0.00 0.00 0.00 0.00 0.00 99.00
995 0.75 0.00 0.25 0.00 0.00 0.00 0.25 0.00 0.00 98.74
996 2.03 0.00 0.76 1.02 0.00 0.00 0.25 0.00 0.00 95.94
997 0.51 0.00 0.25 0.00 0.00 0.00 0.25 0.00 0.00 98.99
998 1.01 0.00 0.50 1.26 0.00 0.00 0.00 0.00 0.00 97.23
999 0.76 0.00 0.00 2.78 0.00 0.00 0.25 0.00 0.00 96.20
1000 0.75 0.00 0.25 0.00 0.00 0.00 0.00 0.00 0.00 98.99
1001 8.95 0.00 0.77 0.26 0.00 0.00 0.00 0.00 0.00 90.03
1002 0.76 0.00 0.25 0.00 0.00 0.00 0.00 0.00 0.00 98.99
1003 1.78 0.00 0.76 0.00 0.00 0.00 0.00 0.00 0.00 97.46
1004 0.25 0.00 0.25 0.00 0.00 0.00 0.00 0.00 0.00 99.49
1005 0.25 0.00 0.50 0.00 0.00 0.00 0.00 0.00 0.00 99.24
1006 0.25 0.00 0.51 0.00 0.00 0.00 0.00 0.00 0.00 99.24
1007 1.75 0.00 0.75 8.27 0.00 0.00 0.25 0.00 0.00 88.97
1008 0.76 0.00 0.76 6.08 0.00 0.00 0.00 0.00 0.00 92.41
1009 0.76 0.00 0.00 0.00 0.00 0.00 0.00 0.00 0.00 99.24
1010 0.25 0.00 0.25 0.00 0.00 0.00 0.00 0.00 0.00 99.49
1011 2.02 0.00 0.76 0.00 0.00 0.00 0.00 0.00 0.00 97.23
1012 0.75 0.00 0.25 0.00 0.00 0.00 0.25 0.00 0.00 98.74
1013 0.50 0.00 0.50 0.50 0.00 0.00 0.00 0.00 0.00 98.49
1014 0.50 0.00 0.50 0.00 0.00 0.00 0.00 0.00 0.00 98.99
1015 0.75 0.00 0.75 0.00 0.00 0.00 0.00 0.00 0.00 98.50
1016 1.01 0.00 0.25 0.00 0.00 0.00 0.00 0.00 0.00 98.74
1017 1.01 0.00 0.51 0.00 0.00 0.00 0.00 0.00 0.00 98.48
1018 0.51 0.00 0.76 3.80 0.00 0.25 0.00 0.00 0.00 94.68
1019 0.25 0.00 0.51 0.00 0.00 0.00 0.00 0.00 0.00 99.24
1020 5.04 0.00 0.25 0.00 0.00 0.00 0.00 0.00 0.00 94.71
1021 2.30 0.00 0.26 0.00 0.00 0.00 0.26 0.00 0.00 97.19
1022 6.41 0.00 1.28 0.00 0.00 0.00 0.00 0.00 0.00 92.31
1023 1.27 0.00 0.51 0.00 0.00 0.00 0.51 0.00 0.00 97.71
1024 1.52 0.00 0.76 0.00 0.00 0.00 0.25 0.00 0.00 97.47
1025 3.91 0.00 0.52 0.00 0.00 0.00 1.04 0.00 0.00 94.53
1026 1.01 0.00 0.51 1.27 0.00 0.00 0.51 0.00 0.00 96.71
1027 0.50 0.00 0.00 0.00 0.00 0.00 0.25 0.00 0.00 99.24
1028 2.06 0.00 0.51 4.63 0.00 0.00 0.00 0.00 0.00 92.80
1029 0.00 0.00 0.50 0.00 0.00 0.25 0.00 0.00 0.00 99.24
1030 0.25 0.00 0.50 0.00 0.00 0.00 0.25 0.00 0.00 98.99
1031 5.90 0.00 0.77 0.00 0.00 0.00 0.26 0.00 0.00 93.08
1032 0.25 0.00 0.00 0.00 0.00 0.00 0.00 0.00 0.00 99.75
1033 0.76 0.00 0.25 0.00 0.00 0.00 0.00 0.00 0.00 98.98
1034 0.25 0.00 0.25 0.00 0.00 0.00 0.00 0.00 0.00 99.49
1035 1.02 0.00 0.25 0.00 0.00 0.00 0.00 0.00 0.00 98.73
1036 0.75 0.00 0.25 0.00 0.00 0.00 0.25 0.00 0.00 98.74
1037 0.76 0.00 0.25 0.00 0.00 0.00 0.00 0.00 0.00 98.99
1038 0.51 0.00 0.51 3.81 0.00 0.00 0.00 0.00 0.00 95.18
1039 0.50 0.00 1.01 0.00 0.00 0.00 0.00 0.00 0.00 98.49
1040 2.02 0.00 0.00 0.00 0.00 0.25 0.00 0.00 0.00 97.73
1041 0.51 0.00 0.25 0.00 0.00 0.00 0.00 0.00 0.00 99.24
1042 0.50 0.00 0.25 0.00 0.00 0.00 0.00 0.00 0.00 99.24
1043 0.50 0.00 0.50 0.25 0.00 0.00 0.00 0.00 0.00 98.74
1044 0.51 0.00 0.00 0.00 0.00 0.00 0.00 0.00 0.00 99.49
1045 0.25 0.00 0.51 0.00 0.00 0.00 0.00 0.00 0.00 99.24
1046 0.50 0.00 0.25 0.00 0.00 0.00 0.25 0.00 0.00 98.99
1047 0.25 0.00 0.76 0.00 0.00 0.00 0.00 0.00 0.00 98.99
1048 1.01 0.00 0.50 2.02 0.00 0.00 0.00 0.00 0.00 96.47
1049 0.51 0.00 0.00 2.28 0.00 0.00 0.00 0.00 0.00 97.21
1050 0.50 0.00 0.50 0.00 0.00 0.00 0.00 0.00 0.00 98.99
1051 0.76 0.00 0.25 0.00 0.00 0.00 0.25 0.00 0.00 98.74
1052 1.76 0.00 0.76 0.00 0.00 0.00 0.00 0.00 0.00 97.48
1053 0.51 0.00 0.00 0.25 0.00 0.00 0.00 0.00 0.00 99.24
1054 1.25 0.00 0.50 0.00 0.00 0.00 0.00 0.00 0.00 98.25
1055 0.51 0.00 0.25 0.00 0.00 0.00 0.00 0.00 0.00 99.24
1056 0.51 0.00 0.76 1.01 0.00 0.00 0.00 0.00 0.00 97.72
1057 0.51 0.00 0.25 0.00 0.00 0.00 0.25 0.00 0.00 98.99
1058 1.26 0.00 0.25 4.04 0.00 0.00 0.00 0.00 0.00 94.44
1059 0.00 0.00 0.25 0.51 0.00 0.00 0.00 0.00 0.00 99.24
1060 0.50 0.00 0.25 0.00 0.00 0.00 0.00 0.00 0.00 99.24
1061 8.95 0.00 1.02 0.00 0.00 0.00 0.00 0.00 0.00 90.03
1062 1.76 0.00 0.50 0.00 0.00 0.25 0.00 0.00 0.00 97.48
1063 0.50 0.00 0.50 0.25 0.00 0.00 0.25 0.00 0.00 98.50
1064 0.25 0.00 0.25 0.00 0.00 0.00 0.00 0.00 0.00 99.49
1065 0.25 0.00 0.25 0.00 0.00 0.00 0.00 0.00 0.00 99.49
1066 0.75 0.00 0.50 0.00 0.00 0.00 0.00 0.00 0.00 98.75
1067 3.78 0.00 0.76 10.58 0.00 0.00 0.25 0.00 0.00 84.63
1068 1.26 0.00 0.75 4.27 0.00 0.00 0.00 0.00 0.00 93.72
1069 0.50 0.00 0.75 0.00 0.00 0.00 0.25 0.00 0.00 98.50
1070 0.50 0.00 0.25 0.00 0.00 0.00 0.00 0.00 0.00 99.24
1071 0.25 0.00 0.25 0.00 0.00 0.00 0.00 0.00 0.00 99.49
1072 0.25 0.00 0.25 0.00 0.00 0.00 0.00 0.00 0.00 99.49
1073 1.78 0.00 0.76 0.00 0.00 0.00 0.00 0.00 0.00 97.46
1074 2.78 0.00 0.76 0.00 0.00 0.00 0.00 0.00 0.00 96.46
1075 5.90 0.00 1.79 0.00 0.00 0.00 0.26 0.00 0.00 92.05
1076 0.50 0.00 0.75 0.00 0.00 0.00 0.00 0.00 0.00 98.75
1077 0.50 0.00 0.25 0.00 0.00 0.25 0.00 0.00 0.00 99.00
1078 2.53 0.00 0.76 4.80 0.00 0.00 0.25 0.00 0.00 91.67
1079 0.00 0.00 0.50 0.00 0.00 0.00 0.00 0.00 0.00 99.50
1080 0.25 0.00 0.51 0.00 0.00 0.00 0.25 0.00 0.00 98.99
1081 0.75 0.00 0.75 0.00 0.00 0.00 0.00 0.00 0.00 98.50
1082 0.75 0.00 0.25 0.00 0.00 0.00 0.00 0.00 0.00 98.99
1083 1.77 0.00 0.51 0.00 0.00 0.00 0.00 0.00 0.00 97.73
1084 1.50 0.00 0.50 0.00 0.00 0.00 0.00 0.00 0.00 98.00
1085 0.25 0.00 0.25 0.00 0.00 0.00 0.25 0.00 0.00 99.24
1086 0.76 0.00 0.76 1.01 0.00 0.25 0.00 0.00 0.00 97.22
1087 0.50 0.00 0.50 0.00 0.00 0.00 0.00 0.00 0.00 99.00
1088 0.51 0.00 0.25 4.33 0.00 0.00 0.00 0.00 0.00 94.91
1089 0.25 0.00 0.25 0.00 0.00 0.00 0.25 0.00 0.00 99.24
1090 0.51 0.00 0.00 0.00 0.00 0.00 0.00 0.00 0.00 99.49
1091 1.51 0.00 2.02 0.50 0.00 0.00 0.00 0.00 0.00 95.97
1092 0.25 0.00 0.25 0.00 0.00 0.00 0.00 0.00 0.00 99.49
1093 1.78 0.00 0.25 0.25 0.00 0.25 0.00 0.00 0.00 97.46
1094 5.12 0.00 1.02 0.00 0.00 0.00 0.26 0.00 0.00 93.61
1095 0.25 0.00 0.50 0.00 0.00 0.00 0.00 0.00 0.00 99.24
1096 0.50 0.00 0.50 0.00 0.00 0.00 0.00 0.00 0.00 98.99
1097 0.50 0.00 0.50 0.00 0.00 0.00 0.00 0.00 0.00 99.00
1098 0.76 0.00 0.51 2.53 0.00 0.00 0.00 0.00 0.00 96.21
1099 0.76 0.00 0.50 1.26 0.00 0.00 0.00 0.00 0.00 97.48
1100 0.25 0.00 0.25 0.00 0.00 0.00 0.00 0.00 0.00 99.50
1101 0.76 0.00 0.76 0.00 0.00 0.00 0.00 0.00 0.00 98.49
1102 0.25 0.00 0.00 0.00 0.00 0.00 0.25 0.00 0.00 99.49
1103 0.76 0.00 0.51 0.00 0.00 0.00 0.00 0.00 0.00 98.74
1104 2.04 0.00 0.26 0.00 0.00 0.26 0.00 0.00 0.00 97.45
1105 0.51 0.00 0.00 0.00 0.00 0.00 0.00 0.00 0.00 99.49
1106 0.25 0.00 0.25 0.00 0.00 0.00 0.00 0.00 0.00 99.50
1107 0.25 0.00 0.51 0.00 0.00 0.00 0.00 0.00 0.00 99.24
1108 0.75 0.00 0.50 0.25 0.00 0.00 0.00 0.00 0.00 98.49
1109 1.03 0.00 0.78 4.39 0.00 0.00 0.00 0.00 0.00 93.80
1110 0.51 0.00 0.25 0.00 0.00 0.00 0.00 0.00 0.00 99.24
1111 0.76 0.00 0.50 0.00 0.00 0.00 0.25 0.00 0.00 98.49
1112 1.00 0.00 0.25 0.00 0.00 0.00 0.00 0.00 0.00 98.75
1113 0.76 0.00 0.25 0.00 0.00 0.00 0.00 0.00 0.00 98.99
1114 0.51 0.00 0.00 0.00 0.00 0.00 0.00 0.00 0.00 99.49
1115 0.75 0.00 0.50 0.00 0.00 0.00 0.25 0.00 0.00 98.49
1116 0.75 0.00 0.50 1.25 0.00 0.00 0.25 0.00 0.00 97.24
1117 0.25 0.00 0.00 0.00 0.00 0.00 0.25 0.00 0.00 99.49
1118 2.81 0.00 1.02 3.84 0.00 0.00 0.26 0.00 0.00 92.07
1119 0.25 0.00 0.25 0.00 0.00 0.00 0.00 0.00 0.00 99.49
1120 0.51 0.00 0.00 0.00 0.00 0.00 0.00 0.00 0.00 99.49
1121 4.52 0.00 0.50 0.00 0.00 0.00 0.00 0.00 0.00 94.97
1122 4.07 0.00 0.25 0.25 0.00 0.00 0.00 0.00 0.00 95.42
1123 0.51 0.00 0.25 0.00 0.00 0.00 0.25 0.00 0.00 98.99
1124 0.50 0.00 0.25 0.00 0.00 0.00 0.00 0.00 0.00 99.24
1125 1.52 0.00 1.01 0.00 0.00 0.00 0.00 0.00 0.00 97.47
1126 0.75 0.00 0.50 0.00 0.00 0.00 0.00 0.00 0.00 98.74
1127 2.80 0.00 0.51 7.63 0.00 0.00 0.00 0.00 0.00 89.06
1128 1.30 0.00 0.78 7.03 0.00 0.00 0.00 0.00 0.00 90.89
1129 0.50 0.00 0.50 0.00 0.00 0.00 0.00 0.00 0.00 98.99
1130 0.25 0.00 0.25 0.00 0.00 0.00 0.00 0.00 0.00 99.49
1131 1.01 0.00 0.50 0.00 0.00 0.00 0.00 0.00 0.00 98.49
1132 0.50 0.00 0.50 0.00 0.00 0.25 0.00 0.00 0.00 98.75
1133 0.50 0.00 0.50 0.00 0.00 0.00 0.00 0.00 0.00 98.99
1134 0.50 0.00 0.25 0.00 0.00 0.00 0.25 0.00 0.00 98.99
1135 1.78 0.00 0.25 0.00 0.00 0.25 0.00 0.00 0.00 97.71
1136 0.75 0.00 0.25 0.00 0.00 0.00 0.25 0.00 0.00 98.75
1137 0.25 0.00 0.25 0.00 0.00 0.00 0.00 0.00 0.00 99.49
1138 2.26 0.00 1.01 4.02 0.00 0.00 0.00 0.00 0.00 92.71
1139 0.50 0.00 0.50 0.00 0.00 0.00 0.00 0.00 0.00 98.99
1140 0.76 0.00 0.00 0.00 0.00 0.00 0.00 0.00 0.00 99.24
1141 0.50 0.00 0.76 0.00 0.00 0.00 0.00 0.00 0.00 98.74
1142 0.50 0.00 0.00 0.00 0.00 0.25 0.00 0.00 0.00 99.24
1143 0.76 0.00 0.25 0.25 0.00 0.00 0.00 0.00 0.00 98.74
1144 1.77 0.00 0.51 0.00 0.00 0.00 0.00 0.00 0.00 97.72
1145 0.25 0.00 0.25 0.00 0.00 0.00 0.00 0.00 0.00 99.49
1146 0.50 0.00 1.01 1.01 0.00 0.00 0.00 0.00 0.00 97.48
1147 1.00 0.00 0.50 0.00 0.00 0.00 0.00 0.00 0.00 98.50
1148 0.50 0.00 0.76 3.53 0.00 0.00 0.25 0.00 0.00 94.96
1149 0.51 0.00 0.76 0.76 0.00 0.00 0.00 0.00 0.00 97.97
1150 0.50 0.00 0.76 0.00 0.00 0.00 0.00 0.00 0.00 98.74
1151 0.50 0.00 1.01 0.25 0.00 0.00 0.25 0.00 0.00 97.99
1152 0.25 0.00 0.50 0.00 0.00 0.00 0.00 0.00 0.00 99.25
1153 1.01 0.00 0.25 0.00 0.00 0.00 0.00 0.00 0.00 98.74
1154 1.27 0.00 0.51 0.00 0.00 0.00 0.00 0.00 0.00 98.23
1155 0.75 0.00 0.25 0.00 0.00 0.00 0.00 0.00 0.00 98.99
1156 0.75 0.00 0.25 0.00 0.00 0.00 0.00 0.00 0.00 98.99
1157 0.50 0.00 0.75 0.00 0.00 0.00 0.00 0.00 0.00 98.74
1158 0.25 0.00 0.00 0.00 0.00 0.00 0.00 0.00 0.00 99.75
1159 0.76 0.00 0.76 3.80 0.00 0.00 0.00 0.00 0.00 94.68
1160 1.00 0.00 0.25 0.00 0.00 0.00 0.00 0.00 0.00 98.75
1161 0.00 0.00 0.51 0.00 0.00 0.00 0.00 0.00 0.00 99.49
1162 0.50 0.00 0.00 0.00 0.00 0.00 0.25 0.00 0.00 99.24
1163 0.51 0.00 0.00 0.00 0.00 0.00 0.00 0.00 0.00 99.49
1164 1.01 0.00 0.51 0.00 0.00 0.00 0.00 0.00 0.00 98.48
1165 1.53 0.00 0.25 0.00 0.00 0.25 0.00 0.00 0.00 97.96
1166 0.25 0.00 0.00 0.00 0.00 0.00 0.00 0.00 0.00 99.75
1167 0.25 0.00 0.25 0.00 0.00 0.00 0.00 0.00 0.00 99.49
1168 1.25 0.00 0.75 4.50 0.00 0.00 0.25 0.00 0.00 93.25
1169 0.25 0.00 0.25 0.00 0.00 0.00 0.00 0.00 0.00 99.49
1170 0.50 0.00 0.25 0.00 0.00 0.00 0.00 0.00 0.00 99.24
1171 0.51 0.00 0.51 0.00 0.00 0.00 0.00 0.00 0.00 98.99
1172 1.00 0.00 0.50 0.00 0.00 0.00 0.25 0.00 0.00 98.25
1173 1.01 0.00 0.50 0.25 0.00 0.00 0.00 0.00 0.00 98.24
1174 0.25 0.00 0.25 0.00 0.00 0.00 0.00 0.00 0.00 99.49
1175 0.50 0.00 0.50 0.00 0.00 0.00 0.00 0.00 0.00 98.99
1176 0.51 0.00 0.25 1.02 0.00 0.00 0.00 0.00 0.00 98.22
1177 1.27 0.00 0.25 0.00 0.00 0.00 0.25 0.00 0.00 98.22
1178 2.54 0.00 1.02 3.56 0.00 0.00 0.25 0.00 0.00 92.62
1179 0.50 0.00 0.50 0.00 0.00 0.00 0.00 0.00 0.00 98.99
1180 0.50 0.00 0.75 0.00 0.00 0.00 0.00 0.00 0.00 98.75
1181 0.75 0.00 0.50 0.00 0.00 0.25 0.00 0.00 0.00 98.50
1182 7.14 0.00 0.77 0.00 0.00 0.00 0.00 0.00 0.00 92.09
1183 1.78 0.00 0.51 0.00 0.00 0.00 0.00 0.00 0.00 97.72
1184 0.75 0.00 0.25 0.00 0.00 0.00 0.00 0.00 0.00 98.99
1185 0.25 0.00 0.50 0.00 0.00 0.00 0.25 0.00 0.00 98.99
1186 0.50 0.00 0.50 0.00 0.00 0.00 0.00 0.00 0.00 98.99
1187 6.14 0.00 1.02 0.00 0.00 0.00 0.00 0.00 0.00 92.84
1188 3.81 0.00 1.52 17.51 0.00 0.25 0.25 0.00 0.00 76.65
1189 0.75 0.00 0.75 0.00 0.00 0.00 0.00 0.00 0.00 98.49
1190 0.51 0.00 0.25 0.00 0.00 0.00 0.00 0.00 0.00 99.24
1191 0.76 0.00 0.25 0.00 0.00 0.00 0.00 0.00 0.00 98.99
1192 1.77 0.00 0.51 0.00 0.00 0.00 0.00 0.00 0.00 97.73
1193 1.00 0.00 0.50 0.00 0.00 0.00 0.00 0.00 0.00 98.50
1194 0.50 0.00 0.50 0.00 0.00 0.00 0.25 0.00 0.00 98.75
1195 0.25 0.00 0.50 0.00 0.00 0.00 0.00 0.00 0.00 99.24
1196 0.25 0.00 0.50 0.00 0.00 0.00 0.00 0.00 0.00 99.24
1197 0.00 0.00 0.51 0.00 0.00 0.00 0.00 0.00 0.00 99.49
1198 1.77 0.00 0.51 3.54 0.00 0.00 0.00 0.00 0.00 94.18
1199 0.76 0.00 0.50 0.25 0.00 0.00 0.00 0.00 0.00 98.49
1200 0.50 0.00 0.50 0.00 0.00 0.00 0.00 0.00 0.00 99.00
1201 2.04 0.00 0.51 0.00 0.00 0.00 0.00 0.00 0.00 97.46
1202 0.50 0.00 0.50 0.00 0.00 0.00 0.00 0.00 0.00 99.00
1203 1.01 0.00 0.00 0.25 0.00 0.00 0.00 0.00 0.00 98.74
1204 0.25 0.00 0.00 0.00 0.00 0.00 0.00 0.00 0.00 99.75
1205 0.75 0.00 0.75 0.00 0.00 0.00 0.00 0.00 0.00 98.49
1206 0.50 0.00 0.76 1.01 0.00 0.00 0.50 0.00 0.00 97.23
1207 0.50 0.00 0.25 0.00 0.00 0.00 0.00 0.00 0.00 99.24
1208 0.25 0.00 0.00 0.00 0.00 0.00 0.00 0.00 0.00 99.75
1209 1.01 0.00 0.50 4.52 0.00 0.00 0.00 0.00 0.00 93.97
1210 0.50 0.00 0.50 0.00 0.00 0.00 0.25 0.00 0.00 98.75
1211 1.26 0.00 0.25 0.00 0.00 0.00 0.00 0.00 0.00 98.49
1212 1.52 0.00 0.51 0.00 0.00 0.00 0.00 0.00 0.00 97.98
1213 0.75 0.00 0.50 0.25 0.00 0.00 0.00 0.00 0.00 98.50
1214 0.25 0.00 0.00 0.00 0.00 0.00 0.00 0.00 0.00 99.75
1215 0.50 0.00 0.25 0.00 0.00 0.00 0.00 0.00 0.00 99.24
1216 0.50 0.00 0.25 0.00 0.00 0.00 0.00 0.00 0.00 99.24
1217 1.01 0.00 0.50 0.00 0.00 0.00 0.00 0.00 0.00 98.49
1218 0.75 0.00 1.01 3.52 0.00 0.00 0.00 0.00 0.00 94.72
1219 0.25 0.00 0.51 0.00 0.00 0.00 0.00 0.00 0.00 99.24
1220 0.50 0.00 0.25 0.00 0.00 0.00 0.00 0.00 0.00 99.24
1221 0.51 0.00 0.51 0.00 0.00 0.00 0.00 0.00 0.00 98.99
1222 0.50 0.00 0.25 0.00 0.00 0.00 0.00 0.00 0.00 99.24
1223 2.52 0.00 0.50 0.25 0.00 0.00 0.00 0.00 0.00 96.73
1224 0.50 0.00 0.25 0.00 0.00 0.00 0.00 0.00 0.00 99.24
1225 0.76 0.00 0.00 0.00 0.00 0.00 0.00 0.00 0.00 99.24
1226 0.76 0.00 0.25 0.00 0.00 0.00 0.25 0.00 0.00 98.74
1227 0.25 0.00 0.50 0.00 0.00 0.00 0.00 0.00 0.00 99.24
1228 1.01 0.00 0.51 4.04 0.00 0.25 0.00 0.00 0.00 94.19
1229 0.51 0.00 0.51 0.00 0.00 0.00 0.00 0.00 0.00 98.99
1230 0.25 0.00 0.25 0.00 0.00 0.00 0.00 0.00 0.00 99.49
1231 0.76 0.00 0.51 0.00 0.00 0.00 0.00 0.00 0.00 98.74
1232 0.25 0.00 0.25 0.00 0.00 0.00 0.00 0.00 0.00 99.49
1233 0.50 0.00 0.50 0.25 0.00 0.00 0.00 0.00 0.00 98.74
1234 0.50 0.00 0.50 0.00 0.00 0.00 0.00 0.00 0.00 98.99
1235 0.50 0.00 0.25 0.00 0.00 0.00 0.00 0.00 0.00 99.24
1236 1.78 0.00 0.76 1.02 0.00 0.00 0.00 0.00 0.00 96.45
1237 0.25 0.00 0.50 0.00 0.00 0.00 0.00 0.00 0.00 99.25
1238 2.28 0.00 0.51 3.81 0.00 0.00 0.25 0.00 0.00 93.15
1239 0.25 0.00 0.50 0.00 0.00 0.00 0.25 0.00 0.00 98.99
1240 0.76 0.00 0.00 0.00 0.00 0.00 0.00 0.00 0.00 99.24
1241 3.58 0.00 0.77 0.00 0.00 0.00 0.00 0.00 0.00 95.65
1242 11.99 0.00 3.06 0.51 0.00 0.00 0.00 0.00 0.00 84.44
1243 2.53 0.00 0.51 0.00 0.00 0.00 0.00 0.00 0.00 96.97
1244 0.50 0.00 0.00 0.00 0.00 0.00 0.00 0.00 0.00 99.50
1245 0.25 0.00 1.01 0.00 0.00 0.00 0.00 0.00 0.00 98.74
1246 0.76 0.00 0.25 0.00 0.00 0.00 0.00 0.00 0.00 98.99
1247 1.52 0.00 1.02 2.28 0.00 0.00 0.25 0.00 0.00 94.92
1248 1.51 0.00 0.50 12.56 0.00 0.00 0.00 0.00 0.00 85.43
1249 0.00 0.00 0.25 0.00 0.00 0.00 0.00 0.00 0.00 99.75
1250 0.50 0.00 0.75 0.00 0.00 0.00 0.00 0.00 0.00 98.75
1251 1.01 0.00 0.50 0.00 0.00 0.00 0.00 0.00 0.00 98.49
1252 0.25 0.00 0.50 0.00 0.00 0.00 0.00 0.00 0.00 99.25
1253 1.52 0.00 0.51 0.25 0.00 0.00 0.00 0.00 0.00 97.73
1254 0.75 0.00 0.00 0.00 0.00 0.00 0.00 0.00 0.00 99.25
1255 0.25 0.00 0.25 0.00 0.00 0.00 0.25 0.00 0.00 99.24
1256 0.25 0.00 0.51 0.00 0.00 0.00 0.00 0.00 0.00 99.24
1257 0.50 0.00 0.50 0.00 0.00 0.00 0.00 0.00 0.00 98.99
1258 1.01 0.00 0.25 0.00 0.00 0.00 0.00 0.00 0.00 98.74
1259 0.51 0.00 0.51 3.54 0.00 0.00 0.00 0.00 0.00 95.44
1260 0.50 0.00 0.50 0.00 0.00 0.25 0.00 0.00 0.00 98.75
1261 0.51 0.00 0.51 0.00 0.00 0.00 0.00 0.00 0.00 98.99
1262 2.01 0.00 0.75 0.00 0.00 0.00 0.00 0.00 0.00 97.24
1263 0.75 0.00 0.50 0.25 0.00 0.00 0.00 0.00 0.00 98.49
1264 0.25 0.00 0.25 0.00 0.00 0.00 0.00 0.00 0.00 99.49
1265 0.50 0.00 0.75 0.00 0.00 0.00 0.25 0.00 0.00 98.49
1266 0.51 0.00 0.51 1.01 0.00 0.25 0.25 0.00 0.00 97.47
1267 0.25 0.00 0.25 0.00 0.00 0.00 0.00 0.00 0.00 99.50
1268 2.34 0.00 0.52 4.17 0.00 0.00 0.00 0.00 0.00 92.97
1269 0.51 0.00 0.00 0.25 0.00 0.00 0.00 0.00 0.00 99.24
1270 6.60 0.00 1.02 0.00 0.00 0.00 0.25 0.00 0.00 92.13
1271 1.75 0.00 0.75 0.00 0.00 0.00 0.00 0.00 0.00 97.50
1272 0.75 0.00 0.25 0.00 0.00 0.00 0.00 0.00 0.00 98.99
1273 1.52 0.00 0.25 0.25 0.00 0.00 0.00 0.00 0.00 97.97
1274 0.51 0.00 0.00 0.00 0.00 0.00 0.00 0.00 0.00 99.49
1275 0.25 0.00 0.00 0.00 0.00 0.00 0.00 0.00 0.00 99.75
1276 0.25 0.00 0.25 0.00 0.00 0.00 0.00 0.00 0.00 99.49
1277 0.51 0.00 0.00 0.00 0.00 0.00 0.00 0.00 0.00 99.49
1278 0.51 0.00 0.76 3.28 0.00 0.00 0.25 0.00 0.00 95.20
1279 1.01 0.00 1.26 0.00 0.00 0.00 0.00 0.00 0.00 97.74
1280 0.50 0.00 0.25 0.00 0.00 0.00 0.00 0.00 0.00 99.24
1281 0.75 0.00 0.50 0.00 0.00 0.00 0.00 0.00 0.00 98.75
1282 0.75 0.00 0.75 0.00 0.00 0.00 0.00 0.00 0.00 98.50
1283 2.74 0.00 1.00 0.25 0.00 0.00 0.00 0.00 0.00 96.01
1284 1.01 0.00 0.25 0.00 0.00 0.00 0.00 0.00 0.00 98.74
1285 0.25 0.00 0.75 0.00 0.00 0.00 0.00 0.00 0.00 98.99
1286 0.25 0.00 0.25 0.00 0.00 0.00 0.00 0.00 0.00 99.49
1287 0.75 0.00 0.25 0.00 0.00 0.00 0.00 0.00 0.00 98.99
1288 0.51 0.00 0.51 4.29 0.00 0.00 0.00 0.00 0.00 94.70
1289 0.25 0.00 0.25 0.00 0.00 0.00 0.00 0.00 0.00 99.50
1290 0.25 0.00 0.00 0.00 0.00 0.00 0.00 0.00 0.00 99.75
1291 0.50 0.00 0.76 0.00 0.00 0.00 0.00 0.00 0.00 98.74
1292 0.50 0.00 0.00 0.00 0.00 0.00 0.00 0.00 0.00 99.50
1293 0.51 0.00 0.51 0.00 0.00 0.00 0.25 0.00 0.00 98.74
1294 0.75 0.00 0.50 0.00 0.00 0.00 0.00 0.00 0.00 98.75
1295 1.02 0.00 0.25 0.00 0.00 0.25 0.00 0.00 0.00 98.47
1296 0.76 0.00 0.50 1.26 0.00 0.00 0.00 0.00 0.00 97.48
1297 0.50 0.00 0.25 0.00 0.00 0.00 0.25 0.00 0.00 98.99
1298 0.76 0.00 0.25 3.80 0.00 0.00 0.00 0.00 0.00 95.19
1299 0.50 0.00 0.50 0.00 0.00 0.25 0.00 0.00 0.00 98.74
1300 0.50 0.00 0.50 0.00 0.00 0.00 0.00 0.00 0.00 98.99
1301 1.01 0.00 0.25 0.00 0.00 0.00 0.00 0.00 0.00 98.74
1302 10.28 0.00 1.29 0.00 0.00 0.00 0.00 0.00 0.00 88.43
1303 0.75 0.00 0.50 0.25 0.00 0.00 0.00 0.00 0.00 98.49
1304 0.50 0.00 0.50 0.00 0.00 0.00 0.00 0.00 0.00 99.00
1305 0.51 0.00 0.25 0.00 0.00 0.00 0.00 0.00 0.00 99.24
1306 1.01 0.00 0.00 0.00 0.00 0.00 0.00 0.00 0.00 98.99
1307 2.53 0.00 1.01 10.10 0.00 0.00 0.25 0.00 0.00 86.11
1308 1.01 0.00 0.51 1.52 0.00 0.00 0.00 0.00 0.00 96.97
1309 0.50 0.00 0.50 2.77 0.00 0.00 0.00 0.00 0.00 96.22
1310 0.25 0.00 0.25 0.00 0.00 0.00 0.00 0.00 0.00 99.49
1311 1.01 0.00 0.25 0.00 0.00 0.00 0.00 0.00 0.00 98.74
1312 0.50 0.00 0.50 0.00 0.00 0.00 0.00 0.00 0.00 98.99
1313 0.75 0.00 0.50 0.25 0.00 0.00 0.00 0.00 0.00 98.50
1314 0.50 0.00 0.50 0.00 0.00 0.00 0.00 0.00 0.00 98.99
1315 0.50 0.00 0.50 0.00 0.00 0.00 0.00 0.00 0.00 98.99
1316 0.25 0.00 0.25 0.00 0.00 0.00 0.00 0.00 0.00 99.49
1317 2.27 0.00 1.26 0.00 0.00 0.00 0.00 0.00 0.00 96.46
1318 0.76 0.00 0.51 3.54 0.00 0.00 0.00 0.00 0.00 95.20
1319 0.50 0.00 0.50 0.00 0.00 0.00 0.00 0.00 0.00 99.00
1320 0.50 0.00 0.25 0.00 0.00 0.00 0.25 0.00 0.00 98.99
1321 0.76 0.00 0.50 0.00 0.00 0.00 0.00 0.00 0.00 98.74
1322 0.25 0.00 0.50 0.00 0.00 0.00 0.00 0.00 0.00 99.24
1323 0.76 0.00 0.25 0.00 0.00 0.00 0.00 0.00 0.00 98.99
1324 0.25 0.00 0.50 0.00 0.00 0.00 0.00 0.00 0.00 99.25
1325 0.76 0.00 0.25 0.00 0.00 0.00 0.00 0.00 0.00 98.99
1326 0.25 0.00 0.51 1.27 0.00 0.00 0.25 0.00 0.00 97.72
1327 0.25 0.00 0.25 0.00 0.00 0.00 0.00 0.00 0.00 99.50
1328 1.78 0.00 0.51 4.33 0.00 0.00 0.00 0.00 0.00 93.38
1329 0.50 0.00 0.00 0.00 0.00 0.00 0.25 0.00 0.00 99.24
1330 0.75 0.00 0.50 0.00 0.00 0.00 0.00 0.00 0.00 98.74
1331 1.01 0.00 0.50 0.00 0.00 0.00 0.00 0.00 0.00 98.49
1332 0.25 0.00 0.25 0.00 0.00 0.00 0.00 0.00 0.00 99.50
1333 0.25 0.00 0.25 0.00 0.00 0.25 0.00 0.00 0.00 99.24
1334 0.50 0.00 0.25 0.00 0.00 0.00 0.00 0.00 0.00 99.24
1335 0.25 0.00 0.00 0.00 0.00 0.00 0.00 0.00 0.00 99.75
1336 0.25 0.00 0.25 0.00 0.00 0.00 0.00 0.00 0.00 99.49
1337 0.50 0.00 0.50 0.00 0.00 0.00 0.00 0.00 0.00 98.99
1338 2.78 0.00 0.51 3.54 0.00 0.00 0.00 0.00 0.00 93.16
1339 2.28 0.00 1.27 0.00 0.00 0.00 0.00 0.00 0.00 96.45
1340 0.76 0.00 0.25 0.00 0.00 0.00 0.00 0.00 0.00 98.99
1341 0.76 0.00 0.25 0.00 0.00 0.00 0.25 0.00 0.00 98.74
1342 0.50 0.00 0.25 0.00 0.00 0.00 0.00 0.00 0.00 99.25
1343 0.25 0.00 0.25 0.00 0.00 0.00 0.00 0.00 0.00 99.49
1344 0.50 0.00 0.25 0.00 0.00 0.00 0.00 0.00 0.00 99.24
1345 0.50 0.00 0.75 0.00 0.00 0.25 0.00 0.00 0.00 98.49
1346 0.76 0.00 0.25 0.00 0.00 0.00 0.00 0.00 0.00 98.99
1347 1.01 0.00 0.00 0.00 0.00 0.00 0.00 0.00 0.00 98.99
1348 1.26 0.00 0.76 4.29 0.00 0.00 0.00 0.00 0.00 93.69
1349 1.01 0.00 0.25 0.00 0.00 0.00 0.00 0.00 0.00 98.74
1350 1.52 0.00 0.76 0.00 0.00 0.25 0.00 0.00 0.00 97.47
1351 5.00 0.00 1.25 0.00 0.00 0.00 0.25 0.00 0.00 93.50
1352 0.50 0.00 0.25 0.00 0.00 0.00 0.00 0.00 0.00 99.24
1353 0.51 0.00 0.25 0.25 0.00 0.00 0.00 0.00 0.00 98.99
1354 0.25 0.00 0.50 0.00 0.00 0.00 0.00 0.00 0.00 99.25
1355 0.25 0.00 0.25 0.00 0.00 0.00 0.00 0.00 0.00 99.49
1356 0.76 0.00 0.51 1.02 0.00 0.00 0.25 0.00 0.00 97.46
1357 0.50 0.00 0.25 0.00 0.00 0.00 0.00 0.00 0.00 99.24
1358 0.76 0.00 0.76 2.77 0.00 0.00 0.00 0.00 0.00 95.72
1359 1.01 0.00 0.50 1.51 0.00 0.00 0.00 0.00 0.00 96.98
1360 1.52 0.00 0.51 0.00 0.00 0.00 0.00 0.00 0.00 97.97
1361 0.50 0.00 0.75 0.00 0.00 0.00 0.25 0.00 0.00 98.49
1362 11.76 0.00 0.77 0.26 0.00 0.00 0.00 0.00 0.00 87.21
1363 0.25 0.00 0.25 0.25 0.00 0.00 0.00 0.00 0.00 99.24
1364 0.25 0.00 0.25 0.00 0.00 0.00 0.00 0.00 0.00 99.50
1365 0.75 0.00 0.50 0.00 0.00 0.00 0.25 0.00 0.00 98.49
1366 0.75 0.00 0.25 0.00 0.00 0.00 0.00 0.00 0.00 98.99
1367 2.29 0.00 1.02 1.53 0.00 0.00 0.00 0.00 0.00 95.17
1368 1.01 0.00 0.25 8.33 0.00 0.00 0.00 0.00 0.00 90.40
1369 0.76 0.00 0.50 4.53 0.00 0.25 0.25 0.00 0.00 93.70
1370 0.76 0.00 0.50 0.00 0.00 0.00 0.00 0.00 0.00 98.74
1371 0.76 0.00 0.51 0.00 0.00 0.00 0.00 0.00 0.00 98.74
1372 0.50 0.00 0.75 0.00 0.00 0.00 0.00 0.00 0.00 98.75
1373 0.25 0.00 0.51 0.25 0.00 0.00 0.25 0.00 0.00 98.73
1374 1.52 0.00 0.51 0.00 0.00 0.00 0.00 0.00 0.00 97.98
1375 5.38 0.00 1.28 0.00 0.00 0.26 0.26 0.00 0.00 92.82
1376 1.52 0.00 0.25 0.00 0.00 0.00 0.00 0.00 0.00 98.23
1377 0.00 0.00 0.25 0.00 0.00 0.00 0.00 0.00 0.00 99.75
1378 0.76 0.00 0.51 3.54 0.00 0.00 0.00 0.00 0.00 95.19
1379 0.00 0.00 0.25 0.00 0.00 0.00 0.00 0.00 0.00 99.75
1380 1.00 0.00 0.75 0.00 0.00 0.00 0.25 0.00 0.00 98.00
1381 0.51 0.00 0.51 0.00 0.00 0.00 0.00 0.00 0.00 98.99
1382 0.75 0.00 0.50 0.00 0.00 0.00 0.00 0.00 0.00 98.75
1383 0.51 0.00 0.25 0.00 0.00 0.00 0.00 0.00 0.00 99.24
1384 0.25 0.00 0.25 0.00 0.00 0.00 0.00 0.00 0.00 99.49
1385 1.27 0.00 0.25 0.00 0.00 0.00 0.25 0.00 0.00 98.22
1386 0.50 0.00 0.50 1.26 0.00 0.00 0.25 0.00 0.00 97.48
1387 0.50 0.00 0.50 0.00 0.00 0.00 0.00 0.00 0.00 98.99
1388 0.51 0.00 0.51 4.33 0.00 0.00 0.00 0.00 0.00 94.66
1389 0.25 0.00 0.25 0.00 0.00 0.00 0.25 0.00 0.00 99.24
1390 0.51 0.00 0.25 0.00 0.00 0.00 0.00 0.00 0.00 99.24
1391 1.01 0.00 0.76 0.00 0.00 0.25 0.00 0.00 0.00 97.98
1392 0.25 0.00 0.00 0.00 0.00 0.00 0.00 0.00 0.00 99.75
1393 0.76 0.00 0.25 0.00 0.00 0.00 0.00 0.00 0.00 98.99
1394 1.00 0.00 0.50 0.00 0.00 0.00 0.00 0.00 0.00 98.50
1395 0.00 0.00 0.25 0.00 0.00 0.00 0.00 0.00 0.00 99.75
1396 2.27 0.00 0.76 0.00 0.00 0.00 0.00 0.00 0.00 96.98
1397 0.25 0.00 0.25 0.00 0.00 0.00 0.00 0.00 0.00 99.49
1398 1.01 0.00 0.25 3.78 0.00 0.00 0.00 0.00 0.00 94.96
1399 0.25 0.00 0.76 0.00 0.00 0.00 0.25 0.00 0.00 98.74
1400 0.75 0.00 0.25 0.00 0.00 0.00 0.00 0.00 0.00 98.99
1401 0.50 0.00 0.50 0.00 0.00 0.00 0.00 0.00 0.00 98.99
1402 0.25 0.00 0.50 0.00 0.00 0.00 0.00 0.00 0.00 99.24
1403 5.34 0.00 1.27 0.25 0.00 0.00 0.00 0.00 0.00 93.13
1404 0.50 0.00 0.25 0.00 0.00 0.00 0.00 0.00 0.00 99.24
1405 1.77 0.00 0.51 0.00 0.00 0.00 0.00 0.00 0.00 97.73
1406 1.26 0.00 0.00 0.00 0.00 0.00 0.00 0.00 0.00 98.74
1407 0.25 0.00 0.50 0.00 0.00 0.00 0.00 0.00 0.00 99.24
1408 0.51 0.00 0.25 4.55 0.00 0.00 0.25 0.00 0.00 94.44
1409 0.50 0.00 0.75 0.00 0.00 0.00 0.00 0.00 0.00 98.74
1410 0.75 0.00 0.50 0.00 0.00 0.00 0.00 0.00 0.00 98.74
1411 0.25 0.00 0.00 0.00 0.00 0.00 0.00 0.00 0.00 99.75
1412 0.75 0.00 0.75 0.00 0.00 0.00 0.00 0.00 0.00 98.50
1413 0.00 0.00 0.25 0.00 0.00 0.00 0.00 0.00 0.00 99.75
1414 0.76 0.00 0.00 0.00 0.00 0.00 0.00 0.00 0.00 99.24
1415 0.50 0.00 0.50 0.00 0.00 0.25 0.25 0.00 0.00 98.49
1416 0.25 0.00 0.25 1.02 0.00 0.00 0.51 0.00 0.00 97.96
1417 0.51 0.00 0.51 0.00 0.00 0.00 0.25 0.00 0.00 98.74
1418 2.03 0.00 0.76 0.25 0.00 0.25 0.25 0.00 0.00 96.46
1419 1.53 0.00 1.27 3.56 0.00 0.00 0.25 0.00 0.00 93.38
1420 0.75 0.00 0.50 0.00 0.00 0.00 0.00 0.00 0.00 98.74
1421 3.86 0.00 0.26 0.00 0.00 0.00 0.00 0.00 0.00 95.89
1422 10.15 0.00 0.76 0.25 0.00 0.00 0.00 0.00 0.00 88.83
1423 0.50 0.00 0.25 0.00 0.00 0.00 0.00 0.00 0.00 99.24
1424 0.75 0.00 0.50 0.00 0.00 0.00 0.00 0.00 0.00 98.75
1425 0.50 0.00 0.25 0.00 0.00 0.00 0.00 0.00 0.00 99.24
1426 0.75 0.00 0.50 0.00 0.00 0.00 0.25 0.00 0.00 98.50
