0 1.28 0.00 3.06 7.14 0.00 0.00 0.00 0.00 0.00 88.52
1 1.28 0.00 2.81 2.04 0.00 0.00 0.00 0.00 0.00 93.88
2 1.01 0.00 3.79 1.77 0.00 0.00 0.00 0.00 0.00 93.43
3 0.77 0.00 3.07 1.79 0.00 0.00 0.00 0.00 0.00 94.37
4 0.76 0.00 3.05 4.06 0.00 0.00 0.00 0.00 0.00 92.13
5 4.49 0.00 5.80 3.96 0.00 0.00 0.00 0.00 0.00 85.75
6 2.31 0.00 4.62 9.74 0.00 0.00 0.00 0.00 0.00 83.33
7 0.77 0.00 2.57 2.31 0.00 0.00 0.00 0.00 0.00 94.34
8 1.02 0.00 2.81 20.92 0.00 0.00 0.26 0.00 0.00 75.00
9 1.53 0.00 2.54 15.52 0.00 0.00 0.00 0.00 0.00 80.41
10 0.51 0.00 2.81 24.30 0.00 0.00 0.00 0.00 0.00 72.38
11 1.27 0.00 3.30 25.13 0.00 0.00 0.00 0.00 0.00 70.30
12 1.78 0.00 4.07 24.17 0.00 0.00 0.00 0.00 0.00 69.97
13 1.27 0.00 3.05 23.41 0.00 0.00 0.00 0.00 0.00 72.26
14 1.27 0.00 3.05 23.66 0.00 0.00 0.00 0.00 0.00 72.01
15 1.52 0.00 3.81 24.37 0.00 0.00 0.00 0.00 0.00 70.30
16 0.77 0.00 3.07 31.97 0.00 0.00 0.00 0.00 0.00 64.19
17 0.26 0.00 3.57 37.24 0.00 0.26 0.00 0.00 0.00 58.67
18 1.50 0.00 4.26 29.57 0.00 0.00 0.00 0.00 0.00 64.66
19 1.01 0.00 4.29 36.36 0.00 0.00 0.00 0.00 0.00 58.33
20 1.78 0.00 3.30 30.71 0.00 0.00 0.25 0.00 0.00 63.96
21 1.03 0.00 3.87 22.68 0.00 0.00 0.00 0.00 0.00 72.42
22 2.30 0.00 3.57 22.70 0.00 0.00 0.00 0.00 0.00 71.43
23 2.54 0.00 4.33 22.39 0.00 0.00 0.00 0.00 0.00 70.74
24 2.81 0.00 4.35 22.51 0.00 0.00 0.00 0.00 0.00 70.33
25 6.85 0.00 4.06 19.29 0.00 0.00 0.00 0.00 0.00 69.80
26 2.28 0.00 4.06 22.34 0.00 0.00 0.00 0.00 0.00 71.32
27 4.07 0.00 3.82 22.65 0.00 0.00 0.25 0.00 0.00 69.21
28 1.78 0.00 3.81 23.35 0.00 0.00 0.00 0.00 0.00 71.07
29 5.40 0.00 4.11 22.62 0.00 0.00 0.00 0.00 0.00 67.87
30 5.37 0.00 3.58 20.46 0.00 0.00 0.00 0.00 0.00 70.59
31 10.08 0.00 4.79 16.37 0.00 0.00 0.00 0.00 0.00 68.77
32 7.14 0.00 4.08 20.66 0.00 0.00 0.00 0.00 0.00 68.11
33 11.03 0.00 4.36 17.95 0.00 0.00 0.00 0.00 0.00 66.67
34 12.30 0.00 2.62 17.02 0.00 0.00 0.00 0.00 0.00 68.06
35 5.71 0.00 3.64 19.48 0.00 0.00 0.00 0.00 0.00 71.17
36 9.28 0.00 4.64 15.72 0.00 0.00 0.00 0.00 0.00 70.36
37 10.44 0.00 5.22 15.93 0.00 0.00 0.00 0.00 0.00 68.41
38 5.61 0.00 5.36 21.17 0.00 0.00 0.00 0.00 0.00 67.86
39 4.57 0.00 3.81 22.08 0.00 0.00 0.00 0.00 0.00 69.54
40 2.53 0.00 4.04 22.47 0.00 0.25 0.00 0.00 0.00 70.71
41 4.03 0.00 4.03 24.69 0.00 0.00 0.25 0.00 0.00 67.00
42 3.54 0.00 3.79 21.46 0.00 0.00 0.00 0.00 0.00 71.21
43 5.40 0.00 3.86 29.56 0.00 0.00 0.00 0.00 0.00 61.18
44 7.95 0.00 5.13 36.15 0.00 0.00 0.00 0.00 0.00 50.77
45 7.61 0.00 10.70 30.99 0.00 0.85 0.00 0.00 0.00 49.86
46 2.85 0.00 8.55 25.39 0.00 0.00 0.00 0.00 0.00 63.21
47 4.34 0.00 4.59 39.80 0.00 0.00 0.00 0.00 0.00 51.28
48 10.18 0.00 5.60 37.15 0.00 0.00 0.00 0.00 0.00 47.07
49 2.03 0.00 4.06 22.59 0.00 0.00 0.00 0.00 0.00 71.32
50 3.28 0.00 3.79 22.73 0.00 0.00 0.00 0.00 0.00 70.20
51 15.22 0.00 6.04 13.12 0.00 0.00 0.00 0.00 0.00 65.62
52 4.33 0.00 4.83 20.10 0.00 0.00 0.25 0.00 0.00 70.48
53 2.28 0.00 4.05 23.54 0.00 0.00 0.00 0.00 0.00 70.13
54 1.53 0.00 3.57 22.70 0.00 0.00 0.00 0.00 0.00 72.19
55 2.27 0.00 3.53 24.18 0.00 0.00 0.00 0.00 0.00 70.03
56 1.27 0.00 4.31 23.10 0.00 0.25 0.00 0.00 0.00 71.07
57 2.52 0.00 4.03 31.99 0.00 0.00 0.00 0.00 0.00 61.46
58 4.35 0.00 3.84 53.45 0.00 0.00 0.00 0.00 0.00 38.36
59 6.68 0.00 3.60 40.36 0.00 0.00 0.00 0.00 0.00 49.36
60 3.83 0.00 3.57 43.37 0.00 0.00 0.00 0.00 0.00 49.23
61 9.16 0.00 4.07 30.03 0.00 0.00 0.00 0.00 0.00 56.74
62 1.53 0.00 3.82 24.17 0.00 0.00 0.00 0.00 0.00 70.48
63 2.04 0.00 2.80 26.21 0.00 0.00 0.25 0.00 0.00 68.70
64 2.02 0.00 3.28 25.25 0.00 0.00 0.00 0.00 0.00 69.44
65 1.02 0.00 3.58 25.06 0.00 0.00 0.00 0.00 0.00 70.33
66 1.53 0.00 2.81 26.28 0.00 0.00 0.00 0.00 0.00 69.39
67 2.02 0.00 3.02 29.47 0.00 0.00 0.00 0.00 0.00 65.49
68 1.01 0.00 3.80 24.56 0.00 0.00 0.00 0.00 0.00 70.63
69 2.02 0.00 3.03 24.49 0.00 0.00 0.00 0.00 0.00 70.45
70 1.02 0.00 3.82 24.68 0.00 0.00 0.25 0.00 0.00 70.23
71 0.77 0.00 3.06 30.87 0.00 0.00 0.00 0.00 0.00 65.31
72 1.02 0.00 3.05 51.27 0.00 0.00 0.00 0.00 0.00 44.67
73 1.77 0.00 5.05 31.82 0.00 0.00 0.00 0.00 0.00 61.36
74 2.05 0.00 3.58 26.34 0.00 0.00 0.00 0.00 0.00 68.03
75 1.53 0.00 3.05 23.92 0.00 0.00 0.00 0.00 0.00 71.50
76 1.02 0.00 3.05 23.92 0.00 0.00 0.00 0.00 0.00 72.01
77 1.02 0.00 3.05 57.51 0.00 0.00 0.00 0.00 0.00 38.42
78 1.28 0.00 3.06 51.02 0.00 0.00 0.26 0.00 0.00 44.39
79 1.53 0.00 2.80 30.03 0.00 0.00 0.00 0.00 0.00 65.65
80 1.27 0.00 2.79 23.86 0.00 0.00 0.00 0.00 0.00 72.08
81 2.06 0.00 2.32 25.00 0.00 0.00 0.00 0.00 0.00 70.62
82 1.52 0.00 2.79 24.62 0.00 0.00 0.00 0.00 0.00 71.07
83 0.76 0.00 3.31 30.79 0.00 0.00 0.25 0.00 0.00 64.89
84 1.27 0.00 3.05 23.92 0.00 0.00 0.00 0.00 0.00 71.76
85 1.55 0.00 2.84 23.00 0.00 0.00 0.00 0.00 0.00 72.61
86 3.32 0.00 4.34 30.36 0.00 0.00 0.00 0.00 0.00 61.99
87 61.80 0.00 6.37 22.02 0.00 0.00 0.27 0.00 0.00 9.55
88 39.18 0.00 32.60 16.71 0.00 0.27 0.00 0.00 0.00 11.23
89 74.08 0.00 18.59 3.94 0.00 1.13 0.00 0.00 0.00 2.25
90 69.01 0.00 17.46 7.89 0.00 1.13 0.28 0.00 0.00 4.23
91 74.76 0.00 15.34 8.63 0.00 0.32 0.32 0.00 0.00 0.64
92 66.48 0.00 23.27 7.48 0.00 1.66 0.00 0.00 0.00 1.11
93 55.65 0.00 15.07 9.28 0.00 0.00 0.00 0.00 0.00 20.00
94 36.59 0.00 6.15 8.10 0.00 0.00 0.00 0.00 0.00 49.16
95 1.28 0.00 2.82 1.79 0.00 0.00 0.00 0.00 0.00 94.10
96 1.28 0.00 3.07 1.53 0.00 0.00 0.00 0.00 0.00 94.12
97 1.79 0.00 2.55 1.28 0.00 0.00 0.00 0.00 0.00 94.39
98 0.77 0.00 3.32 3.07 0.00 0.26 0.26 0.00 0.00 92.33
99 13.33 0.00 3.85 4.10 0.00 0.00 0.00 0.00 0.00 78.72
100 1.27 0.00 3.05 3.82 0.00 0.00 0.00 0.00 0.00 91.86
101 2.02 0.00 4.04 3.03 0.00 0.00 0.00 0.00 0.00 90.91
102 1.52 0.00 3.04 1.52 0.00 0.00 0.00 0.00 0.00 93.92
103 1.28 0.00 3.58 2.05 0.00 0.26 0.00 0.00 0.00 92.84
104 1.52 0.00 3.79 0.25 0.00 0.00 0.00 0.00 0.00 94.44
105 1.25 0.00 4.26 4.76 0.00 0.00 0.00 0.00 0.00 89.72
106 1.01 0.00 3.54 1.77 0.00 0.00 0.00 0.00 0.00 93.67
107 1.27 0.00 3.30 3.55 0.00 0.00 0.00 0.00 0.00 91.88
108 1.52 0.00 2.79 3.30 0.00 0.00 0.00 0.00 0.00 92.39
109 1.03 0.00 3.33 3.85 0.00 0.00 0.00 0.00 0.00 91.79
110 1.27 0.00 3.54 4.56 0.00 0.00 0.25 0.00 0.00 90.38
111 0.77 0.00 3.57 4.08 0.00 0.00 0.00 0.00 0.00 91.58
112 1.26 0.00 3.54 1.01 0.00 0.00 0.00 0.00 0.00 94.19
113 1.28 0.00 3.58 2.56 0.00 0.00 0.00 0.00 0.00 92.58
114 1.02 0.00 3.05 1.78 0.00 0.00 0.00 0.00 0.00 94.15
115 1.26 0.00 4.03 4.53 0.00 0.25 0.25 0.00 0.00 89.67
116 1.51 0.00 4.03 2.02 0.00 0.00 0.00 0.00 0.00 92.44
117 1.78 0.00 3.05 4.57 0.00 0.00 0.00 0.00 0.00 90.61
118 4.64 0.00 3.09 6.70 0.00 0.00 0.00 0.00 0.00 85.57
119 69.07 0.00 9.31 0.90 0.00 0.30 0.00 0.00 0.00 20.42
120 7.63 0.00 4.83 0.25 0.00 0.00 0.00 0.00 0.00 87.28
121 1.27 0.00 3.05 0.76 0.00 0.00 0.00 0.00 0.00 94.91
122 1.77 0.00 3.54 0.51 0.00 0.00 0.25 0.00 0.00 93.92
123 2.04 0.00 3.82 2.80 0.00 0.00 0.00 0.00 0.00 91.35
124 0.76 0.00 4.03 1.26 0.00 0.00 0.00 0.00 0.00 93.95
125 1.01 0.00 4.53 1.76 0.00 0.00 0.00 0.00 0.00 92.70
126 1.52 0.00 3.29 6.33 0.00 0.00 0.00 0.00 0.00 88.86
127 0.76 0.00 3.56 1.02 0.00 0.00 0.00 0.00 0.00 94.66
128 0.77 0.00 4.08 3.32 0.00 0.00 0.00 0.00 0.00 91.84
129 2.01 0.00 3.52 2.26 0.00 0.00 0.00 0.00 0.00 92.21
130 2.01 0.00 3.27 3.77 0.00 0.25 0.25 0.00 0.00 90.45
131 1.75 0.00 4.74 2.00 0.00 0.00 0.00 0.00 0.00 91.52
132 0.77 0.00 4.34 3.57 0.00 0.00 0.00 0.00 0.00 91.33
133 2.26 0.00 5.28 5.53 0.00 0.00 0.00 0.00 0.00 86.93
134 1.02 0.00 4.07 2.80 0.00 0.00 0.00 0.00 0.00 92.11
135 1.77 0.00 3.04 0.00 0.00 0.00 0.00 0.00 0.00 95.19
136 1.01 0.00 3.54 1.77 0.00 0.00 0.25 0.00 0.00 93.42
137 1.27 0.00 3.05 3.82 0.00 0.00 0.00 0.00 0.00 91.86
138 1.53 0.00 3.07 6.14 0.00 0.00 0.00 0.00 0.00 89.26
139 3.05 0.00 3.30 0.25 0.00 0.00 0.00 0.00 0.00 93.40
140 1.27 0.00 3.05 3.55 0.00 0.00 0.00 0.00 0.00 92.13
141 1.78 0.00 2.79 0.00 0.00 0.25 0.00 0.00 0.00 95.18
142 1.03 0.00 2.83 1.80 0.00 0.00 0.00 0.00 0.00 94.34
143 1.77 0.00 3.28 2.02 0.00 0.00 0.00 0.00 0.00 92.93
144 2.03 0.00 3.04 0.00 0.00 0.00 0.25 0.00 0.00 94.68
145 1.78 0.00 2.54 4.57 0.00 0.00 0.00 0.00 0.00 91.12
146 1.53 0.00 2.30 4.59 0.00 0.00 0.00 0.00 0.00 91.58
147 1.01 0.00 3.79 2.78 0.00 0.00 0.00 0.00 0.00 92.42
148 1.27 0.00 3.05 6.62 0.00 0.00 0.00 0.00 0.00 89.06
149 0.77 0.00 3.57 4.85 0.00 0.00 0.00 0.00 0.00 90.82
150 1.02 0.00 3.30 7.87 0.00 0.00 0.00 0.00 0.00 87.82
151 1.02 0.00 3.56 40.71 0.00 0.00 0.00 0.00 0.00 54.71
152 1.52 0.00 3.30 26.65 0.00 0.25 0.00 0.00 0.00 68.27
153 0.76 0.00 3.79 6.82 0.00 0.00 0.25 0.00 0.00 88.38
154 2.83 0.00 4.63 24.68 0.00 0.00 0.00 0.00 0.00 67.87
155 1.77 0.00 3.80 21.52 0.00 0.00 0.00 0.00 0.00 72.91
156 1.76 0.00 3.53 4.03 0.00 0.00 0.00 0.00 0.00 90.68
157 1.26 0.00 4.52 4.02 0.00 0.00 0.00 0.00 0.00 90.20
158 1.77 0.00 4.05 6.58 0.00 0.00 0.00 0.00 0.00 87.59
159 1.52 0.00 3.54 6.57 0.00 0.00 0.00 0.00 0.00 88.38
160 1.52 0.00 3.29 12.41 0.00 0.00 0.00 0.00 0.00 82.78
161 0.51 0.00 3.81 3.30 0.00 0.00 0.00 0.00 0.00 92.39
162 1.02 0.00 3.06 5.87 0.00 0.00 0.00 0.00 0.00 90.05
163 1.77 0.00 3.04 4.05 0.00 0.25 0.00 0.00 0.00 90.89
164 0.77 0.00 3.32 8.42 0.00 0.00 0.00 0.00 0.00 87.50
165 1.02 0.00 3.32 2.30 0.00 0.00 0.00 0.00 0.00 93.37
166 0.77 0.00 2.81 1.28 0.00 0.00 0.26 0.00 0.00 94.88
167 2.03 0.00 3.05 0.76 0.00 0.00 0.00 0.00 0.00 94.16
168 1.27 0.00 3.05 1.27 0.00 0.00 0.00 0.00 0.00 94.42
169 1.02 0.00 3.57 1.53 0.00 0.00 0.00 0.00 0.00 93.88
170 1.52 0.00 3.29 1.27 0.00 0.00 0.00 0.00 0.00 93.92
171 1.27 0.00 4.05 1.01 0.00 0.00 0.00 0.00 0.00 93.67
172 1.26 0.00 3.28 1.52 0.00 0.00 0.00 0.00 0.00 93.94
173 2.04 0.00 2.80 1.78 0.00 0.00 0.00 0.00 0.00 93.38
174 1.53 0.00 3.31 5.34 0.00 0.00 0.00 0.00 0.00 89.82
175 1.26 0.00 3.28 1.01 0.00 0.00 0.00 0.00 0.00 94.44
176 1.01 0.00 3.78 1.51 0.00 0.00 0.00 0.00 0.00 93.70
177 1.02 0.00 3.81 2.03 0.00 0.00 0.00 0.00 0.00 93.15
178 1.50 0.00 3.51 1.00 0.00 0.00 0.25 0.00 0.00 93.73
179 1.79 0.00 3.57 6.63 0.00 0.26 0.00 0.00 0.00 87.76
180 1.26 0.00 3.78 2.52 0.00 0.00 0.00 0.00 0.00 92.44
181 1.77 0.00 2.78 1.77 0.00 0.00 0.00 0.00 0.00 93.67
182 1.53 0.00 2.54 3.05 0.00 0.00 0.00 0.00 0.00 92.88
183 1.28 0.00 2.30 4.35 0.00 0.00 0.26 0.00 0.00 91.82
184 1.03 0.00 2.31 7.46 0.00 0.00 0.00 0.00 0.00 89.20
185 1.26 0.00 3.54 6.06 0.00 0.00 0.00 0.00 0.00 89.14
186 1.27 0.00 3.55 0.25 0.00 0.00 0.00 0.00 0.00 94.92
187 1.78 0.00 2.79 2.28 0.00 0.00 0.00 0.00 0.00 93.15
188 1.54 0.00 2.56 10.51 0.00 0.00 0.00 0.00 0.00 85.38
189 1.27 0.00 3.56 5.34 0.00 0.00 0.00 0.00 0.00 89.82
190 1.01 0.00 3.29 11.14 0.00 0.00 0.00 0.00 0.00 84.56
191 1.76 0.00 4.03 7.81 0.00 0.00 0.00 0.00 0.00 86.40
192 1.52 0.00 3.05 0.51 0.00 0.00 0.00 0.00 0.00 94.92
193 2.27 0.00 5.29 5.29 0.00 0.00 0.00 0.00 0.00 87.15
194 1.77 0.00 3.80 7.09 0.00 0.00 0.00 0.00 0.00 87.34
195 1.52 0.00 3.54 7.83 0.00 0.00 0.00 0.00 0.00 87.12
196 1.26 0.00 3.54 2.27 0.00 0.00 0.25 0.00 0.00 92.68
197 1.02 0.00 3.56 6.87 0.00 0.00 0.00 0.00 0.00 88.55
198 2.02 0.00 3.02 1.51 0.00 0.00 0.00 0.00 0.00 93.45
199 1.51 0.00 4.52 5.53 0.00 0.00 0.00 0.00 0.00 88.44
200 1.27 0.00 3.31 8.14 0.00 0.00 0.00 0.00 0.00 87.28
201 0.76 0.00 3.55 5.58 0.00 0.00 0.25 0.00 0.00 89.85
202 1.76 0.00 3.52 10.55 0.00 0.00 0.00 0.00 0.00 84.17
203 1.26 0.00 3.79 4.29 0.00 0.00 0.00 0.00 0.00 90.66
204 1.28 0.00 3.07 1.28 0.00 0.00 0.00 0.00 0.00 94.37
205 1.26 0.00 4.02 1.26 0.00 0.00 0.00 0.00 0.00 93.47
206 1.26 0.00 4.04 1.26 0.00 0.00 0.00 0.00 0.00 93.43
207 1.52 0.00 3.05 1.27 0.00 0.00 0.00 0.00 0.00 94.16
208 1.53 0.00 3.05 0.51 0.00 0.00 0.00 0.00 0.00 94.91
209 1.02 0.00 3.58 1.02 0.00 0.00 0.00 0.00 0.00 94.37
210 1.27 0.00 3.05 1.02 0.00 0.00 0.00 0.00 0.00 94.66
211 1.26 0.00 3.79 1.01 0.00 0.00 0.00 0.00 0.00 93.94
212 1.01 0.00 3.04 1.27 0.00 0.25 0.00 0.00 0.00 94.43
213 1.27 0.00 3.31 1.27 0.00 0.00 0.00 0.00 0.00 94.15
214 1.52 0.00 3.54 3.80 0.00 0.00 0.25 0.00 0.00 90.89
215 1.27 0.00 3.30 2.54 0.00 0.00 0.00 0.00 0.00 92.89
216 1.02 0.00 3.32 1.02 0.00 0.00 0.00 0.00 0.00 94.64
217 1.79 0.00 2.30 2.55 0.00 0.00 0.00 0.00 0.00 93.37
218 1.29 0.00 2.58 3.35 0.00 0.00 0.00 0.00 0.00 92.78
219 1.53 0.00 2.54 3.56 0.00 0.00 0.00 0.00 0.00 92.37
220 1.02 0.00 3.32 2.81 0.00 0.00 0.00 0.00 0.00 92.86
221 1.53 0.00 3.05 1.53 0.00 0.00 0.00 0.00 0.00 93.89
222 1.51 0.00 4.02 1.26 0.00 0.00 0.00 0.00 0.00 93.22
223 1.01 0.00 4.29 0.51 0.00 0.00 0.00 0.00 0.00 94.19
224 1.52 0.00 3.29 9.62 0.00 0.00 0.00 0.00 0.00 85.57
225 2.30 0.00 5.63 6.39 0.00 0.26 0.00 0.00 0.00 85.42
226 2.30 0.00 5.37 10.74 0.00 0.26 0.00 0.00 0.00 81.33
227 1.27 0.00 3.55 7.11 0.00 0.00 0.00 0.00 0.00 88.07
228 1.02 0.00 3.32 1.79 0.00 0.00 0.00 0.00 0.00 93.88
229 1.77 0.00 3.03 1.01 0.00 0.00 0.25 0.00 0.00 93.94
230 1.03 0.00 2.56 6.15 0.00 0.00 0.00 0.00 0.00 90.26
231 1.53 0.00 2.80 1.78 0.00 0.00 0.00 0.00 0.00 93.89
232 0.77 0.00 3.32 5.87 0.00 0.00 0.00 0.00 0.00 90.05
233 1.27 0.00 3.54 1.27 0.00 0.25 0.00 0.00 0.00 93.67
234 2.02 0.00 3.03 6.06 0.00 0.00 0.00 0.00 0.00 88.89
235 1.27 0.00 3.05 2.54 0.00 0.25 0.25 0.00 0.00 92.64
236 1.78 0.00 2.79 5.08 0.00 0.00 0.00 0.00 0.00 90.36
237 1.02 0.00 3.32 1.28 0.00 0.00 0.00 0.00 0.00 94.39
238 1.03 0.00 2.82 1.28 0.00 0.00 0.00 0.00 0.00 94.87
239 1.27 0.00 3.55 2.28 0.00 0.00 0.00 0.00 0.00 92.89
240 0.51 0.00 2.81 1.28 0.00 0.00 0.00 0.00 0.00 95.40
241 0.77 0.00 2.58 2.58 0.00 0.00 0.00 0.00 0.00 94.07
242 1.02 0.00 3.05 1.02 0.00 0.00 0.00 0.00 0.00 94.91
243 1.27 0.00 3.30 1.02 0.00 0.00 0.00 0.00 0.00 94.42
244 6.19 0.00 10.91 3.24 0.00 0.59 0.29 0.00 0.00 78.76
245 3.72 0.00 9.91 0.31 0.00 0.00 0.00 0.00 0.00 86.07
246 5.29 0.00 12.94 0.59 0.00 0.00 0.00 0.00 0.00 81.18
247 6.65 0.00 12.72 0.87 0.00 0.00 0.29 0.00 0.00 79.48
248 8.80 0.00 17.60 4.27 0.00 0.00 0.00 0.00 0.00 69.33
249 7.30 0.00 17.30 0.81 0.00 0.00 0.27 0.00 0.00 74.32
250 8.47 0.00 17.72 10.85 0.00 0.00 0.00 0.00 0.00 62.96
251 8.27 0.00 12.27 10.13 0.00 0.00 0.00 0.00 0.00 69.33
252 2.29 0.00 4.07 8.14 0.00 0.00 0.25 0.00 0.00 85.24
253 8.99 0.00 13.49 8.20 0.00 1.06 0.00 0.00 0.00 68.25
254 6.16 0.00 11.73 1.47 0.00 0.00 0.00 0.00 0.00 80.65
255 5.04 0.00 11.57 5.04 0.00 0.00 0.00 0.00 0.00 78.34
256 7.76 0.00 14.96 2.22 0.00 0.00 0.00 0.00 0.00 75.07
257 5.98 0.00 14.53 2.28 0.00 0.00 0.00 0.00 0.00 77.21
258 4.72 0.00 12.39 0.88 0.00 0.00 0.29 0.00 0.00 81.71
259 7.28 0.00 14.57 0.56 0.00 0.00 0.00 0.00 0.00 77.59
260 6.40 0.00 7.32 0.30 0.00 0.00 0.00 0.00 0.00 85.98
261 26.94 0.00 3.61 0.00 0.00 0.28 0.00 0.00 0.00 69.17
262 29.74 0.00 7.58 0.00 0.00 0.00 0.29 0.00 0.00 62.39
263 16.86 0.00 3.71 0.57 0.00 0.00 0.00 0.00 0.00 78.86
264 1.27 0.00 2.79 0.51 0.00 0.25 0.00 0.00 0.00 95.18
265 37.33 0.00 5.85 1.95 0.00 0.00 0.28 0.00 0.00 54.60
266 5.99 0.00 3.91 0.26 0.00 0.00 0.00 0.00 0.00 89.84
267 5.45 0.00 4.16 0.26 0.00 0.00 0.00 0.00 0.00 90.13
268 0.51 0.00 3.81 0.25 0.00 0.00 0.00 0.00 0.00 95.43
269 1.51 0.00 4.52 3.52 0.00 0.00 0.00 0.00 0.00 90.45
270 1.52 0.00 2.54 2.03 0.00 0.00 0.00 0.00 0.00 93.91
271 1.01 0.00 4.04 0.76 0.00 0.00 0.00 0.00 0.00 94.19
272 1.27 0.00 2.54 5.85 0.00 0.00 0.00 0.00 0.00 90.33
273 1.02 0.00 3.82 4.58 0.00 0.00 0.25 0.00 0.00 90.33
274 1.02 0.00 3.06 3.32 0.00 0.00 0.00 0.00 0.00 92.60
275 1.77 0.00 3.80 6.08 0.00 0.00 0.00 0.00 0.00 88.35
276 1.01 0.00 4.28 1.01 0.00 0.00 0.00 0.00 0.00 93.70
277 1.52 0.00 3.30 0.76 0.00 0.00 0.00 0.00 0.00 94.42
278 1.27 0.00 3.31 0.76 0.00 0.00 0.25 0.00 0.00 94.40
279 1.26 0.00 3.79 0.25 0.00 0.25 0.00 0.00 0.00 94.44
280 1.79 0.00 3.08 2.05 0.00 0.00 0.00 0.00 0.00 93.08
281 1.52 0.00 3.54 0.00 0.00 0.00 0.00 0.00 0.00 94.94
282 1.27 0.00 3.05 0.51 0.00 0.00 0.25 0.00 0.00 94.92
283 1.02 0.00 3.56 0.25 0.00 0.00 0.00 0.00 0.00 95.17
284 1.02 0.00 3.05 0.00 0.00 0.00 0.00 0.00 0.00 95.93
285 1.02 0.00 3.32 0.77 0.00 0.00 0.00 0.00 0.00 94.90
286 1.77 0.00 3.03 0.25 0.00 0.00 0.00 0.00 0.00 94.95
287 1.52 0.00 3.29 0.00 0.00 0.00 0.00 0.00 0.00 95.19
288 0.76 0.00 3.55 0.51 0.00 0.00 0.00 0.00 0.00 95.18
289 2.01 0.00 3.76 3.26 0.00 0.00 0.00 0.00 0.00 90.98
290 1.00 0.00 4.51 2.01 0.00 0.00 0.00 0.00 0.00 92.48
291 1.27 0.00 3.29 0.51 0.00 0.00 0.25 0.00 0.00 94.68
292 1.75 0.00 4.26 2.01 0.00 0.00 0.00 0.00 0.00 91.98
293 1.75 0.00 3.76 1.75 0.00 0.00 0.00 0.00 0.00 92.73
294 1.52 0.00 3.05 2.03 0.00 0.25 0.00 0.00 0.00 93.15
295 2.76 0.00 3.26 3.01 0.00 0.00 0.00 0.00 0.00 90.98
296 1.01 0.00 3.80 1.27 0.00 0.00 0.00 0.00 0.00 93.92
297 1.50 0.00 4.26 0.75 0.00 0.00 0.00 0.00 0.00 93.48
298 1.50 0.00 3.76 0.75 0.00 0.00 0.00 0.00 0.00 93.98
299 1.76 0.00 4.27 1.01 0.00 0.00 0.00 0.00 0.00 92.96
300 1.50 0.00 4.49 0.00 0.00 0.25 0.00 0.00 0.00 93.77
301 2.02 0.00 3.27 0.25 0.00 0.25 0.00 0.00 0.00 94.21
302 1.25 0.00 4.51 1.50 0.00 0.00 0.00 0.00 0.00 92.73
303 1.76 0.00 3.53 0.76 0.00 0.00 0.00 0.00 0.00 93.95
304 1.49 0.00 4.48 0.50 0.00 0.00 0.25 0.00 0.00 93.28
305 2.03 0.00 3.04 0.51 0.00 0.00 0.00 0.00 0.00 94.43
306 1.25 0.00 4.26 0.50 0.00 0.00 0.00 0.00 0.00 93.98
307 1.27 0.00 3.80 0.76 0.00 0.00 0.00 0.00 0.00 94.18
308 1.52 0.00 3.03 0.76 0.00 0.25 0.00 0.00 0.00 94.44
309 1.03 0.00 2.31 0.51 0.00 0.00 0.00 0.00 0.00 96.14
310 1.28 0.00 3.32 2.04 0.00 0.00 0.00 0.00 0.00 93.37
311 1.25 0.00 4.51 1.50 0.00 0.00 0.00 0.00 0.00 92.73
312 2.02 0.00 3.03 0.25 0.00 0.00 0.00 0.00 0.00 94.70
313 1.02 0.00 5.08 0.25 0.00 0.00 0.00 0.00 0.00 93.65
314 1.77 0.00 3.28 0.51 0.00 0.00 0.00 0.00 0.00 94.44
315 75.43 0.00 6.00 0.29 0.00 0.00 0.00 0.00 0.00 18.29
316 31.09 0.00 4.20 0.56 0.00 0.00 0.28 0.00 0.00 63.87
317 1.53 0.00 3.56 0.51 0.00 0.00 0.00 0.00 0.00 94.40
318 0.76 0.00 4.28 0.76 0.00 0.00 0.00 0.00 0.00 94.21
319 2.00 0.00 4.50 0.25 0.00 0.00 0.00 0.00 0.00 93.25
320 1.52 0.00 3.55 1.27 0.00 0.00 0.00 0.00 0.00 93.65
321 1.28 0.00 2.56 3.84 0.00 0.00 0.00 0.00 0.00 92.33
322 1.27 0.00 2.80 1.02 0.00 0.00 0.00 0.00 0.00 94.91
323 1.28 0.00 2.30 6.91 0.00 0.00 0.00 0.00 0.00 89.51
324 1.02 0.00 3.05 1.78 0.00 0.00 0.00 0.00 0.00 94.16
325 1.28 0.00 3.06 2.30 0.00 0.00 0.00 0.00 0.00 93.37
326 0.77 0.00 3.07 0.77 0.00 0.00 0.00 0.00 0.00 95.40
327 1.55 0.00 2.32 0.52 0.00 0.00 0.00 0.00 0.00 95.62
328 1.01 0.00 3.04 0.76 0.00 0.00 0.25 0.00 0.00 94.94
329 1.81 0.00 3.10 0.26 0.00 0.00 0.00 0.00 0.00 94.83
330 7.33 0.00 2.88 0.00 0.00 0.00 0.00 0.00 0.00 89.79
331 1.03 0.00 2.82 0.00 0.00 0.00 0.00 0.00 0.00 96.15
332 1.27 0.00 3.54 0.25 0.00 0.00 0.00 0.00 0.00 94.94
333 1.28 0.00 2.56 3.58 0.00 0.26 0.00 0.00 0.00 92.33
334 1.28 0.00 2.55 0.26 0.00 0.00 0.00 0.00 0.00 95.92
335 1.03 0.00 2.83 4.11 0.00 0.00 0.00 0.00 0.00 92.03
336 1.78 0.00 3.30 0.00 0.00 0.00 0.25 0.00 0.00 94.67
337 1.28 0.00 3.08 1.28 0.00 0.00 0.00 0.00 0.00 94.36
338 1.77 0.00 3.04 1.01 0.00 0.00 0.25 0.00 0.00 93.92
339 1.27 0.00 3.30 0.00 0.00 0.00 0.00 0.00 0.00 95.43
340 1.52 0.00 3.04 0.00 0.00 0.00 0.00 0.00 0.00 95.44
341 1.77 0.00 3.04 0.00 0.00 0.00 0.00 0.00 0.00 95.19
342 1.52 0.00 3.29 0.25 0.00 0.00 0.00 0.00 0.00 94.94
343 18.67 0.00 4.60 1.53 0.00 0.26 0.26 0.00 0.00 74.68
344 19.38 0.00 7.19 3.75 0.00 0.00 0.00 0.00 0.00 69.69
345 19.07 0.00 4.90 2.72 0.00 0.00 0.27 0.00 0.00 73.02
346 17.51 0.00 10.09 2.08 0.00 0.00 0.00 0.00 0.00 70.33
347 20.59 0.00 6.18 5.29 0.00 0.00 0.00 0.00 0.00 67.94
348 3.66 0.00 2.87 0.78 0.00 0.00 0.00 0.00 0.00 92.69
349 6.61 0.00 5.82 5.03 0.00 0.00 0.26 0.00 0.00 82.28
350 20.11 0.00 2.51 0.00 0.00 0.00 0.00 0.00 0.00 77.37
351 6.10 0.00 3.71 0.80 0.00 0.00 0.00 0.00 0.00 89.39
352 0.77 0.00 3.33 1.79 0.00 0.00 0.00 0.00 0.00 94.10
353 0.75 0.00 4.52 3.77 0.00 0.00 0.00 0.00 0.00 90.95
354 1.27 0.00 3.05 0.25 0.00 0.00 0.00 0.00 0.00 95.42
355 1.25 0.00 4.24 6.48 0.00 0.25 0.25 0.00 0.00 87.53
356 1.53 0.00 3.05 1.02 0.00 0.00 0.00 0.00 0.00 94.40
357 1.52 0.00 3.80 4.05 0.00 0.00 0.00 0.00 0.00 90.63
358 2.02 0.00 3.53 0.50 0.00 0.00 0.00 0.00 0.00 93.95
359 1.01 0.00 4.03 3.78 0.00 0.25 0.00 0.00 0.00 90.93
360 1.02 0.00 3.05 0.00 0.00 0.00 0.00 0.00 0.00 95.93
361 1.02 0.00 2.81 9.72 0.00 0.00 0.26 0.00 0.00 86.19
362 0.76 0.00 3.31 1.27 0.00 0.00 0.00 0.00 0.00 94.66
363 1.27 0.00 3.56 5.34 0.00 0.00 0.00 0.00 0.00 89.82
364 0.76 0.00 4.04 1.52 0.00 0.00 0.00 0.00 0.00 93.69
365 1.02 0.00 3.56 1.02 0.00 0.00 0.00 0.00 0.00 94.40
366 1.27 0.00 3.80 1.27 0.00 0.00 0.00 0.00 0.00 93.67
367 1.77 0.00 3.28 1.01 0.00 0.00 0.25 0.00 0.00 93.69
368 1.54 0.00 3.59 0.77 0.00 0.00 0.00 0.00 0.00 94.10
369 1.02 0.00 3.31 1.78 0.00 0.00 0.00 0.00 0.00 93.89
370 0.76 0.00 3.82 1.02 0.00 0.00 0.00 0.00 0.00 94.40
371 1.02 0.00 3.81 1.02 0.00 0.00 0.00 0.00 0.00 94.16
372 1.01 0.00 4.05 1.27 0.00 0.00 0.25 0.00 0.00 93.42
373 1.03 0.00 4.37 2.31 0.00 0.00 0.00 0.00 0.00 92.29
374 1.02 0.00 3.07 26.09 0.00 0.00 0.00 0.00 0.00 69.82
375 4.42 0.00 3.38 68.31 0.00 0.00 0.00 0.00 0.00 23.90
376 57.27 0.00 4.36 11.92 0.00 0.00 0.00 0.00 0.00 26.45
377 30.70 0.00 2.54 14.08 0.00 0.00 0.28 0.00 0.00 52.39
378 1.52 0.00 3.30 5.58 0.00 0.00 0.00 0.00 0.00 89.59
379 2.03 0.00 3.29 3.80 0.00 0.00 0.00 0.00 0.00 90.89
380 1.52 0.00 3.05 19.29 0.00 0.00 0.00 0.00 0.00 76.14
381 2.03 0.00 3.55 8.88 0.00 0.00 0.00 0.00 0.00 85.53
382 2.27 0.00 4.03 4.28 0.00 0.00 0.00 0.00 0.00 89.42
383 1.52 0.00 3.54 6.57 0.00 0.00 0.00 0.00 0.00 88.38
384 0.76 0.00 3.81 5.08 0.00 0.00 0.25 0.00 0.00 90.10
385 2.03 0.00 3.54 15.19 0.00 0.00 0.00 0.00 0.00 79.24
386 1.01 0.00 3.80 0.51 0.00 0.00 0.00 0.00 0.00 94.68
387 1.27 0.00 3.55 6.09 0.00 0.00 0.00 0.00 0.00 89.09
388 1.77 0.00 2.78 8.84 0.00 0.00 0.00 0.00 0.00 86.62
389 1.02 0.00 3.55 1.52 0.00 0.00 0.00 0.00 0.00 93.91
390 1.26 0.00 3.28 1.77 0.00 0.00 0.00 0.00 0.00 93.69
391 0.51 0.00 3.80 1.27 0.00 0.00 0.25 0.00 0.00 94.18
392 1.27 0.00 3.54 0.51 0.00 0.00 0.00 0.00 0.00 94.68
393 1.01 0.00 4.28 1.51 0.00 0.00 0.00 0.00 0.00 93.20
394 1.02 0.00 3.06 0.77 0.00 0.00 0.00 0.00 0.00 95.15
395 1.27 0.00 3.30 1.27 0.00 0.00 0.00 0.00 0.00 94.16
396 1.01 0.00 3.54 0.25 0.00 0.00 0.00 0.00 0.00 95.19
397 1.28 0.00 3.06 1.02 0.00 0.00 0.00 0.00 0.00 94.64
398 53.35 0.00 10.82 0.26 0.00 0.00 0.00 0.00 0.00 35.57
399 4.77 0.00 3.98 0.27 0.00 0.27 0.00 0.00 0.00 90.72
400 1.01 0.00 3.78 0.25 0.00 0.00 0.00 0.00 0.00 94.96
401 1.53 0.00 3.05 0.76 0.00 0.00 0.25 0.00 0.00 94.40
402 2.03 0.00 2.79 1.27 0.00 0.00 0.00 0.00 0.00 93.91
403 1.78 0.00 3.30 0.76 0.00 0.00 0.00 0.00 0.00 94.16
404 0.77 0.00 3.07 0.51 0.00 0.00 0.00 0.00 0.00 95.65
405 2.04 0.00 3.32 0.26 0.00 0.00 0.00 0.00 0.00 94.39
406 1.02 0.00 3.32 0.26 0.00 0.00 0.00 0.00 0.00 95.41
407 0.76 0.00 3.31 0.76 0.00 0.00 0.00 0.00 0.00 95.17
408 1.01 0.00 3.29 0.76 0.00 0.25 0.00 0.00 0.00 94.68
409 0.77 0.00 3.32 0.51 0.00 0.00 0.00 0.00 0.00 95.41
410 1.53 0.00 2.81 3.07 0.00 0.00 0.00 0.00 0.00 92.58
411 1.52 0.00 3.30 2.03 0.00 0.25 0.00 0.00 0.00 92.89
412 1.52 0.00 2.79 1.52 0.00 0.00 0.25 0.00 0.00 93.91
413 1.27 0.00 3.30 5.58 0.00 0.00 0.00 0.00 0.00 89.85
414 1.02 0.00 3.05 1.02 0.00 0.00 0.00 0.00 0.00 94.91
415 1.54 0.00 3.34 4.11 0.00 0.26 0.00 0.00 0.00 90.75
416 0.51 0.00 3.56 0.25 0.00 0.00 0.00 0.00 0.00 95.67
417 0.77 0.00 3.58 6.65 0.00 0.00 0.26 0.00 0.00 88.75
418 1.03 0.00 2.05 3.33 0.00 0.00 0.00 0.00 0.00 93.59
419 1.53 0.00 2.81 1.53 0.00 0.26 0.00 0.00 0.00 93.88
420 1.02 0.00 3.07 2.30 0.00 0.00 0.00 0.00 0.00 93.61
421 1.53 0.00 3.05 0.76 0.00 0.00 0.00 0.00 0.00 94.66
422 1.29 0.00 2.83 2.57 0.00 0.00 0.00 0.00 0.00 93.32
423 1.53 0.00 3.31 2.04 0.00 0.00 0.00 0.00 0.00 93.13
424 0.76 0.00 3.55 1.27 0.00 0.00 0.00 0.00 0.00 94.42
425 1.02 0.00 3.30 1.27 0.00 0.00 0.00 0.00 0.00 94.42
426 43.02 0.00 3.49 0.29 0.00 0.00 0.29 0.00 0.00 52.91
427 78.06 0.00 3.76 0.31 0.00 0.00 0.00 0.00 0.00 17.87
428 15.27 0.00 3.59 0.60 0.00 0.00 0.00 0.00 0.00 80.54
429 1.02 0.00 3.82 1.27 0.00 0.00 0.00 0.00 0.00 93.89
430 1.52 0.00 3.80 0.76 0.00 0.00 0.00 0.00 0.00 93.92
431 1.02 0.00 3.06 2.04 0.00 0.00 0.00 0.00 0.00 93.88
432 0.52 0.00 2.58 0.52 0.00 0.00 0.00 0.00 0.00 96.38
433 1.54 0.00 4.36 4.36 0.00 0.00 0.00 0.00 0.00 89.74
434 0.51 0.00 3.06 1.53 0.00 0.00 0.00 0.00 0.00 94.90
435 1.03 0.00 2.82 4.36 0.00 0.26 0.00 0.00 0.00 91.54
436 1.27 0.00 4.05 2.53 0.00 0.00 0.00 0.00 0.00 92.15
437 1.26 0.00 4.04 2.53 0.00 0.00 0.25 0.00 0.00 91.92
438 1.51 0.00 4.02 2.51 0.00 0.00 0.00 0.00 0.00 91.96
439 1.75 0.00 4.76 0.75 0.00 0.00 0.00 0.00 0.00 92.73
440 1.76 0.00 4.77 7.54 0.00 0.00 0.00 0.00 0.00 85.93
441 1.02 0.00 3.81 8.63 0.00 0.00 0.00 0.00 0.00 86.55
442 1.27 0.00 3.30 2.28 0.00 0.00 0.00 0.00 0.00 93.15
443 2.02 0.00 3.27 6.55 0.00 0.00 0.00 0.00 0.00 88.16
444 0.51 0.00 3.57 4.85 0.00 0.00 0.00 0.00 0.00 91.07
445 1.28 0.00 2.81 3.06 0.00 0.00 0.00 0.00 0.00 92.86
446 1.02 0.00 3.07 0.77 0.00 0.00 0.00 0.00 0.00 95.14
447 0.77 0.00 3.07 3.07 0.00 0.00 0.26 0.00 0.00 92.84
448 1.03 0.00 3.08 0.26 0.00 0.00 0.00 0.00 0.00 95.64
449 0.76 0.00 3.55 0.51 0.00 0.00 0.00 0.00 0.00 95.18
450 0.77 0.00 3.34 7.46 0.00 0.00 0.00 0.00 0.00 88.43
451 0.77 0.00 3.32 1.02 0.00 0.00 0.00 0.00 0.00 94.90
452 2.02 0.00 3.54 1.01 0.00 0.00 0.00 0.00 0.00 93.43
453 1.76 0.00 3.78 0.76 0.00 0.00 0.25 0.00 0.00 93.45
454 1.26 0.00 4.29 2.78 0.00 0.25 0.00 0.00 0.00 91.41
455 1.52 0.00 4.29 0.51 0.00 0.00 0.00 0.00 0.00 93.69
456 1.53 0.00 3.31 0.00 0.00 0.00 0.00 0.00 0.00 95.17
457 1.27 0.00 3.55 2.28 0.00 0.00 0.00 0.00 0.00 92.89
458 1.26 0.00 4.29 1.77 0.00 0.00 0.00 0.00 0.00 92.68
459 0.76 0.00 4.33 3.05 0.00 0.00 0.00 0.00 0.00 91.86
460 1.51 0.00 3.78 2.27 0.00 0.25 0.00 0.00 0.00 92.19
461 1.26 0.00 3.78 0.76 0.00 0.00 0.25 0.00 0.00 93.95
462 1.77 0.00 3.54 5.32 0.00 0.00 0.00 0.00 0.00 89.37
463 1.02 0.00 4.31 6.85 0.00 0.00 0.00 0.00 0.00 87.82
464 1.27 0.00 3.31 0.00 0.00 0.00 0.00 0.00 0.00 95.42
465 1.01 0.00 4.05 0.51 0.00 0.00 0.00 0.00 0.00 94.43
466 1.01 0.00 3.79 0.76 0.00 0.00 0.25 0.00 0.00 94.19
467 2.28 0.00 6.09 6.09 0.00 0.25 0.00 0.00 0.00 85.28
468 1.76 0.00 3.53 1.26 0.00 0.00 0.00 0.00 0.00 93.45
469 1.02 0.00 3.57 0.26 0.00 0.00 0.00 0.00 0.00 95.15
470 1.27 0.00 3.81 5.58 0.00 0.00 0.00 0.00 0.00 89.34
471 1.02 0.00 3.55 0.25 0.00 0.00 0.00 0.00 0.00 95.18
472 2.02 0.00 2.53 1.01 0.00 0.00 0.00 0.00 0.00 94.44
473 1.53 0.00 2.54 0.51 0.00 0.00 0.00 0.00 0.00 95.42
474 1.02 0.00 3.55 1.27 0.00 0.00 0.25 0.00 0.00 93.91
475 0.51 0.00 4.58 7.63 0.00 0.25 0.00 0.00 0.00 87.02
476 1.27 0.00 3.05 1.27 0.00 0.00 0.00 0.00 0.00 94.40
477 1.27 0.00 3.05 1.27 0.00 0.00 0.25 0.00 0.00 94.16
478 1.02 0.00 3.05 1.27 0.00 0.00 0.00 0.00 0.00 94.66
479 1.02 0.00 4.07 5.09 0.00 0.00 0.00 0.00 0.00 89.82
480 1.02 0.00 4.06 4.31 0.00 0.00 0.00 0.00 0.00 90.61
481 1.27 0.00 3.30 1.27 0.00 0.00 0.00 0.00 0.00 94.16
482 1.77 0.00 3.28 0.76 0.00 0.00 0.00 0.00 0.00 94.19
483 1.78 0.00 3.56 2.29 0.00 0.25 0.00 0.00 0.00 92.11
484 1.52 0.00 3.54 1.01 0.00 0.00 0.00 0.00 0.00 93.92
485 1.52 0.00 4.04 3.03 0.00 0.00 0.00 0.00 0.00 91.41
486 1.51 0.00 4.28 0.25 0.00 0.00 0.25 0.00 0.00 93.70
487 2.01 0.00 3.27 2.01 0.00 0.00 0.00 0.00 0.00 92.71
488 1.52 0.00 4.04 6.06 0.00 0.00 0.00 0.00 0.00 88.38
489 1.51 0.00 3.78 5.79 0.00 0.00 0.00 0.00 0.00 88.92
490 1.01 0.00 4.28 3.27 0.00 0.00 0.00 0.00 0.00 91.44
491 32.89 0.00 14.21 6.05 0.00 0.00 0.00 0.00 0.00 46.84
492 18.21 0.00 6.25 1.90 0.00 0.00 0.00 0.00 0.00 73.64
493 1.02 0.00 3.81 24.11 0.00 0.00 0.00 0.00 0.00 71.07
494 0.76 0.00 5.56 18.69 0.00 0.00 0.00 0.00 0.00 75.00
495 1.26 0.00 4.03 5.29 0.00 0.25 0.00 0.00 0.00 89.17
496 1.26 0.00 4.03 2.02 0.00 0.00 0.00 0.00 0.00 92.70
497 0.51 0.00 4.07 2.04 0.00 0.00 0.00 0.00 0.00 93.38
498 0.76 0.00 3.54 1.27 0.00 0.00 0.25 0.00 0.00 94.18
499 0.77 0.00 4.37 2.31 0.00 0.00 0.00 0.00 0.00 92.54
500 0.51 0.00 3.08 1.54 0.00 0.00 0.00 0.00 0.00 94.87
501 1.28 0.00 3.07 1.28 0.00 0.00 0.00 0.00 0.00 94.37
502 1.29 0.00 2.83 1.54 0.00 0.00 0.00 0.00 0.00 94.34
503 1.53 0.00 2.56 2.30 0.00 0.00 0.00 0.00 0.00 93.61
504 0.77 0.00 3.32 1.28 0.00 0.00 0.00 0.00 0.00 94.64
505 1.78 0.00 3.56 1.53 0.00 0.00 0.00 0.00 0.00 93.13
506 1.51 0.00 3.78 2.02 0.00 0.00 0.25 0.00 0.00 92.44
507 1.77 0.00 4.05 1.27 0.00 0.00 0.00 0.00 0.00 92.91
508 1.52 0.00 3.04 0.51 0.00 0.00 0.00 0.00 0.00 94.94
509 1.52 0.00 3.54 2.78 0.00 0.00 0.00 0.00 0.00 92.15
510 1.27 0.00 3.05 2.79 0.00 0.00 0.00 0.00 0.00 92.89
511 0.51 0.00 3.81 6.35 0.00 0.00 0.00 0.00 0.00 89.34
512 1.01 0.00 4.27 0.50 0.00 0.00 0.00 0.00 0.00 94.22
513 1.28 0.00 2.82 6.67 0.00 0.00 0.00 0.00 0.00 89.23
514 1.02 0.00 3.82 4.33 0.00 0.00 0.00 0.00 0.00 90.84
515 0.76 0.00 3.30 8.38 0.00 0.00 0.00 0.00 0.00 87.56
516 1.28 0.00 3.33 19.74 0.00 0.00 0.00 0.00 0.00 75.64
517 0.51 0.00 3.07 10.74 0.00 0.00 0.00 0.00 0.00 85.68
518 1.77 0.00 3.28 4.29 0.00 0.25 0.00 0.00 0.00 90.40
519 1.27 0.00 2.80 7.38 0.00 0.00 0.00 0.00 0.00 88.55
520 2.28 0.00 2.53 0.51 0.00 0.00 0.00 0.00 0.00 94.68
521 1.27 0.00 4.06 1.52 0.00 0.00 0.25 0.00 0.00 92.89
522 1.53 0.00 2.55 1.79 0.00 0.26 0.00 0.00 0.00 93.88
523 1.02 0.00 2.56 1.79 0.00 0.00 0.00 0.00 0.00 94.63
524 1.29 0.00 2.83 0.51 0.00 0.00 0.00 0.00 0.00 95.37
525 1.02 0.00 3.30 1.52 0.00 0.00 0.00 0.00 0.00 94.16
526 1.53 0.00 2.80 0.76 0.00 0.00 0.00 0.00 0.00 94.91
527 1.01 0.00 3.54 0.76 0.00 0.00 0.00 0.00 0.00 94.68
528 1.78 0.00 3.05 1.02 0.00 0.00 0.00 0.00 0.00 94.16
529 1.52 0.00 3.54 0.76 0.00 0.00 0.00 0.00 0.00 94.19
530 1.51 0.00 3.53 0.50 0.00 0.00 0.00 0.00 0.00 94.46
531 1.27 0.00 3.54 1.27 0.00 0.00 0.00 0.00 0.00 93.92
532 59.54 0.00 6.84 0.28 0.00 0.00 0.28 0.00 0.00 33.05
533 68.01 0.00 4.97 0.00 0.00 0.00 0.00 0.00 0.00 27.02
534 12.34 0.00 4.99 0.52 0.00 0.00 0.00 0.00 0.00 82.15
535 2.00 0.00 4.25 1.50 0.00 0.00 0.00 0.00 0.00 92.25
536 1.76 0.00 4.02 0.25 0.00 0.00 0.00 0.00 0.00 93.97
537 2.01 0.00 4.01 2.76 0.00 0.00 0.00 0.00 0.00 91.23
538 1.74 0.00 4.23 0.25 0.00 0.00 0.00 0.00 0.00 93.78
539 1.50 0.00 4.49 1.25 0.00 0.00 0.00 0.00 0.00 92.77
540 1.51 0.00 3.78 1.01 0.00 0.00 0.00 0.00 0.00 93.70
541 1.25 0.00 4.01 1.25 0.00 0.00 0.00 0.00 0.00 93.48
542 1.51 0.00 3.53 2.02 0.00 0.00 0.25 0.00 0.00 92.70
543 2.02 0.00 4.03 5.79 0.00 0.00 0.00 0.00 0.00 88.16
544 4.81 0.00 4.30 8.35 0.00 0.25 0.00 0.00 0.00 82.28
545 0.76 0.00 5.04 4.53 0.00 0.00 0.00 0.00 0.00 89.67
546 1.27 0.00 4.30 1.27 0.00 0.00 0.00 0.00 0.00 93.16
547 1.53 0.00 3.57 3.32 0.00 0.00 0.00 0.00 0.00 91.58
548 1.03 0.00 3.86 0.77 0.00 0.00 0.00 0.00 0.00 94.34
549 11.11 0.00 3.62 4.91 0.00 0.00 0.00 0.00 0.00 80.36
550 12.40 0.00 3.10 1.03 0.00 0.00 0.26 0.00 0.00 83.20
551 29.43 0.00 12.76 3.39 0.00 0.00 0.00 0.00 0.00 54.43
552 10.43 0.00 4.07 1.27 0.00 0.25 0.00 0.00 0.00 83.97
553 13.16 0.00 4.81 9.37 0.00 0.25 0.00 0.00 0.00 72.41
554 12.37 0.00 3.28 0.76 0.00 0.25 0.00 0.00 0.00 83.33
555 14.06 0.00 7.03 7.55 0.00 0.00 0.00 0.00 0.00 71.35
556 10.73 0.00 4.97 0.79 0.00 0.26 0.00 0.00 0.00 83.25
557 24.15 0.00 6.82 2.27 0.00 0.00 0.28 0.00 0.00 66.48
558 2.70 0.00 3.77 0.27 0.00 0.00 0.00 0.00 0.00 93.26
559 2.04 0.00 5.10 0.77 0.00 0.00 0.00 0.00 0.00 92.09
560 1.76 0.00 3.27 0.75 0.00 0.00 0.00 0.00 0.00 94.22
561 0.77 0.00 3.57 4.59 0.00 0.26 0.26 0.00 0.00 90.56
562 1.26 0.00 3.54 0.51 0.00 0.25 0.00 0.00 0.00 94.44
563 1.78 0.00 3.05 1.02 0.00 0.00 0.00 0.00 0.00 94.16
564 1.52 0.00 3.28 0.51 0.00 0.00 0.00 0.00 0.00 94.70
565 1.52 0.00 3.30 0.25 0.00 0.00 0.00 0.00 0.00 94.92
566 1.27 0.00 3.05 1.02 0.00 0.00 0.25 0.00 0.00 94.42
567 1.52 0.00 3.81 0.51 0.00 0.00 0.00 0.00 0.00 94.16
568 2.04 0.00 2.80 1.02 0.00 0.00 0.00 0.00 0.00 94.15
569 1.78 0.00 3.56 0.25 0.00 0.00 0.00 0.00 0.00 94.40
570 1.02 0.00 3.05 1.02 0.00 0.00 0.00 0.00 0.00 94.91
571 0.77 0.00 3.32 4.34 0.00 0.00 0.00 0.00 0.00 91.58
572 1.27 0.00 3.30 2.03 0.00 0.00 0.00 0.00 0.00 93.40
573 2.57 0.00 5.66 1.54 0.00 0.51 0.00 0.00 0.00 89.72
574 8.71 0.00 20.22 6.18 0.00 0.56 0.00 0.00 0.00 64.33
575 6.27 0.00 16.52 8.55 0.00 0.00 0.28 0.00 0.00 68.38
576 6.69 0.00 13.37 7.85 0.00 0.00 0.00 0.00 0.00 72.09
577 9.26 0.00 17.46 12.43 0.00 0.00 0.00 0.00 0.00 60.85
578 7.69 0.00 20.95 13.53 0.00 0.00 0.00 0.00 0.00 57.82
579 6.07 0.00 13.87 11.56 0.00 0.00 0.00 0.00 0.00 68.50
580 7.28 0.00 18.60 0.27 0.00 0.00 0.27 0.00 0.00 73.58
581 7.95 0.00 23.84 5.48 0.00 0.00 0.00 0.00 0.00 62.74
582 6.32 0.00 20.60 3.57 0.00 0.00 0.00 0.00 0.00 69.51
583 5.56 0.00 6.35 15.87 0.00 0.00 0.00 0.00 0.00 72.22
584 3.57 0.00 3.32 8.42 0.00 0.00 0.00 0.00 0.00 84.69
585 0.77 0.00 3.07 10.49 0.00 0.00 0.00 0.00 0.00 85.68
586 0.51 0.00 2.57 9.51 0.00 0.00 0.26 0.00 0.00 87.15
587 1.27 0.00 3.81 5.08 0.00 0.00 0.00 0.00 0.00 89.85
588 1.02 0.00 3.55 4.31 0.00 0.00 0.00 0.00 0.00 91.12
589 0.77 0.00 3.08 2.56 0.00 0.00 0.00 0.00 0.00 93.59
590 1.02 0.00 2.56 5.37 0.00 0.26 0.00 0.00 0.00 90.79
591 1.02 0.00 2.79 5.33 0.00 0.25 0.25 0.00 0.00 90.36
592 1.52 0.00 3.05 3.05 0.00 0.25 0.00 0.00 0.00 92.13
593 1.28 0.00 2.56 2.56 0.00 0.00 0.00 0.00 0.00 93.61
594 1.27 0.00 3.05 6.60 0.00 0.00 0.00 0.00 0.00 89.09
595 0.77 0.00 2.82 4.62 0.00 0.00 0.00 0.00 0.00 91.79
596 1.02 0.00 3.56 3.56 0.00 0.00 0.00 0.00 0.00 91.86
597 1.27 0.00 3.80 1.52 0.00 0.00 0.00 0.00 0.00 93.42
598 1.77 0.00 3.28 16.92 0.00 0.25 0.00 0.00 0.00 77.78
599 2.25 0.00 3.50 1.25 0.00 0.00 0.00 0.00 0.00 93.00
600 1.01 0.00 4.55 1.26 0.00 0.00 0.00 0.00 0.00 93.18
601 1.01 0.00 3.54 0.25 0.00 0.00 0.25 0.00 0.00 94.95
602 1.28 0.00 3.32 7.16 0.00 0.00 0.00 0.00 0.00 88.24
603 1.01 0.00 4.27 0.75 0.00 0.00 0.00 0.00 0.00 93.97
604 1.02 0.00 3.31 4.33 0.00 0.00 0.00 0.00 0.00 91.35
605 1.27 0.00 3.29 0.51 0.00 0.00 0.00 0.00 0.00 94.94
606 1.26 0.00 3.53 17.63 0.00 0.00 0.00 0.00 0.00 77.58
607 1.52 0.00 3.79 4.29 0.00 0.00 0.25 0.00 0.00 90.15
608 1.26 0.00 4.53 8.06 0.00 0.00 0.00 0.00 0.00 86.15
609 1.51 0.00 3.77 0.75 0.00 0.00 0.00 0.00 0.00 93.97
610 1.77 0.00 3.29 2.28 0.00 0.00 0.00 0.00 0.00 92.66
611 12.50 0.00 3.69 6.82 0.00 0.57 0.00 0.00 0.00 76.42
612 14.06 0.00 4.24 9.02 0.00 0.00 0.00 0.00 0.00 72.68
613 4.70 0.00 3.66 13.58 0.00 0.00 0.26 0.00 0.00 77.81
614 1.51 0.00 5.29 14.36 0.00 0.25 0.00 0.00 0.00 78.59
615 1.26 0.00 3.54 0.51 0.00 0.00 0.00 0.00 0.00 94.70
616 0.76 0.00 3.31 0.76 0.00 0.00 0.00 0.00 0.00 95.17
617 2.04 0.00 3.56 4.58 0.00 0.00 0.00 0.00 0.00 89.82
618 0.76 0.00 3.54 0.76 0.00 0.25 0.00 0.00 0.00 94.68
619 0.76 0.00 4.07 0.25 0.00 0.00 0.00 0.00 0.00 94.91
620 1.02 0.00 3.32 0.51 0.00 0.00 0.00 0.00 0.00 95.14
621 1.27 0.00 2.80 1.27 0.00 0.00 0.00 0.00 0.00 94.66
622 1.79 0.00 2.30 3.06 0.00 0.00 0.00 0.00 0.00 92.86
623 1.01 0.00 3.29 3.54 0.00 0.00 0.25 0.00 0.00 91.90
624 1.28 0.00 2.56 13.04 0.00 0.00 0.00 0.00 0.00 83.12
625 0.51 0.00 2.57 2.57 0.00 0.00 0.00 0.00 0.00 94.34
626 7.85 0.00 3.66 16.49 0.00 0.00 0.00 0.00 0.00 71.99
627 6.81 0.00 3.40 22.51 0.00 0.00 0.00 0.00 0.00 67.28
628 1.28 0.00 3.57 39.54 0.00 0.00 0.00 0.00 0.00 55.61
629 28.49 0.00 12.37 4.84 0.00 0.00 0.00 0.00 0.00 54.30
630 22.98 0.00 2.87 1.57 0.00 0.00 0.00 0.00 0.00 72.58
631 1.02 0.00 3.31 0.51 0.00 0.00 0.00 0.00 0.00 95.17
632 1.02 0.00 3.83 14.03 0.00 0.26 0.00 0.00 0.00 80.87
633 1.28 0.00 2.82 0.51 0.00 0.00 0.00 0.00 0.00 95.38
634 1.27 0.00 2.29 1.27 0.00 0.00 0.25 0.00 0.00 94.91
635 1.01 0.00 4.05 0.76 0.00 0.00 0.00 0.00 0.00 94.18
636 1.27 0.00 3.05 1.02 0.00 0.25 0.00 0.00 0.00 94.40
637 1.27 0.00 3.81 0.51 0.00 0.00 0.00 0.00 0.00 94.42
638 1.02 0.00 3.32 1.53 0.00 0.00 0.00 0.00 0.00 94.13
639 1.28 0.00 2.31 0.00 0.00 0.00 0.26 0.00 0.00 96.15
640 1.28 0.00 2.81 2.30 0.00 0.00 0.00 0.00 0.00 93.62
641 0.77 0.00 3.06 0.26 0.00 0.00 0.00 0.00 0.00 95.92
642 1.03 0.00 2.56 4.36 0.00 0.00 0.00 0.00 0.00 92.05
643 0.77 0.00 2.30 0.26 0.00 0.26 0.00 0.00 0.00 96.43
644 0.52 0.00 2.08 1.30 0.00 0.00 0.00 0.00 0.00 96.10
645 0.77 0.00 3.32 2.04 0.00 0.00 0.00 0.00 0.00 93.88
646 0.51 0.00 2.56 4.86 0.00 0.00 0.26 0.00 0.00 91.82
647 1.28 0.00 3.06 2.04 0.00 0.00 0.00 0.00 0.00 93.62
648 1.28 0.00 3.32 8.95 0.00 0.00 0.00 0.00 0.00 86.45
649 1.27 0.00 3.54 0.51 0.00 0.00 0.00 0.00 0.00 94.68
650 0.77 0.00 2.81 1.53 0.00 0.00 0.00 0.00 0.00 94.88
651 0.77 0.00 2.32 0.52 0.00 0.00 0.26 0.00 0.00 96.13
652 1.02 0.00 2.30 1.28 0.00 0.00 0.00 0.00 0.00 95.40
653 1.27 0.00 3.04 0.25 0.00 0.00 0.00 0.00 0.00 95.44
654 1.27 0.00 3.54 0.76 0.00 0.00 0.00 0.00 0.00 94.43
655 1.01 0.00 3.54 0.51 0.00 0.00 0.00 0.00 0.00 94.95
656 1.26 0.00 3.54 1.26 0.00 0.00 0.00 0.00 0.00 93.94
657 1.03 0.00 3.08 6.41 0.00 0.00 0.26 0.00 0.00 89.23
658 1.27 0.00 2.80 1.27 0.00 0.00 0.00 0.00 0.00 94.66
659 0.77 0.00 3.83 0.77 0.00 0.00 0.00 0.00 0.00 94.64
660 1.02 0.00 2.81 0.77 0.00 0.00 0.00 0.00 0.00 95.41
661 1.27 0.00 3.05 0.76 0.00 0.00 0.25 0.00 0.00 94.66
662 0.51 0.00 3.32 1.28 0.00 0.00 0.00 0.00 0.00 94.90
663 1.29 0.00 2.57 0.00 0.00 0.00 0.00 0.00 0.00 96.14
664 1.79 0.00 3.58 15.09 0.00 0.00 0.00 0.00 0.00 79.54
665 1.28 0.00 2.56 0.26 0.00 0.00 0.00 0.00 0.00 95.90
666 0.51 0.00 3.56 0.76 0.00 0.00 0.25 0.00 0.00 94.91
667 1.28 0.00 3.06 0.77 0.00 0.00 0.00 0.00 0.00 94.90
668 1.77 0.00 3.29 1.27 0.00 0.00 0.00 0.00 0.00 93.67
669 1.28 0.00 2.81 2.55 0.00 0.00 0.00 0.00 0.00 93.37
670 0.76 0.00 4.04 0.76 0.00 0.00 0.00 0.00 0.00 94.44
671 1.76 0.00 4.27 0.50 0.00 0.00 0.00 0.00 0.00 93.47
672 0.50 0.00 4.27 1.51 0.00 0.00 0.00 0.00 0.00 93.72
673 1.75 0.00 6.25 3.25 0.00 0.00 0.00 0.00 0.00 88.75
674 1.51 0.00 3.78 0.50 0.00 0.00 0.00 0.00 0.00 94.21
675 1.01 0.00 4.04 1.01 0.00 0.00 0.00 0.00 0.00 93.94
676 0.76 0.00 3.31 0.76 0.00 0.00 0.00 0.00 0.00 95.17
677 1.27 0.00 3.05 0.25 0.00 0.25 0.00 0.00 0.00 95.18
678 1.27 0.00 3.56 7.38 0.00 0.00 0.25 0.00 0.00 87.53
679 1.01 0.00 3.80 0.76 0.00 0.00 0.00 0.00 0.00 94.43
680 0.77 0.00 3.06 0.26 0.00 0.00 0.00 0.00 0.00 95.92
681 1.78 0.00 3.05 1.02 0.00 0.00 0.00 0.00 0.00 94.16
682 1.01 0.00 3.80 1.01 0.00 0.00 0.00 0.00 0.00 94.18
683 1.28 0.00 3.07 0.77 0.00 0.00 0.00 0.00 0.00 94.88
684 1.02 0.00 3.06 0.77 0.00 0.00 0.00 0.00 0.00 95.15
685 1.52 0.00 3.79 8.84 0.00 0.00 0.00 0.00 0.00 85.86
686 1.27 0.00 3.05 1.78 0.00 0.00 0.00 0.00 0.00 93.89
687 1.76 0.00 3.02 3.78 0.00 0.25 0.00 0.00 0.00 91.18
688 1.52 0.00 3.28 0.00 0.00 0.00 0.25 0.00 0.00 94.95
689 0.76 0.00 4.28 2.77 0.00 0.00 0.00 0.00 0.00 92.19
690 1.25 0.00 4.51 3.76 0.00 0.00 0.00 0.00 0.00 90.48
691 1.75 0.00 4.01 14.29 0.00 0.00 0.00 0.00 0.00 79.95
692 1.75 0.00 4.24 3.49 0.00 0.00 0.00 0.00 0.00 90.52
693 1.75 0.00 4.00 2.25 0.00 0.00 0.00 0.00 0.00 92.00
694 1.76 0.00 3.77 21.36 0.00 0.00 0.00 0.00 0.00 73.12
695 1.27 0.00 5.06 23.80 0.00 0.00 0.00 0.00 0.00 69.87
696 1.75 0.00 7.27 21.05 0.00 0.00 0.00 0.00 0.00 69.92
697 1.54 0.00 3.60 6.43 0.00 0.00 0.00 0.00 0.00 88.43
698 1.52 0.00 3.54 1.01 0.00 0.00 0.25 0.00 0.00 93.67
699 1.53 0.00 3.05 0.25 0.00 0.00 0.00 0.00 0.00 95.17
700 1.52 0.00 2.78 0.51 0.00 0.00 0.00 0.00 0.00 95.19
701 0.26 0.00 3.57 1.28 0.00 0.00 0.00 0.00 0.00 94.90
702 1.27 0.00 3.05 0.51 0.00 0.00 0.00 0.00 0.00 95.18
703 0.77 0.00 3.32 5.37 0.00 0.00 0.00 0.00 0.00 90.54
704 0.51 0.00 3.82 0.51 0.00 0.00 0.00 0.00 0.00 95.17
705 0.51 0.00 3.33 0.26 0.00 0.00 0.00 0.00 0.00 95.90
706 1.27 0.00 3.05 0.76 0.00 0.00 0.00 0.00 0.00 94.92
707 0.51 0.00 3.33 1.03 0.00 0.00 0.00 0.00 0.00 95.13
708 1.27 0.00 3.31 0.51 0.00 0.00 0.00 0.00 0.00 94.91
709 1.01 0.00 3.80 1.01 0.00 0.00 0.00 0.00 0.00 94.18
710 1.01 0.00 3.54 0.51 0.00 0.00 0.25 0.00 0.00 94.70
711 1.02 0.00 3.05 1.27 0.00 0.00 0.00 0.00 0.00 94.66
712 1.27 0.00 2.54 0.25 0.00 0.25 0.00 0.00 0.00 95.67
713 1.02 0.00 2.81 0.51 0.00 0.00 0.00 0.00 0.00 95.65
714 1.78 0.00 2.29 0.51 0.00 0.00 0.00 0.00 0.00 95.42
715 1.02 0.00 3.05 0.25 0.00 0.00 0.00 0.00 0.00 95.67
716 2.54 0.00 2.29 0.25 0.00 0.00 0.00 0.00 0.00 94.91
717 1.79 0.00 2.30 0.51 0.00 0.00 0.00 0.00 0.00 95.40
718 1.53 0.00 2.54 0.25 0.00 0.00 0.00 0.00 0.00 95.67
719 0.77 0.00 2.57 0.77 0.00 0.00 0.00 0.00 0.00 95.89
720 1.03 0.00 2.57 0.26 0.00 0.00 0.26 0.00 0.00 95.89
721 1.01 0.00 3.54 0.76 0.00 0.00 0.00 0.00 0.00 94.68
722 0.76 0.00 3.56 0.25 0.00 0.00 0.00 0.00 0.00 95.42
723 1.52 0.00 3.05 4.06 0.00 0.00 0.00 0.00 0.00 91.37
724 0.76 0.00 3.31 0.51 0.00 0.00 0.00 0.00 0.00 95.42
725 1.02 0.00 3.30 0.76 0.00 0.00 0.00 0.00 0.00 94.92
726 0.77 0.00 2.81 0.26 0.00 0.00 0.00 0.00 0.00 96.16
727 1.02 0.00 2.81 0.77 0.00 0.00 0.26 0.00 0.00 95.14
728 0.78 0.00 3.37 2.33 0.00 0.00 0.00 0.00 0.00 93.52
729 1.28 0.00 3.06 1.79 0.00 0.00 0.00 0.00 0.00 93.88
730 1.02 0.00 2.81 0.26 0.00 0.00 0.00 0.00 0.00 95.92
731 1.03 0.00 2.56 4.87 0.00 0.00 0.00 0.00 0.00 91.54
732 0.77 0.00 3.32 4.85 0.00 0.00 0.00 0.00 0.00 91.07
733 1.02 0.00 4.86 8.95 0.00 0.00 0.00 0.00 0.00 85.17
734 1.27 0.00 2.54 3.31 0.00 0.25 0.00 0.00 0.00 92.62
735 1.77 0.00 3.04 1.27 0.00 0.00 0.00 0.00 0.00 93.92
736 1.27 0.00 3.54 0.76 0.00 0.00 0.00 0.00 0.00 94.43
737 1.52 0.00 3.04 0.25 0.00 0.00 0.25 0.00 0.00 94.94
738 1.27 0.00 3.54 5.82 0.00 0.25 0.00 0.00 0.00 89.11
739 1.28 0.00 2.81 0.00 0.00 0.00 0.00 0.00 0.00 95.92
740 1.26 0.00 3.28 0.51 0.00 0.00 0.00 0.00 0.00 94.95
741 0.76 0.00 3.56 0.25 0.00 0.00 0.25 0.00 0.00 95.17
742 0.77 0.00 3.32 0.26 0.00 0.00 0.00 0.00 0.00 95.66
743 1.52 0.00 3.55 3.55 0.00 0.00 0.00 0.00 0.00 91.37
744 2.02 0.00 3.28 0.00 0.00 0.00 0.00 0.00 0.00 94.70
745 1.52 0.00 3.54 0.00 0.00 0.00 0.00 0.00 0.00 94.95
746 2.26 0.00 3.26 0.00 0.00 0.00 0.00 0.00 0.00 94.49
747 1.77 0.00 3.28 0.76 0.00 0.00 0.00 0.00 0.00 94.19
748 1.25 0.00 3.75 2.50 0.00 0.50 0.00 0.00 0.00 92.00
749 1.75 0.00 3.76 0.75 0.00 0.00 0.00 0.00 0.00 93.73
750 1.01 0.00 3.29 0.76 0.00 0.00 0.25 0.00 0.00 94.68
751 0.76 0.00 3.31 0.25 0.00 0.00 0.00 0.00 0.00 95.67
752 1.77 0.00 2.53 0.76 0.00 0.00 0.00 0.00 0.00 94.94
753 1.28 0.00 2.81 0.51 0.00 0.00 0.00 0.00 0.00 95.41
754 1.01 0.00 3.79 1.77 0.00 0.00 0.00 0.00 0.00 93.43
755 1.26 0.00 3.78 0.00 0.00 0.00 0.00 0.00 0.00 94.96
756 1.26 0.00 3.79 0.00 0.00 0.00 0.00 0.00 0.00 94.95
757 2.04 0.00 2.29 11.96 0.00 0.00 0.00 0.00 0.00 83.72
758 1.51 0.00 3.78 0.76 0.00 0.00 0.00 0.00 0.00 93.95
759 1.52 0.00 3.54 1.77 0.00 0.00 0.00 0.00 0.00 93.18
760 2.01 0.00 3.01 0.50 0.00 0.25 0.00 0.00 0.00 94.24
761 1.52 0.00 3.54 1.52 0.00 0.00 0.00 0.00 0.00 93.42
762 1.77 0.00 2.03 2.53 0.00 0.00 0.25 0.00 0.00 93.42
763 1.77 0.00 3.28 0.51 0.00 0.00 0.00 0.00 0.00 94.44
764 1.02 0.00 3.07 4.09 0.00 0.00 0.00 0.00 0.00 91.82
765 1.53 0.00 2.80 0.76 0.00 0.00 0.00 0.00 0.00 94.91
766 1.27 0.00 2.79 0.25 0.00 0.25 0.00 0.00 0.00 95.43
767 1.26 0.00 3.79 0.76 0.00 0.00 0.00 0.00 0.00 94.19
768 1.27 0.00 2.79 0.76 0.00 0.00 0.00 0.00 0.00 95.18
769 0.52 0.00 3.89 2.33 0.00 0.00 0.00 0.00 0.00 93.26
770 1.27 0.00 3.29 0.00 0.00 0.00 0.00 0.00 0.00 95.44
771 1.02 0.00 3.05 0.51 0.00 0.00 0.00 0.00 0.00 95.42
772 1.52 0.00 3.04 0.25 0.00 0.00 0.25 0.00 0.00 94.94
773 1.52 0.00 2.54 0.25 0.00 0.00 0.00 0.00 0.00 95.69
774 2.02 0.00 3.03 0.00 0.00 0.00 0.00 0.00 0.00 94.95
775 1.26 0.00 3.54 0.51 0.00 0.00 0.00 0.00 0.00 94.70
776 1.03 0.00 2.56 0.26 0.00 0.00 0.00 0.00 0.00 96.15
777 1.02 0.00 3.30 0.25 0.00 0.00 0.00 0.00 0.00 95.43
778 0.76 0.00 3.54 1.27 0.00 0.00 0.00 0.00 0.00 94.43
779 1.27 0.00 3.29 0.51 0.00 0.00 0.00 0.00 0.00 94.94
780 1.02 0.00 3.31 0.51 0.00 0.00 0.00 0.00 0.00 95.17
781 1.02 0.00 2.30 0.00 0.00 0.00 0.00 0.00 0.00 96.68
782 1.01 0.00 3.54 0.00 0.00 0.00 0.00 0.00 0.00 95.44
783 1.52 0.00 3.04 0.25 0.00 0.00 0.00 0.00 0.00 95.19
784 1.27 0.00 2.80 0.25 0.00 0.00 0.00 0.00 0.00 95.67
785 1.03 0.00 2.56 0.00 0.00 0.00 0.00 0.00 0.00 96.41
786 1.28 0.00 2.81 0.26 0.00 0.00 0.00 0.00 0.00 95.66
787 1.27 0.00 3.29 0.00 0.00 0.00 0.25 0.00 0.00 95.19
788 0.51 0.00 3.59 1.03 0.00 0.00 0.00 0.00 0.00 94.87
789 1.01 0.00 3.29 0.00 0.00 0.00 0.00 0.00 0.00 95.70
790 1.76 0.00 3.27 0.25 0.00 0.00 0.00 0.00 0.00 94.72
791 0.77 0.00 3.06 0.26 0.00 0.00 0.00 0.00 0.00 95.92
792 1.78 0.00 5.08 0.00 0.00 0.00 0.00 0.00 0.00 93.15
793 1.27 0.00 2.54 0.51 0.00 0.00 0.00 0.00 0.00 95.67
794 1.02 0.00 3.06 0.51 0.00 0.00 0.00 0.00 0.00 95.41
795 1.27 0.00 2.78 0.51 0.00 0.51 0.00 0.00 0.00 94.94
796 0.77 0.00 2.56 0.51 0.00 0.00 0.00 0.00 0.00 96.15
797 1.28 0.00 2.30 0.26 0.00 0.00 0.00 0.00 0.00 96.16
798 0.77 0.00 2.82 0.26 0.00 0.00 0.00 0.00 0.00 96.15
799 0.77 0.00 2.81 0.26 0.00 0.00 0.00 0.00 0.00 96.17
800 1.02 0.00 2.55 0.00 0.00 0.00 0.00 0.00 0.00 96.43
801 1.27 0.00 3.05 0.00 0.00 0.00 0.00 0.00 0.00 95.67
802 1.03 0.00 1.79 0.26 0.00 0.00 0.26 0.00 0.00 96.67
803 0.77 0.00 2.06 0.26 0.00 0.00 0.26 0.00 0.00 96.65
804 1.53 0.00 2.80 4.07 0.00 0.00 0.00 0.00 0.00 91.60
805 1.27 0.00 3.30 0.25 0.00 0.25 0.00 0.00 0.00 94.92
806 0.77 0.00 2.56 0.00 0.00 0.00 0.00 0.00 0.00 96.67
807 1.27 0.00 3.05 2.03 0.00 0.00 0.25 0.00 0.00 93.40
808 0.76 0.00 3.31 0.00 0.00 0.25 0.00 0.00 0.00 95.67
809 1.02 0.00 3.06 2.55 0.00 0.00 0.00 0.00 0.00 93.37
810 1.01 0.00 3.54 0.00 0.00 0.00 0.00 0.00 0.00 95.44
811 1.02 0.00 3.55 2.03 0.00 0.00 0.00 0.00 0.00 93.40
812 1.01 0.00 4.27 1.26 0.00 0.00 0.00 0.00 0.00 93.47
813 1.78 0.00 2.80 0.00 0.00 0.00 0.00 0.00 0.00 95.42
814 1.52 0.00 3.28 0.00 0.00 0.00 0.00 0.00 0.00 95.20
815 1.77 0.00 3.04 0.00 0.00 0.00 0.00 0.00 0.00 95.19
816 0.51 0.00 3.05 1.78 0.00 0.00 0.25 0.00 0.00 94.40
817 1.02 0.00 3.05 1.27 0.00 0.00 0.00 0.00 0.00 94.66
818 0.77 0.00 3.57 4.85 0.00 0.00 0.00 0.00 0.00 90.82
819 1.26 0.00 3.28 0.00 0.00 0.00 0.00 0.00 0.00 95.45
820 1.27 0.00 2.80 0.51 0.00 0.00 0.00 0.00 0.00 95.42
821 1.01 0.00 3.29 0.00 0.00 0.25 0.00 0.00 0.00 95.44
822 1.01 0.00 3.53 0.25 0.00 0.25 0.00 0.00 0.00 94.96
823 1.76 0.00 3.53 0.00 0.00 0.00 0.00 0.00 0.00 94.71
824 0.76 0.00 3.31 0.00 0.00 0.00 0.00 0.00 0.00 95.93
825 1.50 0.00 3.51 0.25 0.00 0.25 0.25 0.00 0.00 94.24
826 0.76 0.00 3.80 0.00 0.00 0.00 0.25 0.00 0.00 95.19
827 0.75 0.00 4.02 0.25 0.00 0.00 0.00 0.00 0.00 94.97
828 1.02 0.00 3.05 0.51 0.00 0.00 0.00 0.00 0.00 95.42
829 1.78 0.00 3.05 0.00 0.00 0.00 0.00 0.00 0.00 95.18
830 1.52 0.00 2.79 0.00 0.00 0.00 0.00 0.00 0.00 95.69
831 1.52 0.00 3.80 0.00 0.00 0.00 0.00 0.00 0.00 94.68
832 0.51 0.00 3.56 1.02 0.00 0.25 0.00 0.00 0.00 94.66
833 1.26 0.00 4.28 0.25 0.00 0.00 0.00 0.00 0.00 94.21
834 1.77 0.00 2.78 0.00 0.00 0.00 0.00 0.00 0.00 95.44
835 1.01 0.00 4.05 0.00 0.00 0.00 0.00 0.00 0.00 94.94
836 1.26 0.00 3.53 0.25 0.00 0.00 0.25 0.00 0.00 94.71
837 1.26 0.00 3.54 0.25 0.00 0.00 0.00 0.00 0.00 94.95
838 1.78 0.00 2.28 0.00 0.00 0.00 0.00 0.00 0.00 95.94
839 2.04 0.00 2.54 1.78 0.00 0.00 0.00 0.00 0.00 93.64
840 1.26 0.00 3.79 0.25 0.00 0.00 0.00 0.00 0.00 94.70
841 1.02 0.00 3.05 0.00 0.00 0.00 0.00 0.00 0.00 95.93
842 1.01 0.00 4.04 0.76 0.00 0.00 0.00 0.00 0.00 94.19
843 1.52 0.00 3.54 0.51 0.00 0.00 0.00 0.00 0.00 94.43
844 1.26 0.00 3.78 0.25 0.00 0.00 0.00 0.00 0.00 94.71
845 1.26 0.00 3.79 0.00 0.00 0.00 0.00 0.00 0.00 94.95
846 0.77 0.00 3.07 1.02 0.00 0.00 0.00 0.00 0.00 95.14
847 1.27 0.00 3.05 0.00 0.00 0.00 0.00 0.00 0.00 95.67
848 1.27 0.00 3.80 0.76 0.00 0.00 0.00 0.00 0.00 94.18
849 1.27 0.00 3.04 0.00 0.00 0.00 0.25 0.00 0.00 95.44
850 1.01 0.00 3.54 0.25 0.00 0.00 0.00 0.00 0.00 95.19
851 1.01 0.00 3.80 0.00 0.00 0.00 0.00 0.00 0.00 95.19
852 1.27 0.00 5.09 2.80 0.00 0.00 0.00 0.00 0.00 90.84
853 0.77 0.00 3.58 1.53 0.00 0.00 0.00 0.00 0.00 94.12
854 0.25 0.00 3.82 0.25 0.00 0.00 0.00 0.00 0.00 95.67
855 1.27 0.00 3.05 1.52 0.00 0.00 0.00 0.00 0.00 94.16
856 1.52 0.00 2.78 0.25 0.00 0.25 0.00 0.00 0.00 95.20
857 1.26 0.00 3.03 0.25 0.00 0.25 0.00 0.00 0.00 95.20
858 2.05 0.00 3.85 10.77 0.00 0.00 0.00 0.00 0.00 83.33
859 1.53 0.00 3.05 0.76 0.00 0.00 0.00 0.00 0.00 94.66
860 0.76 0.00 3.54 0.76 0.00 0.00 0.25 0.00 0.00 94.68
861 1.03 0.00 5.90 0.26 0.00 0.00 0.00 0.00 0.00 92.82
862 1.02 0.00 3.55 0.00 0.00 0.00 0.00 0.00 0.00 95.43
863 1.01 0.00 3.54 0.51 0.00 0.00 0.00 0.00 0.00 94.95
864 1.52 0.00 3.55 1.78 0.00 0.00 0.00 0.00 0.00 93.15
865 1.53 0.00 3.32 0.26 0.00 0.00 0.00 0.00 0.00 94.88
866 1.02 0.00 3.05 0.51 0.00 0.00 0.00 0.00 0.00 95.43
867 0.76 0.00 3.31 0.51 0.00 0.25 0.00 0.00 0.00 95.17
868 1.27 0.00 3.05 0.00 0.00 0.00 0.00 0.00 0.00 95.67
869 1.28 0.00 2.81 0.00 0.00 0.00 0.00 0.00 0.00 95.92
870 0.51 0.00 3.55 0.76 0.00 0.00 0.25 0.00 0.00 94.92
871 1.27 0.00 3.05 0.25 0.00 0.00 0.00 0.00 0.00 95.42
872 1.79 0.00 3.06 1.02 0.00 0.00 0.00 0.00 0.00 94.13
873 1.52 0.00 3.03 1.26 0.00 0.25 0.00 0.00 0.00 93.94
874 1.28 0.00 2.81 3.83 0.00 0.00 0.00 0.00 0.00 92.09
875 1.75 0.00 3.76 0.75 0.00 0.00 0.25 0.00 0.00 93.48
876 1.26 0.00 3.53 1.01 0.00 0.00 0.00 0.00 0.00 94.21
877 0.51 0.00 3.32 1.28 0.00 0.00 0.00 0.00 0.00 94.88
878 1.27 0.00 3.54 5.82 0.00 0.00 0.00 0.00 0.00 89.37
879 1.52 0.00 3.05 0.25 0.00 0.25 0.00 0.00 0.00 94.92
880 1.52 0.00 2.79 1.27 0.00 0.00 0.00 0.00 0.00 94.42
881 1.76 0.00 3.78 2.02 0.00 0.00 0.00 0.00 0.00 92.44
882 1.52 0.00 3.79 3.54 0.00 0.00 0.00 0.00 0.00 91.16
883 1.51 0.00 3.02 1.51 0.00 0.00 0.25 0.00 0.00 93.70
884 1.26 0.00 3.53 0.25 0.00 0.00 0.00 0.00 0.00 94.96
885 1.77 0.00 3.54 0.51 0.00 0.00 0.00 0.00 0.00 94.18
886 1.01 0.00 3.29 0.00 0.00 0.00 0.00 0.00 0.00 95.70
887 0.77 0.00 3.07 0.00 0.00 0.00 0.00 0.00 0.00 96.16
888 0.77 0.00 2.56 0.77 0.00 0.00 0.00 0.00 0.00 95.90
889 0.51 0.00 3.57 0.77 0.00 0.00 0.00 0.00 0.00 95.15
890 1.01 0.00 3.54 0.25 0.00 0.00 0.00 0.00 0.00 95.19
891 1.01 0.00 4.04 0.25 0.00 0.00 0.00 0.00 0.00 94.70
892 1.02 0.00 3.30 0.25 0.00 0.00 0.00 0.00 0.00 95.43
893 1.02 0.00 3.81 0.00 0.00 0.00 0.00 0.00 0.00 95.18
894 1.25 0.00 4.01 0.50 0.00 0.00 0.00 0.00 0.00 94.24
895 1.27 0.00 3.05 0.25 0.00 0.00 0.00 0.00 0.00 95.42
896 1.26 0.00 3.77 0.25 0.00 0.00 0.00 0.00 0.00 94.72
897 1.27 0.00 3.30 0.00 0.00 0.00 0.00 0.00 0.00 95.43
898 1.52 0.00 2.78 0.76 0.00 0.00 0.25 0.00 0.00 94.68
899 1.27 0.00 3.30 0.00 0.00 0.00 0.00 0.00 0.00 95.43
900 1.52 0.00 3.28 0.51 0.00 0.00 0.00 0.00 0.00 94.70
901 1.27 0.00 3.05 0.00 0.00 0.00 0.00 0.00 0.00 95.69
902 1.78 0.00 2.79 0.51 0.00 0.00 0.00 0.00 0.00 94.92
903 1.02 0.00 2.81 0.00 0.00 0.00 0.00 0.00 0.00 96.16
904 1.28 0.00 2.81 1.53 0.00 0.26 0.00 0.00 0.00 94.13
905 1.02 0.00 3.06 0.00 0.00 0.00 0.00 0.00 0.00 95.92
906 1.52 0.00 3.04 0.00 0.00 0.00 0.00 0.00 0.00 95.44
907 0.51 0.00 3.32 0.26 0.00 0.00 0.00 0.00 0.00 95.91
908 0.51 0.00 3.08 0.51 0.00 0.00 0.00 0.00 0.00 95.89
909 0.76 0.00 3.30 0.76 0.00 0.00 0.00 0.00 0.00 95.18
910 0.77 0.00 3.32 0.00 0.00 0.00 0.26 0.00 0.00 95.66
911 0.51 0.00 3.81 0.00 0.00 0.00 0.00 0.00 0.00 95.69
912 1.26 0.00 3.79 3.79 0.00 0.00 0.00 0.00 0.00 91.16
913 1.26 0.00 5.81 3.54 0.00 0.00 0.00 0.00 0.00 89.39
914 2.02 0.00 3.02 0.25 0.00 0.00 0.00 0.00 0.00 94.71
915 0.77 0.00 3.57 0.51 0.00 0.00 0.00 0.00 0.00 95.15
916 1.02 0.00 3.05 0.00 0.00 0.00 0.00 0.00 0.00 95.94
917 1.79 0.00 2.30 0.26 0.00 0.26 0.26 0.00 0.00 95.15
918 1.27 0.00 3.04 0.76 0.00 0.00 0.00 0.00 0.00 94.94
919 1.27 0.00 3.30 0.00 0.00 0.00 0.00 0.00 0.00 95.43
920 1.27 0.00 2.29 0.25 0.00 0.00 0.00 0.00 0.00 96.18
921 1.03 0.00 2.56 1.28 0.00 0.00 0.00 0.00 0.00 95.13
922 1.02 0.00 3.31 0.76 0.00 0.00 0.00 0.00 0.00 94.91
923 1.28 0.00 2.31 0.51 0.00 0.00 0.00 0.00 0.00 95.90
924 1.02 0.00 3.05 1.02 0.00 0.00 0.25 0.00 0.00 94.67
925 1.03 0.00 2.31 0.00 0.00 0.26 0.00 0.00 0.00 96.41
926 1.02 0.00 3.05 1.78 0.00 0.00 0.00 0.00 0.00 94.16
927 1.28 0.00 3.32 1.02 0.00 0.00 0.00 0.00 0.00 94.39
928 0.77 0.00 2.81 0.00 0.00 0.00 0.00 0.00 0.00 96.42
929 1.27 0.00 3.29 1.01 0.00 0.25 0.00 0.00 0.00 94.18
930 1.28 0.00 2.81 0.26 0.00 0.00 0.00 0.00 0.00 95.66
931 1.28 0.00 2.55 0.00 0.00 0.00 0.00 0.00 0.00 96.17
932 0.76 0.00 3.30 0.25 0.00 0.25 0.00 0.00 0.00 95.43
933 1.02 0.00 3.30 0.76 0.00 0.25 0.00 0.00 0.00 94.67
934 1.27 0.00 3.04 0.51 0.00 0.00 0.00 0.00 0.00 95.19
935 1.02 0.00 3.55 0.00 0.00 0.00 0.00 0.00 0.00 95.43
936 0.76 0.00 3.31 0.00 0.00 0.00 0.00 0.00 0.00 95.93
937 0.76 0.00 3.79 0.51 0.00 0.00 0.00 0.00 0.00 94.95
938 1.28 0.00 3.06 0.51 0.00 0.00 0.00 0.00 0.00 95.15
939 1.01 0.00 3.54 0.25 0.00 0.00 0.25 0.00 0.00 94.94
940 1.26 0.00 3.78 2.27 0.00 0.00 0.00 0.00 0.00 92.70
941 1.25 0.00 4.26 0.00 0.00 0.00 0.00 0.00 0.00 94.49
942 1.50 0.00 4.26 1.00 0.00 0.00 0.00 0.00 0.00 93.23
943 1.26 0.00 3.77 0.00 0.00 0.25 0.00 0.00 0.00 94.72
944 1.01 0.00 4.52 0.75 0.00 0.00 0.00 0.00 0.00 93.72
945 1.52 0.00 4.04 3.79 0.00 0.00 0.00 0.00 0.00 90.66
946 1.52 0.00 3.54 0.00 0.00 0.00 0.00 0.00 0.00 94.95
947 1.26 0.00 3.54 0.25 0.00 0.00 0.00 0.00 0.00 94.95
948 2.03 0.00 2.53 0.25 0.00 0.25 0.00 0.00 0.00 94.94
949 1.27 0.00 3.05 0.25 0.00 0.00 0.00 0.00 0.00 95.43
950 9.87 0.00 4.00 21.60 0.00 0.00 0.00 0.00 0.00 64.53
951 14.75 0.00 9.12 61.39 0.00 0.00 0.27 0.00 0.00 14.48
952 43.24 0.00 29.12 21.76 0.00 0.00 0.00 0.00 0.00 5.88
953 15.06 0.00 6.75 18.96 0.00 0.00 0.00 0.00 0.00 59.22
954 1.54 0.00 2.56 24.62 0.00 0.00 0.00 0.00 0.00 71.28
955 1.78 0.00 3.31 24.43 0.00 0.00 0.00 0.00 0.00 70.48
956 0.76 0.00 3.31 24.17 0.00 0.00 0.00 0.00 0.00 71.76
957 1.54 0.00 2.56 24.10 0.00 0.00 0.00 0.00 0.00 71.79
958 0.51 0.00 3.07 24.30 0.00 0.00 0.00 0.00 0.00 72.12
959 0.77 0.00 2.82 24.10 0.00 0.00 0.00 0.00 0.00 72.31
960 2.27 0.00 3.78 24.18 0.00 0.00 0.00 0.00 0.00 69.77
961 1.27 0.00 3.80 24.30 0.00 0.25 0.25 0.00 0.00 70.13
962 1.27 0.00 3.54 25.82 0.00 0.00 0.00 0.00 0.00 69.37
963 2.02 0.00 3.27 25.69 0.00 0.00 0.00 0.00 0.00 69.02
964 0.51 0.00 3.58 23.79 0.00 0.00 0.00 0.00 0.00 72.12
965 5.24 0.00 3.93 17.80 0.00 0.00 0.00 0.00 0.00 73.04
966 3.86 0.00 3.60 22.11 0.00 0.00 0.00 0.00 0.00 70.44
967 1.78 0.00 4.33 23.92 0.00 0.00 0.25 0.00 0.00 69.72
968 1.53 0.00 3.32 30.36 0.00 0.26 0.00 0.00 0.00 64.54
969 1.59 0.00 6.10 24.40 0.00 0.00 0.00 0.00 0.00 67.90
970 1.03 0.00 3.59 23.85 0.00 0.00 0.00 0.00 0.00 71.54
971 3.90 0.00 3.90 20.26 0.00 0.00 0.00 0.00 0.00 71.95
972 1.53 0.00 4.86 22.51 0.00 0.00 0.26 0.00 0.00 70.84
973 2.54 0.00 4.82 27.66 0.00 0.00 0.00 0.00 0.00 64.97
974 1.28 0.00 5.10 22.45 0.00 0.00 0.00 0.00 0.00 71.17
975 2.29 0.00 4.33 21.88 0.00 0.00 0.00 0.00 0.00 71.50
976 3.88 0.00 5.94 19.90 0.00 0.00 0.00 0.00 0.00 70.28
977 3.02 0.00 4.27 22.36 0.00 0.25 0.00 0.00 0.00 70.10
978 1.75 0.00 4.25 27.25 0.00 0.00 0.00 0.00 0.00 66.75
979 1.52 0.00 3.54 23.99 0.00 0.00 0.00 0.00 0.00 70.96
980 2.33 0.00 3.88 20.67 0.00 0.00 0.00 0.00 0.00 73.13
981 1.27 0.00 3.54 24.05 0.00 0.00 0.00 0.00 0.00 71.14
982 1.51 0.00 3.27 23.93 0.00 0.25 0.25 0.00 0.00 70.78
983 1.53 0.00 4.07 27.23 0.00 0.00 0.00 0.00 0.00 67.18
984 1.01 0.00 4.04 24.75 0.00 0.00 0.00 0.00 0.00 70.20
985 1.26 0.00 3.53 25.69 0.00 0.00 0.00 0.00 0.00 69.52
986 1.52 0.00 4.05 24.30 0.00 0.25 0.00 0.00 0.00 69.87
987 2.02 0.00 3.53 25.44 0.00 0.00 0.00 0.00 0.00 69.02
988 1.51 0.00 4.02 26.13 0.00 0.00 0.00 0.00 0.00 68.34
989 1.01 0.00 4.29 23.74 0.00 0.00 0.00 0.00 0.00 70.96
990 1.76 0.00 3.78 23.43 0.00 0.00 0.00 0.00 0.00 71.03
991 13.07 0.00 3.73 8.53 0.00 0.00 0.27 0.00 0.00 74.40
992 10.75 0.00 5.37 1.19 0.00 0.00 0.00 0.00 0.00 82.69
993 40.46 0.00 4.56 9.69 0.00 0.00 0.00 0.00 0.00 45.30
994 34.63 0.00 5.54 2.77 0.00 0.00 0.28 0.00 0.00 56.79
995 4.02 0.00 15.82 38.34 0.00 0.00 0.00 0.00 0.00 41.82
996 6.93 0.00 13.87 17.87 0.00 0.00 0.53 0.00 0.00 60.80
997 1.52 0.00 4.29 0.51 0.00 0.00 0.00 0.00 0.00 93.69
998 6.38 0.00 3.57 14.03 0.00 0.00 0.00 0.00 0.00 76.02
999 5.37 0.00 3.84 20.72 0.00 0.26 0.00 0.00 0.00 69.82
1000 1.52 0.00 3.04 4.56 0.00 0.00 0.00 0.00 0.00 90.89
1001 1.02 0.00 2.80 0.76 0.00 0.00 0.00 0.00 0.00 95.42
1002 2.03 0.00 2.03 1.52 0.00 0.00 0.25 0.00 0.00 94.16
1003 2.03 0.00 2.28 0.25 0.00 0.00 0.00 0.00 0.00 95.43
1004 1.27 0.00 2.80 0.25 0.00 0.00 0.00 0.00 0.00 95.67
1005 1.52 0.00 2.79 0.51 0.00 0.00 0.00 0.00 0.00 95.18
1006 0.76 0.00 3.81 0.51 0.00 0.00 0.00 0.00 0.00 94.92
1007 1.02 0.00 3.06 0.26 0.00 0.00 0.00 0.00 0.00 95.66
1008 1.03 0.00 2.82 1.28 0.00 0.00 0.26 0.00 0.00 94.62
1009 1.53 0.00 3.32 1.02 0.00 0.00 0.00 0.00 0.00 94.12
1010 5.29 0.00 3.97 0.00 0.00 0.00 0.00 0.00 0.00 90.74
1011 0.77 0.00 3.07 3.07 0.00 0.00 0.00 0.00 0.00 93.09
1012 1.78 0.00 2.54 0.76 0.00 0.00 0.00 0.00 0.00 94.91
1013 4.05 0.00 2.43 0.00 0.00 0.00 0.00 0.00 0.00 93.51
1014 1.27 0.00 2.80 0.51 0.00 0.00 0.25 0.00 0.00 95.17
1015 1.52 0.00 3.04 0.25 0.00 0.00 0.00 0.00 0.00 95.19
1016 0.77 0.00 2.58 2.06 0.00 0.26 0.00 0.00 0.00 94.33
1017 1.02 0.00 3.57 0.51 0.00 0.00 0.00 0.00 0.00 94.90
1018 1.02 0.00 3.55 0.51 0.00 0.00 0.00 0.00 0.00 94.92
1019 1.27 0.00 3.29 0.00 0.00 0.00 0.00 0.00 0.00 95.44
1020 1.02 0.00 3.30 0.25 0.00 0.00 0.00 0.00 0.00 95.43
1021 1.26 0.00 3.53 0.25 0.00 0.00 0.00 0.00 0.00 94.96
1022 1.76 0.00 3.78 0.50 0.00 0.00 0.00 0.00 0.00 93.95
1023 1.52 0.00 3.03 0.51 0.00 0.00 0.00 0.00 0.00 94.95
1024 32.97 0.00 3.30 13.19 0.00 0.00 0.00 0.00 0.00 50.55
1025 92.06 0.00 3.81 2.22 0.00 0.32 0.32 0.00 0.00 1.27
1026 51.09 0.00 3.43 1.25 0.00 0.00 0.31 0.00 0.00 43.93
1027 15.62 0.00 3.84 0.55 0.00 0.00 0.00 0.00 0.00 80.00
1028 1.29 0.00 2.57 0.77 0.00 0.00 0.00 0.00 0.00 95.37
1029 0.77 0.00 3.32 0.51 0.00 0.00 0.00 0.00 0.00 95.41
1030 1.28 0.00 2.82 2.56 0.00 0.00 0.00 0.00 0.00 93.33
1031 1.52 0.00 3.29 0.25 0.00 0.00 0.25 0.00 0.00 94.68
1032 2.03 0.00 3.29 0.76 0.00 0.00 0.00 0.00 0.00 93.92
1033 1.02 0.00 3.81 18.27 0.00 0.25 0.00 0.00 0.00 76.65
1034 0.77 0.00 3.32 25.51 0.00 0.00 0.00 0.00 0.00 70.41
1035 1.53 0.00 3.58 30.95 0.00 0.00 0.00 0.00 0.00 63.94
1036 1.03 0.00 4.13 12.40 0.00 0.00 0.00 0.00 0.00 82.43
1037 1.28 0.00 3.06 1.02 0.00 0.00 0.00 0.00 0.00 94.64
1038 1.75 0.00 4.01 4.01 0.00 0.00 0.00 0.00 0.00 90.23
1039 1.76 0.00 3.53 6.55 0.00 0.00 0.25 0.00 0.00 87.91
1040 1.76 0.00 3.27 0.75 0.00 0.00 0.00 0.00 0.00 94.22
1041 2.03 0.00 3.29 0.76 0.00 0.00 0.00 0.00 0.00 93.92
1042 1.75 0.00 3.75 0.50 0.00 0.00 0.00 0.00 0.00 94.00
1043 1.26 0.00 3.54 0.25 0.00 0.00 0.00 0.00 0.00 94.95
1044 1.26 0.00 4.27 0.00 0.00 0.00 0.00 0.00 0.00 94.47
1045 1.49 0.00 4.71 0.25 0.00 0.25 0.00 0.00 0.00 93.30
1046 0.76 0.00 4.05 0.25 0.00 0.00 0.00 0.00 0.00 94.94
1047 1.76 0.00 4.53 0.25 0.00 0.00 0.00 0.00 0.00 93.45
1048 1.01 0.00 3.54 0.51 0.00 0.25 0.25 0.00 0.00 94.44
1049 1.01 0.00 3.80 0.51 0.00 0.00 0.00 0.00 0.00 94.68
1050 1.26 0.00 4.27 0.25 0.00 0.00 0.00 0.00 0.00 94.22
1051 1.27 0.00 3.29 0.00 0.00 0.00 0.00 0.00 0.00 95.44
1052 1.52 0.00 3.28 0.51 0.00 0.00 0.00 0.00 0.00 94.70
1053 1.76 0.00 3.27 0.00 0.00 0.00 0.00 0.00 0.00 94.96
1054 1.02 0.00 3.81 2.28 0.00 0.00 0.00 0.00 0.00 92.89
1055 0.76 0.00 3.80 0.25 0.00 0.00 0.25 0.00 0.00 94.94
1056 1.26 0.00 3.79 0.00 0.00 0.00 0.00 0.00 0.00 94.95
1057 0.51 0.00 3.84 0.77 0.00 0.00 0.00 0.00 0.00 94.88
1058 1.28 0.00 3.07 0.77 0.00 0.00 0.00 0.00 0.00 94.88
1059 0.76 0.00 3.31 0.25 0.00 0.00 0.00 0.00 0.00 95.67
1060 1.27 0.00 3.29 0.25 0.00 0.25 0.00 0.00 0.00 94.94
1061 1.52 0.00 3.54 0.25 0.00 0.00 0.00 0.00 0.00 94.70
1062 1.01 0.00 3.54 0.76 0.00 0.00 0.00 0.00 0.00 94.68
1063 0.76 0.00 3.56 0.00 0.00 0.00 0.00 0.00 0.00 95.67
1064 1.02 0.00 2.80 0.25 0.00 0.00 0.00 0.00 0.00 95.93
1065 1.76 0.00 3.52 0.25 0.00 0.25 0.00 0.00 0.00 94.22
1066 1.27 0.00 3.29 0.25 0.00 0.00 0.00 0.00 0.00 95.19
1067 1.28 0.00 3.07 1.53 0.00 0.00 0.00 0.00 0.00 94.12
1068 1.52 0.00 3.05 0.76 0.00 0.00 0.00 0.00 0.00 94.67
1069 1.52 0.00 3.28 0.51 0.00 0.00 0.25 0.00 0.00 94.44
1070 0.76 0.00 4.04 0.00 0.00 0.00 0.00 0.00 0.00 95.20
1071 1.01 0.00 3.54 0.51 0.00 0.00 0.00 0.00 0.00 94.94
1072 1.01 0.00 3.54 0.25 0.00 0.00 0.00 0.00 0.00 95.19
1073 1.26 0.00 3.54 0.25 0.00 0.00 0.00 0.00 0.00 94.95
1074 1.52 0.00 3.29 3.04 0.00 0.00 0.00 0.00 0.00 92.15
1075 0.76 0.00 3.56 0.25 0.00 0.00 0.00 0.00 0.00 95.42
1076 1.02 0.00 3.55 0.00 0.00 0.00 0.00 0.00 0.00 95.43
1077 1.53 0.00 2.81 1.02 0.00 0.00 0.26 0.00 0.00 94.39
1078 1.52 0.00 2.79 0.25 0.00 0.00 0.00 0.00 0.00 95.43
1079 0.77 0.00 2.83 0.51 0.00 0.00 0.00 0.00 0.00 95.89
1080 1.02 0.00 2.81 3.07 0.00 0.00 0.00 0.00 0.00 93.09
1081 0.51 0.00 3.08 0.00 0.00 0.00 0.00 0.00 0.00 96.41
1082 1.02 0.00 3.31 0.51 0.00 0.00 0.00 0.00 0.00 95.17
1083 0.77 0.00 2.81 0.26 0.00 0.00 0.00 0.00 0.00 96.16
1084 0.77 0.00 2.56 0.26 0.00 0.00 0.00 0.00 0.00 96.42
1085 0.77 0.00 2.58 0.00 0.00 0.00 0.00 0.00 0.00 96.65
1086 1.53 0.00 2.05 0.51 0.00 0.00 0.00 0.00 0.00 95.91
1087 1.03 0.00 2.56 0.00 0.00 0.00 0.26 0.00 0.00 96.15
1088 1.02 0.00 3.32 0.51 0.00 0.51 0.00 0.00 0.00 94.64
1089 1.78 0.00 2.79 0.25 0.00 0.00 0.00 0.00 0.00 95.18
1090 0.51 0.00 2.57 0.00 0.00 0.00 0.00 0.00 0.00 96.92
1091 1.28 0.00 3.07 0.26 0.00 0.00 0.00 0.00 0.00 95.40
1092 0.77 0.00 2.58 0.26 0.00 0.00 0.00 0.00 0.00 96.39
1093 1.55 0.00 2.59 0.26 0.00 0.00 0.00 0.00 0.00 95.60
1094 0.26 0.00 2.07 0.00 0.00 0.00 0.00 0.00 0.00 97.67
1095 1.31 0.00 2.09 8.36 0.00 0.00 0.00 0.00 0.00 88.25
1096 1.03 0.00 1.79 1.03 0.00 0.00 0.26 0.00 0.00 95.90
1097 1.03 0.00 2.57 1.03 0.00 0.00 0.00 0.00 0.00 95.37
1098 0.77 0.00 3.06 5.61 0.00 0.00 0.00 0.00 0.00 90.56
1099 1.28 0.00 2.05 7.18 0.00 0.00 0.00 0.00 0.00 89.49
1100 1.02 0.00 2.54 0.00 0.00 0.25 0.00 0.00 0.00 96.18
1101 0.77 0.00 2.81 1.28 0.00 0.00 0.00 0.00 0.00 95.15
1102 0.77 0.00 2.56 1.03 0.00 0.00 0.00 0.00 0.00 95.64
1103 1.02 0.00 2.56 0.26 0.00 0.00 0.00 0.00 0.00 96.16
1104 1.02 0.00 3.05 1.02 0.00 0.25 0.00 0.00 0.00 94.67
1105 1.02 0.00 3.05 0.25 0.00 0.25 0.00 0.00 0.00 95.42
1106 1.51 0.00 3.52 0.00 0.00 0.00 0.00 0.00 0.00 94.97
1107 1.02 0.00 3.82 0.25 0.00 0.00 0.00 0.00 0.00 94.91
1108 1.01 0.00 3.54 0.00 0.00 0.00 0.00 0.00 0.00 95.44
1109 2.00 0.00 3.99 0.00 0.00 0.00 0.25 0.00 0.00 93.77
1110 1.75 0.00 4.25 0.25 0.00 0.00 0.00 0.00 0.00 93.75
1111 1.51 0.00 4.02 0.25 0.00 0.00 0.00 0.00 0.00 94.22
1112 2.01 0.00 3.52 0.25 0.00 0.00 0.00 0.00 0.00 94.22
1113 1.01 0.00 7.09 0.25 0.00 0.25 0.00 0.00 0.00 91.39
1114 0.76 0.00 4.04 0.25 0.00 0.00 0.00 0.00 0.00 94.95
1115 1.01 0.00 4.27 0.00 0.00 0.00 0.00 0.00 0.00 94.72
1116 1.00 0.00 4.50 0.25 0.00 0.00 0.25 0.00 0.00 94.00
1117 2.25 0.00 3.75 0.25 0.00 0.00 0.00 0.00 0.00 93.75
1118 1.26 0.00 4.28 1.26 0.00 0.00 0.00 0.00 0.00 93.20
1119 1.01 0.00 3.54 0.25 0.00 0.00 0.00 0.00 0.00 95.19
1120 1.26 0.00 3.53 0.00 0.00 0.00 0.00 0.00 0.00 95.21
1121 1.26 0.00 4.27 1.76 0.00 0.00 0.00 0.00 0.00 92.71
1122 1.27 0.00 4.05 13.16 0.00 0.00 0.00 0.00 0.00 81.52
1123 1.75 0.00 3.75 0.00 0.00 0.00 0.00 0.00 0.00 94.50
1124 1.25 0.00 4.74 0.25 0.00 0.00 0.00 0.00 0.00 93.77
1125 1.01 0.00 4.05 0.51 0.00 0.00 0.00 0.00 0.00 94.43
1126 1.02 0.00 3.30 0.00 0.00 0.00 0.00 0.00 0.00 95.69
1127 1.28 0.00 3.32 0.51 0.00 0.00 0.00 0.00 0.00 94.90
1128 1.77 0.00 3.54 0.51 0.00 0.00 0.00 0.00 0.00 94.18
1129 1.51 0.00 4.03 2.52 0.00 0.00 0.00 0.00 0.00 91.94
1130 1.01 0.00 4.27 0.00 0.00 0.00 0.00 0.00 0.00 94.72
1131 1.27 0.00 3.31 0.00 0.00 0.00 0.25 0.00 0.00 95.17
1132 1.02 0.00 3.31 0.51 0.00 0.25 0.00 0.00 0.00 94.91
1133 1.02 0.00 3.30 0.00 0.00 0.00 0.00 0.00 0.00 95.69
1134 0.75 0.00 4.02 5.53 0.00 0.25 0.25 0.00 0.00 89.20
1135 1.28 0.00 3.06 2.30 0.00 0.00 0.00 0.00 0.00 93.37
1136 1.27 0.00 3.54 3.29 0.00 0.00 0.00 0.00 0.00 91.90
1137 1.25 0.00 4.26 0.50 0.00 0.00 0.00 0.00 0.00 93.98
1138 1.02 0.00 3.55 0.00 0.00 0.00 0.00 0.00 0.00 95.43
1139 2.01 0.00 3.76 0.25 0.00 0.00 0.00 0.00 0.00 93.98
1140 1.78 0.00 3.55 1.78 0.00 0.00 0.00 0.00 0.00 92.89
1141 0.76 0.00 4.28 1.01 0.00 0.00 0.00 0.00 0.00 93.95
1142 1.26 0.00 3.77 1.26 0.00 0.00 0.00 0.00 0.00 93.72
1143 1.02 0.00 2.81 0.00 0.00 0.00 0.00 0.00 0.00 96.16
1144 0.76 0.00 3.05 0.51 0.00 0.00 0.25 0.00 0.00 95.42
1145 0.51 0.00 2.82 0.51 0.00 0.00 0.00 0.00 0.00 96.15
1146 1.28 0.00 2.81 0.26 0.00 0.00 0.00 0.00 0.00 95.65
1147 0.26 0.00 3.08 0.00 0.00 0.00 0.00 0.00 0.00 96.66
1148 1.55 0.00 1.81 8.27 0.00 0.00 0.00 0.00 0.00 88.37
1149 1.30 0.00 1.30 1.82 0.00 0.00 0.00 0.00 0.00 95.57
1150 1.03 0.00 1.80 0.00 0.00 0.00 0.26 0.00 0.00 96.91
1151 0.51 0.00 2.06 0.51 0.00 0.26 0.00 0.00 0.00 96.66
1152 0.77 0.00 2.06 0.26 0.00 0.00 0.00 0.00 0.00 96.91
1153 0.52 0.00 4.12 0.52 0.00 0.00 0.00 0.00 0.00 94.85
1154 0.77 0.00 2.82 0.26 0.00 0.00 0.00 0.00 0.00 96.15
1155 0.77 0.00 2.32 3.61 0.00 0.00 0.00 0.00 0.00 93.30
1156 0.26 0.00 2.82 0.00 0.00 0.00 0.00 0.00 0.00 96.92
1157 1.28 0.00 2.56 0.51 0.00 0.00 0.26 0.00 0.00 95.38
1158 1.02 0.00 2.30 0.51 0.00 0.00 0.00 0.00 0.00 96.16
1159 1.54 0.00 1.79 0.00 0.00 0.00 0.00 0.00 0.00 96.67
1160 1.53 0.00 3.06 3.83 0.00 0.00 0.00 0.00 0.00 91.58
1161 1.03 0.00 2.57 0.00 0.00 0.00 0.00 0.00 0.00 96.40
1162 1.29 0.00 2.32 0.26 0.00 0.00 0.00 0.00 0.00 96.13
1163 1.52 0.00 3.04 0.25 0.00 0.00 0.00 0.00 0.00 95.19
1164 1.26 0.00 3.03 0.25 0.00 0.25 0.00 0.00 0.00 95.20
1165 1.53 0.00 2.81 0.00 0.00 0.00 0.00 0.00 0.00 95.66
1166 0.77 0.00 3.06 0.00 0.00 0.00 0.00 0.00 0.00 96.17
1167 1.01 0.00 3.29 0.25 0.00 0.00 0.00 0.00 0.00 95.44
1168 1.27 0.00 3.30 0.51 0.00 0.00 0.25 0.00 0.00 94.67
1169 1.02 0.00 3.31 0.00 0.00 0.00 0.00 0.00 0.00 95.67
1170 1.02 0.00 3.05 0.25 0.00 0.00 0.00 0.00 0.00 95.69
1171 1.51 0.00 3.77 0.00 0.00 0.00 0.00 0.00 0.00 94.72
1172 1.02 0.00 3.30 0.25 0.00 0.00 0.00 0.00 0.00 95.43
1173 1.27 0.00 3.54 0.76 0.00 0.00 0.00 0.00 0.00 94.43
1174 1.25 0.00 4.51 0.00 0.00 0.00 0.00 0.00 0.00 94.24
1175 1.76 0.00 5.03 4.77 0.00 0.00 0.00 0.00 0.00 88.44
1176 1.25 0.00 4.26 0.50 0.00 0.00 0.00 0.00 0.00 93.98
1177 1.01 0.00 3.54 1.01 0.00 0.00 0.25 0.00 0.00 94.19
1178 0.76 0.00 3.81 0.25 0.00 0.00 0.00 0.00 0.00 95.18
1179 2.02 0.00 3.79 0.76 0.00 0.00 0.00 0.00 0.00 93.43
1180 1.01 0.00 3.54 0.00 0.00 0.00 0.00 0.00 0.00 95.44
1181 1.01 0.00 3.79 0.00 0.00 0.00 0.00 0.00 0.00 95.20
1182 1.75 0.00 4.51 0.50 0.00 0.00 0.00 0.00 0.00 93.23
1183 1.26 0.00 3.53 0.25 0.00 0.00 0.00 0.00 0.00 94.96
1184 1.27 0.00 3.54 0.51 0.00 0.25 0.00 0.00 0.00 94.43
1185 1.50 0.00 4.49 2.99 0.00 0.00 0.00 0.00 0.00 91.02
1186 2.00 0.00 3.74 0.25 0.00 0.25 0.00 0.00 0.00 93.77
1187 1.51 0.00 3.77 1.76 0.00 0.00 0.00 0.00 0.00 92.96
1188 1.00 0.00 4.26 0.50 0.00 0.00 0.00 0.00 0.00 94.24
1189 1.75 0.00 3.51 0.50 0.00 0.00 0.00 0.00 0.00 94.24
1190 2.26 0.00 4.26 3.76 0.00 0.00 0.25 0.00 0.00 89.47
1191 1.27 0.00 3.29 1.27 0.00 0.00 0.00 0.00 0.00 94.18
1192 1.28 0.00 3.07 3.84 0.00 0.00 0.00 0.00 0.00 91.82
1193 0.51 0.00 3.32 0.00 0.00 0.00 0.00 0.00 0.00 96.16
1194 1.52 0.00 3.28 1.52 0.00 0.00 0.00 0.00 0.00 93.69
1195 1.52 0.00 3.29 2.53 0.00 0.00 0.00 0.00 0.00 92.66
1196 0.51 0.00 4.05 0.00 0.00 0.00 0.00 0.00 0.00 95.44
1197 1.27 0.00 3.30 6.09 0.00 0.00 0.00 0.00 0.00 89.34
1198 1.52 0.00 3.29 1.27 0.00 0.25 0.00 0.00 0.00 93.67
1199 1.02 0.00 3.30 0.25 0.00 0.00 0.00 0.00 0.00 95.43
1200 1.77 0.00 3.29 0.00 0.00 0.00 0.00 0.00 0.00 94.94
1201 1.27 0.00 3.29 0.25 0.00 0.00 0.00 0.00 0.00 95.19
1202 0.77 0.00 3.07 0.26 0.00 0.00 0.00 0.00 0.00 95.91
1203 1.52 0.00 2.79 0.00 0.00 0.00 0.00 0.00 0.00 95.69
1204 0.77 0.00 2.82 0.00 0.00 0.00 0.26 0.00 0.00 96.15
1205 1.27 0.00 2.54 0.25 0.00 0.00 0.00 0.00 0.00 95.93
1206 1.28 0.00 2.55 0.00 0.00 0.00 0.00 0.00 0.00 96.17
1207 1.78 0.00 2.79 0.51 0.00 0.00 0.00 0.00 0.00 94.92
1208 1.27 0.00 2.80 0.00 0.00 0.00 0.00 0.00 0.00 95.93
1209 0.77 0.00 3.32 0.77 0.00 0.00 0.26 0.00 0.00 94.90
1210 1.52 0.00 4.29 2.53 0.00 0.00 0.00 0.00 0.00 91.67
1211 1.01 0.00 3.80 0.00 0.00 0.00 0.00 0.00 0.00 95.19
1212 1.79 0.00 4.09 0.51 0.00 0.00 0.00 0.00 0.00 93.61
1213 1.52 0.00 3.04 0.25 0.00 0.00 0.00 0.00 0.00 95.19
1214 1.01 0.00 3.54 0.00 0.00 0.25 0.00 0.00 0.00 95.20
1215 1.03 0.00 2.56 1.79 0.00 0.00 0.00 0.00 0.00 94.62
1216 1.02 0.00 3.30 0.51 0.00 0.00 0.00 0.00 0.00 95.18
1217 1.29 0.00 1.80 0.26 0.00 0.00 0.26 0.00 0.00 96.40
1218 0.77 0.00 2.57 0.00 0.00 0.00 0.00 0.00 0.00 96.66
1219 1.27 0.00 3.05 0.25 0.00 0.00 0.00 0.00 0.00 95.42
1220 1.02 0.00 2.56 0.00 0.00 0.00 0.00 0.00 0.00 96.42
1221 1.28 0.00 2.56 0.00 0.00 0.00 0.00 0.00 0.00 96.16
1222 1.29 0.00 2.31 0.00 0.00 0.00 0.00 0.00 0.00 96.40
1223 1.03 0.00 2.56 0.00 0.00 0.00 0.00 0.00 0.00 96.41
1224 1.02 0.00 2.56 0.00 0.00 0.00 0.00 0.00 0.00 96.42
1225 1.02 0.00 3.07 6.91 0.00 0.00 0.00 0.00 0.00 89.00
1226 0.76 0.00 3.31 2.29 0.00 0.00 0.25 0.00 0.00 93.38
1227 1.52 0.00 3.28 0.51 0.00 0.00 0.00 0.00 0.00 94.70
1228 2.83 0.00 3.60 2.06 0.00 0.00 0.00 0.00 0.00 91.52
1229 1.02 0.00 3.31 0.00 0.00 0.00 0.00 0.00 0.00 95.67
1230 1.28 0.00 3.06 0.51 0.00 0.00 0.00 0.00 0.00 95.15
1231 1.27 0.00 2.54 1.02 0.00 0.25 0.00 0.00 0.00 94.92
1232 1.02 0.00 2.81 0.26 0.00 0.00 0.00 0.00 0.00 95.92
1233 1.03 0.00 2.06 1.80 0.00 0.00 0.00 0.00 0.00 95.10
1234 1.02 0.00 3.05 0.25 0.00 0.00 0.00 0.00 0.00 95.67
1235 0.51 0.00 3.82 3.82 0.00 0.00 0.00 0.00 0.00 91.86
1236 1.02 0.00 3.05 0.51 0.00 0.00 0.25 0.00 0.00 95.17
1237 1.27 0.00 3.05 0.76 0.00 0.00 0.00 0.00 0.00 94.92
1238 1.79 0.00 2.81 1.02 0.00 0.00 0.00 0.00 0.00 94.39
1239 1.01 0.00 3.54 0.00 0.00 0.00 0.00 0.00 0.00 95.44
1240 1.27 0.00 3.04 0.25 0.00 0.00 0.25 0.00 0.00 95.19
1241 1.52 0.00 3.29 0.00 0.00 0.00 0.00 0.00 0.00 95.19
1242 1.01 0.00 4.04 0.51 0.00 0.00 0.00 0.00 0.00 94.44
1243 0.76 0.00 3.54 0.00 0.00 0.00 0.00 0.00 0.00 95.70
1244 1.27 0.00 2.54 0.00 0.00 0.00 0.00 0.00 0.00 96.18
1245 1.76 0.00 3.02 0.25 0.00 0.00 0.00 0.00 0.00 94.96
1246 1.52 0.00 3.54 0.25 0.00 0.00 0.00 0.00 0.00 94.70
1247 1.52 0.00 3.54 0.51 0.00 0.25 0.00 0.00 0.00 94.19
1248 1.52 0.00 2.79 0.51 0.00 0.00 0.00 0.00 0.00 95.18
1249 1.01 0.00 3.79 0.00 0.00 0.00 0.00 0.00 0.00 95.20
1250 1.52 0.00 3.28 0.25 0.00 0.00 0.25 0.00 0.00 94.70
1251 1.76 0.00 3.52 0.25 0.00 0.00 0.00 0.00 0.00 94.47
1252 1.53 0.00 3.05 0.00 0.00 0.00 0.00 0.00 0.00 95.42
1253 1.75 0.00 3.74 0.00 0.00 0.25 0.00 0.00 0.00 94.26
1254 0.75 0.00 4.75 0.00 0.00 0.00 0.00 0.00 0.00 94.50
1255 1.49 0.00 4.48 0.25 0.00 0.00 0.00 0.00 0.00 93.78
1256 1.50 0.00 4.49 0.00 0.00 0.00 0.00 0.00 0.00 94.01
1257 1.01 0.00 4.27 0.25 0.00 0.25 0.00 0.00 0.00 94.22
1258 1.25 0.00 4.25 0.00 0.00 0.00 0.00 0.00 0.00 94.50
1259 1.50 0.00 3.76 0.00 0.00 0.00 0.25 0.00 0.00 94.49
1260 1.26 0.00 3.54 1.77 0.00 0.00 0.00 0.00 0.00 93.43
1261 1.27 0.00 3.29 0.25 0.00 0.25 0.00 0.00 0.00 94.94
1262 1.52 0.00 3.03 0.51 0.00 0.00 0.00 0.00 0.00 94.95
1263 1.52 0.00 3.54 0.51 0.00 0.00 0.00 0.00 0.00 94.44
1264 0.76 0.00 3.79 0.00 0.00 0.00 0.00 0.00 0.00 95.45
1265 0.77 0.00 3.32 0.00 0.00 0.00 0.00 0.00 0.00 95.92
1266 1.02 0.00 3.55 2.54 0.00 0.00 0.00 0.00 0.00 92.89
1267 1.01 0.00 3.79 0.25 0.00 0.00 0.00 0.00 0.00 94.95
1268 1.02 0.00 3.32 1.02 0.00 0.00 0.26 0.00 0.00 94.39
1269 1.02 0.00 3.82 0.25 0.00 0.00 0.00 0.00 0.00 94.91
1270 1.53 0.00 3.05 0.00 0.00 0.00 0.00 0.00 0.00 95.42
1271 1.52 0.00 4.56 4.56 0.00 0.00 0.00 0.00 0.00 89.37
1272 1.03 0.00 4.36 0.51 0.00 0.00 0.00 0.00 0.00 94.10
1273 1.27 0.00 3.54 0.00 0.00 0.00 0.25 0.00 0.00 94.94
1274 0.76 0.00 3.30 0.25 0.00 0.00 0.00 0.00 0.00 95.69
1275 1.28 0.00 2.30 0.26 0.00 0.00 0.00 0.00 0.00 96.16
1276 6.17 0.00 5.66 0.00 0.00 0.00 0.00 0.00 0.00 88.17
1277 1.03 0.00 2.05 0.26 0.00 0.00 0.00 0.00 0.00 96.67
1278 0.51 0.00 3.56 0.25 0.00 0.00 0.00 0.00 0.00 95.67
1279 1.52 0.00 3.28 0.25 0.00 0.25 0.00 0.00 0.00 94.70
1280 1.28 0.00 2.55 0.00 0.00 0.00 0.00 0.00 0.00 96.17
1281 1.01 0.00 3.54 0.00 0.00 0.00 0.00 0.00 0.00 95.44
1282 1.28 0.00 2.81 0.00 0.00 0.00 0.00 0.00 0.00 95.91
1283 0.77 0.00 3.32 0.00 0.00 0.00 0.00 0.00 0.00 95.92
1284 0.51 0.00 3.55 0.00 0.00 0.00 0.00 0.00 0.00 95.94
1285 1.02 0.00 2.81 0.51 0.00 0.00 0.26 0.00 0.00 95.41
1286 1.02 0.00 2.81 3.06 0.00 0.26 0.00 0.00 0.00 92.86
1287 0.51 0.00 3.32 0.77 0.00 0.00 0.00 0.00 0.00 95.40
1288 1.26 0.00 3.78 0.25 0.00 0.00 0.00 0.00 0.00 94.71
1289 1.52 0.00 3.05 0.00 0.00 0.25 0.00 0.00 0.00 95.18
1290 1.25 0.00 3.76 0.00 0.00 0.25 0.25 0.00 0.00 94.49
1291 1.54 0.00 3.08 3.33 0.00 0.00 0.00 0.00 0.00 92.05
1292 1.51 0.00 3.78 0.50 0.00 0.00 0.00 0.00 0.00 94.21
1293 1.27 0.00 3.05 0.51 0.00 0.00 0.00 0.00 0.00 95.17
1294 1.52 0.00 3.79 0.76 0.00 0.00 0.00 0.00 0.00 93.94
1295 1.02 0.00 3.05 0.00 0.00 0.25 0.00 0.00 0.00 95.67
1296 1.01 0.00 3.29 0.00 0.00 0.00 0.00 0.00 0.00 95.70
1297 1.53 0.00 2.55 23.21 0.00 0.00 0.26 0.00 0.00 72.45
1298 0.76 0.00 3.82 23.92 0.00 0.00 0.00 0.00 0.00 71.50
1299 1.03 0.00 3.33 23.59 0.00 0.00 0.00 0.00 0.00 72.05
1300 1.27 0.00 3.55 23.35 0.00 0.00 0.00 0.00 0.00 71.83
1301 1.02 0.00 3.55 23.86 0.00 0.00 0.00 0.00 0.00 71.57
1302 0.76 0.00 4.05 23.29 0.00 0.25 0.00 0.00 0.00 71.65
1303 1.02 0.00 3.57 23.21 0.00 0.00 0.00 0.00 0.00 72.19
1304 2.27 0.00 5.79 20.91 0.00 0.00 0.25 0.00 0.00 70.78
1305 1.53 0.00 3.56 9.92 0.00 0.00 0.00 0.00 0.00 84.99
1306 1.52 0.00 3.30 2.28 0.00 0.00 0.00 0.00 0.00 92.89
1307 1.27 0.00 3.30 0.51 0.00 0.00 0.00 0.00 0.00 94.92
1308 0.76 0.00 3.56 0.51 0.00 0.00 0.00 0.00 0.00 95.17
1309 0.76 0.00 3.81 0.25 0.00 0.00 0.00 0.00 0.00 95.18
1310 1.26 0.00 4.02 0.00 0.00 0.00 0.00 0.00 0.00 94.72
1311 0.76 0.00 4.55 0.25 0.00 0.00 0.00 0.00 0.00 94.44
1312 1.51 0.00 3.27 0.25 0.00 0.25 0.25 0.00 0.00 94.47
1313 1.77 0.00 2.78 0.25 0.00 0.00 0.00 0.00 0.00 95.19
1314 1.02 0.00 3.05 0.00 0.00 0.00 0.00 0.00 0.00 95.93
1315 1.02 0.00 3.06 0.26 0.00 0.00 0.00 0.00 0.00 95.66
1316 0.77 0.00 3.06 0.00 0.00 0.00 0.00 0.00 0.00 96.17
1317 2.03 0.00 2.78 0.25 0.00 0.25 0.00 0.00 0.00 94.68
1318 0.77 0.00 3.32 0.00 0.00 0.00 0.00 0.00 0.00 95.92
1319 1.53 0.00 2.81 0.00 0.00 0.00 0.00 0.00 0.00 95.66
1320 1.27 0.00 2.80 0.00 0.00 0.00 0.00 0.00 0.00 95.93
1321 1.28 0.00 2.56 2.05 0.00 0.00 0.00 0.00 0.00 94.10
1322 1.27 0.00 4.05 0.51 0.00 0.00 0.25 0.00 0.00 93.92
1323 1.51 0.00 3.78 0.00 0.00 0.25 0.00 0.00 0.00 94.46
1324 2.00 0.00 3.50 0.25 0.00 0.00 0.00 0.00 0.00 94.25
1325 1.01 0.00 3.78 1.26 0.00 0.00 0.25 0.00 0.00 93.70
1326 2.02 0.00 3.27 0.50 0.00 0.00 0.00 0.00 0.00 94.21
1327 1.26 0.00 3.78 0.25 0.00 0.00 0.00 0.00 0.00 94.71
1328 1.01 0.00 3.80 0.51 0.00 0.25 0.00 0.00 0.00 94.43
1329 0.76 0.00 4.53 0.00 0.00 0.00 0.00 0.00 0.00 94.71
1330 1.01 0.00 4.04 0.25 0.00 0.00 0.00 0.00 0.00 94.70
1331 1.52 0.00 3.28 0.00 0.00 0.00 0.00 0.00 0.00 95.20
1332 1.27 0.00 4.05 3.54 0.00 0.00 0.00 0.00 0.00 91.14
1333 1.76 0.00 4.52 0.00 0.00 0.00 0.00 0.00 0.00 93.72
1334 1.02 0.00 3.05 0.00 0.00 0.00 0.00 0.00 0.00 95.93
1335 1.26 0.00 3.53 0.25 0.00 0.00 0.00 0.00 0.00 94.96
1336 0.77 0.00 3.08 1.80 0.00 0.00 0.00 0.00 0.00 94.34
1337 1.27 0.00 3.05 0.51 0.00 0.00 0.00 0.00 0.00 95.18
1338 1.28 0.00 3.07 0.51 0.00 0.00 0.00 0.00 0.00 95.14
1339 1.52 0.00 3.04 0.00 0.00 0.00 0.00 0.00 0.00 95.44
1340 1.01 0.00 3.53 0.25 0.00 0.00 0.25 0.00 0.00 94.96
1341 1.52 0.00 3.54 0.76 0.00 0.00 0.00 0.00 0.00 94.18
1342 1.54 0.00 2.57 4.11 0.00 0.00 0.00 0.00 0.00 91.77
1343 1.02 0.00 2.80 0.25 0.00 0.00 0.00 0.00 0.00 95.93
1344 0.77 0.00 2.81 0.00 0.00 0.00 0.00 0.00 0.00 96.43
1345 0.51 0.00 3.07 0.00 0.00 0.26 0.00 0.00 0.00 96.16
1346 1.27 0.00 3.05 0.00 0.00 0.00 0.00 0.00 0.00 95.69
1347 1.52 0.00 3.81 0.51 0.00 0.00 0.00 0.00 0.00 94.16
1348 1.52 0.00 3.03 0.51 0.00 0.00 0.00 0.00 0.00 94.95
1349 2.03 0.00 3.54 0.00 0.00 0.00 0.00 0.00 0.00 94.43
1350 0.76 0.00 3.80 1.01 0.00 0.00 0.25 0.00 0.00 94.18
1351 0.76 0.00 3.55 0.25 0.00 0.25 0.00 0.00 0.00 95.18
1352 1.27 0.00 4.05 5.32 0.00 0.00 0.00 0.00 0.00 89.37
1353 1.02 0.00 3.58 0.00 0.00 0.00 0.00 0.00 0.00 95.40
1354 1.02 0.00 3.05 0.00 0.00 0.00 0.00 0.00 0.00 95.93
1355 0.76 0.00 3.54 0.00 0.00 0.00 0.00 0.00 0.00 95.70
1356 1.26 0.00 3.54 0.76 0.00 0.00 0.00 0.00 0.00 94.44
1357 1.53 0.00 2.55 0.00 0.00 0.00 0.26 0.00 0.00 95.66
1358 1.27 0.00 10.43 0.76 0.00 0.25 0.00 0.00 0.00 87.28
1359 1.52 0.00 3.30 0.00 0.00 0.00 0.00 0.00 0.00 95.18
1360 1.26 0.00 3.03 0.51 0.00 0.00 0.00 0.00 0.00 95.20
1361 1.52 0.00 3.29 0.00 0.00 0.00 0.00 0.00 0.00 95.19
1362 0.76 0.00 4.30 1.27 0.00 0.00 0.00 0.00 0.00 93.67
1363 1.02 0.00 3.06 0.00 0.00 0.00 0.00 0.00 0.00 95.92
1364 1.01 0.00 3.78 0.50 0.00 0.00 0.00 0.00 0.00 94.71
1365 1.52 0.00 3.30 8.38 0.00 0.00 0.00 0.00 0.00 86.80
1366 0.77 0.00 3.07 0.00 0.00 0.00 0.00 0.00 0.00 96.16
1367 1.76 0.00 4.03 4.28 0.00 0.00 0.25 0.00 0.00 89.67
1368 1.52 0.00 3.28 0.51 0.00 0.00 0.00 0.00 0.00 94.70
1369 1.02 0.00 3.06 0.00 0.00 0.00 0.00 0.00 0.00 95.92
1370 1.02 0.00 3.31 0.00 0.00 0.00 0.00 0.00 0.00 95.67
1371 1.02 0.00 3.06 0.26 0.00 0.00 0.00 0.00 0.00 95.66
1372 1.52 0.00 3.04 0.25 0.00 0.00 0.00 0.00 0.00 95.19
1373 1.28 0.00 3.06 0.00 0.00 0.00 0.00 0.00 0.00 95.66
1374 1.52 0.00 2.79 0.00 0.00 0.00 0.00 0.00 0.00 95.69
1375 1.26 0.00 3.28 0.51 0.00 0.25 0.00 0.00 0.00 94.70
1376 1.50 0.00 3.76 0.00 0.00 0.00 0.25 0.00 0.00 94.49
1377 1.52 0.00 3.80 0.51 0.00 0.00 0.00 0.00 0.00 94.18
1378 1.01 0.00 3.79 0.25 0.00 0.00 0.00 0.00 0.00 94.95
1379 2.26 0.00 3.26 0.00 0.00 0.00 0.00 0.00 0.00 94.49
1380 1.01 0.00 3.79 0.00 0.00 0.00 0.00 0.00 0.00 95.20
1381 1.26 0.00 3.54 0.00 0.00 0.00 0.00 0.00 0.00 95.20
1382 0.77 0.00 3.32 7.65 0.00 0.00 0.00 0.00 0.00 88.27
1383 0.51 0.00 3.33 0.26 0.00 0.00 0.00 0.00 0.00 95.90
1384 1.02 0.00 2.79 0.00 0.00 0.25 0.00 0.00 0.00 95.94
1385 1.02 0.00 2.81 0.00 0.00 0.00 0.00 0.00 0.00 96.16
1386 0.78 0.00 1.55 0.00 0.00 0.00 0.00 0.00 0.00 97.67
1387 1.03 0.00 2.82 1.03 0.00 0.00 0.00 0.00 0.00 95.13
1388 1.53 0.00 2.81 1.79 0.00 0.00 0.00 0.00 0.00 93.86
1389 1.02 0.00 2.81 0.00 0.00 0.00 0.00 0.00 0.00 96.16
1390 1.27 0.00 2.78 0.00 0.00 0.00 0.25 0.00 0.00 95.70
1391 1.78 0.00 2.79 0.00 0.00 0.00 0.00 0.00 0.00 95.43
1392 1.53 0.00 2.30 0.51 0.00 0.00 0.00 0.00 0.00 95.65
1393 1.27 0.00 4.83 0.76 0.00 0.00 0.00 0.00 0.00 93.13
1394 0.77 0.00 3.06 0.00 0.00 0.00 0.00 0.00 0.00 96.17
1395 1.53 0.00 3.56 0.25 0.00 0.00 0.00 0.00 0.00 94.66
1396 1.28 0.00 2.05 0.00 0.00 0.00 0.00 0.00 0.00 96.67
1397 1.28 0.00 3.33 7.95 0.00 0.00 0.00 0.00 0.00 87.44
1398 1.52 0.00 3.30 0.76 0.00 0.00 0.25 0.00 0.00 94.16
1399 1.27 0.00 3.05 0.25 0.00 0.00 0.00 0.00 0.00 95.43
1400 1.78 0.00 2.29 0.25 0.00 0.25 0.00 0.00 0.00 95.42
1401 1.52 0.00 3.29 0.00 0.00 0.00 0.00 0.00 0.00 95.19
1402 1.02 0.00 3.31 0.51 0.00 0.00 0.00 0.00 0.00 95.17
1403 1.02 0.00 3.31 0.00 0.00 0.00 0.00 0.00 0.00 95.67
1404 1.01 0.00 4.03 1.51 0.00 0.00 0.00 0.00 0.00 93.45
1405 1.01 0.00 4.27 0.00 0.00 0.00 0.00 0.00 0.00 94.72
1406 1.53 0.00 2.54 0.76 0.00 0.00 0.00 0.00 0.00 95.17
1407 1.02 0.00 3.31 0.25 0.00 0.00 0.00 0.00 0.00 95.42
1408 1.53 0.00 2.30 1.02 0.00 0.00 0.00 0.00 0.00 95.15
1409 1.27 0.00 3.05 0.00 0.00 0.00 0.00 0.00 0.00 95.67
1410 1.02 0.00 3.06 1.28 0.00 0.00 0.00 0.00 0.00 94.64
1411 1.27 0.00 2.79 1.27 0.00 0.25 0.00 0.00 0.00 94.42
1412 1.02 0.00 3.30 0.00 0.00 0.00 0.00 0.00 0.00 95.69
1413 1.53 0.00 2.81 4.35 0.00 0.00 0.26 0.00 0.00 91.05
1414 1.01 0.00 4.05 0.00 0.00 0.00 0.00 0.00 0.00 94.94
1415 1.02 0.00 3.05 0.00 0.00 0.00 0.00 0.00 0.00 95.94
1416 1.26 0.00 3.77 0.25 0.00 0.00 0.00 0.00 0.00 94.72
1417 1.01 0.00 4.52 0.25 0.00 0.00 0.00 0.00 0.00 94.22
1418 0.76 0.00 4.31 1.02 0.00 0.00 0.00 0.00 0.00 93.91
1419 1.01 0.00 4.05 0.00 0.00 0.00 0.00 0.00 0.00 94.94
1420 1.01 0.00 3.29 0.25 0.00 0.00 0.25 0.00 0.00 95.19
1421 1.01 0.00 3.79 0.00 0.00 0.00 0.00 0.00 0.00 95.20
1422 1.27 0.00 3.31 0.25 0.00 0.00 0.00 0.00 0.00 95.17
1423 1.51 0.00 3.53 0.00 0.00 0.25 0.00 0.00 0.00 94.71
1424 1.02 0.00 2.81 0.26 0.00 0.00 0.00 0.00 0.00 95.92
1425 1.52 0.00 3.54 0.25 0.00 0.00 0.00 0.00 0.00 94.70
1426 0.77 0.00 2.56 0.00 0.00 0.00 0.00 0.00 0.00 96.68
1427 1.29 0.00 2.31 0.26 0.00 0.00 0.00 0.00 0.00 96.14
1428 1.52 0.00 3.54 4.55 0.00 0.00 0.00 0.00 0.00 90.40
1429 1.78 0.00 2.79 0.00 0.00 0.00 0.00 0.00 0.00 95.43
1430 0.76 0.00 3.30 0.25 0.00 0.00 0.00 0.00 0.00 95.69
1431 0.76 0.00 3.31 0.00 0.00 0.25 0.00 0.00 0.00 95.67
1432 1.27 0.00 3.56 0.51 0.00 0.00 0.00 0.00 0.00 94.66
1433 1.26 0.00 4.03 3.27 0.00 0.25 0.00 0.00 0.00 91.18
1434 1.76 0.00 3.27 0.00 0.00 0.00 0.25 0.00 0.00 94.71
1435 1.27 0.00 3.29 0.00 0.00 0.00 0.00 0.00 0.00 95.44
1436 1.02 0.00 3.05 0.00 0.00 0.00 0.00 0.00 0.00 95.93
1437 1.26 0.00 4.04 0.25 0.00 0.00 0.00 0.00 0.00 94.44
1438 1.26 0.00 3.54 0.00 0.00 0.00 0.00 0.00 0.00 95.20
1439 1.53 0.00 2.80 0.00 0.00 0.00 0.00 0.00 0.00 95.67
1440 1.02 0.00 3.55 0.00 0.00 0.00 0.00 0.00 0.00 95.43
1441 1.27 0.00 3.54 0.00 0.00 0.00 0.00 0.00 0.00 95.19
1442 1.26 0.00 3.53 0.25 0.00 0.00 0.25 0.00 0.00 94.71
1443 1.27 0.00 3.82 4.07 0.00 0.00 0.00 0.00 0.00 90.84
1444 1.51 0.00 3.77 0.00 0.00 0.00 0.00 0.00 0.00 94.72
1445 1.01 0.00 4.04 0.25 0.00 0.00 0.00 0.00 0.00 94.70
1446 2.01 0.00 3.27 0.50 0.00 0.00 0.00 0.00 0.00 94.22
1447 1.27 0.00 3.30 0.25 0.00 0.00 0.00 0.00 0.00 95.18
1448 1.79 0.00 3.06 1.02 0.00 0.00 0.00 0.00 0.00 94.13
1449 1.03 0.00 3.34 2.57 0.00 0.00 0.00 0.00 0.00 93.06
1450 1.26 0.00 3.78 0.76 0.00 0.00 0.00 0.00 0.00 94.21
1451 1.02 0.00 3.56 0.00 0.00 0.00 0.00 0.00 0.00 95.42
1452 1.52 0.00 2.54 0.00 0.00 0.00 0.00 0.00 0.00 95.94
1453 1.53 0.00 4.33 0.51 0.00 0.00 0.25 0.00 0.00 93.38
1454 1.02 0.00 3.05 0.51 0.00 0.00 0.00 0.00 0.00 95.43
1455 1.77 0.00 3.29 0.25 0.00 0.00 0.00 0.00 0.00 94.68
1456 1.27 0.00 3.05 0.00 0.00 0.00 0.00 0.00 0.00 95.69
1457 1.02 0.00 3.05 0.25 0.00 0.00 0.00 0.00 0.00 95.67
1458 1.27 0.00 4.30 5.82 0.00 0.00 0.00 0.00 0.00 88.61
1459 1.02 0.00 2.81 0.00 0.00 0.00 0.00 0.00 0.00 96.16
1460 0.76 0.00 3.56 0.00 0.00 0.00 0.00 0.00 0.00 95.67
1461 1.29 0.00 2.31 0.00 0.00 0.00 0.00 0.00 0.00 96.40
1462 0.77 0.00 2.56 0.51 0.00 0.00 0.26 0.00 0.00 95.91
1463 1.02 0.00 3.06 0.00 0.00 0.00 0.00 0.00 0.00 95.92
1464 1.27 0.00 3.05 0.25 0.00 0.00 0.00 0.00 0.00 95.43
1465 24.12 0.00 4.07 24.93 0.00 0.00 0.00 0.00 0.00 46.88
1466 44.74 0.00 3.77 2.70 0.00 0.27 0.00 0.00 0.00 48.52
1467 1.27 0.00 3.81 0.25 0.00 0.00 0.00 0.00 0.00 94.67
1468 1.28 0.00 2.81 0.26 0.00 0.00 0.00 0.00 0.00 95.66
1469 2.03 0.00 2.54 0.00 0.00 0.00 0.00 0.00 0.00 95.43
1470 0.78 0.00 2.33 0.26 0.00 0.00 0.00 0.00 0.00 96.64
1471 1.02 0.00 3.55 0.00 0.00 0.00 0.25 0.00 0.00 95.18
1472 1.27 0.00 3.55 0.25 0.00 0.00 0.00 0.00 0.00 94.92
1473 1.51 0.00 4.27 2.26 0.00 0.00 0.00 0.00 0.00 91.96
1474 1.01 0.00 3.79 0.76 0.00 0.00 0.00 0.00 0.00 94.44
1475 1.50 0.00 4.01 0.00 0.00 0.00 0.00 0.00 0.00 94.49
1476 1.75 0.00 4.00 0.00 0.00 0.00 0.00 0.00 0.00 94.25
1477 1.51 0.00 4.03 0.50 0.00 0.00 0.00 0.00 0.00 93.95
1478 1.77 0.00 4.04 0.76 0.00 0.25 0.00 0.00 0.00 93.18
1479 2.26 0.00 3.02 1.76 0.00 0.00 0.00 0.00 0.00 92.96
1480 1.26 0.00 4.04 0.00 0.00 0.00 0.25 0.00 0.00 94.44
1481 1.50 0.00 4.00 0.25 0.00 0.00 0.00 0.00 0.00 94.25
1482 1.01 0.00 4.56 0.25 0.00 0.00 0.00 0.00 0.00 94.18
1483 1.02 0.00 3.05 0.00 0.00 0.00 0.00 0.00 0.00 95.93
1484 1.26 0.00 3.77 0.00 0.00 0.25 0.00 0.00 0.00 94.72
1485 1.27 0.00 3.05 0.25 0.00 0.00 0.00 0.00 0.00 95.42
1486 1.27 0.00 3.05 0.00 0.00 0.00 0.25 0.00 0.00 95.43
1487 1.27 0.00 3.29 0.25 0.00 0.00 0.00 0.00 0.00 95.19
1488 1.03 0.00 2.56 0.77 0.00 0.00 0.00 0.00 0.00 95.64
1489 1.01 0.00 3.80 0.76 0.00 0.00 0.00 0.00 0.00 94.43
1490 1.01 0.00 3.53 0.00 0.00 0.00 0.00 0.00 0.00 95.47
1491 1.27 0.00 3.31 0.51 0.00 0.00 0.00 0.00 0.00 94.91
1492 0.77 0.00 2.56 0.51 0.00 0.00 0.00 0.00 0.00 96.16
1493 1.53 0.00 2.56 0.00 0.00 0.00 0.00 0.00 0.00 95.91
1494 1.03 0.00 2.58 4.12 0.00 0.00 0.00 0.00 0.00 92.27
1495 1.03 0.00 2.31 0.00 0.00 0.00 0.00 0.00 0.00 96.67
1496 1.02 0.00 2.30 0.51 0.00 0.00 0.26 0.00 0.00 95.92
1497 1.03 0.00 2.31 0.26 0.00 0.00 0.00 0.00 0.00 96.40
1498 1.03 0.00 2.31 0.77 0.00 0.00 0.00 0.00 0.00 95.89
1499 1.02 0.00 2.30 0.00 0.00 0.26 0.00 0.00 0.00 96.42
1500 1.02 0.00 3.30 2.03 0.00 0.00 0.00 0.00 0.00 93.65
1501 0.52 0.00 2.07 0.00 0.00 0.00 0.00 0.00 0.00 97.41
1502 0.76 0.00 3.05 1.27 0.00 0.00 0.25 0.00 0.00 94.66
1503 1.02 0.00 2.81 0.00 0.00 0.00 0.00 0.00 0.00 96.16
1504 1.02 0.00 3.05 0.00 0.00 0.00 0.00 0.00 0.00 95.93
1505 0.76 0.00 3.31 0.00 0.00 0.00 0.00 0.00 0.00 95.93
1506 1.02 0.00 2.54 1.27 0.00 0.00 0.00 0.00 0.00 95.17
1507 1.53 0.00 2.56 0.00 0.00 0.00 0.00 0.00 0.00 95.91
1508 1.28 0.00 3.07 1.02 0.00 0.00 0.00 0.00 0.00 94.63
1509 0.77 0.00 3.32 3.84 0.00 0.00 0.00 0.00 0.00 92.07
1510 1.52 0.00 2.53 0.00 0.00 0.25 0.00 0.00 0.00 95.70
1511 1.53 0.00 2.81 0.00 0.00 0.00 0.00 0.00 0.00 95.66
1512 2.04 0.00 4.83 21.12 0.00 0.00 0.25 0.00 0.00 71.76
1513 39.03 0.00 6.38 14.03 0.00 0.00 0.00 0.00 0.00 40.56
1514 95.08 0.00 4.66 0.00 0.00 0.00 0.00 0.00 0.00 0.26
1515 95.89 0.00 4.11 0.00 0.00 0.00 0.00 0.00 0.00 0.00
1516 74.44 0.00 3.19 9.90 0.00 0.00 0.32 0.00 0.00 12.14
1517 49.28 0.00 6.59 10.60 0.00 0.00 0.00 0.00 0.00 33.52
1518 38.74 0.00 4.50 0.90 0.00 0.00 0.30 0.00 0.00 55.56
1519 39.22 0.00 4.49 0.00 0.00 0.00 0.30 0.00 0.00 55.99
1520 46.90 0.00 2.70 0.00 0.00 0.00 0.00 0.00 0.00 50.40
1521 34.06 0.00 4.33 0.62 0.00 0.00 0.31 0.00 0.00 60.68
1522 0.76 0.00 4.07 0.51 0.00 0.00 0.00 0.00 0.00 94.66
1523 1.26 0.00 3.79 0.00 0.00 0.00 0.25 0.00 0.00 94.70
1524 1.02 0.00 3.55 2.54 0.00 0.00 0.00 0.00 0.00 92.89
1525 1.28 0.00 3.32 0.00 0.00 0.00 0.00 0.00 0.00 95.41
1526 1.77 0.00 2.78 0.00 0.00 0.25 0.00 0.00 0.00 95.20
1527 1.53 0.00 3.56 1.02 0.00 0.00 0.00 0.00 0.00 93.89
1528 2.03 0.00 2.53 0.00 0.00 0.00 0.00 0.00 0.00 95.44
1529 1.02 0.00 4.07 1.27 0.00 0.25 0.00 0.00 0.00 93.38
1530 2.02 0.00 3.27 0.25 0.00 0.00 0.00 0.00 0.00 94.46
1531 1.00 0.00 4.51 0.00 0.00 0.00 0.00 0.00 0.00 94.49
1532 1.49 0.00 4.48 0.50 0.00 0.00 0.00 0.00 0.00 93.53
1533 1.51 0.00 4.27 0.00 0.00 0.00 0.00 0.00 0.00 94.22
1534 1.00 0.00 4.51 0.00 0.00 0.00 0.00 0.00 0.00 94.49
1535 1.51 0.00 3.78 0.00 0.00 0.00 0.00 0.00 0.00 94.71
1536 1.27 0.00 3.30 0.76 0.00 0.00 0.00 0.00 0.00 94.67
1537 0.76 0.00 4.06 0.00 0.00 0.00 0.00 0.00 0.00 95.18
1538 1.53 0.00 3.05 0.51 0.00 0.00 0.00 0.00 0.00 94.91
1539 1.27 0.00 3.55 4.06 0.00 0.00 0.00 0.00 0.00 91.12
1540 1.27 0.00 3.54 0.00 0.00 0.00 0.25 0.00 0.00 94.94
1541 0.76 0.00 3.56 0.00 0.00 0.00 0.00 0.00 0.00 95.67
1542 0.51 0.00 3.57 1.02 0.00 0.00 0.00 0.00 0.00 94.90
1543 0.77 0.00 2.82 0.51 0.00 0.00 0.00 0.00 0.00 95.90
1544 1.28 0.00 2.56 0.00 0.00 0.00 0.00 0.00 0.00 96.15
1545 2.02 0.00 3.28 1.01 0.00 0.00 0.00 0.00 0.00 93.69
1546 2.28 0.00 4.06 24.87 0.00 0.00 0.00 0.00 0.00 68.78
1547 2.76 0.00 4.02 43.22 0.00 0.00 0.00 0.00 0.00 50.00
1548 5.09 0.00 3.05 43.26 0.00 0.00 0.00 0.00 0.00 48.60
1549 1.79 0.00 3.59 11.28 0.00 0.00 0.00 0.00 0.00 83.33
1550 30.31 0.00 3.89 6.74 0.00 0.00 0.00 0.00 0.00 59.07
1551 65.86 0.00 3.32 1.51 0.00 0.00 0.30 0.00 0.00 29.00
1552 3.70 0.00 3.44 1.85 0.00 0.00 0.00 0.00 0.00 91.01
1553 1.02 0.00 2.81 0.00 0.00 0.26 0.00 0.00 0.00 95.92
1554 0.77 0.00 3.32 1.02 0.00 0.00 0.26 0.00 0.00 94.64
1555 1.28 0.00 2.82 3.08 0.00 0.00 0.00 0.00 0.00 92.82
1556 0.77 0.00 2.81 0.00 0.00 0.00 0.00 0.00 0.00 96.42
1557 1.29 0.00 2.31 1.03 0.00 0.26 0.26 0.00 0.00 94.86
1558 1.28 0.00 2.55 0.00 0.00 0.00 0.00 0.00 0.00 96.17
1559 1.29 0.00 2.31 0.00 0.00 0.00 0.00 0.00 0.00 96.40
1560 0.77 0.00 2.56 3.85 0.00 0.00 0.26 0.00 0.00 92.56
1561 1.27 0.00 3.05 0.00 0.00 0.25 0.00 0.00 0.00 95.43
1562 1.27 0.00 2.80 0.51 0.00 0.00 0.00 0.00 0.00 95.42
1563 1.02 0.00 2.56 1.02 0.00 0.00 0.00 0.00 0.00 95.40
1564 25.47 0.00 4.07 0.27 0.00 0.00 0.00 0.00 0.00 70.19
1565 56.21 0.00 4.73 0.30 0.00 0.00 0.30 0.00 0.00 38.46
1566 1.52 0.00 3.30 0.25 0.00 0.00 0.00 0.00 0.00 94.92
1567 0.51 0.00 3.32 0.26 0.00 0.00 0.00 0.00 0.00 95.92
1568 0.51 0.00 3.82 0.51 0.00 0.00 0.00 0.00 0.00 95.17
1569 0.76 0.00 3.31 0.25 0.00 0.00 0.00 0.00 0.00 95.67
1570 1.01 0.00 4.79 3.02 0.00 0.00 0.00 0.00 0.00 91.18
1571 1.01 0.00 3.54 0.00 0.00 0.00 0.00 0.00 0.00 95.44
1572 1.28 0.00 2.81 1.02 0.00 0.00 0.26 0.00 0.00 94.64
1573 1.02 0.00 4.82 0.51 0.00 0.00 0.00 0.00 0.00 93.65
1574 1.02 0.00 2.81 0.00 0.00 0.26 0.00 0.00 0.00 95.92
1575 1.52 0.00 3.79 3.54 0.00 0.00 0.00 0.00 0.00 91.16
1576 0.25 0.00 3.81 0.00 0.00 0.00 0.00 0.00 0.00 95.94
1577 60.35 0.00 4.37 0.87 0.00 0.00 0.00 0.00 0.00 34.40
1578 25.50 0.00 3.40 0.00 0.00 0.00 0.00 0.00 0.00 71.10
1579 1.53 0.00 2.55 0.00 0.00 0.00 0.00 0.00 0.00 95.92
1580 0.76 0.00 3.29 0.25 0.00 0.00 0.00 0.00 0.00 95.70
1581 1.52 0.00 3.05 0.25 0.00 0.00 0.00 0.00 0.00 95.18
1582 0.76 0.00 4.06 0.00 0.00 0.00 0.00 0.00 0.00 95.18
1583 1.52 0.00 3.79 0.00 0.00 0.00 0.00 0.00 0.00 94.70
1584 1.52 0.00 3.03 0.00 0.00 0.00 0.00 0.00 0.00 95.45
1585 0.76 0.00 4.55 3.54 0.00 0.00 0.00 0.00 0.00 91.16
1586 1.76 0.00 3.27 0.00 0.00 0.00 0.00 0.00 0.00 94.96
1587 2.02 0.00 4.03 0.76 0.00 0.00 0.00 0.00 0.00 93.20
1588 1.25 0.00 4.24 0.00 0.00 0.25 0.00 0.00 0.00 94.26
1589 1.26 0.00 4.04 0.00 0.00 0.00 0.00 0.00 0.00 94.70
1590 3.82 0.00 3.56 2.54 0.00 0.25 0.25 0.00 0.00 89.57
1591 1.27 0.00 4.30 0.00 0.00 0.00 0.25 0.00 0.00 94.18
1592 57.23 0.00 4.13 0.00 0.00 0.00 0.00 0.00 0.00 38.64
1593 18.26 0.00 3.81 0.27 0.00 0.00 0.27 0.00 0.00 77.38
1594 0.76 0.00 3.82 0.25 0.00 0.00 0.00 0.00 0.00 95.17
1595 1.27 0.00 3.80 0.00 0.00 0.00 0.00 0.00 0.00 94.94
1596 0.25 0.00 3.81 0.00 0.00 0.00 0.00 0.00 0.00 95.94
1597 1.28 0.00 3.32 0.26 0.00 0.00 0.00 0.00 0.00 95.15
1598 2.01 0.00 3.77 1.51 0.00 0.00 0.25 0.00 0.00 92.46
1599 1.27 0.00 3.05 0.00 0.00 0.00 0.00 0.00 0.00 95.69
1600 1.27 0.00 3.80 4.30 0.00 0.00 0.00 0.00 0.00 90.63
1601 1.01 0.00 3.80 0.00 0.00 0.00 0.00 0.00 0.00 95.19
1602 1.77 0.00 3.54 0.25 0.00 0.00 0.00 0.00 0.00 94.43
1603 2.01 0.00 4.02 0.00 0.00 0.00 0.00 0.00 0.00 93.97
1604 2.00 0.00 3.50 0.50 0.00 0.25 0.00 0.00 0.00 93.75
1605 1.26 0.00 3.79 0.76 0.00 0.00 0.00 0.00 0.00 94.19
1606 36.51 0.00 5.72 10.63 0.00 0.00 0.00 0.00 0.00 47.14
1607 54.41 0.00 5.00 3.24 0.00 0.00 0.00 0.00 0.00 37.35
1608 0.51 0.00 4.29 0.00 0.00 0.00 0.25 0.00 0.00 94.95
1609 1.27 0.00 2.80 0.00 0.00 0.25 0.00 0.00 0.00 95.67
1610 1.03 0.00 1.80 0.26 0.00 0.00 0.00 0.00 0.00 96.92
1611 0.78 0.00 2.07 0.26 0.00 0.00 0.00 0.00 0.00 96.90
1612 0.77 0.00 2.58 0.77 0.00 0.26 0.00 0.00 0.00 95.62
1613 1.54 0.00 2.56 0.00 0.00 0.00 0.00 0.00 0.00 95.90
1614 1.02 0.00 3.05 0.51 0.00 0.25 0.00 0.00 0.00 95.17
1615 1.28 0.00 2.55 0.00 0.00 0.00 0.00 0.00 0.00 96.17
1616 1.78 0.00 3.05 3.30 0.00 0.00 0.25 0.00 0.00 91.62
1617 0.77 0.00 3.32 0.26 0.00 0.26 0.00 0.00 0.00 95.40
1618 2.04 0.00 2.30 0.00 0.00 0.00 0.00 0.00 0.00 95.66
1619 33.42 0.00 3.71 2.39 0.00 0.27 0.00 0.00 0.00 60.21
1620 42.53 0.00 2.87 0.57 0.00 0.00 0.00 0.00 0.00 54.02
1621 0.77 0.00 3.32 2.56 0.00 0.00 0.00 0.00 0.00 93.35
1622 0.25 0.00 3.81 0.25 0.00 0.00 0.25 0.00 0.00 95.43
1623 1.29 0.00 3.60 23.65 0.00 0.00 0.00 0.00 0.00 71.47
1624 0.77 0.00 3.60 23.91 0.00 0.00 0.00 0.00 0.00 71.72
1625 1.58 0.00 5.28 37.20 0.00 0.26 0.00 0.00 0.00 55.67
1626 1.57 0.00 3.92 23.24 0.00 0.00 0.26 0.00 0.00 71.02
1627 0.51 0.00 2.31 5.66 0.00 0.00 0.00 0.00 0.00 91.52
1628 1.55 0.00 2.33 36.53 0.00 0.00 0.00 0.00 0.00 59.59
1629 1.03 0.00 2.83 6.68 0.00 0.00 0.26 0.00 0.00 89.20
1630 1.02 0.00 2.81 0.00 0.00 0.00 0.00 0.00 0.00 96.17
1631 1.02 0.00 3.06 4.34 0.00 0.00 0.00 0.00 0.00 91.58
1632 0.26 0.00 3.84 0.77 0.00 0.00 0.00 0.00 0.00 95.14
1633 1.28 0.00 4.09 0.77 0.00 0.00 0.00 0.00 0.00 93.86
1634 1.27 0.00 3.29 0.25 0.00 0.00 0.00 0.00 0.00 95.19
1635 0.76 0.00 3.30 0.00 0.00 0.00 0.25 0.00 0.00 95.69
1636 1.50 0.00 4.01 0.00 0.00 0.25 0.00 0.00 0.00 94.24
1637 1.02 0.00 3.31 0.25 0.00 0.00 0.00 0.00 0.00 95.42
1638 1.27 0.00 3.29 0.25 0.00 0.00 0.00 0.00 0.00 95.19
1639 1.02 0.00 3.30 0.00 0.00 0.00 0.00 0.00 0.00 95.69
1640 1.01 0.00 4.05 0.00 0.00 0.00 0.00 0.00 0.00 94.94
1641 0.51 0.00 3.54 0.25 0.00 0.00 0.25 0.00 0.00 95.44
1642 1.26 0.00 3.28 0.00 0.00 0.00 0.00 0.00 0.00 95.45
1643 0.76 0.00 3.54 0.25 0.00 0.00 0.00 0.00 0.00 95.44
1644 1.51 0.00 3.53 0.25 0.00 0.00 0.00 0.00 0.00 94.71
1645 1.01 0.00 3.54 0.00 0.00 0.00 0.00 0.00 0.00 95.45
1646 1.51 0.00 3.53 3.78 0.00 0.00 0.00 0.00 0.00 91.18
1647 1.01 0.00 4.03 0.25 0.00 0.00 0.00 0.00 0.00 94.71
1648 1.26 0.00 3.77 0.25 0.00 0.00 0.00 0.00 0.00 94.72
1649 1.26 0.00 3.77 0.00 0.00 0.00 0.00 0.00 0.00 94.97
1650 1.51 0.00 3.27 0.00 0.00 0.00 0.00 0.00 0.00 95.21
1651 1.53 0.00 2.55 6.63 0.00 0.00 0.00 0.00 0.00 89.29
1652 1.76 0.00 3.27 1.01 0.00 0.00 0.00 0.00 0.00 93.97
1653 1.01 0.00 3.54 0.00 0.00 0.00 0.00 0.00 0.00 95.45
1654 1.76 0.00 3.53 0.50 0.00 0.00 0.00 0.00 0.00 94.21
1655 1.25 0.00 4.00 0.25 0.00 0.00 0.00 0.00 0.00 94.50
1656 1.51 0.00 4.27 0.00 0.00 0.00 0.00 0.00 0.00 94.22
1657 0.75 0.00 5.25 0.25 0.00 0.00 0.00 0.00 0.00 93.75
1658 1.27 0.00 3.54 0.76 0.00 0.00 0.25 0.00 0.00 94.18
1659 1.26 0.00 3.54 0.00 0.00 0.00 0.00 0.00 0.00 95.20
1660 2.00 0.00 3.49 0.50 0.00 0.25 0.00 0.00 0.00 93.77
1661 1.52 0.00 3.55 2.54 0.00 0.25 0.00 0.00 0.00 92.13
1662 1.26 0.00 3.53 0.50 0.00 0.00 0.00 0.00 0.00 94.71
1663 1.27 0.00 3.05 0.00 0.00 0.00 0.00 0.00 0.00 95.69
1664 0.77 0.00 2.56 0.00 0.00 0.00 0.00 0.00 0.00 96.68
1665 0.77 0.00 3.06 0.00 0.00 0.00 0.26 0.00 0.00 95.92
1666 2.03 0.00 2.78 1.52 0.00 0.00 0.00 0.00 0.00 93.67
1667 1.27 0.00 3.29 0.51 0.00 0.00 0.00 0.00 0.00 94.94
1668 1.01 0.00 3.29 0.25 0.00 0.00 0.00 0.00 0.00 95.44
1669 0.77 0.00 2.81 0.00 0.00 0.00 0.00 0.00 0.00 96.43
1670 0.76 0.00 3.30 0.00 0.00 0.00 0.00 0.00 0.00 95.94
1671 1.26 0.00 3.28 0.51 0.00 0.00 0.00 0.00 0.00 94.95
1672 0.76 0.00 3.30 0.00 0.00 0.00 0.00 0.00 0.00 95.94
1673 1.01 0.00 3.78 0.00 0.00 0.00 0.00 0.00 0.00 95.21
1674 1.26 0.00 3.77 0.00 0.00 0.00 0.00 0.00 0.00 94.97
1675 1.26 0.00 3.28 0.00 0.00 0.00 0.00 0.00 0.00 95.45
1676 1.28 0.00 2.30 0.00 0.00 0.00 0.00 0.00 0.00 96.43
1677 0.51 0.00 3.56 0.25 0.00 0.00 0.00 0.00 0.00 95.67
1678 0.77 0.00 3.32 0.26 0.00 0.00 0.26 0.00 0.00 95.41
1679 0.51 0.00 3.81 0.00 0.00 0.00 0.00 0.00 0.00 95.69
1680 1.02 0.00 2.79 0.25 0.00 0.25 0.25 0.00 0.00 95.43
1681 1.75 0.00 3.51 1.50 0.00 0.25 0.00 0.00 0.00 92.98
1682 1.02 0.00 3.06 3.32 0.00 0.00 0.00 0.00 0.00 92.60
1683 1.27 0.00 3.05 0.51 0.00 0.00 0.00 0.00 0.00 95.18
1684 0.51 0.00 2.31 0.00 0.00 0.00 0.00 0.00 0.00 97.18
1685 0.77 0.00 2.31 0.00 0.00 0.00 0.00 0.00 0.00 96.92
1686 1.52 0.00 3.05 4.57 0.00 0.00 0.00 0.00 0.00 90.86
1687 1.02 0.00 2.56 0.26 0.00 0.00 0.00 0.00 0.00 96.16
1688 1.03 0.00 2.31 0.77 0.00 0.00 0.00 0.00 0.00 95.89
1689 0.77 0.00 2.56 0.00 0.00 0.00 0.00 0.00 0.00 96.68
1690 1.02 0.00 3.30 0.00 0.00 0.00 0.00 0.00 0.00 95.69
1691 1.02 0.00 3.05 0.25 0.00 0.00 0.00 0.00 0.00 95.67
1692 1.01 0.00 3.29 0.25 0.00 0.00 0.00 0.00 0.00 95.44
1693 1.53 0.00 4.08 0.00 0.00 0.00 0.00 0.00 0.00 94.39
1694 0.51 0.00 2.31 0.00 0.00 0.00 0.00 0.00 0.00 97.17
1695 1.53 0.00 2.04 0.26 0.00 0.00 0.26 0.00 0.00 95.92
1696 0.51 0.00 2.81 0.00 0.00 0.00 0.00 0.00 0.00 96.68
1697 0.26 0.00 3.34 6.94 0.00 0.00 0.00 0.00 0.00 89.46
1698 1.28 0.00 2.55 0.77 0.00 0.00 0.00 0.00 0.00 95.41
1699 0.50 0.00 4.28 0.00 0.00 0.00 0.00 0.00 0.00 95.21
1700 0.51 0.00 3.31 0.00 0.00 0.00 0.00 0.00 0.00 96.18
1701 1.02 0.00 2.81 0.00 0.00 0.00 0.00 0.00 0.00 96.17
1702 1.27 0.00 3.31 1.78 0.00 0.00 0.51 0.00 0.00 93.13
1703 1.26 0.00 4.02 0.00 0.00 0.00 0.00 0.00 0.00 94.72
1704 1.26 0.00 3.28 0.25 0.00 0.00 0.00 0.00 0.00 95.20
1705 0.76 0.00 3.80 0.00 0.00 0.00 0.00 0.00 0.00 95.44
1706 1.01 0.00 3.53 0.00 0.00 0.00 0.00 0.00 0.00 95.47
1707 1.26 0.00 4.02 0.00 0.00 0.25 0.00 0.00 0.00 94.47
1708 1.51 0.00 3.02 0.00 0.00 0.25 0.00 0.00 0.00 95.21
1709 0.77 0.00 3.06 0.26 0.00 0.00 0.00 0.00 0.00 95.92
1710 1.27 0.00 3.04 0.00 0.00 0.00 0.00 0.00 0.00 95.70
1711 1.27 0.00 2.54 0.00 0.00 0.00 0.00 0.00 0.00 96.19
1712 1.53 0.00 3.06 5.61 0.00 0.00 0.51 0.00 0.00 89.29
1713 1.01 0.00 4.04 1.01 0.00 0.00 0.00 0.00 0.00 93.94
1714 1.26 0.00 3.77 0.50 0.00 0.00 0.00 0.00 0.00 94.47
1715 1.52 0.00 3.04 0.51 0.00 0.00 0.00 0.00 0.00 94.94
1716 1.26 0.00 3.53 0.25 0.00 0.00 0.00 0.00 0.00 94.96
1717 1.27 0.00 3.55 0.25 0.00 0.00 0.00 0.00 0.00 94.92
1718 2.01 0.00 4.01 15.79 0.00 0.00 0.00 0.00 0.00 78.20
1719 1.24 0.00 4.98 4.48 0.00 0.00 0.25 0.00 0.00 89.05
1720 1.50 0.00 4.25 0.25 0.00 0.00 0.00 0.00 0.00 94.00
1721 2.01 0.00 3.76 3.01 0.00 0.00 0.00 0.00 0.00 91.23
1722 1.75 0.00 4.01 4.51 0.00 0.00 0.00 0.00 0.00 89.72
1723 1.75 0.00 3.99 0.25 0.00 0.00 0.00 0.00 0.00 94.01
1724 1.26 0.00 3.77 1.01 0.00 0.00 0.25 0.00 0.00 93.72
1725 0.76 0.00 4.53 0.76 0.00 0.00 0.00 0.00 0.00 93.95
1726 1.01 0.00 4.03 0.00 0.00 0.00 0.00 0.00 0.00 94.96
1727 1.77 0.00 3.04 4.81 0.00 0.00 0.00 0.00 0.00 90.38
1728 1.52 0.00 2.79 0.25 0.00 0.00 0.00 0.00 0.00 95.43
1729 2.26 0.00 5.26 22.06 0.00 0.25 0.25 0.00 0.00 69.92
1730 3.08 0.00 4.10 20.51 0.00 0.00 0.00 0.00 0.00 72.31
1731 3.66 0.00 7.31 15.93 0.00 0.00 0.00 0.00 0.00 73.11
1732 2.56 0.00 4.09 21.48 0.00 0.00 0.00 0.00 0.00 71.87
1733 2.30 0.00 4.59 7.65 0.00 0.00 0.00 0.00 0.00 85.46
1734 0.77 0.00 3.06 0.26 0.00 0.00 0.00 0.00 0.00 95.92
1735 2.03 0.00 2.53 0.00 0.00 0.00 0.25 0.00 0.00 95.19
1736 1.02 0.00 2.79 0.00 0.00 0.25 0.00 0.00 0.00 95.94
1737 1.27 0.00 2.79 0.76 0.00 0.00 0.00 0.00 0.00 95.18
1738 0.76 0.00 3.54 0.51 0.00 0.00 0.00 0.00 0.00 95.19
1739 1.27 0.00 2.78 0.00 0.00 0.25 0.00 0.00 0.00 95.70
1740 0.76 0.00 3.05 0.25 0.00 0.00 0.00 0.00 0.00 95.94
1741 0.51 0.00 3.80 0.76 0.00 0.25 0.00 0.00 0.00 94.68
1742 1.27 0.00 3.05 3.82 0.00 0.00 0.00 0.00 0.00 91.86
1743 0.77 0.00 3.32 2.05 0.00 0.00 0.26 0.00 0.00 93.61
1744 7.35 0.00 9.19 1.05 0.00 0.00 0.00 0.00 0.00 82.41
1745 1.02 0.00 3.55 0.00 0.00 0.00 0.00 0.00 0.00 95.43
