0 1.53 0.30 0.00
1 0.51 0.30 0.00
2 1.87 0.82 0.00
3 1.43 0.06 0.00
4 0.66 1.81 0.00
5 5.49 4.04 0.00
6 3.71 2.27 0.00
7 0.66 0.30 0.00
8 1.93 0.82 0.00
9 4.63 0.37 0.00
10 1.78 0.37 0.00
11 2.41 2.26 0.00
12 2.12 0.30 0.00
13 2.06 0.30 0.00
14 1.87 0.96 0.00
15 1.51 2.80 0.00
16 2.51 1.90 0.00
17 1.77 0.82 0.00
18 1.87 0.45 0.00
19 1.67 1.73 0.00
20 2.29 0.82 0.00
21 1.85 1.77 0.00
22 1.08 0.30 0.00
23 1.70 0.82 0.00
24 1.65 0.30 0.00
25 1.86 0.30 0.00
26 1.70 2.16 0.00
27 2.31 0.30 0.00
28 1.39 0.30 0.00
29 0.85 0.82 0.00
30 2.47 0.30 0.00
31 2.17 1.90 0.00
32 1.40 0.82 0.00
33 3.02 0.45 0.00
34 1.75 1.73 0.00
35 1.32 0.82 0.00
36 5.26 5.29 0.00
37 2.25 0.30 0.00
38 1.59 0.82 0.00
39 1.87 3.43 0.00
40 2.34 0.37 0.00
41 2.04 2.48 0.00
42 0.88 0.30 0.00
43 19.84 9.10 0.00
44 1.66 11.83 0.00
45 89142.83 166.54 0.00
46 2.75 1.90 0.00
47 1.94 0.82 0.00
48 5.14 4.07 0.00
49 1.26 1.80 0.00
50 1.10 0.82 0.00
51 27.02 12.02 0.00
52 1.43 0.30 0.00
53 1.71 0.82 0.00
54 2.36 0.30 0.00
55 2.15 0.43 0.00
56 2.51 2.41 0.00
57 2.30 0.58 0.00
58 4.02 196.64 0.00
59 1.07 2.81 0.00
60 1.65 0.30 0.00
61 929.58 14.88 0.00
62 1.19 0.30 0.00
63 2.08 0.37 0.00
64 0.78 1.81 0.00
65 1.53 0.44 0.00
66 1.96 1.90 0.00
67 1.11 0.30 0.00
68 3.11 0.30 0.00
69 1.25 4.30 0.00
70 2.33 0.30 0.00
71 3.95 1.90 0.00
72 1.75 0.30 0.00
73 2.18 0.27 0.00
74 2.92 0.82 0.00
75 1.56 0.30 0.00
76 1.78 1.77 0.00
77 2.00 0.30 0.00
78 1.07 0.30 0.00
79 1.08 5.70 0.00
80 1.33 0.30 0.00
81 2.34 1.97 0.00
82 0.99 0.30 0.00
83 1.41 0.30 0.00
84 1.18 0.44 0.00
85 1.62 0.44 0.00
86 4.81 111.69 0.00
87 21.17 2298.22 0.00
88 66.74 35477.45 0.00
89 84.38 74475.08 0.00
90 66.42 73112.31 0.00
91 83.42 91376.33 0.00
92 109.99 97440.02 0.00
93 781.77 21151.47 0.00
94 7.13 35.70 0.00
95 1.21 0.82 0.00
96 1.31 1.58 0.00
97 1.96 0.50 0.00
98 2.25 0.64 0.00
99 27.97 31.63 0.00
100 1.75 4.95 0.00
101 1.54 2.22 0.00
102 0.89 0.30 0.00
103 2.55 0.30 0.00
104 0.54 0.82 0.00
105 1.44 0.30 0.00
106 2.15 1.59 0.00
107 1.58 0.94 0.00
108 1.75 0.37 0.00
109 1.28 3.43 0.00
110 2.03 0.82 0.00
111 1.73 1.71 0.00
112 0.66 0.36 0.00
113 1.78 0.82 0.00
114 2.03 0.30 0.00
115 0.66 0.30 0.00
116 1.34 2.35 0.00
117 1.55 0.30 0.00
118 23.31 23.22 0.00
119 3.50 28.43 0.00
120 1.33 5.48 0.00
121 1.78 1.83 0.00
122 1.10 0.82 0.00
123 1.75 0.45 0.00
124 1.21 1.73 0.00
125 0.88 0.82 0.00
126 2.03 1.96 0.00
127 0.77 0.30 0.00
128 1.73 0.82 0.00
129 0.84 1.92 0.00
130 2.02 0.30 0.00
131 1.95 2.29 0.00
132 0.97 0.30 0.00
133 0.86 0.30 0.00
134 1.33 0.82 0.00
135 0.44 0.30 0.00
136 1.52 1.90 0.00
137 1.65 0.82 0.00
138 0.97 0.45 0.00
139 6.29 10.40 0.00
140 1.44 0.82 0.00
141 1.03 1.96 0.00
142 1.00 0.30 0.00
143 1.51 0.82 0.00
144 0.38 0.34 0.00
145 0.67 0.30 0.00
146 3.64 2.29 0.00
147 0.65 0.30 0.00
148 1.69 0.30 0.00
149 2.60 3.23 0.00
150 1.10 0.30 0.00
151 2.20 1.81 0.00
152 3.86 193.62 0.00
153 1.21 0.45 0.00
154 2.33 1.73 0.00
155 1.27 0.82 0.00
156 1.64 1.90 0.00
157 1.78 0.30 0.00
158 0.74 0.82 0.00
159 1.61 2.71 0.00
160 1.78 0.30 0.00
161 1.16 2.16 0.00
162 1.50 0.30 0.00
163 2.35 0.30 0.00
164 0.88 0.82 0.00
165 0.77 0.30 0.00
166 2.38 1.83 0.00
167 1.43 0.82 0.00
168 2.56 0.45 0.00
169 1.07 4.14 0.00
170 0.78 0.82 0.00
171 2.45 1.83 0.00
172 0.43 0.30 0.00
173 0.96 0.82 0.00
174 1.81 0.30 0.00
175 0.44 0.30 0.00
176 1.34 2.35 0.00
177 1.45 0.30 0.00
178 0.96 0.30 0.00
179 1.12 3.23 0.00
180 1.11 0.30 0.00
181 0.73 1.77 0.00
182 0.44 0.82 0.00
183 1.32 1.87 0.00
184 0.67 0.30 0.00
185 1.82 0.82 0.00
186 2.34 1.83 0.00
187 0.55 0.30 0.00
188 2.56 0.82 0.00
189 0.63 2.41 0.00
190 1.36 0.30 0.00
191 3.00 2.41 0.00
192 0.44 0.30 0.00
193 0.63 0.30 0.00
194 1.44 0.82 0.00
195 0.67 0.30 0.00
196 1.18 1.77 0.00
197 1.33 0.82 0.00
198 1.10 0.45 0.00
199 0.95 4.14 0.00
200 1.53 0.81 0.00
201 1.50 1.77 0.00
202 1.33 0.30 0.00
203 1.95 0.82 0.00
204 0.55 0.30 0.00
205 1.00 0.30 0.00
206 2.28 2.29 0.00
207 0.66 0.30 0.00
208 1.75 0.30 0.00
209 1.28 3.23 0.00
210 0.89 0.30 0.00
211 1.60 1.58 0.00
212 1.21 0.82 0.00
213 0.75 0.45 0.00
214 1.97 1.73 0.00
215 0.96 0.82 0.00
216 1.35 1.83 0.00
217 2.51 0.30 0.00
218 1.15 0.82 0.00
219 0.95 2.71 0.00
220 2.42 0.30 0.00
221 2.09 2.35 0.00
222 0.76 0.30 0.00
223 2.86 0.58 0.00
224 2.66 0.82 0.00
225 61250.91 68.56 0.00
226 19935.72 13.76 0.00
227 2.47 0.82 0.00
228 0.87 0.45 0.00
229 2.15 4.14 0.00
230 2.14 0.82 0.00
231 0.82 1.64 0.00
232 1.75 0.30 0.00
233 1.17 0.82 0.00
234 1.92 0.30 0.00
235 1.89 0.30 0.00
236 2.07 2.41 0.00
237 1.44 0.30 0.00
238 1.84 0.30 0.00
239 1.61 3.23 0.00
240 0.66 0.30 0.00
241 2.46 1.83 0.00
242 0.88 0.82 0.00
243 23022.86 29.46 0.00
244 12575.41 12.36 0.00
245 1.60 0.82 0.00
246 1.08 1.90 0.00
247 2.13 0.30 0.00
248 1.43 0.82 0.00
249 1.85 2.71 0.00
250 1.41 0.30 0.00
251 9688.55 12.44 0.00
252 13887.78 13.42 0.00
253 102685.28 83.51 0.00
254 1.16 0.82 0.00
255 1.22 0.30 0.00
256 1.12 1.83 0.00
257 0.88 0.82 0.00
258 1.89 0.06 0.00
259 1.26 5.32 0.00
260 1.50 2.44 0.00
261 9714.37 8.63 0.00
262 1.65 0.36 0.00
263 0.84 2.45 0.00
264 1.00 5.48 0.00
265 27.25 39.52 0.00
266 2.11 7.98 0.00
267 36.06 11711.40 0.00
268 2.45 143.19 0.00
269 2.12 2.44 0.00
270 0.88 0.30 0.00
271 1.67 1.80 0.00
272 1.54 0.85 0.00
273 1.64 0.37 0.00
274 0.55 1.81 0.00
275 1.85 0.82 0.00
276 1.50 1.67 0.00
277 0.86 0.41 0.00
278 1.46 0.82 0.00
279 1.06 1.92 0.00
280 1.19 0.30 0.00
281 1.86 2.41 0.00
282 1.54 0.30 0.00
283 1.88 0.30 0.00
284 1.33 0.82 0.00
285 0.88 0.30 0.00
286 1.78 1.84 0.00
287 1.44 0.88 0.00
288 1.20 0.37 0.00
289 1.85 3.43 0.00
290 1.31 0.82 0.00
291 0.91 1.78 0.00
292 1.55 0.36 0.00
293 1.39 0.82 0.00
294 1.58 0.30 0.00
295 1.55 0.30 0.00
296 1.39 2.28 0.00
297 0.66 0.30 0.00
298 1.42 0.30 0.00
299 1.50 2.44 0.00
300 0.87 0.30 0.00
301 3.01 1.90 0.00
302 1.43 0.82 0.00
303 1.42 0.37 0.00
304 2.37 1.81 0.00
305 0.77 0.82 0.00
306 1.86 1.90 0.00
307 3.24 0.30 0.00
308 0.85 0.82 0.00
309 1.85 1.92 0.00
310 4.62 230.33 0.00
311 1.63 127.86 0.00
312 1.89 0.30 0.00
313 1.19 0.30 0.00
314 1.43 0.82 0.00
315 29.11 30.41 0.00
316 2.45 27.62 0.00
317 1.10 0.82 0.00
318 2.20 0.37 0.00
319 1.06 3.43 0.00
320 0.82 0.88 0.00
321 2.64 1.88 0.00
322 1.76 0.30 0.00
323 1.91 0.82 0.00
324 1.51 0.30 0.00
325 1.22 0.30 0.00
326 2.08 2.41 0.00
327 1.88 0.30 0.00
328 0.84 0.30 0.00
329 2.71 2.50 0.00
330 9.95 11853.45 0.00
331 1.38 1.77 0.00
332 1.99 0.82 0.00
333 0.98 0.45 0.00
334 0.76 1.73 0.00
335 1.88 0.82 0.00
336 1.47 1.96 0.00
337 1.33 0.30 0.00
338 1.84 0.82 0.00
339 2.65 1.92 0.00
340 0.77 0.30 0.00
341 2.51 2.41 0.00
342 6.88 4.68 0.00
343 189.35 4.89 0.00
344 2.20 0.82 0.00
345 0.99 0.30 0.00
346 2.96 1.71 0.00
347 2.07 3.86 0.00
348 2.09 5.23 0.00
349 11886.28 38.32 0.00
350 0.99 0.82 0.00
351 2.63 8.81 0.00
352 3.80 167.46 0.00
353 1.36 0.95 0.00
354 1.70 0.30 0.00
355 2.38 0.30 0.00
356 1.45 2.35 0.00
357 0.55 0.30 0.00
358 1.75 0.30 0.00
359 1.61 2.44 0.00
360 0.89 0.00 0.00
361 2.29 1.71 0.00
362 0.66 0.88 0.00
363 1.65 0.37 0.00
364 1.77 1.81 0.00
365 0.55 0.82 0.00
366 1.44 1.65 0.00
367 1.78 0.36 0.00
368 0.84 0.82 0.00
369 1.97 1.92 0.00
370 1.47 0.30 0.00
371 1.36 2.55 0.00
372 1.22 0.33 0.00
373 0.84 0.30 0.00
374 0.89 0.30 0.00
375 1.45 0.30 0.00
376 1.65 2.00 0.00
377 0.99 0.33 0.00
378 3.01 1.47 0.00
379 1.51 3.35 0.00
380 1.22 0.30 0.00
381 3.28 2.35 0.00
382 1.22 0.30 0.00
383 1.19 0.30 0.00
384 3.03 0.82 0.00
385 3.03 2.09 0.00
386 1.13 1.83 0.00
387 2.10 0.82 0.00
388 0.63 0.30 0.00
389 1.73 1.92 0.00
390 0.77 0.82 0.00
391 2.00 1.83 0.00
392 1.85 0.30 0.00
393 0.95 0.96 0.00
394 0.55 1.73 0.00
395 2.30 0.30 0.00
396 1.39 2.28 0.00
397 0.66 0.30 0.00
398 29.39 34.15 0.00
399 1.77 15.12 0.00
400 0.99 0.30 0.00
401 2.10 1.96 0.00
402 1.06 0.82 0.00
403 1.55 0.30 0.00
404 1.73 0.30 0.00
405 1.76 0.82 0.00
406 2.17 1.96 0.00
407 1.74 0.30 0.00
408 1.26 0.88 0.00
409 2.06 3.43 0.00
410 0.99 0.30 0.00
411 2.34 2.28 0.00
412 1.71 0.30 0.00
413 0.86 0.30 0.00
414 2.08 0.82 0.00
415 2.32 0.30 0.00
416 1.69 1.77 0.00
417 2.37 0.82 0.00
418 1.80 0.30 0.00
419 1.18 1.92 0.00
420 2.89 0.82 0.00
421 2.20 1.83 0.00
422 5.82 358.12 0.00
423 3.19 2.39 0.00
424 1.89 0.30 0.00
425 0.99 0.00 0.00
426 28.83 26.75 0.00
427 8.00 31.22 0.00
428 1.51 7.11 0.00
429 2.21 7.69 0.00
430 1.14 0.30 0.00
431 0.95 1.71 0.00
432 1.95 0.88 0.00
433 0.52 0.30 0.00
434 0.33 0.30 0.00
435 1.52 0.82 0.00
436 2.33 1.60 0.00
437 1.90 0.41 0.00
438 1.75 0.88 0.00
439 2.97 3.43 0.00
440 1.53 0.30 0.00
441 2.62 2.53 0.00
442 1.51 0.32 0.00
443 2.62 0.30 0.00
444 1.65 0.82 0.00
445 1.44 0.30 0.00
446 12.23 3409.47 0.00
447 4.62 1081.68 0.00
448 1.70 0.37 0.00
449 1.70 1.92 0.00
450 17.58 9390.31 0.00
451 2.62 62.84 0.00
452 2.25 0.37 0.00
453 4.94 2399.18 0.00
454 13.26 7098.95 0.00
455 2.00 0.37 0.00
456 2.87 2.41 0.00
457 16.62 8982.47 0.00
458 2.05 0.43 0.00
459 17.30 9350.53 0.00
460 4.00 1360.99 0.00
461 2.16 1.90 0.00
462 4.13 86.99 0.00
463 23.00 13661.18 0.00
464 1.94 22.25 0.00
465 1.47 0.88 0.00
466 2.78 1.90 0.00
467 32.37 17332.07 0.00
468 1.49 1.02 0.00
469 1.91 3.41 0.00
470 26.04 14907.08 0.00
471 2.28 23.29 0.00
472 1.50 0.37 0.00
473 1.16 0.30 0.00
474 12.38 6527.94 0.00
475 13.37 7107.42 0.00
476 1.77 1.71 0.00
477 0.98 0.82 0.00
478 1.80 0.37 0.00
479 28.38 16370.61 0.00
480 1.93 11.70 0.00
481 2.30 1.90 0.00
482 1.33 0.30 0.00
483 25.05 12604.07 0.00
484 1.66 0.30 0.00
485 0.77 0.30 0.00
486 1.19 2.41 0.00
487 1.50 0.37 0.00
488 0.63 0.30 0.00
489 2.04 2.44 0.00
490 1.76 0.37 0.00
491 25.27 18.62 0.00
492 6.35 29.32 0.00
493 0.63 0.28 0.00
494 0.99 0.30 0.00
495 2.91 0.82 0.00
496 1.41 1.60 0.00
497 1.64 0.41 0.00
498 3.36 0.96 0.00
499 2.55 3.35 0.00
500 1.33 0.37 0.00
501 3.05 2.23 0.00
502 1.44 0.36 0.00
503 1.46 0.30 0.00
504 1.77 0.82 0.00
505 0.66 0.30 0.00
506 2.77 3.66 0.00
507 3.23 2.56 0.00
508 1.30 0.38 0.00
509 3.31 3.78 0.00
510 0.77 0.75 0.00
511 1.54 1.80 0.00
512 1.97 0.33 0.00
513 0.87 0.96 0.00
514 0.77 1.73 0.00
515 1.66 0.37 0.00
516 4.12 295.72 0.00
517 0.94 0.37 0.00
518 1.87 30.81 0.00
519 1.06 2.44 0.00
520 0.77 0.30 0.00
521 2.27 1.90 0.00
522 1.11 0.82 0.00
523 1.55 0.30 0.00
524 1.10 0.30 0.00
525 0.78 0.82 0.00
526 1.54 1.77 0.00
527 1.74 0.37 0.00
528 1.98 0.90 0.00
529 1.51 3.35 0.00
530 0.99 0.82 0.00
531 1.07 1.77 0.00
532 30.00 32.83 0.00
533 7.53 31.89 0.00
534 1.68 7.62 0.00
535 1.75 0.30 0.00
536 2.60 2.35 0.00
537 0.82 0.34 0.00
538 1.63 0.30 0.00
539 2.32 2.44 0.00
540 0.88 0.30 0.00
541 2.06 1.77 0.00
542 0.77 0.82 0.00
543 20.29 25.94 0.00
544 2509.16 16.12 0.00
545 1.21 0.82 0.00
546 1.17 1.77 0.00
547 1.55 0.30 0.00
548 1.06 0.82 0.00
549 10378.21 21.70 0.00
550 10435.24 15.19 0.00
551 13354.80 22.41 0.00
552 9601.40 14.96 0.00
553 13743.91 28.15 0.00
554 11328.22 22.69 0.00
555 10356.16 19.70 0.00
556 22206.48 41.09 0.00
557 28762.29 52.64 0.00
558 1291.69 12.21 0.00
559 1.60 6.35 0.00
560 1.21 0.84 0.00
561 1.79 1.87 0.00
562 0.99 0.33 0.00
563 1.06 0.82 0.00
564 1.76 0.30 0.00
565 1.33 0.30 0.00
566 1.45 2.35 0.00
567 1.43 0.30 0.00
568 1.18 0.30 0.00
569 1.84 5.31 0.00
570 0.76 0.30 0.00
571 1.77 2.05 0.00
572 2.70 0.82 0.00
573 85434.10 85.42 0.00
574 36165.85 27.18 0.00
575 3.10 0.95 0.00
576 2.72 1.96 0.00
577 0.91 0.37 0.00
578 3.52 0.88 0.00
579 1.50 4.80 0.00
580 1.00 0.30 0.00
581 2.71 1.89 0.00
582 1.67 0.95 0.00
583 1981.36 4.31 0.00
584 2.18 1.13 0.00
585 1.10 0.30 0.00
586 1.98 1.71 0.00
587 2.00 0.57 0.00
588 1.42 0.45 0.00
589 2.82 6.25 0.00
590 1.05 0.82 0.00
591 1.26 1.54 0.00
592 1.65 0.40 0.00
593 0.85 0.82 0.00
594 1.58 0.30 0.00
595 1.67 0.30 0.00
596 2.07 2.41 0.00
597 0.66 0.30 0.00
598 2.21 0.30 0.00
599 1.39 5.34 0.00
600 0.77 0.30 0.00
601 1.90 1.77 0.00
602 0.99 0.88 0.00
603 0.76 0.45 0.00
604 1.33 1.73 0.00
605 0.66 0.82 0.00
606 1.34 1.67 0.00
607 1.11 0.40 0.00
608 0.84 0.82 0.00
609 1.63 4.82 0.00
610 1.25 0.30 0.00
611 14805.85 41.04 0.00
612 1.78 0.30 0.00
613 0.74 7.21 0.00
614 1.59 0.00 0.00
615 1.00 0.82 0.00
616 1.56 1.73 0.00
617 1.92 0.92 0.00
618 1.75 0.37 0.00
619 1.28 5.59 0.00
620 1.10 0.82 0.00
621 1.45 1.60 0.00
622 1.00 0.40 0.00
623 0.86 0.82 0.00
624 1.11 0.30 0.00
625 1.00 0.30 0.00
626 11999.79 14.26 0.00
627 1.44 0.85 0.00
628 1.18 0.30 0.00
629 1.84 4.60 0.00
630 1.98 1.86 0.00
631 1.67 7.02 0.00
632 1.76 0.88 0.00
633 2.31 0.37 0.00
634 0.77 1.81 0.00
635 1.43 0.82 0.00
636 1.84 1.71 0.00
637 1.22 0.36 0.00
638 0.91 0.82 0.00
639 1.74 2.85 0.00
640 1.10 0.30 0.00
641 1.74 2.22 0.00
642 1.63 0.30 0.00
643 2.00 0.30 0.00
644 1.94 0.82 0.00
645 1.63 0.30 0.00
646 2.12 1.84 0.00
647 1.74 0.88 0.00
648 1.94 0.45 0.00
649 2.33 4.27 0.00
650 1.87 0.82 0.00
651 2.15 1.87 0.00
652 2.48 0.33 0.00
653 2.18 0.82 0.00
654 1.13 0.30 0.00
655 0.77 0.30 0.00
656 3.80 2.32 0.00
657 0.99 0.33 0.00
658 1.29 0.30 0.00
659 2.25 3.36 0.00
660 1.32 0.30 0.00
661 1.51 0.30 0.00
662 2.42 2.39 0.00
663 2.23 1.87 0.00
664 1.61 0.37 0.00
665 1.88 0.30 0.00
666 1.28 0.82 0.00
667 1.55 1.90 0.00
668 2.40 0.30 0.00
669 1.88 3.93 0.00
670 1.92 0.30 0.00
671 1.26 0.30 0.00
672 2.12 2.48 0.00
673 1.52 0.30 0.00
674 1.30 0.34 0.00
675 1.35 0.82 0.00
676 2.17 0.30 0.00
677 1.89 1.90 0.00
678 1.95 2.39 0.00
679 1.83 2.85 0.00
680 1.25 0.82 0.00
681 1.46 0.30 0.00
682 1.82 1.83 0.00
683 1.06 0.82 0.00
684 0.99 0.30 0.00
685 2.23 0.00 0.00
686 1.71 0.30 0.00
687 1.13 2.54 0.00
688 3.33 0.30 0.00
689 1.73 3.43 0.00
690 1.22 0.30 0.00
691 2.44 0.30 0.00
692 2.27 2.35 0.00
693 1.54 0.45 0.00
694 2.36 1.73 0.00
695 1.00 0.82 0.00
696 2.17 0.30 0.00
697 1.33 1.90 0.00
698 1.06 0.82 0.00
699 1.96 2.85 0.00
700 1.55 0.30 0.00
701 1.17 0.82 0.00
702 2.87 2.03 0.00
703 2.15 0.30 0.00
704 1.62 0.82 0.00
705 1.83 0.30 0.00
706 1.55 0.30 0.00
707 1.62 2.28 0.00
708 2.13 0.37 0.00
709 1.17 4.35 0.00
710 1.76 0.82 0.00
711 1.07 0.30 0.00
712 2.22 1.83 0.00
713 1.62 0.82 0.00
714 1.47 0.30 0.00
715 0.77 0.30 0.00
716 2.18 0.82 0.00
717 1.11 1.90 0.00
718 1.07 0.30 0.00
719 1.62 3.36 0.00
720 0.55 0.30 0.00
721 0.63 0.30 0.00
722 2.06 2.47 0.00
723 0.98 0.45 0.00
724 1.00 1.73 0.00
725 1.54 0.82 0.00
726 0.95 0.30 0.00
727 2.65 1.83 0.00
728 1.51 0.82 0.00
729 0.73 2.85 0.00
730 3.08 0.30 0.00
731 0.74 0.30 0.00
732 1.43 2.41 0.00
733 2.68 0.30 0.00
734 1.08 0.82 0.00
735 0.33 0.30 0.00
736 2.29 0.30 0.00
737 1.44 2.04 0.00
738 1.32 0.37 0.00
739 1.74 4.35 0.00
740 1.32 0.82 0.00
741 0.86 0.30 0.00
742 2.39 1.96 0.00
743 0.96 0.82 0.00
744 0.66 0.30 0.00
745 2.10 0.30 0.00
746 0.85 0.82 0.00
747 1.22 1.90 0.00
748 2.41 0.30 0.00
749 1.53 3.49 0.00
750 1.78 0.30 0.00
751 1.18 0.30 0.00
752 1.71 2.35 0.00
753 2.09 0.45 0.00
754 1.26 2.30 0.00
755 0.88 0.82 0.00
756 1.75 0.30 0.00
757 1.05 1.83 0.00
758 0.74 0.30 0.00
759 1.84 3.36 0.00
760 0.76 0.30 0.00
761 1.18 0.82 0.00
762 1.67 1.90 0.00
763 1.43 0.30 0.00
764 1.78 0.82 0.00
765 1.44 0.30 0.00
766 2.25 0.30 0.00
767 1.23 1.90 0.00
768 1.97 0.96 0.00
769 2.40 5.25 0.00
770 1.44 0.82 0.00
771 0.96 0.30 0.00
772 2.20 1.83 0.00
773 1.96 0.82 0.00
774 2.02 0.30 0.00
775 1.22 0.30 0.00
776 2.18 0.82 0.00
777 1.55 1.90 0.00
778 1.52 0.30 0.00
779 2.35 3.36 0.00
780 1.33 0.30 0.00
781 1.41 0.30 0.00
782 2.33 2.41 0.00
783 1.31 1.87 0.00
784 0.99 0.30 0.00
785 1.88 0.82 0.00
786 1.18 0.30 0.00
787 1.59 1.81 0.00
788 2.06 0.82 0.00
789 1.06 2.85 0.00
790 2.81 0.30 0.00
791 1.17 0.82 0.00
792 1.33 1.90 0.00
793 2.21 0.30 0.00
794 1.21 0.82 0.00
795 0.99 0.30 0.00
796 1.75 0.30 0.00
797 1.15 2.35 0.00
798 0.87 1.87 0.00
799 1.51 2.85 0.00
800 1.10 0.82 0.00
801 1.51 0.30 0.00
802 2.33 1.77 0.00
803 0.96 0.82 0.00
804 2.24 0.30 0.00
805 1.67 0.30 0.00
806 0.97 0.51 0.00
807 2.81 1.84 0.00
808 1.86 0.36 0.00
809 1.29 3.36 0.00
810 3.03 0.30 0.00
811 1.65 0.37 0.00
812 2.02 2.54 0.00
813 1.64 0.37 0.00
814 1.45 1.81 0.00
815 0.88 0.82 0.00
816 2.23 0.83 0.00
817 1.18 2.01 0.00
818 1.30 0.82 0.00
819 1.93 2.85 0.00
820 1.29 0.30 0.00
821 1.12 0.86 0.00
822 2.31 1.90 0.00
823 1.55 0.30 0.00
824 0.88 0.82 0.00
825 1.44 0.30 0.00
826 1.97 0.30 0.00
827 0.87 2.28 0.00
828 2.22 0.37 0.00
829 1.39 4.35 0.00
830 1.72 0.82 0.00
831 0.85 0.30 0.00
832 1.22 1.90 0.00
833 1.29 0.82 0.00
834 2.28 0.30 0.00
835 1.76 0.30 0.00
836 1.84 0.82 0.00
837 1.29 1.96 0.00
838 1.69 0.30 0.00
839 2.58 3.36 0.00
840 1.24 0.30 0.00
841 1.54 0.30 0.00
842 2.15 2.15 0.00
843 2.24 0.45 0.00
844 0.99 1.73 0.00
845 2.06 0.82 0.00
846 2.11 0.30 0.00
847 3.26 3.62 0.00
848 2.16 0.82 0.00
849 2.22 2.85 0.00
850 2.75 0.30 0.00
851 0.97 0.30 0.00
852 1.30 2.60 0.00
853 1.25 0.30 0.00
854 0.75 0.30 0.00
855 0.33 0.82 0.00
856 1.30 0.30 0.00
857 1.28 2.41 0.00
858 6.57 31.14 0.00
859 1.96 2.71 0.00
860 0.66 0.82 0.00
861 0.85 0.30 0.00
862 2.09 1.90 0.00
863 1.64 0.82 0.00
864 1.78 0.30 0.00
865 1.11 0.30 0.00
866 2.43 0.82 0.00
867 2.27 1.96 0.00
868 1.60 0.30 0.00
869 1.91 3.23 0.00
870 2.99 0.30 0.00
871 0.63 0.30 0.00
872 1.56 2.41 0.00
873 2.55 1.87 0.00
874 1.20 0.30 0.00
875 1.44 0.82 0.00
876 1.94 0.30 0.00
877 1.46 1.83 0.00
878 1.94 0.51 0.00
879 2.16 2.71 0.00
880 1.43 0.30 0.00
881 1.52 0.30 0.00
882 3.89 2.51 0.00
883 1.53 0.33 0.00
884 0.66 0.82 0.00
885 3.03 0.37 0.00
886 2.19 0.30 0.00
887 2.29 2.48 0.00
888 2.89 0.37 0.00
889 1.51 4.22 0.00
890 2.25 1.15 0.00
891 1.26 0.30 0.00
892 1.70 1.90 0.00
893 2.18 0.88 0.00
894 2.38 0.30 0.00
895 1.33 0.30 0.00
896 2.18 0.82 0.00
897 2.55 1.90 0.00
898 1.16 0.30 0.00
899 1.84 3.23 0.00
900 1.07 0.30 0.00
901 1.58 0.30 0.00
902 2.60 2.35 0.00
903 1.42 0.37 0.00
904 0.66 1.81 0.00
905 1.76 0.82 0.00
906 0.74 0.30 0.00
907 1.71 1.96 0.00
908 1.62 0.82 0.00
909 1.29 2.71 0.00
910 2.12 0.30 0.00
911 0.85 0.82 0.00
912 1.40 1.90 0.00
913 1.41 0.30 0.00
914 0.77 0.82 0.00
915 0.44 0.30 0.00
916 1.71 0.30 0.00
917 1.69 2.68 0.00
918 0.76 0.45 0.00
919 1.40 4.14 0.00
920 0.66 0.30 0.00
921 2.11 0.82 0.00
922 1.51 1.96 0.00
923 1.38 0.82 0.00
924 2.35 0.30 0.00
925 2.02 0.37 0.00
926 2.28 0.82 0.00
927 3.11 1.96 0.00
928 1.52 0.30 0.00
929 1.97 3.23 0.00
930 2.25 0.64 0.00
931 0.96 0.30 0.00
932 1.35 2.54 0.00
933 1.86 1.87 0.00
934 1.10 0.30 0.00
935 1.21 0.82 0.00
936 1.74 0.30 0.00
937 1.33 1.90 0.00
938 1.48 0.82 0.00
939 2.38 2.71 0.00
940 1.21 0.30 0.00
941 1.06 0.82 0.00
942 1.82 13.46 0.00
943 1.33 0.30 0.00
944 0.87 0.81 0.00
945 1.44 0.30 0.00
946 1.33 0.30 0.00
947 1.22 2.41 0.00
948 1.84 1.87 0.00
949 1.79 1.92 0.00
950 29.77 26.05 0.00
951 0.85 0.30 0.00
952 1.18 1.96 0.00
953 1.40 0.82 0.00
954 1.56 0.30 0.00
955 1.00 0.30 0.00
956 1.52 0.00 0.00
957 2.19 2.55 0.00
958 1.62 0.36 0.00
959 2.59 0.30 0.00
960 0.88 0.82 0.00
961 0.85 0.30 0.00
962 3.12 2.09 0.00
963 1.09 0.96 0.00
964 0.66 1.73 0.00
965 1.54 0.82 0.00
966 2.01 0.30 0.00
967 1.27 1.83 0.00
968 1.29 0.82 0.00
969 0.89 0.30 0.00
970 2.25 0.30 0.00
971 1.04 0.89 0.00
972 1.48 2.15 0.00
973 1.41 0.30 0.00
974 0.99 0.30 0.00
975 0.66 0.82 0.00
976 1.35 0.37 0.00
977 1.50 2.45 0.00
978 1.17 0.57 0.00
979 1.44 1.73 0.00
980 0.88 0.82 0.00
981 1.07 0.30 0.00
982 1.93 1.83 0.00
983 1.22 0.86 0.00
984 0.77 0.30 0.00
985 1.77 0.00 0.00
986 1.15 0.82 0.00
987 1.79 2.00 0.00
988 1.74 0.33 0.00
989 0.99 0.82 0.00
990 1.21 0.30 0.00
991 0.86 0.30 0.00
992 1.72 2.47 0.00
993 2.81 16.43 0.00
994 0.96 22.59 0.00
995 27.86 11853.54 0.00
996 3.73 4322.92 0.00
997 1.70 2.15 0.00
998 56.28 60517.99 0.00
999 55.79 49804.48 0.00
1000 0.88 0.30 0.00
1001 2.11 0.82 0.00
1002 1.84 1.90 0.00
1003 1.61 0.30 0.00
1004 2.36 0.82 0.00
1005 2.82 0.30 0.00
1006 1.55 0.30 0.00
1007 1.19 2.15 0.00
1008 2.21 1.87 0.00
1009 1.66 1.99 0.00
1010 7.83 9533.78 0.00
1011 1.75 0.30 0.00
1012 1.12 1.57 0.00
1013 10.18 11768.26 0.00
1014 2.26 0.30 0.00
1015 1.10 0.30 0.00
1016 1.07 0.82 0.00
1017 1.99 1.83 0.00
1018 0.95 0.30 0.00
1019 2.06 2.44 0.00
1020 1.76 0.30 0.00
1021 0.73 0.30 0.00
1022 1.82 2.35 0.00
1023 2.31 1.87 0.00
1024 32.52 33.30 0.00
1025 10.66 23.17 0.00
1026 2.17 13.91 0.00
1027 1.76 15.50 0.00
1028 0.96 0.82 0.00
1029 2.00 1.96 0.00
1030 1.03 0.30 0.00
1031 1.84 0.82 0.00
1032 1.03 1.69 0.00
1033 0.91 0.33 0.00
1034 1.44 0.30 0.00
1035 0.55 0.82 0.00
1036 0.85 0.30 0.00
1037 3.32 2.47 0.00
1038 1.42 0.45 0.00
1039 1.73 3.35 0.00
1040 3.35 0.82 0.00
1041 1.29 0.30 0.00
1042 1.27 1.83 0.00
1043 3.32 0.82 0.00
1044 0.99 0.30 0.00
1045 0.77 0.30 0.00
1046 11.82 13.12 0.00
1047 1.22 1.90 0.00
1048 0.63 0.30 0.00
1049 2.39 3.36 0.00
1050 1.11 0.30 0.00
1051 1.79 0.37 0.00
1052 2.27 2.45 0.00
1053 1.09 1.87 0.00
1054 1.11 0.30 0.00
1055 0.32 0.82 0.00
1056 1.74 0.30 0.00
1057 1.93 1.83 0.00
1058 0.84 0.82 0.00
1059 1.63 2.85 0.00
1060 1.67 0.30 0.00
1061 1.49 0.82 0.00
1062 1.93 1.77 0.00
1063 2.22 0.30 0.00
1064 1.00 0.82 0.00
1065 0.94 0.30 0.00
1066 2.55 0.30 0.00
1067 1.66 3.05 0.00
1068 1.28 1.87 0.00
1069 2.26 2.85 0.00
1070 1.00 0.82 0.00
1071 2.47 0.30 0.00
1072 1.71 1.63 0.00
1073 0.96 0.85 0.00
1074 2.78 0.30 0.00
1075 2.23 0.30 0.00
1076 0.74 0.30 0.00
1077 2.10 2.38 0.00
1078 1.60 0.33 0.00
1079 2.76 3.36 0.00
1080 1.66 0.30 0.00
1081 2.06 0.30 0.00
1082 2.53 2.35 0.00
1083 1.95 0.45 0.00
1084 0.66 1.73 0.00
1085 0.99 0.82 0.00
1086 1.60 0.30 0.00
1087 1.55 1.83 0.00
1088 1.62 0.89 0.00
1089 2.29 2.85 0.00
1090 1.81 0.30 0.00
1091 1.96 0.82 0.00
1092 1.18 1.93 0.00
1093 0.52 0.33 0.00
1094 1.22 0.82 0.00
1095 0.67 0.30 0.00
1096 1.06 0.30 0.00
1097 1.81 1.65 0.00
1098 0.93 0.88 0.00
1099 1.47 4.42 0.00
1100 1.64 0.81 0.00
1101 1.43 0.30 0.00
1102 1.95 1.80 0.00
1103 2.18 0.85 0.00
1104 1.27 0.30 0.00
1105 1.62 0.30 0.00
1106 1.73 0.82 0.00
1107 1.46 2.00 0.00
1108 0.80 0.33 0.00
1109 1.84 3.36 0.00
1110 0.77 0.30 0.00
1111 1.41 0.30 0.00
1112 2.05 2.35 0.00
1113 1.73 0.37 0.00
1114 2.37 1.81 0.00
1115 1.21 0.82 0.00
1116 0.91 0.30 0.00
1117 3.26 1.90 0.00
1118 0.96 0.82 0.00
1119 1.74 2.85 0.00
1120 2.81 0.30 0.00
1121 1.18 0.30 0.00
1122 1.38 2.35 0.00
1123 2.00 0.30 0.00
1124 1.10 0.82 0.00
1125 0.88 0.30 0.00
1126 2.43 0.30 0.00
1127 2.01 2.54 0.00
1128 1.20 0.37 0.00
1129 2.48 4.35 0.00
1130 1.09 0.82 0.00
1131 2.27 0.30 0.00
1132 1.46 1.96 0.00
1133 1.38 0.82 0.00
1134 2.34 0.30 0.00
1135 1.23 0.37 0.00
1136 1.17 0.82 0.00
1137 1.61 1.83 0.00
1138 1.29 0.30 0.00
1139 1.06 3.36 0.00
1140 1.82 0.83 0.00
1141 0.74 0.35 0.00
1142 2.21 2.41 0.00
1143 1.87 1.87 0.00
1144 0.77 0.30 0.00
1145 0.93 0.41 0.00
1146 1.40 0.75 0.00
1147 1.00 1.90 0.00
1148 0.85 0.82 0.00
1149 2.21 2.85 0.00
1150 1.14 0.30 0.00
1151 1.96 0.82 0.00
1152 1.05 1.83 0.00
1153 2.00 0.30 0.00
1154 1.44 0.82 0.00
1155 0.66 0.30 0.00
1156 2.00 0.30 0.00
1157 2.04 2.35 0.00
1158 0.98 1.87 0.00
1159 2.11 2.85 0.00
1160 1.99 0.82 0.00
1161 1.49 0.30 0.00
1162 1.18 1.96 0.00
1163 2.29 0.82 0.00
1164 0.93 0.30 0.00
1165 1.01 0.30 0.00
1166 1.96 0.82 0.00
1167 1.40 1.64 0.00
1168 1.30 0.30 0.00
1169 2.17 3.36 0.00
1170 1.55 0.30 0.00
1171 1.29 0.30 0.00
1172 1.85 2.15 0.00
1173 1.86 1.87 0.00
1174 0.88 0.30 0.00
1175 1.90 0.37 0.00
1176 2.07 0.82 0.00
1177 1.59 1.33 0.00
1178 0.96 0.89 0.00
1179 2.62 2.85 0.00
1180 1.67 0.79 0.00
1181 1.17 0.87 0.00
1182 1.89 1.87 0.00
1183 1.67 0.33 0.00
1184 1.10 0.82 0.00
1185 1.49 0.37 0.00
1186 1.76 0.28 0.00
1187 1.64 2.28 0.00
1188 1.54 0.45 0.00
1189 1.28 4.27 0.00
1190 1.55 0.30 0.00
1191 2.07 0.82 0.00
1192 2.53 1.80 0.00
1193 2.06 0.85 0.00
1194 1.80 0.30 0.00
1195 2.25 0.30 0.00
1196 1.96 0.82 0.00
1197 1.31 1.77 0.00
1198 2.33 0.30 0.00
1199 1.95 3.36 0.00
1200 0.99 0.30 0.00
1201 1.29 0.30 0.00
1202 2.60 2.35 0.00
1203 1.64 1.87 0.00
1204 1.87 0.30 0.00
1205 2.10 0.82 0.00
1206 1.19 0.30 0.00
1207 1.43 1.77 0.00
1208 1.95 0.82 0.00
1209 1.74 2.85 0.00
1210 1.92 0.30 0.00
1211 0.73 0.82 0.00
1212 1.59 1.70 0.00
1213 1.30 0.30 0.00
1214 0.88 0.82 0.00
1215 0.89 0.30 0.00
1216 1.62 0.30 0.00
1217 1.83 2.35 0.00
1218 0.87 1.87 0.00
1219 1.99 25.92 0.00
1220 1.21 0.82 0.00
1221 1.19 0.30 0.00
1222 1.67 1.90 0.00
1223 1.40 0.82 0.00
1224 0.82 0.34 0.00
1225 1.33 0.30 0.00
1226 1.06 0.82 0.00
1227 1.38 1.83 0.00
1228 2.08 0.00 0.00
1229 1.40 1.92 0.00
1230 2.48 0.82 0.00
1231 1.07 0.30 0.00
1232 1.44 2.41 0.00
1233 2.31 0.37 0.00
1234 2.37 1.81 0.00
1235 1.00 0.82 0.00
1236 1.75 0.30 0.00
1237 2.76 1.82 0.00
1238 1.18 0.83 0.00
1239 2.52 1.92 0.00
1240 0.88 0.30 0.00
1241 1.63 0.82 0.00
1242 1.53 1.74 0.00
1243 1.77 0.33 0.00
1244 0.88 0.82 0.00
1245 2.00 0.30 0.00
1246 1.86 0.30 0.00
1247 1.52 2.41 0.00
1248 1.75 0.45 0.00
1249 1.60 3.35 0.00
1250 2.20 0.82 0.00
1251 1.18 0.30 0.00
1252 1.44 1.84 0.00
1253 2.38 0.88 0.00
1254 1.87 0.30 0.00
1255 1.94 0.30 0.00
1256 1.84 0.82 0.00
1257 1.67 1.77 0.00
1258 0.85 0.36 0.00
1259 1.73 1.92 0.00
1260 0.99 0.82 0.00
1261 1.43 0.30 0.00
1262 2.21 2.41 0.00
1263 1.31 0.37 0.00
1264 0.77 1.81 0.00
1265 3.38 0.82 0.00
1266 1.13 0.30 0.00
1267 1.55 1.88 0.00
1268 2.02 0.83 0.00
1269 2.62 1.92 0.00
1270 2.68 0.30 0.00
1271 1.29 0.82 0.00
1272 2.86 2.03 0.00
1273 1.52 0.36 0.00
1274 1.52 0.82 0.00
1275 2.23 0.30 0.00
1276 10.21 11824.28 0.00
1277 2.01 34.94 0.00
1278 1.21 0.45 0.00
1279 1.80 3.35 0.00
1280 0.94 0.82 0.00
1281 0.94 0.30 0.00
1282 1.78 1.84 0.00
1283 0.96 0.88 0.00
1284 0.77 0.30 0.00
1285 1.62 0.30 0.00
1286 0.96 0.82 0.00
1287 0.94 1.76 0.00
1288 1.84 0.37 0.00
1289 1.48 2.44 0.00
1290 2.34 0.30 0.00
1291 1.97 0.30 0.00
1292 1.55 2.41 0.00
1293 3.66 0.45 0.00
1294 2.08 1.73 0.00
1295 1.40 0.82 0.00
1296 2.69 0.30 0.00
1297 3.16 1.90 0.00
1298 1.28 0.88 0.00
1299 2.19 1.92 0.00
1300 1.78 0.30 0.00
1301 1.81 0.82 0.00
1302 2.74 1.78 0.00
1303 1.75 0.36 0.00
1304 1.19 0.30 0.00
1305 2.76 0.82 0.00
1306 1.86 0.30 0.00
1307 1.18 1.90 0.00
1308 3.36 1.02 0.00
1309 1.57 3.35 0.00
1310 1.53 0.30 0.00
1311 2.11 0.82 0.00
1312 1.25 1.77 0.00
1313 2.17 0.36 0.00
1314 2.96 0.82 0.00
1315 1.09 0.30 0.00
1316 1.52 0.30 0.00
1317 1.46 2.45 0.00
1318 1.63 0.33 0.00
1319 2.27 1.92 0.00
1320 0.55 0.82 0.00
1321 2.09 0.30 0.00
1322 2.27 1.80 0.00
1323 0.76 0.99 0.00
1324 2.11 1.73 0.00
1325 1.96 0.30 0.00
1326 1.62 0.82 0.00
1327 2.59 1.87 0.00
1328 2.13 0.33 0.00
1329 1.16 2.44 0.00
1330 2.92 0.30 0.00
1331 0.63 0.30 0.00
1332 0.99 2.38 0.00
1333 1.52 0.33 0.00
1334 1.52 0.30 0.00
1335 0.99 0.82 0.00
1336 1.85 0.30 0.00
1337 1.70 1.94 0.00
1338 1.30 0.98 0.00
1339 1.73 3.35 0.00
1340 0.66 0.30 0.00
1341 1.28 0.82 0.00
1342 1.76 1.71 0.00
1343 1.82 0.36 0.00
1344 1.10 0.82 0.00
1345 1.22 0.30 0.00
1346 0.96 0.30 0.00
1347 2.53 2.34 0.00
1348 1.62 0.30 0.00
1349 1.06 1.92 0.00
1350 3.00 0.82 0.00
1351 1.71 0.30 0.00
1352 2.27 1.83 0.00
1353 4.12 2.39 0.00
1354 1.22 0.30 0.00
1355 1.21 0.30 0.00
1356 2.19 0.82 0.00
1357 1.92 2.09 0.00
1358 1.08 0.30 0.00
1359 1.73 2.44 0.00
1360 0.77 0.30 0.00
1361 0.85 0.30 0.00
1362 2.46 2.54 0.00
1363 1.44 0.30 0.00
1364 0.44 0.30 0.00
1365 1.74 0.82 0.00
1366 1.75 0.30 0.00
1367 1.01 1.90 0.00
1368 1.86 2.39 0.00
1369 0.95 1.92 0.00
1370 1.55 0.30 0.00
1371 0.74 0.82 0.00
1372 1.44 1.90 0.00
1373 1.74 0.30 0.00
1374 1.47 0.82 0.00
1375 1.63 0.30 0.00
1376 1.84 0.30 0.00
1377 1.61 2.47 0.00
1378 1.29 0.30 0.00
1379 1.95 1.92 0.00
1380 1.10 0.82 0.00
1381 1.96 0.30 0.00
1382 2.49 1.83 0.00
1383 1.52 2.39 0.00
1384 1.33 0.30 0.00
1385 1.43 0.30 0.00
1386 2.77 0.82 0.00
1387 1.33 1.90 0.00
1388 2.72 0.30 0.00
1389 2.65 2.44 0.00
1390 1.81 0.30 0.00
1391 0.63 0.30 0.00
1392 2.37 2.41 0.00
1393 1.63 0.30 0.00
1394 0.66 0.30 0.00
1395 0.66 0.82 0.00
1396 1.63 0.30 0.00
1397 1.68 2.03 0.00
1398 1.78 2.39 0.00
1399 1.51 1.92 0.00
1400 0.55 0.30 0.00
1401 1.17 0.82 0.00
1402 1.05 1.83 0.00
1403 1.19 0.30 0.00
1404 0.43 0.51 0.00
1405 0.56 0.30 0.00
1406 1.41 0.30 0.00
1407 0.97 2.21 0.00
1408 0.75 0.37 0.00
1409 1.84 1.92 0.00
1410 0.87 0.82 0.00
1411 1.52 0.30 0.00
1412 1.22 1.87 0.00
1413 1.39 0.99 0.00
1414 1.78 1.73 0.00
1415 0.55 0.30 0.00
1416 0.74 0.82 0.00
1417 1.80 1.95 0.00
1418 1.07 0.37 0.00
1419 1.40 2.44 0.00
1420 1.44 0.30 0.00
1421 0.85 0.30 0.00
1422 1.19 2.16 0.00
1423 2.00 0.40 0.00
1424 2.14 0.30 0.00
1425 1.21 0.82 0.00
1426 2.22 0.30 0.00
1427 2.82 1.93 0.00
1428 1.30 0.99 0.00
1429 2.34 3.35 0.00
1430 2.20 0.30 0.00
1431 2.54 0.82 0.00
1432 1.39 1.84 0.00
1433 0.96 0.36 0.00
1434 2.69 0.82 0.00
1435 1.45 0.30 0.00
1436 1.57 0.30 0.00
1437 2.33 2.35 0.00
1438 1.19 0.36 0.00
1439 1.28 1.92 0.00
1440 1.44 0.82 0.00
1441 1.18 0.30 0.00
1442 1.88 1.65 0.00
1443 1.97 1.07 0.00
1444 0.71 1.73 0.00
1445 0.78 0.30 0.00
1446 1.40 0.82 0.00
1447 1.23 2.00 0.00
1448 0.75 0.33 0.00
1449 2.95 2.44 0.00
1450 1.80 0.30 0.00
1451 1.63 0.30 0.00
1452 1.28 2.45 0.00
1453 0.52 0.33 0.00
1454 1.22 0.30 0.00
1455 0.55 0.82 0.00
1456 1.18 0.30 0.00
1457 2.39 1.94 0.00
1458 1.41 0.98 0.00
1459 0.95 3.35 0.00
1460 1.94 0.30 0.00
1461 1.39 0.82 0.00
1462 1.38 1.77 0.00
1463 2.78 0.36 0.00
1464 0.88 0.82 0.00
1465 25.40 17.16 0.00
1466 11.97 32.14 0.00
1467 1.52 8.08 0.00
1468 0.96 0.33 0.00
1469 2.99 1.92 0.00
1470 1.21 0.82 0.00
1471 1.74 0.30 0.00
1472 1.18 1.90 0.00
1473 1.30 1.02 0.00
1474 1.55 1.73 0.00
1475 0.65 0.30 0.00
1476 1.41 0.82 0.00
1477 2.27 1.80 0.00
1478 1.28 0.33 0.00
1479 1.62 2.44 0.00
1480 1.55 0.30 0.00
1481 0.84 0.30 0.00
1482 1.88 2.38 0.00
1483 2.66 0.33 0.00
1484 0.99 0.30 0.00
1485 0.77 0.82 0.00
1486 2.44 0.30 0.00
1487 1.82 1.80 0.00
1488 0.87 0.99 0.00
1489 2.18 3.35 0.00
1490 1.10 0.30 0.00
1491 2.40 0.82 0.00
1492 1.65 1.77 0.00
1493 1.84 0.36 0.00
1494 2.57 0.82 0.00
1495 1.08 0.30 0.00
1496 1.16 0.30 0.00
1497 2.39 2.41 0.00
1498 2.13 0.37 0.00
1499 1.26 1.92 0.00
1500 1.76 0.82 0.00
1501 1.49 0.30 0.00
1502 2.68 1.84 0.00
1503 1.86 2.44 0.00
1504 0.77 0.30 0.00
1505 2.01 0.30 0.00
1506 1.62 0.82 0.00
1507 1.32 1.67 0.00
1508 2.00 0.41 0.00
1509 1.95 2.44 0.00
1510 1.67 0.30 0.00
1511 20.13 9.19 0.00
1512 5.53 8.65 0.00
1513 22.21 4.00 0.00
1514 1.66 0.30 0.00
1515 1.11 0.82 0.00
1516 1.62 0.30 0.00
1517 10.78 27.46 0.00
1518 1.20 2.42 0.00
1519 1.35 4.16 0.00
1520 1.66 0.30 0.00
1521 0.97 10.80 0.00
1522 1.82 1.78 0.00
1523 3.10 2.15 0.00
1524 0.88 0.82 0.00
1525 0.97 0.30 0.00
1526 2.68 0.30 0.00
1527 1.63 2.47 0.00
1528 1.32 0.37 0.00
1529 2.59 1.92 0.00
1530 2.27 0.82 0.00
1531 0.84 0.30 0.00
1532 1.77 2.00 0.00
1533 2.08 2.42 0.00
1534 0.93 0.30 0.00
1535 0.67 0.30 0.00
1536 2.39 0.82 0.00
1537 1.10 1.84 0.00
1538 0.85 0.36 0.00
1539 2.84 2.44 0.00
1540 2.35 0.30 0.00
1541 0.85 0.30 0.00
1542 2.33 2.29 0.00
1543 2.59 0.36 0.00
1544 0.77 0.30 0.00
1545 5.29 3.63 0.00
1546 7.94 4.92 0.00
1547 4.66 9.19 0.00
1548 20.74 32.27 0.00
1549 6.42 15.36 0.00
1550 27.55 20.72 0.00
1551 9.85 31.78 0.00
1552 1.50 6.77 0.00
1553 1.63 0.36 0.00
1554 1.80 0.82 0.00
1555 0.77 0.30 0.00
1556 2.15 0.30 0.00
1557 1.15 2.29 0.00
1558 1.32 0.36 0.00
1559 2.17 1.92 0.00
1560 0.66 0.82 0.00
1561 0.94 0.30 0.00
1562 2.22 1.84 0.00
1563 1.08 1.02 0.00
1564 85.97 133.00 0.00
1565 10.04 31.40 0.00
1566 1.07 5.81 0.00
1567 1.38 1.78 0.00
1568 1.29 0.36 0.00
1569 1.62 2.44 0.00
1570 2.69 0.30 0.00
1571 0.40 0.30 0.00
1572 2.43 2.36 0.00
1573 1.30 0.36 0.00
1574 0.54 0.30 0.00
1575 0.66 0.82 0.00
1576 1.19 0.30 0.00
1577 91.66 164.71 0.00
1578 1.11 11.12 0.00
1579 2.45 3.35 0.00
1580 0.55 0.30 0.00
1581 0.63 0.82 0.00
1582 2.93 1.84 0.00
1583 0.63 0.36 0.00
1584 0.43 0.82 0.00
1585 2.49 0.30 0.00
1586 1.18 0.30 0.00
1587 1.55 2.38 0.00
1588 2.06 0.33 0.00
1589 1.17 1.92 0.00
1590 42.40 80.15 0.00
1591 1.08 0.30 0.00
1592 37.70 54.26 0.00
1593 1.88 11.10 0.00
1594 1.22 1.73 0.00
1595 1.98 0.30 0.00
1596 1.29 0.82 0.00
1597 1.27 1.78 0.00
1598 0.85 0.36 0.00
1599 2.07 2.44 0.00
1600 0.88 0.30 0.00
1601 0.52 0.30 0.00
1602 3.02 2.53 0.00
1603 2.27 0.32 0.00
1604 0.89 0.30 0.00
1605 1.54 0.82 0.00
1606 114.52 181.01 0.00
1607 10.00 37.73 0.00
1608 1.75 1.02 0.00
1609 0.84 3.35 0.00
1610 2.00 0.30 0.00
1611 1.61 0.82 0.00
1612 0.50 0.46 0.00
1613 1.75 1.47 0.00
1614 1.79 0.82 0.00
1615 0.76 0.30 0.00
1616 1.96 0.30 0.00
1617 1.21 0.82 0.00
1618 3.45 1.90 0.00
1619 64.86 100.76 0.00
1620 9.56 35.21 0.00
1621 2.21 0.30 0.00
1622 1.88 0.30 0.00
1623 6.84 2.99 0.00
1624 2.38 0.37 0.00
1625 2.41 2.39 0.00
1626 1.21 3.69 0.00
1627 0.88 0.30 0.00
1628 2.13 1.60 0.00
1629 1.17 0.88 0.00
1630 2.48 0.30 0.00
1631 0.74 0.30 0.00
1632 1.77 0.82 0.00
1633 2.07 0.30 0.00
1634 1.66 0.30 0.00
1635 1.11 0.82 0.00
1636 1.85 0.30 0.00
1637 0.55 0.30 0.00
1638 1.08 0.96 0.00
1639 2.00 1.73 0.00
1640 0.44 0.30 0.00
1641 1.29 0.82 0.00
1642 1.89 0.30 0.00
1643 0.96 0.30 0.00
1644 1.22 0.82 0.00
1645 1.22 0.30 0.00
1646 0.74 0.30 0.00
1647 1.21 0.82 0.00
1648 1.85 0.30 0.00
1649 0.77 0.30 0.00
1650 1.55 0.82 0.00
1651 0.85 0.30 0.00
1652 0.43 0.30 0.00
1653 1.65 2.39 0.00
1654 0.44 0.30 0.00
1655 1.10 0.30 0.00
1656 1.97 0.82 0.00
1657 3.04 0.30 0.00
1658 1.85 0.30 0.00
1659 1.90 0.82 0.00
1660 2.48 0.30 0.00
1661 1.08 0.30 0.00
1662 1.77 0.82 0.00
1663 2.93 0.30 0.00
1664 1.00 0.30 0.00
1665 2.10 0.82 0.00
1666 1.79 0.00 0.00
1667 0.77 0.30 0.00
1668 2.21 0.88 0.00
1669 0.66 1.81 0.00
1670 1.11 0.30 0.00
1671 0.96 0.82 0.00
1672 1.34 0.30 0.00
1673 1.49 0.30 0.00
1674 1.55 0.82 0.00
1675 0.44 0.30 0.00
1676 1.94 0.30 0.00
1677 1.03 0.82 0.00
1678 0.97 0.30 0.00
1679 1.66 0.30 0.00
1680 1.63 0.82 0.00
1681 1.25 0.30 0.00
1682 1.95 0.30 0.00
1683 1.19 0.96 0.00
1684 1.06 1.73 0.00
1685 1.33 0.30 0.00
1686 0.74 0.82 0.00
1687 1.21 0.30 0.00
1688 2.33 0.30 0.00
1689 0.99 0.82 0.00
1690 2.47 0.30 0.00
1691 1.07 0.30 0.00
1692 1.94 0.82 0.00
1693 1.36 0.30 0.00
1694 0.77 0.30 0.00
1695 2.48 0.82 0.00
1696 3.18 0.30 0.00
1697 1.32 0.30 0.00
1698 1.53 0.88 0.00
1699 3.21 1.81 0.00
1700 1.21 0.30 0.00
1701 1.71 0.82 0.00
1702 3.23 0.30 0.00
1703 1.50 0.30 0.00
1704 2.04 0.82 0.00
1705 1.78 0.30 0.00
1706 0.96 0.30 0.00
1707 1.26 0.82 0.00
1708 1.71 0.30 0.00
1709 0.77 0.30 0.00
1710 1.44 0.82 0.00
1711 0.74 0.30 0.00
1712 1.50 0.30 0.00
1713 1.98 0.88 0.00
1714 0.88 1.81 0.00
1715 1.43 0.30 0.00
1716 2.15 0.82 0.00
1717 1.67 0.30 0.00
1718 2.88 0.38 0.00
1719 2.05 0.88 0.00
1720 2.46 0.30 0.00
1721 1.83 0.30 0.00
1722 1.85 0.82 0.00
1723 2.28 0.30 0.00
1724 2.76 0.30 0.00
1725 1.76 0.82 0.00
1726 1.89 0.30 0.00
1727 2.00 0.30 0.00
1728 2.83 0.96 0.00
1729 5.44 5.02 0.00
1730 1.85 0.30 0.00
1731 1.16 0.82 0.00
1732 2.20 0.30 0.00
1733 7.00 418.92 0.00
1734 2.63 0.82 0.00
1735 1.56 0.30 0.00
1736 2.01 0.30 0.00
1737 2.45 0.82 0.00
1738 1.07 0.30 0.00
1739 2.18 0.30 0.00
1740 3.00 0.82 0.00
1741 1.19 0.30 0.00
1742 2.41 0.30 0.00
1743 1.63 0.96 0.00
1744 7.70 160.25 0.00
1745 2.18 0.30 0.00
1746 1.38 0.82 0.00
1747 13.55 1046.66 0.00
1748 2.98 0.30 0.00
1749 1.11 0.82 0.00
