0 1.53 0.37 0.00
1 0.51 0.30 0.00
2 1.87 0.82 0.00
3 1.54 0.45 0.00
4 0.66 1.73 0.00
5 5.49 4.04 0.00
6 3.78 2.58 0.00
7 0.65 0.30 0.00
8 1.93 0.82 0.00
9 4.97 0.43 0.00
10 2.12 0.30 0.00
11 2.50 2.59 0.00
12 2.59 2.94 0.00
13 2.06 0.30 0.00
14 1.74 0.82 0.00
15 1.67 0.30 0.00
16 2.78 2.08 0.00
17 1.77 0.82 0.00
18 1.87 0.45 0.00
19 1.67 1.73 0.00
20 2.29 0.82 0.00
21 1.98 2.14 0.00
22 1.08 0.30 0.00
23 1.70 0.82 0.00
24 1.99 0.30 0.00
25 1.86 0.30 0.00
26 2.02 2.72 0.00
27 2.31 0.30 0.00
28 1.39 0.30 0.00
29 0.85 0.82 0.00
30 2.47 0.30 0.00
31 2.04 2.02 0.00
32 1.40 0.82 0.00
33 4.67 5.01 0.00
34 1.81 0.50 0.00
35 1.98 3.95 0.00
36 20.39 19.21 0.00
37 89230.93 206.66 0.00
38 1.59 0.82 0.00
39 1.22 0.30 0.00
40 5.99 4.00 0.00
41 2.04 2.72 0.00
42 25.22 10.15 0.00
43 3.12 0.30 0.00
44 1.40 0.82 0.00
45 1.10 0.30 0.00
46 3.11 25.02 0.00
47 3.06 3.76 0.00
48 2.08 1.87 0.00
49 1.00 0.30 0.00
50 2.13 2.17 0.00
51 506.26 33.15 0.00
52 6.46 437.26 0.00
53 1.71 0.82 0.00
54 1.77 0.30 0.00
55 2.67 0.30 0.00
56 2.38 2.53 0.00
57 177.76 19.82 0.00
58 209.58 26.53 0.00
59 11.09 567.60 0.00
60 1.65 0.30 0.00
61 15.62 984.22 0.00
62 138.27 13.81 0.00
63 2.19 2.39 0.00
64 7.29 12.22 0.00
65 455.46 29.19 0.00
66 4.48 118.65 0.00
67 1.40 14.20 0.00
68 184.67 138.08 0.00
69 0.85 0.00 0.00
70 2.33 0.30 0.00
71 4.06 2.60 0.00
72 2.09 0.30 0.00
73 14.54 2225.34 0.00
74 18.65 10155.82 0.00
75 11.46 8809.50 0.00
76 75.41 1636.21 0.00
77 7695.87 2667.64 0.00
78 6402.12 7698.44 0.00
79 4895.63 8408.67 0.00
80 6344.07 6098.15 0.00
81 4289.28 10286.44 0.00
82 6266.55 8345.99 0.00
83 5537.72 7179.80 0.00
84 18595.75 31508.26 0.00
85 15724.74 27815.01 0.00
86 39700.09 87.99 0.00
87 18628.96 48.09 0.00
88 12360.45 19.58 0.00
89 25007.38 25.44 0.00
90 25077.63 20.86 0.00
91 33814.06 30.95 0.00
92 29169.64 25.89 0.00
93 6905.74 26.69 0.00
94 24.91 56.16 0.00
95 1.21 0.82 0.00
96 1.63 2.14 0.00
97 1.83 0.37 0.00
98 30.92 86.52 0.00
99 46.55 60.71 0.00
100 1.75 0.32 0.00
101 1.54 2.46 0.00
102 29.18 66.32 0.00
103 250.79 1.98 0.00
104 0.54 0.82 0.00
105 1.44 0.30 0.00
106 2.27 2.08 0.00
107 1.88 4.33 0.00
108 1.75 1.87 0.00
109 0.99 0.30 0.00
110 2.03 0.82 0.00
111 1.79 2.08 0.00
112 0.55 0.00 0.00
113 1.78 0.82 0.00
114 2.87 4.90 0.00
115 0.66 0.30 0.00
116 1.34 2.59 0.00
117 280.26 11.85 0.00
118 24.23 32.08 0.00
119 0.88 0.82 0.00
120 1.33 0.30 0.00
121 1.78 2.02 0.00
122 1.10 0.88 0.00
123 1.75 0.45 0.00
124 1.21 1.73 0.00
125 19.50 45.52 0.00
126 1.65 1.82 0.00
127 0.66 0.00 0.00
128 22.82 53.46 0.00
129 0.45 0.00 0.00
130 2.02 0.30 0.00
131 2.01 2.59 0.00
132 6.30 19.91 0.00
133 0.86 5.48 0.00
134 1.33 0.82 0.00
135 5.61 0.37 0.00
136 3.89 15.72 0.00
137 207.61 11.89 0.00
138 0.97 0.37 0.00
139 1.00 1.81 0.00
140 1.96 3.79 0.00
141 1.48 5.13 0.00
142 1.00 0.30 0.00
143 1.51 0.82 0.00
144 0.84 3.28 0.00
145 1.19 3.28 0.00
146 3.84 2.72 0.00
147 0.65 0.30 0.00
148 1.85 0.30 0.00
149 2.83 5.92 0.00
150 1.62 3.28 0.00
151 2.83 2.53 0.00
152 195.12 4.25 0.00
153 1.21 0.45 0.00
154 3.44 7.89 0.00
155 1.44 6.78 0.00
156 1.64 2.11 0.00
157 1.78 0.33 0.00
158 0.74 0.82 0.00
159 1.75 4.94 0.00
160 120.86 8.01 0.00
161 1.48 8.57 0.00
162 1.50 0.30 0.00
163 2.51 0.30 0.00
164 0.93 0.88 0.00
165 0.77 0.28 0.00
166 2.32 1.99 0.00
167 1.72 2.47 0.00
168 2.56 0.45 0.00
169 0.77 1.73 0.00
170 0.78 0.82 0.00
171 2.45 2.02 0.00
172 0.43 0.36 0.00
173 0.96 0.82 0.00
174 1.81 0.30 0.00
175 0.44 0.30 0.00
176 1.47 2.72 0.00
177 1.86 1.92 0.00
178 0.96 0.30 0.00
179 0.99 0.82 0.00
180 1.00 0.30 0.00
181 0.80 2.05 0.00
182 0.44 0.85 0.00
183 1.32 0.45 0.00
184 0.67 1.73 0.00
185 1.82 0.82 0.00
186 2.53 2.27 0.00
187 0.84 1.92 0.00
188 2.56 0.82 0.00
189 0.44 0.30 0.00
190 1.36 0.30 0.00
191 3.13 2.79 0.00
192 0.44 0.30 0.00
193 0.63 0.30 0.00
194 1.44 0.82 0.00
195 0.67 0.30 0.00
196 1.31 2.14 0.00
197 1.62 2.44 0.00
198 1.10 0.45 0.00
199 0.66 1.73 0.00
200 1.54 0.82 0.00
201 1.43 1.95 0.00
202 1.33 0.30 0.00
203 1.95 0.82 0.00
204 0.55 0.30 0.00
205 1.00 0.30 0.00
206 2.26 2.50 0.00
207 0.95 1.92 0.00
208 1.75 0.30 0.00
209 0.99 0.82 0.00
210 0.89 0.30 0.00
211 2.09 2.14 0.00
212 1.21 0.82 0.00
213 0.75 0.45 0.00
214 1.97 1.73 0.00
215 0.96 0.82 0.00
216 1.48 2.21 0.00
217 2.80 1.92 0.00
218 1.15 0.82 0.00
219 0.65 0.30 0.00
220 2.42 0.30 0.00
221 2.09 2.59 0.00
222 0.76 0.30 0.00
223 3.70 0.30 0.00
224 1.51 0.82 0.00
225 0.66 0.30 0.00
226 2.90 2.15 0.00
227 2.76 2.44 0.00
228 1.54 1.87 0.00
229 1.19 0.30 0.00
230 2.14 0.82 0.00
231 1.49 1.89 0.00
232 1.08 0.30 0.00
233 1.17 0.82 0.00
234 2.58 0.30 0.00
235 1.22 0.30 0.00
236 1.94 2.53 0.00
237 2.40 1.92 0.00
238 1.18 0.30 0.00
239 1.31 0.82 0.00
240 1.33 0.30 0.00
241 1.73 2.02 0.00
242 0.88 0.82 0.00
243 1.75 1.87 0.00
244 1.19 0.30 0.00
245 1.60 0.82 0.00
246 0.95 2.01 0.00
247 2.59 1.92 0.00
248 1.60 0.82 0.00
249 1.56 0.30 0.00
250 1.70 0.30 0.00
251 2.09 2.59 0.00
252 1.44 0.30 0.00
253 0.40 0.30 0.00
254 1.33 0.82 0.00
255 1.22 0.30 0.00
256 1.25 2.21 0.00
257 1.18 2.44 0.00
258 1.99 1.87 0.00
259 1.08 0.30 0.00
260 0.88 0.82 0.00
261 1.85 2.01 0.00
262 1.82 0.30 0.00
263 0.52 0.82 0.00
264 0.89 0.00 0.00
265 28.25 23.84 0.00
266 1.84 2.66 0.00
267 1.22 0.30 0.00
268 2.34 0.30 0.00
269 2.77 9.80 0.00
270 6.86 11.08 0.00
271 1.67 2.02 0.00
272 6.00 10.57 0.00
273 1.64 0.37 0.00
274 0.55 1.81 0.00
275 1.85 0.82 0.00
276 6.02 12.47 0.00
277 0.86 0.36 0.00
278 1.62 0.82 0.00
279 9.71 23.03 0.00
280 1.19 0.30 0.00
281 1.86 2.66 0.00
282 15.98 24.36 0.00
283 1.88 2.91 0.00
284 11.30 18.05 0.00
285 0.94 5.05 0.00
286 1.84 2.21 0.00
287 1.44 0.82 0.00
288 1.49 4.28 0.00
289 1.56 1.73 0.00
290 1.31 0.82 0.00
291 1.04 2.21 0.00
292 2.07 3.28 0.00
293 1.39 0.82 0.00
294 1.58 0.30 0.00
295 1.55 0.30 0.00
296 3.40 13.21 0.00
297 0.66 0.30 0.00
298 1.42 0.30 0.00
299 1.50 5.79 0.00
300 1.12 1.77 0.00
301 2.95 2.08 0.00
302 1.43 0.82 0.00
303 3.25 12.35 0.00
304 2.37 0.30 0.00
305 0.77 0.82 0.00
306 1.92 2.21 0.00
307 3.53 5.71 0.00
308 0.91 7.46 0.00
309 1.56 0.30 0.00
310 547.32 13.85 0.00
311 2.02 4.27 0.00
312 1.89 0.30 0.00
313 1.19 0.30 0.00
314 18.02 22.25 0.00
315 13.70 29.31 0.00
316 1.54 2.27 0.00
317 1.10 0.82 0.00
318 7.28 17.82 0.00
319 13.84 28.69 0.00
320 0.77 0.82 0.00
321 2.71 2.21 0.00
322 1.76 0.30 0.00
323 11.24 23.05 0.00
324 1.63 0.30 0.00
325 1.22 0.30 0.00
326 2.42 4.34 0.00
327 1.88 0.30 0.00
328 0.96 0.30 0.00
329 2.10 0.82 0.00
330 1.98 7.93 0.00
331 6.75 16.36 0.00
332 1.99 0.82 0.00
333 0.98 0.37 0.00
334 0.76 1.81 0.00
335 8.65 15.94 0.00
336 6.00 11.93 0.00
337 1.33 0.33 0.00
338 2.39 6.96 0.00
339 2.62 1.79 0.00
340 0.77 0.30 0.00
341 2.58 2.69 0.00
342 2.74 1.82 0.00
343 30.71 12953.84 0.00
344 11.16 4609.56 0.00
345 1.12 0.43 0.00
346 196.40 24327.13 0.00
347 1.67 0.95 0.00
348 1.69 0.59 0.00
349 164.53 11787.84 0.00
350 1.05 0.88 0.00
351 2.30 2.14 0.00
352 1.67 0.30 0.00
353 1.36 0.88 0.00
354 1.70 0.30 0.00
355 2.38 0.30 0.00
356 3.14 22.81 0.00
357 0.84 4.73 0.00
358 1.75 0.30 0.00
359 1.31 0.82 0.00
360 1.32 1.85 0.00
361 2.67 9.39 0.00
362 0.66 0.82 0.00
363 1.65 1.87 0.00
364 1.77 0.30 0.00
365 1.97 762.58 0.00
366 32.12 16948.56 0.00
367 2.20 10.55 0.00
368 0.90 0.88 0.00
369 1.67 0.30 0.00
370 1.53 0.37 0.00
371 1.31 2.79 0.00
372 1.22 0.30 0.00
373 0.91 0.37 0.00
374 12.92 6996.46 0.00
375 25.49 13486.46 0.00
376 1.71 2.34 0.00
377 1.45 2.50 0.00
378 32.32 17845.55 0.00
379 1.46 81.75 0.00
380 1.28 0.88 0.00
381 4.01 175.53 0.00
382 16.75 11715.86 0.00
383 4.66 3054.31 0.00
384 3.10 0.37 0.00
385 6.46 1917.11 0.00
386 15.91 13316.46 0.00
387 2.35 1.99 0.00
388 0.69 0.37 0.00
389 2.77 676.66 0.00
390 7.17 3800.58 0.00
391 2.33 2.22 0.00
392 24.92 11364.00 0.00
393 1.55 519.89 0.00
394 0.62 0.37 0.00
395 2.41 0.82 0.00
396 1.47 2.21 0.00
397 1.02 1.99 0.00
398 24.69 17.60 0.00
399 1.30 0.30 0.00
400 0.99 0.30 0.00
401 2.43 2.66 0.00
402 18.76 28.92 0.00
403 10.09 38.83 0.00
404 1.83 0.82 0.00
405 1.65 0.30 0.00
406 2.11 2.14 0.00
407 14.32 12.70 0.00
408 177.60 4.25 0.00
409 1.77 0.30 0.00
410 1.10 0.82 0.00
411 2.53 2.14 0.00
412 1.88 0.30 0.00
413 0.96 0.82 0.00
414 2.15 0.30 0.00
415 2.32 0.30 0.00
416 1.92 2.66 0.00
417 2.26 0.30 0.00
418 1.86 0.00 0.00
419 1.35 4.62 0.00
420 2.79 0.30 0.00
421 2.33 2.15 0.00
422 362.96 11.94 0.00
423 3.08 0.45 0.00
424 1.89 1.73 0.00
425 1.21 0.82 0.00
426 28.96 36.85 0.00
427 2.23 1.80 0.00
428 1.17 0.82 0.00
429 2.10 4.30 0.00
430 17.64 39.21 0.00
431 1.61 2.73 0.00
432 1.56 0.36 0.00
433 5.27 11.76 0.00
434 0.44 0.82 0.00
435 1.53 0.30 0.00
436 3.09 2.11 0.00
437 2.45 4.84 0.00
438 11.46 24.57 0.00
439 3.02 1.73 0.00
440 1.64 0.82 0.00
441 2.90 3.95 0.00
442 6.69 13.03 0.00
443 3.06 0.82 0.00
444 1.55 0.30 0.00
445 8094.34 36.02 0.00
446 4.86 183.90 0.00
447 2.58 24.41 0.00
448 15552.58 38.73 0.00
449 1.64 0.95 0.00
450 1.03 0.36 0.00
451 4904.11 11.04 0.00
452 14930.36 24.80 0.00
453 1.16 0.43 0.00
454 1.40 1.87 0.00
455 2.04 0.82 0.00
456 2.83 2.15 0.00
457 11951.18 28.69 0.00
458 2.16 0.95 0.00
459 2.53 0.37 0.00
460 27669.40 48.54 0.00
461 2.46 2.82 0.00
462 2.22 0.40 0.00
463 1.95 0.30 0.00
464 34174.67 55.54 0.00
465 1.42 0.50 0.00
466 2.85 2.15 0.00
467 11045.30 24.48 0.00
468 5342.42 24.05 0.00
469 1.44 1.73 0.00
470 2.11 0.82 0.00
471 2.04 2.11 0.00
472 1.83 7.50 0.00
473 1.26 0.82 0.00
474 2.70 0.30 0.00
475 1.33 0.30 0.00
476 1.94 2.43 0.00
477 1.17 2.02 0.00
478 1.74 0.30 0.00
479 1.31 0.82 0.00
480 1.63 0.30 0.00
481 2.23 2.02 0.00
482 1.43 0.88 0.00
483 1.61 0.45 0.00
484 1.66 1.73 0.00
485 0.88 0.82 0.00
486 0.89 1.88 0.00
487 1.73 1.99 0.00
488 0.74 0.82 0.00
489 1.64 0.30 0.00
490 1.70 0.30 0.00
491 25.24 19.45 0.00
492 1.66 0.30 0.00
493 0.63 0.30 0.00
494 1.10 0.82 0.00
495 28.61 67.42 0.00
496 1.47 2.01 0.00
497 2.04 2.44 0.00
498 3.25 1.87 0.00
499 182.64 17.85 0.00
500 182.68 2.90 0.00
501 3.01 2.14 0.00
502 1.44 0.30 0.00
503 1.57 0.82 0.00
504 1.72 0.37 0.00
505 0.66 0.28 0.00
506 3.85 2.86 0.00
507 3.94 9.27 0.00
508 1.30 0.30 0.00
509 4.04 1.02 0.00
510 0.92 1.86 0.00
511 1.54 2.08 0.00
512 2.08 0.82 0.00
513 1.80 7.89 0.00
514 0.66 0.00 0.00
515 1.76 0.82 0.00
516 299.87 121.29 0.00
517 0.94 0.37 0.00
518 33.27 10.49 0.00
519 0.77 0.30 0.00
520 2.81 99.52 0.00
521 2.85 9.83 0.00
522 125.81 5.92 0.00
523 1.55 0.37 0.00
524 9699.73 50.17 0.00
525 1.22 2.12 0.00
526 1.67 2.18 0.00
527 11998.36 23.96 0.00
528 1.87 0.37 0.00
529 1.22 1.81 0.00
530 0.99 0.82 0.00
531 1.20 8.86 0.00
532 29.83 39.05 0.00
533 1.88 0.88 0.00
534 9689.65 13.94 0.00
535 1.93 0.48 0.00
536 2.67 2.60 0.00
537 11962.58 49.31 0.00
538 1.63 0.30 0.00
539 2.03 0.82 0.00
540 1.14 1.79 0.00
541 1.86 0.46 0.00
542 0.77 2.18 0.00
543 3.39 10.85 0.00
544 23.51 6242.58 0.00
545 2.43 258.99 0.00
546 2.33 79.61 0.00
547 5.93 1301.69 0.00
548 1.34 303.25 0.00
549 39.87 26847.36 0.00
550 25.19 17932.37 0.00
551 44.21 36349.75 0.00
552 46.56 33479.95 0.00
553 47.49 39160.51 0.00
554 30.07 26466.16 0.00
555 28.74 24502.18 0.00
556 44.34 24414.89 0.00
557 52.21 27325.88 0.00
558 1.73 45.60 0.00
559 1.58 3.64 0.00
560 1.11 0.30 0.00
561 1.71 0.95 0.00
562 1.50 2.18 0.00
563 0.96 0.33 0.00
564 35.58 6512.79 0.00
565 1.21 191.33 0.00
566 1.07 0.30 0.00
567 2.01 2.73 0.00
568 1.18 0.36 0.00
569 1.55 0.30 0.00
570 1.16 2.44 0.00
571 26.39 14683.83 0.00
572 7.75 2621.45 0.00
573 80.11 82473.68 0.00
574 27.47 35570.11 0.00
575 3.43 0.37 0.00
576 2.26 0.88 0.00
577 1.98 5.52 0.00
578 3.47 0.37 0.00
579 1.31 0.82 0.00
580 1.00 0.30 0.00
581 2.19 0.30 0.00
582 3.02 3.18 0.00
583 4.55 1971.36 0.00
584 2.20 0.06 0.00
585 1.21 0.83 0.00
586 1.66 0.30 0.00
587 2.58 2.20 0.00
588 1.42 0.95 0.00
589 2.53 1.81 0.00
590 1.12 0.30 0.00
591 1.28 0.82 0.00
592 2.29 2.28 0.00
593 0.74 0.36 0.00
594 1.69 0.82 0.00
595 1.67 0.30 0.00
596 1.41 0.30 0.00
597 1.41 2.85 0.00
598 2.21 0.30 0.00
599 1.10 0.30 0.00
600 0.77 0.82 0.00
601 1.52 0.30 0.00
602 1.46 2.27 0.00
603 0.97 2.39 0.00
604 1.22 0.30 0.00
605 0.55 0.30 0.00
606 1.29 0.82 0.00
607 2.44 6.69 0.00
608 0.52 0.00 0.00
609 1.44 0.82 0.00
610 4.28 2039.78 0.00
611 36.26 12637.39 0.00
612 2.34 2.59 0.00
613 0.41 0.37 0.00
614 1.69 0.30 0.00
615 1.21 1.04 0.00
616 1.18 0.30 0.00
617 2.52 2.37 0.00
618 1.86 0.91 0.00
619 0.99 1.81 0.00
620 1.28 1.92 0.00
621 1.29 0.82 0.00
622 1.39 2.05 0.00
623 0.75 0.33 0.00
624 1.22 0.82 0.00
625 1.00 0.30 0.00
626 14.34 11856.03 0.00
627 1.89 2.59 0.00
628 1.29 0.37 0.00
629 2.00 0.30 0.00
630 1.10 0.82 0.00
631 1.58 1.99 0.00
632 2.97 2.28 0.00
633 1.75 0.94 0.00
634 0.77 1.81 0.00
635 2.10 0.30 0.00
636 1.57 1.28 0.00
637 1.80 2.21 0.00
638 1.64 0.36 0.00
639 1.29 2.44 0.00
640 0.99 0.30 0.00
641 2.04 0.30 0.00
642 1.94 2.85 0.00
643 1.78 0.30 0.00
644 2.50 0.30 0.00
645 1.07 0.82 0.00
646 1.67 0.30 0.00
647 3.35 3.95 0.00
648 1.38 2.39 0.00
649 1.93 0.30 0.00
650 2.10 0.30 0.00
651 1.47 0.82 0.00
652 3.72 2.67 0.00
653 2.07 0.30 0.00
654 1.24 0.82 0.00
655 1.92 0.30 0.00
656 2.15 0.30 0.00
657 1.55 2.66 0.00
658 1.58 1.92 0.00
659 1.85 0.30 0.00
660 1.42 0.82 0.00
661 1.51 0.30 0.00
662 2.40 2.21 0.00
663 2.33 2.39 0.00
664 1.55 0.30 0.00
665 1.88 0.30 0.00
666 1.28 0.82 0.00
667 13.94 2.46 0.00
668 2.40 0.30 0.00
669 1.21 0.82 0.00
670 1.92 0.30 0.00
671 2.42 14.85 0.00
672 2.18 2.79 0.00
673 1.85 0.30 0.00
674 1.42 0.30 0.00
675 1.18 0.82 0.00
676 2.51 0.30 0.00
677 2.20 6.08 0.00
678 1.95 2.39 0.00
679 1.54 0.30 0.00
680 1.48 0.30 0.00
681 1.39 0.82 0.00
682 1.78 1.77 0.00
683 0.96 0.37 0.00
684 1.10 0.82 0.00
685 2.33 0.30 0.00
686 1.71 0.30 0.00
687 1.06 2.65 0.00
688 3.67 0.37 0.00
689 1.39 4.14 0.00
690 1.33 0.82 0.00
691 2.44 0.30 0.00
692 2.23 2.14 0.00
693 1.64 0.96 0.00
694 2.36 1.73 0.00
695 1.00 0.30 0.00
696 2.17 0.82 0.00
697 1.46 2.27 0.00
698 0.95 0.30 0.00
699 3.04 25.06 0.00
700 1.55 0.30 0.00
701 1.17 0.30 0.00
702 2.74 2.66 0.00
703 2.15 0.30 0.00
704 1.85 0.30 0.00
705 1.76 0.82 0.00
706 1.53 0.30 0.00
707 2.00 3.83 0.00
708 2.23 2.39 0.00
709 0.88 0.30 0.00
710 1.66 0.30 0.00
711 1.17 0.82 0.00
712 2.41 2.27 0.00
713 1.52 0.30 0.00
714 1.58 0.82 0.00
715 0.77 0.30 0.00
716 2.07 0.30 0.00
717 1.64 4.40 0.00
718 1.07 0.30 0.00
719 1.22 0.30 0.00
720 0.66 0.82 0.00
721 0.63 0.30 0.00
722 1.83 2.08 0.00
723 1.08 2.39 0.00
724 1.11 0.30 0.00
725 1.33 0.30 0.00
726 1.17 0.82 0.00
727 2.95 3.83 0.00
728 1.41 0.30 0.00
729 0.54 0.82 0.00
730 3.08 0.30 0.00
731 0.74 0.30 0.00
732 1.32 2.32 0.00
733 2.68 0.33 0.00
734 0.98 0.30 0.00
735 0.44 0.82 0.00
736 2.63 0.30 0.00
737 1.69 3.83 0.00
738 1.42 0.96 0.00
739 1.45 1.73 0.00
740 1.22 0.30 0.00
741 0.96 0.82 0.00
742 2.37 2.08 0.00
743 0.74 0.30 0.00
744 0.77 0.82 0.00
745 2.10 0.30 0.00
746 0.74 0.30 0.00
747 1.73 4.28 0.00
748 2.30 0.30 0.00
749 1.00 0.30 0.00
750 1.88 0.82 0.00
751 1.18 0.30 0.00
752 1.67 2.14 0.00
753 2.20 2.39 0.00
754 0.88 0.30 0.00
755 0.88 0.30 0.00
756 1.74 0.82 0.00
757 1.60 3.95 0.00
758 0.74 0.30 0.00
759 1.54 0.82 0.00
760 0.88 0.30 0.00
761 0.96 0.30 0.00
762 1.84 2.72 0.00
763 1.43 0.30 0.00
764 1.67 0.30 0.00
765 2.59 0.51 0.00
766 1.10 0.30 0.00
767 1.52 3.73 0.00
768 1.97 0.99 0.00
769 2.03 1.73 0.00
770 1.33 0.30 0.00
771 1.06 0.82 0.00
772 2.20 2.02 0.00
773 2.18 0.36 0.00
774 1.79 0.82 0.00
775 1.22 0.30 0.00
776 2.07 0.30 0.00
777 1.82 4.09 0.00
778 1.52 0.36 0.00
779 1.89 0.30 0.00
780 1.54 0.82 0.00
781 1.30 0.30 0.00
782 2.22 2.11 0.00
783 1.42 0.99 0.00
784 0.99 1.73 0.00
785 1.77 0.30 0.00
786 1.29 0.82 0.00
787 1.77 3.45 0.00
788 1.96 0.42 0.00
789 0.88 0.82 0.00
790 2.81 0.30 0.00
791 1.07 0.30 0.00
792 1.37 2.52 0.00
793 2.21 0.37 0.00
794 1.11 0.30 0.00
795 1.10 0.82 0.00
796 1.75 0.30 0.00
797 1.48 3.72 0.00
798 0.97 0.94 0.00
799 1.22 1.81 0.00
800 0.99 0.30 0.00
801 1.62 0.82 0.00
802 2.46 2.09 0.00
803 0.85 0.36 0.00
804 2.47 0.82 0.00
805 1.55 0.30 0.00
806 0.97 0.30 0.00
807 3.15 4.26 0.00
808 1.86 0.32 0.00
809 0.89 0.30 0.00
810 3.14 0.82 0.00
811 1.52 0.30 0.00
812 1.72 2.02 0.00
813 1.85 1.02 0.00
814 1.34 1.73 0.00
815 0.89 0.30 0.00
816 1.84 0.82 0.00
817 1.08 2.14 0.00
818 1.31 1.67 0.00
819 1.63 0.82 0.00
820 1.29 0.30 0.00
821 0.96 0.30 0.00
822 2.42 2.60 0.00
823 1.55 0.36 0.00
824 0.77 0.30 0.00
825 1.54 0.82 0.00
826 1.97 0.30 0.00
827 1.48 3.77 0.00
828 2.04 0.94 0.00
829 1.10 1.81 0.00
830 1.62 0.30 0.00
831 0.96 0.82 0.00
832 1.16 2.02 0.00
833 1.19 0.36 0.00
834 2.39 0.82 0.00
835 1.76 0.30 0.00
836 1.74 0.30 0.00
837 1.49 4.18 0.00
838 1.86 0.33 0.00
839 2.35 0.30 0.00
840 1.68 0.82 0.00
841 1.37 0.30 0.00
842 2.36 2.14 0.00
843 2.35 0.95 0.00
844 0.99 1.81 0.00
845 2.12 0.30 0.00
846 2.22 0.82 0.00
847 3.56 5.62 0.00
848 2.05 0.36 0.00
849 2.03 0.82 0.00
850 2.75 0.30 0.00
851 0.97 0.30 0.00
852 1.32 2.53 0.00
853 1.08 0.30 0.00
854 0.75 0.30 0.00
855 0.33 0.82 0.00
856 1.41 0.30 0.00
857 1.30 3.76 0.00
858 1.26 2.39 0.00
859 1.67 0.30 0.00
860 0.55 0.30 0.00
861 0.96 0.82 0.00
862 2.15 2.21 0.00
863 1.87 0.30 0.00
864 2.23 0.82 0.00
865 1.11 0.30 0.00
866 2.66 0.30 0.00
867 2.47 4.15 0.00
868 1.94 0.30 0.00
869 1.34 0.30 0.00
870 3.43 0.82 0.00
871 0.63 0.30 0.00
872 1.50 2.08 0.00
873 2.55 2.39 0.00
874 1.31 0.30 0.00
875 1.34 0.30 0.00
876 2.04 0.82 0.00
877 1.71 3.76 0.00
878 2.28 0.30 0.00
879 1.97 0.82 0.00
880 1.44 0.00 0.00
881 1.42 0.30 0.00
882 3.57 2.35 0.00
883 1.53 0.42 0.00
884 0.66 0.30 0.00
885 3.20 0.81 0.00
886 2.19 0.30 0.00
887 1.94 3.56 0.00
888 3.33 1.03 0.00
889 0.88 1.73 0.00
890 1.95 0.30 0.00
891 1.37 0.82 0.00
892 1.89 1.85 0.00
893 1.63 0.41 0.00
894 2.82 0.82 0.00
895 1.33 0.30 0.00
896 2.07 0.30 0.00
897 3.25 4.44 0.00
898 1.05 0.33 0.00
899 1.44 0.30 0.00
900 1.85 0.82 0.00
901 1.08 0.30 0.00
902 2.49 2.02 0.00
903 1.53 1.02 0.00
904 0.66 1.73 0.00
905 1.66 0.30 0.00
906 0.85 0.82 0.00
907 1.94 3.69 0.00
908 1.52 0.37 0.00
909 1.11 0.82 0.00
910 2.12 0.30 0.00
911 0.74 0.30 0.00
912 1.31 2.43 0.00
913 1.41 0.41 0.00
914 0.66 0.30 0.00
915 0.66 0.82 0.00
916 1.94 0.30 0.00
917 1.28 3.57 0.00
918 0.87 1.02 0.00
919 1.11 1.73 0.00
920 0.66 0.30 0.00
921 2.11 0.82 0.00
922 1.50 2.05 0.00
923 1.16 0.33 0.00
924 2.46 0.82 0.00
925 1.89 0.30 0.00
926 2.51 0.30 0.00
927 3.58 4.38 0.00
928 1.52 0.33 0.00
929 1.57 0.30 0.00
930 2.16 0.82 0.00
931 0.96 0.30 0.00
932 1.18 2.18 0.00
933 1.97 0.99 0.00
934 1.10 1.73 0.00
935 1.22 0.30 0.00
936 1.73 0.82 0.00
937 1.56 3.67 0.00
938 1.37 0.33 0.00
939 2.19 0.82 0.00
940 1.21 0.30 0.00
941 0.96 0.30 0.00
942 1.60 2.54 0.00
943 1.33 0.36 0.00
944 0.77 0.30 0.00
945 1.65 0.82 0.00
946 1.33 0.30 0.00
947 1.34 3.64 0.00
948 2.29 1.02 0.00
949 0.99 1.73 0.00
950 25.87 15.86 0.00
951 0.96 0.82 0.00
952 1.11 2.14 0.00
953 1.30 0.30 0.00
954 15.08 9590.65 0.00
955 0.94 0.34 0.00
956 1.63 0.30 0.00
957 1.93 2.59 0.00
958 1.91 4.36 0.00
959 2.59 0.30 0.00
960 1.14 2.37 0.00
961 0.85 0.30 0.00
962 15.91 26.67 0.00
963 0.97 2.39 0.00
964 0.66 0.30 0.00
965 2.58 0.30 0.00
966 0.96 0.82 0.00
967 1.69 6.73 0.00
968 1.18 0.30 0.00
969 5.35 10.04 0.00
970 2.25 0.30 0.00
971 14.01 27.59 0.00
972 1.33 2.66 0.00
973 1.41 0.30 0.00
974 0.99 0.30 0.00
975 0.66 0.82 0.00
976 1.41 6.45 0.00
977 6.55 2.03 0.00
978 2.01 21.17 0.00
979 1.33 0.00 0.00
980 0.77 0.30 0.00
981 1.17 0.82 0.00
982 2.00 2.09 0.00
983 1.12 0.42 0.00
984 0.99 0.79 0.00
985 1.77 0.30 0.00
986 1.05 0.30 0.00
987 2.00 6.21 0.00
988 1.74 0.33 0.00
989 0.88 0.30 0.00
990 1.32 0.82 0.00
991 0.86 0.30 0.00
992 1.55 2.09 0.00
993 1.74 0.94 0.00
994 956.57 4.76 0.00
995 11008.42 110.63 0.00
996 4352.88 19.91 0.00
997 1.50 2.15 0.00
998 84069.08 85.91 0.00
999 27205.96 31.24 0.00
1000 0.88 0.30 0.00
1001 2.00 0.30 0.00
1002 2.29 2.69 0.00
1003 1.67 0.33 0.00
1004 2.25 0.30 0.00
1005 3.09 0.82 0.00
1006 1.55 0.30 0.00
1007 1.41 2.18 0.00
1008 2.32 0.99 0.00
1009 2.11 5.70 0.00
1010 9621.32 7.16 0.00
1011 1.18 0.82 0.00
1012 1.31 1.91 0.00
1013 11898.42 11.08 0.00
1014 1.70 0.82 0.00
1015 1.10 0.30 0.00
1016 1.63 0.30 0.00
1017 1.67 2.60 0.00
1018 1.24 3.87 0.00
1019 2.54 0.30 0.00
1020 0.99 0.82 0.00
1021 0.73 0.30 0.00
1022 2.32 1.96 0.00
1023 1.75 0.94 0.00
1024 32.87 33.54 0.00
1025 1.66 0.30 0.00
1026 9.94 9424.21 0.00
1027 1.05 168.06 0.00
1028 1.81 4.33 0.00
1029 1.10 0.82 0.00
1030 1.81 0.30 0.00
1031 0.96 0.30 0.00
1032 1.11 2.63 0.00
1033 3.34 170.63 0.00
1034 2.08 123.29 0.00
1035 0.61 0.88 0.00
1036 1.04 13.21 0.00
1037 14.33 31.40 0.00
1038 1.53 2.44 0.00
1039 1.96 3.28 0.00
1040 12.42 19.68 0.00
1041 1.39 0.82 0.00
1042 1.33 2.09 0.00
1043 3.22 0.36 0.00
1044 1.10 0.82 0.00
1045 0.77 0.30 0.00
1046 2.66 0.44 0.00
1047 1.33 2.61 0.00
1048 1.03 4.36 0.00
1049 1.89 0.30 0.00
1050 1.21 0.82 0.00
1051 1.79 0.37 0.00
1052 2.28 2.18 0.00
1053 1.08 2.39 0.00
1054 1.11 0.30 0.00
1055 0.33 0.30 0.00
1056 1.74 0.82 0.00
1057 2.16 6.01 0.00
1058 0.73 0.30 0.00
1059 1.44 0.82 0.00
1060 1.67 0.30 0.00
1061 1.45 0.43 0.00
1062 2.04 2.59 0.00
1063 2.22 0.30 0.00
1064 0.89 0.30 0.00
1065 1.21 0.82 0.00
1066 2.60 0.37 0.00
1067 1.64 2.45 0.00
1068 1.39 2.39 0.00
1069 1.96 0.30 0.00
1070 0.89 0.30 0.00
1071 2.68 0.82 0.00
1072 1.64 2.14 0.00
1073 0.85 0.30 0.00
1074 2.89 0.82 0.00
1075 2.23 0.30 0.00
1076 1.03 4.30 0.00
1077 2.29 2.85 0.00
1078 2.04 4.30 0.00
1079 2.36 0.32 0.00
1080 1.77 0.82 0.00
1081 2.06 0.30 0.00
1082 2.42 2.08 0.00
1083 2.32 3.94 0.00
1084 0.66 0.30 0.00
1085 0.88 0.30 0.00
1086 1.71 0.82 0.00
1087 1.55 2.14 0.00
1088 1.51 0.30 0.00
1089 2.10 0.82 0.00
1090 1.81 0.30 0.00
1091 1.85 0.30 0.00
1092 1.22 2.66 0.00
1093 0.52 0.30 0.00
1094 1.11 0.30 0.00
1095 0.67 0.51 0.00
1096 1.35 10.14 0.00
1097 2.01 2.15 0.00
1098 1.06 1.02 0.00
1099 1.05 1.73 0.00
1100 1.89 0.30 0.00
1101 1.71 0.82 0.00
1102 1.78 2.02 0.00
1103 2.41 0.36 0.00
1104 1.21 0.82 0.00
1105 1.92 4.20 0.00
1106 1.63 0.30 0.00
1107 1.71 2.56 0.00
1108 0.63 0.33 0.00
1109 1.44 0.30 0.00
1110 0.88 0.82 0.00
1111 1.41 0.30 0.00
1112 2.67 7.49 0.00
1113 1.84 1.02 0.00
1114 2.37 1.73 0.00
1115 1.56 0.30 0.00
1116 0.74 0.82 0.00
1117 3.33 2.15 0.00
1118 0.85 0.36 0.00
1119 1.55 0.82 0.00
1120 2.81 0.30 0.00
1121 1.47 4.20 0.00
1122 1.56 2.60 0.00
1123 1.89 0.36 0.00
1124 0.99 0.30 0.00
1125 0.99 0.82 0.00
1126 2.43 0.30 0.00
1127 2.08 2.48 0.00
1128 1.49 9.87 0.00
1129 2.18 1.73 0.00
1130 0.98 0.30 0.00
1131 2.71 0.82 0.00
1132 1.61 2.32 0.00
1133 1.27 0.36 0.00
1134 2.45 0.82 0.00
1135 1.16 0.43 0.00
1136 1.06 0.30 0.00
1137 2.57 13.39 0.00
1138 1.29 0.28 0.00
1139 0.66 0.30 0.00
1140 2.13 1.19 0.00
1141 0.74 0.30 0.00
1142 2.42 8.92 0.00
1143 1.98 0.99 0.00
1144 0.77 1.73 0.00
1145 0.93 0.37 0.00
1146 1.40 0.79 0.00
1147 1.20 2.28 0.00
1148 0.74 0.36 0.00
1149 2.02 0.82 0.00
1150 1.54 1.92 0.00
1151 1.75 0.30 0.00
1152 1.28 2.69 0.00
1153 2.00 0.33 0.00
1154 1.33 0.30 0.00
1155 0.77 0.82 0.00
1156 2.00 0.30 0.00
1157 2.00 2.09 0.00
1158 1.08 0.94 0.00
1159 2.22 3.43 0.00
1160 1.78 0.30 0.00
1161 1.60 0.82 0.00
1162 1.18 2.15 0.00
1163 2.52 0.36 0.00
1164 0.99 0.82 0.00
1165 0.89 0.30 0.00
1166 1.98 0.43 0.00
1167 1.77 2.60 0.00
1168 1.59 1.98 0.00
1169 1.77 0.30 0.00
1170 1.76 0.82 0.00
1171 1.62 0.50 0.00
1172 1.95 2.19 0.00
1173 2.08 0.98 0.00
1174 0.77 1.73 0.00
1175 1.84 0.43 0.00
1176 2.07 0.82 0.00
1177 1.76 1.96 0.00
1178 1.14 1.98 0.00
1179 2.44 0.82 0.00
1180 1.87 0.63 0.00
1181 1.07 0.30 0.00
1182 2.06 2.65 0.00
1183 1.67 0.37 0.00
1184 0.99 0.30 0.00
1185 1.60 0.86 0.00
1186 1.76 0.30 0.00
1187 1.72 2.18 0.00
1188 1.75 2.42 0.00
1189 0.99 0.30 0.00
1190 1.44 0.30 0.00
1191 2.07 0.82 0.00
1192 2.46 1.91 0.00
1193 2.25 2.02 0.00
1194 1.90 0.82 0.00
1195 2.25 0.30 0.00
1196 1.85 0.30 0.00
1197 1.48 2.59 0.00
1198 2.62 1.92 0.00
1199 1.55 0.30 0.00
1200 1.10 0.82 0.00
1201 1.29 0.30 0.00
1202 2.56 2.14 0.00
1203 2.08 2.39 0.00
1204 1.54 0.30 0.00
1205 2.00 0.30 0.00
1206 1.30 0.82 0.00
1207 1.56 2.14 0.00
1208 1.85 0.30 0.00
1209 1.44 0.51 0.00
1210 1.92 0.30 0.00
1211 0.62 0.30 0.00
1212 1.89 2.63 0.00
1213 1.30 0.33 0.00
1214 1.07 1.92 0.00
1215 1.00 0.82 0.00
1216 1.62 0.30 0.00
1217 1.66 1.91 0.00
1218 0.97 1.06 0.00
1219 10.12 3.61 0.00
1220 1.11 0.30 0.00
1221 1.36 3.71 0.00
1222 1.74 4.76 0.00
1223 1.30 0.36 0.00
1224 0.93 0.88 0.00
1225 1.33 0.28 0.00
1226 1.60 3.61 0.00
1227 1.44 2.67 0.00
1228 2.48 4.07 0.00
1229 1.11 0.30 0.00
1230 2.48 0.82 0.00
1231 1.45 0.55 0.00
1232 1.27 2.02 0.00
1233 3.57 1.02 0.00
1234 1.22 1.73 0.00
1235 0.89 0.30 0.00
1236 1.90 0.88 0.00
1237 2.69 1.92 0.00
1238 1.08 0.37 0.00
1239 2.33 0.82 0.00
1240 1.17 4.04 0.00
1241 1.52 0.30 0.00
1242 1.82 2.54 0.00
1243 1.66 0.36 0.00
1244 0.77 0.30 0.00
1245 2.10 0.82 0.00
1246 1.86 0.30 0.00
1247 1.35 2.02 0.00
1248 1.85 0.94 0.00
1249 1.30 1.81 0.00
1250 2.09 0.30 0.00
1251 1.28 0.82 0.00
1252 1.31 1.96 0.00
1253 2.38 0.36 0.00
1254 1.87 0.82 0.00
1255 1.94 0.30 0.00
1256 1.74 0.30 0.00
1257 1.82 2.47 0.00
1258 0.74 0.36 0.00
1259 1.44 0.30 0.00
1260 0.99 0.82 0.00
1261 1.55 0.30 0.00
1262 2.52 9.46 0.00
1263 1.41 0.99 0.00
1264 1.11 1.73 0.00
1265 3.55 0.30 0.00
1266 0.96 0.82 0.00
1267 1.44 0.30 0.00
1268 2.20 2.14 0.00
1269 2.84 4.49 0.00
1270 2.64 0.30 0.00
1271 1.59 0.30 0.00
1272 2.15 0.82 0.00
1273 6.70 6.65 0.00
1274 1.31 0.30 0.00
1275 2.34 0.82 0.00
1276 12011.89 10.78 0.00
1277 1.50 0.30 0.00
1278 1.71 2.84 0.00
1279 2.08 5.63 0.00
1280 0.66 0.30 0.00
1281 1.37 2.45 0.00
1282 1.33 5.48 0.00
1283 1.30 2.14 0.00
1284 0.88 0.82 0.00
1285 1.62 0.30 0.00
1286 1.18 7.11 0.00
1287 0.66 0.82 0.00
1288 2.46 5.53 0.00
1289 1.08 0.30 0.00
1290 2.79 0.82 0.00
1291 2.31 0.30 0.00
1292 0.99 0.30 0.00
1293 4.37 4.03 0.00
1294 2.08 0.30 0.00
1295 1.63 0.30 0.00
1296 2.63 0.82 0.00
1297 2.99 0.30 0.00
1298 1.62 2.14 0.00
1299 2.62 11.13 0.00
1300 1.78 0.30 0.00
1301 1.70 0.30 0.00
1302 2.46 0.82 0.00
1303 2.13 2.08 0.00
1304 1.19 0.30 0.00
1305 3.09 0.82 0.00
1306 1.86 0.30 0.00
1307 0.95 1.92 0.00
1308 3.86 4.16 0.00
1309 1.16 0.30 0.00
1310 1.53 0.30 0.00
1311 2.11 0.82 0.00
1312 1.20 0.30 0.00
1313 2.16 2.01 0.00
1314 2.96 0.82 0.00
1315 1.09 0.30 0.00
1316 1.52 0.30 0.00
1317 1.24 2.44 0.00
1318 1.82 1.89 0.00
1319 1.97 0.30 0.00
1320 0.55 0.82 0.00
1321 2.43 0.30 0.00
1322 1.89 0.30 0.00
1323 1.27 4.29 0.00
1324 2.11 0.30 0.00
1325 1.96 0.30 0.00
1326 1.93 0.81 0.00
1327 2.44 1.92 0.00
1328 2.29 2.01 0.00
1329 0.99 0.82 0.00
1330 2.80 0.30 0.00
1331 0.63 0.30 0.00
1332 0.54 0.82 0.00
1333 1.84 2.01 0.00
1334 1.52 0.30 0.00
1335 0.99 0.82 0.00
1336 1.85 0.30 0.00
1337 1.48 1.92 0.00
1338 1.75 4.23 0.00
1339 1.44 0.30 0.00
1340 0.55 0.00 0.00
1341 1.28 0.82 0.00
1342 1.44 0.30 0.00
1343 2.34 2.15 0.00
1344 1.10 0.88 0.00
1345 1.22 0.30 0.00
1346 2.11 0.30 0.00
1347 1.28 2.44 0.00
1348 2.07 2.11 0.00
1349 0.77 0.33 0.00
1350 3.00 0.82 0.00
1351 1.71 0.30 0.00
1352 1.88 0.30 0.00
1353 4.84 2.74 0.00
1354 1.22 1.73 0.00
1355 1.21 0.30 0.00
1356 2.19 0.82 0.00
1357 1.68 1.92 0.00
1358 1.48 2.21 0.00
1359 1.44 0.82 0.00
1360 0.77 0.30 0.00
1361 0.85 0.30 0.00
1362 1.88 0.82 0.00
1363 1.83 2.08 0.00
1364 0.44 0.30 0.00
1365 1.74 0.82 0.00
1366 1.86 0.30 0.00
1367 0.74 1.92 0.00
1368 2.31 2.80 0.00
1369 0.65 1.73 0.00
1370 1.55 0.30 0.00
1371 0.74 0.82 0.00
1372 0.99 0.30 0.00
1373 2.25 2.21 0.00
1374 1.47 0.82 0.00
1375 1.74 0.30 0.00
1376 1.74 0.30 0.00
1377 1.39 2.44 0.00
1378 1.74 2.14 0.00
1379 1.66 0.30 0.00
1380 1.10 0.82 0.00
1381 1.96 0.30 0.00
1382 2.10 0.30 0.00
1383 1.97 2.80 0.00
1384 1.33 1.73 0.00
1385 2.58 0.30 0.00
1386 1.62 0.82 0.00
1387 1.17 1.92 0.00
1388 3.10 2.08 0.00
1389 2.36 0.82 0.00
1390 1.81 0.30 0.00
1391 0.63 0.30 0.00
1392 1.92 0.82 0.00
1393 2.01 2.08 0.00
1394 0.66 0.30 0.00
1395 0.66 0.82 0.00
1396 1.63 0.30 0.00
1397 1.39 1.92 0.00
1398 1.91 2.48 0.00
1399 1.22 1.73 0.00
1400 0.55 0.30 0.00
1401 1.17 0.82 0.00
1402 1.33 0.30 0.00
1403 0.91 2.08 0.00
1404 0.54 0.82 0.00
1405 1.23 0.30 0.00
1406 0.74 0.30 0.00
1407 0.94 2.44 0.00
1408 1.87 2.14 0.00
1409 0.88 0.30 0.00
1410 1.54 0.82 0.00
1411 0.85 0.30 0.00
1412 0.77 0.30 0.00
1413 2.45 4.16 0.00
1414 1.11 0.30 0.00
1415 0.55 0.30 0.00
1416 1.40 0.82 0.00
1417 0.84 1.92 0.00
1418 1.52 2.14 0.00
1419 1.77 0.82 0.00
1420 0.77 0.30 0.00
1421 0.85 0.30 0.00
1422 1.54 0.82 0.00
1423 1.78 2.14 0.00
1424 2.14 0.30 0.00
1425 1.87 0.82 0.00
1426 1.55 0.30 0.00
1427 2.66 1.92 0.00
1428 2.35 4.16 0.00
1429 1.55 0.30 0.00
1430 2.37 0.30 0.00
1431 2.54 0.82 0.00
1432 1.11 0.30 0.00
1433 1.34 2.08 0.00
1434 2.69 0.82 0.00
1435 1.78 0.30 0.00
1436 1.41 0.30 0.00
1437 2.51 2.44 0.00
1438 1.36 2.21 0.00
1439 0.99 0.30 0.00
1440 1.44 0.82 0.00
1441 1.63 0.30 0.00
1442 1.10 0.30 0.00
1443 2.55 4.36 0.00
1444 1.00 0.30 0.00
1445 0.66 0.30 0.00
1446 1.40 0.82 0.00
1447 0.95 1.92 0.00
1448 1.20 2.14 0.00
1449 2.99 0.82 0.00
1450 1.46 0.30 0.00
1451 1.63 0.30 0.00
1452 0.77 0.82 0.00
1453 0.84 2.01 0.00
1454 1.22 0.30 0.00
1455 0.55 0.82 0.00
1456 1.18 0.30 0.00
1457 2.17 1.92 0.00
1458 1.86 4.23 0.00
1459 0.66 0.30 0.00
1460 2.10 0.30 0.00
1461 1.39 0.82 0.00
1462 0.99 0.30 0.00
1463 3.29 2.21 0.00
1464 0.88 0.82 0.00
1465 26.20 17.23 0.00
1466 2.67 0.30 0.00
1467 0.88 0.82 0.00
1468 1.64 6.08 0.00
1469 2.70 0.30 0.00
1470 1.26 0.86 0.00
1471 1.74 0.30 0.00
1472 0.66 0.30 0.00
1473 1.62 4.10 0.00
1474 1.55 0.30 0.00
1475 5.25 8.18 0.00
1476 1.75 0.82 0.00
1477 51.84 9522.41 0.00
1478 1.96 2.14 0.00
1479 0.99 0.82 0.00
1480 1.55 0.30 0.00
1481 0.84 0.30 0.00
1482 1.87 0.82 0.00
1483 2.80 2.27 0.00
1484 13.89 24.02 0.00
1485 0.77 0.82 0.00
1486 2.40 0.06 0.00
1487 1.44 5.81 0.00
1488 1.54 6.57 0.00
1489 1.89 1.73 0.00
1490 1.63 9.87 0.00
1491 2.06 6.32 0.00
1492 1.44 0.30 0.00
1493 2.23 1.98 0.00
1494 2.57 0.92 0.00
1495 1.08 0.30 0.00
1496 1.16 0.30 0.00
1497 2.51 2.44 0.00
1498 2.24 2.14 0.00
1499 0.97 0.30 0.00
1500 1.87 0.82 0.00
1501 1.38 0.30 0.00
1502 2.23 0.30 0.00
1503 2.38 2.87 0.00
1504 0.77 1.73 0.00
1505 2.01 0.30 0.00
1506 1.96 0.82 0.00
1507 0.95 1.92 0.00
1508 2.39 2.08 0.00
1509 1.65 0.82 0.00
1510 1.67 0.30 0.00
1511 24.53 223.50 0.00
1512 15.69 9537.26 0.00
1513 22.64 65.60 0.00
1514 1.64 0.30 0.00
1515 1.11 0.82 0.00
1516 1.62 0.30 0.00
1517 2.18 4.54 0.00
1518 1.76 2.80 0.00
1519 0.88 1.73 0.00
1520 1.66 0.30 0.00
1521 0.85 0.82 0.00
1522 9.68 13.30 0.00
1523 12.64 20.43 0.00
1524 0.88 0.83 0.00
1525 1.29 2.02 0.00
1526 2.68 0.38 0.00
1527 1.62 5.06 0.00
1528 2.18 2.27 0.00
1529 2.07 0.30 0.00
1530 10.79 13.82 0.00
1531 5.03 10.72 0.00
1532 1.15 5.29 0.00
1533 2.47 4.16 0.00
1534 1.10 0.30 0.00
1535 0.67 0.30 0.00
1536 2.50 0.82 0.00
1537 1.01 9.34 0.00
1538 1.40 2.02 0.00
1539 2.21 0.82 0.00
1540 2.48 10.28 0.00
1541 0.96 0.30 0.00
1542 2.00 0.82 0.00
1543 2.98 2.08 0.00
1544 0.77 0.30 0.00
1545 16.66 9.41 0.00
1546 8.08 7.44 0.00
1547 5.69 14.01 0.00
1548 42.67 58.17 0.00
1549 41.00 57.17 0.00
1550 35.04 9606.58 0.00
1551 1.28 0.82 0.00
1552 1.11 0.30 0.00
1553 10.66 15.27 0.00
1554 5.59 11.30 0.00
1555 4.89 5.56 0.00
1556 2.15 2.91 0.00
1557 0.77 0.82 0.00
1558 14.61 34.98 0.00
1559 1.88 0.30 0.00
1560 0.85 15.98 0.00
1561 0.94 0.30 0.00
1562 1.77 0.30 0.00
1563 1.47 4.16 0.00
1564 111.13 106.73 0.00
1565 1.66 0.30 0.00
1566 0.96 0.82 0.00
1567 10.71 9591.19 0.00
1568 1.81 2.21 0.00
1569 18.15 32.30 0.00
1570 2.25 0.00 0.00
1571 0.40 0.30 0.00
1572 6.11 6.00 0.00
1573 1.73 4.77 0.00
1574 8.92 21.18 0.00
1575 0.66 5.81 0.00
1576 66.14 68.85 0.00
1577 52.42 9641.29 0.00
1578 1.44 2.80 0.00
1579 6.50 6.99 0.00
1580 0.44 2.91 0.00
1581 13.06 21.82 0.00
1582 2.48 2.91 0.00
1583 1.02 2.02 0.00
1584 13.03 21.80 0.00
1585 2.26 2.99 0.00
1586 1.43 15.53 0.00
1587 1.51 7.43 0.00
1588 2.57 2.18 0.00
1589 0.66 0.33 0.00
1590 53.46 31.39 0.00
1591 4.47 9.66 0.00
1592 53.39 67.78 0.00
1593 2.08 2.67 0.00
1594 18.70 9616.79 0.00
1595 6.21 10.78 0.00
1596 5.42 6.00 0.00
1597 0.77 2.99 0.00
1598 1.30 2.12 0.00
1599 14.50 28.76 0.00
1600 0.88 5.29 0.00
1601 1.23 10.55 0.00
1602 2.10 5.73 0.00
1603 2.79 2.15 0.00
1604 0.89 0.36 0.00
1605 25.42 19.33 0.00
1606 90.05 93.26 0.00
1607 1.00 0.38 0.00
1608 2.37 8.34 0.00
1609 10.29 9587.53 0.00
1610 2.00 0.30 0.00
1611 17.95 29.61 0.00
1612 0.66 2.99 0.00
1613 6.09 7.40 0.00
1614 1.90 3.43 0.00
1615 8.96 16.19 0.00
1616 1.96 5.22 0.00
1617 1.56 4.93 0.00
1618 3.62 17.12 0.00
1619 119.17 128.72 0.00
1620 1.31 0.82 0.00
1621 6.35 5.30 0.00
1622 25.83 58.31 0.00
1623 6.86 12.69 0.00
1624 2.25 0.36 0.00
1625 2.67 2.65 0.00
1626 1.06 0.82 0.00
1627 0.77 0.30 0.00
1628 2.01 1.96 0.00
1629 1.11 0.82 0.00
1630 2.89 3.05 0.00
1631 0.52 0.30 0.00
1632 1.77 0.82 0.00
1633 2.07 0.30 0.00
1634 1.77 0.30 0.00
1635 1.00 0.82 0.00
1636 1.85 0.30 0.00
1637 0.55 0.30 0.00
1638 1.19 0.96 0.00
1639 1.89 1.73 0.00
1640 0.44 0.30 0.00
1641 1.29 0.82 0.00
1642 2.00 0.30 0.00
1643 0.85 0.30 0.00
1644 1.22 0.82 0.00
1645 1.22 0.30 0.00
1646 0.74 0.30 0.00
1647 1.21 0.82 0.00
1648 1.85 0.30 0.00
1649 0.77 0.30 0.00
1650 1.55 0.82 0.00
1651 0.85 0.30 0.00
1652 0.55 0.30 0.00
1653 1.64 2.39 0.00
1654 0.33 0.30 0.00
1655 1.10 0.30 0.00
1656 3.12 0.82 0.00
1657 1.89 0.30 0.00
1658 1.85 0.30 0.00
1659 1.90 0.82 0.00
1660 2.48 0.30 0.00
1661 1.08 0.30 0.00
1662 1.67 0.51 0.00
1663 2.93 0.30 0.00
1664 1.00 0.30 0.00
1665 2.10 0.82 0.00
1666 1.90 0.30 0.00
1667 0.77 0.30 0.00
1668 2.21 0.88 0.00
1669 0.66 1.81 0.00
1670 1.11 0.30 0.00
1671 0.96 0.82 0.00
1672 1.34 0.30 0.00
1673 1.49 0.30 0.00
1674 1.55 0.82 0.00
1675 0.44 0.30 0.00
1676 1.94 0.30 0.00
1677 1.20 0.82 0.00
1678 1.08 0.30 0.00
1679 1.67 0.30 0.00
1680 1.40 0.82 0.00
1681 1.36 0.30 0.00
1682 2.06 0.30 0.00
1683 1.08 0.96 0.00
1684 1.06 1.73 0.00
1685 1.33 0.30 0.00
1686 0.74 0.82 0.00
1687 1.21 0.30 0.00
1688 2.22 0.30 0.00
1689 0.99 0.82 0.00
1690 2.47 0.30 0.00
1691 1.41 0.30 0.00
1692 2.11 0.82 0.00
1693 1.19 0.30 0.00
1694 1.33 0.30 0.00
1695 3.21 0.81 0.00
1696 2.03 0.30 0.00
1697 1.32 0.30 0.00
1698 1.87 0.96 0.00
1699 3.15 1.73 0.00
1700 1.10 0.30 0.00
1701 1.71 0.82 0.00
1702 3.23 0.30 0.00
1703 1.50 0.30 0.00
1704 2.04 0.82 0.00
1705 1.78 0.30 0.00
1706 1.30 0.30 0.00
1707 1.10 0.82 0.00
1708 1.71 0.30 0.00
1709 0.77 0.30 0.00
1710 1.44 0.82 0.00
1711 0.74 0.30 0.00
1712 1.61 0.30 0.00
1713 1.87 0.96 0.00
1714 0.88 1.73 0.00
1715 1.43 0.30 0.00
1716 2.26 0.82 0.00
1717 2.01 0.30 0.00
1718 3.11 0.38 0.00
1719 2.43 0.82 0.00
1720 2.80 0.30 0.00
1721 1.45 0.37 0.00
1722 2.64 0.82 0.00
1723 1.78 0.30 0.00
1724 2.99 0.30 0.00
1725 5.97 4.14 0.00
1726 2.11 0.40 0.00
1727 1.67 0.30 0.00
1728 6.93 420.50 0.00
1729 1.34 0.30 0.00
1730 1.96 0.30 0.00
1731 1.15 0.82 0.00
1732 2.54 0.30 0.00
1733 2.48 0.30 0.00
1734 2.96 0.82 0.00
1735 1.22 0.30 0.00
1736 2.01 0.30 0.00
1737 2.45 0.82 0.00
1738 1.07 0.30 0.00
1739 2.18 0.30 0.00
1740 3.00 0.82 0.00
1741 1.19 0.30 0.00
1742 2.41 0.30 0.00
1743 5.73 5.61 0.00
1744 3.53 155.18 0.00
1745 2.18 0.30 0.00
1746 5.48 4.04 0.00
1747 9.53 1043.37 0.00
1748 3.32 0.30 0.00
