0 1.63 0.89 0.00
1 0.51 0.30 0.00
2 1.76 0.30 0.00
3 1.54 0.45 0.00
4 0.77 2.25 0.00
5 5.39 3.53 0.00
6 4.14 3.37 0.00
7 0.66 0.30 0.00
8 1.82 0.30 0.00
9 4.91 0.95 0.00
10 1.78 0.30 0.00
11 2.48 2.35 0.00
12 2.40 0.82 0.00
13 1.89 0.30 0.00
14 1.64 0.30 0.00
15 1.91 3.45 0.00
16 2.74 2.22 0.00
17 1.49 0.30 0.00
18 1.98 2.39 0.00
19 1.67 0.30 0.00
20 2.08 0.30 0.00
21 2.05 2.43 0.00
22 1.19 0.30 0.00
23 1.60 0.30 0.00
24 1.82 0.30 0.00
25 1.80 0.82 0.00
26 1.98 2.26 0.00
27 2.41 0.85 0.00
28 1.39 0.30 0.00
29 0.74 0.30 0.00
30 2.58 0.82 0.00
31 2.29 2.26 0.00
32 1.30 0.33 0.00
33 3.13 2.39 0.00
34 1.75 0.30 0.00
35 2.93 3.63 0.00
36 3.31 2.54 0.00
37 3.01 3.43 0.00
38 17.79 5.92 0.00
39 322.38 16.24 0.00
40 88000.20 106.65 0.00
41 1.70 2.16 0.00
42 1.60 2.17 0.00
43 5.86 2.65 0.00
44 1.30 0.30 0.00
45 1.21 0.82 0.00
46 26.75 12.22 0.00
47 2.59 0.30 0.00
48 2.19 2.39 0.00
49 1.00 0.30 0.00
50 1.05 0.43 0.00
51 4.23 133.32 0.00
52 208.98 5.62 0.00
53 1.60 0.30 0.00
54 1.77 0.30 0.00
55 2.67 0.30 0.00
56 2.40 2.16 0.00
57 1.87 0.14 0.00
58 1.48 4.30 0.00
59 0.99 0.82 0.00
60 1.65 0.30 0.00
61 1.42 2.16 0.00
62 3.10 129.47 0.00
63 2.08 2.24 0.00
64 0.78 1.73 0.00
65 1.21 0.30 0.00
66 2.07 2.67 0.00
67 1.11 0.30 0.00
68 3.40 4.30 0.00
69 2.88 96.44 0.00
70 6.88 343.62 0.00
71 4.69 1.99 0.00
72 2.03 0.88 0.00
73 3.92 193.75 0.00
74 1.66 2.10 0.00
75 2.60 0.00 0.00
76 2.09 2.55 0.00
77 13.68 6940.89 0.00
78 8.60 6704.68 0.00
79 6.96 4949.88 0.00
80 9.71 6235.47 0.00
81 9.94 4285.01 0.00
82 7.29 6177.27 0.00
83 7.01 4765.24 0.00
84 152.41 18639.55 0.00
85 133.52 13673.57 0.00
86 73.52 39498.54 0.00
87 37.87 20802.77 0.00
88 1.81 2.44 0.00
89 0.77 0.30 0.00
90 1.32 0.30 0.00
91 2.25 2.67 0.00
92 0.88 0.30 0.00
93 17.58 13.29 0.00
94 7.95 32.64 0.00
95 1.11 5.52 0.00
96 1.69 2.22 0.00
97 1.87 0.82 0.00
98 2.42 1.92 0.00
99 27.48 25.35 0.00
100 1.92 10.63 0.00
101 1.63 2.16 0.00
102 1.21 0.44 0.00
103 4.36 247.92 0.00
104 0.54 0.30 0.00
105 1.44 0.30 0.00
106 1.98 2.80 0.00
107 2.07 0.30 0.00
108 1.94 2.06 0.00
109 1.21 2.25 0.00
110 1.92 0.30 0.00
111 1.86 2.16 0.00
112 0.77 0.82 0.00
113 1.67 0.30 0.00
114 1.44 0.30 0.00
115 1.36 0.82 0.00
116 1.30 2.16 0.00
117 4.27 214.12 0.00
118 24.86 89.14 0.00
119 2.35 23.33 0.00
120 1.33 5.48 0.00
121 2.08 2.80 0.00
122 0.99 0.30 0.00
123 1.75 1.87 0.00
124 1.31 0.82 0.00
125 0.77 0.30 0.00
126 1.82 1.89 0.00
127 0.99 0.85 0.00
128 1.92 1.92 0.00
129 0.55 0.30 0.00
130 1.53 0.82 0.00
131 2.69 2.23 0.00
132 0.97 0.36 0.00
133 0.96 0.82 0.00
134 1.22 0.30 0.00
135 0.33 0.30 0.00
136 1.42 2.35 0.00
137 1.55 0.30 0.00
138 1.26 2.06 0.00
139 5.98 8.48 0.00
140 1.33 0.30 0.00
141 0.96 2.16 0.00
142 0.99 0.82 0.00
143 1.52 0.30 0.00
144 0.38 0.34 0.00
145 0.78 0.82 0.00
146 3.67 2.16 0.00
147 0.65 0.30 0.00
148 2.25 3.23 0.00
149 2.26 0.00 0.00
150 1.10 0.30 0.00
151 2.13 2.61 0.00
152 1.92 0.30 0.00
153 1.21 0.45 0.00
154 2.44 2.25 0.00
155 1.34 0.30 0.00
156 1.70 2.22 0.00
157 1.88 0.82 0.00
158 0.92 2.71 0.00
159 1.32 0.30 0.00
160 1.88 0.82 0.00
161 1.37 2.22 0.00
162 1.33 0.30 0.00
163 2.80 0.82 0.00
164 0.77 0.30 0.00
165 0.77 0.30 0.00
166 1.96 2.67 0.00
167 1.92 0.30 0.00
168 2.57 2.86 0.00
169 1.06 2.25 0.00
170 0.67 0.30 0.00
171 2.58 2.22 0.00
172 0.65 0.82 0.00
173 0.85 0.30 0.00
174 1.22 0.30 0.00
175 1.14 0.82 0.00
176 1.30 2.16 0.00
177 1.45 0.30 0.00
178 1.36 3.23 0.00
179 0.89 0.30 0.00
180 1.11 0.30 0.00
181 1.03 2.74 0.00
182 0.33 0.30 0.00
183 1.32 0.45 0.00
184 0.78 2.25 0.00
185 1.71 0.30 0.00
186 2.41 2.16 0.00
187 0.66 0.82 0.00
188 2.63 2.71 0.00
189 0.56 0.30 0.00
190 0.88 0.82 0.00
191 3.48 2.16 0.00
192 0.44 0.30 0.00
193 1.05 1.03 0.00
194 7711.40 19.83 0.00
195 0.67 0.30 0.00
196 1.35 2.61 0.00
197 1.11 0.00 0.00
198 1.39 2.78 0.00
199 0.77 2.32 0.00
200 1.44 0.30 0.00
201 1.63 2.10 0.00
202 1.32 0.88 0.00
203 1.95 0.30 0.00
204 0.55 0.30 0.00
205 0.94 0.82 0.00
206 2.01 1.92 0.00
207 0.66 0.41 0.00
208 1.98 3.23 0.00
209 0.88 0.30 0.00
210 0.78 0.30 0.00
211 2.37 2.74 0.00
212 0.94 0.30 0.00
213 0.75 0.37 0.00
214 2.08 2.32 0.00
215 0.86 0.30 0.00
216 1.48 2.16 0.00
217 1.95 0.88 0.00
218 2.01 2.71 0.00
219 0.65 0.30 0.00
220 1.36 0.82 0.00
221 3.24 2.35 0.00
222 0.76 0.30 0.00
223 12750.54 16.74 0.00
224 29327.23 25.44 0.00
225 66901.08 58.70 0.00
226 1.49 2.41 0.00
227 3.51 0.30 0.00
228 1.27 2.86 0.00
229 1.96 2.25 0.00
230 2.03 0.30 0.00
231 1.02 2.09 0.00
232 1.85 0.82 0.00
233 1.58 2.17 0.00
234 0.99 0.30 0.00
235 2.58 0.82 0.00
236 2.33 2.35 0.00
237 1.10 0.30 0.00
238 2.58 4.33 0.00
239 1.21 0.30 0.00
240 0.66 0.30 0.00
241 2.42 2.80 0.00
242 1.11 0.30 0.00
243 1.09 0.45 0.00
244 9694.72 11.50 0.00
245 1.60 0.30 0.00
246 1.15 2.22 0.00
247 36177.11 30.49 0.00
248 80282.48 56.09 0.00
249 1.22 0.30 0.00
250 1.44 0.82 0.00
251 2.71 2.22 0.00
252 1.55 0.30 0.00
253 0.51 0.82 0.00
254 1.22 0.30 0.00
255 1.72 2.06 0.00
256 1.42 2.80 0.00
257 0.78 0.30 0.00
258 2.29 5.38 0.00
259 1.08 0.82 0.00
260 9687.97 12.38 0.00
261 2.04 2.22 0.00
262 1.92 0.82 0.00
263 0.74 7.11 0.00
264 1.00 0.30 0.00
265 25.80 37.55 0.00
266 2.41 2.36 0.00
267 37.68 11861.66 0.00
268 2.57 2.13 0.00
269 1.66 0.30 0.00
270 0.88 0.30 0.00
271 1.90 2.74 0.00
272 1.44 0.30 0.00
273 1.64 0.37 0.00
274 0.66 2.32 0.00
275 1.75 0.30 0.00
276 1.76 2.26 0.00
277 0.96 0.85 0.00
278 1.81 1.92 0.00
279 0.77 0.30 0.00
280 1.29 0.82 0.00
281 1.81 2.19 0.00
282 1.54 0.33 0.00
283 1.98 0.82 0.00
284 1.22 0.30 0.00
285 0.88 0.30 0.00
286 1.36 2.74 0.00
287 1.92 0.30 0.00
288 1.49 1.99 0.00
289 1.66 2.32 0.00
290 1.21 0.30 0.00
291 1.03 2.20 0.00
292 1.65 0.82 0.00
293 1.29 0.30 0.00
294 0.87 0.30 0.00
295 2.25 0.82 0.00
296 1.52 2.16 0.00
297 0.33 0.30 0.00
298 2.15 2.44 0.00
299 1.10 0.30 0.00
300 0.76 0.30 0.00
301 3.36 2.80 0.00
302 1.33 0.30 0.00
303 1.42 0.45 0.00
304 2.48 2.25 0.00
305 0.66 0.30 0.00
306 1.86 2.16 0.00
307 3.34 0.82 0.00
308 1.03 1.92 0.00
309 1.56 0.30 0.00
310 1.11 0.82 0.00
311 2.01 2.22 0.00
312 1.72 0.30 0.00
313 1.29 0.82 0.00
314 1.16 0.30 0.00
315 28.38 27.90 0.00
316 2.81 29.88 0.00
317 0.99 0.30 0.00
318 2.33 2.06 0.00
319 0.88 2.25 0.00
320 0.71 0.34 0.00
321 2.84 2.35 0.00
322 1.86 0.82 0.00
323 1.80 0.30 0.00
324 1.51 0.30 0.00
325 1.32 0.82 0.00
326 1.87 2.22 0.00
327 1.88 0.30 0.00
328 3.50 322.33 0.00
329 2.11 0.30 0.00
330 14.08 11853.86 0.00
331 1.68 2.74 0.00
332 1.88 0.30 0.00
333 0.98 0.45 0.00
334 0.87 2.25 0.00
335 1.77 0.30 0.00
336 1.54 2.29 0.00
337 1.44 0.82 0.00
338 2.03 1.92 0.00
339 2.36 0.30 0.00
340 0.88 0.82 0.00
341 2.28 2.03 0.00
342 1.16 0.30 0.00
343 5.66 184.94 0.00
344 2.42 0.30 0.00
345 0.99 0.30 0.00
346 2.80 2.80 0.00
347 2.03 0.30 0.00
348 1.27 3.49 0.00
349 2.33 0.82 0.00
350 0.88 0.30 0.00
351 2.39 1.99 0.00
352 1.77 0.88 0.00
353 1.19 0.30 0.00
354 1.11 0.30 0.00
355 3.08 0.82 0.00
356 1.24 2.02 0.00
357 0.66 0.37 0.00
358 2.14 2.44 0.00
359 1.21 0.30 0.00
360 0.83 0.30 0.00
361 2.42 2.74 0.00
362 0.43 0.30 0.00
363 1.60 0.45 0.00
364 1.87 2.25 0.00
365 0.33 0.30 0.00
366 1.88 2.23 0.00
367 1.71 0.88 0.00
368 1.02 1.92 0.00
369 1.67 0.30 0.00
370 0.99 0.82 0.00
371 1.66 2.10 0.00
372 1.22 0.36 0.00
373 0.95 0.82 0.00
374 0.72 0.30 0.00
375 1.28 0.30 0.00
376 1.62 2.67 0.00
377 0.99 0.30 0.00
378 3.09 2.06 0.00
379 1.32 2.25 0.00
380 1.22 0.30 0.00
381 3.43 2.29 0.00
382 1.32 0.88 0.00
383 1.19 0.30 0.00
384 1.77 0.30 0.00
385 4.29 2.61 0.00
386 1.19 2.13 0.00
387 2.00 0.33 0.00
388 1.03 2.44 0.00
389 1.44 0.30 0.00
390 0.66 0.30 0.00
391 2.00 2.67 0.00
392 1.85 0.30 0.00
393 0.84 0.45 0.00
394 0.66 2.25 0.00
395 2.30 0.30 0.00
396 1.54 2.23 0.00
397 0.77 0.88 0.00
398 25.39 36.98 0.00
399 1.30 5.73 0.00
400 1.10 0.82 0.00
401 2.17 2.25 0.00
402 0.95 0.33 0.00
403 1.65 0.82 0.00
404 1.73 0.30 0.00
405 1.65 0.30 0.00
406 1.69 2.74 0.00
407 2.33 0.30 0.00
408 1.45 2.06 0.00
409 1.76 2.25 0.00
410 1.11 0.30 0.00
411 2.60 2.22 0.00
412 1.96 0.81 0.00
413 0.86 0.30 0.00
414 1.56 0.30 0.00
415 3.01 0.82 0.00
416 1.82 2.16 0.00
417 2.26 0.30 0.00
418 2.37 2.44 0.00
419 0.89 0.30 0.00
420 2.79 0.30 0.00
421 2.31 2.61 0.00
422 0.77 0.30 0.00
423 2.91 1.87 0.00
424 1.99 0.82 0.00
425 1.10 0.30 0.00
426 28.93 26.53 0.00
427 3.25 22.86 0.00
428 1.48 7.10 0.00
429 1.81 0.30 0.00
430 0.66 0.82 0.00
431 1.80 2.29 0.00
432 1.74 0.00 0.00
433 0.63 0.82 0.00
434 0.33 0.30 0.00
435 1.42 0.30 0.00
436 2.80 2.67 0.00
437 1.57 0.30 0.00
438 2.11 1.99 0.00
439 2.62 2.32 0.00
440 4.16 81.22 0.00
441 2.45 48.96 0.00
442 1.78 0.88 0.00
443 2.45 0.30 0.00
444 1.72 0.30 0.00
445 16.82 7954.99 0.00
446 2.82 61.91 0.00
447 2.58 0.37 0.00
448 29.23 15392.02 0.00
449 1.54 25.18 0.00
450 1.04 0.37 0.00
451 6.42 1917.73 0.00
452 30.00 17750.62 0.00
453 1.16 0.51 0.00
454 1.51 2.31 0.00
455 1.93 0.30 0.00
456 2.96 2.32 0.00
457 19.95 11857.74 0.00
458 2.35 5.30 0.00
459 2.53 0.37 0.00
460 45.30 27392.03 0.00
461 2.48 73.88 0.00
462 2.22 0.37 0.00
463 1.76 0.82 0.00
464 51.77 30745.66 0.00
465 6.26 3149.80 0.00
466 2.36 2.74 0.00
467 16.55 8330.38 0.00
468 14.28 7771.44 0.00
469 1.65 2.32 0.00
470 2.00 0.30 0.00
471 2.24 2.29 0.00
472 1.67 0.94 0.00
473 1.16 0.30 0.00
474 2.58 0.30 0.00
475 1.55 0.82 0.00
476 1.97 2.13 0.00
477 0.87 0.33 0.00
478 2.13 2.44 0.00
479 1.21 0.30 0.00
480 1.63 0.30 0.00
481 2.47 2.74 0.00
482 1.33 0.30 0.00
483 1.61 0.45 0.00
484 1.76 2.25 0.00
485 0.77 0.30 0.00
486 1.27 2.32 0.00
487 1.54 0.85 0.00
488 0.92 1.92 0.00
489 1.64 0.30 0.00
490 1.80 0.82 0.00
491 25.16 18.94 0.00
492 2.02 20.12 0.00
493 0.74 0.82 0.00
494 0.99 0.30 0.00
495 2.81 0.30 0.00
496 1.90 2.86 0.00
497 1.64 0.30 0.00
498 3.55 1.99 0.00
499 2.13 2.32 0.00
500 1.50 0.30 0.00
501 2.95 2.09 0.00
502 1.54 0.82 0.00
503 1.46 0.30 0.00
504 1.67 0.30 0.00
505 0.77 0.82 0.00
506 2.90 4.08 0.00
507 3.13 2.09 0.00
508 1.70 2.44 0.00
509 3.02 2.09 0.00
510 0.66 0.30 0.00
511 1.78 2.74 0.00
512 1.97 0.30 0.00
513 0.76 1.87 0.00
514 0.88 0.82 0.00
515 1.66 0.30 0.00
516 1.63 2.16 0.00
517 0.99 0.82 0.00
518 1.81 1.92 0.00
519 0.66 0.30 0.00
520 0.77 0.51 0.00
521 2.34 2.19 0.00
522 1.00 0.33 0.00
523 1.65 0.82 0.00
524 1.09 0.30 0.00
525 0.67 0.30 0.00
526 1.91 2.74 0.00
527 1.74 0.36 0.00
528 2.17 2.06 0.00
529 1.33 2.25 0.00
530 0.88 0.30 0.00
531 1.20 2.13 0.00
532 28.51 29.13 0.00
533 3.07 22.27 0.00
534 1.25 5.55 0.00
535 1.87 0.82 0.00
536 2.63 2.19 0.00
537 0.77 0.33 0.00
538 2.03 2.44 0.00
539 1.92 0.30 0.00
540 0.88 0.30 0.00
541 2.36 2.68 0.00
542 0.66 0.36 0.00
543 1.20 0.37 0.00
544 3992.74 233.83 0.00
545 260.95 1.53 0.00
546 1.43 2.26 0.00
547 784.15 4.13 0.00
548 912.02 6.40 0.00
549 15506.97 19.94 0.00
550 7752.03 9.26 0.00
551 23421.32 25.49 0.00
552 24687.82 30.27 0.00
553 23143.98 15.77 0.00
554 16261.10 10.49 0.00
555 16827.37 11.21 0.00
556 148.42 7.85 0.00
557 0.77 0.30 0.00
558 4.17 152.64 0.00
559 1.25 0.88 0.00
560 1.11 0.30 0.00
561 1.87 2.29 0.00
562 1.21 0.82 0.00
563 0.96 0.30 0.00
564 6768.83 33.90 0.00
565 1.43 0.82 0.00
566 1.54 2.29 0.00
567 1.43 0.30 0.00
568 1.58 5.12 0.00
569 1.44 0.30 0.00
570 0.76 0.30 0.00
571 2922.39 9.97 0.00
572 11994.65 19.70 0.00
573 0.97 1.87 0.00
574 1.09 7.68 0.00
575 2.82 0.00 0.00
576 2.94 2.19 0.00
577 1.02 0.85 0.00
578 3.81 2.85 0.00
579 1.10 0.30 0.00
580 1.21 0.82 0.00
581 2.71 2.19 0.00
582 1.67 0.33 0.00
583 2.10 0.82 0.00
584 2.00 0.30 0.00
585 1.10 0.30 0.00
586 2.16 2.68 0.00
587 2.11 0.36 0.00
588 1.61 2.99 0.00
589 2.74 2.25 0.00
590 1.12 0.30 0.00
591 1.52 2.13 0.00
592 1.76 0.85 0.00
593 0.74 0.30 0.00
594 1.58 0.30 0.00
595 1.77 0.82 0.00
596 1.97 2.16 0.00
597 0.66 0.30 0.00
598 2.61 3.36 0.00
599 0.99 0.30 0.00
600 0.77 0.30 0.00
601 2.27 2.86 0.00
602 0.88 0.30 0.00
603 0.76 1.87 0.00
604 1.44 0.82 0.00
605 0.55 0.30 0.00
606 1.83 2.35 0.00
607 1.11 0.51 0.00
608 1.01 2.82 0.00
609 0.67 0.30 0.00
610 2.03 0.82 0.00
611 2.67 2.08 0.00
612 1.12 0.37 0.00
613 1.19 0.82 0.00
614 1.69 0.30 0.00
615 0.22 0.30 0.00
616 2.60 2.81 0.00
617 1.81 0.36 0.00
618 1.38 2.99 0.00
619 1.76 2.25 0.00
620 0.99 0.30 0.00
621 0.91 2.02 0.00
622 1.77 0.89 0.00
623 0.75 0.30 0.00
624 0.44 0.30 0.00
625 1.77 0.82 0.00
626 2.46 2.19 0.00
627 0.66 0.33 0.00
628 2.24 3.36 0.00
629 1.44 0.30 0.00
630 1.66 0.30 0.00
631 2.04 2.81 0.00
632 1.49 0.36 0.00
633 2.14 0.45 0.00
634 0.88 2.25 0.00
635 1.16 0.30 0.00
636 2.01 2.17 0.00
637 1.32 0.85 0.00
638 1.26 2.85 0.00
639 1.28 0.30 0.00
640 1.21 0.82 0.00
641 1.76 1.99 0.00
642 1.63 0.41 0.00
643 2.11 0.82 0.00
644 1.83 0.30 0.00
645 1.63 0.30 0.00
646 2.35 2.80 0.00
647 1.46 0.30 0.00
648 2.24 4.42 0.00
649 2.15 0.82 0.00
650 1.77 0.30 0.00
651 2.15 2.16 0.00
652 2.58 0.82 0.00
653 2.07 0.30 0.00
654 1.13 0.30 0.00
655 0.88 0.82 0.00
656 3.88 2.29 0.00
657 0.99 0.30 0.00
658 1.69 3.36 0.00
659 1.85 0.30 0.00
660 1.32 0.30 0.00
661 2.07 2.67 0.00
662 1.89 0.30 0.00
663 2.06 1.87 0.00
664 1.72 0.88 0.00
665 1.88 0.30 0.00
666 1.76 2.29 0.00
667 1.21 0.82 0.00
668 2.69 2.85 0.00
669 1.48 0.88 0.00
670 2.03 0.82 0.00
671 1.84 2.29 0.00
672 1.49 0.30 0.00
673 1.62 0.82 0.00
674 1.42 0.30 0.00
675 1.42 0.30 0.00
676 2.80 2.74 0.00
677 1.67 0.30 0.00
678 2.13 4.42 0.00
679 1.65 0.82 0.00
680 1.14 0.30 0.00
681 2.20 2.29 0.00
682 1.43 0.51 0.00
683 0.96 0.30 0.00
684 0.99 0.30 0.00
685 2.44 0.82 0.00
686 1.97 1.93 0.00
687 0.44 0.33 0.00
688 3.73 3.36 0.00
689 1.60 0.42 0.00
690 1.22 0.29 0.00
691 3.06 2.68 0.00
692 1.77 0.36 0.00
693 1.54 0.45 0.00
694 2.47 2.25 0.00
695 0.72 0.30 0.00
696 2.69 2.16 0.00
697 0.99 0.88 0.00
698 1.24 2.85 0.00
699 1.67 0.30 0.00
700 1.65 0.82 0.00
701 1.70 2.29 0.00
702 2.29 0.36 0.00
703 2.26 0.82 0.00
704 1.51 0.30 0.00
705 2.00 0.30 0.00
706 2.17 2.71 0.00
707 1.19 0.33 0.00
708 2.42 2.99 0.00
709 0.99 2.25 0.00
710 1.66 0.30 0.00
711 1.52 2.10 0.00
712 1.94 0.88 0.00
713 1.52 0.30 0.00
714 1.47 0.30 0.00
715 0.88 0.82 0.00
716 2.52 2.09 0.00
717 0.66 0.37 0.00
718 1.47 3.36 0.00
719 1.22 0.30 0.00
720 0.55 0.30 0.00
721 1.25 2.68 0.00
722 1.44 0.36 0.00
723 0.98 0.45 0.00
724 1.11 2.25 0.00
725 1.44 0.30 0.00
726 1.59 2.29 0.00
727 2.37 0.88 0.00
728 1.70 2.85 0.00
729 0.43 0.30 0.00
730 3.19 0.82 0.00
731 1.58 2.70 0.00
732 0.87 0.36 0.00
733 2.79 0.82 0.00
734 0.98 0.30 0.00
735 0.33 0.30 0.00
736 2.91 2.74 0.00
737 1.11 0.00 0.00
738 1.44 2.91 0.00
739 1.39 2.32 0.00
740 1.22 0.30 0.00
741 1.14 2.13 0.00
742 1.98 0.85 0.00
743 0.85 0.30 0.00
744 0.66 0.30 0.00
745 2.04 0.82 0.00
746 1.19 2.10 0.00
747 0.77 0.36 0.00
748 2.81 3.36 0.00
749 1.00 0.30 0.00
750 1.78 0.30 0.00
751 1.80 2.71 0.00
752 1.22 0.33 0.00
753 1.92 0.45 0.00
754 0.99 2.25 0.00
755 0.77 0.30 0.00
756 2.26 2.16 0.00
757 0.77 0.88 0.00
758 1.03 2.85 0.00
759 1.44 0.30 0.00
760 0.87 0.82 0.00
761 1.53 2.10 0.00
762 1.35 0.49 0.00
763 1.54 0.82 0.00
764 1.67 0.30 0.00
765 1.44 0.30 0.00
766 2.88 2.68 0.00
767 1.11 0.89 0.00
768 2.16 2.99 0.00
769 1.97 2.25 0.00
770 1.33 0.30 0.00
771 1.54 2.26 0.00
772 1.92 0.85 0.00
773 1.85 0.30 0.00
774 2.02 0.30 0.00
775 1.32 0.82 0.00
776 2.72 2.29 0.00
777 1.10 0.36 0.00
778 1.92 3.36 0.00
779 1.89 0.30 0.00
780 1.33 0.30 0.00
781 1.96 2.60 0.00
782 1.77 0.37 0.00
783 1.31 0.37 0.00
784 1.10 2.32 0.00
785 1.77 0.30 0.00
786 1.38 1.68 0.00
787 1.16 1.04 0.00
788 2.08 2.85 0.00
789 0.77 0.30 0.00
790 2.75 0.82 0.00
791 1.58 2.16 0.00
792 0.88 0.36 0.00
793 2.32 0.82 0.00
794 0.94 0.30 0.00
795 0.99 0.30 0.00
796 2.50 2.81 0.00
797 0.66 0.36 0.00
798 1.16 4.42 0.00
799 1.33 0.82 0.00
800 0.99 0.30 0.00
801 1.86 2.19 0.00
802 1.87 0.84 0.00
803 0.85 0.30 0.00
804 2.24 0.30 0.00
805 1.77 0.82 0.00
806 1.48 2.19 0.00
807 2.36 0.33 0.00
808 2.26 3.36 0.00
809 0.89 0.30 0.00
810 3.03 0.30 0.00
811 2.14 2.74 0.00
812 1.34 0.30 0.00
813 1.64 1.87 0.00
814 1.55 0.82 0.00
815 0.78 0.30 0.00
816 2.12 1.73 0.00
817 0.77 0.88 0.00
818 1.32 2.85 0.00
819 1.63 0.30 0.00
820 1.40 0.82 0.00
821 1.47 2.16 0.00
822 1.86 0.36 0.00
823 1.65 0.82 0.00
824 0.77 0.30 0.00
825 1.44 0.30 0.00
826 2.53 2.61 0.00
827 0.44 0.36 0.00
828 2.23 2.99 0.00
829 1.49 2.25 0.00
830 1.33 0.30 0.00
831 1.65 2.19 0.00
832 0.88 0.85 0.00
833 1.19 0.30 0.00
834 1.99 0.30 0.00
835 2.15 0.82 0.00
836 2.32 2.23 0.00
837 0.77 0.36 0.00
838 2.26 3.36 0.00
839 2.35 0.30 0.00
840 1.50 12.01 0.00
841 2.14 13.96 0.00
842 1.67 0.37 0.00
843 2.53 0.45 0.00
844 1.10 2.25 0.00
845 2.17 0.34 0.00
846 2.56 2.13 0.00
847 2.98 2.56 0.00
848 2.34 2.00 0.00
849 1.92 0.30 0.00
850 2.69 0.82 0.00
851 1.42 2.10 0.00
852 0.55 0.36 0.00
853 1.52 0.82 0.00
854 0.75 0.30 0.00
855 0.22 0.30 0.00
856 1.73 2.49 0.00
857 0.66 0.36 0.00
858 1.16 2.06 0.00
859 2.06 2.25 0.00
860 0.55 0.30 0.00
861 1.36 2.19 0.00
862 1.74 0.85 0.00
863 1.53 0.30 0.00
864 1.67 0.30 0.00
865 1.33 0.82 0.00
866 2.83 2.19 0.00
867 1.75 0.33 0.00
868 2.00 2.44 0.00
869 1.67 0.30 0.00
870 2.99 0.30 0.00
871 1.12 2.54 0.00
872 1.00 0.37 0.00
873 2.55 0.45 0.00
874 1.30 2.25 0.00
875 1.33 0.30 0.00
876 2.39 2.10 0.00
877 1.18 0.88 0.00
878 2.24 1.92 0.00
879 1.86 0.30 0.00
880 1.54 0.82 0.00
881 2.17 2.32 0.00
882 3.20 0.33 0.00
883 1.63 0.82 0.00
884 0.55 0.30 0.00
885 2.90 0.30 0.00
886 2.81 2.71 0.00
887 1.67 0.33 0.00
888 3.18 3.49 0.00
889 1.32 0.82 0.00
890 1.66 0.30 0.00
891 2.00 2.16 0.00
892 1.29 0.82 0.00
893 2.07 0.30 0.00
894 2.38 0.30 0.00
895 1.44 0.82 0.00
896 2.59 2.22 0.00
897 1.99 0.00 0.00
898 1.56 2.44 0.00
899 1.44 0.30 0.00
900 1.07 0.30 0.00
901 2.44 2.74 0.00
902 2.10 0.36 0.00
903 1.42 0.45 0.00
904 0.77 2.25 0.00
905 1.66 0.30 0.00
906 1.38 2.32 0.00
907 1.30 0.85 0.00
908 1.81 1.92 0.00
909 1.00 0.30 0.00
910 2.22 0.82 0.00
911 1.00 1.86 0.00
912 0.88 0.41 0.00
913 1.51 0.82 0.00
914 0.66 0.30 0.00
915 0.44 0.30 0.00
916 2.27 2.61 0.00
917 1.00 0.36 0.00
918 1.05 2.06 0.00
919 1.22 2.25 0.00
920 0.66 0.30 0.00
921 2.65 2.29 0.00
922 1.10 0.88 0.00
923 1.27 0.30 0.00
924 2.35 0.30 0.00
925 1.99 0.82 0.00
926 2.89 2.38 0.00
927 2.60 0.33 0.00
928 1.92 2.44 0.00
929 1.57 0.30 0.00
930 2.05 0.30 0.00
931 1.52 2.61 0.00
932 0.66 0.36 0.00
933 1.86 0.37 0.00
934 1.21 2.32 0.00
935 1.11 0.30 0.00
936 2.25 2.16 0.00
937 0.99 0.88 0.00
938 1.67 1.92 0.00
939 2.08 0.30 0.00
940 1.31 0.82 0.00
941 1.47 2.19 0.00
942 1.11 0.33 0.00
943 1.44 0.82 0.00
944 0.77 0.30 0.00
945 1.44 0.30 0.00
946 2.02 2.74 0.00
947 0.66 0.36 0.00
948 2.14 1.99 0.00
949 1.54 2.32 0.00
950 30.23 31.30 0.00
951 1.24 11.42 0.00
952 0.83 0.85 0.00
953 1.30 0.30 0.00
954 9690.17 13.09 0.00
955 1.17 6.65 0.00
956 1.63 0.30 0.00
957 1.89 2.16 0.00
958 2.02 2.44 0.00
959 2.47 0.30 0.00
960 0.89 0.30 0.00
961 0.96 0.82 0.00
962 2.92 2.16 0.00
963 0.99 0.37 0.00
964 0.77 2.32 0.00
965 1.43 0.30 0.00
966 2.01 0.30 0.00
967 1.50 2.74 0.00
968 1.47 1.92 0.00
969 0.89 0.30 0.00
970 2.35 0.82 0.00
971 0.62 0.30 0.00
972 1.35 2.28 0.00
973 1.51 0.82 0.00
974 0.99 0.30 0.00
975 0.55 0.30 0.00
976 1.40 0.82 0.00
977 1.40 2.22 0.00
978 1.27 2.06 0.00
979 1.54 2.25 0.00
980 0.77 0.30 0.00
981 1.07 0.30 0.00
982 2.04 2.61 0.00
983 1.07 0.30 0.00
984 0.77 0.30 0.00
985 1.98 0.82 0.00
986 1.04 0.30 0.00
987 1.73 2.22 0.00
988 2.14 2.44 0.00
989 0.88 0.30 0.00
990 1.21 0.30 0.00
991 0.96 0.82 0.00
992 1.55 2.16 0.00
993 1.64 1.87 0.00
994 0.66 0.82 0.00
995 0.77 0.30 0.00
996 1.95 0.30 0.00
997 1.74 2.86 0.00
998 2.62 1.92 0.00
999 1.10 0.30 0.00
1000 1.65 0.82 0.00
1001 2.00 0.30 0.00
1002 1.34 2.16 0.00
1003 2.55 0.82 0.00
1004 2.25 0.30 0.00
1005 2.32 0.30 0.00
1006 2.32 0.82 0.00
1007 1.28 2.09 0.00
1008 1.84 3.49 0.00
1009 2.11 0.82 0.00
1010 1.00 0.30 0.00
1011 1.75 0.30 0.00
1012 1.32 2.37 0.00
1013 1.08 0.30 0.00
1014 2.26 0.30 0.00
1015 1.21 0.82 0.00
1016 0.97 0.30 0.00
1017 2.42 2.29 0.00
1018 1.35 2.49 0.00
1019 1.66 0.30 0.00
1020 1.76 0.30 0.00
1021 0.84 0.82 0.00
1022 1.71 2.04 0.00
1023 2.31 0.50 0.00
1024 32.85 37.06 0.00
1025 6.45 19.91 0.00
1026 9693.74 15.69 0.00
1027 1.03 7.73 0.00
1028 1.47 5.45 0.00
1029 1.66 5.48 0.00
1030 1.14 0.82 0.00
1031 1.74 0.30 0.00
1032 1.07 2.22 0.00
1033 1.18 0.82 0.00
1034 1.44 0.30 0.00
1035 0.44 0.30 0.00
1036 0.96 0.82 0.00
1037 3.22 2.22 0.00
1038 1.72 2.06 0.00
1039 1.54 2.25 0.00
1040 3.25 0.30 0.00
1041 1.29 0.30 0.00
1042 1.50 2.74 0.00
1043 3.11 0.30 0.00
1044 1.10 0.30 0.00
1045 0.88 0.82 0.00
1046 16.64 18.58 0.00
1047 1.30 2.32 0.00
1048 1.03 3.50 0.00
1049 1.88 0.30 0.00
1050 1.23 0.30 0.00
1051 1.89 0.88 0.00
1052 2.06 2.20 0.00
1053 1.20 0.37 0.00
1054 1.22 2.32 0.00
1055 0.22 0.30 0.00
1056 1.74 0.30 0.00
1057 2.17 2.74 0.00
1058 1.02 2.98 0.00
1059 1.17 0.30 0.00
1060 1.60 0.82 0.00
1061 1.39 0.30 0.00
1062 1.83 2.16 0.00
1063 2.32 0.82 0.00
1064 0.89 0.30 0.00
1065 1.11 0.30 0.00
1066 2.38 0.82 0.00
1067 1.22 2.16 0.00
1068 1.58 3.12 0.00
1069 2.07 2.25 0.00
1070 0.89 0.30 0.00
1071 2.47 0.30 0.00
1072 1.98 2.80 0.00
1073 0.85 0.30 0.00
1074 2.61 0.30 0.00
1075 1.18 0.82 0.00
1076 1.89 0.30 0.00
1077 1.99 2.16 0.00
1078 2.00 3.50 0.00
1079 2.36 0.30 0.00
1080 1.66 0.30 0.00
1081 2.16 0.82 0.00
1082 2.55 2.22 0.00
1083 1.95 0.45 0.00
1084 0.77 2.25 0.00
1085 0.88 0.30 0.00
1086 1.60 0.30 0.00
1087 1.79 2.80 0.00
1088 1.81 2.98 0.00
1089 2.00 0.30 0.00
1090 1.75 0.82 0.00
1091 1.85 0.30 0.00
1092 1.24 2.29 0.00
1093 0.63 0.82 0.00
1094 1.00 0.30 0.00
1095 0.78 0.30 0.00
1096 1.17 0.82 0.00
1097 2.01 2.16 0.00
1098 1.25 3.12 0.00
1099 1.04 2.25 0.00
1100 1.66 0.30 0.00
1101 1.60 0.30 0.00
1102 2.12 2.61 0.00
1103 2.07 0.30 0.00
1104 1.44 0.30 0.00
1105 1.73 0.82 0.00
1106 1.63 0.30 0.00
1107 1.40 2.22 0.00
1108 1.48 3.50 0.00
1109 1.44 0.30 0.00
1110 0.77 0.30 0.00
1111 1.40 0.82 0.00
1112 2.14 2.29 0.00
1113 1.73 0.45 0.00
1114 2.59 2.25 0.00
1115 1.11 0.30 0.00
1116 1.08 0.30 0.00
1117 3.11 2.41 0.00
1118 1.14 2.98 0.00
1119 1.45 0.30 0.00
1120 2.92 0.82 0.00
1121 1.31 0.37 0.00
1122 1.11 2.09 0.00
1123 2.10 0.82 0.00
1124 0.99 0.30 0.00
1125 0.88 0.30 0.00
1126 2.81 1.39 0.00
1127 1.77 2.16 0.00
1128 1.63 3.19 0.00
1129 2.29 2.25 0.00
1130 0.98 0.30 0.00
1131 2.43 0.34 0.00
1132 1.73 2.74 0.00
1133 1.53 0.68 0.00
1134 2.34 0.30 0.00
1135 1.10 0.82 0.00
1136 0.95 0.30 0.00
1137 1.91 2.29 0.00
1138 1.74 3.54 0.00
1139 0.77 0.30 0.00
1140 1.44 0.30 0.00
1141 0.85 0.82 0.00
1142 2.04 2.09 0.00
1143 1.87 1.87 0.00
1144 0.88 0.82 0.00
1145 0.88 0.30 0.00
1146 1.30 0.30 0.00
1147 1.04 2.61 0.00
1148 1.02 2.95 0.00
1149 1.93 0.31 0.00
1150 1.24 0.81 0.00
1151 1.75 0.30 0.00
1152 1.22 2.16 0.00
1153 2.11 0.82 0.00
1154 1.22 0.30 0.00
1155 0.66 0.30 0.00
1156 2.11 0.82 0.00
1157 2.24 2.29 0.00
1158 1.27 4.55 0.00
1159 1.92 0.82 0.00
1160 1.89 0.30 0.00
1161 1.49 0.30 0.00
1162 1.15 2.61 0.00
1163 2.07 0.30 0.00
1164 0.99 0.30 0.00
1165 1.05 0.82 0.00
1166 1.92 0.43 0.00
1167 1.79 2.29 0.00
1168 1.42 3.50 0.00
1169 1.88 0.30 0.00
1170 1.55 0.30 0.00
1171 1.59 1.10 0.00
1172 1.89 2.27 0.00
1173 1.65 1.87 0.00
1174 1.10 0.82 0.00
1175 1.77 0.30 0.00
1176 2.07 0.30 0.00
1177 2.12 2.80 0.00
1178 1.03 2.98 0.00
1179 2.33 0.30 0.00
1180 1.27 0.82 0.00
1181 1.07 0.30 0.00
1182 1.95 2.22 0.00
1183 1.77 0.82 0.00
1184 0.88 0.30 0.00
1185 1.66 0.30 0.00
1186 1.87 0.82 0.00
1187 1.49 2.09 0.00
1188 1.83 4.55 0.00
1189 1.21 0.82 0.00
1190 1.33 0.30 0.00
1191 2.07 0.30 0.00
1192 2.59 2.37 0.00
1193 1.95 0.30 0.00
1194 1.80 0.30 0.00
1195 2.36 0.82 0.00
1196 1.79 0.30 0.00
1197 1.44 2.13 0.00
1198 2.73 3.53 0.00
1199 1.55 0.30 0.00
1200 0.99 0.30 0.00
1201 1.39 0.82 0.00
1202 2.45 2.10 0.00
1203 1.64 0.42 0.00
1204 1.97 2.32 0.00
1205 2.11 0.30 0.00
1206 1.19 0.30 0.00
1207 1.73 2.74 0.00
1208 2.14 2.98 0.00
1209 1.44 0.30 0.00
1210 2.15 0.95 0.00
1211 0.62 0.30 0.00
1212 1.79 2.13 0.00
1213 1.40 0.85 0.00
1214 0.60 0.30 0.00
1215 1.10 0.88 0.00
1216 1.73 0.82 0.00
1217 1.62 2.10 0.00
1218 1.16 3.18 0.00
1219 1.54 2.25 0.00
1220 1.16 0.34 0.00
1221 1.02 0.30 0.00
1222 1.84 2.74 0.00
1223 1.30 0.30 0.00
1224 0.77 0.30 0.00
1225 1.44 0.82 0.00
1226 1.09 0.37 0.00
1227 1.50 2.16 0.00
1228 2.41 3.55 0.00
1229 0.94 0.30 0.00
1230 2.37 0.30 0.00
1231 1.43 1.15 0.00
1232 1.40 2.21 0.00
1233 2.31 0.50 0.00
1234 2.48 2.25 0.00
1235 0.89 0.30 0.00
1236 1.80 0.37 0.00
1237 2.80 2.52 0.00
1238 1.37 2.98 0.00
1239 2.22 0.30 0.00
1240 0.99 0.82 0.00
1241 1.42 0.30 0.00
1242 1.64 2.03 0.00
1243 1.88 0.82 0.00
1244 0.77 0.30 0.00
1245 1.72 0.30 0.00
1246 2.08 0.82 0.00
1247 1.61 2.35 0.00
1248 1.93 3.12 0.00
1249 1.19 2.25 0.00
1250 2.31 0.30 0.00
1251 1.18 0.30 0.00
1252 1.61 2.74 0.00
1253 2.27 0.30 0.00
1254 1.69 0.30 0.00
1255 2.05 0.82 0.00
1256 2.02 0.30 0.00
1257 1.49 2.03 0.00
1258 1.36 3.50 0.00
1259 1.44 0.30 0.00
1260 0.88 0.30 0.00
1261 1.26 0.82 0.00
1262 2.46 2.22 0.00
1263 1.31 0.37 0.00
1264 0.88 2.32 0.00
1265 3.44 0.30 0.00
1266 1.30 0.30 0.00
1267 1.48 2.61 0.00
1268 2.49 2.98 0.00
1269 2.33 0.30 0.00
1270 2.79 0.82 0.00
1271 1.19 0.30 0.00
1272 2.77 2.09 0.00
1273 1.82 1.02 0.00
1274 1.42 11.67 0.00
1275 2.23 0.30 0.00
1276 1.40 0.82 0.00
1277 1.74 2.22 0.00
1278 1.55 2.95 0.00
1279 1.55 2.32 0.00
1280 1.00 0.30 0.00
1281 0.94 0.30 0.00
1282 1.89 2.67 0.00
1283 0.85 0.30 0.00
1284 0.77 0.30 0.00
1285 1.85 0.88 0.00
1286 0.86 0.30 0.00
1287 1.07 2.22 0.00
1288 2.24 3.36 0.00
1289 1.08 0.30 0.00
1290 2.72 0.83 0.00
1291 2.08 0.87 0.00
1292 1.38 2.09 0.00
1293 3.66 0.45 0.00
1294 2.19 2.25 0.00
1295 1.12 0.37 0.00
1296 3.08 0.28 0.00
1297 3.21 2.67 0.00
1298 1.46 2.85 0.00
1299 1.89 0.30 0.00
1300 1.89 0.82 0.00
1301 1.70 0.30 0.00
1302 2.84 2.20 0.00
1303 1.85 0.82 0.00
1304 1.19 0.30 0.00
1305 2.65 0.30 0.00
1306 1.97 0.82 0.00
1307 1.18 2.22 0.00
1308 3.55 2.99 0.00
1309 1.38 2.25 0.00
1310 1.53 0.30 0.00
1311 2.00 0.30 0.00
1312 1.35 2.61 0.00
1313 1.83 0.30 0.00
1314 3.19 0.30 0.00
1315 0.86 0.82 0.00
1316 1.85 0.30 0.00
1317 1.29 2.16 0.00
1318 2.03 3.36 0.00
1319 1.64 0.30 0.00
1320 0.78 0.30 0.00
1321 2.20 0.82 0.00
1322 2.53 2.35 0.00
1323 0.65 1.87 0.00
1324 2.22 0.82 0.00
1325 1.96 0.30 0.00
1326 1.40 0.30 0.00
1327 2.21 2.41 0.00
1328 2.93 2.85 0.00
1329 0.76 0.30 0.00
1330 3.03 0.82 0.00
1331 0.63 0.30 0.00
1332 0.89 2.16 0.00
1333 1.62 0.82 0.00
1334 1.52 0.30 0.00
1335 0.88 0.30 0.00
1336 1.96 0.82 0.00
1337 1.57 2.09 0.00
1338 1.49 4.42 0.00
1339 1.44 0.82 0.00
1340 0.77 0.30 0.00
1341 1.18 0.30 0.00
1342 2.06 2.74 0.00
1343 1.48 0.30 0.00
1344 1.33 0.30 0.00
1345 1.33 0.82 0.00
1346 0.96 0.30 0.00
1347 2.48 2.16 0.00
1348 2.02 3.36 0.00
1349 0.77 0.30 0.00
1350 3.16 23.37 0.00
1351 1.82 0.82 0.00
1352 2.21 2.03 0.00
1353 4.01 1.87 0.00
1354 1.32 0.82 0.00
1355 1.26 0.34 0.00
1356 2.08 0.30 0.00
1357 1.83 2.67 0.00
1358 1.37 1.92 0.00
1359 1.22 0.00 0.00
1360 0.88 0.82 0.00
1361 0.85 0.30 0.00
1362 2.36 2.26 0.00
1363 6.56 7.11 0.00
1364 0.56 0.30 0.00
1365 1.64 0.30 0.00
1366 1.85 0.82 0.00
1367 1.01 2.10 0.00
1368 2.05 2.91 0.00
1369 0.76 2.25 0.00
1370 1.55 0.30 0.00
1371 0.63 0.30 0.00
1372 1.55 2.67 0.00
1373 1.74 0.30 0.00
1374 1.36 0.30 0.00
1375 1.40 0.82 0.00
1376 2.18 0.30 0.00
1377 1.44 2.10 0.00
1378 1.69 3.29 0.00
1379 1.66 0.30 0.00
1380 0.99 0.30 0.00
1381 2.06 0.82 0.00
1382 2.49 2.02 0.00
1383 1.42 0.52 0.00
1384 1.43 2.25 0.00
1385 1.43 0.30 0.00
1386 2.67 0.30 0.00
1387 1.50 2.74 0.00
1388 3.01 2.71 0.00
1389 2.25 0.30 0.00
1390 1.25 0.82 0.00
1391 1.30 0.30 0.00
1392 2.33 2.19 0.00
1393 1.06 0.85 0.00
1394 1.33 0.30 0.00
1395 0.55 0.30 0.00
1396 1.06 0.82 0.00
1397 2.35 2.26 0.00
1398 1.96 2.88 0.00
1399 0.66 2.25 0.00
1400 1.22 0.30 0.00
1401 1.07 0.30 0.00
1402 1.15 2.61 0.00
1403 1.19 0.30 0.00
1404 0.43 0.30 0.00
1405 0.67 0.82 0.00
1406 1.41 0.30 0.00
1407 1.00 2.09 0.00
1408 1.15 3.30 0.00
1409 1.55 0.30 0.00
1410 0.76 0.30 0.00
1411 1.62 0.82 0.00
1412 1.42 2.29 0.00
1413 1.28 0.37 0.00
1414 1.88 2.32 0.00
1415 0.55 0.30 0.00
1416 0.63 0.30 0.00
1417 2.03 3.00 0.00
1418 1.36 2.76 0.00
1419 1.00 0.30 0.00
1420 1.54 0.82 0.00
1421 0.85 0.30 0.00
1422 1.14 2.09 0.00
1423 2.10 0.79 0.00
1424 2.14 0.30 0.00
1425 1.10 0.30 0.00
1426 2.32 0.82 0.00
1427 2.94 2.23 0.00
1428 1.49 2.83 0.00
1429 2.32 2.32 0.00
1430 2.50 0.37 0.00
1431 2.32 0.30 0.00
1432 1.84 2.74 0.00
1433 0.96 0.30 0.00
1434 2.58 0.30 0.00
1435 1.75 1.10 0.00
1436 1.74 0.35 0.00
1437 2.23 2.13 0.00
1438 1.59 3.26 0.00
1439 0.99 0.30 0.00
1440 1.33 0.30 0.00
1441 1.29 0.82 0.00
1442 1.88 1.92 0.00
1443 1.86 0.55 0.00
1444 0.99 2.25 0.00
1445 0.91 0.43 0.00
1446 1.30 0.30 0.00
1447 1.28 2.74 0.00
1448 1.04 2.71 0.00
1449 2.55 0.30 0.00
1450 2.10 1.10 0.00
1451 1.63 0.35 0.00
1452 1.18 2.16 0.00
1453 0.63 0.88 0.00
1454 1.22 0.30 0.00
1455 0.44 0.30 0.00
1456 1.28 0.82 0.00
1457 2.30 2.11 0.00
1458 1.60 2.88 0.00
1459 0.77 2.25 0.00
1460 2.30 11.87 0.00
1461 1.29 0.30 0.00
1462 1.55 2.67 0.00
1463 2.78 0.30 0.00
1464 0.77 0.30 0.00
1465 30.34 27.13 0.00
1466 3.14 16.12 0.00
1467 1.29 2.22 0.00
1468 1.36 4.33 0.00
1469 2.70 0.30 0.00
1470 1.15 0.34 0.00
1471 1.84 0.82 0.00
1472 1.31 2.35 0.00
1473 1.20 0.45 0.00
1474 1.65 2.25 0.00
1475 0.86 0.58 0.00
1476 1.41 0.30 0.00
1477 9714.07 38.57 0.00
1478 1.64 9.65 0.00
1479 1.23 0.30 0.00
1480 1.65 0.82 0.00
1481 0.84 0.30 0.00
1482 1.83 2.22 0.00
1483 2.77 0.82 0.00
1484 0.99 0.30 0.00
1485 0.66 0.30 0.00
1486 2.38 0.82 0.00
1487 1.65 2.09 0.00
1488 1.05 2.06 0.00
1489 1.82 2.25 0.00
1490 1.10 0.30 0.00
1491 2.29 0.30 0.00
1492 1.93 2.61 0.00
1493 1.67 0.30 0.00
1494 2.47 0.30 0.00
1495 1.18 0.82 0.00
1496 1.16 0.30 0.00
1497 2.28 2.22 0.00
1498 2.42 1.92 0.00
1499 1.07 0.82 0.00
1500 1.66 0.30 0.00
1501 1.32 0.30 0.00
1502 2.85 2.74 0.00
1503 1.75 1.87 0.00
1504 0.77 0.30 0.00
1505 2.01 0.51 0.00
1506 1.41 0.00 0.00
1507 1.28 1.76 0.00
1508 2.29 2.16 0.00
1509 1.44 0.00 0.00
1510 1.56 0.00 0.00
1511 20.07 6.52 0.00
1512 9701.46 33.07 0.00
1513 2.21 33.46 0.00
1514 1.66 7.58 0.00
1515 5.08 10.18 0.00
1516 1.52 0.00 0.00
1517 2.27 15.20 0.00
1518 1.28 3.81 0.00
1519 1.02 1.63 0.00
1520 1.72 5.51 0.00
1521 0.63 0.00 0.00
1522 1.63 0.55 0.00
1523 3.20 3.91 0.00
1524 0.77 0.38 0.00
1525 0.97 0.30 0.00
1526 2.78 0.82 0.00
1527 1.29 2.22 0.00
1528 1.78 1.92 0.00
1529 2.74 0.82 0.00
1530 2.00 0.30 0.00
1531 1.18 0.30 0.00
1532 1.75 2.67 0.00
1533 1.97 1.87 0.00
1534 0.76 0.30 0.00
1535 1.11 0.82 0.00
1536 2.18 0.06 0.00
1537 0.98 1.91 0.00
1538 1.25 2.49 0.00
1539 2.44 0.30 0.00
1540 2.35 0.30 0.00
1541 0.96 0.82 0.00
1542 2.18 2.19 0.00
1543 2.93 0.33 0.00
1544 0.88 0.82 0.00
1545 19.78 14.95 0.00
1546 7.20 14.83 0.00
1547 15.46 22.89 0.00
1548 14.44 26.29 0.00
1549 4.74 8.45 0.00
1550 9714.73 32.04 0.00
1551 5.56 23.48 0.00
1552 1.63 7.06 0.00
1553 1.73 0.89 0.00
1554 1.70 0.30 0.00
1555 0.77 0.30 0.00
1556 2.26 0.82 0.00
1557 1.18 2.21 0.00
1558 1.45 1.94 0.00
1559 2.32 0.82 0.00
1560 0.55 0.30 0.00
1561 0.94 0.30 0.00
1562 2.32 2.67 0.00
1563 0.98 0.45 0.00
1564 92.42 145.63 0.00
1565 5.96 19.02 0.00
1566 0.97 5.22 0.00
1567 9691.60 11.52 0.00
1568 1.75 9.61 0.00
1569 1.22 0.30 0.00
1570 2.69 0.30 0.00
1571 0.51 0.82 0.00
1572 2.24 2.23 0.00
1573 1.51 0.36 0.00
1574 0.65 0.82 0.00
1575 0.55 0.30 0.00
1576 1.19 0.30 0.00
1577 9744.54 161.29 0.00
1578 1.30 19.32 0.00
1579 2.15 1.73 0.00
1580 0.66 0.82 0.00
1581 0.52 0.30 0.00
1582 3.00 2.16 0.00
1583 0.74 0.88 0.00
1584 0.33 0.30 0.00
1585 2.49 0.30 0.00
1586 1.28 0.82 0.00
1587 1.51 2.19 0.00
1588 2.35 1.95 0.00
1589 0.99 0.82 0.00
1590 63.46 122.84 0.00
1591 1.40 0.77 0.00
1592 31.86 37.33 0.00
1593 1.54 10.41 0.00
1594 9691.89 10.97 0.00
1595 1.98 0.96 0.00
1596 1.19 5.22 0.00
1597 1.40 2.19 0.00
1598 1.14 2.47 0.00
1599 1.61 0.30 0.00
1600 0.88 0.30 0.00
1601 0.63 0.82 0.00
1602 2.80 2.23 0.00
1603 2.38 0.36 0.00
1604 1.00 0.82 0.00
1605 1.44 0.30 0.00
1606 76.97 112.40 0.00
1607 5.94 25.83 0.00
1608 1.94 4.11 0.00
1609 9663.57 11.35 0.00
1610 2.17 5.87 0.00
1611 1.50 0.30 0.00
1612 0.89 2.10 0.00
1613 1.74 0.88 0.00
1614 1.69 0.30 0.00
1615 0.76 0.30 0.00
1616 2.07 0.82 0.00
1617 1.55 2.13 0.00
1618 3.29 1.95 0.00
1619 90.25 142.68 0.00
1620 1.47 17.36 0.00
1621 2.21 5.03 0.00
1622 2.43 2.67 0.00
1623 6.37 1.79 0.00
1624 2.51 1.94 0.00
1625 1.76 3.43 0.00
1626 0.96 0.30 0.00
1627 1.44 0.96 0.00
1628 1.67 0.86 0.00
1629 1.00 0.30 0.00
1630 2.48 0.30 0.00
1631 0.85 0.82 0.00
1632 1.67 0.30 0.00
1633 2.07 0.30 0.00
1634 1.77 0.82 0.00
1635 1.00 0.30 0.00
1636 1.85 0.30 0.00
1637 0.66 0.82 0.00
1638 0.98 0.37 0.00
1639 2.00 1.81 0.00
1640 0.55 0.82 0.00
1641 1.02 0.30 0.00
1642 1.72 0.30 0.00
1643 1.06 0.82 0.00
1644 0.95 0.30 0.00
1645 1.22 0.30 0.00
1646 0.85 0.82 0.00
1647 1.11 0.30 0.00
1648 1.69 0.30 0.00
1649 0.88 0.82 0.00
1650 1.45 0.30 0.00
1651 0.85 0.30 0.00
1652 0.54 0.82 0.00
1653 1.54 0.45 0.00
1654 0.44 1.73 0.00
1655 1.04 0.82 0.00
1656 1.69 0.30 0.00
1657 3.04 0.30 0.00
1658 1.96 0.82 0.00
1659 1.80 0.30 0.00
1660 2.48 0.30 0.00
1661 1.18 0.82 0.00
1662 1.67 0.30 0.00
1663 2.93 0.30 0.00
1664 1.11 0.82 0.00
1665 2.00 0.30 0.00
1666 1.90 0.30 0.00
1667 0.88 0.82 0.00
1668 2.10 0.37 0.00
1669 0.66 1.81 0.00
1670 1.22 0.82 0.00
1671 0.85 0.30 0.00
1672 1.17 0.30 0.00
1673 1.60 0.82 0.00
1674 1.45 0.30 0.00
1675 0.44 0.30 0.00
1676 2.05 0.82 0.00
1677 0.99 0.30 0.00
1678 0.97 0.30 0.00
1679 1.76 0.82 0.00
1680 1.52 0.30 0.00
1681 1.25 0.30 0.00
1682 2.05 0.82 0.00
1683 1.08 0.37 0.00
1684 1.06 1.81 0.00
1685 1.44 0.82 0.00
1686 0.63 0.30 0.00
1687 1.21 0.30 0.00
1688 2.44 0.82 0.00
1689 0.88 0.30 0.00
1690 2.47 0.30 0.00
1691 1.17 0.82 0.00
1692 2.00 0.30 0.00
1693 1.53 0.30 0.00
1694 0.88 0.82 0.00
1695 2.54 0.30 0.00
1696 3.18 0.30 0.00
1697 1.42 0.82 0.00
1698 1.42 0.37 0.00
1699 3.38 1.81 0.00
1700 1.31 0.82 0.00
1701 1.60 0.30 0.00
1702 3.23 0.30 0.00
1703 1.61 0.82 0.00
1704 1.77 0.30 0.00
1705 1.78 0.30 0.00
1706 1.06 0.82 0.00
1707 1.33 0.30 0.00
1708 1.71 0.30 0.00
1709 0.88 0.82 0.00
1710 1.33 0.30 0.00
1711 0.74 0.30 0.00
1712 1.60 0.82 0.00
1713 1.87 0.45 0.00
1714 0.88 1.73 0.00
1715 1.53 0.82 0.00
1716 2.04 0.30 0.00
1717 1.67 0.30 0.00
1718 3.05 0.96 0.00
1719 1.88 0.30 0.00
1720 2.46 0.30 0.00
1721 1.94 0.82 0.00
1722 1.75 0.30 0.00
1723 2.45 0.30 0.00
1724 2.86 0.82 0.00
1725 1.64 0.30 0.00
1726 1.89 0.30 0.00
1727 2.11 0.82 0.00
1728 2.73 0.45 0.00
1729 1.34 1.73 0.00
1730 1.95 0.82 0.00
1731 1.05 0.30 0.00
1732 2.20 0.30 0.00
1733 2.70 0.82 0.00
1734 2.52 0.30 0.00
1735 1.56 0.30 0.00
1736 2.36 0.96 0.00
1737 6.20 3.52 0.00
1738 1.07 0.30 0.00
1739 4.85 421.10 0.00
1740 3.23 0.30 0.00
1741 1.19 0.30 0.00
1742 2.52 0.82 0.00
1743 1.52 1.87 0.00
1744 1.39 0.30 0.00
1745 6.39 4.04 0.00
1746 2.84 155.55 0.00
1747 1.10 0.30 0.00
1748 7.18 4.03 0.00
1749 6.58 1044.74 0.00
1750 1.14 0.30 0.00
