0 1.64 0.37 0.00
1 0.63 0.30 0.00
2 1.65 0.82 0.00
3 1.58 1.87 0.00
4 0.77 0.30 0.00
5 5.45 3.80 0.00
6 3.67 2.11 0.00
7 0.77 0.41 0.00
8 1.82 0.82 0.00
9 4.75 0.43 0.00
10 2.34 0.30 0.00
11 2.52 2.03 0.00
12 1.91 0.30 0.00
13 2.06 0.30 0.00
14 1.96 0.82 0.00
15 1.63 0.37 0.00
16 3.08 4.29 0.00
17 1.77 0.88 0.00
18 1.25 0.45 0.00
19 1.77 1.73 0.00
20 2.53 0.82 0.00
21 2.08 1.77 0.00
22 1.41 0.30 0.00
23 1.59 0.82 0.00
24 2.10 0.30 0.00
25 1.53 0.30 0.00
26 1.94 2.16 0.00
27 1.33 0.30 0.00
28 2.57 0.30 0.00
29 0.75 0.82 0.00
30 2.14 0.30 0.00
31 2.15 1.65 0.00
32 1.24 0.82 0.00
33 2.57 0.45 0.00
34 3.78 5.06 0.00
35 1.05 0.82 0.00
36 20.53 13.63 0.00
37 89361.68 265.01 0.00
38 1.59 0.82 0.00
39 4.19 2.51 0.00
40 3.89 4.38 0.00
41 1.86 2.29 0.00
42 25.70 32.71 0.00
43 2.89 0.30 0.00
44 1.41 0.82 0.00
45 1.10 0.30 0.00
46 2.54 1.71 0.00
47 2.24 0.94 0.00
48 1.91 1.87 0.00
49 2.06 2.82 0.00
50 0.99 0.82 0.00
51 255.04 185.49 0.00
52 4.39 419.83 0.00
53 2.04 0.82 0.00
54 1.55 0.30 0.00
55 3.08 4.30 0.00
56 1.88 1.86 0.00
57 2.26 0.44 0.00
58 3.22 144.83 0.00
59 515.48 68.87 0.00
60 144.68 329.49 0.00
61 293.57 27.08 0.00
62 3.23 148.43 0.00
63 1.70 0.45 0.00
64 1.11 1.73 0.00
65 4.07 225.15 0.00
66 2.51 7.43 0.00
67 0.66 0.30 0.00
68 132.82 160.85 0.00
69 104.43 39.82 0.00
70 468.98 20.33 0.00
71 3.56 7.51 0.00
72 3.46 0.30 0.00
73 204.60 8.00 0.00
74 1.54 0.82 0.00
75 2.77 4.30 0.00
76 3.45 59.53 0.00
77 1.88 8.79 0.00
78 1.07 0.30 0.00
79 0.90 1.87 0.00
80 1.55 0.65 0.00
81 3.29 136.10 0.00
82 1.09 0.41 0.00
83 1.91 0.95 0.00
84 0.86 0.30 0.00
85 1.70 4.44 0.00
86 136.23 125.44 0.00
87 1444.17 213.39 0.00
88 7311.71 23.97 0.00
89 26154.59 31.88 0.00
90 20488.16 22.67 0.00
91 32398.93 33.16 0.00
92 29165.99 35.75 0.00
93 15614.69 24.36 0.00
94 41.34 67.68 0.00
95 21.44 76.64 0.00
96 1.45 1.71 0.00
97 1.61 0.37 0.00
98 2.62 0.88 0.00
99 28.25 15.65 0.00
100 35.63 85.29 0.00
101 1.74 6.93 0.00
102 1.11 0.30 0.00
103 2.23 0.30 0.00
104 0.87 0.82 0.00
105 1.63 1.92 0.00
106 1.90 1.71 0.00
107 2.06 0.82 0.00
108 1.54 0.37 0.00
109 0.88 1.81 0.00
110 2.14 0.82 0.00
111 1.87 1.56 0.00
112 0.56 0.31 0.00
113 2.00 0.82 0.00
114 1.22 0.30 0.00
115 1.54 1.92 0.00
116 1.41 2.29 0.00
117 1.44 0.30 0.00
118 21.22 14.88 0.00
119 4.05 11.48 0.00
120 1.33 0.30 0.00
121 1.22 1.58 0.00
122 1.42 0.82 0.00
123 1.52 0.30 0.00
124 19.94 46.57 0.00
125 0.99 0.82 0.00
126 1.80 1.35 0.00
127 1.89 10.00 0.00
128 19.14 39.51 0.00
129 0.87 0.30 0.00
130 0.89 0.30 0.00
131 3.04 2.22 0.00
132 0.96 0.30 0.00
133 1.08 0.30 0.00
134 2.45 22.20 0.00
135 0.72 7.69 0.00
136 1.61 1.78 0.00
137 3.67 204.56 0.00
138 0.97 0.45 0.00
139 5.78 7.95 0.00
140 1.65 0.87 0.00
141 0.64 1.45 0.00
142 0.78 0.30 0.00
143 1.73 0.82 0.00
144 0.58 0.34 0.00
145 0.96 2.71 0.00
146 3.21 2.16 0.00
147 0.87 0.30 0.00
148 1.08 0.30 0.00
149 3.04 0.82 0.00
150 0.99 0.30 0.00
151 1.42 1.45 0.00
152 2.59 0.82 0.00
153 1.32 1.87 0.00
154 1.34 0.30 0.00
155 2.84 3.23 0.00
156 1.29 1.64 0.00
157 1.00 0.30 0.00
158 1.62 0.82 0.00
159 1.22 0.30 0.00
160 1.00 0.00 0.00
161 2.24 2.22 0.00
162 1.22 0.30 0.00
163 2.14 0.30 0.00
164 1.33 0.82 0.00
165 1.17 2.71 0.00
166 1.07 1.71 0.00
167 2.62 0.88 0.00
168 1.68 0.37 0.00
169 1.84 1.81 0.00
170 0.78 0.82 0.00
171 1.45 1.61 0.00
172 1.54 0.41 0.00
173 0.85 0.82 0.00
174 0.66 0.30 0.00
175 1.99 2.71 0.00
176 1.34 2.22 0.00
177 0.67 0.30 0.00
178 1.52 0.30 0.00
179 1.32 0.82 0.00
180 0.44 0.30 0.00
181 1.58 1.71 0.00
182 0.33 0.82 0.00
183 0.52 0.30 0.00
184 1.47 1.87 0.00
185 2.11 3.23 0.00
186 1.18 1.64 0.00
187 1.44 0.30 0.00
188 2.19 1.10 0.00
189 1731.16 7.20 0.00
190 16213.95 17.51 0.00
191 96707.46 50.37 0.00
192 1.22 0.30 0.00
193 0.63 0.30 0.00
194 0.55 0.82 0.00
195 1.96 2.71 0.00
196 1.31 1.77 0.00
197 0.44 0.82 0.00
198 1.76 0.37 0.00
199 0.66 1.81 0.00
200 0.77 0.82 0.00
201 2.66 3.70 0.00
202 1.44 0.30 0.00
203 1.17 0.82 0.00
204 1.54 0.30 0.00
205 1.30 3.82 0.00
206 1.62 2.16 0.00
207 1.21 0.30 0.00
208 1.19 0.30 0.00
209 1.65 0.82 0.00
210 0.88 0.30 0.00
211 1.45 1.58 0.00
212 1.55 0.82 0.00
213 0.86 1.87 0.00
214 0.98 0.00 0.00
215 2.14 4.33 0.00
216 1.39 1.59 0.00
217 1.20 0.36 0.00
218 2.04 0.82 0.00
219 0.96 0.30 0.00
220 1.12 0.30 0.00
221 3.52 2.35 0.00
222 0.54 0.30 0.00
223 1.66 0.30 0.00
224 9523.23 13.08 0.00
225 2.10 5.63 0.00
226 1.51 1.59 0.00
227 3.62 0.92 0.00
228 0.98 0.37 0.00
229 1.96 1.81 0.00
230 2.03 0.82 0.00
231 1.34 1.65 0.00
232 1.22 0.36 0.00
233 1.26 0.82 0.00
234 0.99 0.30 0.00
235 2.88 3.82 0.00
236 1.95 2.16 0.00
237 1.21 0.30 0.00
238 2.18 0.30 0.00
239 1.31 0.82 0.00
240 0.99 0.30 0.00
241 1.79 1.61 0.00
242 1.43 0.92 0.00
243 0.98 0.37 0.00
244 114696.49 66.80 0.00
245 2.01 4.33 0.00
246 1.34 1.61 0.00
247 1.97 0.40 0.00
248 1.41 0.82 0.00
249 1.75 0.30 0.00
250 1.33 0.30 0.00
251 2.36 2.22 0.00
252 1.77 0.30 0.00
253 0.73 0.30 0.00
254 1.83 2.57 0.00
255 9515.05 8.93 0.00
256 0.99 1.52 0.00
257 0.67 0.88 0.00
258 2.10 0.45 0.00
259 1.08 1.73 0.00
260 0.99 0.82 0.00
261 1.85 1.54 0.00
262 1.71 0.40 0.00
263 0.63 0.82 0.00
264 1.00 0.30 0.00
265 27.54 31.10 0.00
266 1.53 2.17 0.00
267 1.77 0.38 0.00
268 2.01 0.30 0.00
269 1.54 0.82 0.00
270 1.10 0.30 0.00
271 1.64 1.84 0.00
272 10.15 16.01 0.00
273 1.42 0.45 0.00
274 1.10 1.73 0.00
275 6.30 10.01 0.00
276 5.44 11.88 0.00
277 1.38 0.37 0.00
278 21.99 1064.09 0.00
279 0.55 0.30 0.00
280 9.93 693.98 0.00
281 2.27 9.36 0.00
282 1.43 0.30 0.00
283 1.55 0.30 0.00
284 14.63 3849.71 0.00
285 2.76 550.14 0.00
286 4.39 724.98 0.00
287 7.13 797.76 0.00
288 3.12 354.77 0.00
289 3.05 315.53 0.00
290 1.95 365.35 0.00
291 1.86 296.62 0.00
292 1.50 347.48 0.00
293 1.67 466.46 0.00
294 1.52 697.42 0.00
295 3.09 311.43 0.00
296 2.77 1167.19 0.00
297 0.76 0.30 0.00
298 1.75 0.30 0.00
299 0.66 0.82 0.00
300 0.87 0.30 0.00
301 3.27 1.71 0.00
302 0.88 0.82 0.00
303 1.76 1.87 0.00
304 2.70 0.30 0.00
305 0.95 2.44 0.00
306 1.57 1.71 0.00
307 3.45 0.30 0.00
308 0.96 0.82 0.00
309 1.56 0.30 0.00
310 3.66 185.33 0.00
311 2.38 2.22 0.00
312 1.45 0.30 0.00
313 1.51 0.30 0.00
314 1.32 0.82 0.00
315 28.48 26.55 0.00
316 3.08 11.68 0.00
317 10.69 25.58 0.00
318 2.09 0.45 0.00
319 0.87 1.73 0.00
320 12.04 25.57 0.00
321 16.98 35.37 0.00
322 1.19 0.30 0.00
323 1.68 0.81 0.00
324 2.17 0.30 0.00
325 1.32 5.79 0.00
326 2.24 2.22 0.00
327 1.77 0.30 0.00
328 331.14 27.31 0.00
329 1.77 6.20 0.00
330 1.52 0.43 0.00
331 1.79 1.78 0.00
332 1.79 1.04 0.00
333 1.31 0.37 0.00
334 8.32 1045.27 0.00
335 6.51 1577.09 0.00
336 4.70 1139.90 0.00
337 0.88 3.13 0.00
338 1.96 0.82 0.00
339 9.42 3033.27 0.00
340 3.22 838.09 0.00
341 2.03 2.35 0.00
342 9.09 4296.67 0.00
343 4.47 231.22 0.00
344 2.86 0.82 0.00
345 2.39 9.47 0.00
346 2.90 3.20 0.00
347 4.46 152.51 0.00
348 0.87 0.45 0.00
349 3.65 113.61 0.00
350 1.32 15.02 0.00
351 2.05 1.91 0.00
352 171.33 7.02 0.00
353 1.17 8.12 0.00
354 1.88 7.41 0.00
355 2.32 1.92 0.00
356 2.29 2.22 0.00
357 0.77 0.30 0.00
358 1.64 0.30 0.00
359 0.87 0.82 0.00
360 1.44 0.30 0.00
361 2.07 1.64 0.00
362 0.87 0.82 0.00
363 1.21 1.87 0.00
364 1.78 0.30 0.00
365 1.38 2.44 0.00
366 1.17 1.51 0.00
367 2.00 0.30 0.00
368 0.51 0.82 0.00
369 1.89 0.30 0.00
370 0.55 0.30 0.00
371 2.16 2.35 0.00
372 1.33 0.30 0.00
373 0.74 0.30 0.00
374 1.10 0.82 0.00
375 1.96 1.92 0.00
376 1.08 1.77 0.00
377 0.99 0.82 0.00
378 1.75 1.87 0.00
379 1.92 0.30 0.00
380 1.66 0.82 0.00
381 2.08 1.44 0.00
382 2.38 0.33 0.00
383 1.29 0.82 0.00
384 1.66 0.30 0.00
385 4.36 3.63 0.00
386 1.46 2.30 0.00
387 2.11 0.30 0.00
388 0.63 0.30 0.00
389 1.33 0.82 0.00
390 0.88 0.30 0.00
391 1.74 1.59 0.00
392 1.63 0.88 0.00
393 1.28 0.45 0.00
394 0.64 1.73 0.00
395 2.18 2.44 0.00
396 1.82 1.70 0.00
397 0.66 0.37 0.00
398 25.32 19.00 0.00
399 1.00 0.30 0.00
400 1.08 0.30 0.00
401 6.77 8.62 0.00
402 0.84 0.30 0.00
403 1.43 0.30 0.00
404 1.84 0.82 0.00
405 14.50 28.23 0.00
406 1.18 1.72 0.00
407 15.44 28.39 0.00
408 5.36 331.93 0.00
409 7.42 23.79 0.00
410 1.32 5.43 0.00
411 2.13 1.68 0.00
412 2.11 0.33 0.00
413 1.29 0.82 0.00
414 1.23 0.30 0.00
415 2.80 0.30 0.00
416 2.41 5.67 0.00
417 2.26 0.30 0.00
418 2.18 0.30 0.00
419 0.99 0.82 0.00
420 2.46 0.30 0.00
421 2.33 1.83 0.00
422 0.88 0.89 0.00
423 2.99 0.37 0.00
424 68.48 7.24 0.00
425 1.39 7.75 0.00
426 29.07 30.42 0.00
427 2.29 0.52 0.00
428 1.89 115.27 0.00
429 23.32 50.66 0.00
430 0.55 0.30 0.00
431 1.65 2.06 0.00
432 1.85 0.41 0.00
433 14.99 33.83 0.00
434 0.44 0.82 0.00
435 1.53 0.30 0.00
436 2.91 7.19 0.00
437 3.01 5.28 0.00
438 1.98 0.45 0.00
439 2.12 1.73 0.00
440 137.80 30.78 0.00
441 2.37 1.59 0.00
442 1.45 0.36 0.00
443 3.05 0.82 0.00
444 1.67 0.30 0.00
445 1.73 4.50 0.00
446 2.18 2.26 0.00
447 3.08 0.33 0.00
448 1.74 0.30 0.00
449 2.10 2.31 0.00
450 0.98 0.30 0.00
451 3.14 4.88 0.00
452 2.19 0.82 0.00
453 1.31 0.45 0.00
454 1.78 6.20 0.00
455 2.07 0.82 0.00
456 3.35 1.78 0.00
457 0.55 0.36 0.00
458 1.67 5.47 0.00
459 2.84 0.30 0.00
460 2.69 286.81 0.00
461 2.55 2.38 0.00
462 3.18 2.48 0.00
463 117.03 13.43 0.00
464 2.57 7.86 0.00
465 1.26 1.92 0.00
466 1.96 1.71 0.00
467 3.92 0.82 0.00
468 3.23 127.96 0.00
469 1.55 0.30 0.00
470 1.66 0.82 0.00
471 2.09 1.71 0.00
472 1.77 0.30 0.00
473 1.37 0.82 0.00
474 1.61 0.30 0.00
475 2.77 1.92 0.00
476 1.46 2.22 0.00
477 0.87 0.30 0.00
478 1.74 0.30 0.00
479 1.42 0.82 0.00
480 1.52 0.30 0.00
481 2.12 1.71 0.00
482 1.54 0.82 0.00
483 1.61 1.87 0.00
484 1.77 0.30 0.00
485 1.39 2.44 0.00
486 1.06 1.64 0.00
487 1.33 0.30 0.00
488 0.85 0.82 0.00
489 1.75 0.30 0.00
490 0.82 0.30 0.00
491 25.97 19.07 0.00
492 1.44 0.30 0.00
493 0.95 0.30 0.00
494 0.99 0.82 0.00
495 3.10 4.30 0.00
496 1.46 1.23 0.00
497 18.86 32.32 0.00
498 3.36 0.45 0.00
499 10.71 14.25 0.00
500 5.65 390.87 0.00
501 2.99 1.54 0.00
502 13.00 25.88 0.00
503 2.02 6.51 0.00
504 1.67 0.30 0.00
505 0.89 4.04 0.00
506 3.90 2.33 0.00
507 4.30 2.23 0.00
508 1.19 0.32 0.00
509 4.62 4.47 0.00
510 0.77 0.30 0.00
511 1.04 0.30 0.00
512 2.26 0.37 0.00
513 1.21 2.41 0.00
514 0.55 1.81 0.00
515 1.94 4.49 0.00
516 115.88 4.01 0.00
517 1.10 0.30 0.00
518 1.61 2.16 0.00
519 0.89 0.00 0.00
520 108.18 9.32 0.00
521 1.81 6.07 0.00
522 1.06 0.30 0.00
523 1.78 1.77 0.00
524 1.32 0.82 0.00
525 1.07 1.92 0.00
526 0.63 0.30 0.00
527 2.21 0.82 0.00
528 2.65 3.34 0.00
529 1.00 0.30 0.00
530 0.99 0.82 0.00
531 0.75 0.30 0.00
532 27.85 24.93 0.00
533 2.96 5.35 0.00
534 16.99 36.51 0.00
535 7.21 15.48 0.00
536 2.22 0.82 0.00
537 0.99 0.30 0.00
538 1.95 1.64 0.00
539 0.88 0.82 0.00
540 2.03 0.30 0.00
541 0.96 0.30 0.00
542 1.66 0.51 0.00
543 1.32 1.91 0.00
544 1.78 1.87 0.00
545 1.54 0.83 0.00
546 1.18 0.30 0.00
547 0.77 0.30 0.00
548 2.23 2.22 0.00
549 0.82 0.37 0.00
550 1.44 0.28 0.00
551 1.54 0.82 0.00
552 0.88 0.30 0.00
553 1.62 1.54 0.00
554 0.66 0.92 0.00
555 0.98 0.44 0.00
556 3.23 129.27 0.00
557 0.66 17.85 0.00
558 1.29 1.78 0.00
559 1.64 1.73 0.00
560 1.43 0.82 0.00
561 0.51 0.30 0.00
562 1.56 0.30 0.00
563 1.56 2.22 0.00
564 0.76 0.30 0.00
565 1.88 0.30 0.00
566 1.39 0.82 0.00
567 0.76 0.30 0.00
568 2.24 1.71 0.00
569 1.10 0.82 0.00
570 1.32 0.30 0.00
571 1.08 0.30 0.00
572 2.03 0.82 0.00
573 1.96 1.78 0.00
574 0.66 1.73 0.00
575 2.15 0.30 0.00
576 2.40 0.82 0.00
577 1.86 0.30 0.00
578 3.19 2.22 0.00
579 1.55 0.30 0.00
580 1.55 0.30 0.00
581 1.63 0.82 0.00
582 2.11 0.30 0.00
583 2.22 1.77 0.00
584 1.55 0.82 0.00
585 1.66 0.30 0.00
586 1.28 0.30 0.00
587 2.03 0.82 0.00
588 2.65 1.91 0.00
589 1.43 1.73 0.00
590 2.32 0.82 0.00
591 0.85 0.30 0.00
592 0.98 0.30 0.00
593 2.23 2.22 0.00
594 0.77 0.30 0.00
595 1.70 0.00 0.00
596 2.07 0.82 0.00
597 0.77 0.30 0.00
598 1.77 1.71 0.00
599 1.87 0.88 0.00
600 0.88 0.30 0.00
601 0.85 0.30 0.00
602 1.32 0.82 0.00
603 1.76 1.91 0.00
604 0.66 1.73 0.00
605 1.10 0.82 0.00
606 1.08 0.30 0.00
607 0.77 0.30 0.00
608 1.74 2.29 0.00
609 0.89 0.30 0.00
610 1.33 0.30 0.00
611 4.71 28.92 0.00
612 1.44 0.30 0.00
613 1.70 1.77 0.00
614 1.80 0.89 0.00
615 0.33 0.30 0.00
616 1.52 0.30 0.00
617 2.28 4.81 0.00
618 1.45 3.41 0.00
619 1.55 0.36 0.00
620 1.21 0.82 0.00
621 0.85 0.30 0.00
622 1.67 0.30 0.00
623 1.53 2.29 0.00
624 0.44 0.30 0.00
625 1.67 0.30 0.00
626 1.50 0.82 0.00
627 1.10 0.30 0.00
628 1.75 1.71 0.00
629 1.43 0.88 0.00
630 1.77 0.30 0.00
631 1.58 4.30 0.00
632 1.76 0.82 0.00
633 2.76 3.27 0.00
634 1.21 0.37 0.00
635 1.32 0.82 0.00
636 2.05 4.30 0.00
637 1.01 0.32 0.00
638 1.63 2.21 0.00
639 1.44 0.37 0.00
640 1.22 0.30 0.00
641 1.26 0.82 0.00
642 1.74 0.30 0.00
643 2.47 1.62 0.00
644 1.63 0.89 0.00
645 1.52 0.30 0.00
646 1.27 0.30 0.00
647 1.91 0.82 0.00
648 2.47 0.45 0.00
649 1.27 3.13 0.00
650 3.13 0.82 0.00
651 1.50 0.30 0.00
652 0.98 0.30 0.00
653 3.66 0.82 0.00
654 1.19 1.64 0.00
655 1.36 0.30 0.00
656 3.08 0.82 0.00
657 0.66 0.30 0.00
658 1.40 0.30 0.00
659 2.21 2.29 0.00
660 1.62 0.30 0.00
661 1.33 1.86 0.00
662 2.21 0.82 0.00
663 2.35 1.87 0.00
664 1.68 1.90 0.00
665 2.32 0.82 0.00
666 1.18 0.30 0.00
667 1.10 0.30 0.00
668 2.28 0.82 0.00
669 3.29 2.58 0.00
670 1.77 0.37 0.00
671 1.74 0.82 0.00
672 1.49 0.30 0.00
673 1.51 0.30 0.00
674 2.14 2.35 0.00
675 1.11 0.28 0.00
676 2.03 0.30 0.00
677 1.88 0.82 0.00
678 1.62 1.87 0.00
679 2.26 1.71 0.00
680 1.58 0.82 0.00
681 0.86 0.30 0.00
682 1.98 0.30 0.00
683 1.06 0.82 0.00
684 1.38 1.71 0.00
685 2.11 0.30 0.00
686 1.93 0.82 0.00
687 0.77 0.30 0.00
688 2.68 0.30 0.00
689 2.27 2.51 0.00
690 1.77 0.30 0.00
691 0.74 0.30 0.00
692 3.24 6.96 0.00
693 2.32 1.87 0.00
694 1.27 1.71 0.00
695 2.36 0.51 0.00
696 1.63 0.30 0.00
697 2.92 27.81 0.00
698 0.95 0.82 0.00
699 2.33 1.76 0.00
700 1.33 0.32 0.00
701 1.17 0.82 0.00
702 2.40 0.30 0.00
703 2.26 0.30 0.00
704 1.90 2.22 0.00
705 2.81 7.86 0.00
706 0.96 0.30 0.00
707 1.71 6.20 0.00
708 2.76 0.37 0.00
709 1.16 3.21 0.00
710 1.54 0.82 0.00
711 0.85 0.30 0.00
712 1.98 0.30 0.00
713 1.80 0.82 0.00
714 1.16 1.71 0.00
715 1.58 0.30 0.00
716 2.07 0.82 0.00
717 0.88 0.30 0.00
718 1.18 6.22 0.00
719 2.21 2.29 0.00
720 0.43 0.30 0.00
721 1.07 7.11 0.00
722 1.54 0.82 0.00
723 0.86 0.37 0.00
724 1.23 3.28 0.00
725 1.77 0.82 0.00
726 0.86 0.43 0.00
727 2.37 0.30 0.00
728 1.92 10.53 0.00
729 1.00 1.77 0.00
730 2.71 0.30 0.00
731 1.86 1.15 0.00
732 0.76 0.30 0.00
733 2.79 0.30 0.00
734 1.41 2.16 0.00
735 0.74 4.34 0.00
736 2.07 0.30 0.00
737 0.89 0.82 0.00
738 1.64 0.37 0.00
739 1.92 3.08 0.00
740 1.00 0.82 0.00
741 1.19 0.30 0.00
742 1.11 0.30 0.00
743 1.61 0.82 0.00
744 0.98 1.64 0.00
745 1.67 0.30 0.00
746 1.28 0.82 0.00
747 0.77 0.30 0.00
748 2.30 0.30 0.00
749 1.70 7.38 0.00
750 2.00 0.30 0.00
751 1.17 0.30 0.00
752 1.10 0.82 0.00
753 2.43 0.37 0.00
754 1.82 3.71 0.00
755 1.10 0.88 0.00
756 1.76 4.34 0.00
757 0.88 0.30 0.00
758 1.07 0.82 0.00
759 1.89 1.77 0.00
760 0.65 0.30 0.00
761 1.18 0.82 0.00
762 1.35 0.43 0.00
763 1.43 0.30 0.00
764 1.65 2.16 0.00
765 1.89 0.30 0.00
766 1.67 0.30 0.00
767 2.12 1.15 0.00
768 1.54 0.37 0.00
769 2.59 3.28 0.00
770 1.44 0.82 0.00
771 0.74 0.30 0.00
772 2.14 0.30 0.00
773 1.51 0.82 0.00
774 2.34 1.90 0.00
775 1.36 0.30 0.00
776 2.40 0.82 0.00
777 1.22 0.30 0.00
778 1.51 0.30 0.00
779 2.54 2.16 0.00
780 0.89 0.30 0.00
781 1.85 0.30 0.00
782 1.61 4.86 0.00
783 1.87 0.45 0.00
784 1.75 7.12 0.00
785 1.77 0.82 0.00
786 1.08 0.30 0.00
787 1.33 0.30 0.00
788 2.28 0.82 0.00
789 1.58 5.94 0.00
790 1.78 0.30 0.00
791 1.88 0.82 0.00
792 1.10 0.30 0.00
793 2.21 0.30 0.00
794 1.49 2.22 0.00
795 0.65 0.30 0.00
796 2.70 4.41 0.00
797 0.44 0.82 0.00
798 0.97 1.87 0.00
799 1.79 1.77 0.00
800 0.88 0.82 0.00
801 1.29 0.30 0.00
802 2.33 0.30 0.00
803 0.96 0.82 0.00
804 2.37 1.77 0.00
805 2.29 4.41 0.00
806 0.74 0.82 0.00
807 2.26 0.30 0.00
808 2.30 0.30 0.00
809 1.56 2.29 0.00
810 2.48 0.30 0.00
811 1.92 0.43 0.00
812 1.21 0.82 0.00
813 1.76 1.87 0.00
814 2.25 1.90 0.00
815 0.88 0.82 0.00
816 2.32 0.67 0.00
817 0.55 0.00 0.00
818 1.81 4.92 0.00
819 1.54 1.59 0.00
820 0.97 0.36 0.00
821 1.75 0.86 0.00
822 1.67 0.30 0.00
823 1.42 0.30 0.00
824 1.44 2.29 0.00
825 1.66 0.30 0.00
826 1.37 4.34 0.00
827 1.44 0.88 0.00
828 1.72 0.45 0.00
829 1.73 3.10 0.00
830 1.87 0.92 0.00
831 1.33 3.34 0.00
832 0.88 0.30 0.00
833 1.51 0.82 0.00
834 1.11 1.70 0.00
835 3.04 0.37 0.00
836 1.72 0.81 0.00
837 1.10 0.30 0.00
838 1.41 0.30 0.00
839 2.85 2.35 0.00
840 10.03 4.72 0.00
841 1.88 0.30 0.00
842 2.02 6.32 0.00
843 2.42 0.45 0.00
844 1.42 3.07 0.00
845 2.28 0.86 0.00
846 3.02 9.33 0.00
847 3.83 0.37 0.00
848 1.94 0.83 0.00
849 2.77 1.84 0.00
850 1.64 0.30 0.00
851 1.97 0.82 0.00
852 0.66 0.30 0.00
853 1.53 0.30 0.00
854 1.26 1.84 0.00
855 0.44 0.82 0.00
856 1.19 0.30 0.00
857 0.66 0.82 0.00
858 5.97 5.51 0.00
859 2.19 3.20 0.00
860 0.66 0.82 0.00
861 0.74 0.30 0.00
862 1.64 0.30 0.00
863 1.75 0.82 0.00
864 2.40 1.71 0.00
865 1.73 3.06 0.00
866 1.98 0.82 0.00
867 2.49 4.85 0.00
868 1.72 0.30 0.00
869 1.78 2.29 0.00
870 3.71 1.92 0.00
871 1.08 0.30 0.00
872 1.10 0.82 0.00
873 2.33 0.45 0.00
874 1.99 3.20 0.00
875 1.33 0.82 0.00
876 2.05 0.30 0.00
877 1.08 0.30 0.00
878 1.94 0.82 0.00
879 2.66 1.41 0.00
880 1.33 0.36 0.00
881 1.29 0.82 0.00
882 3.24 0.30 0.00
883 1.94 0.30 0.00
884 1.11 2.29 0.00
885 3.44 9.72 0.00
886 1.43 0.30 0.00
887 2.30 0.82 0.00
888 2.89 0.45 0.00
889 1.22 3.08 0.00
890 2.21 1.08 0.00
891 1.44 0.30 0.00
892 1.83 3.35 0.00
893 1.90 0.82 0.00
894 2.78 3.33 0.00
895 2.15 0.30 0.00
896 1.51 0.82 0.00
897 2.85 5.24 0.00
898 1.61 0.30 0.00
899 1.93 2.22 0.00
900 1.07 0.30 0.00
901 1.58 0.30 0.00
902 2.10 0.82 0.00
903 1.42 0.45 0.00
904 0.87 2.97 0.00
905 2.31 5.62 0.00
906 0.85 0.32 0.00
907 1.20 0.30 0.00
908 1.51 0.82 0.00
909 1.75 1.94 0.00
910 1.42 0.33 0.00
911 1.44 0.82 0.00
912 1.62 5.03 0.00
913 1.92 3.28 0.00
914 1.34 2.29 0.00
915 1.62 9.74 0.00
916 1.60 0.30 0.00
917 1.28 0.96 0.00
918 0.98 0.51 0.00
919 1.27 3.06 0.00
920 0.78 0.89 0.00
921 2.00 0.30 0.00
922 0.99 0.30 0.00
923 1.38 0.82 0.00
924 2.97 1.84 0.00
925 2.25 5.66 0.00
926 2.61 7.62 0.00
927 2.72 0.30 0.00
928 1.63 0.30 0.00
929 1.53 2.03 0.00
930 2.06 0.50 0.00
931 1.95 7.29 0.00
932 0.77 0.82 0.00
933 1.20 0.37 0.00
934 1.63 3.02 0.00
935 1.54 0.97 0.00
936 1.36 4.87 0.00
937 1.44 0.30 0.00
938 1.26 0.82 0.00
939 2.19 1.77 0.00
940 1.44 0.30 0.00
941 1.49 0.81 0.00
942 0.44 0.30 0.00
943 6.80 11.66 0.00
944 1.15 2.22 0.00
945 1.17 4.95 0.00
946 2.47 10.65 0.00
947 1.36 0.82 0.00
948 1.07 0.45 0.00
949 2.26 3.07 0.00
950 25.02 24.60 0.00
951 1.42 0.30 0.00
952 0.99 0.30 0.00
953 0.62 0.82 0.00
954 2.27 1.84 0.00
955 1.48 0.30 0.00
956 0.84 0.82 0.00
957 19.44 31.65 0.00
958 11.82 34.08 0.00
959 1.08 6.76 0.00
960 2.82 0.30 0.00
961 0.74 0.30 0.00
962 12.77 11.14 0.00
963 2.81 0.45 0.00
964 1.09 3.00 0.00
965 0.87 0.89 0.00
966 2.79 0.30 0.00
967 0.95 3.98 0.00
968 0.73 0.82 0.00
969 2.18 1.77 0.00
970 0.66 0.37 0.00
971 2.10 0.82 0.00
972 0.88 0.30 0.00
973 0.63 0.30 0.00
974 2.28 2.42 0.00
975 0.95 3.98 0.00
976 0.63 0.30 0.00
977 1.54 0.82 0.00
978 1.09 0.45 0.00
979 1.29 3.21 0.00
980 1.54 0.88 0.00
981 0.95 0.30 0.00
982 1.45 0.58 0.00
983 3.38 201.25 0.00
984 1.37 1.64 0.00
985 1.40 4.05 0.00
986 2.04 0.82 0.00
987 1.32 0.30 0.00
988 0.86 0.30 0.00
989 1.87 2.16 0.00
990 0.76 0.30 0.00
991 1.52 0.30 0.00
992 0.77 0.82 0.00
993 1.19 0.45 0.00
994 2.01 3.27 0.00
995 411.01 9.36 0.00
996 1.31 0.50 0.00
997 1.61 0.37 0.00
998 2.22 0.82 0.00
999 1.72 1.84 0.00
1000 15.09 10.55 0.00
1001 2.11 0.82 0.00
1002 0.89 0.30 0.00
1003 2.33 0.30 0.00
1004 2.64 2.22 0.00
1005 2.79 10.85 0.00
1006 1.84 0.30 0.00
1007 1.70 0.82 0.00
1008 1.43 0.37 0.00
1009 2.25 3.08 0.00
1010 1.11 0.82 0.00
1011 1.64 0.30 0.00
1012 0.87 0.30 0.00
1013 1.28 0.81 0.00
1014 1.94 1.71 0.00
1015 1.98 1.92 0.00
1016 1.29 0.82 0.00
1017 1.67 0.30 0.00
1018 0.95 0.30 0.00
1019 1.58 2.09 0.00
1020 2.20 0.30 0.00
1021 0.84 0.30 0.00
1022 1.32 0.82 0.00
1023 1.76 1.87 0.00
1024 32.65 30.04 0.00
1025 0.77 0.82 0.00
1026 2.06 0.30 0.00
1027 0.95 4.30 0.00
1028 0.96 0.82 0.00
1029 2.09 1.75 0.00
1030 0.81 1.79 0.00
1031 2.21 0.82 0.00
1032 0.77 0.30 0.00
1033 13.26 25.50 0.00
1034 295.10 4.74 0.00
1035 0.40 0.06 0.00
1036 0.91 0.37 0.00
1037 28.29 27.36 0.00
1038 1.42 0.37 0.00
1039 1.65 3.05 0.00
1040 3.35 0.92 0.00
1041 1.29 0.30 0.00
1042 1.10 0.30 0.00
1043 2.88 0.82 0.00
1044 1.49 1.65 0.00
1045 1.61 5.97 0.00
1046 1.83 0.82 0.00
1047 1.88 1.03 0.00
1048 0.74 5.48 0.00
1049 2.82 3.98 0.00
1050 1.12 5.48 0.00
1051 1.84 0.30 0.00
1052 1.52 0.90 0.00
1053 1.42 0.45 0.00
1054 1.50 3.10 0.00
1055 0.32 0.85 0.00
1056 2.36 5.61 0.00
1057 1.44 5.48 0.00
1058 0.84 0.82 0.00
1059 1.79 1.71 0.00
1060 1.78 0.36 0.00
1061 1.28 0.82 0.00
1062 1.66 0.30 0.00
1063 2.28 0.43 0.00
1064 1.56 2.29 0.00
1065 1.00 0.30 0.00
1066 2.45 5.30 0.00
1067 1.36 0.82 0.00
1068 1.97 2.18 0.00
1069 2.22 1.57 0.00
1070 1.00 0.89 0.00
1071 2.35 0.30 0.00
1072 1.30 0.30 0.00
1073 0.96 0.82 0.00
1074 2.35 1.65 0.00
1075 2.00 0.36 0.00
1076 2.29 4.86 0.00
1077 1.43 0.30 0.00
1078 1.71 0.30 0.00
1079 2.85 2.22 0.00
1080 1.55 0.30 0.00
1081 1.95 0.30 0.00
1082 2.25 0.82 0.00
1083 1.95 0.45 0.00
1084 1.16 3.10 0.00
1085 1.17 4.88 0.00
1086 1.71 0.30 0.00
1087 1.10 0.30 0.00
1088 1.17 0.82 0.00
1089 2.16 1.65 0.00
1090 1.88 0.36 0.00
1091 1.99 0.82 0.00
1092 1.22 0.30 0.00
1093 0.40 0.30 0.00
1094 1.74 2.41 0.00
1095 0.44 0.30 0.00
1096 1.69 4.34 0.00
1097 1.55 0.82 0.00
1098 1.07 0.45 0.00
1099 1.86 3.40 0.00
1100 1.44 0.88 0.00
1101 1.82 0.30 0.00
1102 1.52 0.30 0.00
1103 1.84 0.82 0.00
1104 2.12 1.67 0.00
1105 1.62 0.40 0.00
1106 2.13 4.86 0.00
1107 1.10 0.30 0.00
1108 0.97 0.30 0.00
1109 2.04 2.22 0.00
1110 0.66 0.30 0.00
1111 1.30 0.30 0.00
1112 1.55 0.82 0.00
1113 1.84 0.37 0.00
1114 2.80 3.15 0.00
1115 1.21 0.82 0.00
1116 1.08 0.30 0.00
1117 2.70 0.30 0.00
1118 1.06 0.82 0.00
1119 1.56 1.77 0.00
1120 2.10 0.30 0.00
1121 2.46 4.98 0.00
1122 1.12 0.30 0.00
1123 1.98 0.30 0.00
1124 1.09 2.18 0.00
1125 1.22 0.30 0.00
1126 2.75 4.66 0.00
1127 1.91 0.88 0.00
1128 1.20 0.45 0.00
1129 2.50 3.07 0.00
1130 1.09 0.82 0.00
1131 2.43 0.37 0.00
1132 1.22 0.28 0.00
1133 1.38 0.82 0.00
1134 2.38 1.84 0.00
1135 1.53 0.43 0.00
1136 0.84 0.82 0.00
1137 1.95 4.41 0.00
1138 1.07 0.30 0.00
1139 1.25 1.79 0.00
1140 1.79 0.67 0.00
1141 1.22 1.86 0.00
1142 1.54 0.82 0.00
1143 1.87 0.45 0.00
1144 1.09 3.04 0.00
1145 1.03 0.89 0.00
1146 1.70 4.47 0.00
1147 0.55 0.30 0.00
1148 0.96 0.82 0.00
1149 2.30 1.65 0.00
1150 0.44 0.36 0.00
1151 2.21 0.82 0.00
1152 1.00 0.30 0.00
1153 1.89 0.30 0.00
1154 1.89 2.29 0.00
1155 0.66 0.30 0.00
1156 2.11 0.30 0.00
1157 1.42 0.81 0.00
1158 0.97 0.45 0.00
1159 2.19 2.95 0.00
1160 2.21 0.88 0.00
1161 1.27 0.30 0.00
1162 0.78 0.30 0.00
1163 2.36 4.98 0.00
1164 1.36 1.48 0.00
1165 1.23 0.40 0.00
1166 2.25 4.98 0.00
1167 1.10 0.30 0.00
1168 1.19 0.30 0.00
1169 2.32 2.29 0.00
1170 1.55 0.30 0.00
1171 1.29 0.30 0.00
1172 1.65 0.82 0.00
1173 1.75 0.45 0.00
1174 1.49 3.10 0.00
1175 1.77 0.85 0.00
1176 2.37 4.47 0.00
1177 1.33 0.30 0.00
1178 0.96 0.82 0.00
1179 2.60 1.65 0.00
1180 6.29 0.82 0.00
1181 1.06 0.88 0.00
1182 1.55 0.30 0.00
1183 1.50 0.45 0.00
1184 1.60 4.83 0.00
1185 1.89 6.03 0.00
1186 1.06 0.30 0.00
1187 1.79 0.82 0.00
1188 1.97 0.45 0.00
1189 1.33 3.13 0.00
1190 1.65 0.89 0.00
1191 1.85 0.30 0.00
1192 2.51 1.79 0.00
1193 1.62 0.82 0.00
1194 2.12 1.90 0.00
1195 3.13 4.63 0.00
1196 2.07 0.82 0.00
1197 0.88 0.30 0.00
1198 2.44 0.30 0.00
1199 1.92 2.22 0.00
1200 1.11 0.30 0.00
1201 1.18 0.30 0.00
1202 1.87 0.82 0.00
1203 1.65 0.45 0.00
1204 2.77 3.20 0.00
1205 1.88 0.82 0.00
1206 1.42 0.30 0.00
1207 1.33 0.30 0.00
1208 1.84 0.82 0.00
1209 1.45 1.77 0.00
1210 2.20 4.76 0.00
1211 1.32 0.82 0.00
1212 1.33 0.30 0.00
1213 1.30 0.30 0.00
1214 1.27 2.22 0.00
1215 1.47 0.67 0.00
1216 1.81 4.63 0.00
1217 1.11 0.82 0.00
1218 1.32 1.87 0.00
1219 1.78 1.77 0.00
1220 1.38 0.86 0.00
1221 0.97 0.30 0.00
1222 1.44 0.30 0.00
1223 1.29 0.82 0.00
1224 1.35 1.90 0.00
1225 1.33 0.30 0.00
1226 1.47 5.15 0.00
1227 0.77 0.00 0.00
1228 2.18 0.30 0.00
1229 1.67 2.29 0.00
1230 1.44 0.30 0.00
1231 2.11 0.30 0.00
1232 0.99 0.82 0.00
1233 1.75 0.45 0.00
1234 3.38 3.14 0.00
1235 1.11 0.88 0.00
1236 1.63 0.30 0.00
1237 2.38 0.30 0.00
1238 1.18 0.82 0.00
1239 2.95 6.15 0.00
1240 1.22 0.33 0.00
1241 1.41 0.82 0.00
1242 1.43 0.30 0.00
1243 1.67 0.30 0.00
1244 1.33 2.29 0.00
1245 1.89 0.30 0.00
1246 1.37 4.70 0.00
1247 1.66 0.82 0.00
1248 2.05 0.45 0.00
1249 1.56 4.75 0.00
1250 2.72 0.89 0.00
1251 1.33 1.86 0.00
1252 0.99 0.30 0.00
1253 2.07 0.82 0.00
1254 1.85 1.71 0.00
1255 2.53 0.36 0.00
1256 2.49 5.46 0.00
1257 0.88 0.30 0.00
1258 1.14 0.30 0.00
1259 2.17 2.35 0.00
1260 0.77 0.30 0.00
1261 1.22 0.55 0.00
1262 2.25 0.82 0.00
1263 1.42 0.37 0.00
1264 1.38 3.15 0.00
1265 3.39 5.32 0.00
1266 1.74 0.37 0.00
1267 0.88 0.30 0.00
1268 2.56 2.37 0.00
1269 2.56 1.84 0.00
1270 2.15 0.30 0.00
1271 1.89 0.82 0.00
1272 1.45 0.30 0.00
1273 2.66 0.30 0.00
1274 2.15 2.35 0.00
1275 0.86 0.30 0.00
1276 2.95 4.87 0.00
1277 1.19 0.82 0.00
1278 1.40 1.87 0.00
1279 1.85 1.83 0.00
1280 1.21 0.82 0.00
1281 0.94 0.30 0.00
1282 1.44 0.30 0.00
1283 0.85 0.82 0.00
1284 1.33 1.77 0.00
1285 1.58 5.00 0.00
1286 1.36 0.82 0.00
1287 0.44 0.30 0.00
1288 1.74 0.30 0.00
1289 1.87 2.42 0.00
1290 2.90 0.67 0.00
1291 2.31 0.30 0.00
1292 1.43 0.82 0.00
1293 3.78 1.87 0.00
1294 2.89 1.90 0.00
1295 1.63 5.43 0.00
1296 2.98 0.30 0.00
1297 2.76 0.30 0.00
1298 1.50 0.82 0.00
1299 2.28 1.71 0.00
1300 1.78 0.30 0.00
1301 1.71 0.00 0.00
1302 2.23 0.30 0.00
1303 1.75 0.30 0.00
1304 1.77 1.84 0.00
1305 2.76 0.36 0.00
1306 1.83 1.33 0.00
1307 1.25 0.30 0.00
1308 3.32 0.57 0.00
1309 1.37 2.22 0.00
1310 1.98 1.77 0.00
1311 2.00 0.30 0.00
1312 0.96 0.82 0.00
1313 2.97 8.16 0.00
1314 2.43 0.32 0.00
1315 1.92 1.90 0.00
1316 1.69 0.30 0.00
1317 0.55 0.30 0.00
1318 2.25 4.93 0.00
1319 1.64 0.37 0.00
1320 1.14 1.96 0.00
1321 2.21 0.30 0.00
1322 2.29 0.43 0.00
1323 0.53 0.45 0.00
1324 2.23 1.73 0.00
1325 2.77 6.49 0.00
1326 0.95 0.30 0.00
1327 2.36 0.30 0.00
1328 2.47 0.30 0.00
1329 0.76 0.30 0.00
1330 2.59 3.17 0.00
1331 1.89 0.30 0.00
1332 0.43 0.30 0.00
1333 0.96 0.82 0.00
1334 2.19 0.30 0.00
1335 1.27 1.71 0.00
1336 1.29 0.82 0.00
1337 1.85 0.30 0.00
1338 1.49 5.09 0.00
1339 0.77 2.25 0.00
1340 1.95 1.84 0.00
1341 1.18 0.30 0.00
1342 0.88 0.82 0.00
1343 2.15 0.30 0.00
1344 1.29 0.43 0.00
1345 0.98 2.16 0.00
1346 1.63 0.30 0.00
1347 2.03 0.30 0.00
1348 1.06 0.82 0.00
1349 1.77 0.50 0.00
1350 11.07 2.16 0.00
1351 2.27 0.82 0.00
1352 1.99 0.30 0.00
1353 3.63 5.09 0.00
1354 2.44 2.25 0.00
1355 1.61 6.42 0.00
1356 1.74 0.28 0.00
1357 1.93 0.82 0.00
1358 1.79 9.05 0.00
1359 0.66 0.30 0.00
1360 1.81 2.22 0.00
1361 0.97 0.30 0.00
1362 1.11 0.30 0.00
1363 2.49 1.15 0.00
1364 0.45 0.00 0.00
1365 1.65 6.59 0.00
1366 1.93 0.88 0.00
1367 1.15 0.30 0.00
1368 1.93 10.35 0.00
1369 1.43 2.32 0.00
1370 1.22 1.77 0.00
1371 1.41 0.30 0.00
1372 1.10 0.82 0.00
1373 1.07 0.30 0.00
1374 1.44 0.30 0.00
1375 2.38 2.22 0.00
1376 1.35 0.30 0.00
1377 1.66 0.30 0.00
1378 1.69 5.52 0.00
1379 0.87 0.30 0.00
1380 2.29 1.84 0.00
1381 2.06 0.82 0.00
1382 1.32 0.30 0.00
1383 2.20 0.45 0.00
1384 1.43 2.25 0.00
1385 1.15 1.71 0.00
1386 3.33 0.30 0.00
1387 1.25 2.38 0.00
1388 1.94 0.30 0.00
1389 3.32 5.04 0.00
1390 1.17 2.35 0.00
1391 2.41 3.29 0.00
1392 1.81 0.30 0.00
1393 0.96 0.82 0.00
1394 1.70 1.79 0.00
1395 0.81 1.58 0.00
1396 1.06 0.82 0.00
1397 1.77 0.30 0.00
1398 1.09 0.45 0.00
1399 1.23 2.22 0.00
1400 1.61 1.71 0.00
1401 0.95 0.30 0.00
1402 0.88 0.82 0.00
1403 1.19 0.30 0.00
1404 0.43 0.30 0.00
1405 1.77 12.36 0.00
1406 1.41 0.30 0.00
1407 0.54 0.30 0.00
1408 0.85 0.82 0.00
1409 1.55 0.30 0.00
1410 1.28 1.84 0.00
1411 1.62 0.82 0.00
1412 0.83 0.43 0.00
1413 1.28 0.45 0.00
1414 1.88 2.25 0.00
1415 1.49 6.97 0.00
1416 0.63 0.30 0.00
1417 1.71 1.06 0.00
1418 1.33 1.79 0.00
1419 0.88 0.30 0.00
1420 2.11 7.54 0.00
1421 0.85 0.30 0.00
1422 1.15 7.60 0.00
1423 2.10 0.79 0.00
1424 2.14 0.30 0.00
1425 1.84 6.02 0.00
1426 1.62 0.82 0.00
1427 1.91 0.30 0.00
1428 2.34 0.45 0.00
1429 2.32 2.25 0.00
1430 2.06 3.45 0.00
1431 3.54 5.89 0.00
1432 1.32 0.82 0.00
1433 0.96 0.30 0.00
1434 2.00 0.30 0.00
1435 3.09 3.91 0.00
1436 1.74 0.37 0.00
1437 1.78 0.30 0.00
1438 1.18 0.82 0.00
1439 1.11 0.30 0.00
1440 1.72 1.71 0.00
1441 1.29 0.82 0.00
1442 1.55 0.30 0.00
1443 1.86 0.45 0.00
1444 0.99 2.25 0.00
1445 1.65 3.52 0.00
1446 1.30 0.30 0.00
1447 0.76 0.82 0.00
1448 0.75 0.30 0.00
1449 2.11 0.30 0.00
1450 2.54 2.42 0.00
1451 2.22 0.37 0.00
1452 0.66 0.30 0.00
1453 0.63 0.82 0.00
1454 1.11 0.30 0.00
1455 0.94 1.71 0.00
1456 1.58 2.44 0.00
1457 1.88 0.30 0.00
1458 1.31 1.87 0.00
1459 0.77 0.82 0.00
1460 7.83 10.67 0.00
1461 1.29 0.30 0.00
1462 1.10 0.82 0.00
1463 2.78 0.30 0.00
1464 0.77 0.30 0.00
1465 26.38 30.16 0.00
1466 3.01 0.30 0.00
1467 0.55 0.06 0.00
1468 1.17 0.75 0.00
1469 2.70 0.30 0.00
1470 1.49 1.65 0.00
1471 1.84 0.88 0.00
1472 9.19 12.75 0.00
1473 1.31 3.13 0.00
1474 1.65 2.25 0.00
1475 18.83 51.90 0.00
1476 1.41 4.91 0.00
1477 1.77 0.82 0.00
1478 1.49 0.30 0.00
1479 1.23 0.30 0.00
1480 1.98 2.16 0.00
1481 0.84 0.30 0.00
1482 1.32 0.30 0.00
1483 144.78 11.98 0.00
1484 0.99 0.29 0.00
1485 1.47 5.48 0.00
1486 1.96 0.85 0.00
1487 2.03 0.30 0.00
1488 0.76 0.45 0.00
1489 1.88 2.25 0.00
1490 1.27 0.37 0.00
1491 2.63 1.70 0.00
1492 1.55 0.37 0.00
1493 1.84 0.82 0.00
1494 1.87 0.30 0.00
1495 1.78 0.82 0.00
1496 1.72 1.70 0.00
1497 1.77 0.37 0.00
1498 2.59 4.62 0.00
1499 0.97 0.30 0.00
1500 1.66 0.30 0.00
1501 2.18 2.42 0.00
1502 2.23 0.30 0.00
1503 1.75 0.45 0.00
1504 0.88 2.25 0.00
1505 2.01 0.30 0.00
1506 2.03 1.84 0.00
1507 1.46 4.49 0.00
1508 2.00 0.30 0.00
1509 1.55 0.30 0.00
1510 1.18 0.82 0.00
1511 220.23 9.47 0.00
1512 22.51 28.31 0.00
1513 22.21 4.51 0.00
1514 1.77 0.30 0.00
1515 0.95 4.54 0.00
1516 2.16 2.26 0.00
1517 2.22 0.30 0.00
1518 0.76 0.45 0.00
1519 1.43 2.25 0.00
1520 1.66 0.30 0.00
1521 1.13 1.71 0.00
1522 1.09 0.82 0.00
1523 3.23 0.30 0.00
1524 9.34 15.10 0.00
1525 1.25 7.67 0.00
1526 3.25 1.77 0.00
1527 9.02 13.30 0.00
1528 1.59 3.43 0.00
1529 2.64 0.30 0.00
1530 1.66 0.30 0.00
1531 2.01 2.22 0.00
1532 1.19 0.30 0.00
1533 1.97 1.87 0.00
1534 4.99 8.62 0.00
1535 5.38 12.35 0.00
1536 2.73 1.77 0.00
1537 5.06 8.62 0.00
1538 4.97 8.11 0.00
1539 2.44 0.30 0.00
1540 1.30 0.82 0.00
1541 2.39 1.71 0.00
1542 1.73 5.29 0.00
1543 1.88 0.82 0.00
1544 1.99 0.37 0.00
1545 1.91 14.07 0.00
1546 19.76 20.88 0.00
1547 9.86 14.39 0.00
1548 20.71 46.68 0.00
1549 30.02 27.98 0.00
1550 27.58 36.90 0.00
1551 1.63 1.77 0.00
1552 0.99 0.82 0.00
1553 1.75 0.00 0.00
1554 1.11 0.30 0.00
1555 18.12 36.54 0.00
1556 2.54 1.65 0.00
1557 0.66 0.36 0.00
1558 1.26 0.82 0.00
1559 18.52 29.17 0.00
1560 0.67 2.91 0.00
1561 1.43 2.22 0.00
1562 1.65 0.30 0.00
1563 1.09 0.37 0.00
1564 118.51 144.55 0.00
1565 1.65 0.38 0.00
1566 1.71 6.01 0.00
1567 1.10 0.82 0.00
1568 17.65 29.17 0.00
1569 1.11 2.91 0.00
1570 2.32 0.82 0.00
1571 1.32 1.59 0.00
1572 9.91 13.49 0.00
1573 9.87 19.17 0.00
1574 0.43 0.30 0.00
1575 0.66 0.30 0.00
1576 1.91 6.40 0.00
1577 109.10 130.28 0.00
1578 0.43 0.45 0.00
1579 2.60 2.25 0.00
1580 0.55 0.30 0.00
1581 13.45 22.77 0.00
1582 2.48 3.43 0.00
1583 4.75 5.49 0.00
1584 0.33 2.99 0.00
1585 2.71 0.82 0.00
1586 14.12 29.50 0.00
1587 1.10 0.36 0.00
1588 6.29 8.69 0.00
1589 0.88 0.30 0.00
1590 72.04 95.14 0.00
1591 1.95 2.16 0.00
1592 43.20 46.51 0.00
1593 1.65 0.45 0.00
1594 1.21 2.25 0.00
1595 1.87 0.30 0.00
1596 10.27 21.62 0.00
1597 0.88 0.82 0.00
1598 9.09 16.04 0.00
1599 1.78 0.30 0.00
1600 9.23 16.56 0.00
1601 4.73 6.47 0.00
1602 6.35 8.17 0.00
1603 2.49 3.43 0.00
1604 1.02 5.50 0.00
1605 1.44 5.22 0.00
1606 120.93 147.16 0.00
1607 1.82 0.30 0.00
1608 1.65 0.45 0.00
1609 0.65 2.25 0.00
1610 18.50 29.17 0.00
1611 1.83 4.15 0.00
1612 0.54 0.92 0.00
1613 1.63 0.30 0.00
1614 1.10 0.30 0.00
1615 18.24 36.54 0.00
1616 2.41 1.72 0.00
1617 1.10 0.36 0.00
1618 3.10 0.82 0.00
1619 109.50 132.11 0.00
1620 1.10 2.35 0.00
1621 18.66 30.05 0.00
1622 17.98 47.88 0.00
1623 6.28 5.54 0.00
1624 2.36 0.82 0.00
1625 2.30 0.88 0.00
1626 1.65 1.72 0.00
1627 0.99 0.83 0.00
1628 1.71 0.51 0.00
1629 0.79 4.41 0.00
1630 1.99 0.82 0.00
1631 1.67 0.30 0.00
1632 1.33 0.30 0.00
1633 2.52 0.82 0.00
1634 1.66 0.30 0.00
1635 1.00 0.30 0.00
1636 1.62 0.82 0.00
1637 0.89 0.30 0.00
1638 0.98 0.37 0.00
1639 2.10 2.32 0.00
1640 0.44 0.30 0.00
1641 1.19 0.30 0.00
1642 1.99 0.82 0.00
1643 0.96 0.30 0.00
1644 0.78 0.30 0.00
1645 1.66 0.82 0.00
1646 0.62 0.30 0.00
1647 1.23 0.30 0.00
1648 1.85 0.82 0.00
1649 0.76 0.30 0.00
1650 1.57 0.30 0.00
1651 0.96 0.82 0.00
1652 0.43 0.30 0.00
1653 1.54 1.87 0.00
1654 0.55 0.82 0.00
1655 0.99 0.30 0.00
1656 1.97 0.30 0.00
1657 3.15 0.82 0.00
1658 1.85 0.30 0.00
1659 1.80 0.30 0.00
1660 2.25 0.82 0.00
1661 1.31 0.00 0.00
1662 1.67 0.30 0.00
1663 3.04 0.82 0.00
1664 1.00 0.30 0.00
1665 2.00 0.30 0.00
1666 1.30 0.82 0.00
1667 1.47 0.30 0.00
1668 2.10 0.37 0.00
1669 0.77 2.32 0.00
1670 1.11 0.30 0.00
1671 0.73 0.30 0.00
1672 1.56 0.82 0.00
1673 1.49 0.30 0.00
1674 0.74 0.30 0.00
1675 1.26 0.82 0.00
1676 1.94 0.30 0.00
1677 0.99 0.30 0.00
1678 1.08 0.82 0.00
1679 1.66 0.30 0.00
1680 1.52 0.30 0.00
1681 1.07 0.82 0.00
1682 1.95 0.30 0.00
1683 1.37 0.45 0.00
1684 0.88 2.25 0.00
1685 1.62 0.30 0.00
1686 0.63 0.30 0.00
1687 1.31 0.82 0.00
1688 2.04 0.30 0.00
1689 1.06 0.30 0.00
1690 1.42 0.82 0.00
1691 2.33 0.30 0.00
1692 1.67 0.30 0.00
1693 1.19 0.82 0.00
1694 1.56 0.30 0.00
1695 2.33 0.30 0.00
1696 2.54 0.82 0.00
1697 2.27 0.30 0.00
1698 1.42 0.45 0.00
1699 2.71 2.25 0.00
1700 1.99 0.30 0.00
1701 1.60 0.30 0.00
1702 2.66 0.82 0.00
1703 2.17 0.30 0.00
1704 1.94 0.30 0.00
1705 1.21 0.82 0.00
1706 1.63 0.30 0.00
1707 1.33 0.30 0.00
1708 1.15 0.82 0.00
1709 1.44 0.30 0.00
1710 0.66 0.30 0.00
1711 1.51 0.82 0.00
1712 1.20 0.30 0.00
1713 1.50 0.37 0.00
1714 1.65 2.32 0.00
1715 1.32 0.30 0.00
1716 1.48 0.30 0.00
1717 2.45 0.82 0.00
1718 3.22 0.37 0.00
1719 1.55 0.32 0.00
1720 3.23 0.82 0.00
1721 2.23 0.37 0.00
1722 1.08 0.30 0.00
1723 3.23 0.82 0.00
1724 2.64 0.30 0.00
1725 1.33 0.30 0.00
1726 2.18 0.82 0.00
1727 2.48 0.30 0.00
1728 2.18 1.87 0.00
1729 2.11 0.82 0.00
1730 1.07 0.30 0.00
1731 1.83 0.30 0.00
1732 2.31 0.82 0.00
1733 6.36 3.66 0.00
1734 2.60 0.30 0.00
1735 2.14 0.82 0.00
1736 3.69 210.11 0.00
1737 4.67 209.82 0.00
1738 1.17 0.82 0.00
1739 1.18 0.30 0.00
1740 3.29 0.30 0.00
1741 1.57 0.82 0.00
1742 1.41 0.30 0.00
1743 2.36 1.87 0.00
1744 1.21 0.82 0.00
1745 8.26 158.88 0.00
1746 1.71 0.30 0.00
1747 1.27 0.51 0.00
1748 13.67 1047.26 0.00
1749 2.00 0.30 0.00
