0 1.38 0.89 0.00
1 3.57 0.30 0.00
2 0.44 0.30 0.00
3 1.85 2.39 0.00
4 2.95 0.30 0.00
5 7.79 5.88 0.00
6 1.30 0.87 0.00
7 2.57 0.30 0.00
8 0.72 0.30 0.00
9 4.42 0.95 0.00
10 2.55 4.76 0.00
11 0.66 0.33 0.00
12 2.13 0.82 0.00
13 1.86 0.30 0.00
14 0.93 0.30 0.00
15 2.87 2.56 0.00
16 0.75 0.41 0.00
17 0.56 0.30 0.00
18 2.50 2.39 0.00
19 0.83 0.30 0.00
20 1.24 2.22 0.00
21 1.55 0.87 0.00
22 0.55 0.30 0.00
23 0.55 0.30 0.00
24 1.37 0.82 0.00
25 2.19 2.03 0.00
26 0.66 0.36 0.00
27 1.77 0.82 0.00
28 0.93 0.44 0.00
29 2.69 3.49 0.00
30 1.78 2.61 0.00
31 1.51 3.55 0.00
32 21.00 194.33 0.00
33 61380.91 376.50 0.00
34 27850.82 60.70 0.00
35 2.25 3.62 0.00
36 2.01 1.40 0.00
37 3.11 2.01 0.00
38 0.77 0.30 0.00
39 1.44 0.95 0.00
40 25.49 5.67 0.00
41 1.10 0.47 0.00
42 2.41 1.10 0.00
43 3.05 2.40 0.00
44 2.14 0.30 0.00
45 4.89 249.83 0.00
46 4.87 142.61 0.00
47 21.27 3.05 0.00
48 1.95 2.39 0.00
49 1.16 0.30 0.00
50 415.45 10.49 0.00
51 22.34 23.48 0.00
52 3.97 235.54 0.00
53 1.00 0.30 0.00
54 1.59 0.82 0.00
55 1.06 2.24 0.00
56 513.21 67.22 0.00
57 1.11 22.99 0.00
58 1.14 0.30 0.00
59 1.38 0.30 0.00
60 2.20 6.80 0.00
61 359.91 23.57 0.00
62 1.22 0.30 0.00
63 1.20 0.96 0.00
64 0.60 1.73 0.00
65 1.00 0.30 0.00
66 2.10 2.79 0.00
67 0.55 0.30 0.00
68 1.55 0.30 0.00
69 1.61 0.81 0.00
70 2.46 175.44 0.00
71 1.95 58.91 0.00
72 2.30 66.54 0.00
73 0.77 0.30 0.00
74 12.30 10.22 0.00
75 0.89 0.82 0.00
76 1.95 2.21 0.00
77 77.00 10.57 0.00
78 1.89 2.39 0.00
79 192.25 21.74 0.00
80 1.06 4.28 0.00
81 2.67 2.86 0.00
82 1.33 0.30 0.00
83 1.22 0.30 0.00
84 4.48 256.71 0.00
85 242.42 11.86 0.00
86 1.35 2.28 0.00
87 0.73 0.58 0.00
88 241.14 12.38 0.00
89 0.99 0.30 0.00
90 1.31 5.02 0.00
91 466.88 26.69 0.00
92 0.65 0.30 0.00
93 0.90 2.39 0.00
94 1.49 0.30 0.00
95 0.54 0.30 0.00
96 2.03 1.95 0.00
97 0.55 0.00 0.00
98 1.42 0.85 0.00
99 1.70 0.82 0.00
100 0.84 4.30 0.00
101 3.29 132.79 0.00
102 1.44 0.82 0.00
103 368.83 12.40 0.00
104 1.12 0.30 0.00
105 1.55 0.82 0.00
106 0.90 1.75 0.00
107 0.88 0.41 0.00
108 78.10 13.04 0.00
109 0.82 0.30 0.00
110 0.95 4.30 0.00
111 2.59 3.12 0.00
112 129.59 7.43 0.00
113 0.55 6.17 0.00
114 1.59 0.82 0.00
115 1.44 0.30 0.00
116 132.21 3.96 0.00
117 2.95 7.06 0.00
118 190.08 2.06 0.00
119 1.26 6.09 0.00
120 2.54 2.44 0.00
121 2.44 2.21 0.00
122 1.00 0.30 0.00
123 1.71 2.39 0.00
124 5.53 175.18 0.00
125 2.76 66.09 0.00
126 1.49 24.77 0.00
127 1.78 0.30 0.00
128 0.78 0.30 0.00
129 4309.47 16.47 0.00
130 13436.57 30.11 0.00
131 11767.94 37.53 0.00
132 13356.30 209.69 0.00
133 15696.01 22.73 0.00
134 14012.28 18.80 0.00
135 14003.25 23.83 0.00
136 13677.36 17.42 0.00
137 15568.31 19.64 0.00
138 18240.68 225.77 0.00
139 36.91 16.89 0.00
140 1.08 5.74 0.00
141 1.78 2.67 0.00
142 0.66 0.30 0.00
143 0.77 0.30 0.00
144 1.37 0.82 0.00
145 1.36 0.30 0.00
146 1.07 2.21 0.00
147 1.33 0.82 0.00
148 0.88 0.30 0.00
149 0.67 0.13 0.00
150 1.45 0.51 0.00
151 0.72 2.09 0.00
152 0.66 0.30 0.00
153 1.35 2.39 0.00
154 0.59 0.30 0.00
155 1.68 0.31 0.00
156 2.55 2.73 0.00
157 0.54 0.30 0.00
158 1.68 0.45 0.00
159 2.85 4.84 0.00
160 0.54 0.30 0.00
161 1.72 2.09 0.00
162 1.77 0.75 0.00
163 0.66 0.00 0.00
164 1.50 0.00 0.00
165 0.77 0.51 0.00
166 1.36 1.92 0.00
167 1.67 0.00 0.00
168 1.07 2.14 0.00
169 1.52 0.00 0.00
170 1.70 0.00 0.00
171 1.40 2.45 0.00
172 0.55 0.00 0.00
173 1.67 0.00 0.00
174 3.83 199.15 0.00
175 1.11 41.07 0.00
176 0.83 1.73 0.00
177 0.89 0.57 0.00
178 2.04 0.00 0.00
179 0.65 0.06 0.00
180 1.00 0.49 0.00
181 259.16 4.33 0.00
182 378.28 21.46 0.00
183 4.23 2.66 0.00
184 1.61 0.00 0.00
185 0.44 0.00 0.00
186 1.59 2.43 0.00
187 1.81 0.06 0.00
188 1.11 0.00 0.00
189 2.02 0.49 0.00
190 1.82 4.24 0.00
191 1.16 1.75 0.00
192 1.42 0.54 0.00
193 1.59 0.13 0.00
194 0.71 0.00 0.00
195 2.59 0.51 0.00
196 1.27 1.88 0.00
197 0.78 0.00 0.00
198 2.38 0.61 0.00
199 0.72 0.00 0.00
200 0.63 5.74 0.00
201 13.26 10.99 0.00
202 10.83 8.40 0.00
203 0.45 0.00 0.00
204 11.94 8.91 0.00
205 11.31 8.40 0.00
206 1.34 1.79 0.00
207 1.40 0.71 0.00
208 1.13 0.00 0.00
209 0.94 0.00 0.00
210 1.29 4.75 0.00
211 0.79 1.79 0.00
212 0.45 0.00 0.00
213 1.58 2.14 0.00
214 0.60 0.00 0.00
215 1.18 0.13 0.00
216 4.15 130.33 0.00
217 0.97 0.00 0.00
218 1.56 0.00 0.00
219 1.68 38.76 0.00
220 1.87 4.59 0.00
221 4.38 67.36 0.00
222 0.97 0.49 0.00
223 0.47 0.20 0.00
224 3.75 189.20 0.00
225 1.00 62.55 0.00
226 1.60 1.86 0.00
227 1.11 0.00 0.00
228 0.85 2.14 0.00
229 1.44 0.06 0.00
230 1.62 0.13 0.00
231 1.22 6.39 0.00
232 1.24 0.28 0.00
233 2.94 0.59 0.00
234 217.98 67.56 0.00
235 1.30 0.00 0.00
236 2.39 2.04 0.00
237 0.94 0.63 0.00
238 2.08 0.00 0.00
239 2.65 0.26 0.00
240 4.35 264.18 0.00
241 2.26 1.79 0.00
242 0.67 0.00 0.00
243 0.79 2.14 0.00
244 245.65 2.26 0.00
245 0.45 0.00 0.00
246 150.66 4.44 0.00
247 5.29 8.12 0.00
248 1.15 0.69 0.00
249 67.42 1.42 0.00
250 1.42 0.00 0.00
251 0.85 1.88 0.00
252 1.44 4.33 0.00
253 1.22 0.00 0.00
254 0.71 0.00 0.00
255 1.33 0.00 0.00
256 7.35 3.03 0.00
257 10.71 8.46 0.00
258 1.97 0.14 0.00
259 1.83 67.60 0.00
260 1.19 4.24 0.00
261 12.41 10.25 0.00
262 0.66 0.51 0.00
263 0.55 0.00 0.00
264 1.65 0.06 0.00
265 1.25 0.49 0.00
266 1.01 1.79 0.00
267 1.44 0.00 0.00
268 0.77 0.57 0.00
269 0.82 0.00 0.00
270 1.74 4.24 0.00
271 1.07 2.49 0.00
272 1.48 0.00 0.00
273 1.36 0.14 0.00
274 0.93 1.94 0.00
275 2.48 0.00 0.00
276 1.18 1.86 0.00
277 0.77 0.57 0.00
278 2.82 0.00 0.00
279 1.16 0.00 0.00
280 0.77 0.51 0.00
281 3.04 6.15 0.00
282 1.63 0.00 0.00
283 1.11 0.51 0.00
284 1.50 0.00 0.00
285 0.78 0.00 0.00
286 1.02 2.04 0.00
287 1.22 0.00 0.00
288 0.64 0.14 0.00
289 0.82 1.94 0.00
290 1.85 4.24 0.00
291 1.52 2.23 0.00
292 1.23 0.51 0.00
293 1.67 0.00 0.00
294 0.82 0.00 0.00
295 66.89 1.16 0.00
296 1.01 1.78 0.00
297 21.40 17.17 0.00
298 2.15 0.51 0.00
299 0.49 0.00 0.00
300 0.74 4.24 0.00
301 2.95 2.49 0.00
302 0.55 0.00 0.00
303 10.83 8.46 0.00
304 1.38 2.02 0.00
305 0.45 0.00 0.00
306 1.09 1.99 0.00
307 1.32 0.56 0.00
308 0.55 0.00 0.00
309 1.98 0.00 0.00
310 1.62 4.75 0.00
311 12.58 10.31 0.00
312 0.55 0.00 0.00
313 1.22 0.51 0.00
314 1.79 0.00 0.00
315 3.48 100.44 0.00
316 0.95 59.12 0.00
317 129.95 543.41 0.00
318 11.71 8.58 0.00
319 0.59 1.94 0.00
320 1.46 4.30 0.00
321 2.23 1.75 0.00
322 0.54 0.67 0.00
323 2.32 0.00 0.00
324 1.68 0.00 0.00
325 1.87 0.51 0.00
326 1.45 1.82 0.00
327 1.56 0.00 0.00
328 0.94 0.67 0.00
329 2.60 83.34 0.00
330 2.07 89.28 0.00
331 1.05 2.30 0.00
332 0.78 0.00 0.00
333 1.92 0.14 0.00
334 0.65 1.98 0.00
335 1.91 0.00 0.00
336 1.98 2.18 0.00
337 0.55 0.57 0.00
338 244.68 2.41 0.00
339 1.27 0.00 0.00
340 0.51 4.68 0.00
341 2.25 1.96 0.00
342 0.45 0.00 0.00
343 1.43 0.53 0.00
344 1.70 0.00 0.00
345 131.21 7.61 0.00
346 22.64 14.10 0.00
347 1.67 0.51 0.00
348 216.85 2.14 0.00
349 1.86 1.94 0.00
350 1.24 4.24 0.00
351 1.46 1.79 0.00
352 1.82 0.57 0.00
353 1.44 0.00 0.00
354 1.06 0.00 0.00
355 3.49 0.51 0.00
356 1.42 2.10 0.00
357 0.79 0.00 0.00
358 1.93 0.51 0.00
359 1.15 0.00 0.00
360 0.63 4.24 0.00
361 2.24 2.23 0.00
362 1.39 0.00 0.00
363 0.91 0.06 0.00
364 1.59 2.02 0.00
365 0.55 0.00 0.00
366 1.92 2.30 0.00
367 224.31 10.89 0.00
368 0.55 0.00 0.00
369 1.30 0.00 0.00
370 1.85 4.75 0.00
371 1.01 1.78 0.00
372 0.84 0.00 0.00
373 1.62 0.58 0.00
374 0.60 0.00 0.00
375 1.40 0.00 0.00
376 4.32 143.98 0.00
377 0.40 0.13 0.00
378 1.35 0.06 0.00
379 1.33 2.02 0.00
380 0.74 4.24 0.00
381 1.24 1.65 0.00
382 1.44 0.49 0.00
383 1.46 0.00 0.00
384 1.15 0.00 0.00
385 1.48 0.51 0.00
386 1.79 1.79 0.00
387 12.18 8.75 0.00
388 2.51 0.97 0.00
389 169.09 1.51 0.00
390 265.29 7.25 0.00
391 2.37 2.35 0.00
392 1.42 0.00 0.00
393 1.71 1.63 0.00
394 1.89 0.49 0.00
395 2.00 0.06 0.00
396 4.77 133.56 0.00
397 11.02 80.71 0.00
398 11.48 8.40 0.00
399 1.02 0.00 0.00
400 0.90 4.75 0.00
401 1.68 1.97 0.00
402 0.55 0.00 0.00
403 1.06 0.49 0.00
404 1.50 0.00 0.00
405 1.43 0.00 0.00
406 1.00 2.36 0.00
407 2.09 0.00 0.00
408 2.22 1.70 0.00
409 2.53 0.97 0.00
410 2.41 4.24 0.00
411 2.80 1.79 0.00
412 1.52 0.57 0.00
413 2.31 0.00 0.00
414 1.33 0.06 0.00
415 3.10 0.49 0.00
416 121.57 3.66 0.00
417 1.82 0.00 0.00
418 3.11 0.62 0.00
419 1.02 0.00 0.00
420 1.74 4.24 0.00
421 2.33 2.43 0.00
422 1.96 0.00 0.00
423 2.18 0.06 0.00
424 1.71 2.02 0.00
425 11.97 9.15 0.00
426 1.72 1.88 0.00
427 171.69 2.48 0.00
428 11.30 8.40 0.00
429 1.66 0.20 0.00
430 3.94 4.88 0.00
431 241.33 5.08 0.00
432 11.79 8.44 0.00
433 3.02 0.51 0.00
434 0.68 0.00 0.00
435 1.07 0.00 0.00
436 1.63 2.43 0.00
437 1.08 0.00 0.00
438 1.03 0.06 0.00
439 2.62 2.02 0.00
440 1.37 4.24 0.00
441 1.75 1.86 0.00
442 2.04 0.70 0.00
443 1.08 0.00 0.00
444 0.38 0.00 0.00
445 3.13 0.51 0.00
446 1.03 1.92 0.00
447 0.34 0.00 0.00
448 12.19 9.27 0.00
449 0.49 0.00 0.00
450 0.63 4.24 0.00
451 1.61 2.40 0.00
452 0.78 0.00 0.00
453 1.02 0.14 0.00
454 1.27 1.94 0.00
455 0.75 0.00 0.00
456 1.63 1.66 0.00
457 0.55 0.57 0.00
458 3.08 131.88 0.00
459 1.27 0.00 0.00
460 1.00 0.51 0.00
461 1.86 7.38 0.00
462 1.11 0.00 0.00
463 0.77 0.54 0.00
464 0.82 0.00 0.00
465 1.00 0.00 0.00
466 3.05 2.36 0.00
467 0.77 0.00 0.00
468 1.94 0.06 0.00
469 2.85 2.02 0.00
470 147.26 1.91 0.00
471 3.85 2.03 0.00
472 1.93 0.57 0.00
473 1.37 5.25 0.00
474 1.60 0.00 0.00
475 1.88 4.64 0.00
476 1.72 1.75 0.00
477 11.71 7.87 0.00
478 1.25 0.51 0.00
479 1.16 0.00 0.00
480 1.08 4.24 0.00
481 1.64 2.30 0.00
482 1.22 0.00 0.00
483 1.44 0.06 0.00
484 0.81 2.02 0.00
485 1.45 0.00 0.00
486 1.13 1.95 0.00
487 0.39 0.67 0.00
488 1.75 0.00 0.00
489 1.50 0.00 0.00
490 0.84 4.75 0.00
491 1.89 1.79 0.00
492 0.88 0.00 0.00
493 1.20 0.57 0.00
494 1.38 0.00 0.00
495 1.11 0.00 0.00
496 1.22 2.36 0.00
497 0.66 0.00 0.00
498 242.27 3.96 0.00
499 1.68 0.50 0.00
500 11.41 12.93 0.00
501 1.90 1.79 0.00
502 0.44 0.57 0.00
503 0.61 0.06 0.00
504 2.53 0.00 0.00
505 1.25 0.49 0.00
506 0.78 1.79 0.00
507 196.89 11.09 0.00
508 2.61 0.56 0.00
509 0.73 0.00 0.00
510 1.66 4.24 0.00
511 2.11 2.43 0.00
512 0.55 0.00 0.00
513 1.47 0.06 0.00
514 1.04 2.02 0.00
515 1.00 0.00 0.00
516 11.22 10.30 0.00
517 0.66 0.53 0.00
518 1.00 0.00 0.00
519 0.60 0.00 0.00
520 0.84 4.75 0.00
521 11.86 10.18 0.00
522 0.66 0.00 0.00
523 0.66 0.51 0.00
524 1.16 0.00 0.00
525 0.55 0.00 0.00
526 1.38 2.81 0.00
527 1.79 0.28 0.00
528 2.98 44.91 0.00
529 1.60 22.88 0.00
530 1.62 4.24 0.00
531 66.91 2.81 0.00
532 0.66 0.51 0.00
533 1.22 0.00 0.00
534 0.82 0.00 0.00
535 1.55 0.51 0.00
536 1.01 1.79 0.00
537 0.77 0.00 0.00
538 1.70 0.57 0.00
539 1.90 86.10 0.00
540 0.85 48.52 0.00
541 2.37 2.36 0.00
542 0.77 0.00 0.00
543 1.72 0.06 0.00
544 1.49 2.02 0.00
545 0.55 0.00 0.00
546 2.27 1.79 0.00
547 234.35 3.86 0.00
548 0.66 0.00 0.00
549 2.56 0.00 0.00
550 1.73 4.75 0.00
551 1.21 1.60 0.00
552 1.41 0.00 0.00
553 2.59 0.00 0.00
554 1.45 0.63 0.00
555 1.85 0.00 0.00
556 1.47 2.36 0.00
557 0.62 0.00 0.00
558 12.50 10.26 0.00
559 1.62 0.51 0.00
560 11.31 12.96 0.00
561 2.01 1.82 0.00
562 1.10 0.54 0.00
563 0.77 0.00 0.00
564 1.94 0.13 0.00
565 1.19 0.56 0.00
566 272.64 4.21 0.00
567 1.67 0.00 0.00
568 0.99 0.57 0.00
569 0.82 0.00 0.00
570 1.36 4.37 0.00
571 1.01 2.49 0.00
572 0.78 0.00 0.00
573 1.46 0.14 0.00
574 0.81 1.94 0.00
575 1.34 0.00 0.00
576 1.50 2.19 0.00
577 0.99 0.57 0.00
578 1.22 0.00 0.00
579 0.49 0.00 0.00
580 11.19 13.45 0.00
581 1.69 1.91 0.00
582 2.15 0.00 0.00
583 3.41 183.10 0.00
584 1.50 0.00 0.00
585 1.38 0.00 0.00
586 1.35 2.49 0.00
587 1.22 0.00 0.00
588 2.17 1.63 0.00
589 1.66 0.49 0.00
590 1.72 4.37 0.00
591 1.10 1.86 0.00
592 0.66 0.57 0.00
593 11.93 9.02 0.00
594 1.06 0.00 0.00
595 1.44 0.51 0.00
596 1.42 2.01 0.00
597 0.67 0.00 0.00
598 1.86 0.58 0.00
599 1.16 0.06 0.00
600 0.97 4.30 0.00
601 2.71 2.49 0.00
602 10.81 8.40 0.00
603 193.39 3.36 0.00
604 2.26 0.50 0.00
605 1.00 0.00 0.00
606 1.13 1.95 0.00
607 1.78 0.54 0.00
608 0.89 0.00 0.00
609 1.64 0.00 0.00
610 1.51 4.75 0.00
611 2.26 2.30 0.00
612 66.23 0.77 0.00
613 1.85 0.51 0.00
614 1.36 0.00 0.00
615 1.67 0.00 0.00
616 1.89 2.40 0.00
617 0.53 0.00 0.00
618 5.38 8.50 0.00
619 5.72 10.00 0.00
620 13.62 4.92 0.00
621 2.83 1.79 0.00
622 0.55 0.57 0.00
623 1.08 0.00 0.00
624 2.75 0.00 0.00
625 1.48 0.51 0.00
626 0.98 1.99 0.00
627 2.15 0.00 0.00
628 1.30 0.57 0.00
629 0.71 0.00 0.00
630 1.57 4.37 0.00
631 1.47 1.68 0.00
632 0.88 0.62 0.00
633 1.68 0.06 0.00
634 1.16 0.00 0.00
635 1.67 2.02 0.00
636 1.97 2.19 0.00
637 1.68 43.27 0.00
638 216.65 25.61 0.00
639 0.71 0.00 0.00
640 1.19 4.23 0.00
641 3.98 108.39 0.00
642 1.58 24.94 0.00
643 168.00 1.90 0.00
644 22.67 17.60 0.00
645 1.00 0.00 0.00
646 1.65 1.79 0.00
647 2.10 0.63 0.00
648 1.36 0.04 0.00
649 1.02 0.00 0.00
650 1.73 6.26 0.00
651 1.88 1.79 0.00
652 0.89 0.00 0.00
653 67.56 1.67 0.00
654 0.99 0.13 0.00
655 1.22 0.00 0.00
656 2.05 2.19 0.00
657 1.11 0.00 0.00
658 1.81 0.00 0.00
659 2.31 0.62 0.00
660 1.69 4.33 0.00
661 13.04 10.64 0.00
662 2.15 0.54 0.00
663 1.35 0.14 0.00
664 1.60 0.00 0.00
665 1.00 1.94 0.00
666 2.09 1.68 0.00
667 1.44 0.00 0.00
668 1.00 0.62 0.00
669 1.41 0.00 0.00
670 1.49 4.20 0.00
671 1.41 2.45 0.00
672 0.66 0.00 0.00
673 1.44 0.00 0.00
674 1.04 0.62 0.00
675 1.22 0.00 0.00
676 4.75 111.19 0.00
677 11.42 31.38 0.00
678 1.49 1.77 0.00
679 1.94 0.58 0.00
680 392.96 8.43 0.00
681 2.11 1.98 0.00
682 1.59 39.63 0.00
683 0.83 27.32 0.00
684 1.82 0.00 0.00
685 1.25 0.00 0.00
686 0.82 2.27 0.00
687 1.73 0.16 0.00
688 0.66 0.00 0.00
689 0.82 0.51 0.00
690 1.30 4.24 0.00
691 0.83 1.68 0.00
692 1.25 0.62 0.00
693 11.59 10.26 0.00
694 1.41 0.45 0.00
695 11.58 8.92 0.00
696 278.73 3.79 0.00
697 0.77 0.00 0.00
698 2.59 0.57 0.00
699 0.49 0.00 0.00
700 0.85 4.24 0.00
701 2.95 2.46 0.00
702 0.83 0.23 0.00
703 3.94 250.39 0.00
704 2.53 25.76 0.00
705 155.75 2.87 0.00
706 1.53 1.88 0.00
707 1.33 0.54 0.00
708 13.25 53.75 0.00
709 1.57 0.00 0.00
710 2.07 26.93 0.00
711 1.45 1.79 0.00
712 2.11 0.00 0.00
713 1.78 0.57 0.00
714 0.70 0.00 0.00
715 1.22 0.00 0.00
716 1.50 2.37 0.00
717 1.00 0.00 0.00
718 2.10 0.18 0.00
719 1.37 0.51 0.00
720 278.89 7.53 0.00
721 2.65 2.14 0.00
722 128.48 2.21 0.00
723 0.68 0.26 0.00
724 1.94 0.00 0.00
725 1.00 2.02 0.00
726 0.90 1.79 0.00
727 11.90 8.75 0.00
728 0.89 0.51 0.00
729 11.89 8.40 0.00
730 1.52 4.24 0.00
731 1.05 2.23 0.00
732 0.66 0.00 0.00
733 1.44 0.00 0.00
734 0.82 0.58 0.00
735 1.55 0.00 0.00
736 1.51 1.73 0.00
737 2.27 0.85 0.00
738 4.02 243.02 0.00
739 0.67 1.63 0.00
740 2.33 4.75 0.00
741 1.80 0.15 0.00
742 0.66 0.00 0.00
743 2.85 2.34 0.00
744 66.79 0.84 0.00
745 0.92 0.00 0.00
746 1.14 2.46 0.00
747 1.34 0.00 0.00
748 0.67 0.00 0.00
749 1.04 0.54 0.00
750 2.08 4.24 0.00
751 1.19 1.37 0.00
752 1.11 0.74 0.00
753 4.49 130.29 0.00
754 1.61 45.84 0.00
755 1.68 0.72 0.00
756 0.94 1.73 0.00
757 5.51 8.17 0.00
758 1.11 0.75 0.00
759 1.39 0.28 0.00
760 1.73 4.77 0.00
761 4.04 220.72 0.00
762 7.90 0.41 0.00
763 0.45 0.00 0.00
764 1.70 0.51 0.00
765 1.81 0.45 0.00
766 1.23 1.78 0.00
767 11.70 8.98 0.00
768 1.13 0.06 0.00
769 226.99 3.96 0.00
770 1.73 4.74 0.00
771 1.18 1.88 0.00
772 0.77 0.00 0.00
773 1.89 0.54 0.00
774 1.49 0.00 0.00
775 1.22 0.00 0.00
776 2.45 2.53 0.00
777 0.96 0.16 0.00
778 2.15 0.00 0.00
779 2.08 0.51 0.00
780 1.62 4.24 0.00
781 13.12 10.55 0.00
782 2.82 0.57 0.00
783 1.02 0.06 0.00
784 1.92 0.00 0.00
785 1.55 2.02 0.00
786 1.28 1.68 0.00
787 2.80 43.66 0.00
788 0.99 22.69 0.00
789 1.97 0.00 0.00
790 2.07 4.24 0.00
791 1.36 2.63 0.00
792 0.88 0.00 0.00
793 4.55 280.17 0.00
794 468.82 28.55 0.00
795 1.32 0.00 0.00
796 1.34 1.78 0.00
797 2.88 86.67 0.00
798 5.32 77.64 0.00
799 7.26 3.46 0.00
800 11.83 13.15 0.00
801 1.90 2.24 0.00
802 0.98 0.20 0.00
803 11.02 8.92 0.00
804 1.49 0.00 0.00
805 1.14 0.00 0.00
806 1.79 2.58 0.00
807 3.71 130.62 0.00
808 66.23 1.10 0.00
809 1.16 0.51 0.00
810 2.53 4.24 0.00
811 1.01 1.79 0.00
812 0.89 0.57 0.00
813 2.42 1.70 0.00
814 2.04 0.00 0.00
815 4.18 175.26 0.00
816 1.77 63.15 0.00
817 0.67 0.00 0.00
818 2.71 0.54 0.00
819 1.36 0.00 0.00
820 1.26 4.24 0.00
821 3.18 2.42 0.00
822 1.09 0.00 0.00
823 0.99 0.00 0.00
824 2.27 0.58 0.00
825 0.55 0.00 0.00
826 1.87 2.08 0.00
827 1.46 0.69 0.00
828 2.29 129.36 0.00
829 0.82 0.00 0.00
830 1.80 7.06 0.00
831 1.62 2.37 0.00
832 1.34 0.25 0.00
833 1.77 0.51 0.00
834 1.47 0.00 0.00
835 199.86 1.80 0.00
836 2.60 2.30 0.00
837 532.02 123.40 0.00
838 2.50 0.00 0.00
839 2.13 0.50 0.00
840 1.83 4.24 0.00
841 2.65 1.75 0.00
842 2.70 0.61 0.00
843 0.79 0.04 0.00
844 2.36 0.00 0.00
845 2.63 2.02 0.00
846 1.49 1.83 0.00
847 1.36 0.54 0.00
848 2.17 0.92 0.00
849 4.73 259.69 0.00
850 1.94 4.25 0.00
851 2.40 2.36 0.00
852 11.88 8.76 0.00
853 2.77 0.00 0.00
854 2.32 0.51 0.00
855 0.86 0.00 0.00
856 13.65 10.13 0.00
857 1.30 0.57 0.00
858 1.23 0.14 0.00
859 3.18 0.00 0.00
860 1.92 6.38 0.00
861 1.36 2.04 0.00
862 1.51 0.00 0.00
863 1.33 0.70 0.00
864 1.68 0.00 0.00
865 2.72 0.00 0.00
866 2.09 0.80 0.00
867 0.86 0.00 0.00
868 2.31 0.00 0.00
869 66.80 3.17 0.00
870 1.26 4.23 0.00
871 1.85 1.86 0.00
872 2.20 0.57 0.00
873 0.79 0.06 0.00
874 2.30 1.89 0.00
875 284.43 11.79 0.00
876 187.39 4.14 0.00
877 0.55 0.00 0.00
878 1.22 0.54 0.00
879 0.94 0.00 0.00
880 1.29 4.24 0.00
881 2.06 2.37 0.00
882 0.85 0.00 0.00
883 0.98 0.00 0.00
884 2.01 0.57 0.00
885 0.39 0.13 0.00
886 1.18 1.86 0.00
887 22.51 17.67 0.00
888 1.55 0.06 0.00
889 1.80 1.78 0.00
890 3.93 174.43 0.00
891 11.33 22.98 0.00
892 2.83 0.19 0.00
893 3.91 132.12 0.00
894 0.71 0.00 0.00
895 2.80 0.00 0.00
896 2.89 36.44 0.00
897 1.55 0.00 0.00
898 4.50 0.00 0.00
899 1.15 0.57 0.00
900 0.97 4.24 0.00
901 2.77 2.46 0.00
902 2.29 0.67 0.00
903 0.68 0.14 0.00
904 1.60 0.00 0.00
905 133.02 3.85 0.00
906 1.07 1.83 0.00
907 1.67 0.00 0.00
908 0.91 0.78 0.00
909 68.53 1.75 0.00
910 2.10 0.81 0.00
911 0.94 2.77 0.00
912 5.97 334.68 0.00
913 1.22 0.00 0.00
914 1.25 62.62 0.00
915 2.19 0.00 0.00
916 1.75 1.74 0.00
917 1.49 1.01 0.00
918 13.86 11.47 0.00
919 2407.51 8.42 0.00
920 1441.92 8.08 0.00
921 2758.02 484.06 0.00
922 4193.22 41.09 0.00
923 8612.34 25.96 0.00
924 8690.74 16.55 0.00
925 6889.23 15.77 0.00
926 8221.32 20.73 0.00
927 11282.78 22.54 0.00
928 14295.69 25.91 0.00
929 6877.18 12.68 0.00
930 10707.15 25.23 0.00
931 10749.51 21.42 0.00
932 10700.46 20.28 0.00
933 14142.62 27.85 0.00
934 11014.63 20.35 0.00
935 11933.85 26.86 0.00
936 14594.77 26.71 0.00
937 10409.29 20.67 0.00
938 14776.49 25.44 0.00
939 13619.94 24.22 0.00
940 11012.34 25.94 0.00
941 11402.72 149.83 0.00
942 18135.16 35.90 0.00
943 12631.47 25.18 0.00
944 10171.77 179.54 0.00
945 16557.13 95.15 0.00
946 12835.31 23.33 0.00
947 14405.35 28.60 0.00
948 14546.16 32.42 0.00
949 12640.23 24.39 0.00
950 8595.85 24.13 0.00
951 7506.76 16.16 0.00
952 4702.89 10.65 0.00
953 3587.06 8.04 0.00
954 8334.24 16.93 0.00
955 4011.79 10.87 0.00
956 12932.26 26.68 0.00
957 7235.78 14.13 0.00
958 9712.33 21.57 0.00
959 7951.18 19.38 0.00
960 13347.12 27.87 0.00
961 19038.27 33.86 0.00
962 12062.04 20.99 0.00
963 9784.30 30.04 0.00
964 15842.97 27.43 0.00
965 13624.65 24.47 0.00
966 11939.64 22.26 0.00
967 13111.55 26.41 0.00
968 16317.11 250.44 0.00
969 12022.63 29.07 0.00
970 15846.88 104.07 0.00
971 8886.84 20.87 0.00
972 6438.92 15.81 0.00
973 10440.42 9.58 0.00
974 11929.50 12.16 0.00
975 8942.04 7.91 0.00
976 15014.40 34.05 0.00
977 13512.95 25.57 0.00
978 15158.35 25.14 0.00
979 13085.30 23.70 0.00
980 13359.12 24.84 0.00
981 11362.73 21.36 0.00
982 16611.12 28.87 0.00
983 11027.90 27.57 0.00
984 10239.73 24.56 0.00
985 15009.15 32.21 0.00
986 7957.16 22.91 0.00
987 18797.41 34.84 0.00
988 12166.89 22.54 0.00
989 15061.68 29.31 0.00
990 13365.49 23.88 0.00
991 11987.70 17.77 0.00
992 7448.20 23.72 0.00
993 10753.77 22.63 0.00
994 10943.06 18.35 0.00
995 20768.70 30.53 0.00
996 17706.92 27.70 0.00
997 16019.08 27.22 0.00
998 13738.02 22.35 0.00
999 15559.19 24.99 0.00
1000 21355.59 32.19 0.00
1001 17500.24 27.63 0.00
1002 15615.17 26.19 0.00
1003 22730.23 32.72 0.00
1004 9374.49 17.32 0.00
1005 16068.79 24.86 0.00
1006 17757.43 36.72 0.00
1007 14589.28 28.51 0.00
1008 14132.13 25.33 0.00
1009 10968.29 22.02 0.00
1010 1.84 5.06 0.00
1011 9072.71 17.58 0.00
1012 11743.03 27.81 0.00
1013 13564.35 28.66 0.00
1014 6962.15 14.09 0.00
1015 3164.94 15.59 0.00
1016 6792.60 14.55 0.00
1017 10355.45 274.53 0.00
1018 5206.50 12.89 0.00
1019 4164.68 17.25 0.00
1020 5469.61 15.44 0.00
1021 4951.01 9.20 0.00
1022 4169.73 12.78 0.00
1023 10286.94 17.21 0.00
1024 13787.72 18.23 0.00
1025 0.77 0.82 0.00
1026 0.66 0.30 0.00
1027 2.84 2.21 0.00
1028 45.21 17.01 0.00
1029 10213.15 4723.22 0.00
1030 10173.71 4716.81 0.00
1031 7834.63 2883.37 0.00
1032 10178.44 2431.50 0.00
1033 12207.39 7106.53 0.00
1034 14303.72 6265.76 0.00
1035 10995.78 8349.06 0.00
1036 7054.89 11405.90 0.00
1037 9268.97 10169.52 0.00
1038 7378.63 10374.80 0.00
1039 9272.36 24.35 0.00
1040 6303.50 8.84 0.00
1041 7511.15 739.51 0.00
1042 7291.02 1873.64 0.00
1043 8116.13 9770.82 0.00
1044 6096.01 8083.81 0.00
1045 4043.85 3929.55 0.00
1046 2461.20 3147.06 0.00
1047 2701.63 3527.06 0.00
1048 2739.21 4577.13 0.00
1049 4333.06 8954.57 0.00
1050 3410.57 4993.06 0.00
1051 4058.95 12969.61 0.00
1052 2507.64 10974.64 0.00
1053 4148.40 10144.91 0.00
1054 2563.83 10142.37 0.00
1055 3332.92 9107.61 0.00
1056 4913.99 4268.72 0.00
1057 2575.66 6541.17 0.00
1058 4658.03 6161.60 0.00
1059 3561.80 4699.85 0.00
1060 1682.86 780.17 0.00
1061 1322.75 1.29 0.00
1062 1632.03 3.97 0.00
1063 1.37 0.67 0.00
1064 2.66 1.01 0.00
1065 0.66 0.32 0.00
1066 1.05 0.37 0.00
1067 196.60 2.43 0.00
1068 347.24 5.33 0.00
1069 1689.31 6.37 0.00
1070 9610.14 4816.74 0.00
1071 10106.88 4978.85 0.00
1072 5490.77 3601.66 0.00
1073 3810.66 5090.74 0.00
1074 4437.28 6335.11 0.00
1075 4854.36 7550.50 0.00
1076 6058.87 4880.53 0.00
1077 3214.44 6328.62 0.00
1078 1508.55 5518.14 0.00
1079 5.92 3980.91 0.00
1080 6.17 4167.08 0.00
1081 6.55 3349.05 0.00
1082 4.47 3068.92 0.00
1083 7.34 2447.05 0.00
1084 1847.59 7281.26 0.00
1085 1861.79 3810.33 0.00
1086 1102.76 5779.37 0.00
1087 1844.09 8948.20 0.00
1088 2962.61 5728.53 0.00
1089 3296.12 6737.67 0.00
1090 4539.05 6492.34 0.00
1091 4931.64 6531.95 0.00
1092 1708.81 4.39 0.00
1093 1129.77 4.41 0.00
1094 1233.94 3.91 0.00
1095 409.88 605.25 0.00
1096 304.03 1.66 0.00
1097 601.05 2.43 0.00
1098 6724.82 5015.80 0.00
1099 4027.51 5486.86 0.00
1100 2557.61 6602.26 0.00
1101 2838.14 7221.76 0.00
1102 3358.58 4725.29 0.00
1103 2659.21 5551.05 0.00
1104 4597.42 4853.94 0.00
1105 4299.17 2828.09 0.00
1106 2203.82 4838.63 0.00
1107 2985.43 5439.98 0.00
1108 27.27 5145.47 0.00
1109 6.38 4765.07 0.00
1110 6.06 3814.19 0.00
1111 4.59 2136.88 0.00
1112 2.38 1839.92 0.00
1113 541.51 5233.64 0.00
1114 2301.48 60.10 0.00
1115 2392.16 916.37 0.00
1116 1299.01 481.73 0.00
1117 2768.29 1487.92 0.00
1118 3277.13 3.85 0.00
1119 9224.18 6902.63 0.00
1120 10229.19 8511.01 0.00
1121 6654.56 7477.57 0.00
1122 2007.38 1.92 0.00
1123 846.35 1.14 0.00
1124 1700.33 4.59 0.00
1125 2383.14 2.04 0.00
1126 1117.24 1.33 0.00
1127 6808.02 4055.75 0.00
1128 5255.48 3501.02 0.00
1129 5426.89 4832.75 0.00
1130 2499.99 3402.33 0.00
1131 1608.69 2.37 0.00
1132 1654.45 4.05 0.00
1133 2032.77 2.62 0.00
1134 7043.45 9700.63 0.00
1135 5161.59 5963.08 0.00
1136 4326.89 5270.26 0.00
1137 4334.80 7490.62 0.00
1138 2533.58 5911.73 0.00
1139 2180.12 3382.79 0.00
1140 1481.39 1103.41 0.00
1141 1422.21 1.98 0.00
1142 1069.88 2.24 0.00
1143 665.80 249.55 0.00
1144 317.64 608.53 0.00
1145 357.01 2.49 0.00
1146 8339.04 8018.56 0.00
1147 6139.85 5391.51 0.00
1148 9260.39 6603.80 0.00
1149 4869.24 3737.45 0.00
1150 1957.73 687.32 0.00
1151 2863.41 5.20 0.00
1152 3334.29 2.82 0.00
1153 460.40 0.88 0.00
1154 1.86 2.98 0.00
1155 4344.20 1556.36 0.00
1156 5541.71 12094.61 0.00
1157 8865.87 10537.73 0.00
1158 1465.85 665.33 0.00
1159 1204.41 568.22 0.00
1160 1151.44 2.43 0.00
1161 3785.35 915.03 0.00
1162 1430.02 1.79 0.00
1163 6289.67 5028.87 0.00
1164 5650.61 14826.88 0.00
1165 1085.31 7447.78 0.00
1166 677.85 8816.68 0.00
1167 8.25 2914.94 0.00
1168 945.84 5903.35 0.00
1169 4136.80 9067.38 0.00
1170 8369.29 9001.76 0.00
1171 5658.00 12532.20 0.00
1172 6732.76 10770.12 0.00
1173 4459.30 9478.61 0.00
1174 1464.65 2316.41 0.00
1175 2654.06 3588.40 0.00
1176 12.06 9123.92 0.00
1177 15.39 10412.74 0.00
1178 4.82 2444.74 0.00
1179 2357.89 1419.12 0.00
1180 2689.18 1.92 0.00
1181 224.17 1.21 0.00
1182 648.32 101.24 0.00
1183 1987.35 6981.13 0.00
1184 6628.23 9230.83 0.00
1185 1324.60 4816.21 0.00
1186 2987.77 5578.00 0.00
1187 1972.50 2978.39 0.00
1188 2629.50 1366.98 0.00
1189 3325.31 3850.83 0.00
1190 6715.91 5575.81 0.00
1191 2.34 1733.13 0.00
1192 2.72 1770.56 0.00
1193 4072.86 3282.42 0.00
1194 4379.53 4053.36 0.00
1195 2311.04 2401.37 0.00
1196 1242.90 1864.34 0.00
1197 2330.84 2116.98 0.00
1198 691.19 3150.84 0.00
1199 7.83 3450.06 0.00
1200 5.87 2975.17 0.00
1201 8.64 2906.28 0.00
1202 10.84 5658.00 0.00
1203 6.82 2714.38 0.00
1204 2.42 2.08 0.00
1205 6.72 2067.43 0.00
1206 4.02 1602.56 0.00
1207 1.65 0.30 0.00
1208 2.70 0.82 0.00
1209 2.09 2.15 0.00
1210 2.07 4.54 0.00
1211 1.33 0.82 0.00
1212 1.23 0.30 0.00
1213 1.75 0.37 0.00
1214 1.31 2.44 0.00
1215 1.65 0.82 0.00
1216 0.84 0.43 0.00
1217 0.89 0.30 0.00
1218 11.67 4957.13 0.00
1219 9.60 4872.20 0.00
1220 13.97 6144.64 0.00
1221 19.75 11806.73 0.00
1222 9.52 6205.24 0.00
1223 6.01 4145.30 0.00
1224 4.39 1983.11 0.00
1225 6.61 1721.58 0.00
1226 7.74 2562.78 0.00
1227 7.27 2149.22 0.00
1228 8.50 2472.79 0.00
1229 5.08 1830.03 0.00
1230 7.36 2953.49 0.00
1231 6.22 2494.82 0.00
1232 8.80 4388.54 0.00
1233 8.58 2571.89 0.00
1234 5.91 2563.10 0.00
1235 3.39 1733.54 0.00
1236 3.87 1399.58 0.00
1237 6.86 1802.00 0.00
1238 4.31 848.52 0.00
1239 1.29 0.16 0.00
1240 1.83 5.67 0.00
1241 3.10 0.30 0.00
1242 7.27 1791.63 0.00
1243 2.54 1586.14 0.00
1244 5.09 2215.60 0.00
1245 5.73 2009.27 0.00
1246 4.82 2556.61 0.00
1247 2.80 0.30 0.00
1248 1.14 2.00 0.00
1249 1.99 2.85 0.00
1250 2.06 4.30 0.00
1251 1.67 0.56 0.00
1252 1.23 1.43 0.00
1253 2.61 3.02 0.00
1254 1.48 1.70 0.00
1255 5.50 7.24 0.00
1256 1677.43 14.70 0.00
1257 5635.81 19.52 0.00
1258 2726.84 10.94 0.00
1259 10290.12 55.80 0.00
1260 3989.66 34.69 0.00
1261 3829.47 16.01 0.00
1262 4589.94 18.61 0.00
1263 8822.99 35.13 0.00
1264 11228.51 57.07 0.00
1265 3270.81 19.25 0.00
1266 1.31 0.30 0.00
1267 2.50 1.89 0.00
1268 1472.50 3185.99 0.00
1269 3323.13 3001.87 0.00
1270 1302.09 2747.15 0.00
1271 1045.44 1300.65 0.00
1272 1231.71 2499.35 0.00
1273 5120.08 2281.58 0.00
1274 9112.73 3485.06 0.00
1275 14471.62 3872.99 0.00
1276 14217.96 3097.68 0.00
1277 4721.91 5.42 0.00
1278 2417.32 10.44 0.00
1279 1402.99 2.37 0.00
1280 774.69 1.85 0.00
1281 12728.64 5941.92 0.00
1282 12975.77 8485.27 0.00
1283 8062.91 8924.02 0.00
1284 2982.47 4343.83 0.00
1285 2490.21 4318.91 0.00
1286 1421.96 2065.21 0.00
1287 10804.91 6412.06 0.00
1288 16090.08 5821.94 0.00
1289 4216.01 1652.75 0.00
1290 2794.43 5257.06 0.00
1291 2413.38 3160.10 0.00
1292 2681.58 6.77 0.00
1293 2224.94 7.66 0.00
1294 1061.55 2.12 0.00
1295 2314.75 2589.15 0.00
1296 715.04 4621.42 0.00
1297 521.29 1993.38 0.00
1298 3367.62 3924.91 0.00
1299 4619.41 22.42 0.00
1300 8319.59 35.72 0.00
1301 8231.91 6358.38 0.00
1302 2606.72 3685.19 0.00
1303 1391.64 1795.74 0.00
1304 2344.31 6087.59 0.00
1305 13556.08 9194.13 0.00
1306 7884.05 6049.73 0.00
1307 4031.75 4541.54 0.00
1308 345.83 79.75 0.00
1309 373.45 1.98 0.00
1310 540.91 2.43 0.00
1311 943.61 2.25 0.00
1312 5273.55 9339.09 0.00
1313 5049.33 17679.33 0.00
1314 1983.30 8509.75 0.00
1315 940.12 4476.45 0.00
1316 14.85 5532.30 0.00
1317 18.23 7376.79 0.00
1318 13.98 7185.53 0.00
1319 6.42 3402.09 0.00
1320 0.73 0.37 0.00
1321 2.60 0.00 0.00
1322 2.15 0.58 0.00
1323 2.44 3.88 0.00
1324 3170.27 15615.41 0.00
1325 9063.86 9611.46 0.00
1326 3950.44 11139.25 0.00
1327 39.75 14328.38 0.00
1328 23.16 8019.15 0.00
1329 10.24 4114.38 0.00
1330 8660.80 9590.43 0.00
1331 18321.37 20180.83 0.00
1332 16637.33 8972.58 0.00
1333 9515.57 2286.14 0.00
1334 3051.89 4421.51 0.00
1335 352.63 0.75 0.00
1336 1.53 0.30 0.00
1337 1.21 0.82 0.00
1338 1.54 3.88 0.00
1339 14.01 7626.39 0.00
1340 707.97 1004.05 0.00
1341 8521.79 10274.18 0.00
1342 14453.19 9952.50 0.00
1343 13920.78 11074.04 0.00
1344 10668.94 11208.01 0.00
1345 483.79 8169.44 0.00
1346 3.37 1543.29 0.00
1347 1.15 0.37 0.00
1348 1.46 0.46 0.00
1349 1.27 2.63 0.00
1350 12.77 6374.71 0.00
1351 1.26 12.24 0.00
1352 0.92 0.88 0.00
1353 721.40 3972.02 0.00
1354 1658.85 1601.76 0.00
1355 481.67 1.33 0.00
1356 1302.52 3.54 0.00
1357 1552.07 2.12 0.00
1358 2252.26 570.17 0.00
1359 1993.87 3.63 0.00
1360 1.88 0.37 0.00
1361 4362.28 2464.01 0.00
1362 8456.03 7094.73 0.00
1363 6567.26 4242.57 0.00
1364 1829.58 3030.97 0.00
1365 1666.66 4.40 0.00
1366 1062.37 1.46 0.00
1367 8613.78 5082.22 0.00
1368 14652.14 10184.67 0.00
1369 4782.78 7077.04 0.00
1370 4327.22 5621.05 0.00
1371 5968.44 5428.61 0.00
1372 5959.67 8436.49 0.00
1373 11355.98 15968.06 0.00
1374 7591.69 14247.26 0.00
1375 8968.27 12757.95 0.00
1376 2622.70 4465.36 0.00
1377 9198.92 11242.86 0.00
1378 13776.51 8015.66 0.00
1379 11453.03 10101.65 0.00
1380 8964.89 7518.31 0.00
1381 9367.34 5937.39 0.00
1382 8167.96 5070.83 0.00
1383 9359.17 3758.29 0.00
1384 5648.93 8.68 0.00
1385 8505.85 13.55 0.00
1386 12355.45 17.51 0.00
1387 16919.42 20.80 0.00
1388 11970.93 221.65 0.00
1389 3381.99 3094.99 0.00
1390 3662.60 3330.48 0.00
1391 1573.81 2832.40 0.00
1392 14.11 7529.55 0.00
1393 1381.53 11438.24 0.00
1394 5082.27 5296.06 0.00
1395 2.79 2629.31 0.00
1396 3.28 109.86 0.00
1397 3.14 513.87 0.00
1398 2.06 3.02 0.00
1399 3.01 0.43 0.00
1400 1864.40 4.46 0.00
1401 1771.06 2872.04 0.00
1402 15.45 6386.21 0.00
1403 19.23 10346.69 0.00
1404 34.50 16115.38 0.00
1405 742.16 7290.99 0.00
1406 1468.52 3849.90 0.00
1407 1730.63 5485.49 0.00
1408 1211.83 5551.07 0.00
1409 2178.06 5019.88 0.00
1410 2660.10 6316.99 0.00
1411 3656.62 2647.73 0.00
1412 4203.81 214.62 0.00
1413 732.75 1593.02 0.00
1414 5.91 2290.65 0.00
1415 12.44 5559.35 0.00
1416 10.33 4496.22 0.00
1417 1.64 1.16 0.00
1418 0.88 0.30 0.00
1419 1.70 0.30 0.00
1420 1.87 6.42 0.00
1421 1.42 1.42 0.00
1422 1.44 0.30 0.00
1423 0.88 0.30 0.00
1424 1.25 0.82 0.00
1425 1.91 2.22 0.00
1426 0.77 0.36 0.00
1427 1.46 1.50 0.00
1428 1.80 2.84 0.00
1429 0.93 0.30 0.00
1430 1.16 5.05 0.00
1431 2.14 2.73 0.00
1432 0.77 0.33 0.00
1433 0.55 0.30 0.00
1434 3.31 1.79 0.00
1435 1.12 1.28 0.00
1436 1.67 0.30 0.00
1437 1.90 1.39 0.00
1438 2.63 2.37 0.00
1439 1.81 0.85 0.00
1440 0.84 4.47 0.00
1441 2.19 0.00 0.00
1442 1.43 0.55 0.00
1443 0.90 2.39 0.00
1444 1.16 2.14 0.00
1445 1.28 0.43 0.00
1446 1.22 1.02 0.00
1447 2.05 2.34 0.00
1448 1.45 0.30 0.00
1449 3.42 2.21 0.00
1450 4.73 1069.66 0.00
1451 5.90 1303.32 0.00
1452 4.04 1183.97 0.00
1453 2.72 804.10 0.00
1454 4.83 1444.22 0.00
1455 6.23 1138.96 0.00
1456 2.78 152.88 0.00
1457 2.90 111.17 0.00
1458 3.54 420.11 0.00
1459 5.13 777.11 0.00
1460 4.87 1380.27 0.00
1461 5.14 1039.36 0.00
1462 6.15 1370.49 0.00
1463 5.04 1361.33 0.00
1464 9.79 3392.29 0.00
1465 7.18 2003.41 0.00
1466 5.86 1185.59 0.00
1467 2.97 674.27 0.00
1468 6.42 1030.39 0.00
1469 6.16 1487.52 0.00
1470 7.45 2395.27 0.00
1471 8.87 2709.80 0.00
1472 3.32 540.17 0.00
1473 6.05 678.68 0.00
1474 4.55 871.68 0.00
1475 3.97 933.29 0.00
1476 3.65 1316.56 0.00
1477 1.69 825.96 0.00
1478 1.01 1.20 0.00
1479 2.37 0.37 0.00
1480 0.74 4.47 0.00
1481 0.97 2.85 0.00
1482 2.18 0.30 0.00
1483 0.55 0.00 0.00
1484 6.65 1409.02 0.00
1485 5.32 511.01 0.00
1486 3.11 630.38 0.00
1487 5.81 1416.65 0.00
1488 5.99 1283.38 0.00
1489 1.82 1.03 0.00
1490 4.46 743.24 0.00
1491 6.79 1717.51 0.00
1492 7.65 3340.11 0.00
1493 5.29 494.94 0.00
1494 8.96 2984.38 0.00
1495 8.99 2257.10 0.00
1496 5.32 2142.91 0.00
1497 2.45 1643.15 0.00
1498 7.28 527.97 0.00
1499 7.00 1885.90 0.00
1500 3133.51 575.02 0.00
1501 2268.33 1615.71 0.00
1502 4242.64 2163.78 0.00
1503 4122.12 1937.34 0.00
1504 3142.88 1550.77 0.00
1505 1879.73 4421.69 0.00
1506 528.10 1315.03 0.00
1507 1807.12 1711.44 0.00
1508 3194.91 812.27 0.00
1509 2027.75 8.07 0.00
1510 2271.25 12.45 0.00
1511 2034.24 8.62 0.00
1512 2877.25 2450.84 0.00
1513 6163.67 4437.86 0.00
1514 5189.59 4184.86 0.00
1515 2287.73 4021.10 0.00
1516 3203.91 6302.30 0.00
1517 6012.68 10406.74 0.00
1518 9033.11 9268.27 0.00
1519 8739.43 8220.65 0.00
1520 9195.40 6618.40 0.00
1521 3513.39 1476.32 0.00
1522 1716.91 3.27 0.00
1523 943.17 521.97 0.00
1524 3313.33 4416.36 0.00
1525 4780.70 6424.03 0.00
1526 3441.77 8656.86 0.00
1527 983.17 3664.12 0.00
1528 1984.88 2905.24 0.00
1529 1791.71 2.21 0.00
1530 2439.36 916.29 0.00
1531 732.11 2.55 0.00
1532 1522.59 294.39 0.00
1533 1527.30 2936.39 0.00
1534 1031.02 1716.59 0.00
1535 1932.23 495.78 0.00
1536 5265.19 2856.07 0.00
1537 9324.95 4797.17 0.00
1538 9742.63 2709.00 0.00
1539 13802.92 56.78 0.00
1540 5948.57 316.40 0.00
1541 5280.31 939.04 0.00
1542 5620.29 497.63 0.00
1543 4820.64 692.87 0.00
1544 2368.64 1629.35 0.00
1545 2681.37 1843.63 0.00
1546 2666.30 1670.89 0.00
1547 3538.18 530.09 0.00
1548 9612.98 1931.43 0.00
1549 12247.61 7808.04 0.00
1550 8063.32 7735.16 0.00
1551 4254.18 3225.94 0.00
1552 4881.11 4114.12 0.00
1553 5142.54 4696.81 0.00
1554 4316.42 3673.97 0.00
1555 4257.75 1974.75 0.00
1556 5004.04 2056.08 0.00
1557 5270.56 3773.07 0.00
1558 4081.04 4159.22 0.00
1559 2060.39 634.70 0.00
1560 1536.40 5.54 0.00
1561 1622.54 6.67 0.00
1562 1510.45 6.53 0.00
1563 1903.09 5.09 0.00
1564 13822.86 4210.21 0.00
1565 10470.81 7937.03 0.00
1566 13878.92 4959.79 0.00
1567 10231.92 1735.37 0.00
1568 4359.73 7.24 0.00
1569 2344.92 3.61 0.00
1570 1597.82 3.03 0.00
1571 4865.37 1491.24 0.00
1572 10637.61 7620.81 0.00
1573 11525.43 3204.47 0.00
1574 12781.88 4461.62 0.00
1575 6805.35 1775.96 0.00
1576 3112.10 2.54 0.00
1577 2190.67 6.03 0.00
1578 981.54 1.35 0.00
1579 1.68 0.19 0.00
1580 7493.76 3391.71 0.00
1581 7454.95 2118.79 0.00
1582 4975.32 8.54 0.00
1583 3175.63 5.09 0.00
1584 2908.89 25.08 0.00
1585 5983.26 3244.66 0.00
1586 5128.44 7697.58 0.00
1587 2926.23 6206.12 0.00
1588 4176.27 3525.65 0.00
1589 1650.63 628.64 0.00
1590 2378.41 3.22 0.00
1591 2530.47 3.29 0.00
1592 1144.38 5.73 0.00
1593 0.68 0.13 0.00
1594 3154.51 2396.20 0.00
1595 11526.02 6741.05 0.00
1596 10216.31 5152.29 0.00
1597 5848.14 6512.07 0.00
1598 5409.93 1316.89 0.00
1599 2559.23 2.13 0.00
1600 88.40 0.39 0.00
1601 1478.42 912.55 0.00
1602 9811.83 4879.57 0.00
1603 5486.08 4098.92 0.00
1604 5787.32 1823.92 0.00
1605 4681.83 3871.87 0.00
1606 6905.24 3137.35 0.00
1607 5253.34 3242.39 0.00
1608 2944.85 2853.79 0.00
1609 1852.02 2186.17 0.00
1610 4686.64 2858.70 0.00
1611 6286.71 4268.12 0.00
1612 5687.98 2043.85 0.00
1613 4822.86 2584.34 0.00
1614 6754.02 2332.86 0.00
1615 9305.31 10879.67 0.00
1616 3355.39 2431.98 0.00
1617 3394.57 4.83 0.00
1618 3955.00 4.90 0.00
1619 6202.33 5423.71 0.00
1620 4264.93 6964.51 0.00
1621 5167.64 6929.74 0.00
1622 3830.34 6257.42 0.00
1623 4073.02 5128.87 0.00
1624 7420.93 13214.95 0.00
1625 7481.97 8603.76 0.00
1626 3111.59 5680.55 0.00
1627 9.81 5202.06 0.00
1628 1051.41 4891.49 0.00
1629 2452.49 4565.40 0.00
1630 5785.37 12590.83 0.00
1631 7339.55 12107.80 0.00
1632 8288.76 8919.22 0.00
1633 5968.22 5598.06 0.00
1634 1276.52 3023.74 0.00
1635 2845.35 2626.04 0.00
1636 5210.72 8291.44 0.00
1637 6019.21 12826.74 0.00
1638 1956.32 9478.62 0.00
1639 2210.51 7813.57 0.00
1640 1304.16 6247.51 0.00
1641 12.08 5605.25 0.00
1642 3.89 3087.25 0.00
1643 3.09 1825.87 0.00
1644 1.89 135.25 0.00
1645 4.83 204.69 0.00
1646 8.59 4134.75 0.00
1647 25.26 7945.80 0.00
1648 400.71 7051.05 0.00
1649 1176.42 7707.46 0.00
1650 2885.93 8873.31 0.00
1651 139.92 9807.92 0.00
1652 11.10 7696.26 0.00
1653 2.01 107.08 0.00
1654 1.24 0.13 0.00
1655 6.59 1542.62 0.00
1656 789.12 5549.94 0.00
1657 1046.95 4666.67 0.00
1658 7.57 4075.67 0.00
1659 6.02 3243.13 0.00
1660 6.21 3170.86 0.00
1661 12.99 5475.75 0.00
1662 8.42 3335.54 0.00
1663 1837.21 7149.15 0.00
1664 6909.69 9509.43 0.00
1665 9488.44 11656.13 0.00
1666 13.85 10151.13 0.00
1667 8.13 2784.48 0.00
1668 6.67 3685.03 0.00
1669 522.98 3758.81 0.00
1670 2213.58 3389.10 0.00
1671 913.96 4220.72 0.00
1672 1832.71 5234.03 0.00
1673 9987.48 8929.93 0.00
1674 8567.55 6361.82 0.00
1675 2311.60 3558.83 0.00
1676 1436.13 4461.77 0.00
1677 1816.53 2720.57 0.00
1678 2196.60 4313.22 0.00
1679 3619.26 2784.42 0.00
1680 6221.83 3424.89 0.00
1681 3525.97 1440.78 0.00
1682 1167.93 1.91 0.00
1683 1.27 1.87 0.00
1684 4.71 638.63 0.00
1685 2739.40 5194.28 0.00
1686 14.46 9911.56 0.00
1687 16.63 5922.96 0.00
1688 6.23 2313.87 0.00
1689 12.09 3565.45 0.00
1690 34.72 14646.24 0.00
1691 35.90 14796.32 0.00
1692 14.10 4688.70 0.00
1693 1.64 12.77 0.00
1694 2.26 0.82 0.00
1695 4.60 2.21 0.00
1696 1.48 0.43 0.00
1697 1.45 0.88 0.00
1698 10.51 2274.34 0.00
1699 10.77 5114.22 0.00
1700 5.24 1413.27 0.00
1701 1.55 0.30 0.00
1702 1.19 0.43 0.00
1703 3.48 0.89 0.00
1704 10.92 3850.95 0.00
1705 18.94 7803.38 0.00
1706 4.41 924.84 0.00
1707 1.96 0.30 0.00
1708 2.01 0.37 0.00
1709 2.27 0.82 0.00
1710 7.51 1408.85 0.00
1711 11.13 2484.17 0.00
1712 11.78 4506.12 0.00
1713 3.22 653.96 0.00
1714 1.22 0.30 0.00
1715 1.86 2.66 0.00
1716 0.73 0.30 0.00
1717 0.53 0.30 0.00
1718 6.71 2326.79 0.00
1719 8.39 3542.70 0.00
1720 1.95 260.84 0.00
1721 1.46 0.40 0.00
1722 2.24 1.01 0.00
1723 1.49 0.30 0.00
1724 2.28 0.50 0.00
1725 21.69 6969.12 0.00
1726 27.30 12764.54 0.00
1727 15.50 5410.18 0.00
1728 11.82 3645.76 0.00
1729 10.69 2721.42 0.00
1730 8.58 3125.47 0.00
1731 5.46 2422.85 0.00
1732 1.70 163.29 0.00
1733 1.87 0.37 0.00
1734 1.26 0.37 0.00
1735 9.17 3480.41 0.00
1736 11.12 6431.57 0.00
1737 18.22 4822.73 0.00
1738 14.71 4949.62 0.00
1739 11.80 5701.39 0.00
1740 18.19 8951.11 0.00
1741 14.36 7326.05 0.00
1742 7.95 2646.64 0.00
1743 14.07 5306.84 0.00
1744 14.23 5153.33 0.00
1745 10.20 5590.62 0.00
1746 14.11 6575.69 0.00
1747 23.03 3984.53 0.00
1748 9.45 2412.38 0.00
1749 12.25 3743.34 0.00
1750 11.36 3859.91 0.00
1751 9.74 3258.47 0.00
1752 5.26 2139.27 0.00
1753 4.01 1281.28 0.00
1754 9.35 3316.84 0.00
1755 16.77 6136.88 0.00
1756 12.78 6958.03 0.00
1757 16.13 7438.47 0.00
1758 8.53 2130.49 0.00
1759 14.06 4286.48 0.00
1760 29.52 9718.46 0.00
1761 3691.08 8007.28 0.00
1762 1839.99 3695.47 0.00
1763 3281.20 2986.23 0.00
1764 3154.87 3758.65 0.00
1765 8237.62 8325.04 0.00
1766 4745.02 4620.58 0.00
1767 3184.16 6197.08 0.00
1768 789.86 4443.18 0.00
1769 1040.30 4302.13 0.00
1770 1865.31 5381.63 0.00
1771 2908.41 5693.05 0.00
1772 11745.40 6683.34 0.00
1773 15203.97 7206.43 0.00
1774 10610.00 6829.28 0.00
1775 10884.84 10724.32 0.00
1776 4821.57 4807.95 0.00
1777 4582.68 3890.30 0.00
1778 5048.09 4089.81 0.00
1779 8349.50 9201.84 0.00
1780 5194.66 8832.40 0.00
1781 1136.00 4731.37 0.00
1782 820.81 2093.91 0.00
1783 821.88 16.94 0.00
1784 1404.03 3855.22 0.00
1785 1409.92 9853.05 0.00
1786 2263.72 6727.96 0.00
1787 1877.14 2541.07 0.00
1788 1572.53 3876.18 0.00
1789 2376.15 3509.73 0.00
1790 670.70 3544.92 0.00
1791 1696.88 1676.47 0.00
1792 2237.79 3640.23 0.00
1793 2501.30 4730.46 0.00
1794 3852.01 3291.78 0.00
1795 947.88 1.08 0.00
1796 1.05 0.88 0.00
1797 6.05 1485.94 0.00
1798 9.14 2240.40 0.00
1799 264.85 2978.01 0.00
1800 963.40 3726.23 0.00
1801 1320.63 3590.32 0.00
1802 1501.68 3782.96 0.00
1803 6446.87 3451.08 0.00
1804 10040.50 7116.53 0.00
1805 3630.40 5044.64 0.00
1806 1524.91 3062.80 0.00
1807 3405.67 4692.39 0.00
1808 3955.32 10071.32 0.00
1809 1397.27 3349.44 0.00
1810 2162.57 3358.65 0.00
1811 3827.53 2911.83 0.00
1812 1000.80 7465.58 0.00
1813 8.67 7009.38 0.00
1814 265.28 2610.83 0.00
1815 1134.29 3542.07 0.00
1816 3578.76 4880.90 0.00
1817 3557.62 3751.26 0.00
1818 3069.37 1723.48 0.00
1819 3927.02 1953.45 0.00
1820 2226.36 62.74 0.00
1821 2920.08 6.62 0.00
1822 4831.40 12.06 0.00
1823 8699.44 3359.88 0.00
1824 12895.51 5427.11 0.00
1825 9831.73 8782.04 0.00
1826 7673.08 3399.55 0.00
1827 4265.86 4852.79 0.00
1828 4687.67 5206.37 0.00
1829 3548.09 3737.10 0.00
1830 4083.95 3462.17 0.00
1831 4329.54 6373.05 0.00
1832 10346.68 7802.48 0.00
1833 8599.86 3099.17 0.00
1834 14809.45 4389.84 0.00
1835 6630.73 2042.13 0.00
1836 3892.67 3370.68 0.00
1837 3380.59 3383.88 0.00
1838 20.62 8244.02 0.00
1839 14.95 7228.22 0.00
1840 2482.71 13.75 0.00
1841 525.89 1.21 0.00
1842 1.44 0.30 0.00
1843 1.27 0.37 0.00
1844 2.46 2.87 0.00
1845 15.55 5175.47 0.00
1846 7907.02 14781.70 0.00
1847 2773.81 5893.49 0.00
1848 936.94 4606.69 0.00
1849 556.33 5562.33 0.00
1850 2.53 16.29 0.00
1851 0.88 0.30 0.00
1852 398.05 1.72 0.00
1853 2591.94 2.49 0.00
1854 1654.07 5778.29 0.00
1855 2246.45 7896.13 0.00
1856 11156.38 13826.98 0.00
1857 9606.42 16223.07 0.00
1858 6433.14 8782.60 0.00
1859 4722.06 5266.29 0.00
1860 7918.06 12257.09 0.00
1861 1614.41 2.56 0.00
1862 0.96 2.45 0.00
1863 1284.71 2.43 0.00
1864 12814.29 16048.60 0.00
1865 12551.01 23026.70 0.00
1866 2863.60 11639.50 0.00
1867 3034.63 6626.57 0.00
1868 8847.52 18489.12 0.00
1869 7745.27 4179.76 0.00
1870 14921.18 1312.16 0.00
1871 14046.34 2642.57 0.00
1872 7220.54 4023.21 0.00
1873 3263.09 7534.34 0.00
1874 1965.57 6471.51 0.00
1875 8816.14 8688.86 0.00
1876 15017.46 11483.15 0.00
1877 9583.54 6079.22 0.00
1878 5822.45 4.49 0.00
1879 2728.48 3.88 0.00
1880 1987.39 154.88 0.00
1881 3954.03 6450.34 0.00
1882 9120.81 15910.02 0.00
1883 9660.55 13679.91 0.00
1884 11765.27 4115.53 0.00
1885 6644.24 13.15 0.00
1886 3955.66 19.55 0.00
1887 304.64 2.88 0.00
1888 10.21 3769.50 0.00
1889 786.81 5166.17 0.00
1890 3734.59 3871.85 0.00
1891 2976.31 3060.73 0.00
1892 2037.37 2236.12 0.00
1893 2573.08 4087.71 0.00
1894 817.79 2446.41 0.00
1895 4.66 3427.29 0.00
1896 7852.45 3737.39 0.00
1897 4696.25 1579.48 0.00
1898 3209.66 3.59 0.00
1899 1397.98 1123.42 0.00
1900 5352.09 3319.62 0.00
1901 13670.41 4331.50 0.00
1902 11096.60 1403.94 0.00
1903 6354.60 7988.55 0.00
1904 3869.97 4055.27 0.00
1905 5466.75 2772.63 0.00
1906 4599.75 3343.43 0.00
1907 3578.21 3085.27 0.00
1908 4610.46 4069.54 0.00
1909 8920.66 10827.01 0.00
1910 5215.03 9770.05 0.00
1911 3930.52 4121.91 0.00
1912 2527.00 1078.74 0.00
1913 1.00 0.30 0.00
1914 2.57 2.80 0.00
1915 1.31 0.62 0.00
1916 2.18 1.04 0.00
1917 256.78 4.47 0.00
1918 1383.90 518.75 0.00
1919 2806.10 2416.32 0.00
1920 2949.58 3054.38 0.00
1921 2787.44 2160.74 0.00
1922 1730.12 1771.39 0.00
1923 2695.25 777.23 0.00
1924 1.63 2.28 0.00
1925 1.98 0.06 0.00
1926 6.31 1729.75 0.00
1927 5.02 1896.53 0.00
1928 5.10 2168.62 0.00
1929 3.34 1534.24 0.00
1930 1.55 198.61 0.00
1931 1.62 0.37 0.00
1932 5.67 1146.11 0.00
1933 4.98 1041.51 0.00
1934 7.31 2469.80 0.00
1935 8.83 3965.49 0.00
1936 3.95 1425.38 0.00
1937 7.67 1509.61 0.00
1938 10.26 3812.81 0.00
1939 10.25 1798.22 0.00
1940 9.55 2248.67 0.00
1941 13.87 4457.82 0.00
1942 14.44 5257.59 0.00
1943 11.86 4707.31 0.00
1944 17.06 7211.47 0.00
1945 14.58 6643.63 0.00
1946 4.81 2850.74 0.00
1947 6.09 2017.08 0.00
1948 3.15 680.78 0.00
1949 3.39 908.04 0.00
1950 5.21 2270.06 0.00
1951 7.04 2229.84 0.00
1952 7.69 3695.54 0.00
1953 5.02 2493.04 0.00
1954 5.12 1223.24 0.00
1955 5.45 2470.21 0.00
1956 9.26 4885.76 0.00
1957 2.03 2.21 0.00
1958 0.88 0.30 0.00
1959 2.41 5.46 0.00
1960 5.78 874.02 0.00
1961 6.23 2300.11 0.00
1962 7.55 1948.59 0.00
1963 4.36 1457.45 0.00
1964 3.51 2128.42 0.00
1965 2.49 976.63 0.00
1966 1.96 8.07 0.00
1967 4.96 1158.00 0.00
1968 8.47 1957.51 0.00
1969 5.96 1451.45 0.00
1970 13.82 4636.87 0.00
1971 21.98 8246.22 0.00
1972 5.48 1666.41 0.00
1973 9.74 3691.77 0.00
1974 5.44 1447.35 0.00
1975 1.88 21.70 0.00
1976 2.00 0.30 0.00
1977 2.51 0.82 0.00
1978 0.90 1.81 0.00
1979 2.22 2.02 0.00
1980 2.62 0.82 0.00
1981 0.55 0.30 0.00
1982 1.68 0.45 0.00
1983 2.36 4.03 0.00
1984 0.83 0.36 0.00
1985 1.84 0.43 0.00
1986 0.77 0.82 0.00
1987 1.11 0.30 0.00
1988 3.05 2.09 0.00
1989 1.30 2.56 0.00
1990 1.01 0.30 0.00
1991 1.67 0.30 0.00
1992 1.10 0.82 0.00
1993 1.10 1.96 0.00
1994 1.69 0.35 0.00
1995 0.99 0.82 0.00
1996 1.33 0.30 0.00
1997 1.24 0.37 0.00
1998 1.22 4.11 0.00
1999 2.33 2.04 0.00
2000 1.22 0.30 0.00
2001 1.21 0.82 0.00
2002 2.65 0.30 0.00
2003 1.10 1.92 0.00
2004 1.85 0.92 0.00
2005 1.66 0.30 0.00
2006 0.78 0.30 0.00
2007 0.99 0.82 0.00
2008 1.98 2.02 0.00
2009 0.90 1.99 0.00
2010 0.55 0.82 0.00
2011 0.99 0.30 0.00
2012 1.13 1.87 0.00
2013 1.04 2.60 0.00
2014 1.26 0.30 0.00
2015 2.93 0.30 0.00
2016 1.12 0.82 0.00
2017 0.22 0.30 0.00
2018 2.59 2.02 0.00
2019 0.89 2.50 0.00
2020 0.33 0.30 0.00
2021 1.34 0.30 0.00
2022 1.81 0.82 0.00
2023 1.33 2.15 0.00
2024 1.38 0.30 0.00
2025 0.99 0.82 0.00
2026 0.66 0.30 0.00
2027 2.01 1.87 0.00
2028 1.88 2.66 0.00
2029 1.00 1.99 0.00
2030 1.79 0.30 0.00
2031 1.21 0.82 0.00
2032 0.89 0.30 0.00
2033 2.36 2.28 0.00
2034 1.15 0.82 0.00
2035 1.33 0.00 0.00
2036 0.66 0.30 0.00
2037 2.19 0.82 0.00
2038 2.17 2.18 0.00
2039 1.33 2.02 0.00
2040 1.59 0.82 0.00
2041 1.22 0.30 0.00
2042 1.24 0.45 0.00
2043 5.45 4.60 0.00
2044 1.38 0.30 0.00
2045 0.88 0.30 0.00
2046 1.70 0.88 0.00
2047 1.70 0.50 0.00
2048 2.35 1.10 0.00
2049 0.95 0.95 0.00
2050 1.28 0.43 0.00
2051 0.70 0.37 0.00
2052 0.61 0.84 0.00
2053 1.99 0.41 0.00
2054 2.19 0.28 0.00
2055 1.77 0.82 0.00
2056 0.88 0.30 0.00
2057 2.02 3.04 0.00
2058 2.66 2.32 0.00
2059 1.16 0.30 0.00
2060 1.93 0.30 0.00
2061 1.77 0.82 0.00
2062 1.00 0.30 0.00
2063 2.28 0.30 0.00
2064 2.86 0.82 0.00
2065 0.55 0.30 0.00
2066 1.56 0.30 0.00
2067 1.44 0.82 0.00
2068 0.66 0.30 0.00
2069 0.93 0.30 0.00
2070 1.99 0.82 0.00
2071 1.11 0.30 0.00
2072 0.57 0.45 0.00
2073 1.43 2.25 0.00
2074 1.60 0.30 0.00
2075 1.44 0.30 0.00
2076 0.76 0.82 0.00
2077 0.67 0.30 0.00
2078 1.67 0.30 0.00
2079 1.10 0.82 0.00
2080 1.06 0.30 0.00
2081 1.33 0.30 0.00
2082 1.38 0.82 0.00
2083 0.66 0.30 0.00
2084 1.83 0.30 0.00
2085 0.55 0.82 0.00
2086 0.84 0.30 0.00
2087 1.57 0.37 0.00
2088 0.66 2.32 0.00
2089 1.04 0.30 0.00
2090 2.35 0.30 0.00
2091 0.88 0.82 0.00
2092 0.77 0.30 0.00
2093 3.05 0.30 0.00
2094 1.66 0.82 0.00
2095 1.10 0.30 0.00
2096 2.83 0.30 0.00
2097 1.80 0.82 0.00
2098 1.43 0.30 0.00
2099 2.72 0.30 0.00
2100 1.66 0.82 0.00
2101 1.44 0.30 0.00
2102 1.54 1.87 0.00
2103 1.21 0.82 0.00
2104 2.04 0.30 0.00
2105 0.77 0.30 0.00
2106 1.07 0.82 0.00
2107 1.99 0.30 0.00
2108 1.36 0.30 0.00
2109 1.02 0.81 0.00
2110 1.73 0.30 0.00
2111 1.22 0.30 0.00
2112 1.10 0.82 0.00
2113 1.95 0.30 0.00
2114 1.16 0.30 0.00
2115 2.90 0.82 0.00
2116 2.34 0.30 0.00
2117 1.07 1.87 0.00
2118 3.87 0.82 0.00
2119 1.83 0.30 0.00
2120 1.30 0.30 0.00
2121 2.56 0.82 0.00
2122 2.99 0.30 0.00
2123 0.51 0.30 0.00
2124 3.00 0.82 0.00
2125 2.33 0.30 0.00
2126 1.19 0.30 0.00
2127 2.23 0.82 0.00
2128 0.96 0.30 0.00
2129 0.51 0.30 0.00
2130 3.43 0.82 0.00
2131 1.11 0.30 0.00
2132 2.35 1.87 0.00
2133 3.20 0.82 0.00
2134 1.16 0.30 0.00
2135 3.41 0.30 0.00
2136 1.41 0.82 0.00
2137 1.31 0.30 0.00
2138 3.72 0.30 0.00
2139 1.49 0.51 0.00
2140 1.74 0.30 0.00
2141 1.33 0.30 0.00
2142 1.47 0.82 0.00
2143 0.74 0.30 0.00
2144 2.05 0.30 0.00
2145 0.88 0.82 0.00
2146 2.79 0.30 0.00
2147 2.60 0.37 0.00
2148 1.21 2.32 0.00
2149 1.83 0.30 0.00
2150 1.94 0.30 0.00
2151 1.10 0.82 0.00
2152 1.53 0.30 0.00
2153 1.85 0.30 0.00
2154 0.96 0.82 0.00
2155 1.78 0.30 0.00
2156 0.88 0.30 0.00
2157 1.46 0.82 0.00
2158 1.96 0.30 0.00
2159 1.19 0.30 0.00
2160 1.24 0.82 0.00
2161 2.50 0.30 0.00
2162 1.21 0.37 0.00
2163 1.47 2.32 0.00
2164 1.74 0.30 0.00
2165 0.88 0.30 0.00
2166 1.40 0.82 0.00
2167 1.56 0.30 0.00
2168 2.30 0.30 0.00
2169 0.95 0.82 0.00
2170 1.55 0.30 0.00
2171 2.47 0.30 0.00
2172 0.77 0.82 0.00
2173 1.41 0.30 0.00
2174 2.33 0.30 0.00
2175 1.96 0.82 0.00
2176 1.63 0.30 0.00
2177 2.68 0.45 0.00
2178 3.06 2.25 0.00
2179 1.40 0.30 0.00
2180 1.44 0.30 0.00
2181 1.99 0.82 0.00
2182 1.38 0.30 0.00
2183 1.63 0.30 0.00
2184 2.21 0.82 0.00
2185 0.54 0.30 0.00
2186 1.66 0.30 0.00
2187 1.77 0.82 0.00
2188 0.62 0.30 0.00
2189 0.52 0.30 0.00
2190 1.52 0.82 0.00
2191 0.89 0.30 0.00
2192 1.23 0.37 0.00
2193 1.51 2.32 0.00
2194 0.96 0.30 0.00
2195 2.07 0.30 0.00
2196 1.10 0.82 0.00
2197 1.10 0.30 0.00
2198 1.82 0.30 0.00
2199 1.06 0.82 0.00
2200 1.42 0.30 0.00
2201 1.32 0.30 0.00
2202 1.32 0.82 0.00
2203 1.07 0.30 0.00
2204 1.40 0.30 0.00
2205 0.99 0.82 0.00
2206 0.96 0.30 0.00
2207 2.12 0.45 0.00
2208 1.08 2.25 0.00
2209 2.34 0.30 0.00
2210 1.21 0.30 0.00
2211 0.88 0.82 0.00
2212 1.81 0.30 0.00
2213 1.19 0.30 0.00
2214 0.74 0.82 0.00
2215 1.55 0.30 0.00
2216 1.49 0.30 0.00
2217 1.14 0.82 0.00
2218 0.97 0.30 0.00
2219 0.41 0.30 0.00
2220 1.14 0.82 0.00
2221 1.00 0.30 0.00
2222 0.90 0.37 0.00
2223 0.85 2.32 0.00
2224 1.63 0.30 0.00
2225 1.03 0.37 0.00
2226 1.05 0.89 0.00
2227 1.22 0.30 0.00
2228 1.22 0.30 0.00
2229 0.52 0.82 0.00
2230 1.22 0.30 0.00
2231 0.55 0.30 0.00
2232 0.54 0.82 0.00
2233 1.85 0.30 0.00
2234 0.96 0.30 0.00
2235 1.43 0.82 0.00
2236 1.00 0.30 0.00
2237 0.79 0.45 0.00
2238 1.81 2.25 0.00
2239 1.30 0.30 0.00
2240 0.55 0.30 0.00
2241 1.21 0.82 0.00
2242 0.67 0.30 0.00
2243 0.96 0.30 0.00
2244 1.99 0.82 0.00
2245 1.00 0.30 0.00
2246 0.88 0.30 0.00
2247 2.09 0.82 0.00
2248 2.33 0.30 0.00
2249 0.52 0.30 0.00
2250 1.32 0.82 0.00
2251 1.59 0.30 0.00
2252 1.01 0.37 0.00
2253 1.51 2.32 0.00
2254 0.97 0.30 0.00
2255 2.82 0.30 0.00
2256 0.88 0.82 0.00
2257 1.22 0.30 0.00
2258 1.63 0.30 0.00
2259 1.74 0.82 0.00
2260 1.23 0.30 0.00
2261 1.78 0.30 0.00
2262 1.55 0.82 0.00
2263 0.74 0.30 0.00
2264 1.41 0.30 0.00
2265 0.55 0.82 0.00
2266 1.34 0.30 0.00
2267 1.30 1.87 0.00
2268 0.98 0.96 0.00
2269 4.71 3.52 0.00
2270 1.34 0.30 0.00
2271 6.23 536.67 0.00
2272 0.43 0.30 0.00
2273 1.31 0.30 0.00
2274 1.52 0.82 0.00
2275 1.21 0.30 0.00
2276 0.55 0.30 0.00
2277 1.14 0.82 0.00
2278 1.30 0.00 0.00
2279 0.52 0.30 0.00
2280 1.45 0.81 0.00
2281 1.55 0.30 0.00
2282 0.57 0.37 0.00
2283 0.96 2.32 0.00
2284 1.52 0.30 0.00
2285 4.77 3.53 0.00
2286 3.27 195.71 0.00
2287 5.39 2.93 0.00
2288 11.27 1333.36 0.00
