0 1.46 0.89 0.00
1 3.57 0.30 0.00
2 0.33 0.30 0.00
3 1.79 2.39 0.00
4 2.71 0.30 0.00
5 7.50 5.50 0.00
6 1.32 0.93 0.00
7 2.57 0.30 0.00
8 0.72 0.30 0.00
9 4.34 0.95 0.00
10 2.59 4.77 0.00
11 0.33 0.32 0.00
12 2.46 0.82 0.00
13 1.86 0.30 0.00
14 0.85 0.30 0.00
15 2.34 2.54 0.00
16 1.42 0.37 0.00
17 0.56 0.30 0.00
18 1.60 2.39 0.00
19 1.42 0.30 0.00
20 1.06 1.83 0.00
21 0.89 0.89 0.00
22 1.22 0.30 0.00
23 0.55 0.30 0.00
24 0.63 0.82 0.00
25 3.00 1.97 0.00
26 0.66 0.36 0.00
27 1.11 0.82 0.00
28 1.53 0.30 0.00
29 2.68 3.63 0.00
30 1.32 2.60 0.00
31 1.52 0.37 0.00
32 0.80 0.30 0.00
33 1.66 5.58 0.00
34 1.66 0.30 0.00
35 0.95 0.30 0.00
36 2.90 2.67 0.00
37 0.99 0.30 0.00
38 0.77 0.30 0.00
39 2.64 187.11 0.00
40 19.59 94.95 0.00
41 1.58 35.14 0.00
42 89275.93 141.98 0.00
43 2.50 0.30 0.00
44 2.40 0.30 0.00
45 1.62 0.82 0.00
46 3.58 2.50 0.00
47 1.59 287.97 0.00
48 2.57 4.10 0.00
49 3.46 0.85 0.00
50 3.60 245.36 0.00
51 6.27 483.64 0.00
52 0.62 0.43 0.00
53 1.00 0.30 0.00
54 1.51 0.82 0.00
55 0.86 1.96 0.00
56 25.39 5.65 0.00
57 1.11 0.82 0.00
58 1.03 0.30 0.00
59 1.41 0.30 0.00
60 1.34 0.82 0.00
61 3.46 132.54 0.00
62 1.22 0.30 0.00
63 1.09 2.39 0.00
64 0.63 0.30 0.00
65 1.37 4.30 0.00
66 1.80 2.54 0.00
67 0.55 0.30 0.00
68 1.55 0.30 0.00
69 1.54 0.82 0.00
70 0.51 0.30 0.00
71 2.14 2.15 0.00
72 1.07 0.82 0.00
73 0.77 0.30 0.00
74 24.02 23714.44 0.00
75 19.69 25944.24 0.00
76 10.20 7781.59 0.00
77 15.87 20706.59 0.00
78 3.44 1363.07 0.00
79 14.90 17829.81 0.00
80 13.80 18637.82 0.00
81 16.92 16878.98 0.00
82 1.33 0.30 0.00
83 1.22 0.30 0.00
84 3.94 215.92 0.00
85 2.46 4.36 0.00
86 1.23 2.13 0.00
87 0.90 0.82 0.00
88 1.22 0.06 0.00
89 13.13 1.69 0.00
90 14.35 2.69 0.00
91 2.11 2.03 0.00
92 0.65 0.30 0.00
93 1.36 3.20 0.00
94 1.41 0.30 0.00
95 1.69 5.25 0.00
96 2.31 2.73 0.00
97 0.66 0.30 0.00
98 1.36 0.34 0.00
99 10.59 3208.82 0.00
100 4.43 2997.95 0.00
101 12.00 6593.48 0.00
102 18.64 15194.56 0.00
103 17.55 12028.26 0.00
104 13.49 9833.20 0.00
105 16.49 12544.62 0.00
106 16.21 13473.28 0.00
107 20.99 15507.09 0.00
108 20.13 16653.59 0.00
109 15.50 10766.36 0.00
110 12.73 10399.67 0.00
111 18.28 13065.18 0.00
112 19.21 14717.83 0.00
113 15.76 12677.40 0.00
114 19.97 14832.14 0.00
115 16.25 13130.10 0.00
116 17.99 13001.91 0.00
117 234.65 14033.88 0.00
118 22.55 16673.22 0.00
119 20.60 13520.60 0.00
120 17.96 8534.90 0.00
121 19.73 13644.00 0.00
122 286.12 14101.28 0.00
123 24.80 21213.06 0.00
124 310.86 20705.85 0.00
125 35.08 27233.04 0.00
126 26.05 31168.47 0.00
127 6.11 6852.98 0.00
128 31.48 7161.49 0.00
129 184.16 71423.13 0.00
130 136.29 94980.35 0.00
131 203.01 96370.75 0.00
132 639.91 105237.45 0.00
133 185.53 116082.69 0.00
134 353.29 115314.03 0.00
135 404.42 119562.47 0.00
136 157.45 121504.92 0.00
137 151.45 126642.19 0.00
138 77.62 86601.03 0.00
139 17.08 142.88 0.00
140 1.42 0.30 0.00
141 1.91 2.67 0.00
142 1.24 0.75 0.00
143 0.66 0.00 0.00
144 1.49 1.01 0.00
145 1.50 0.45 0.00
146 1.13 3.53 0.00
147 1.33 0.85 0.00
148 0.88 0.30 0.00
149 0.63 0.30 0.00
150 1.19 0.51 0.00
151 1.19 2.09 0.00
152 0.66 0.30 0.00
153 1.35 2.39 0.00
154 0.40 0.30 0.00
155 1.52 0.30 0.00
156 2.89 2.60 0.00
157 0.44 0.00 0.00
158 1.56 0.30 0.00
159 2.84 3.84 0.00
160 0.62 0.30 0.00
161 1.68 1.67 0.00
162 1.77 0.81 0.00
163 0.66 0.00 0.00
164 1.42 0.00 0.00
165 0.85 0.51 0.00
166 1.11 1.49 0.00
167 1.67 0.00 0.00
168 1.01 2.18 0.00
169 1.45 0.00 0.00
170 1.78 0.00 0.00
171 1.33 2.24 0.00
172 0.68 0.06 0.00
173 1.67 0.00 0.00
174 2.25 67.73 0.00
175 3.12 268.61 0.00
176 0.77 1.54 0.00
177 0.89 0.57 0.00
178 2.18 0.20 0.00
179 0.52 0.00 0.00
180 1.12 0.56 0.00
181 2.54 1.64 0.00
182 7.90 256.57 0.00
183 1.35 2.08 0.00
184 1.68 1.50 0.00
185 17.54 6.18 0.00
186 1.53 2.24 0.00
187 1.47 0.06 0.00
188 1.56 0.00 0.00
189 1.94 0.49 0.00
190 1.61 0.00 0.00
191 0.97 0.51 0.00
192 1.42 1.47 0.00
193 3.74 196.14 0.00
194 0.63 0.00 0.00
195 3.03 51.54 0.00
196 1.25 1.60 0.00
197 0.78 0.00 0.00
198 2.38 2.14 0.00
199 0.64 0.00 0.00
200 0.41 0.00 0.00
201 3.19 2.30 0.00
202 0.56 0.00 0.00
203 0.45 0.00 0.00
204 1.60 0.51 0.00
205 1.41 4.24 0.00
206 1.41 1.73 0.00
207 1.22 0.00 0.00
208 1.13 0.57 0.00
209 0.97 0.00 0.00
210 3.59 214.21 0.00
211 0.72 44.01 0.00
212 0.45 0.00 0.00
213 1.58 2.15 0.00
214 0.52 0.00 0.00
215 4.32 184.06 0.00
216 1.11 2.24 0.00
217 0.97 0.00 0.00
218 1.56 0.00 0.00
219 1.60 0.51 0.00
220 179.90 3.14 0.00
221 69.12 2.89 0.00
222 0.86 0.00 0.00
223 0.66 0.14 0.00
224 1.41 0.00 0.00
225 1.04 0.15 0.00
226 1.53 5.69 0.00
227 1.11 0.00 0.00
228 0.68 0.20 0.00
229 1.31 0.00 0.00
230 1.64 0.00 0.00
231 1.05 3.03 0.00
232 0.67 0.00 0.00
233 3.06 0.12 0.00
234 4.69 215.11 0.00
235 2.25 69.09 0.00
236 2.44 1.63 0.00
237 0.89 0.54 0.00
238 2.08 0.00 0.00
239 1.78 0.45 0.00
240 263.81 3.47 0.00
241 2.19 1.59 0.00
242 0.67 0.00 0.00
243 0.79 2.15 0.00
244 1.52 0.00 0.00
245 0.82 4.24 0.00
246 1.05 2.17 0.00
247 1.11 0.00 0.00
248 0.51 0.40 0.00
249 1.97 0.51 0.00
250 1.50 0.00 0.00
251 0.85 1.76 0.00
252 1.14 0.09 0.00
253 1.21 0.00 0.00
254 0.63 0.00 0.00
255 1.70 4.62 0.00
256 12.98 26.04 0.00
257 32.97 137.46 0.00
258 1.13 107.80 0.00
259 1.19 0.00 0.00
260 1.08 1.94 0.00
261 2.28 1.83 0.00
262 0.61 0.08 0.00
263 0.66 0.49 0.00
264 1.63 0.30 0.00
265 1.52 4.24 0.00
266 1.24 2.34 0.00
267 1.61 0.46 0.00
268 0.66 0.00 0.00
269 0.85 0.51 0.00
270 1.53 0.00 0.00
271 0.96 1.72 0.00
272 1.59 0.58 0.00
273 1.36 0.06 0.00
274 0.74 0.00 0.00
275 2.95 6.26 0.00
276 1.31 1.98 0.00
277 0.55 0.00 0.00
278 3.04 0.51 0.00
279 1.08 0.00 0.00
280 0.74 0.00 0.00
281 2.85 2.25 0.00
282 1.63 0.00 0.00
283 1.00 0.00 0.00
284 1.53 0.57 0.00
285 1.15 4.24 0.00
286 0.98 1.24 0.00
287 1.33 0.74 0.00
288 0.46 0.14 0.00
289 0.75 0.00 0.00
290 1.75 1.94 0.00
291 1.23 2.00 0.00
292 1.12 0.00 0.00
293 1.78 1.04 0.00
294 0.74 0.00 0.00
295 2.69 69.16 0.00
296 1.31 2.38 0.00
297 0.67 0.00 0.00
298 2.04 0.00 0.00
299 0.52 0.57 0.00
300 0.52 0.00 0.00
301 2.71 1.69 0.00
302 0.66 0.54 0.00
303 0.57 0.14 0.00
304 1.19 0.00 0.00
305 0.92 6.18 0.00
306 1.03 1.80 0.00
307 1.22 0.00 0.00
308 0.66 0.57 0.00
309 1.90 0.00 0.00
310 1.30 0.00 0.00
311 2.45 2.37 0.00
312 1.23 0.25 0.00
313 138.68 1.90 0.00
314 2.02 0.55 0.00
315 1.48 4.24 0.00
316 175.43 3.18 0.00
317 406.42 4.88 0.00
318 1.33 0.00 0.00
319 10.73 8.83 0.00
320 1.30 1.94 0.00
321 2.17 1.60 0.00
322 0.33 0.00 0.00
323 2.43 0.57 0.00
324 1.60 0.00 0.00
325 2.13 4.24 0.00
326 11.76 10.57 0.00
327 1.56 0.00 0.00
328 0.77 0.00 0.00
329 0.63 0.51 0.00
330 1.86 0.00 0.00
331 0.94 1.60 0.00
332 0.89 0.57 0.00
333 12.17 8.46 0.00
334 0.41 0.00 0.00
335 2.16 2.17 0.00
336 1.23 5.69 0.00
337 0.58 0.26 0.00
338 1.56 0.52 0.00
339 1.19 0.00 0.00
340 0.41 0.00 0.00
341 2.23 2.18 0.00
342 0.45 0.00 0.00
343 1.06 0.18 0.00
344 2.06 0.51 0.00
345 4.95 349.09 0.00
346 1.81 31.79 0.00
347 308.87 10.50 0.00
348 3.49 223.60 0.00
349 11.93 9.83 0.00
350 1.07 0.51 0.00
351 1.53 1.76 0.00
352 1.76 0.09 0.00
353 1.55 0.49 0.00
354 0.98 0.00 0.00
355 2.26 4.24 0.00
356 2.42 2.07 0.00
357 1.94 0.56 0.00
358 207.57 10.85 0.00
359 1.52 0.51 0.00
360 0.41 0.00 0.00
361 2.26 1.67 0.00
362 1.16 0.57 0.00
363 1.25 0.06 0.00
364 1.41 0.00 0.00
365 1.03 6.26 0.00
366 1.05 1.60 0.00
367 1.56 0.00 0.00
368 0.73 0.70 0.00
369 1.22 0.00 0.00
370 1.19 0.00 0.00
371 1.39 2.10 0.00
372 0.84 0.00 0.00
373 1.51 0.00 0.00
374 0.63 0.58 0.00
375 1.77 4.24 0.00
376 0.88 1.49 0.00
377 0.44 0.62 0.00
378 1.23 0.06 0.00
379 1.26 0.00 0.00
380 0.63 2.02 0.00
381 1.51 1.77 0.00
382 1.33 0.00 0.00
383 1.57 0.53 0.00
384 1.07 0.00 0.00
385 1.74 4.24 0.00
386 1.62 2.25 0.00
387 2.07 0.00 0.00
388 1.60 0.00 0.00
389 12.20 9.26 0.00
390 1.42 0.00 0.00
391 2.27 1.67 0.00
392 163.23 5.57 0.00
393 1.66 0.11 0.00
394 1.67 0.00 0.00
395 2.46 6.26 0.00
396 205.71 4.96 0.00
397 0.72 0.05 0.00
398 1.34 0.49 0.00
399 1.00 0.13 0.00
400 0.52 0.00 0.00
401 116.24 4.90 0.00
402 0.55 0.00 0.00
403 0.95 0.00 0.00
404 1.53 0.49 0.00
405 2.35 43.49 0.00
406 1.32 28.26 0.00
407 1.85 0.51 0.00
408 2.15 0.14 0.00
409 2.33 1.71 0.00
410 1.96 1.04 0.00
411 3.27 1.84 0.00
412 1.42 0.00 0.00
413 2.42 0.53 0.00
414 0.91 0.06 0.00
415 2.74 0.00 0.00
416 3.72 95.60 0.00
417 2.59 29.76 0.00
418 12.45 8.69 0.00
419 2.05 0.51 0.00
420 1.53 0.00 0.00
421 21.99 18.52 0.00
422 2.21 0.51 0.00
423 2.70 0.06 0.00
424 0.86 0.00 0.00
425 2.57 6.54 0.00
426 1.66 2.20 0.00
427 4.25 134.84 0.00
428 1.82 33.17 0.00
429 1.45 0.00 0.00
430 2.78 0.00 0.00
431 2.20 2.37 0.00
432 1.54 0.00 0.00
433 2.07 0.00 0.00
434 1.38 0.51 0.00
435 1.44 4.24 0.00
436 1.52 1.73 0.00
437 0.91 0.57 0.00
438 0.46 0.06 0.00
439 2.77 0.00 0.00
440 1.60 2.02 0.00
441 1.28 1.60 0.00
442 2.20 0.00 0.00
443 1.19 0.57 0.00
444 0.30 0.00 0.00
445 2.89 4.24 0.00
446 1.53 2.40 0.00
447 0.34 0.00 0.00
448 12.02 8.72 0.00
449 0.52 0.51 0.00
450 5.30 217.68 0.00
451 1.20 16.79 0.00
452 0.89 0.74 0.00
453 0.68 0.06 0.00
454 1.42 0.00 0.00
455 1.27 6.32 0.00
456 1.63 1.47 0.00
457 0.45 0.00 0.00
458 162.68 4.80 0.00
459 1.08 0.00 0.00
460 1.08 0.00 0.00
461 1.78 2.38 0.00
462 1.00 0.00 0.00
463 0.83 0.12 0.00
464 0.85 0.49 0.00
465 1.07 0.00 0.00
466 2.95 7.04 0.00
467 0.88 0.57 0.00
468 1.54 0.06 0.00
469 2.33 0.00 0.00
470 1.20 2.02 0.00
471 3.61 1.73 0.00
472 2.27 0.00 0.00
473 1.22 0.57 0.00
474 1.52 0.00 0.00
475 1.46 0.00 0.00
476 2.16 2.07 0.00
477 0.67 0.17 0.00
478 297.84 10.52 0.00
479 1.19 0.50 0.00
480 0.86 0.00 0.00
481 1.60 1.65 0.00
482 1.33 0.58 0.00
483 1.14 0.11 0.00
484 0.96 0.00 0.00
485 3.41 225.19 0.00
486 1.07 1.72 0.00
487 21.22 21.40 0.00
488 1.85 0.51 0.00
489 1.11 0.00 0.00
490 0.83 0.00 0.00
491 2.00 2.18 0.00
492 0.88 0.00 0.00
493 0.92 0.00 0.00
494 1.49 0.57 0.00
495 1.41 4.24 0.00
496 1.24 1.82 0.00
497 0.83 0.67 0.00
498 1.35 0.14 0.00
499 1.16 0.00 0.00
500 1.07 1.94 0.00
501 1.55 1.49 0.00
502 0.67 0.00 0.00
503 0.54 0.62 0.00
504 1.55 0.20 0.00
505 2.84 4.76 0.00
506 169.56 13.03 0.00
507 1.45 0.00 0.00
508 2.21 0.00 0.00
509 1.18 0.58 0.00
510 1.30 0.00 0.00
511 1.81 1.47 0.00
512 0.65 0.62 0.00
513 1.47 0.06 0.00
514 0.93 0.00 0.00
515 1.40 6.26 0.00
516 0.90 1.79 0.00
517 0.55 0.00 0.00
518 1.00 0.00 0.00
519 0.60 0.00 0.00
520 0.45 0.00 0.00
521 1.67 1.69 0.00
522 0.88 1.06 0.00
523 0.55 0.00 0.00
524 1.16 0.00 0.00
525 0.95 4.75 0.00
526 1.20 1.89 0.00
527 1.33 0.00 0.00
528 1.67 0.68 0.00
529 0.82 0.00 0.00
530 1.33 0.00 0.00
531 1.70 3.88 0.00
532 0.89 0.00 0.00
533 2.06 43.21 0.00
534 0.93 22.75 0.00
535 1.73 4.24 0.00
536 0.94 1.60 0.00
537 0.88 0.57 0.00
538 4.27 112.07 0.00
539 21.12 31.24 0.00
540 0.62 0.51 0.00
541 2.45 1.72 0.00
542 0.77 0.00 0.00
543 1.88 2.21 0.00
544 1.39 0.00 0.00
545 0.85 4.21 0.00
546 2.57 2.40 0.00
547 1.66 0.00 0.00
548 0.66 0.00 0.00
549 2.74 0.67 0.00
550 1.33 0.00 0.00
551 1.28 1.60 0.00
552 1.52 0.57 0.00
553 2.59 0.00 0.00
554 1.35 0.00 0.00
555 2.25 4.75 0.00
556 1.37 1.65 0.00
557 0.62 0.00 0.00
558 2.08 0.65 0.00
559 1.52 0.00 0.00
560 0.95 1.64 0.00
561 2.12 2.18 0.00
562 0.99 0.00 0.00
563 0.77 0.00 0.00
564 4.69 158.31 0.00
565 1.38 111.63 0.00
566 3.91 270.92 0.00
567 1.78 0.57 0.00
568 0.88 0.00 0.00
569 0.82 0.00 0.00
570 111.00 2.56 0.00
571 0.84 1.72 0.00
572 0.78 0.00 0.00
573 12.02 9.42 0.00
574 0.70 0.00 0.00
575 1.63 5.67 0.00
576 1.44 2.21 0.00
577 0.88 0.00 0.00
578 1.22 0.00 0.00
579 0.60 0.54 0.00
580 0.34 0.00 0.00
581 1.44 1.49 0.00
582 2.26 0.62 0.00
583 1.18 0.13 0.00
584 1.50 0.00 0.00
585 1.78 4.75 0.00
586 1.52 2.38 0.00
587 1.22 0.00 0.00
588 436.76 3.79 0.00
589 1.05 0.00 0.00
590 1.87 0.00 0.00
591 1.01 2.00 0.00
592 0.45 0.00 0.00
593 1.77 0.24 0.00
594 1.16 0.51 0.00
595 1.62 4.24 0.00
596 1.16 1.59 0.00
597 0.78 0.58 0.00
598 1.75 0.06 0.00
599 0.61 0.12 0.00
600 0.78 1.04 0.00
601 2.48 1.67 0.00
602 0.55 0.00 0.00
603 2.46 154.15 0.00
604 2.04 0.00 0.00
605 1.40 43.90 0.00
606 1.11 2.17 0.00
607 1.67 0.00 0.00
608 1.00 0.00 0.00
609 219.43 379.12 0.00
610 11.57 8.79 0.00
611 21.96 18.52 0.00
612 1.16 0.51 0.00
613 1.75 0.00 0.00
614 1.36 0.00 0.00
615 2.07 4.75 0.00
616 2.31 2.63 0.00
617 2.27 309.61 0.00
618 1.54 2.21 0.00
619 1.57 0.00 0.00
620 0.64 0.00 0.00
621 2.88 24.47 0.00
622 0.56 0.00 0.00
623 1.08 0.00 0.00
624 2.86 0.51 0.00
625 1.37 0.00 0.00
626 0.85 1.76 0.00
627 2.25 0.54 0.00
628 1.20 0.00 0.00
629 0.71 0.00 0.00
630 1.32 0.51 0.00
631 1.54 1.67 0.00
632 0.77 0.00 0.00
633 2.08 4.87 0.00
634 1.16 0.00 0.00
635 1.85 5.74 0.00
636 1.43 2.05 0.00
637 11.23 8.75 0.00
638 4.09 180.01 0.00
639 0.84 34.72 0.00
640 1.00 0.00 0.00
641 1.58 1.80 0.00
642 209.82 3.97 0.00
643 0.55 0.00 0.00
644 1.79 0.00 0.00
645 1.47 4.79 0.00
646 1.52 1.54 0.00
647 2.06 0.25 0.00
648 1.47 0.55 0.00
649 1.02 0.00 0.00
650 11.79 10.20 0.00
651 2.06 2.25 0.00
652 0.89 0.00 0.00
653 1.53 0.00 0.00
654 1.04 0.57 0.00
655 1.29 0.06 0.00
656 2.17 5.80 0.00
657 1.11 0.54 0.00
658 1.80 0.00 0.00
659 2.32 0.00 0.00
660 1.50 0.64 0.00
661 2.45 1.65 0.00
662 2.04 0.00 0.00
663 1.46 0.65 0.00
664 1.60 0.00 0.00
665 1.18 5.74 0.00
666 2.40 2.50 0.00
667 11.78 8.66 0.00
668 116.30 1.80 0.00
669 1.52 0.51 0.00
670 1.21 0.00 0.00
671 0.91 0.15 0.00
672 0.77 1.76 0.00
673 1.44 0.00 0.00
674 0.93 0.00 0.00
675 1.62 4.75 0.00
676 68.48 3.37 0.00
677 0.93 0.16 0.00
678 1.46 0.66 0.00
679 1.13 0.00 0.00
680 0.55 0.00 0.00
681 1.89 3.63 0.00
682 0.55 0.00 0.00
683 0.66 0.00 0.00
684 1.93 0.54 0.00
685 1.44 4.24 0.00
686 1.02 1.78 0.00
687 1.78 0.58 0.00
688 0.66 0.00 0.00
689 0.71 0.00 0.00
690 1.11 0.51 0.00
691 0.90 1.69 0.00
692 1.14 0.00 0.00
693 1.24 0.61 0.00
694 0.93 1.64 0.00
695 1.64 4.91 0.00
696 3.49 277.33 0.00
697 0.77 0.00 0.00
698 2.48 0.00 0.00
699 0.48 0.57 0.00
700 0.67 0.00 0.00
701 2.78 1.73 0.00
702 0.43 0.57 0.00
703 0.78 0.00 0.00
704 2.42 0.00 0.00
705 1.17 4.75 0.00
706 13.14 195.24 0.00
707 1.22 0.00 0.00
708 142.69 103.41 0.00
709 1.68 0.00 0.00
710 1.67 0.00 0.00
711 1.69 2.30 0.00
712 2.11 0.00 0.00
713 1.67 0.00 0.00
714 0.81 0.57 0.00
715 1.52 4.24 0.00
716 1.50 2.13 0.00
717 1.18 0.77 0.00
718 2.10 0.06 0.00
719 1.27 0.00 0.00
720 1.32 0.52 0.00
721 2.80 2.05 0.00
722 11.35 8.75 0.00
723 1.46 2.21 0.00
724 142.86 9.93 0.00
725 1.19 4.24 0.00
726 1.00 2.18 0.00
727 1.44 0.00 0.00
728 0.78 0.00 0.00
729 1.63 0.00 0.00
730 1.22 0.00 0.00
731 1.11 2.23 0.00
732 0.77 0.57 0.00
733 1.44 0.00 0.00
734 0.78 0.13 0.00
735 1.95 4.75 0.00
736 2.03 1.96 0.00
737 1.71 0.00 0.00
738 1.59 1.36 0.00
739 0.48 0.00 0.00
740 2.04 0.00 0.00
741 14.70 269.01 0.00
742 0.66 0.00 0.00
743 1.93 0.00 0.00
744 1.59 0.58 0.00
745 1.21 4.24 0.00
746 1.36 1.93 0.00
747 2.87 86.60 0.00
748 0.67 0.00 0.00
749 0.94 0.00 0.00
750 1.90 44.79 0.00
751 1.51 1.82 0.00
752 1.00 0.00 0.00
753 177.51 3.35 0.00
754 1.27 0.00 0.00
755 6.02 12.58 0.00
756 1.24 3.70 0.00
757 1.33 0.00 0.00
758 1.00 0.00 0.00
759 0.97 0.62 0.00
760 1.52 0.00 0.00
761 2.00 1.67 0.00
762 8.00 0.91 0.00
763 0.45 0.00 0.00
764 1.60 0.00 0.00
765 1.40 4.75 0.00
766 1.17 1.59 0.00
767 1.33 0.00 0.00
768 1.37 1.05 0.00
769 1.49 1.56 0.00
770 167.79 2.00 0.00
771 1.29 2.50 0.00
772 0.84 0.18 0.00
773 1.33 0.00 0.00
774 2.04 0.51 0.00
775 1.84 4.38 0.00
776 2.60 2.48 0.00
777 1.13 1.24 0.00
778 2.15 0.00 0.00
779 1.97 0.00 0.00
780 1.44 0.51 0.00
781 5.73 349.57 0.00
782 213.71 3.05 0.00
783 1.58 0.70 0.00
784 1.94 0.00 0.00
785 1.73 5.67 0.00
786 1.30 1.06 0.00
787 2.21 1.83 0.00
788 66.50 1.10 0.00
789 12.53 9.22 0.00
790 1.78 0.00 0.00
791 1.12 1.62 0.00
792 0.88 0.00 0.00
793 1.66 0.62 0.00
794 1.05 0.00 0.00
795 1.72 4.75 0.00
796 1.34 1.67 0.00
797 0.89 0.00 0.00
798 1.45 0.71 0.00
799 0.85 1.56 0.00
800 1.17 0.00 0.00
801 1.96 2.27 0.00
802 0.84 0.00 0.00
803 0.66 0.00 0.00
804 1.92 0.68 0.00
805 1.44 4.24 0.00
806 1.42 2.34 0.00
807 2.14 380.62 0.00
808 0.66 0.00 0.00
809 1.05 0.00 0.00
810 1.67 0.51 0.00
811 1.61 1.60 0.00
812 0.78 0.00 0.00
813 1.79 0.63 0.00
814 2.70 0.00 0.00
815 1.18 5.74 0.00
816 2.41 2.24 0.00
817 0.67 0.00 0.00
818 23.10 17.96 0.00
819 3.87 130.15 0.00
820 11.22 8.40 0.00
821 2.34 1.73 0.00
822 1.86 0.57 0.00
823 0.99 0.00 0.00
824 1.49 0.00 0.00
825 1.62 4.75 0.00
826 1.35 1.56 0.00
827 0.55 0.00 0.00
828 1.79 0.68 0.00
829 0.82 0.00 0.00
830 0.80 1.63 0.00
831 2.31 2.24 0.00
832 0.66 0.00 0.00
833 1.13 0.14 0.00
834 2.25 1.04 0.00
835 3.48 4.24 0.00
836 2.89 1.72 0.00
837 1.56 0.49 0.00
838 4.60 212.95 0.00
839 1.95 0.00 0.00
840 1.72 40.11 0.00
841 2.51 1.82 0.00
842 3.21 0.17 0.00
843 1.79 215.61 0.00
844 12.82 112.89 0.00
845 2.82 4.24 0.00
846 1.66 2.25 0.00
847 1.36 0.58 0.00
848 1.55 0.00 0.00
849 1.64 0.51 0.00
850 1.98 0.00 0.00
851 2.23 1.67 0.00
852 1.52 0.57 0.00
853 2.46 0.00 0.00
854 2.16 0.13 0.00
855 1.68 4.75 0.00
856 3.36 1.94 0.00
857 1.33 0.00 0.00
858 1.16 0.71 0.00
859 3.18 0.00 0.00
860 1.24 1.56 0.00
861 1.64 2.21 0.00
862 1.51 0.00 0.00
863 0.68 0.17 0.00
864 1.51 1.04 0.00
865 2.44 4.24 0.00
866 2.45 1.54 0.00
867 1.31 0.57 0.00
868 1.56 0.00 0.00
869 2.97 64.52 0.00
870 1.08 1.04 0.00
871 1.78 1.67 0.00
872 1.48 0.00 0.00
873 1.35 0.71 0.00
874 1.49 0.00 0.00
875 1.96 5.67 0.00
876 1.11 2.21 0.00
877 0.66 0.00 0.00
878 1.11 0.00 0.00
879 0.93 0.54 0.00
880 0.78 0.00 0.00
881 2.10 1.56 0.00
882 0.96 0.54 0.00
883 0.98 0.00 0.00
884 1.49 0.00 0.00
885 1.21 4.75 0.00
886 1.12 1.67 0.00
887 1.70 0.00 0.00
888 1.48 0.71 0.00
889 1.15 0.00 0.00
890 1.44 0.00 0.00
891 1.05 3.57 0.00
892 2.40 0.00 0.00
893 1.66 0.17 0.00
894 0.95 1.19 0.00
895 2.64 4.24 0.00
896 2.16 1.73 0.00
897 2.33 0.57 0.00
898 4.55 0.06 0.00
899 1.38 0.00 0.00
900 2.97 207.78 0.00
901 2.38 0.29 0.00
902 1.30 1.39 0.00
903 1.13 1.19 0.00
904 1.60 0.00 0.00
905 3.12 136.60 0.00
906 1.18 2.22 0.00
907 1.67 0.00 0.00
908 0.66 0.00 0.00
909 1.90 1.09 0.00
910 2.88 0.38 0.00
911 1.23 1.71 0.00
912 396.70 5.40 0.00
913 295.75 1.35 0.00
914 1.15 0.00 0.00
915 2.65 4.75 0.00
916 1.38 1.64 0.00
917 1.52 0.00 0.00
918 1.83 0.71 0.00
919 0.41 0.00 0.00
920 1.33 0.00 0.00
921 1.89 3.61 0.00
922 0.88 0.00 0.00
923 0.66 0.00 0.00
924 1.59 0.57 0.00
925 1.66 4.24 0.00
926 1.75 1.67 0.00
927 2.10 0.57 0.00
928 0.66 0.00 0.00
929 5.37 8.05 0.00
930 8.01 1.16 0.00
931 2.27 1.67 0.00
932 0.88 0.00 0.00
933 1.68 0.63 0.00
934 1.86 0.00 0.00
935 1.84 5.74 0.00
936 1.06 2.10 0.00
937 1.93 0.00 0.00
938 1.21 0.00 0.00
939 1.04 0.58 0.00
940 0.95 0.13 0.00
941 2.43 2.19 0.00
942 131.85 2.44 0.00
943 0.55 0.00 0.00
944 11.79 8.70 0.00
945 1.28 4.75 0.00
946 1.11 1.71 0.00
947 1.55 0.00 0.00
948 0.90 2.18 0.00
949 0.93 0.00 0.00
950 1.44 0.00 0.00
951 10.70 8.91 0.00
952 11.62 10.32 0.00
953 1.89 0.00 0.00
954 1.40 0.51 0.00
955 1.73 4.24 0.00
956 0.45 0.00 0.00
957 1.16 1.60 0.00
958 3.76 0.57 0.00
959 0.95 0.00 0.00
960 1.65 0.51 0.00
961 2.03 0.00 0.00
962 1.52 2.66 0.00
963 1.33 2.22 0.00
964 1.81 0.14 0.00
965 1.07 4.24 0.00
966 1.15 41.79 0.00
967 1.77 24.10 0.00
968 0.88 0.24 0.00
969 1.51 0.14 0.00
970 2.93 0.14 0.00
971 0.99 0.14 0.00
972 1.21 1.86 0.00
973 3.06 0.72 0.00
974 2.35 67.07 0.00
975 1.41 4.77 0.00
976 43.09 11320.30 0.00
977 35.21 16607.59 0.00
978 31.78 16570.36 0.00
979 38.02 19689.77 0.00
980 32.78 19318.08 0.00
981 44.77 24814.71 0.00
982 50.34 27063.57 0.00
983 66.65 29336.71 0.00
984 324.72 24323.48 0.00
985 67.63 34791.51 0.00
986 59.78 28668.75 0.00
987 79.62 48643.68 0.00
988 49.70 31813.81 0.00
989 88.31 50265.90 0.00
990 404.17 33371.87 0.00
991 33.42 17930.28 0.00
992 26.51 14657.91 0.00
993 54.17 29931.48 0.00
994 49.07 28646.36 0.00
995 84.41 54919.21 0.00
996 70.66 43235.60 0.00
997 65.96 43633.37 0.00
998 71.04 45148.11 0.00
999 62.14 39297.37 0.00
1000 86.85 61295.92 0.00
1001 81.45 52635.70 0.00
1002 48.42 26571.76 0.00
1003 155.15 58706.00 0.00
1004 43.26 25632.27 0.00
1005 77.12 50147.20 0.00
1006 90.11 53856.44 0.00
1007 76.28 40950.61 0.00
1008 71.60 39331.59 0.00
1009 49.79 22972.52 0.00
1010 15.64 7145.06 0.00
1011 58.36 30971.61 0.00
1012 57.75 28341.21 0.00
1013 73.12 40143.45 0.00
1014 45.70 25089.30 0.00
1015 25.88 8425.64 0.00
1016 40.80 21847.98 0.00
1017 51.45 28695.64 0.00
1018 46.08 24002.63 0.00
1019 42.35 22748.27 0.00
1020 31.43 20947.69 0.00
1021 30.94 19663.62 0.00
1022 29.47 18280.72 0.00
1023 35.47 23990.44 0.00
1024 61.67 45078.97 0.00
1025 13.03 12514.08 0.00
1026 18.23 13435.16 0.00
1027 52.10 29778.72 0.00
1028 5.53 2251.32 0.00
1029 58.11 7162.96 0.00
1030 16.52 8909.84 0.00
1031 15.20 5524.95 0.00
1032 30.10 3788.65 0.00
1033 47.24 8860.41 0.00
1034 31.18 10737.46 0.00
1035 9297.93 13258.97 0.00
1036 14555.98 9360.53 0.00
1037 14228.85 10984.69 0.00
1038 12542.84 8956.82 0.00
1039 10045.05 10865.97 0.00
1040 7455.22 9441.64 0.00
1041 9350.22 10114.59 0.00
1042 6599.68 7648.66 0.00
1043 8703.19 7940.24 0.00
1044 5912.85 2224.25 0.00
1045 2359.43 1156.03 0.00
1046 1690.41 730.31 0.00
1047 2626.83 810.27 0.00
1048 2791.97 2061.77 0.00
1049 4088.63 2412.53 0.00
1050 7304.15 292.20 0.00
1051 8292.87 12.20 0.00
1052 14257.97 5064.34 0.00
1053 15371.42 6319.39 0.00
1054 10456.17 9658.62 0.00
1055 5691.11 5792.28 0.00
1056 5183.36 5607.10 0.00
1057 3930.09 196.42 0.00
1058 3843.91 5.01 0.00
1059 2470.40 3.65 0.00
1060 3918.12 2715.99 0.00
1061 2753.83 6310.13 0.00
1062 1435.11 7030.04 0.00
1063 2854.51 3904.17 0.00
1064 3574.69 1712.04 0.00
1065 2139.34 6.65 0.00
1066 1.01 0.43 0.00
1067 576.44 1207.48 0.00
1068 3242.79 2953.50 0.00
1069 1687.43 2369.41 0.00
1070 2220.40 6504.92 0.00
1071 6645.87 9055.61 0.00
1072 6907.98 7542.00 0.00
1073 4078.90 8009.77 0.00
1074 4515.42 6388.28 0.00
1075 5862.19 6136.75 0.00
1076 5195.50 4958.51 0.00
1077 5270.03 4386.31 0.00
1078 5306.87 2670.83 0.00
1079 2627.23 1128.39 0.00
1080 2610.61 814.25 0.00
1081 3585.89 4.30 0.00
1082 3401.92 6.08 0.00
1083 2053.58 5.51 0.00
1084 5895.28 2785.55 0.00
1085 5676.54 2323.46 0.00
1086 4120.27 4788.52 0.00
1087 4303.78 2178.35 0.00
1088 6486.30 1306.13 0.00
1089 5524.44 1049.43 0.00
1090 3990.96 5.33 0.00
1091 2459.89 3.78 0.00
1092 925.50 4.47 0.00
1093 670.81 1.66 0.00
1094 1.23 0.50 0.00
1095 3646.11 527.98 0.00
1096 3480.66 1790.78 0.00
1097 4010.61 1781.50 0.00
1098 7853.56 3549.84 0.00
1099 9149.51 1945.35 0.00
1100 5712.68 3317.09 0.00
1101 5378.81 2470.20 0.00
1102 5626.18 2590.61 0.00
1103 4242.77 1767.00 0.00
1104 2006.86 6.64 0.00
1105 1723.97 3.53 0.00
1106 1801.95 3.56 0.00
1107 690.37 2.56 0.00
1108 2604.31 842.24 0.00
1109 3072.68 1471.66 0.00
1110 4484.91 1732.97 0.00
1111 2464.79 5.53 0.00
1112 1764.94 1.98 0.00
1113 2250.23 388.26 0.00
1114 2009.46 2.50 0.00
1115 2129.79 1.92 0.00
1116 524.36 627.00 0.00
1117 7315.07 3586.72 0.00
1118 7618.18 4288.58 0.00
1119 12339.70 3110.69 0.00
1120 13198.08 7707.42 0.00
1121 6887.85 1335.10 0.00
1122 1349.64 1.85 0.00
1123 1.81 2.12 0.00
1124 886.98 1.94 0.00
1125 4047.82 1116.71 0.00
1126 5574.26 3429.99 0.00
1127 5965.82 1943.49 0.00
1128 6917.89 2406.42 0.00
1129 6294.64 745.25 0.00
1130 3985.11 4.17 0.00
1131 246.80 1.46 0.00
1132 1184.44 671.51 0.00
1133 2639.51 4729.49 0.00
1134 5934.21 5094.50 0.00
1135 6171.44 2720.26 0.00
1136 6858.13 1133.34 0.00
1137 4317.27 848.62 0.00
1138 3381.28 3.27 0.00
1139 1479.97 4.02 0.00
1140 286.01 1.33 0.00
1141 2.25 0.30 0.00
1142 1.93 0.37 0.00
1143 254.19 3.61 0.00
1144 4667.78 89.59 0.00
1145 14407.33 359.63 0.00
1146 4426.76 4622.73 0.00
1147 1952.91 904.54 0.00
1148 2338.33 192.19 0.00
1149 3019.51 5.82 0.00
1150 977.24 1.92 0.00
1151 2371.81 644.53 0.00
1152 3142.81 3732.90 0.00
1153 137.02 2620.78 0.00
1154 1542.83 9.35 0.00
1155 9298.20 178.88 0.00
1156 11945.54 2382.28 0.00
1157 6659.82 681.18 0.00
1158 2.88 2.58 0.00
1159 1.27 2.21 0.00
1160 10438.65 480.95 0.00
1161 7531.79 1816.75 0.00
1162 11770.48 3906.27 0.00
1163 11076.12 5576.67 0.00
1164 13593.15 1166.11 0.00
1165 5163.20 1601.93 0.00
1166 5270.36 2441.74 0.00
1167 3277.59 2776.60 0.00
1168 2937.52 1953.59 0.00
1169 4725.99 3320.13 0.00
1170 6625.95 5729.60 0.00
1171 13457.00 8856.72 0.00
1172 7092.46 3776.06 0.00
1173 6766.31 2951.31 0.00
1174 1800.83 1652.49 0.00
1175 2311.07 2152.68 0.00
1176 4841.50 791.62 0.00
1177 2.38 1.33 0.00
1178 1.44 0.30 0.00
1179 1955.49 6.21 0.00
1180 11331.04 13.00 0.00
1181 3219.28 1.85 0.00
1182 1.33 1.01 0.00
1183 836.96 2.58 0.00
1184 6260.27 3856.72 0.00
1185 4901.43 5653.11 0.00
1186 2850.19 1101.36 0.00
1187 3584.07 6.68 0.00
1188 2567.98 7.09 0.00
1189 4499.54 781.10 0.00
1190 7305.72 7043.56 0.00
1191 1797.51 2559.63 0.00
1192 1.11 18.47 0.00
1193 2057.90 2408.84 0.00
1194 6018.69 8109.21 0.00
1195 4.37 2630.53 0.00
1196 3.83 2267.55 0.00
1197 6.17 2351.03 0.00
1198 6.05 2559.77 0.00
1199 6.17 3340.17 0.00
1200 3.74 2442.27 0.00
1201 5.42 2199.17 0.00
1202 9.11 1453.03 0.00
1203 0.92 1.77 0.00
1204 2.72 2.10 0.00
1205 1215.29 8.73 0.00
1206 3729.70 5.52 0.00
1207 1509.93 2.73 0.00
1208 3.14 0.82 0.00
1209 2.88 2.82 0.00
1210 1.12 0.30 0.00
1211 1.89 0.30 0.00
1212 1437.72 2.50 0.00
1213 1445.33 2509.63 0.00
1214 5.40 2406.63 0.00
1215 2.72 2314.32 0.00
1216 2.31 735.98 0.00
1217 1.59 1.10 0.00
1218 11.98 5807.92 0.00
1219 11.32 6842.03 0.00
1220 0.66 53.37 0.00
1221 1.22 0.30 0.00
1222 1.97 1.88 0.00
1223 0.44 0.30 0.00
1224 1.45 2.03 0.00
1225 2.51 4.66 0.00
1226 4.85 1907.21 0.00
1227 2.37 913.59 0.00
1228 2.55 729.20 0.00
1229 4.16 1079.72 0.00
1230 0.57 22.87 0.00
1231 1.22 0.30 0.00
1232 0.66 0.30 0.00
1233 1.30 0.37 0.00
1234 1.94 3.50 0.00
1235 0.84 4.57 0.00
1236 2.31 1.89 0.00
1237 4.49 247.86 0.00
1238 4.09 1603.92 0.00
1239 6.83 3130.58 0.00
1240 3.40 1720.22 0.00
1241 4.25 769.64 0.00
1242 1.54 0.82 0.00
1243 1.11 0.30 0.00
1244 2.70 1.96 0.00
1245 2.25 5.51 0.00
1246 1.61 1.37 0.00
1247 4.64 180.04 0.00
1248 5.12 1271.37 0.00
1249 3.50 1443.66 0.00
1250 5.23 2458.96 0.00
1251 5.50 1341.00 0.00
1252 5.14 890.43 0.00
1253 3.03 658.02 0.00
1254 3.77 655.08 0.00
1255 2.82 682.83 0.00
1256 6.15 1502.20 0.00
1257 8.62 2960.71 0.00
1258 4.65 1431.55 0.00
1259 8.47 3731.74 0.00
1260 5.19 1895.88 0.00
1261 6.48 1629.73 0.00
1262 7.65 2144.24 0.00
1263 6.55 3366.44 0.00
1264 7.27 4322.96 0.00
1265 5.18 7.48 0.00
1266 1.42 0.30 0.00
1267 2.19 2.17 0.00
1268 14.42 4790.17 0.00
1269 15.49 7614.82 0.00
1270 3.99 1287.70 0.00
1271 3.84 1341.82 0.00
1272 5.98 2064.24 0.00
1273 5.46 2474.18 0.00
1274 6.68 1264.33 0.00
1275 10.29 6067.85 0.00
1276 18.22 10886.47 0.00
1277 6.34 3952.04 0.00
1278 7.00 2490.72 0.00
1279 8.93 1750.51 0.00
1280 11.77 5672.70 0.00
1281 14.81 7632.83 0.00
1282 275.52 3481.69 0.00
1283 13217.11 3081.83 0.00
1284 3934.77 1422.91 0.00
1285 3555.60 1432.28 0.00
1286 3611.16 969.66 0.00
1287 7933.51 4986.91 0.00
1288 2738.82 9153.11 0.00
1289 1423.51 5176.13 0.00
1290 2518.86 2327.23 0.00
1291 1970.70 2909.28 0.00
1292 1141.44 1641.80 0.00
1293 131.57 137.74 0.00
1294 262.33 3.54 0.00
1295 1420.84 9.87 0.00
1296 1691.22 3.48 0.00
1297 650.58 2.63 0.00
1298 4328.05 10.29 0.00
1299 3.30 2.54 0.00
1300 1.07 1.34 0.00
1301 3817.48 6.99 0.00
1302 8095.82 18.74 0.00
1303 2718.41 5.90 0.00
1304 4102.07 11.96 0.00
1305 5468.08 9.26 0.00
1306 3010.67 3.85 0.00
1307 2664.08 14.61 0.00
1308 5350.93 4188.34 0.00
1309 5432.63 11077.33 0.00
1310 11.74 5820.63 0.00
1311 7631.75 889.67 0.00
1312 9271.64 13194.71 0.00
1313 14107.06 4040.27 0.00
1314 7324.60 12.18 0.00
1315 6331.08 20.04 0.00
1316 3895.93 7.46 0.00
1317 5727.71 9.72 0.00
1318 4767.03 13.75 0.00
1319 2848.53 701.26 0.00
1320 2.83 1976.91 0.00
1321 3.47 1375.34 0.00
1322 5.77 1241.32 0.00
1323 21.88 10138.80 0.00
1324 5713.52 4687.32 0.00
1325 961.72 2118.90 0.00
1326 4571.59 7183.23 0.00
1327 674.16 11913.63 0.00
1328 14.92 9386.93 0.00
1329 4.14 1359.54 0.00
1330 6437.77 1827.41 0.00
1331 15556.65 7859.20 0.00
1332 14687.69 4184.43 0.00
1333 9993.73 5840.72 0.00
1334 10064.14 3472.19 0.00
1335 2555.73 1266.19 0.00
1336 2104.86 2269.50 0.00
1337 1429.72 511.70 0.00
1338 1.18 2.56 0.00
1339 9780.09 16.99 0.00
1340 15270.05 25.51 0.00
1341 13777.47 22.07 0.00
1342 14311.16 5217.89 0.00
1343 17065.34 9338.69 0.00
1344 13121.93 5078.16 0.00
1345 9753.81 426.73 0.00
1346 1702.42 3.12 0.00
1347 11.34 1.06 0.00
1348 1.33 0.42 0.00
1349 0.71 0.42 0.00
1350 1948.71 7.29 0.00
1351 3920.72 7.12 0.00
1352 0.44 0.42 0.00
1353 1283.78 4.43 0.00
1354 2741.27 2.09 0.00
1355 3.48 2.33 0.00
1356 1.84 0.99 0.00
1357 2383.56 268.42 0.00
1358 15104.23 9409.14 0.00
1359 13469.15 6352.99 0.00
1360 10949.52 3710.99 0.00
1361 5640.50 626.32 0.00
1362 3391.76 3.26 0.00
1363 2.12 0.61 0.00
1364 1.73 0.80 0.00
1365 8723.62 1459.80 0.00
1366 13709.09 4767.25 0.00
1367 16252.41 6198.70 0.00
1368 5533.28 5.91 0.00
1369 2690.03 622.57 0.00
1370 1479.56 2.16 0.00
1371 1325.71 4.11 0.00
1372 4485.92 1035.46 0.00
1373 14631.49 8722.13 0.00
1374 9017.18 4567.60 0.00
1375 3938.65 3.12 0.00
1376 632.19 6.31 0.00
1377 13924.59 15138.58 0.00
1378 12774.27 8181.78 0.00
1379 12544.14 7923.72 0.00
1380 5894.25 5809.44 0.00
1381 5875.03 6565.33 0.00
1382 6360.60 5573.10 0.00
1383 4938.60 2621.10 0.00
1384 5042.72 2654.51 0.00
1385 8200.91 725.22 0.00
1386 13552.41 22.72 0.00
1387 12930.31 15.48 0.00
1388 15662.53 23.11 0.00
1389 5111.22 13.82 0.00
1390 5674.93 9.91 0.00
1391 8191.65 15.54 0.00
1392 8724.78 856.60 0.00
1393 22649.66 4236.83 0.00
1394 15606.19 2414.86 0.00
1395 6503.38 5.16 0.00
1396 377.78 2.52 0.00
1397 969.10 8.02 0.00
1398 16239.15 2887.80 0.00
1399 14144.02 7372.44 0.00
1400 8769.59 15.77 0.00
1401 3293.49 12.41 0.00
1402 6512.58 16.78 0.00
1403 5254.38 10.48 0.00
1404 17545.60 35.52 0.00
1405 16558.47 43.78 0.00
1406 5949.54 395.60 0.00
1407 6760.51 1389.82 0.00
1408 5303.90 1608.58 0.00
1409 7044.67 2833.23 0.00
1410 11146.02 2224.02 0.00
1411 7397.06 1467.93 0.00
1412 6120.26 1865.44 0.00
1413 2432.48 1588.57 0.00
1414 3536.18 1128.42 0.00
1415 694.25 2304.82 0.00
1416 6335.07 5506.06 0.00
1417 3403.85 2773.55 0.00
1418 694.85 867.71 0.00
1419 1.70 0.42 0.00
1420 1.00 0.42 0.00
1421 1.67 2.59 0.00
1422 1.85 1.03 0.00
1423 0.88 0.42 0.00
1424 1.25 0.93 0.00
1425 1.33 0.42 0.00
1426 1.18 2.14 0.00
1427 1.21 0.98 0.00
1428 1.35 1.98 0.00
1429 1.67 5.57 0.00
1430 1.17 1.15 0.00
1431 2.21 3.20 0.00
1432 0.77 0.42 0.00
1433 0.43 0.42 0.00
1434 1.92 1.48 0.00
1435 2.11 4.62 0.00
1436 2.00 2.13 0.00
1437 1.68 1.39 0.00
1438 2.62 0.93 0.00
1439 1.59 0.42 0.00
1440 1.41 1.80 0.00
1441 2.75 2.07 0.00
1442 1.32 0.48 0.00
1443 1.00 2.63 0.00
1444 0.49 0.00 0.00
1445 1.51 4.23 0.00
1446 1.41 2.81 0.00
1447 1.33 0.45 0.00
1448 1.45 0.42 0.00
1449 2.70 1.90 0.00
1450 1.39 0.42 0.00
1451 2.71 0.74 0.00
1452 1.48 1.35 0.00
1453 2.29 2.88 0.00
1454 5.32 578.04 0.00
1455 9.30 2193.67 0.00
1456 5.68 1146.45 0.00
1457 4.96 695.33 0.00
1458 7.79 853.25 0.00
1459 10.49 2036.18 0.00
1460 5.35 1380.36 0.00
1461 7.28 1356.36 0.00
1462 6.38 914.34 0.00
1463 2.80 433.32 0.00
1464 5.67 1774.15 0.00
1465 6.06 2057.98 0.00
1466 2.37 645.59 0.00
1467 2.23 469.57 0.00
1468 4.47 1188.26 0.00
1469 4.47 782.82 0.00
1470 3.30 792.38 0.00
1471 10.80 1931.80 0.00
1472 1076.61 5.95 0.00
1473 1399.84 8.01 0.00
1474 1465.64 3.83 0.00
1475 1516.57 10.63 0.00
1476 1903.12 3.64 0.00
1477 3317.07 7.65 0.00
1478 3100.17 4.99 0.00
1479 3001.73 5.99 0.00
1480 1251.33 4.13 0.00
1481 0.68 1.39 0.00
1482 2.18 0.93 0.00
1483 0.76 0.97 0.00
1484 255.68 2.34 0.00
1485 1641.70 9.47 0.00
1486 1355.53 2.16 0.00
1487 1624.47 2.80 0.00
1488 2271.75 6.56 0.00
1489 3519.54 16.19 0.00
1490 4186.80 7.47 0.00
1491 3124.90 9.19 0.00
1492 5648.04 10.19 0.00
1493 5202.61 10.99 0.00
1494 4493.84 11.69 0.00
1495 2974.74 13.27 0.00
1496 1582.96 6.35 0.00
1497 1492.79 8.38 0.00
1498 3171.36 5.70 0.00
1499 3357.10 8.92 0.00
1500 3344.79 7.62 0.00
1501 2569.89 8.67 0.00
1502 3082.95 6.35 0.00
1503 3757.60 11.14 0.00
1504 2617.45 8.48 0.00
1505 6961.79 20.90 0.00
1506 2129.89 7.27 0.00
1507 1910.76 6.01 0.00
1508 1250.16 4.08 0.00
1509 2.41 1.82 0.00
1510 1648.18 5.53 0.00
1511 779.33 2.93 0.00
1512 2592.61 12.96 0.00
1513 8322.92 1803.29 0.00
1514 9095.61 2093.57 0.00
1515 4331.69 4127.66 0.00
1516 3730.50 3396.60 0.00
1517 11414.95 6928.23 0.00
1518 10908.91 2208.13 0.00
1519 11495.74 1710.05 0.00
1520 8902.01 6.35 0.00
1521 1512.07 2.35 0.00
1522 2.28 2.52 0.00
1523 3565.98 869.59 0.00
1524 2912.97 1731.82 0.00
1525 7645.83 4531.77 0.00
1526 6786.63 656.17 0.00
1527 7152.54 15.95 0.00
1528 4981.35 9.96 0.00
1529 2791.40 6.53 0.00
1530 2250.73 12.19 0.00
1531 3350.10 1618.11 0.00
1532 1848.36 872.76 0.00
1533 3516.77 2046.86 0.00
1534 1635.00 2088.81 0.00
1535 1513.86 518.12 0.00
1536 2431.77 3483.77 0.00
1537 10800.28 11660.84 0.00
1538 8827.78 4438.99 0.00
1539 6751.49 4441.60 0.00
1540 4119.59 3307.87 0.00
1541 1876.41 3372.62 0.00
1542 2251.83 3619.88 0.00
1543 2211.10 3536.86 0.00
1544 3698.42 2218.44 0.00
1545 2286.41 992.34 0.00
1546 1217.33 2636.72 0.00
1547 1774.08 1508.89 0.00
1548 8479.36 4038.46 0.00
1549 8702.43 7101.21 0.00
1550 11453.17 7080.56 0.00
1551 5085.55 3636.46 0.00
1552 5493.44 268.16 0.00
1553 7321.87 1729.13 0.00
1554 4886.68 2638.05 0.00
1555 2599.03 2211.15 0.00
1556 1824.46 3820.42 0.00
1557 3745.77 3292.09 0.00
1558 4873.76 3026.11 0.00
1559 4423.89 1964.05 0.00
1560 3387.68 1246.29 0.00
1561 2951.33 660.55 0.00
1562 3843.45 1494.39 0.00
1563 11135.93 5721.97 0.00
1564 10333.65 9418.54 0.00
1565 8727.29 8784.03 0.00
1566 8431.01 9218.14 0.00
1567 3222.76 8341.26 0.00
1568 896.04 2765.94 0.00
1569 1039.28 2.29 0.00
1570 1057.94 2.03 0.00
1571 1096.07 2.16 0.00
1572 1650.58 3251.24 0.00
1573 2506.80 13339.82 0.00
1574 1257.50 9589.87 0.00
1575 26.01 11679.95 0.00
1576 13.67 6160.72 0.00
1577 8.31 4201.35 0.00
1578 11.17 4203.25 0.00
1579 9.49 3915.89 0.00
1580 14.90 4588.45 0.00
1581 20.39 8475.50 0.00
1582 15.10 7452.32 0.00
1583 13.96 6313.57 0.00
1584 12.10 7134.19 0.00
1585 14.95 6959.91 0.00
1586 7.48 3287.50 0.00
1587 6.99 3456.25 0.00
1588 7.42 3610.66 0.00
1589 6.02 2493.31 0.00
1590 6.83 2142.12 0.00
1591 6.40 3751.51 0.00
1592 3.86 2233.27 0.00
1593 5.15 2186.79 0.00
1594 4.70 1833.22 0.00
1595 13.81 4767.61 0.00
1596 15.11 6251.86 0.00
1597 7.50 3123.17 0.00
1598 3.77 2220.49 0.00
1599 3.27 1979.87 0.00
1600 2.05 933.88 0.00
1601 1.06 0.48 0.00
1602 5.22 1147.33 0.00
1603 1.45 2.13 0.00
1604 1.89 4.58 0.00
1605 1.76 1.19 0.00
1606 1.45 0.42 0.00
1607 0.76 0.42 0.00
1608 3.67 4.06 0.00
1609 2.51 43.41 0.00
1610 4.56 1388.80 0.00
1611 269.24 3586.29 0.00
1612 4245.52 2497.46 0.00
1613 5898.61 3907.15 0.00
1614 3701.28 266.17 0.00
1615 9824.30 2659.37 0.00
1616 10243.40 3039.58 0.00
1617 3727.46 8785.87 0.00
1618 3061.22 4783.64 0.00
1619 4550.66 1233.25 0.00
1620 4529.56 2172.65 0.00
1621 5591.12 1684.03 0.00
1622 4888.99 1681.60 0.00
1623 4077.84 2502.11 0.00
1624 5362.97 4214.48 0.00
1625 6316.74 3931.71 0.00
1626 4176.02 2430.11 0.00
1627 2.67 2103.58 0.00
1628 691.83 2598.23 0.00
1629 1.74 53.82 0.00
1630 693.58 5466.23 0.00
1631 1385.17 4778.49 0.00
1632 10.37 5814.67 0.00
1633 1691.83 7281.04 0.00
1634 265.00 5285.43 0.00
1635 3807.38 3319.54 0.00
1636 9840.81 1848.68 0.00
1637 19366.27 4178.65 0.00
1638 11705.81 3900.68 0.00
1639 11383.70 1944.93 0.00
1640 6825.23 663.51 0.00
1641 6322.58 17.17 0.00
1642 2282.98 2.48 0.00
1643 1517.13 2.35 0.00
1644 2.05 0.54 0.00
1645 1.76 0.48 0.00
1646 1.46 2.78 0.00
1647 6482.78 20.37 0.00
1648 4524.79 9.31 0.00
1649 4415.95 14.08 0.00
1650 4779.83 12.09 0.00
1651 2889.27 5.36 0.00
1652 427.95 1.45 0.00
1653 1.84 1.49 0.00
1654 1.09 0.00 0.00
1655 1.44 0.42 0.00
1656 2065.12 10.56 0.00
1657 5616.66 601.39 0.00
1658 4622.16 693.73 0.00
1659 5548.21 1789.89 0.00
1660 4558.30 2310.51 0.00
1661 8261.61 3650.56 0.00
1662 5350.21 1321.46 0.00
1663 8687.23 1034.87 0.00
1664 7047.70 1654.26 0.00
1665 6482.18 6.32 0.00
1666 951.18 3.36 0.00
1667 2.88 0.48 0.00
1668 1.40 2.50 0.00
1669 1.44 0.48 0.00
1670 1361.66 2.35 0.00
1671 4829.82 529.01 0.00
1672 6262.55 1328.48 0.00
1673 5030.68 1070.83 0.00
1674 7409.48 702.93 0.00
1675 3850.98 1113.40 0.00
1676 428.14 0.46 0.00
1677 1600.37 3.55 0.00
1678 1194.49 1.45 0.00
1679 404.07 1.17 0.00
1680 1.64 0.48 0.00
1681 1.17 0.06 0.00
1682 1.58 2.29 0.00
1683 1.72 1.98 0.00
1684 786.04 5771.86 0.00
1685 2145.89 2207.16 0.00
1686 1631.32 1.61 0.00
1687 1481.96 3.51 0.00
1688 3.21 1.06 0.00
1689 2.25 0.54 0.00
1690 6494.38 6176.85 0.00
1691 13210.35 7652.13 0.00
1692 5099.14 2987.78 0.00
1693 5508.60 4130.87 0.00
1694 3101.19 3102.81 0.00
1695 2629.73 184.55 0.00
1696 1347.56 1.38 0.00
1697 390.60 4.96 0.00
1698 1321.60 3.44 0.00
1699 3355.66 3592.74 0.00
1700 2891.86 3524.70 0.00
1701 1350.84 3920.22 0.00
1702 2013.96 215.40 0.00
1703 1465.96 2.09 0.00
1704 973.14 4.26 0.00
1705 2.52 0.48 0.00
1706 1.32 0.93 0.00
1707 763.08 371.64 0.00
1708 7490.58 6492.70 0.00
1709 3479.32 4.19 0.00
1710 784.64 3.51 0.00
1711 1113.92 2.81 0.00
1712 835.18 4.75 0.00
1713 829.60 769.28 0.00
1714 7.92 3652.43 0.00
1715 142.78 2552.98 0.00
1716 308.66 2.03 0.00
1717 1038.69 3.83 0.00
1718 3142.44 8.13 0.00
1719 2488.36 4910.65 0.00
1720 10739.63 8416.57 0.00
1721 9782.78 8257.28 0.00
1722 5131.37 5620.71 0.00
1723 5644.15 2248.02 0.00
1724 13979.90 9137.83 0.00
1725 17405.20 11021.42 0.00
1726 10405.51 6425.16 0.00
1727 5091.24 4128.29 0.00
1728 4388.51 2657.14 0.00
1729 2709.70 3274.52 0.00
1730 2933.03 2832.37 0.00
1731 4797.97 3866.21 0.00
1732 2666.96 473.34 0.00
1733 111.76 0.26 0.00
1734 1.46 2.78 0.00
1735 4656.66 5245.62 0.00
1736 6644.62 6633.86 0.00
1737 4307.34 1332.59 0.00
1738 7016.20 3011.10 0.00
1739 11778.90 6859.29 0.00
1740 11746.93 5341.65 0.00
1741 3935.68 4.22 0.00
1742 2564.61 4.82 0.00
1743 1222.48 3.07 0.00
1744 631.80 3.36 0.00
1745 6504.53 3023.91 0.00
1746 7239.91 5469.87 0.00
1747 4389.34 973.22 0.00
1748 5974.01 1439.39 0.00
1749 5000.70 1837.23 0.00
1750 4528.97 6.63 0.00
1751 3307.94 3.83 0.00
1752 250.27 1.51 0.00
1753 772.19 3.85 0.00
1754 4365.95 741.17 0.00
1755 6911.73 3443.40 0.00
1756 8097.37 59.34 0.00
1757 5984.98 6.69 0.00
1758 5451.24 956.77 0.00
1759 8766.85 8359.40 0.00
1760 6939.41 3813.33 0.00
1761 3958.96 7.64 0.00
1762 1195.76 2.74 0.00
1763 2432.51 1043.03 0.00
1764 6638.63 6698.31 0.00
1765 10211.20 6174.02 0.00
1766 5226.80 3994.26 0.00
1767 2907.38 1318.44 0.00
1768 4154.85 5.25 0.00
1769 3205.20 6.26 0.00
1770 1834.43 3.83 0.00
1771 5590.58 5401.10 0.00
1772 7244.53 7713.87 0.00
1773 6811.37 4012.82 0.00
1774 3253.29 2125.40 0.00
1775 3715.52 3.64 0.00
1776 2304.15 3.12 0.00
1777 154.42 0.87 0.00
1778 2.03 0.54 0.00
1779 2132.21 1177.61 0.00
1780 2697.12 4844.45 0.00
1781 1586.69 3140.99 0.00
1782 276.39 1743.75 0.00
1783 240.99 36.49 0.00
1784 560.05 315.04 0.00
1785 1.88 0.00 0.00
1786 1.23 0.55 0.00
1787 2.15 2.69 0.00
1788 2.08 0.42 0.00
1789 5.96 917.99 0.00
1790 7.12 878.04 0.00
1791 8.21 2477.64 0.00
1792 8.22 3431.10 0.00
1793 4.35 1266.13 0.00
1794 1.33 0.42 0.00
1795 1.40 2.17 0.00
1796 1.31 0.96 0.00
1797 1.33 0.42 0.00
1798 9.68 1363.03 0.00
1799 5.41 1384.57 0.00
1800 10.86 3010.25 0.00
1801 14.26 4147.51 0.00
1802 10.62 3213.53 0.00
1803 3.07 379.00 0.00
1804 0.51 0.00 0.00
1805 0.72 20.70 0.00
1806 1.34 0.42 0.00
1807 1.71 2.18 0.00
1808 2.28 97.55 0.00
1809 12.91 3056.56 0.00
1810 2566.08 4205.78 0.00
1811 5638.21 2696.62 0.00
1812 4624.21 3.19 0.00
1813 2769.58 1035.33 0.00
1814 4794.71 3230.13 0.00
1815 9750.54 11757.51 0.00
1816 8520.69 10735.04 0.00
1817 4093.65 5955.64 0.00
1818 2799.86 3898.91 0.00
1819 38.43 5843.95 0.00
1820 11.78 4310.11 0.00
1821 660.88 8728.32 0.00
1822 2529.28 7141.01 0.00
1823 5621.25 11901.25 0.00
1824 17.34 7916.85 0.00
1825 13.51 6995.71 0.00
1826 10.14 4096.57 0.00
1827 14.32 5209.57 0.00
1828 273.47 5054.81 0.00
1829 529.74 4941.31 0.00
1830 825.25 4117.83 0.00
1831 821.71 11194.42 0.00
1832 15.27 9020.00 0.00
1833 19.66 10897.40 0.00
1834 12.25 7935.17 0.00
1835 11.81 5206.20 0.00
1836 656.43 6434.54 0.00
1837 11454.24 6638.26 0.00
1838 12843.65 5208.65 0.00
1839 3972.56 8496.19 0.00
1840 806.33 3002.75 0.00
1841 2.86 792.03 0.00
1842 3576.54 2631.30 0.00
1843 2.08 5.01 0.00
1844 5233.53 14.80 0.00
1845 15988.05 4931.64 0.00
1846 8639.23 2593.74 0.00
1847 4985.84 1823.31 0.00
1848 7321.52 778.34 0.00
1849 2270.81 15.39 0.00
1850 9764.94 13.77 0.00
1851 813.43 10595.71 0.00
1852 2373.80 695.29 0.00
1853 2693.43 4.56 0.00
1854 1458.10 2.80 0.00
1855 6542.60 271.35 0.00
1856 6962.90 15055.03 0.00
1857 4873.96 11905.32 0.00
1858 1998.79 5763.72 0.00
1859 8547.56 8104.41 0.00
1860 7572.40 2767.75 0.00
1861 7567.51 1533.77 0.00
1862 6269.72 4347.25 0.00
1863 15933.91 8373.58 0.00
1864 15502.26 8394.57 0.00
1865 7629.49 1465.77 0.00
1866 5138.24 987.62 0.00
1867 14717.20 1373.03 0.00
1868 5183.64 111.47 0.00
1869 1.81 0.77 0.00
1870 2027.13 2.67 0.00
1871 5579.83 437.08 0.00
1872 6560.02 168.68 0.00
1873 7172.98 15.84 0.00
1874 11026.32 4464.99 0.00
1875 14020.67 9655.76 0.00
1876 1429.52 3.02 0.00
1877 1299.24 4.07 0.00
1878 2277.89 2.28 0.00
1879 4120.01 6401.65 0.00
1880 6028.10 2830.63 0.00
1881 12744.91 1356.83 0.00
1882 4118.59 5.42 0.00
1883 1309.12 2.29 0.00
1884 2407.99 627.90 0.00
1885 702.78 1.19 0.00
1886 1.75 0.61 0.00
1887 6464.43 4023.48 0.00
1888 4517.97 3408.68 0.00
1889 4259.59 2635.17 0.00
1890 3082.53 2179.15 0.00
1891 2127.71 297.93 0.00
1892 1762.96 5.55 0.00
1893 1803.28 3.64 0.00
1894 1619.84 4.02 0.00
1895 12524.48 3602.14 0.00
1896 4838.98 4138.96 0.00
1897 1912.05 2867.18 0.00
1898 1811.86 3.96 0.00
1899 3100.94 4.22 0.00
1900 3260.77 6.95 0.00
1901 8657.09 5863.05 0.00
1902 20654.47 9689.18 0.00
1903 6480.30 2677.94 0.00
1904 2068.92 393.96 0.00
1905 1350.29 1.83 0.00
1906 2.01 2.28 0.00
1907 0.97 0.48 0.00
1908 13033.79 2449.86 0.00
1909 8881.80 29.12 0.00
1910 4361.08 5.89 0.00
1911 1996.96 2.03 0.00
1912 2.75 1.12 0.00
1913 1.40 0.48 0.00
1914 3157.73 15.37 0.00
1915 5308.73 10.18 0.00
1916 3890.52 4.15 0.00
1917 1935.90 3.12 0.00
1918 1645.22 2.35 0.00
1919 1684.35 7.36 0.00
1920 2777.92 5.10 0.00
1921 2336.77 8.45 0.00
1922 8947.45 1428.17 0.00
1923 11164.74 2869.18 0.00
1924 992.66 775.50 0.00
1925 2983.66 2127.17 0.00
1926 1468.32 718.75 0.00
1927 1340.77 1.61 0.00
1928 1333.92 3.52 0.00
1929 2.49 1.12 0.00
1930 2.11 1.62 0.00
1931 1.20 0.42 0.00
1932 1.82 0.54 0.00
1933 460.48 4.71 0.00
1934 1628.93 612.53 0.00
1935 5012.85 1783.35 0.00
1936 1551.14 1057.53 0.00
1937 1445.47 3.03 0.00
1938 928.96 7.24 0.00
1939 801.60 2.03 0.00
1940 799.28 1.61 0.00
1941 809.69 2.12 0.00
1942 529.02 1.22 0.00
1943 1.13 2.21 0.00
1944 1.06 1.05 0.00
1945 2084.21 9.98 0.00
1946 2247.50 4.85 0.00
1947 1540.50 3.93 0.00
1948 1513.52 7.65 0.00
1949 2312.76 3.63 0.00
1950 1672.22 1.29 0.00
1951 1.01 0.54 0.00
1952 1.05 0.58 0.00
1953 2.93 2.13 0.00
1954 1.58 0.55 0.00
1955 1286.43 2502.03 0.00
1956 6507.94 3528.09 0.00
1957 11642.53 4815.37 0.00
1958 8360.13 1528.36 0.00
1959 5021.56 2794.61 0.00
1960 6162.88 1254.91 0.00
1961 7015.70 5.06 0.00
1962 602.20 1.58 0.00
1963 2041.30 190.48 0.00
1964 5782.43 2267.63 0.00
1965 5196.65 2539.09 0.00
1966 5709.65 1729.19 0.00
1967 14777.94 2869.03 0.00
1968 18572.16 5319.34 0.00
1969 6691.73 2190.03 0.00
1970 7872.58 2438.65 0.00
1971 6096.89 1339.60 0.00
1972 8040.19 3426.30 0.00
1973 4775.74 5.36 0.00
1974 1904.80 2.35 0.00
1975 502.60 1.64 0.00
1976 8570.37 2352.20 0.00
1977 5974.80 1260.44 0.00
1978 2049.21 3.78 0.00
1979 1.68 2.01 0.00
1980 2.08 0.42 0.00
1981 6.17 3581.33 0.00
1982 6.24 3420.82 0.00
1983 1.18 168.79 0.00
1984 1.21 0.98 0.00
1985 2.75 0.42 0.00
1986 0.74 0.42 0.00
1987 1.11 0.93 0.00
1988 2.18 2.14 0.00
1989 0.99 0.47 0.00
1990 1.37 0.93 0.00
1991 1.22 0.42 0.00
1992 1.17 4.62 0.00
1993 1.91 2.33 0.00
1994 1.24 0.51 0.00
1995 0.82 1.92 0.00
1996 1.99 0.93 0.00
1997 1.22 0.42 0.00
1998 2.85 3.46 0.00
1999 2.30 1.55 0.00
2000 0.82 0.42 0.00
2001 1.59 0.42 0.00
2002 1.88 0.93 0.00
2003 1.86 7.26 0.00
2004 1.44 1.44 0.00
2005 2.42 7.59 0.00
2006 0.45 0.42 0.00
2007 0.44 0.42 0.00
2008 1.88 2.59 0.00
2009 0.91 0.61 0.00
2010 0.60 1.84 0.00
2011 1.50 4.93 0.00
2012 3.38 1.39 0.00
2013 1.01 0.42 0.00
2014 1.60 4.30 0.00
2015 2.32 0.90 0.00
2016 0.84 1.15 0.00
2017 0.98 2.46 0.00
2018 2.82 0.42 0.00
2019 0.85 2.13 0.00
2020 1.35 1.55 0.00
2021 1.75 5.42 0.00
2022 1.33 1.41 0.00
2023 1.37 7.60 0.00
2024 3.31 5.86 0.00
2025 1.37 5.10 0.00
2026 0.77 0.93 0.00
2027 2.24 1.39 0.00
2028 1.10 0.68 0.00
2029 1.54 3.15 0.00
2030 1.93 0.47 0.00
2031 1.64 5.00 0.00
2032 1.64 1.48 0.00
2033 0.66 0.42 0.00
2034 2.54 2.13 0.00
2035 2.38 1.90 0.00
2036 1.00 0.42 0.00
2037 1.37 0.42 0.00
2038 1.32 1.07 0.00
2039 2.30 10.28 0.00
2040 5.12 1.06 0.00
2041 1.33 0.93 0.00
2042 1.06 0.54 0.00
2043 1.87 1.45 0.00
2044 2.05 2.35 0.00
2045 1.63 0.42 0.00
2046 0.56 0.42 0.00
2047 1.50 0.99 0.00
2048 0.74 0.58 0.00
2049 0.45 0.42 0.00
2050 2.15 0.93 0.00
2051 1.93 0.00 0.00
2052 1.66 0.42 0.00
2053 1.12 0.99 0.00
2054 2.57 3.14 0.00
2055 1.93 1.84 0.00
2056 1.11 0.93 0.00
2057 1.93 0.42 0.00
2058 1.67 0.42 0.00
2059 1.44 0.93 0.00
2060 2.43 0.42 0.00
2061 2.26 0.42 0.00
2062 1.11 0.93 0.00
2063 1.22 0.42 0.00
2064 1.33 0.42 0.00
2065 1.03 0.93 0.00
2066 1.00 0.42 0.00
2067 1.67 0.42 0.00
2068 0.99 0.93 0.00
2069 0.57 0.48 0.00
2070 1.48 1.92 0.00
2071 1.66 0.93 0.00
2072 1.33 0.42 0.00
2073 0.65 0.42 0.00
2074 1.11 0.93 0.00
2075 1.49 0.42 0.00
2076 0.83 0.42 0.00
2077 1.17 0.93 0.00
2078 1.33 0.42 0.00
2079 1.27 0.42 0.00
2080 1.03 0.93 0.00
2081 1.56 0.42 0.00
2082 0.44 0.42 0.00
2083 0.95 0.93 0.00
2084 1.57 0.56 0.00
2085 0.71 1.84 0.00
2086 1.11 0.93 0.00
2087 2.23 0.42 0.00
2088 0.77 0.42 0.00
2089 1.00 0.93 0.00
2090 3.42 0.42 0.00
2091 1.06 0.42 0.00
2092 1.21 0.93 0.00
2093 2.93 0.42 0.00
2094 1.59 0.42 0.00
2095 1.69 0.93 0.00
2096 2.57 0.42 0.00
2097 1.56 0.42 0.00
2098 1.54 0.93 0.00
2099 1.54 0.56 0.00
2100 1.26 1.84 0.00
2101 1.99 0.93 0.00
2102 0.77 0.42 0.00
2103 0.97 0.42 0.00
2104 2.09 0.93 0.00
2105 1.52 0.42 0.00
2106 0.77 0.42 0.00
2107 1.83 0.93 0.00
2108 1.22 0.42 0.00
2109 1.10 0.42 0.00
2110 2.36 0.93 0.00
2111 1.31 0.42 0.00
2112 2.79 0.42 0.00
2113 2.00 0.93 0.00
2114 1.68 1.98 0.00
2115 3.50 0.42 0.00
2116 1.41 0.93 0.00
2117 1.75 0.42 0.00
2118 2.44 0.42 0.00
2119 2.75 0.93 0.00
2120 0.59 0.42 0.00
2121 3.49 0.42 0.00
2122 2.00 0.93 0.00
2123 0.85 0.42 0.00
2124 2.12 0.42 0.00
2125 1.14 0.93 0.00
2126 0.77 0.42 0.00
2127 2.99 0.42 0.00
2128 2.37 0.93 0.00
2129 2.12 1.98 0.00
2130 2.25 0.42 0.00
2131 1.18 0.93 0.00
2132 3.41 0.42 0.00
2133 1.30 0.42 0.00
2134 1.24 0.93 0.00
2135 3.63 0.42 0.00
2136 1.42 0.42 0.00
2137 1.68 0.93 0.00
2138 1.33 0.42 0.00
2139 1.36 0.42 0.00
2140 0.92 0.93 0.00
2141 1.80 0.42 0.00
2142 1.45 0.42 0.00
2143 2.56 0.93 0.00
2144 2.20 1.98 0.00
2145 1.93 0.42 0.00
2146 1.11 0.93 0.00
2147 1.94 0.42 0.00
2148 0.99 0.42 0.00
2149 1.81 0.93 0.00
2150 1.59 0.42 0.00
2151 0.77 0.42 0.00
2152 1.97 0.92 0.00
2153 0.77 0.42 0.00
2154 1.47 0.42 0.00
2155 2.03 0.93 0.00
2156 1.11 0.42 0.00
2157 1.70 0.42 0.00
2158 2.04 0.93 0.00
2159 1.21 1.98 0.00
2160 1.44 0.42 0.00
2161 1.77 0.93 0.00
2162 1.00 0.42 0.00
2163 1.18 0.42 0.00
2164 1.66 0.93 0.00
2165 2.32 0.42 0.00
2166 0.65 0.42 0.00
2167 1.65 0.93 0.00
2168 2.47 0.42 0.00
2169 0.66 0.42 0.00
2170 1.70 0.93 0.00
2171 2.14 0.42 0.00
2172 2.19 0.42 0.00
2173 2.08 0.93 0.00
2174 2.28 1.98 0.00
2175 3.03 0.42 0.00
2176 1.21 0.93 0.00
2177 1.33 0.42 0.00
2178 1.89 0.42 0.00
2179 1.94 0.93 0.00
2180 1.25 0.42 0.00
2181 2.03 0.42 0.00
2182 0.65 0.93 0.00
2183 1.66 0.42 0.00
2184 1.67 0.42 0.00
2185 0.81 0.93 0.00
2186 0.44 0.42 0.00
2187 1.75 0.42 0.00
2188 0.99 0.58 0.00
2189 0.79 0.42 0.00
2190 1.49 1.92 0.00
2191 0.99 0.93 0.00
2192 2.07 0.42 0.00
2193 0.99 0.42 0.00
2194 1.21 0.93 0.00
2195 1.90 0.42 0.00
2196 0.88 0.42 0.00
2197 1.35 0.93 0.00
2198 1.44 0.42 0.00
2199 1.10 0.42 0.00
2200 1.36 0.93 0.00
2201 1.21 0.42 0.00
2202 0.89 0.42 0.00
2203 1.41 0.93 0.00
2204 1.79 0.56 0.00
2205 1.39 1.84 0.00
2206 2.14 0.93 0.00
2207 1.10 0.42 0.00
2208 0.77 0.42 0.00
2209 1.92 0.93 0.00
2210 1.27 0.42 0.00
2211 0.55 0.42 0.00
2212 2.81 0.93 0.00
2213 0.33 0.42 0.00
2214 1.03 0.42 0.00
2215 1.15 0.93 0.00
2216 0.33 0.42 0.00
2217 1.03 0.42 0.00
2218 1.33 0.93 0.00
2219 0.68 0.56 0.00
2220 0.82 1.84 0.00
2221 1.65 0.93 0.00
2222 1.03 0.48 0.00
2223 0.94 0.49 0.00
2224 1.44 0.93 0.00
2225 1.19 0.42 0.00
2226 0.33 0.42 0.00
2227 1.33 0.93 0.00
2228 0.77 0.42 0.00
2229 0.55 0.42 0.00
2230 1.70 0.93 0.00
2231 0.88 0.42 0.00
2232 1.44 0.42 0.00
2233 0.99 0.93 0.00
2234 0.79 0.56 0.00
2235 2.12 1.84 0.00
2236 0.99 0.93 0.00
2237 0.55 0.42 0.00
2238 1.31 0.41 0.00
2239 0.56 0.93 0.00
2240 1.04 0.42 0.00
2241 1.80 0.42 0.00
2242 1.10 0.93 0.00
2243 0.88 0.42 0.00
2244 2.20 0.42 0.00
2245 2.30 0.93 0.00
2246 0.44 0.42 0.00
2247 1.21 0.42 0.00
2248 1.92 0.93 0.00
2249 0.79 1.98 0.00
2250 1.82 0.42 0.00
2251 2.15 0.93 0.00
2252 1.44 0.42 0.00
2253 1.00 0.42 0.00
2254 0.99 0.93 0.00
2255 1.94 0.00 0.00
2256 1.56 0.42 0.00
2257 1.33 0.93 0.00
2258 1.78 0.42 0.00
2259 1.11 0.42 0.00
2260 0.92 0.93 0.00
2261 1.33 0.42 0.00
2262 0.78 0.42 0.00
2263 1.11 0.93 0.00
2264 1.24 0.56 0.00
2265 1.05 1.84 0.00
2266 0.66 0.93 0.00
2267 1.22 0.42 0.00
2268 0.66 0.42 0.00
2269 0.43 0.93 0.00
2270 1.72 0.42 0.00
2271 1.00 0.42 0.00
2272 1.32 0.93 0.00
2273 0.55 0.42 0.00
2274 1.03 0.42 0.00
2275 1.59 0.93 0.00
2276 0.55 0.42 0.00
2277 1.25 0.42 0.00
2278 1.65 0.93 0.00
2279 4.67 5.40 0.00
2280 1.15 0.42 0.00
2281 1.66 0.93 0.00
2282 5.52 525.19 0.00
2283 0.66 0.42 0.00
2284 9.18 194.99 0.00
2285 1.08 0.42 0.00
2286 4.99 3.64 0.00
2287 12.31 1301.14 0.00
