0 1.35 0.37 0.00
1 3.68 0.82 0.00
2 0.33 0.30 0.00
3 1.86 0.37 0.00
4 2.98 2.32 0.00
5 7.62 5.82 0.00
6 1.38 0.37 0.00
7 2.67 0.82 0.00
8 0.72 0.30 0.00
9 4.23 0.43 0.00
10 2.80 5.31 0.00
11 0.33 0.37 0.00
12 2.02 0.30 0.00
13 1.97 0.82 0.00
14 0.85 0.30 0.00
15 3.03 2.32 0.00
16 0.86 0.85 0.00
17 0.56 0.30 0.00
18 2.33 0.45 0.00
19 0.86 2.25 0.00
20 0.74 0.30 0.00
21 2.03 2.29 0.00
22 0.66 0.82 0.00
23 0.55 0.30 0.00
24 1.19 0.30 0.00
25 1.99 0.82 0.00
26 1.24 2.29 0.00
27 1.67 0.30 0.00
28 0.96 0.82 0.00
29 1.12 0.44 0.00
30 2.80 3.49 0.00
31 1.48 2.74 0.00
32 1.32 3.43 0.00
33 0.90 0.51 0.00
34 18.74 7.86 0.00
35 37631.00 87.60 0.00
36 50748.17 87.82 0.00
37 0.87 0.82 0.00
38 0.77 0.30 0.00
39 1.07 0.30 0.00
40 4.84 3.02 0.00
41 3.42 47.40 0.00
42 26.92 92.41 0.00
43 2.60 0.82 0.00
44 2.06 0.30 0.00
45 1.52 0.30 0.00
46 3.19 3.00 0.00
47 2.94 118.75 0.00
48 27.79 5.16 0.00
49 1.19 0.82 0.00
50 6.49 163.22 0.00
51 517.43 34.76 0.00
52 0.66 0.82 0.00
53 1.00 0.30 0.00
54 1.41 0.30 0.00
55 0.68 0.86 0.00
56 4.45 164.93 0.00
57 1.29 68.06 0.00
58 1.25 0.82 0.00
59 77.71 10.83 0.00
60 1.24 0.30 0.00
61 4.90 208.08 0.00
62 1.22 0.30 0.00
63 1.09 1.87 0.00
64 0.68 0.86 0.00
65 1.08 0.30 0.00
66 1.95 2.00 0.00
67 0.95 4.87 0.00
68 1.55 0.30 0.00
69 1.96 0.71 0.00
70 628.13 99.88 0.00
71 3.30 67.94 0.00
72 2.26 66.03 0.00
73 0.88 0.82 0.00
74 1.52 0.30 0.00
75 0.75 0.00 0.00
76 2.18 2.87 0.00
77 0.95 4.30 0.00
78 12.08 11.17 0.00
79 2.89 55.68 0.00
80 0.85 11.16 0.00
81 2.57 2.35 0.00
82 1.44 0.82 0.00
83 1.22 0.30 0.00
84 506.90 32.76 0.00
85 2.21 0.82 0.00
86 1.31 2.35 0.00
87 4.12 257.77 0.00
88 4.16 165.73 0.00
89 217.58 74.95 0.00
90 1.06 0.44 0.00
91 4.76 215.14 0.00
92 0.65 0.30 0.00
93 0.80 1.87 0.00
94 1.51 0.82 0.00
95 0.52 0.00 0.00
96 2.20 2.35 0.00
97 0.95 4.51 0.00
98 1.31 0.30 0.00
99 1.58 0.43 0.00
100 1.55 1.27 0.00
101 652.34 37.89 0.00
102 1.33 0.30 0.00
103 0.77 0.82 0.00
104 0.94 0.00 0.00
105 1.53 0.30 0.00
106 1.24 2.80 0.00
107 1.17 4.30 0.00
108 1.46 0.45 0.00
109 11.10 11.43 0.00
110 0.74 0.30 0.00
111 1.86 2.35 0.00
112 1.21 0.82 0.00
113 0.55 0.30 0.00
114 1.30 0.00 0.00
115 1.62 0.82 0.00
116 1.18 2.22 0.00
117 376.86 28.67 0.00
118 200.15 12.53 0.00
119 1.19 0.30 0.00
120 2.22 0.30 0.00
121 3.42 3.26 0.00
122 131.78 266.06 0.00
123 1.61 0.37 0.00
124 200.22 18.14 0.00
125 1.42 6.09 0.00
126 1.58 2.29 0.00
127 2.18 2.44 0.00
128 0.84 0.43 0.00
129 3991.13 24.08 0.00
130 10617.38 10.74 0.00
131 11287.47 12.21 0.00
132 14737.96 12.87 0.00
133 15732.86 12.74 0.00
134 12526.07 9.46 0.00
135 15013.59 12.74 0.00
136 16331.05 16.53 0.00
137 17149.62 16.32 0.00
138 16507.16 14.66 0.00
139 38.89 23.60 0.00
140 1.08 0.30 0.00
141 1.80 2.29 0.00
142 0.79 0.58 0.00
143 0.66 0.00 0.00
144 1.22 0.06 0.00
145 1.47 0.82 0.00
146 1.07 2.22 0.00
147 1.19 4.24 0.00
148 0.99 2.01 0.00
149 0.69 0.43 0.00
150 1.53 0.30 0.00
151 1.08 2.87 0.00
152 0.66 0.30 0.00
153 1.13 0.14 0.00
154 0.63 2.25 0.00
155 1.75 0.30 0.00
156 2.28 1.79 0.00
157 0.65 0.89 0.00
158 1.56 0.30 0.00
159 2.63 0.00 0.00
160 0.65 0.82 0.00
161 1.98 2.35 0.00
162 1.66 0.06 0.00
163 0.76 0.69 0.00
164 1.50 0.00 0.00
165 0.66 0.00 0.00
166 1.47 2.50 0.00
167 1.80 0.15 0.00
168 0.90 4.09 0.00
169 1.63 2.02 0.00
170 1.70 0.00 0.00
171 1.35 1.93 0.00
172 0.66 0.57 0.00
173 2.48 0.45 0.00
174 3377.58 9.70 0.00
175 1.22 0.58 0.00
176 0.90 1.75 0.00
177 0.61 0.00 0.00
178 2.04 0.68 0.00
179 0.65 0.06 0.00
180 0.92 0.19 0.00
181 5.37 215.97 0.00
182 4.31 180.64 0.00
183 0.91 0.14 0.00
184 11.82 10.64 0.00
185 0.52 0.00 0.00
186 1.49 1.85 0.00
187 2.16 4.82 0.00
188 1.22 0.00 0.00
189 1.91 0.00 0.00
190 1.64 0.51 0.00
191 21.94 18.85 0.00
192 11.40 8.40 0.00
193 250.11 8.07 0.00
194 7.00 3.16 0.00
195 2.48 0.00 0.00
196 1.48 2.44 0.00
197 0.78 0.00 0.00
198 2.28 0.14 0.00
199 1.12 6.18 0.00
200 0.34 0.00 0.00
201 3.08 1.87 0.00
202 0.67 0.57 0.00
203 0.45 0.00 0.00
204 1.63 0.13 0.00
205 1.15 0.51 0.00
206 1.54 2.02 0.00
207 1.52 4.27 0.00
208 1.07 0.51 0.00
209 0.94 0.00 0.00
210 0.89 0.00 0.00
211 0.96 2.44 0.00
212 0.45 0.00 0.00
213 1.47 0.06 0.00
214 0.71 2.02 0.00
215 1.11 0.00 0.00
216 1.20 1.99 0.00
217 1.37 4.81 0.00
218 1.56 0.00 0.00
219 1.57 0.00 0.00
220 1.17 0.51 0.00
221 186.34 4.71 0.00
222 0.86 0.00 0.00
223 4.62 8.76 0.00
224 257.93 10.41 0.00
225 0.89 0.00 0.00
226 1.69 2.56 0.00
227 1.18 0.15 0.00
228 4.72 13.50 0.00
229 1.53 0.72 0.00
230 1.56 0.00 0.00
231 1.31 2.01 0.00
232 0.89 0.53 0.00
233 22.20 1.23 0.00
234 2.54 0.80 0.00
235 78.63 222.57 0.00
236 2.58 1.99 0.00
237 1.08 4.29 0.00
238 2.19 0.51 0.00
239 2.20 0.00 0.00
240 0.83 0.00 0.00
241 2.43 2.43 0.00
242 0.67 0.00 0.00
243 0.68 0.14 0.00
244 3.96 221.18 0.00
245 0.51 22.75 0.00
246 3.40 126.53 0.00
247 1.51 28.79 0.00
248 0.79 0.28 0.00
249 2.85 43.27 0.00
250 1.53 22.75 0.00
251 0.92 1.96 0.00
252 1.08 0.00 0.00
253 1.35 0.61 0.00
254 0.71 0.00 0.00
255 1.33 0.00 0.00
256 1.32 2.24 0.00
257 0.74 4.69 0.00
258 219.91 3.83 0.00
259 0.60 0.51 0.00
260 0.89 0.00 0.00
261 2.34 1.99 0.00
262 11.12 9.27 0.00
263 0.55 0.00 0.00
264 1.60 0.00 0.00
265 1.25 0.51 0.00
266 1.13 1.96 0.00
267 1.73 4.27 0.00
268 0.77 0.51 0.00
269 0.82 0.00 0.00
270 120.86 2.25 0.00
271 1.20 2.69 0.00
272 1.54 0.13 0.00
273 5.27 6.66 0.00
274 7.36 3.60 0.00
275 2.58 0.51 0.00
276 1.37 2.08 0.00
277 130.18 5.67 0.00
278 2.93 0.50 0.00
279 1.16 0.00 0.00
280 0.66 0.00 0.00
281 2.98 2.56 0.00
282 1.63 0.00 0.00
283 0.83 0.00 0.00
284 1.50 0.64 0.00
285 0.78 0.00 0.00
286 1.13 1.85 0.00
287 1.62 4.82 0.00
288 0.57 0.06 0.00
289 0.71 0.00 0.00
290 1.50 2.02 0.00
291 0.97 1.99 0.00
292 1.12 0.00 0.00
293 1.78 0.57 0.00
294 0.82 0.00 0.00
295 1.67 0.00 0.00
296 1.24 2.50 0.00
297 0.97 4.24 0.00
298 12.33 8.70 0.00
299 0.60 0.51 0.00
300 0.45 0.00 0.00
301 2.84 1.96 0.00
302 0.66 0.54 0.00
303 11.63 10.42 0.00
304 215.25 1.29 0.00
305 0.55 0.98 0.00
306 1.09 1.99 0.00
307 1.52 4.29 0.00
308 0.66 0.51 0.00
309 1.98 0.00 0.00
310 1.22 0.00 0.00
311 2.50 2.50 0.00
312 0.55 0.00 0.00
313 1.51 0.41 0.00
314 2.30 1.85 0.00
315 2.54 85.36 0.00
316 0.97 46.41 0.00
317 294.27 138.48 0.00
318 1.46 0.14 0.00
319 0.48 0.00 0.00
320 1.23 1.94 0.00
321 2.49 2.08 0.00
322 0.38 0.09 0.00
323 2.43 0.49 0.00
324 1.68 0.00 0.00
325 12.22 8.70 0.00
326 1.82 2.63 0.00
327 1.85 4.24 0.00
328 0.77 0.00 0.00
329 10.96 8.92 0.00
330 1.78 0.00 0.00
331 1.20 2.00 0.00
332 0.72 0.57 0.00
333 168.26 2.14 0.00
334 0.49 0.00 0.00
335 1.84 2.02 0.00
336 1.69 2.55 0.00
337 0.51 0.18 0.00
338 3.95 245.92 0.00
339 1.16 0.13 0.00
340 0.34 0.00 0.00
341 2.49 2.63 0.00
342 0.45 0.00 0.00
343 1.00 0.00 0.00
344 2.14 0.51 0.00
345 250.92 2.57 0.00
346 12.24 11.58 0.00
347 12.18 13.22 0.00
348 0.90 0.14 0.00
349 1.75 0.00 0.00
350 0.99 1.94 0.00
351 1.65 2.00 0.00
352 1.72 0.00 0.00
353 1.55 0.57 0.00
354 1.06 0.00 0.00
355 1.89 0.00 0.00
356 3.02 2.56 0.00
357 1.60 5.18 0.00
358 4.27 141.99 0.00
359 1.26 52.30 0.00
360 0.34 0.00 0.00
361 2.39 1.93 0.00
362 11.95 9.27 0.00
363 0.88 0.39 0.00
364 1.49 0.00 0.00
365 0.66 2.02 0.00
366 1.92 2.11 0.00
367 235.25 6.89 0.00
368 0.66 0.56 0.00
369 1.29 0.00 0.00
370 1.45 0.00 0.00
371 1.31 2.56 0.00
372 0.91 0.13 0.00
373 1.51 0.00 0.00
374 0.71 0.51 0.00
375 1.40 0.00 0.00
376 1.20 2.00 0.00
377 0.74 4.81 0.00
378 1.23 0.06 0.00
379 1.34 0.00 0.00
380 0.55 2.02 0.00
381 1.84 2.31 0.00
382 1.47 0.32 0.00
383 2.24 0.77 0.00
384 133.79 67.53 0.00
385 1.37 0.00 0.00
386 68.40 4.05 0.00
387 1.73 0.00 0.00
388 12.08 12.93 0.00
389 1.82 0.51 0.00
390 14.60 231.88 0.00
391 2.53 40.26 0.00
392 1.52 0.54 0.00
393 1.66 0.06 0.00
394 1.79 0.00 0.00
395 1.88 2.02 0.00
396 1.59 2.06 0.00
397 11.21 12.67 0.00
398 1.34 0.51 0.00
399 11.27 8.40 0.00
400 0.44 0.00 0.00
401 1.86 2.56 0.00
402 0.55 0.00 0.00
403 0.95 0.00 0.00
404 1.60 0.51 0.00
405 1.43 0.00 0.00
406 1.09 2.02 0.00
407 2.49 4.78 0.00
408 1.81 0.14 0.00
409 1.34 1.56 0.00
410 2.22 0.51 0.00
411 2.66 2.00 0.00
412 1.42 0.00 0.00
413 3.37 1.35 0.00
414 249.48 3.01 0.00
415 2.65 0.00 0.00
416 11.65 11.30 0.00
417 12.84 12.64 0.00
418 3.01 0.00 0.00
419 1.12 0.51 0.00
420 1.45 0.00 0.00
421 2.22 1.85 0.00
422 1.88 0.58 0.00
423 2.03 0.14 0.00
424 1.61 0.00 0.00
425 1.08 1.94 0.00
426 1.92 2.08 0.00
427 2.38 0.16 0.00
428 1.96 0.72 0.00
429 1.82 4.36 0.00
430 3.20 0.14 0.00
431 6.57 241.13 0.00
432 263.20 2.13 0.00
433 4.72 132.96 0.00
434 1.45 62.73 0.00
435 1.07 0.00 0.00
436 1.65 1.99 0.00
437 1.37 4.81 0.00
438 0.80 0.14 0.00
439 12.63 10.12 0.00
440 1.52 0.51 0.00
441 1.61 2.24 0.00
442 2.20 0.00 0.00
443 1.86 0.71 0.00
444 0.38 0.00 0.00
445 2.69 0.00 0.00
446 211.85 4.70 0.00
447 0.40 0.14 0.00
448 1.77 4.05 0.00
449 0.66 0.64 0.00
450 0.34 0.00 0.00
451 1.65 2.00 0.00
452 0.89 0.57 0.00
453 0.55 0.00 0.00
454 1.50 0.00 0.00
455 0.86 0.51 0.00
456 1.96 2.00 0.00
457 2.78 59.22 0.00
458 1.30 14.20 0.00
459 1.27 0.00 0.00
460 0.89 0.00 0.00
461 1.95 2.56 0.00
462 1.00 0.00 0.00
463 0.78 0.00 0.00
464 0.93 0.51 0.00
465 1.00 0.00 0.00
466 3.20 2.08 0.00
467 0.88 0.54 0.00
468 1.54 0.06 0.00
469 3.38 1.96 0.00
470 3.43 150.51 0.00
471 180.53 3.79 0.00
472 2.27 0.00 0.00
473 1.22 0.51 0.00
474 1.79 0.14 0.00
475 1.61 5.39 0.00
476 1.91 2.05 0.00
477 4.88 0.33 0.00
478 1.14 0.00 0.00
479 1.27 3.12 0.00
480 0.78 0.00 0.00
481 8.85 10.93 0.00
482 1.33 0.51 0.00
483 1.10 0.14 0.00
484 1.04 0.00 0.00
485 1.56 1.94 0.00
486 1.20 2.00 0.00
487 0.51 4.29 0.00
488 12.11 8.98 0.00
489 11.45 8.46 0.00
490 0.75 0.00 0.00
491 12.45 10.96 0.00
492 0.88 0.00 0.00
493 1.09 0.00 0.00
494 1.49 0.51 0.00
495 1.11 0.00 0.00
496 1.31 1.99 0.00
497 1.06 4.81 0.00
498 3.73 222.40 0.00
499 1.24 0.00 0.00
500 0.99 18.93 0.00
501 2.28 2.18 0.00
502 0.34 0.00 0.00
503 0.49 0.06 0.00
504 3.08 0.63 0.00
505 1.14 0.00 0.00
506 3.31 159.57 0.00
507 4.42 167.37 0.00
508 2.50 0.00 0.00
509 0.89 21.79 0.00
510 1.30 0.00 0.00
511 2.13 1.97 0.00
512 0.65 0.57 0.00
513 1.34 0.00 0.00
514 1.06 0.06 0.00
515 1.98 2.57 0.00
516 298.69 3.95 0.00
517 0.55 0.00 0.00
518 1.40 4.78 0.00
519 0.60 0.00 0.00
520 0.45 0.00 0.00
521 2.11 2.74 0.00
522 0.73 0.09 0.00
523 0.55 0.00 0.00
524 1.27 0.52 0.00
525 0.55 0.00 0.00
526 1.20 1.99 0.00
527 2.54 5.26 0.00
528 67.38 1.42 0.00
529 0.96 1.71 0.00
530 2.11 0.77 0.00
531 141.54 12.87 0.00
532 0.89 0.00 0.00
533 66.53 0.84 0.00
534 0.93 0.51 0.00
535 1.44 0.00 0.00
536 1.37 2.60 0.00
537 1.07 4.27 0.00
538 1.59 0.00 0.00
539 0.60 0.51 0.00
540 0.55 0.00 0.00
541 2.52 2.12 0.00
542 0.88 0.57 0.00
543 1.72 0.06 0.00
544 1.39 0.00 0.00
545 11.12 10.71 0.00
546 12.72 10.39 0.00
547 4.16 128.71 0.00
548 0.77 41.59 0.00
549 2.56 0.00 0.00
550 1.33 0.00 0.00
551 1.64 2.51 0.00
552 1.41 0.00 0.00
553 2.59 0.00 0.00
554 1.45 0.57 0.00
555 1.85 0.00 0.00
556 1.69 2.21 0.00
557 11.48 13.48 0.00
558 1.98 0.06 0.00
559 1.84 1.64 0.00
560 6.98 352.18 0.00
561 2.21 58.62 0.00
562 0.99 0.00 0.00
563 0.88 0.57 0.00
564 1.27 0.00 0.00
565 1.04 0.00 0.00
566 1.84 2.48 0.00
567 2.03 4.42 0.00
568 0.88 0.00 0.00
569 0.93 0.51 0.00
570 1.00 0.00 0.00
571 0.97 2.00 0.00
572 0.89 0.57 0.00
573 1.46 0.06 0.00
574 0.70 0.00 0.00
575 1.45 2.02 0.00
576 1.59 2.08 0.00
577 1.18 4.27 0.00
578 1.33 0.51 0.00
579 0.49 0.00 0.00
580 1.15 0.45 0.00
581 1.93 2.60 0.00
582 2.29 0.23 0.00
583 184.73 2.27 0.00
584 67.45 1.39 0.00
585 1.38 0.00 0.00
586 1.37 2.08 0.00
587 132.15 14.79 0.00
588 2.11 1.63 0.00
589 1.55 0.00 0.00
590 1.47 0.49 0.00
591 1.23 2.00 0.00
592 0.55 0.00 0.00
593 1.44 0.57 0.00
594 1.06 0.00 0.00
595 1.33 0.00 0.00
596 1.59 2.60 0.00
597 1.03 4.40 0.00
598 1.70 0.00 0.00
599 0.59 0.51 0.00
600 0.67 0.00 0.00
601 2.48 1.80 0.00
602 0.66 0.57 0.00
603 0.55 0.00 0.00
604 12.31 10.26 0.00
605 0.83 0.51 0.00
606 1.13 1.93 0.00
607 1.79 4.29 0.00
608 1.11 0.51 0.00
609 1.64 0.00 0.00
610 1.11 0.00 0.00
611 1.58 2.51 0.00
612 1.05 0.00 0.00
613 1.75 0.00 0.00
614 1.42 0.18 0.00
615 1.67 0.00 0.00
616 2.77 2.88 0.00
617 312.02 2.32 0.00
618 23.72 6.11 0.00
619 1.41 0.00 0.00
620 11.21 9.21 0.00
621 13.03 10.32 0.00
622 0.56 0.00 0.00
623 1.19 0.51 0.00
624 2.75 0.00 0.00
625 1.37 0.00 0.00
626 1.09 2.51 0.00
627 2.44 4.29 0.00
628 1.20 0.00 0.00
629 0.82 0.51 0.00
630 1.21 0.00 0.00
631 133.34 4.37 0.00
632 0.88 0.51 0.00
633 1.92 2.09 0.00
634 1.23 0.14 0.00
635 1.50 0.51 0.00
636 1.58 1.99 0.00
637 1.07 4.25 0.00
638 1.22 0.51 0.00
639 0.71 0.00 0.00
640 0.89 0.00 0.00
641 1.75 2.51 0.00
642 1.23 0.33 0.00
643 2.44 146.31 0.00
644 1.90 21.79 0.00
645 1.00 0.00 0.00
646 1.84 1.99 0.00
647 2.40 4.87 0.00
648 1.36 0.12 0.00
649 1.02 0.00 0.00
650 1.44 1.94 0.00
651 2.40 2.19 0.00
652 2.76 196.52 0.00
653 2.73 66.45 0.00
654 0.93 0.00 0.00
655 1.22 0.00 0.00
656 13.45 33.76 0.00
657 76.90 13.41 0.00
658 1.70 0.00 0.00
659 2.42 0.51 0.00
660 11.59 8.40 0.00
661 2.65 2.02 0.00
662 2.15 0.54 0.00
663 1.35 0.06 0.00
664 1.60 0.00 0.00
665 1.00 2.02 0.00
666 2.68 2.16 0.00
667 1.70 4.41 0.00
668 2.67 114.75 0.00
669 1.41 0.00 0.00
670 1.28 0.13 0.00
671 1.53 2.54 0.00
672 0.66 0.00 0.00
673 1.44 0.00 0.00
674 1.04 0.54 0.00
675 11.74 8.76 0.00
676 2.17 1.99 0.00
677 1.26 4.81 0.00
678 1.49 1.77 0.00
679 1.80 0.25 0.00
680 0.66 0.51 0.00
681 256.45 4.10 0.00
682 67.76 44.58 0.00
683 0.76 22.69 0.00
684 1.82 0.00 0.00
685 1.21 0.13 0.00
686 0.74 1.04 0.00
687 1.96 5.31 0.00
688 0.66 0.00 0.00
689 0.82 0.51 0.00
690 1.81 0.45 0.00
691 116.02 3.80 0.00
692 11.70 9.24 0.00
693 1.13 0.06 0.00
694 0.77 1.90 0.00
695 1.39 0.64 0.00
696 1.78 2.22 0.00
697 1.07 4.27 0.00
698 2.59 0.51 0.00
699 0.82 0.14 0.00
700 0.55 0.00 0.00
701 3.15 2.68 0.00
702 0.64 0.82 0.00
703 0.66 0.00 0.00
704 2.53 0.51 0.00
705 3.51 120.65 0.00
706 2.94 164.31 0.00
707 1.62 4.78 0.00
708 1.70 0.06 0.00
709 2.38 1.96 0.00
710 1.61 0.51 0.00
711 66.46 2.57 0.00
712 12.63 8.76 0.00
713 1.61 0.51 0.00
714 11.01 8.46 0.00
715 1.22 0.00 0.00
716 1.50 2.36 0.00
717 1.13 4.29 0.00
718 2.03 0.00 0.00
719 1.37 0.51 0.00
720 1.22 0.00 0.00
721 6.93 276.62 0.00
722 2.73 127.52 0.00
723 0.81 1.71 0.00
724 3.53 130.30 0.00
725 0.83 0.51 0.00
726 0.96 1.87 0.00
727 1.73 4.29 0.00
728 0.89 0.51 0.00
729 1.63 0.00 0.00
730 1.22 0.00 0.00
731 1.37 2.62 0.00
732 0.66 0.00 0.00
733 1.44 0.00 0.00
734 0.71 0.00 0.00
735 1.55 0.00 0.00
736 1.74 2.38 0.00
737 2.81 4.76 0.00
738 246.23 2.74 0.00
739 0.59 2.02 0.00
740 2.04 0.00 0.00
741 22.79 19.03 0.00
742 0.76 0.57 0.00
743 2.07 0.20 0.00
744 1.49 0.00 0.00
745 1.40 1.36 0.00
746 141.71 3.68 0.00
747 132.59 5.66 0.00
748 0.77 0.51 0.00
749 0.94 0.00 0.00
750 1.79 0.00 0.00
751 1.68 2.50 0.00
752 1.00 0.00 0.00
753 1.69 0.13 0.00
754 1.37 2.02 0.00
755 1.55 0.00 0.00
756 1.07 1.89 0.00
757 1.73 4.78 0.00
758 5.18 8.12 0.00
759 0.77 0.00 0.00
760 1.83 1.03 0.00
761 2.58 3.27 0.00
762 11.48 303.74 0.00
763 0.55 0.51 0.00
764 1.60 0.00 0.00
765 1.00 0.00 0.00
766 11.56 10.83 0.00
767 1.33 0.00 0.00
768 1.42 4.37 0.00
769 0.93 2.02 0.00
770 1.44 0.00 0.00
771 1.24 1.96 0.00
772 0.88 0.54 0.00
773 1.50 0.00 0.00
774 1.43 0.00 0.00
775 1.33 0.51 0.00
776 2.16 1.04 0.00
777 1.86 5.38 0.00
778 68.11 1.61 0.00
779 1.97 0.00 0.00
780 1.33 0.00 0.00
781 133.06 3.58 0.00
782 2.71 0.00 0.00
783 1.02 0.12 0.00
784 2.04 2.02 0.00
785 1.67 0.53 0.00
786 11.94 10.75 0.00
787 1.91 4.82 0.00
788 0.88 0.00 0.00
789 1.97 0.00 0.00
790 1.72 0.51 0.00
791 1.32 2.12 0.00
792 0.88 0.00 0.00
793 307.29 2.96 0.00
794 3.86 188.83 0.00
795 156.55 72.36 0.00
796 1.64 2.51 0.00
797 0.96 0.12 0.00
798 1.57 4.32 0.00
799 0.89 1.94 0.00
800 1.17 0.00 0.00
801 1.98 2.00 0.00
802 0.95 0.57 0.00
803 0.66 0.00 0.00
804 1.49 0.00 0.00
805 1.32 0.64 0.00
806 1.49 2.00 0.00
807 1.97 4.57 0.00
808 1.87 66.61 0.00
809 1.05 0.00 0.00
810 2.24 0.00 0.00
811 1.24 2.47 0.00
812 0.78 0.00 0.00
813 2.36 0.09 0.00
814 2.14 2.02 0.00
815 239.50 2.52 0.00
816 1.77 2.00 0.00
817 11.52 13.50 0.00
818 133.54 2.53 0.00
819 2.02 0.00 0.00
820 11.33 8.92 0.00
821 2.53 2.09 0.00
822 1.59 0.00 0.00
823 1.10 0.54 0.00
824 1.49 0.00 0.00
825 12.40 8.85 0.00
826 8330.17 16.93 0.00
827 8339.75 14.43 0.00
828 12521.75 12.02 0.00
829 4656.25 4.39 0.00
830 1609.48 3.46 0.00
831 8340.39 9.82 0.00
832 5155.83 5.12 0.00
833 5289.18 6.83 0.00
834 9330.71 10.05 0.00
835 5417.70 6.32 0.00
836 9316.58 13.60 0.00
837 19856.18 284.94 0.00
838 6840.48 11.47 0.00
839 2838.90 5.10 0.00
840 2537.76 5.09 0.00
841 2375.82 12.05 0.00
842 2089.43 4.57 0.00
843 2097.68 8.63 0.00
844 132.82 3.65 0.00
845 4102.21 8.88 0.00
846 2089.15 5.11 0.00
847 67.61 5.94 0.00
848 1109.39 2.96 0.00
849 8223.80 23.50 0.00
850 7574.44 17.59 0.00
851 8011.88 16.32 0.00
852 8355.90 27.09 0.00
853 4103.49 14.84 0.00
854 5092.58 10.47 0.00
855 10936.60 17.92 0.00
856 33035.06 41.65 0.00
857 26054.18 39.29 0.00
858 44308.48 44.62 0.00
859 43365.58 41.64 0.00
860 13810.96 21.01 0.00
861 9467.19 18.30 0.00
862 8676.10 42.71 0.00
863 5682.76 8.83 0.00
864 14735.51 25.14 0.00
865 7229.67 15.40 0.00
866 17022.21 22.82 0.00
867 12061.78 26.27 0.00
868 6651.17 13.08 0.00
869 4535.86 8.89 0.00
870 10453.28 19.34 0.00
871 9385.94 17.93 0.00
872 6670.36 14.53 0.00
873 3912.07 8.79 0.00
874 10238.13 14.50 0.00
875 11792.73 18.87 0.00
876 14673.75 22.35 0.00
877 8266.58 22.64 0.00
878 11330.95 17.32 0.00
879 8459.83 15.92 0.00
880 8469.93 17.06 0.00
881 9310.42 21.01 0.00
882 7433.98 18.34 0.00
883 11802.47 21.77 0.00
884 9523.43 17.65 0.00
885 7572.89 24.86 0.00
886 12064.77 36.74 0.00
887 11606.21 37.35 0.00
888 17616.82 41.96 0.00
889 9550.08 24.74 0.00
890 8280.40 12.70 0.00
891 12051.99 25.61 0.00
892 16059.50 32.35 0.00
893 8073.18 15.52 0.00
894 132.47 1.61 0.00
895 2098.65 182.51 0.00
896 2087.20 86.33 0.00
897 4174.61 13.68 0.00
898 3065.66 5.89 0.00
899 3193.58 4.06 0.00
900 1663.49 4.01 0.00
901 2539.17 4.70 0.00
902 2272.22 6.87 0.00
903 7296.52 17.69 0.00
904 3127.07 5.54 0.00
905 1039.39 1.89 0.00
906 6192.35 10.63 0.00
907 3194.38 7.01 0.00
908 3009.50 26.36 0.00
909 6277.29 14.12 0.00
910 7878.67 16.30 0.00
911 4170.90 13.97 0.00
912 6789.25 21.84 0.00
913 4821.36 13.41 0.00
914 6647.52 19.25 0.00
915 7289.51 17.45 0.00
916 7812.41 22.93 0.00
917 14150.30 32.44 0.00
918 6957.88 21.23 0.00
919 9608.84 23.05 0.00
920 3193.43 7.33 0.00
921 6252.02 15.58 0.00
922 11399.35 26.91 0.00
923 9652.62 22.54 0.00
924 8538.41 19.19 0.00
925 7428.02 18.41 0.00
926 11698.54 26.79 0.00
927 11385.89 28.38 0.00
928 15509.22 28.66 0.00
929 10041.17 18.80 0.00
930 8540.52 19.45 0.00
931 11004.63 23.70 0.00
932 11870.21 26.07 0.00
933 11853.77 28.23 0.00
934 17326.46 190.56 0.00
935 11279.62 23.01 0.00
936 13499.90 25.70 0.00
937 10588.15 32.56 0.00
938 12416.07 24.28 0.00
939 13207.22 28.19 0.00
940 13924.01 30.08 0.00
941 13012.25 24.86 0.00
942 15374.33 32.07 0.00
943 11598.64 268.00 0.00
944 10125.47 25.49 0.00
945 9904.26 23.19 0.00
946 11601.37 21.31 0.00
947 7962.26 24.00 0.00
948 10678.66 27.45 0.00
949 11931.53 29.61 0.00
950 7424.18 19.90 0.00
951 7369.33 16.11 0.00
952 6264.04 16.66 0.00
953 589.28 2.30 0.00
954 7900.51 19.70 0.00
955 5665.67 14.16 0.00
956 11272.35 27.31 0.00
957 5602.77 20.40 0.00
958 7947.80 21.19 0.00
959 5796.25 13.97 0.00
960 11399.42 24.47 0.00
961 12611.22 28.60 0.00
962 11594.03 37.95 0.00
963 6257.58 170.56 0.00
964 6934.65 121.44 0.00
965 3632.08 7.39 0.00
966 6192.98 10.10 0.00
967 2542.69 12.84 0.00
968 3714.91 129.25 0.00
969 5998.75 10.23 0.00
970 7491.13 10.04 0.00
971 11548.18 142.80 0.00
972 8359.03 11.96 0.00
973 11423.51 12.03 0.00
974 11502.44 11.02 0.00
975 8470.92 9.13 0.00
976 13306.70 26.68 0.00
977 10650.76 30.81 0.00
978 3781.21 9.41 0.00
979 5805.01 10.62 0.00
980 6986.12 18.06 0.00
981 11683.11 16.55 0.00
982 8357.95 16.40 0.00
983 11427.57 29.57 0.00
984 8868.97 16.42 0.00
985 14069.71 26.02 0.00
986 12078.14 22.35 0.00
987 20298.90 35.92 0.00
988 11139.24 18.67 0.00
989 21341.15 36.20 0.00
990 15507.39 27.95 0.00
991 6839.80 12.94 0.00
992 5667.07 11.31 0.00
993 12501.39 21.85 0.00
994 9314.62 16.74 0.00
995 22334.42 34.14 0.00
996 14844.50 25.91 0.00
997 18771.00 34.50 0.00
998 18038.79 27.26 0.00
999 20644.13 33.56 0.00
1000 15879.74 25.12 0.00
1001 23509.01 36.46 0.00
1002 12726.81 27.81 0.00
1003 16087.03 26.21 0.00
1004 8287.01 14.35 0.00
1005 18712.82 28.28 0.00
1006 21897.62 35.62 0.00
1007 13522.03 28.12 0.00
1008 12657.53 24.43 0.00
1009 10335.64 20.41 0.00
1010 362.90 1.21 0.00
1011 11515.86 21.51 0.00
1012 8558.68 17.63 0.00
1013 16698.79 32.34 0.00
1014 5912.79 17.11 0.00
1015 782.49 4.11 0.00
1016 7171.20 12.87 0.00
1017 5083.48 14.46 0.00
1018 6378.65 11.45 0.00
1019 10992.58 231.85 0.00
1020 5902.47 15.41 0.00
1021 4556.78 8.36 0.00
1022 3191.24 8.22 0.00
1023 2216.34 6.84 0.00
1024 1.55 5.84 0.00
1025 0.66 0.30 0.00
1026 0.66 0.30 0.00
1027 3.19 4.42 0.00
1028 45.00 16.30 0.00
1029 8983.80 3676.19 0.00
1030 12931.45 5069.57 0.00
1031 7908.79 2856.36 0.00
1032 5874.63 3702.95 0.00
1033 14948.22 6987.26 0.00
1034 14395.59 5616.31 0.00
1035 11807.90 10992.51 0.00
1036 9424.38 6725.13 0.00
1037 7149.95 7491.69 0.00
1038 10882.29 13508.22 0.00
1039 9665.34 12274.88 0.00
1040 9856.02 12361.21 0.00
1041 9546.00 12043.46 0.00
1042 7751.78 7033.44 0.00
1043 3128.07 1766.19 0.00
1044 1759.23 4102.81 0.00
1045 991.75 3348.02 0.00
1046 1263.94 3393.76 0.00
1047 1924.64 4870.78 0.00
1048 3233.54 8177.13 0.00
1049 1953.75 16609.63 0.00
1050 1043.51 14886.08 0.00
1051 2186.07 14535.44 0.00
1052 33.29 15155.75 0.00
1053 1159.47 12502.63 0.00
1054 2997.03 4241.09 0.00
1055 3167.27 6400.96 0.00
1056 1658.95 5562.11 0.00
1057 3121.83 6390.75 0.00
1058 3202.90 4168.18 0.00
1059 2247.78 1370.34 0.00
1060 2265.41 2.44 0.00
1061 1611.31 1.69 0.00
1062 1.45 0.95 0.00
1063 1.72 0.43 0.00
1064 1.31 2.32 0.00
1065 1.02 0.89 0.00
1066 1910.26 861.68 0.00
1067 7618.56 6349.83 0.00
1068 5685.04 5372.45 0.00
1069 5087.53 4436.22 0.00
1070 8047.13 8060.57 0.00
1071 5853.91 7322.89 0.00
1072 4580.24 6680.00 0.00
1073 5487.10 4757.51 0.00
1074 6528.67 5268.19 0.00
1075 5331.67 6127.36 0.00
1076 6651.04 4744.76 0.00
1077 5684.35 4892.21 0.00
1078 2856.16 5.48 0.00
1079 2385.55 5.12 0.00
1080 3.36 0.95 0.00
1081 0.68 0.13 0.00
1082 179.30 270.51 0.00
1083 7749.66 4734.61 0.00
1084 4033.75 5080.19 0.00
1085 5422.45 4638.35 0.00
1086 5541.20 3565.04 0.00
1087 3703.09 4812.38 0.00
1088 4254.32 4708.27 0.00
1089 5125.49 6240.94 0.00
1090 4895.71 5732.80 0.00
1091 599.05 4868.15 0.00
1092 7.15 3480.39 0.00
1093 578.97 3059.49 0.00
1094 2699.76 5624.63 0.00
1095 1026.57 4084.10 0.00
1096 1851.53 3401.06 0.00
1097 5338.42 8593.19 0.00
1098 6162.31 7380.07 0.00
1099 2546.05 9.76 0.00
1100 2444.15 3.59 0.00
1101 1144.78 3.20 0.00
1102 754.85 1.98 0.00
1103 4542.84 3401.61 0.00
1104 3943.00 6157.00 0.00
1105 2876.54 4237.46 0.00
1106 3132.83 3170.08 0.00
1107 2956.83 1750.79 0.00
1108 2019.22 1.59 0.00
1109 2.44 0.50 0.00
1110 1.19 2.86 0.00
1111 0.66 0.30 0.00
1112 547.45 696.19 0.00
1113 1741.01 3.28 0.00
1114 1691.77 2.95 0.00
1115 1562.94 4.68 0.00
1116 6333.77 5022.64 0.00
1117 7427.77 6983.85 0.00
1118 8655.40 9767.59 0.00
1119 10370.73 8500.37 0.00
1120 6374.49 7.57 0.00
1121 1676.62 2.30 0.00
1122 587.68 1.79 0.00
1123 5108.93 6933.81 0.00
1124 8751.98 12049.06 0.00
1125 4459.18 6115.42 0.00
1126 5218.41 5535.87 0.00
1127 7666.35 6088.56 0.00
1128 4736.87 6500.37 0.00
1129 4821.00 137.67 0.00
1130 2476.98 2.75 0.00
1131 368.79 1.40 0.00
1132 2.01 0.43 0.00
1133 1148.40 3.44 0.00
1134 4031.48 4410.88 0.00
1135 4743.14 5756.21 0.00
1136 2562.88 1761.04 0.00
1137 1756.19 5264.32 0.00
1138 2158.85 3909.90 0.00
1139 1049.81 361.56 0.00
1140 2.35 0.82 0.00
1141 1.87 0.30 0.00
1142 440.68 3.16 0.00
1143 197.37 7297.93 0.00
1144 28.39 18752.33 0.00
1145 3729.60 7396.86 0.00
1146 6127.24 5746.63 0.00
1147 4636.16 6554.64 0.00
1148 2960.03 7813.88 0.00
1149 8.39 5687.24 0.00
1150 12.70 7408.83 0.00
1151 10.69 4303.28 0.00
1152 1.69 26.01 0.00
1153 6.53 1643.52 0.00
1154 1019.27 8589.93 0.00
1155 4827.20 645.97 0.00
1156 9173.11 11105.15 0.00
1157 1148.77 4257.00 0.00
1158 5.12 1195.58 0.00
1159 17.62 10844.18 0.00
1160 8119.97 8324.25 0.00
1161 8406.74 7722.50 0.00
1162 8967.81 12029.16 0.00
1163 12728.79 12952.89 0.00
1164 3651.36 5575.89 0.00
1165 4107.68 3297.21 0.00
1166 2835.71 2.50 0.00
1167 0.68 0.37 0.00
1168 5214.57 4941.22 0.00
1169 9093.12 10070.01 0.00
1170 13878.73 8883.80 0.00
1171 4918.02 2372.96 0.00
1172 4983.56 9.16 0.00
1173 1295.37 5.66 0.00
1174 796.81 2.69 0.00
1175 4695.52 7.74 0.00
1176 9003.81 15.50 0.00
1177 4463.49 6.49 0.00
1178 2.06 4.14 0.00
1179 1.71 1.33 0.00
1180 1.55 0.30 0.00
1181 0.98 0.88 0.00
1182 230.92 3037.76 0.00
1183 13.12 7861.02 0.00
1184 5.94 4911.31 0.00
1185 1.69 2045.21 0.00
1186 1.99 186.84 0.00
1187 2.15 3.50 0.00
1188 2.22 3.38 0.00
1189 1.50 0.37 0.00
1190 1.12 1.30 0.00
1191 1.31 1.37 0.00
1192 2.96 0.66 0.00
1193 8.53 4852.41 0.00
1194 6.14 2340.21 0.00
1195 3.75 1124.46 0.00
1196 6.37 1383.99 0.00
1197 2.89 14.33 0.00
1198 1.31 2.38 0.00
1199 0.60 0.33 0.00
1200 2.31 0.30 0.00
1201 2.32 2.13 0.00
1202 0.79 0.06 0.00
1203 3.78 4.65 0.00
1204 4.27 1647.61 0.00
1205 7.81 5792.54 0.00
1206 5.37 1050.59 0.00
1207 4.92 720.17 0.00
1208 3.47 795.00 0.00
1209 3.27 728.94 0.00
1210 3.59 815.74 0.00
1211 7.16 2042.63 0.00
1212 8.14 2549.41 0.00
1213 3.11 1210.62 0.00
1214 2.29 70.74 0.00
1215 2.24 2.84 0.00
1216 2.19 7.88 0.00
1217 14623.36 51.60 0.00
1218 13809.62 792.38 0.00
1219 7160.99 2585.07 0.00
1220 16746.70 4446.20 0.00
1221 15586.40 635.36 0.00
1222 11500.27 19.90 0.00
1223 4180.25 6.04 0.00
1224 4274.97 181.63 0.00
1225 3944.74 1415.56 0.00
1226 4015.80 875.61 0.00
1227 2624.14 8.33 0.00
1228 1883.61 3.46 0.00
1229 3712.79 820.85 0.00
1230 7427.01 2013.18 0.00
1231 5620.83 994.16 0.00
1232 2666.17 9.63 0.00
1233 2071.17 3.70 0.00
1234 1807.53 1.42 0.00
1235 549.09 5.49 0.00
1236 1293.46 1401.29 0.00
1237 2971.59 2120.86 0.00
1238 7.38 2251.54 0.00
1239 6.49 1549.79 0.00
1240 262.99 1517.98 0.00
1241 4419.88 1354.07 0.00
1242 3585.57 3.33 0.00
1243 3015.03 4.86 0.00
1244 8420.62 654.97 0.00
1245 1.65 4.69 0.00
1246 2328.97 12.06 0.00
1247 2805.74 4.04 0.00
1248 4355.78 10.73 0.00
1249 2659.47 8.48 0.00
1250 1864.52 10.22 0.00
1251 1432.86 3.66 0.00
1252 1465.48 3.67 0.00
1253 1447.03 6.13 0.00
1254 1561.58 3.54 0.00
1255 276.76 0.87 0.00
1256 1.51 0.53 0.00
1257 1.44 0.30 0.00
1258 3.24 1.01 0.00
1259 2.42 2.86 0.00
1260 3.33 0.30 0.00
1261 1.58 0.45 0.00
1262 0.88 2.25 0.00
1263 3.50 0.30 0.00
1264 2.67 2.28 0.00
1265 1.07 0.82 0.00
1266 4939.38 22.36 0.00
1267 12137.88 4270.79 0.00
1268 7362.17 1431.89 0.00
1269 4298.88 2855.78 0.00
1270 3145.95 1999.68 0.00
1271 7227.67 1435.75 0.00
1272 7996.46 3000.78 0.00
1273 14972.73 6560.27 0.00
1274 16025.72 6992.02 0.00
1275 4978.86 1346.04 0.00
1276 4306.94 1313.88 0.00
1277 5454.97 742.42 0.00
1278 6513.83 861.55 0.00
1279 12956.93 5104.46 0.00
1280 11106.37 7322.03 0.00
1281 6666.47 9584.67 0.00
1282 3191.68 1758.53 0.00
1283 2204.30 3.98 0.00
1284 1235.71 4.86 0.00
1285 425.60 1.98 0.00
1286 1222.00 697.57 0.00
1287 2677.93 3.67 0.00
1288 3116.52 522.53 0.00
1289 3362.96 1343.39 0.00
1290 560.89 2460.63 0.00
1291 1197.63 2147.43 0.00
1292 2181.55 2029.35 0.00
1293 258.22 1464.90 0.00
1294 1619.86 43.49 0.00
1295 1967.26 2.00 0.00
1296 267.61 2.72 0.00
1297 2.15 0.38 0.00
1298 1.55 0.88 0.00
1299 1.01 0.43 0.00
1300 1.84 0.37 0.00
1301 1.59 2.87 0.00
1302 2676.50 817.58 0.00
1303 10803.86 6045.14 0.00
1304 6915.99 3023.75 0.00
1305 4188.41 338.75 0.00
1306 2.74 0.63 0.00
1307 1.98 4.56 0.00
1308 1.30 0.37 0.00
1309 2.03 0.69 0.00
1310 1.85 1.21 0.00
1311 3244.87 2257.59 0.00
1312 3908.78 9118.07 0.00
1313 3394.32 2397.49 0.00
1314 2699.29 4.73 0.00
1315 2289.63 5.29 0.00
1316 2487.95 4.04 0.00
1317 1138.67 2.50 0.00
1318 1.46 2.35 0.00
1319 1.31 1.00 0.00
1320 3.20 0.06 0.00
1321 2.00 2.07 0.00
1322 1.66 0.58 0.00
1323 4.82 2.35 0.00
1324 9829.06 9807.85 0.00
1325 7266.85 4621.81 0.00
1326 2764.41 13.58 0.00
1327 2.43 0.43 0.00
1328 721.80 699.21 0.00
1329 2298.86 2.04 0.00
1330 4716.31 3201.81 0.00
1331 12885.02 20565.46 0.00
1332 9285.57 17243.14 0.00
1333 2354.43 4855.60 0.00
1334 2518.46 2.82 0.00
1335 893.99 1.21 0.00
1336 1.41 0.51 0.00
1337 1.78 2.37 0.00
1338 1.79 2.29 0.00
1339 1960.61 544.24 0.00
1340 10694.61 11171.45 0.00
1341 14149.60 14545.24 0.00
1342 8381.62 3036.13 0.00
1343 2222.27 2.90 0.00
1344 1.12 0.30 0.00
1345 1.43 0.67 0.00
1346 1.22 0.00 0.00
1347 0.77 0.37 0.00
1348 0.55 0.30 0.00
1349 1.00 0.30 0.00
1350 0.91 2.28 0.00
1351 3878.09 1559.28 0.00
1352 6548.71 6695.52 0.00
1353 3971.72 2194.21 0.00
1354 3785.03 2478.92 0.00
1355 2953.46 5556.44 0.00
1356 15993.18 26305.53 0.00
1357 18277.73 20347.51 0.00
1358 12640.18 5869.57 0.00
1359 13969.80 11448.03 0.00
1360 16511.58 19904.58 0.00
1361 7378.03 6739.68 0.00
1362 5262.52 1886.32 0.00
1363 2980.96 1043.69 0.00
1364 3082.59 3.33 0.00
1365 3744.72 4.67 0.00
1366 4.49 2.79 0.00
1367 6933.14 6626.70 0.00
1368 2712.20 6031.00 0.00
1369 2023.24 4937.85 0.00
1370 4019.69 6148.80 0.00
1371 14289.33 12043.09 0.00
1372 12108.64 11525.92 0.00
1373 9319.87 13020.76 0.00
1374 3870.23 4632.48 0.00
1375 773.78 412.08 0.00
1376 1162.32 2.24 0.00
1377 14431.82 10680.69 0.00
1378 10399.68 9445.62 0.00
1379 8641.54 9271.54 0.00
1380 5946.66 7348.04 0.00
1381 4548.96 7959.91 0.00
1382 1064.42 9471.31 0.00
1383 24.69 15439.60 0.00
1384 5252.18 17130.01 0.00
1385 1630.96 26599.57 0.00
1386 45.51 32593.20 0.00
1387 14.99 6120.42 0.00
1388 9.54 5936.85 0.00
1389 17.94 10381.89 0.00
1390 12.68 7633.15 0.00
1391 30.68 16912.81 0.00
1392 4140.43 10336.52 0.00
1393 1124.93 3119.23 0.00
1394 2.44 0.37 0.00
1395 3.33 310.58 0.00
1396 16.96 9605.66 0.00
1397 3.84 1.94 0.00
1398 961.64 2.89 0.00
1399 1608.66 1276.31 0.00
1400 729.53 4085.94 0.00
1401 10.89 5188.67 0.00
1402 29.46 15264.00 0.00
1403 168.09 9887.81 0.00
1404 1739.50 2.11 0.00
1405 1795.44 4.15 0.00
1406 433.51 0.90 0.00
1407 780.22 6.47 0.00
1408 2217.66 6096.22 0.00
1409 3413.06 5993.14 0.00
1410 2604.54 4137.02 0.00
1411 3426.14 834.15 0.00
1412 2136.60 1546.96 0.00
1413 3180.71 3397.05 0.00
1414 5830.55 5337.28 0.00
1415 3169.64 3212.07 0.00
1416 477.96 3750.36 0.00
1417 10.55 3270.76 0.00
1418 7.90 2802.49 0.00
1419 1.82 392.56 0.00
1420 2.13 2.23 0.00
1421 0.88 0.36 0.00
1422 1.35 1.37 0.00
1423 1.33 0.30 0.00
1424 4.01 1100.09 0.00
1425 6.29 1650.67 0.00
1426 6.46 2182.71 0.00
1427 4.73 2637.34 0.00
1428 5.95 3485.32 0.00
1429 5.55 3238.12 0.00
1430 3.22 842.72 0.00
1431 0.64 1.43 0.00
1432 1.71 0.30 0.00
1433 1.81 0.30 0.00
1434 1.61 0.37 0.00
1435 7.06 2680.13 0.00
1436 6.77 2362.98 0.00
1437 4.29 1982.79 0.00
1438 4.54 2574.56 0.00
1439 2.40 0.82 0.00
1440 1.92 2.15 0.00
1441 0.80 0.17 0.00
1442 0.60 1.73 0.00
1443 1.53 1.37 0.00
1444 0.66 0.30 0.00
1445 2.26 6.58 0.00
1446 1.45 0.30 0.00
1447 2.79 0.72 0.00
1448 5.45 2374.98 0.00
1449 6.66 1706.40 0.00
1450 3.52 235.41 0.00
1451 5.69 1819.91 0.00
1452 5.47 1481.65 0.00
1453 8.06 3331.30 0.00
1454 3.03 632.81 0.00
1455 5.75 1394.39 0.00
1456 6.02 1660.49 0.00
1457 15.22 6178.03 0.00
1458 4.13 1635.29 0.00
1459 2.33 1082.19 0.00
1460 4.25 1095.94 0.00
1461 6.44 1909.60 0.00
1462 12.44 5187.62 0.00
1463 8.11 3504.88 0.00
1464 2.77 550.97 0.00
1465 1.89 7.04 0.00
1466 2.20 0.36 0.00
1467 1.05 0.30 0.00
1468 1.11 0.75 0.00
1469 1.64 0.37 0.00
1470 5.86 817.01 0.00
1471 7.90 1383.42 0.00
1472 5.63 1645.86 0.00
1473 5.38 1544.87 0.00
1474 4.21 1875.30 0.00
1475 8.75 3230.14 0.00
1476 4.91 2716.03 0.00
1477 6.26 3267.00 0.00
1478 3.75 1368.31 0.00
1479 0.22 0.30 0.00
1480 2.74 3.29 0.00
1481 0.99 0.36 0.00
1482 1.47 0.30 0.00
1483 2.39 1.37 0.00
1484 0.77 0.00 0.00
1485 1.81 6.42 0.00
1486 2.12 0.47 0.00
1487 1.20 1.73 0.00
1488 1.23 0.30 0.00
1489 1.55 0.30 0.00
1490 1.45 2.93 0.00
1491 1.11 0.75 0.00
1492 2.15 0.00 0.00
1493 1.40 2.15 0.00
1494 1.55 0.79 0.00
1495 1.49 6.53 0.00
1496 1.88 0.87 0.00
1497 2.41 0.37 0.00
1498 4.28 1116.15 0.00
1499 5.62 1567.00 0.00
1500 6.20 2289.77 0.00
1501 5.55 2091.95 0.00
1502 3.85 2128.09 0.00
1503 1.69 141.96 0.00
1504 3.32 259.34 0.00
1505 5.91 1291.32 0.00
1506 6.48 2397.93 0.00
1507 5.22 1813.46 0.00
1508 5.76 1072.96 0.00
1509 4.47 1029.04 0.00
1510 7.52 1335.10 0.00
1511 4.55 722.15 0.00
1512 13.88 3499.71 0.00
1513 11.97 2953.25 0.00
1514 8.73 1780.10 0.00
1515 21.54 10086.25 0.00
1516 20.63 10836.60 0.00
1517 17.08 11683.70 0.00
1518 12.29 8995.56 0.00
1519 10.96 1921.00 0.00
1520 7.58 1940.13 0.00
1521 5.64 3327.96 0.00
1522 7.32 1949.14 0.00
1523 16.00 7603.22 0.00
1524 9.97 5703.77 0.00
1525 10.42 6004.92 0.00
1526 9.62 3157.36 0.00
1527 11.03 3488.72 0.00
1528 12.80 3693.45 0.00
1529 1626.91 3494.01 0.00
1530 680.65 1147.53 0.00
1531 1645.61 2365.02 0.00
1532 1525.31 513.93 0.00
1533 1363.02 1123.68 0.00
1534 2071.98 920.63 0.00
1535 4790.01 4521.39 0.00
1536 3430.99 6614.65 0.00
1537 3967.15 6517.23 0.00
1538 3163.73 5865.70 0.00
1539 690.05 2243.14 0.00
1540 698.92 4579.59 0.00
1541 693.57 3006.16 0.00
1542 446.94 2514.77 0.00
1543 1400.11 2977.93 0.00
1544 394.50 1945.09 0.00
1545 563.50 2612.24 0.00
1546 1757.67 4362.33 0.00
1547 2810.57 6909.79 0.00
1548 26.97 8074.01 0.00
1549 530.42 5268.75 0.00
1550 864.14 3124.82 0.00
1551 698.15 3896.00 0.00
1552 654.88 1508.82 0.00
1553 991.26 1181.64 0.00
1554 1126.30 1433.90 0.00
1555 14.83 3397.70 0.00
1556 11.70 2968.13 0.00
1557 11.16 2974.30 0.00
1558 11.37 1480.40 0.00
1559 9.30 1643.12 0.00
1560 11.72 2896.44 0.00
1561 538.48 6842.13 0.00
1562 7394.80 6051.91 0.00
1563 4235.17 10304.10 0.00
1564 7837.73 10045.19 0.00
1565 12744.12 12525.11 0.00
1566 5244.43 2905.09 0.00
1567 3359.17 5064.03 0.00
1568 2564.73 2542.97 0.00
1569 613.35 3220.08 0.00
1570 3419.48 5857.06 0.00
1571 9040.90 4844.91 0.00
1572 11183.22 8302.05 0.00
1573 10522.08 9079.30 0.00
1574 8162.52 4018.87 0.00
1575 3879.38 2512.36 0.00
1576 4841.86 2162.56 0.00
1577 4471.95 2883.45 0.00
1578 2446.89 2842.44 0.00
1579 5413.15 4488.66 0.00
1580 7068.77 7634.61 0.00
1581 4159.99 5740.39 0.00
1582 5232.89 3199.53 0.00
1583 4255.23 3408.70 0.00
1584 999.93 5659.58 0.00
1585 4778.88 2110.16 0.00
1586 4368.91 10.30 0.00
1587 2471.56 4.11 0.00
1588 1342.42 1442.92 0.00
1589 1597.67 1871.56 0.00
1590 1227.97 3.90 0.00
1591 1378.73 3.48 0.00
1592 984.83 2.11 0.00
1593 1588.76 2.43 0.00
1594 2425.19 1.85 0.00
1595 3.09 3.25 0.00
1596 4549.52 3056.41 0.00
1597 1417.76 3555.58 0.00
1598 2537.73 3067.34 0.00
1599 9020.93 7723.06 0.00
1600 8643.37 8760.70 0.00
1601 5461.56 6575.03 0.00
1602 3425.56 4999.47 0.00
1603 3479.90 7387.79 0.00
1604 4225.57 1920.68 0.00
1605 4231.04 3954.37 0.00
1606 2921.90 3759.46 0.00
1607 1970.65 2926.31 0.00
1608 2628.31 1868.65 0.00
1609 1819.85 1897.56 0.00
1610 3751.17 3550.12 0.00
1611 4962.52 4496.68 0.00
1612 3792.96 6471.45 0.00
1613 5713.97 9881.41 0.00
1614 9228.97 13595.15 0.00
1615 9433.60 12657.47 0.00
1616 12006.10 9819.70 0.00
1617 5987.36 7005.71 0.00
1618 4921.93 5660.63 0.00
1619 6285.00 5033.15 0.00
1620 4599.74 5306.68 0.00
1621 4000.88 4507.53 0.00
1622 5483.14 6621.33 0.00
1623 10252.75 657.17 0.00
1624 4810.56 4.17 0.00
1625 574.06 3.77 0.00
1626 5867.48 1376.90 0.00
1627 3809.32 4937.55 0.00
1628 6611.49 6913.81 0.00
1629 14351.36 7731.74 0.00
1630 13753.91 8924.79 0.00
1631 10417.99 9051.51 0.00
1632 6573.39 7235.81 0.00
1633 4582.91 4348.35 0.00
1634 3280.82 4869.99 0.00
1635 11821.73 11764.75 0.00
1636 15787.34 12162.88 0.00
1637 8150.25 4777.81 0.00
1638 5947.84 3079.29 0.00
1639 4429.15 4347.47 0.00
1640 2180.66 2022.07 0.00
1641 1733.36 1.92 0.00
1642 1385.39 1.66 0.00
1643 2.26 0.95 0.00
1644 0.94 0.37 0.00
1645 1306.50 23.40 0.00
1646 1949.24 3616.56 0.00
1647 2094.14 2043.52 0.00
1648 3698.28 2853.84 0.00
1649 3484.41 1625.26 0.00
1650 1987.98 4.28 0.00
1651 1439.13 3.23 0.00
1652 2.01 0.95 0.00
1653 0.83 0.37 0.00
1654 2169.21 1664.26 0.00
1655 4368.72 4242.30 0.00
1656 1578.89 2821.97 0.00
1657 3011.14 4534.32 0.00
1658 3134.77 5736.56 0.00
1659 3416.87 4406.40 0.00
1660 2562.90 6250.86 0.00
1661 1961.92 6085.52 0.00
1662 3391.81 6007.60 0.00
1663 6741.22 16910.26 0.00
1664 7697.58 15174.20 0.00
1665 6248.06 5805.24 0.00
1666 3277.10 2802.96 0.00
1667 3507.20 726.47 0.00
1668 2389.49 1792.00 0.00
1669 2014.46 3704.22 0.00
1670 1008.22 3918.35 0.00
1671 2189.69 4729.81 0.00
1672 3880.97 10649.24 0.00
1673 4970.95 6951.47 0.00
1674 679.72 1274.14 0.00
1675 1310.29 1327.79 0.00
1676 1721.47 1581.90 0.00
1677 1807.65 2268.55 0.00
1678 2405.55 4953.78 0.00
1679 4274.76 4369.63 0.00
1680 3500.13 1.74 0.00
1681 1.35 1.83 0.00
1682 2.07 2.61 0.00
1683 1168.22 2186.72 0.00
1684 4553.11 3169.70 0.00
1685 5517.16 4997.27 0.00
1686 1072.42 3638.07 0.00
1687 915.72 1051.39 0.00
1688 3544.64 4437.19 0.00
1689 4752.73 11085.48 0.00
1690 5216.73 8567.67 0.00
1691 1045.23 3995.26 0.00
1692 1590.42 4906.36 0.00
1693 8.16 2295.83 0.00
1694 21.76 6882.42 0.00
1695 15.93 7340.51 0.00
1696 8.31 3306.65 0.00
1697 7.28 1299.63 0.00
1698 8.37 3686.00 0.00
1699 6.21 2785.03 0.00
1700 4.19 1122.24 0.00
1701 1.11 0.30 0.00
1702 9.43 1408.47 0.00
1703 16.09 4921.65 0.00
1704 9.69 1647.72 0.00
1705 7.92 1840.00 0.00
1706 6.09 961.01 0.00
1707 4.87 1606.19 0.00
1708 3.44 1762.49 0.00
1709 2.72 463.04 0.00
1710 3.60 0.37 0.00
1711 1.74 2.91 0.00
1712 14.02 6370.72 0.00
1713 7.62 2357.76 0.00
1714 5.55 1626.92 0.00
1715 4.16 1883.27 0.00
1716 3.84 1035.37 0.00
1717 3.74 528.00 0.00
1718 13.35 2993.19 0.00
1719 18.52 5466.37 0.00
1720 14.35 6568.09 0.00
1721 9.95 2616.84 0.00
1722 7.74 3019.60 0.00
1723 4282.96 5170.11 0.00
1724 11966.24 7266.53 0.00
1725 13229.88 6817.43 0.00
1726 7656.37 3379.58 0.00
1727 4507.68 2803.68 0.00
1728 3712.00 1689.30 0.00
1729 4683.63 2012.19 0.00
1730 9711.46 5014.57 0.00
1731 2937.18 3405.27 0.00
1732 7721.17 5372.44 0.00
1733 3901.07 2156.90 0.00
1734 6533.36 4730.75 0.00
1735 10769.83 4673.70 0.00
1736 1812.43 894.76 0.00
1737 5930.21 3384.68 0.00
1738 9351.98 7110.77 0.00
1739 10920.29 5003.06 0.00
1740 1492.03 541.26 0.00
1741 2643.88 7.92 0.00
1742 6261.39 1981.72 0.00
1743 6955.72 1317.47 0.00
1744 6173.41 6.23 0.00
1745 5952.22 5.86 0.00
1746 1643.40 4.60 0.00
1747 2.35 0.62 0.00
1748 1.81 0.42 0.00
1749 3.43 0.96 0.00
1750 1.71 0.37 0.00
1751 1.41 2.86 0.00
1752 1.78 0.37 0.00
1753 2632.20 10.41 0.00
1754 7335.87 3227.91 0.00
1755 11134.68 5836.37 0.00
1756 5612.59 3253.57 0.00
1757 5375.16 3355.74 0.00
1758 11149.84 7205.58 0.00
1759 7237.33 3450.74 0.00
1760 4747.96 2069.17 0.00
1761 3283.30 1961.06 0.00
1762 4317.39 3578.91 0.00
1763 7123.69 5995.90 0.00
1764 9214.60 8779.01 0.00
1765 5968.47 2843.30 0.00
1766 5746.50 938.66 0.00
1767 5362.38 2226.60 0.00
1768 5588.86 2832.30 0.00
1769 6149.10 1755.06 0.00
1770 10879.90 4018.75 0.00
1771 11604.11 6923.18 0.00
1772 11387.40 6352.18 0.00
1773 9643.32 3970.50 0.00
1774 12944.96 6129.46 0.00
1775 6537.88 4043.17 0.00
1776 2631.22 2054.43 0.00
1777 7804.47 4746.73 0.00
1778 7219.51 8.86 0.00
1779 3795.92 3.54 0.00
1780 962.52 1.27 0.00
1781 1028.55 1.79 0.00
1782 3.48 0.56 0.00
1783 12328.69 2797.11 0.00
1784 20124.57 30.89 0.00
1785 5278.25 8.37 0.00
1786 3675.43 6.13 0.00
1787 2380.32 4.04 0.00
1788 1454.00 5.70 0.00
1789 6997.10 21.37 0.00
1790 7984.93 660.43 0.00
1791 6307.75 36.62 0.00
1792 7202.88 6.49 0.00
1793 1152.14 4.54 0.00
1794 1.59 0.56 0.00
1795 3301.67 270.70 0.00
1796 5281.52 1079.50 0.00
1797 4216.79 6.90 0.00
1798 4833.88 9.46 0.00
1799 2103.30 4.69 0.00
1800 1086.92 2.45 0.00
1801 575.46 3.76 0.00
1802 654.42 2.77 0.00
1803 145.78 2.77 0.00
1804 6383.56 915.96 0.00
1805 5722.48 1678.67 0.00
1806 7769.25 6723.24 0.00
1807 2131.32 1.98 0.00
1808 1635.20 3.53 0.00
1809 1281.00 4.41 0.00
1810 99.59 0.77 0.00
1811 1.25 1.01 0.00
1812 1.38 0.00 0.00
1813 0.73 0.37 0.00
1814 2.08 2.83 0.00
1815 1.53 0.53 0.00
1816 2827.52 3087.03 0.00
1817 992.16 992.64 0.00
1818 1763.28 2081.79 0.00
1819 1253.79 781.80 0.00
1820 830.39 5.52 0.00
1821 787.61 1.92 0.00
1822 781.73 1.90 0.00
1823 818.75 2.43 0.00
1824 60.64 0.95 0.00
1825 1.64 2.41 0.00
1826 3.56 0.95 0.00
1827 1782.92 1949.20 0.00
1828 1398.36 2549.84 0.00
1829 1199.24 62.95 0.00
1830 1930.33 3862.00 0.00
1831 2001.69 5.66 0.00
1832 1437.95 2.11 0.00
1833 1.67 0.26 0.00
1834 2.06 0.37 0.00
1835 0.65 0.82 0.00
1836 2.48 2.67 0.00
1837 3.46 0.63 0.00
1838 3027.52 4230.86 0.00
1839 3925.02 6603.19 0.00
1840 2089.36 1.46 0.00
1841 1.56 2.80 0.00
1842 1.43 0.56 0.00
1843 1.72 0.37 0.00
1844 1.51 0.95 0.00
1845 9.32 1878.29 0.00
1846 2229.81 5178.63 0.00
1847 3541.94 3504.03 0.00
1848 1347.59 2.50 0.00
1849 714.23 2.04 0.00
1850 1.90 0.89 0.00
1851 1410.47 6662.32 0.00
1852 701.77 6568.97 0.00
1853 3760.07 6989.71 0.00
1854 6947.52 6211.65 0.00
1855 13596.56 14413.75 0.00
1856 8447.30 12526.73 0.00
1857 1935.90 4400.14 0.00
1858 7482.09 7510.99 0.00
1859 10035.35 11582.58 0.00
1860 3636.27 3.54 0.00
1861 3800.88 4491.76 0.00
1862 4721.96 23117.62 0.00
1863 10127.97 23407.40 0.00
1864 6832.16 15210.16 0.00
1865 1011.80 7352.21 0.00
1866 7540.21 17362.40 0.00
1867 3133.20 14378.74 0.00
1868 21.89 12293.00 0.00
1869 1457.12 16847.89 0.00
1870 4775.55 10216.27 0.00
1871 209.71 10209.35 0.00
1872 17.91 9744.80 0.00
1873 23.09 12870.46 0.00
1874 46.05 24855.16 0.00
1875 25.55 15175.17 0.00
1876 18.47 12724.79 0.00
1877 7749.32 14712.12 0.00
1878 732.31 13131.74 0.00
1879 23.52 10460.90 0.00
1880 35.06 18108.25 0.00
1881 35.56 19091.50 0.00
1882 20.00 12426.40 0.00
1883 22.25 15639.39 0.00
1884 1417.67 5149.40 0.00
1885 2190.25 2597.67 0.00
1886 8.82 2882.62 0.00
1887 14.22 6240.84 0.00
1888 22.32 6257.21 0.00
1889 9.88 4221.71 0.00
1890 7.38 2777.72 0.00
1891 9.41 3473.97 0.00
1892 6.68 1612.18 0.00
1893 4.47 1556.07 0.00
1894 3760.31 4889.32 0.00
1895 3034.00 11953.72 0.00
1896 12.66 5743.04 0.00
1897 6.22 2872.32 0.00
1898 12.06 3736.98 0.00
1899 2253.50 10473.27 0.00
1900 5541.09 17180.45 0.00
1901 3524.07 16994.82 0.00
1902 15.61 6511.76 0.00
1903 12.11 3784.50 0.00
1904 17.72 7106.73 0.00
1905 4.84 2724.19 0.00
1906 9.78 3498.89 0.00
1907 21.47 9961.62 0.00
1908 25.41 9387.01 0.00
1909 11.27 4317.09 0.00
1910 8.23 5472.48 0.00
1911 4.60 4500.45 0.00
1912 2.66 1016.92 0.00
1913 1.38 1.57 0.00
1914 11.70 4145.66 0.00
1915 9.19 4776.48 0.00
1916 8.48 5573.07 0.00
1917 8.77 3016.90 0.00
1918 5.45 3137.69 0.00
1919 6.81 2562.32 0.00
1920 5.15 1787.76 0.00
1921 3.80 1037.64 0.00
1922 5.88 2258.91 0.00
1923 8.97 4092.58 0.00
1924 9.15 3174.95 0.00
1925 9.68 3673.33 0.00
1926 9.62 2358.26 0.00
1927 9.58 3503.29 0.00
1928 6.64 2143.13 0.00
1929 13.33 5630.91 0.00
1930 18.93 6955.56 0.00
1931 7.71 2311.61 0.00
1932 13.24 6753.79 0.00
1933 11.14 6776.99 0.00
1934 10.64 3867.34 0.00
1935 9.59 3393.04 0.00
1936 13.61 6070.30 0.00
1937 13.37 6102.86 0.00
1938 15.46 3691.08 0.00
1939 5.62 1124.68 0.00
1940 10.32 2934.74 0.00
1941 4.74 1529.52 0.00
1942 6.44 1967.59 0.00
1943 9.64 3324.84 0.00
1944 6.29 2024.35 0.00
1945 4.28 1300.14 0.00
1946 7.26 1587.27 0.00
1947 4.23 1498.64 0.00
1948 3.98 1323.98 0.00
1949 5.56 1330.36 0.00
1950 4.60 2229.28 0.00
1951 1.11 2.64 0.00
1952 2.22 2.15 0.00
1953 1.80 2.32 0.00
1954 2.46 5.60 0.00
1955 2.41 6.97 0.00
1956 1.50 1.54 0.00
1957 7.86 1184.85 0.00
1958 19.89 5760.07 0.00
1959 7.83 2738.43 0.00
1960 8.16 2751.54 0.00
1961 4.51 2034.19 0.00
1962 2.36 2568.64 0.00
1963 3.14 1101.14 0.00
1964 1.02 2.05 0.00
1965 8.00 2981.04 0.00
1966 5.56 2068.49 0.00
1967 5.84 2665.43 0.00
1968 6.87 2706.99 0.00
1969 16.36 6111.93 0.00
1970 6.53 2925.22 0.00
1971 4.10 2357.31 0.00
1972 1.37 75.54 0.00
1973 1.53 2.35 0.00
1974 1.62 1.99 0.00
1975 3.06 0.82 0.00
1976 0.67 0.30 0.00
1977 1.49 0.30 0.00
1978 2.78 2.87 0.00
1979 1.37 0.30 0.00
1980 1.55 0.30 0.00
1981 2.15 2.39 0.00
1982 0.60 0.30 0.00
1983 2.42 2.35 0.00
1984 1.40 2.50 0.00
1985 0.66 0.30 0.00
1986 2.00 0.30 0.00
1987 2.05 0.82 0.00
1988 1.37 2.35 0.00
1989 1.50 0.30 0.00
1990 1.11 0.82 0.00
1991 0.72 0.30 0.00
1992 1.69 0.30 0.00
1993 1.48 2.93 0.00
1994 1.61 1.99 0.00
1995 0.84 0.30 0.00
1996 1.01 2.39 0.00
1997 1.59 0.30 0.00
1998 2.45 2.48 0.00
1999 0.77 0.82 0.00
2000 2.65 0.30 0.00
2001 1.11 0.00 0.00
2002 0.92 0.82 0.00
2003 3.18 2.32 0.00
2004 0.95 2.02 0.00
2005 0.77 0.82 0.00
2006 1.55 0.30 0.00
2007 1.05 0.30 0.00
2008 1.19 2.87 0.00
2009 1.11 0.30 0.00
2010 0.88 0.30 0.00
2011 0.90 2.39 0.00
2012 1.27 0.30 0.00
2013 2.08 2.35 0.00
2014 2.44 2.50 0.00
2015 0.67 0.30 0.00
2016 1.11 0.30 0.00
2017 1.75 0.82 0.00
2018 0.91 2.29 0.00
2019 1.28 0.30 0.00
2020 1.81 0.82 0.00
2021 0.66 0.30 0.00
2022 1.59 0.30 0.00
2023 1.26 2.93 0.00
2024 1.06 1.99 0.00
2025 1.43 0.30 0.00
2026 1.57 2.39 0.00
2027 1.26 0.30 0.00
2028 2.02 2.29 0.00
2029 1.67 0.82 0.00
2030 0.45 0.00 0.00
2031 1.78 0.30 0.00
2032 1.04 0.82 0.00
2033 2.25 2.22 0.00
2034 0.73 2.05 0.00
2035 1.92 0.82 0.00
2036 1.93 0.30 0.00
2037 1.31 0.30 0.00
2038 1.32 2.93 0.00
2039 1.70 0.30 0.00
2040 0.72 0.00 0.00
2041 2.44 2.52 0.00
2042 4.46 0.75 0.00
2043 1.40 1.87 0.00
2044 1.05 0.82 0.00
2045 2.39 1.41 0.00
2046 1.24 2.90 0.00
2047 1.29 0.88 0.00
2048 1.22 0.30 0.00
2049 0.77 0.30 0.00
2050 0.86 1.01 0.00
2051 1.28 0.28 0.00
2052 1.21 0.30 0.00
2053 2.80 0.82 0.00
2054 0.77 0.30 0.00
2055 0.77 0.30 0.00
2056 3.38 2.39 0.00
2057 1.71 0.30 0.00
2058 0.78 0.30 0.00
2059 3.04 0.82 0.00
2060 0.78 0.30 0.00
2061 1.77 0.30 0.00
2062 2.43 0.82 0.00
2063 1.60 0.30 0.00
2064 1.45 0.30 0.00
2065 1.54 0.82 0.00
2066 0.67 0.30 0.00
2067 0.93 0.30 0.00
2068 1.83 0.82 0.00
2069 0.66 0.30 0.00
2070 0.77 0.30 0.00
2071 1.46 2.39 0.00
2072 1.37 0.30 0.00
2073 1.77 0.30 0.00
2074 0.66 0.82 0.00
2075 0.77 0.30 0.00
2076 1.67 0.30 0.00
2077 0.92 0.82 0.00
2078 0.95 0.30 0.00
2079 1.51 0.30 0.00
2080 1.09 0.82 0.00
2081 0.94 0.30 0.00
2082 2.16 0.30 0.00
2083 0.56 0.82 0.00
2084 0.33 0.30 0.00
2085 1.74 0.30 0.00
2086 0.90 2.39 0.00
2087 0.59 0.30 0.00
2088 2.11 0.30 0.00
2089 1.33 0.82 0.00
2090 0.66 0.30 0.00
2091 3.05 0.30 0.00
2092 1.37 0.82 0.00
2093 1.73 0.30 0.00
2094 0.89 0.30 0.00
2095 3.40 0.82 0.00
2096 1.44 0.30 0.00
2097 1.68 0.30 0.00
2098 2.34 0.82 0.00
2099 2.03 0.30 0.00
2100 1.25 0.30 0.00
2101 1.23 2.39 0.00
2102 1.59 0.30 0.00
2103 1.10 0.30 0.00
2104 1.30 0.82 0.00
2105 1.44 0.30 0.00
2106 1.09 0.30 0.00
2107 1.74 0.82 0.00
2108 1.44 0.30 0.00
2109 1.38 0.30 0.00
2110 1.21 0.82 0.00
2111 1.66 0.30 0.00
2112 1.77 0.30 0.00
2113 2.29 0.82 0.00
2114 1.78 0.30 0.00
2115 1.04 0.30 0.00
2116 2.97 2.39 0.00
2117 1.88 0.30 0.00
2118 1.42 0.30 0.00
2119 2.53 0.82 0.00
2120 2.51 0.30 0.00
2121 1.36 0.30 0.00
2122 2.04 0.82 0.00
2123 2.92 0.30 0.00
2124 1.34 0.30 0.00
2125 2.31 0.82 0.00
2126 0.77 0.30 0.00
2127 0.93 0.30 0.00
2128 2.70 0.82 0.00
2129 1.17 0.30 0.00
2130 2.34 0.30 0.00
2131 3.01 2.39 0.00
2132 1.05 0.30 0.00
2133 3.06 0.30 0.00
2134 1.96 0.82 0.00
2135 1.19 0.30 0.00
2136 2.98 0.30 0.00
2137 2.79 0.82 0.00
2138 1.08 0.30 0.00
2139 1.33 0.30 0.00
2140 1.85 0.82 0.00
2141 1.06 0.30 0.00
2142 1.23 0.30 0.00
2143 1.55 0.82 0.00
2144 2.07 0.30 0.00
2145 1.80 0.30 0.00
2146 1.99 2.39 0.00
2147 1.94 0.30 0.00
2148 1.61 0.30 0.00
2149 1.54 0.82 0.00
2150 1.30 0.30 0.00
2151 1.67 0.30 0.00
2152 1.58 0.82 0.00
2153 1.12 0.30 0.00
2154 1.55 0.30 0.00
2155 1.46 0.82 0.00
2156 0.99 0.30 0.00
2157 2.04 0.30 0.00
2158 0.88 0.82 0.00
2159 2.30 0.30 0.00
2160 1.75 0.30 0.00
2161 1.42 2.39 0.00
2162 1.15 0.30 0.00
2163 1.55 0.30 0.00
2164 1.41 0.51 0.00
2165 0.77 0.30 0.00
2166 1.85 0.30 0.00
2167 2.18 0.82 0.00
2168 0.88 0.30 0.00
2169 3.13 0.30 0.00
2170 0.88 0.82 0.00
2171 0.54 0.30 0.00
2172 3.08 0.30 0.00
2173 1.29 0.82 0.00
2174 2.18 0.30 0.00
2175 2.72 0.30 0.00
2176 1.94 2.39 0.00
2177 2.09 0.30 0.00
2178 0.88 0.30 0.00
2179 1.43 0.82 0.00
2180 2.50 0.30 0.00
2181 1.11 0.30 0.00
2182 1.36 0.82 0.00
2183 1.92 0.30 0.00
2184 1.33 0.30 0.00
2185 1.43 0.82 0.00
2186 1.44 0.30 0.00
2187 0.71 0.30 0.00
2188 0.86 0.82 0.00
2189 1.45 0.30 0.00
2190 0.98 0.30 0.00
2191 1.12 2.39 0.00
2192 1.49 0.30 0.00
2193 1.07 0.30 0.00
2194 1.98 0.82 0.00
2195 0.99 0.30 0.00
2196 1.29 0.30 0.00
2197 1.48 0.82 0.00
2198 1.41 0.30 0.00
2199 1.11 0.30 0.00
2200 1.87 0.82 0.00
2201 0.88 0.30 0.00
2202 1.15 0.30 0.00
2203 1.44 0.82 0.00
2204 0.97 0.30 0.00
2205 1.11 0.30 0.00
2206 1.91 2.39 0.00
2207 1.37 0.30 0.00
2208 1.92 0.30 0.00
2209 1.22 0.82 0.00
2210 0.77 0.30 0.00
2211 1.81 0.30 0.00
2212 1.37 0.82 0.00
2213 0.77 0.30 0.00
2214 2.37 0.30 0.00
2215 1.02 0.81 0.00
2216 0.44 0.30 0.00
2217 1.05 0.30 0.00
2218 0.43 0.82 0.00
2219 1.04 0.30 0.00
2220 1.22 0.30 0.00
2221 0.78 2.39 0.00
2222 1.04 0.30 0.00
2223 1.55 0.30 0.00
2224 0.97 0.96 0.00
2225 0.89 0.30 0.00
2226 1.44 0.30 0.00
2227 1.18 0.82 0.00
2228 0.67 0.30 0.00
2229 1.00 0.30 0.00
2230 0.76 0.82 0.00
2231 0.66 0.30 0.00
2232 1.70 0.30 0.00
2233 0.66 0.82 0.00
2234 1.55 0.30 0.00
2235 0.88 0.30 0.00
2236 1.31 2.39 0.00
2237 1.93 0.30 0.00
2238 0.66 0.30 0.00
2239 0.66 0.82 0.00
2240 1.33 0.30 0.00
2241 0.55 0.30 0.00
2242 1.03 0.82 0.00
2243 1.81 0.30 0.00
2244 0.99 0.30 0.00
2245 0.99 0.82 0.00
2246 2.43 0.30 0.00
2247 1.97 0.30 0.00
2248 0.55 0.82 0.00
2249 1.22 0.30 0.00
2250 2.03 0.30 0.00
2251 0.90 2.39 0.00
2252 1.82 0.30 0.00
2253 1.93 0.30 0.00
2254 1.65 0.82 0.00
2255 0.77 0.30 0.00
2256 1.00 0.30 0.00
2257 2.15 0.82 0.00
2258 1.44 0.30 0.00
2259 1.34 0.30 0.00
2260 1.99 0.82 0.00
2261 0.88 0.30 0.00
2262 0.93 0.30 0.00
2263 1.44 0.82 0.00
2264 0.77 0.30 0.00
2265 0.90 0.30 0.00
2266 1.35 2.39 0.00
2267 1.04 0.30 0.00
2268 0.55 0.30 0.00
2269 1.33 0.82 0.00
2270 0.55 0.30 0.00
2271 0.55 0.30 0.00
2272 1.82 0.82 0.00
2273 0.89 0.30 0.00
2274 1.44 0.30 0.00
2275 1.03 0.82 0.00
2276 0.55 0.30 0.00
2277 5.36 3.53 0.00
2278 0.99 0.82 0.00
2279 1.42 0.30 0.00
2280 4.99 538.64 0.00
2281 0.79 2.39 0.00
2282 1.15 0.30 0.00
2283 1.34 0.30 0.00
2284 0.44 0.82 0.00
2285 8.70 200.09 0.00
2286 1.33 0.30 0.00
2287 5.39 4.04 0.00
2288 9.91 1335.08 0.00
