0 1.27 0.37 0.00
1 3.27 0.30 0.00
2 0.85 0.82 0.00
3 1.31 0.30 0.00
4 3.08 0.37 0.00
5 7.77 7.52 0.00
6 1.50 0.36 0.00
7 2.26 0.30 0.00
8 0.83 0.82 0.00
9 4.31 0.37 0.00
10 2.49 4.51 0.00
11 0.94 0.85 0.00
12 1.85 0.30 0.00
13 1.53 0.30 0.00
14 1.68 0.82 0.00
15 2.25 1.97 0.00
16 0.75 0.36 0.00
17 0.67 0.82 0.00
18 2.37 0.30 0.00
19 0.62 0.45 0.00
20 1.41 4.00 0.00
21 1.45 0.33 0.00
22 0.55 0.30 0.00
23 0.66 0.82 0.00
24 1.27 0.30 0.00
25 2.19 1.78 0.00
26 1.11 0.87 0.00
27 1.33 0.30 0.00
28 0.86 0.30 0.00
29 1.23 0.82 0.00
30 3.68 5.29 0.00
31 0.62 0.43 0.00
32 0.77 0.82 0.00
33 1.44 0.30 0.00
34 2.14 5.07 0.00
35 4.78 193.28 0.00
36 18.46 5.99 0.00
37 1.33 11.94 0.00
38 1.54 3.43 0.00
39 74351.81 138.31 0.00
40 14960.77 30.27 0.00
41 2.56 2.59 0.00
42 1.93 0.58 0.00
43 4.33 2.08 0.00
44 3.08 0.82 0.00
45 1.74 3.88 0.00
46 25.23 2.32 0.00
47 1.55 0.82 0.00
48 1.39 0.30 0.00
49 0.95 1.87 0.00
50 1.95 2.47 0.00
51 0.54 0.37 0.00
52 0.55 0.30 0.00
53 1.77 0.82 0.00
54 1.11 4.30 0.00
55 0.96 1.91 0.00
56 1.86 0.87 0.00
57 0.66 0.30 0.00
58 2.37 43.86 0.00
59 1.48 22.99 0.00
60 1.61 1.83 0.00
61 1.34 0.37 0.00
62 1.63 0.82 0.00
63 1.00 4.36 0.00
64 0.73 1.85 0.00
65 1.56 2.31 0.00
66 1.42 0.41 0.00
67 12.76 1.69 0.00
68 1.65 0.82 0.00
69 1.52 0.30 0.00
70 76.04 40261.10 0.00
71 15.40 14345.93 0.00
72 6.53 3295.60 0.00
73 2.77 342.83 0.00
74 7.81 440.28 0.00
75 39.76 7372.21 0.00
76 11.61 2197.50 0.00
77 65.67 21723.93 0.00
78 53.93 19719.18 0.00
79 51.13 18366.54 0.00
80 39.87 12090.60 0.00
81 384.88 23341.43 0.00
82 75.70 20345.09 0.00
83 76.38 23064.25 0.00
84 64.44 23859.22 0.00
85 92.65 30010.01 0.00
86 51.20 19471.59 0.00
87 31.21 15547.56 0.00
88 22.42 16683.79 0.00
89 297.22 17361.93 0.00
90 25.71 14688.84 0.00
91 27.37 11541.17 0.00
92 32.08 16683.14 0.00
93 7.89 3018.69 0.00
94 11.02 3669.81 0.00
95 4.84 1659.10 0.00
96 8.71 2976.04 0.00
97 4.79 2036.89 0.00
98 14.60 5658.84 0.00
99 211.66 6038.78 0.00
100 1.20 2.06 0.00
101 0.88 0.85 0.00
102 1.44 0.30 0.00
103 0.91 4.36 0.00
104 214.64 12.99 0.00
105 1.69 1.96 0.00
106 0.55 0.37 0.00
107 0.99 0.82 0.00
108 2.68 65.97 0.00
109 1.76 2.33 0.00
110 124.10 13.45 0.00
111 142.25 11.19 0.00
112 1.10 0.30 0.00
113 0.95 4.81 0.00
114 11.85 9.60 0.00
115 2.08 2.06 0.00
116 0.77 0.85 0.00
117 4.89 155.96 0.00
118 264.48 52.13 0.00
119 1.20 0.82 0.00
120 2.55 2.00 0.00
121 1.93 0.33 0.00
122 0.94 0.82 0.00
123 2.58 4.75 0.00
124 297.72 359.21 0.00
125 67.75 8.17 0.00
126 4.24 164.69 0.00
127 172.81 126.68 0.00
128 13110.04 73.00 0.00
129 47037.92 129.02 0.00
130 52509.25 88.48 0.00
131 50493.26 150.48 0.00
132 52150.01 382.42 0.00
133 60449.77 141.39 0.00
134 50957.43 286.19 0.00
135 63987.57 92.60 0.00
136 63353.56 108.12 0.00
137 60089.17 100.92 0.00
138 19523.49 225.79 0.00
139 17.63 77.07 0.00
140 1.11 0.82 0.00
141 1.67 1.90 0.00
142 0.85 0.63 0.00
143 0.94 2.37 0.00
144 1.27 0.30 0.00
145 1.36 0.30 0.00
146 1.04 2.35 0.00
147 1.22 0.30 0.00
148 0.88 0.30 0.00
149 0.81 0.82 0.00
150 1.28 0.30 0.00
151 0.78 1.90 0.00
152 0.77 0.82 0.00
153 1.11 0.30 0.00
154 0.73 0.45 0.00
155 1.77 2.25 0.00
156 2.32 1.83 0.00
157 0.66 0.30 0.00
158 1.62 2.44 0.00
159 2.74 1.71 0.00
160 0.54 0.30 0.00
161 1.77 2.29 0.00
162 1.66 0.06 0.00
163 0.66 0.00 0.00
164 1.60 0.69 0.00
165 0.66 0.00 0.00
166 1.23 1.53 0.00
167 1.78 0.58 0.00
168 0.77 0.00 0.00
169 1.65 0.06 0.00
170 1.91 2.02 0.00
171 1.18 1.68 0.00
172 0.55 0.00 0.00
173 2.23 2.20 0.00
174 7.34 505.53 0.00
175 1.17 22.37 0.00
176 0.94 2.04 0.00
177 0.78 0.00 0.00
178 2.23 0.24 0.00
179 0.71 0.52 0.00
180 0.89 0.00 0.00
181 2.60 1.62 0.00
182 5.96 7.12 0.00
183 19.26 3.56 0.00
184 1.74 0.14 0.00
185 0.71 2.34 0.00
186 1.59 1.96 0.00
187 1.97 0.30 0.00
188 1.32 0.82 0.00
189 2.02 0.30 0.00
190 1.53 0.30 0.00
191 1.12 2.09 0.00
192 1.42 0.30 0.00
193 1.99 4.67 0.00
194 0.71 0.00 0.00
195 2.48 0.00 0.00
196 1.22 2.22 0.00
197 1.00 0.82 0.00
198 2.48 0.30 0.00
199 0.60 0.30 0.00
200 0.55 0.82 0.00
201 3.12 1.90 0.00
202 0.67 0.30 0.00
203 1.19 6.62 0.00
204 1.57 0.30 0.00
205 1.15 0.30 0.00
206 1.62 2.48 0.00
207 1.33 0.30 0.00
208 1.24 0.30 0.00
209 1.15 0.82 0.00
210 259.69 2.82 0.00
211 0.83 1.84 0.00
212 0.66 0.82 0.00
213 1.74 4.54 0.00
214 0.84 0.50 0.00
215 182.95 5.34 0.00
216 168.29 4.88 0.00
217 1.08 0.29 0.00
218 1.60 0.82 0.00
219 2.24 0.47 0.00
220 134.73 178.12 0.00
221 3.13 2.53 0.00
222 0.97 0.28 0.00
223 0.55 0.30 0.00
224 1.99 5.06 0.00
225 0.83 0.30 0.00
226 1.66 2.03 0.00
227 1.33 0.82 0.00
228 4.84 8.42 0.00
229 1.62 0.68 0.00
230 1.77 2.25 0.00
231 1.22 1.90 0.00
232 1.13 5.48 0.00
233 29.82 16.64 0.00
234 2.38 0.58 0.00
235 2.97 129.78 0.00
236 3.44 45.77 0.00
237 0.89 22.54 0.00
238 2.19 0.30 0.00
239 2.39 0.81 0.00
240 1.11 0.30 0.00
241 2.43 1.96 0.00
242 0.78 0.51 0.00
243 1.02 4.67 0.00
244 1.83 1.87 0.00
245 0.66 0.82 0.00
246 1.24 2.03 0.00
247 1.22 0.30 0.00
248 0.55 0.82 0.00
249 1.88 0.30 0.00
250 1.53 0.30 0.00
251 0.89 2.29 0.00
252 1.08 0.00 0.00
253 1.62 4.54 0.00
254 0.92 0.30 0.00
255 1.33 0.30 0.00
256 1.30 2.61 0.00
257 237.32 3.31 0.00
258 1.88 0.29 0.00
259 66.75 2.04 0.00
260 1.00 0.30 0.00
261 2.45 2.03 0.00
262 11.35 11.12 0.00
263 21.48 21.34 0.00
264 1.75 0.34 0.00
265 1.36 0.82 0.00
266 11.11 10.30 0.00
267 1.55 0.30 0.00
268 0.88 0.82 0.00
269 1.05 0.30 0.00
270 3.49 118.61 0.00
271 1.30 2.61 0.00
272 1.59 0.30 0.00
273 1.63 4.54 0.00
274 1.03 0.82 0.00
275 2.58 0.30 0.00
276 1.42 3.60 0.00
277 0.88 0.82 0.00
278 2.93 0.30 0.00
279 1.26 0.30 0.00
280 0.88 0.82 0.00
281 2.68 1.96 0.00
282 1.74 0.30 0.00
283 1.51 5.06 0.00
284 1.60 0.30 0.00
285 0.89 0.30 0.00
286 1.51 2.48 0.00
287 1.33 0.30 0.00
288 0.55 0.30 0.00
289 0.92 0.82 0.00
290 1.80 1.87 0.00
291 0.89 1.90 0.00
292 1.33 0.82 0.00
293 2.07 4.54 0.00
294 0.93 0.30 0.00
295 1.88 0.82 0.00
296 1.18 1.97 0.00
297 0.78 0.30 0.00
298 193.65 3.55 0.00
299 0.60 0.30 0.00
300 0.66 0.30 0.00
301 2.88 2.48 0.00
302 0.66 0.30 0.00
303 1.35 5.39 0.00
304 3.37 215.27 0.00
305 0.55 0.30 0.00
306 1.07 1.97 0.00
307 1.44 0.82 0.00
308 0.66 0.30 0.00
309 2.08 0.30 0.00
310 1.44 0.82 0.00
311 2.76 2.10 0.00
312 11.31 9.67 0.00
313 4.37 142.68 0.00
314 2.79 0.76 0.00
315 289.73 3.95 0.00
316 1.57 3.35 0.00
317 3.48 127.97 0.00
318 1.44 18.69 0.00
319 0.70 0.82 0.00
320 1.28 0.37 0.00
321 2.58 2.01 0.00
322 0.61 0.95 0.00
323 2.72 4.54 0.00
324 1.78 0.30 0.00
325 2.07 2.46 0.00
326 1.62 1.97 0.00
327 1.67 0.30 0.00
328 0.99 0.82 0.00
329 0.71 0.30 0.00
330 1.89 0.30 0.00
331 1.28 2.48 0.00
332 0.89 0.30 0.00
333 4.26 87.82 0.00
334 0.90 84.60 0.00
335 2.15 10.43 0.00
336 1.21 2.42 0.00
337 0.66 0.82 0.00
338 1.56 0.30 0.00
339 1.63 10.50 0.00
340 0.55 0.82 0.00
341 2.34 1.90 0.00
342 0.55 0.30 0.00
343 1.67 2.37 0.00
344 1.81 0.30 0.00
345 0.55 0.30 0.00
346 43.30 16.12 0.00
347 1.78 0.30 0.00
348 0.77 0.30 0.00
349 2.10 2.39 0.00
350 0.88 0.30 0.00
351 1.57 1.90 0.00
352 2.04 0.82 0.00
353 1.91 4.54 0.00
354 1.16 0.30 0.00
355 3.48 0.82 0.00
356 1.40 2.03 0.00
357 0.90 0.30 0.00
358 2.04 0.82 0.00
359 1.26 0.30 0.00
360 0.44 0.30 0.00
361 2.54 2.48 0.00
362 1.50 0.30 0.00
363 1.18 4.54 0.00
364 1.70 0.82 0.00
365 0.66 0.30 0.00
366 1.57 2.05 0.00
367 3.58 212.73 0.00
368 0.73 0.30 0.00
369 1.41 0.30 0.00
370 1.66 0.82 0.00
371 1.11 1.90 0.00
372 0.95 0.30 0.00
373 2.02 5.06 0.00
374 0.71 0.30 0.00
375 1.51 0.30 0.00
376 1.28 2.48 0.00
377 0.44 0.30 0.00
378 1.33 0.30 0.00
379 1.56 2.39 0.00
380 0.55 0.30 0.00
381 2.05 2.10 0.00
382 1.72 1.10 0.00
383 1.40 0.83 0.00
384 69.53 114.10 0.00
385 1.42 23.06 0.00
386 2.07 2.07 0.00
387 1.84 0.30 0.00
388 2.26 1.63 0.00
389 3.15 166.90 0.00
390 1.45 0.30 0.00
391 2.48 2.42 0.00
392 6.57 160.39 0.00
393 1.98 4.61 0.00
394 2.13 2.36 0.00
395 2.05 0.30 0.00
396 1.58 2.03 0.00
397 0.76 0.86 0.00
398 120.01 2.53 0.00
399 1.12 0.29 0.00
400 0.65 0.82 0.00
401 1.69 2.03 0.00
402 0.66 0.30 0.00
403 1.51 5.12 0.00
404 1.61 0.00 0.00
405 1.32 0.00 0.00
406 1.24 2.52 0.00
407 12.48 9.00 0.00
408 1.96 0.30 0.00
409 1.51 2.08 0.00
410 2.22 0.30 0.00
411 2.66 1.76 0.00
412 1.52 0.33 0.00
413 3.32 5.70 0.00
414 4.44 246.90 0.00
415 2.87 0.82 0.00
416 11.73 10.30 0.00
417 1.92 0.30 0.00
418 3.22 0.82 0.00
419 1.02 0.00 0.00
420 1.56 0.30 0.00
421 2.43 2.48 0.00
422 2.06 0.30 0.00
423 2.12 4.54 0.00
424 11.94 10.79 0.00
425 1.20 0.30 0.00
426 1.95 1.90 0.00
427 3.20 0.82 0.00
428 0.85 0.30 0.00
429 1.94 0.30 0.00
430 3.45 0.82 0.00
431 1.64 1.90 0.00
432 1.64 0.30 0.00
433 200.25 7.53 0.00
434 0.44 0.13 0.00
435 1.84 0.30 0.00
436 11.52 11.18 0.00
437 1.19 0.30 0.00
438 1.68 0.30 0.00
439 1.74 2.08 0.00
440 1.19 0.30 0.00
441 2.72 1.61 0.00
442 1.00 0.57 0.00
443 1.37 4.24 0.00
444 1.16 0.30 0.00
445 12.65 9.22 0.00
446 1.13 2.03 0.00
447 1.11 0.30 0.00
448 1.00 0.51 0.00
449 0.60 0.30 0.00
450 1.11 0.30 0.00
451 1.00 2.42 0.00
452 0.89 0.30 0.00
453 159.12 6.82 0.00
454 0.83 2.39 0.00
455 0.92 0.43 0.00
456 12.39 10.66 0.00
457 0.96 0.82 0.00
458 136.81 161.27 0.00
459 1.38 0.28 0.00
460 1.21 0.82 0.00
461 1.95 2.09 0.00
462 1.11 0.30 0.00
463 1.11 6.29 0.00
464 0.71 0.00 0.00
465 1.21 0.30 0.00
466 3.07 2.31 0.00
467 0.88 0.30 0.00
468 1.86 0.30 0.00
469 3.54 2.89 0.00
470 0.67 0.00 0.00
471 5.25 178.28 0.00
472 2.04 0.82 0.00
473 1.11 0.00 0.00
474 1.60 0.00 0.00
475 1.83 0.51 0.00
476 2.15 6.18 0.00
477 1.43 4.70 0.00
478 1.36 0.82 0.00
479 1.27 0.30 0.00
480 0.78 0.00 0.00
481 12.39 11.24 0.00
482 1.33 0.30 0.00
483 1.82 4.54 0.00
484 0.94 2.39 0.00
485 1.56 0.30 0.00
486 134.46 4.94 0.00
487 158.42 3.20 0.00
488 1.64 0.30 0.00
489 1.50 0.00 0.00
490 0.66 0.51 0.00
491 1.98 1.79 0.00
492 1.09 0.37 0.00
493 1.38 4.75 0.00
494 1.38 0.00 0.00
495 1.22 0.00 0.00
496 1.29 2.18 0.00
497 0.55 0.00 0.00
498 1.22 0.00 0.00
499 1.68 0.51 0.00
500 0.90 1.87 0.00
501 2.25 2.03 0.00
502 0.55 0.82 0.00
503 0.85 4.24 0.00
504 23.13 17.10 0.00
505 1.36 0.82 0.00
506 1.08 2.07 0.00
507 1.69 0.53 0.00
508 12.97 9.34 0.00
509 0.84 0.30 0.00
510 1.97 0.06 0.00
511 2.00 1.70 0.00
512 0.76 0.85 0.00
513 1.45 0.30 0.00
514 164.66 8.06 0.00
515 1.10 0.30 0.00
516 1.09 1.76 0.00
517 0.66 0.54 0.00
518 1.17 0.43 0.00
519 0.71 0.00 0.00
520 0.44 0.51 0.00
521 1.87 1.74 0.00
522 0.66 0.00 0.00
523 0.66 0.57 0.00
524 1.16 0.00 0.00
525 0.55 0.00 0.00
526 1.31 2.31 0.00
527 1.73 4.54 0.00
528 1.43 0.00 0.00
529 1.16 2.39 0.00
530 1.44 0.30 0.00
531 1.71 1.97 0.00
532 0.77 0.82 0.00
533 1.62 4.54 0.00
534 0.82 0.00 0.00
535 1.65 0.82 0.00
536 1.17 1.88 0.00
537 0.88 0.37 0.00
538 129.38 3.69 0.00
539 131.23 1.51 0.00
540 11.12 9.00 0.00
541 2.50 2.24 0.00
542 0.88 0.30 0.00
543 2.16 4.61 0.00
544 1.50 2.06 0.00
545 0.55 0.00 0.00
546 2.23 1.71 0.00
547 2.82 66.19 0.00
548 0.55 0.00 0.00
549 3.21 0.45 0.00
550 1.50 0.64 0.00
551 182.03 3.53 0.00
552 1.59 0.00 0.00
553 2.64 4.75 0.00
554 1.40 0.06 0.00
555 1.85 0.00 0.00
556 1.60 2.22 0.00
557 0.62 0.00 0.00
558 1.85 0.00 0.00
559 12.21 10.78 0.00
560 0.62 0.00 0.00
561 1.91 1.59 0.00
562 11.35 8.98 0.00
563 1.07 4.24 0.00
564 267.92 2.98 0.00
565 1.14 0.71 0.00
566 1.69 1.70 0.00
567 1.67 0.00 0.00
568 0.99 0.54 0.00
569 11.08 8.40 0.00
570 3.16 97.55 0.00
571 0.96 13.49 0.00
572 0.66 0.00 0.00
573 1.62 4.24 0.00
574 0.81 0.51 0.00
575 1.47 0.14 0.00
576 1.53 3.19 0.00
577 0.82 0.54 0.00
578 1.22 0.00 0.00
579 0.56 0.13 0.00
580 0.44 0.51 0.00
581 1.76 1.74 0.00
582 2.15 0.00 0.00
583 1.51 4.81 0.00
584 1.50 0.00 0.00
585 1.38 0.00 0.00
586 1.48 2.37 0.00
587 1.22 0.00 0.00
588 2.38 0.28 0.00
589 4.25 213.93 0.00
590 1.67 0.14 0.00
591 0.86 2.97 0.00
592 0.66 0.57 0.00
593 1.38 0.06 0.00
594 1.35 4.21 0.00
595 1.44 0.51 0.00
596 1.23 1.54 0.00
597 0.67 0.00 0.00
598 1.81 0.57 0.00
599 0.48 0.00 0.00
600 0.67 0.00 0.00
601 2.78 2.31 0.00
602 0.55 0.00 0.00
603 0.98 4.44 0.00
604 2.73 2.21 0.00
605 0.66 0.00 0.00
606 1.47 1.70 0.00
607 1.44 0.54 0.00
608 12.07 8.87 0.00
609 382.97 128.79 0.00
610 235.95 90.69 0.00
611 166.31 3.79 0.00
612 1.05 0.00 0.00
613 2.15 4.75 0.00
614 1.36 0.00 0.00
615 1.67 0.00 0.00
616 2.03 2.31 0.00
617 0.53 0.00 0.00
618 1.41 0.13 0.00
619 5.52 8.87 0.00
620 7.11 0.48 0.00
621 23.53 20.02 0.00
622 0.66 0.51 0.00
623 1.37 4.24 0.00
624 2.75 0.00 0.00
625 1.37 0.51 0.00
626 0.98 1.76 0.00
627 2.15 0.00 0.00
628 1.29 0.54 0.00
629 0.71 0.00 0.00
630 1.21 0.00 0.00
631 4.01 133.46 0.00
632 0.91 0.20 0.00
633 3.87 48.11 0.00
634 1.49 22.69 0.00
635 190.19 3.18 0.00
636 1.58 1.66 0.00
637 0.88 0.57 0.00
638 1.11 0.00 0.00
639 0.71 0.00 0.00
640 1.00 0.51 0.00
641 1.46 1.53 0.00
642 4.22 150.06 0.00
643 0.95 61.44 0.00
644 1.79 0.00 0.00
645 0.83 0.00 0.00
646 1.59 2.11 0.00
647 2.00 0.06 0.00
648 1.06 0.00 0.00
649 1.25 2.06 0.00
650 1.33 0.00 0.00
651 2.90 2.32 0.00
652 221.93 2.51 0.00
653 1.82 4.24 0.00
654 11.45 8.70 0.00
655 1.33 0.51 0.00
656 67.70 2.82 0.00
657 1.11 0.00 0.00
658 1.92 0.51 0.00
659 2.20 0.00 0.00
660 1.16 0.00 0.00
661 2.69 2.24 0.00
662 2.04 0.00 0.00
663 1.51 4.24 0.00
664 1.77 0.64 0.00
665 12.69 10.26 0.00
666 1.47 1.67 0.00
667 1.21 0.57 0.00
668 11.15 8.40 0.00
669 1.41 0.00 0.00
670 1.32 0.51 0.00
671 1.30 1.65 0.00
672 0.66 0.00 0.00
673 1.84 4.77 0.00
674 0.93 0.00 0.00
675 1.22 0.00 0.00
676 68.09 3.47 0.00
677 0.86 0.00 0.00
678 1.94 0.40 0.00
679 1.94 2.14 0.00
680 6.21 602.83 0.00
681 1.91 41.27 0.00
682 66.71 1.80 0.00
683 0.95 4.24 0.00
684 1.82 0.00 0.00
685 11.88 9.28 0.00
686 0.84 1.59 0.00
687 22.18 16.87 0.00
688 0.77 0.51 0.00
689 0.71 0.00 0.00
690 1.46 0.28 0.00
691 2.97 117.25 0.00
692 1.14 0.00 0.00
693 1.30 4.24 0.00
694 0.71 0.51 0.00
695 1.22 0.00 0.00
696 1.78 3.30 0.00
697 0.94 0.70 0.00
698 2.48 0.00 0.00
699 0.63 0.20 0.00
700 0.55 0.00 0.00
701 2.78 1.72 0.00
702 1.22 0.71 0.00
703 0.96 4.24 0.00
704 3.58 43.49 0.00
705 0.88 22.75 0.00
706 131.94 3.03 0.00
707 1.22 0.00 0.00
708 69.49 141.76 0.00
709 1.57 0.00 0.00
710 1.67 0.00 0.00
711 1.62 2.11 0.00
712 2.11 0.00 0.00
713 12.55 14.57 0.00
714 0.81 0.51 0.00
715 11.48 8.40 0.00
716 1.33 1.54 0.00
717 11.36 8.97 0.00
718 2.01 0.00 0.00
719 1.27 0.00 0.00
720 1.32 0.51 0.00
721 2.84 1.70 0.00
722 0.78 0.00 0.00
723 0.95 4.78 0.00
724 2.06 0.06 0.00
725 0.89 0.00 0.00
726 0.94 3.50 0.00
727 1.51 0.18 0.00
728 0.78 0.00 0.00
729 1.74 0.51 0.00
730 1.22 0.00 0.00
731 1.01 1.57 0.00
732 0.77 0.54 0.00
733 1.73 4.24 0.00
734 0.71 0.00 0.00
735 268.81 11.47 0.00
736 1.71 1.82 0.00
737 1.71 0.00 0.00
738 12.26 9.15 0.00
739 0.73 0.06 0.00
740 1.93 0.00 0.00
741 260.94 5.58 0.00
742 0.66 0.00 0.00
743 2.55 4.43 0.00
744 1.59 0.51 0.00
745 0.92 0.00 0.00
746 12.59 149.89 0.00
747 1.45 0.58 0.00
748 0.67 0.00 0.00
749 0.94 0.00 0.00
750 1.90 0.51 0.00
751 1.45 1.54 0.00
752 1.00 0.00 0.00
753 1.96 4.81 0.00
754 1.51 0.14 0.00
755 1.44 0.00 0.00
756 1.11 3.54 0.00
757 1.33 0.00 0.00
758 1.00 0.00 0.00
759 1.05 0.58 0.00
760 1.44 0.00 0.00
761 2.13 1.67 0.00
762 78.17 10.43 0.00
763 0.74 4.24 0.00
764 1.71 0.00 0.00
765 1.45 0.79 0.00
766 1.16 1.93 0.00
767 1.38 0.18 0.00
768 1.43 0.63 0.00
769 3.50 189.65 0.00
770 3.59 159.15 0.00
771 1.54 44.96 0.00
772 0.84 0.18 0.00
773 2.08 4.24 0.00
774 1.59 0.51 0.00
775 1.36 0.20 0.00
776 2.76 1.73 0.00
777 1.00 0.57 0.00
778 2.15 0.00 0.00
779 1.97 0.00 0.00
780 11.89 9.21 0.00
781 223.29 3.89 0.00
782 5.78 128.75 0.00
783 11.55 93.88 0.00
784 1.94 0.00 0.00
785 1.44 0.00 0.00
786 1.64 3.72 0.00
787 1.44 0.00 0.00
788 0.88 0.00 0.00
789 1.97 0.00 0.00
790 1.89 0.54 0.00
791 1.50 1.75 0.00
792 1.10 0.57 0.00
793 1.93 5.04 0.00
794 3.39 99.50 0.00
795 1.43 113.83 0.00
796 1.28 1.42 0.00
797 158.73 2.01 0.00
798 1.32 0.50 0.00
799 0.91 0.14 0.00
800 1.17 0.00 0.00
801 12.42 12.25 0.00
802 0.84 0.00 0.00
803 0.96 4.29 0.00
804 1.59 0.51 0.00
805 1.14 0.00 0.00
806 1.29 1.54 0.00
807 1.33 0.57 0.00
808 66.65 1.16 0.00
809 0.88 0.00 0.00
810 2.07 0.00 0.00
811 1.13 1.76 0.00
812 0.61 0.00 0.00
813 2.28 0.09 0.00
814 2.15 0.00 0.00
815 1.44 0.00 0.00
816 2.10 8.45 0.00
817 1.94 0.00 0.00
818 1.33 0.00 0.00
819 1.46 0.54 0.00
820 0.96 0.00 0.00
821 3.14 1.74 0.00
822 1.20 0.57 0.00
823 1.29 4.24 0.00
824 1.99 0.00 0.00
825 0.66 0.51 0.00
826 1.62 1.92 0.00
827 22.61 17.29 0.00
828 131.27 1.80 0.00
829 0.95 0.13 0.00
830 1.40 0.00 0.00
831 1.73 3.16 0.00
832 0.66 0.00 0.00
833 1.96 4.31 0.00
834 1.47 0.00 0.00
835 5.43 173.54 0.00
836 1.90 23.67 0.00
837 1.51 0.20 0.00
838 3.27 0.51 0.00
839 1.36 0.00 0.00
840 1.80 0.14 0.00
841 3.11 2.12 0.00
842 1.88 0.00 0.00
843 1.09 4.44 0.00
844 5.22 131.87 0.00
845 1.52 0.00 0.00
846 1.77 1.50 0.00
847 1.56 0.54 0.00
848 1.69 0.45 0.00
849 262.55 2.74 0.00
850 2.76 0.50 0.00
851 1.22 1.54 0.00
852 1.42 0.00 0.00
853 3.83 4.81 0.00
854 1.61 0.13 0.00
855 0.86 0.00 0.00
856 3.63 2.12 0.00
857 2.00 0.51 0.00
858 288.04 2.75 0.00
859 282.86 2.79 0.00
860 11.97 8.84 0.00
861 1.43 3.19 0.00
862 11.87 8.94 0.00
863 11.09 12.64 0.00
864 1.68 0.00 0.00
865 2.49 0.51 0.00
866 2.43 1.76 0.00
867 11.12 8.43 0.00
868 2.42 0.51 0.00
869 0.94 0.00 0.00
870 0.97 0.00 0.00
871 1.76 1.88 0.00
872 1.92 0.00 0.00
873 0.96 4.34 0.00
874 2.51 1.47 0.00
875 3.39 211.30 0.00
876 1.31 61.22 0.00
877 0.80 0.81 0.00
878 1.18 0.06 0.00
879 0.93 0.00 0.00
880 1.11 0.52 0.00
881 1.96 1.63 0.00
882 0.85 0.00 0.00
883 1.58 4.98 0.00
884 2.58 0.25 0.00
885 207.88 2.52 0.00
886 1.35 2.18 0.00
887 1.70 0.00 0.00
888 1.42 0.00 0.00
889 1.52 2.34 0.00
890 67.10 0.77 0.00
891 0.94 1.48 0.00
892 2.62 0.57 0.00
893 1.84 4.38 0.00
894 2.19 105.83 0.00
895 255.54 27.29 0.00
896 2.85 2.12 0.00
897 1.22 0.00 0.00
898 4.60 0.54 0.00
899 1.05 0.00 0.00
900 0.78 0.00 0.00
901 2.57 2.25 0.00
902 11.96 8.75 0.00
903 0.85 4.24 0.00
904 22.45 17.46 0.00
905 0.77 0.00 0.00
906 1.47 3.12 0.00
907 1.44 0.54 0.00
908 0.66 0.00 0.00
909 1.52 0.00 0.00
910 1.97 0.51 0.00
911 1.09 1.74 0.00
912 0.55 0.00 0.00
913 1.62 4.81 0.00
914 1.32 0.13 0.00
915 12.53 8.70 0.00
916 1.98 2.23 0.00
917 1.21 0.00 0.00
918 1.55 0.00 0.00
919 0.73 2.10 0.00
920 199.08 2.94 0.00
921 277.21 4.22 0.00
922 0.99 0.58 0.00
923 0.96 4.24 0.00
924 11.81 13.43 0.00
925 1.53 0.58 0.00
926 2.09 6.51 0.00
927 4.81 182.64 0.00
928 4200.93 125.73 0.00
929 4185.16 10.76 0.00
930 4430.77 12.44 0.00
931 5092.91 19.07 0.00
932 7183.51 17.08 0.00
933 7438.87 26.30 0.00
934 14455.58 38.86 0.00
935 9678.64 17.18 0.00
936 13219.58 31.71 0.00
937 15834.74 29.65 0.00
938 17267.83 30.23 0.00
939 12761.59 22.92 0.00
940 14147.10 25.78 0.00
941 14776.24 26.93 0.00
942 18729.75 31.38 0.00
943 13173.05 29.50 0.00
944 14040.86 25.72 0.00
945 16242.57 31.40 0.00
946 13950.14 26.36 0.00
947 21182.06 36.61 0.00
948 12189.25 21.79 0.00
949 17669.41 31.65 0.00
950 6291.88 14.35 0.00
951 12228.87 22.33 0.00
952 8357.86 17.32 0.00
953 3384.11 11.57 0.00
954 6978.98 12.18 0.00
955 4688.25 11.52 0.00
956 16874.14 26.92 0.00
957 9823.82 17.63 0.00
958 4236.21 8.42 0.00
959 8226.21 15.45 0.00
960 17475.51 29.89 0.00
961 23385.81 33.67 0.00
962 10387.87 149.01 0.00
963 17876.15 34.64 0.00
964 14946.45 24.30 0.00
965 15995.13 28.60 0.00
966 11000.70 20.10 0.00
967 16187.62 28.45 0.00
968 15530.95 38.49 0.00
969 12917.91 24.80 0.00
970 11774.80 33.90 0.00
971 22312.69 50.85 0.00
972 19582.65 31.05 0.00
973 19227.39 25.10 0.00
974 20285.59 22.73 0.00
975 14396.41 22.28 0.00
976 15826.85 34.89 0.00
977 14213.13 233.37 0.00
978 11487.62 20.80 0.00
979 15040.63 24.49 0.00
980 12532.27 24.49 0.00
981 8939.82 23.49 0.00
982 13042.28 25.26 0.00
983 16566.46 30.62 0.00
984 8420.26 284.55 0.00
985 14153.37 23.44 0.00
986 11927.09 20.88 0.00
987 12435.62 19.28 0.00
988 11080.54 18.35 0.00
989 7755.84 13.22 0.00
990 17313.11 25.20 0.00
991 20847.26 31.42 0.00
992 20300.84 280.97 0.00
993 19251.17 31.29 0.00
994 12907.81 23.91 0.00
995 16302.53 24.15 0.00
996 9445.96 16.86 0.00
997 8725.02 15.38 0.00
998 14025.19 20.86 0.00
999 6955.47 12.10 0.00
1000 9506.60 14.93 0.00
1001 8718.99 15.84 0.00
1002 6785.91 13.00 0.00
1003 13048.58 24.78 0.00
1004 11447.07 18.48 0.00
1005 6646.50 11.20 0.00
1006 14849.82 25.37 0.00
1007 9214.78 33.48 0.00
1008 8226.68 19.19 0.00
1009 7062.85 18.44 0.00
1010 1.57 0.43 0.00
1011 8095.88 18.47 0.00
1012 5278.85 12.73 0.00
1013 10672.66 25.30 0.00
1014 5938.73 182.92 0.00
1015 5021.39 12.31 0.00
1016 7200.23 15.43 0.00
1017 9673.73 17.38 0.00
1018 10874.13 24.61 0.00
1019 3080.80 12.34 0.00
1020 5147.16 234.44 0.00
1021 3513.86 7.31 0.00
1022 4257.46 6.75 0.00
1023 9986.26 17.57 0.00
1024 25314.61 43.38 0.00
1025 12416.77 12.29 0.00
1026 16722.34 24.84 0.00
1027 29121.97 49.03 0.00
1028 45.23 21.59 0.00
1029 16622.39 1575.93 0.00
1030 10796.73 7466.85 0.00
1031 7316.07 4275.40 0.00
1032 7684.82 5741.67 0.00
1033 12807.23 6109.12 0.00
1034 10907.15 5920.43 0.00
1035 6898.73 9297.78 0.00
1036 5492.13 11983.33 0.00
1037 3300.25 12931.82 0.00
1038 3996.16 10468.26 0.00
1039 2853.22 13054.91 0.00
1040 3932.23 9841.80 0.00
1041 3256.93 13069.09 0.00
1042 3053.63 11400.68 0.00
1043 3933.02 14063.61 0.00
1044 3979.97 11216.80 0.00
1045 2387.28 4240.74 0.00
1046 1225.62 3028.23 0.00
1047 1989.24 4090.92 0.00
1048 2304.39 5445.21 0.00
1049 5536.86 5615.66 0.00
1050 4638.35 3084.50 0.00
1051 8878.51 4039.59 0.00
1052 11780.36 7818.35 0.00
1053 10191.31 7961.51 0.00
1054 10640.62 3021.94 0.00
1055 3433.50 4.43 0.00
1056 2161.46 3.98 0.00
1057 3.06 1.01 0.00
1058 2.00 0.63 0.00
1059 16.29 0.65 0.00
1060 860.84 3.74 0.00
1061 627.64 1.33 0.00
1062 1.11 0.13 0.00
1063 1.48 0.63 0.00
1064 1.38 0.30 0.00
1065 1.56 2.47 0.00
1066 0.89 0.37 0.00
1067 1.99 0.82 0.00
1068 1.31 0.43 0.00
1069 1.89 2.19 0.00
1070 2.88 2.47 0.00
1071 1.56 0.76 0.00
1072 2.30 0.56 0.00
1073 2.44 0.88 0.00
1074 0.82 0.30 0.00
1075 2.77 1.93 0.00
1076 1.16 0.91 0.00
1077 1.25 0.30 0.00
1078 1.79 0.37 0.00
1079 1.50 0.88 0.00
1080 2.06 1.54 0.00
1081 2.37 0.47 0.00
1082 1.10 0.88 0.00
1083 1.80 0.45 0.00
1084 1.60 1.73 0.00
1085 1199.39 748.08 0.00
1086 6060.67 755.34 0.00
1087 4623.29 6532.63 0.00
1088 4993.88 5210.40 0.00
1089 6405.46 6856.02 0.00
1090 4332.66 4763.02 0.00
1091 4240.19 2525.92 0.00
1092 1769.52 1.85 0.00
1093 1335.94 1.59 0.00
1094 3199.79 2505.79 0.00
1095 4023.27 3388.27 0.00
1096 3387.58 4073.38 0.00
1097 5338.89 7498.82 0.00
1098 6364.55 9256.16 0.00
1099 5813.40 8614.58 0.00
1100 4773.73 6758.71 0.00
1101 5646.23 6547.73 0.00
1102 3941.51 6398.83 0.00
1103 2858.19 3792.80 0.00
1104 5440.16 6228.47 0.00
1105 3883.41 3960.27 0.00
1106 2200.37 384.38 0.00
1107 1675.64 14.32 0.00
1108 1307.42 1.98 0.00
1109 1755.52 2.62 0.00
1110 553.78 2.54 0.00
1111 0.46 0.50 0.00
1112 0.83 0.88 0.00
1113 1194.14 6.06 0.00
1114 1788.72 1.92 0.00
1115 2926.18 3410.09 0.00
1116 2995.52 5104.78 0.00
1117 7260.24 9465.98 0.00
1118 5571.97 9668.35 0.00
1119 8831.69 13910.52 0.00
1120 8037.42 14415.08 0.00
1121 2229.68 9505.71 0.00
1122 5.83 5002.58 0.00
1123 170.46 2220.01 0.00
1124 8278.14 11282.43 0.00
1125 2713.24 7463.54 0.00
1126 3214.50 6354.04 0.00
1127 4255.17 9911.44 0.00
1128 3241.69 6898.39 0.00
1129 3564.01 6333.88 0.00
1130 2223.66 4870.75 0.00
1131 2127.90 3.44 0.00
1132 1198.57 410.59 0.00
1133 736.54 2.49 0.00
1134 3120.24 209.54 0.00
1135 4476.81 3515.69 0.00
1136 2627.00 3411.85 0.00
1137 4345.00 728.46 0.00
1138 1943.74 4.38 0.00
1139 1579.88 3.27 0.00
1140 655.97 1.53 0.00
1141 2.88 1.96 0.00
1142 1.71 0.88 0.00
1143 1124.68 2652.81 0.00
1144 1792.60 4.17 0.00
1145 2293.40 4.04 0.00
1146 1409.56 3395.07 0.00
1147 2277.78 6266.76 0.00
1148 6131.75 5636.45 0.00
1149 2670.04 3699.14 0.00
1150 2623.09 372.21 0.00
1151 1956.43 615.85 0.00
1152 1424.54 2.04 0.00
1153 579.66 1.15 0.00
1154 818.76 436.99 0.00
1155 2835.39 14646.84 0.00
1156 3730.38 11598.98 0.00
1157 3334.14 3.27 0.00
1158 713.89 2.52 0.00
1159 459.38 1.14 0.00
1160 5143.37 8632.31 0.00
1161 9644.82 22113.80 0.00
1162 18016.11 21574.31 0.00
1163 7726.76 12694.94 0.00
1164 4760.47 97.70 0.00
1165 3626.93 3.85 0.00
1166 932.52 4.29 0.00
1167 2.50 0.69 0.00
1168 138.66 0.63 0.00
1169 5397.05 5352.80 0.00
1170 7440.59 15297.59 0.00
1171 6804.68 5423.86 0.00
1172 3676.72 9909.14 0.00
1173 656.14 2.21 0.00
1174 1.72 0.43 0.00
1175 1.55 0.82 0.00
1176 1.11 0.30 0.00
1177 2.03 2.00 0.00
1178 1.62 0.91 0.00
1179 1443.72 13730.05 0.00
1180 5.26 6827.41 0.00
1181 2.48 1088.76 0.00
1182 819.17 653.14 0.00
1183 2924.74 1006.76 0.00
1184 3442.30 4.04 0.00
1185 1524.94 1890.03 0.00
1186 3176.17 6867.22 0.00
1187 2306.96 6441.25 0.00
1188 1506.22 4171.77 0.00
1189 10895.49 12475.82 0.00
1190 8636.01 10289.32 0.00
1191 2005.75 2.17 0.00
1192 1363.23 3.19 0.00
1193 15692.80 14734.60 0.00
1194 12163.99 4835.13 0.00
1195 4718.17 1871.85 0.00
1196 6064.62 1628.51 0.00
1197 4688.49 1772.62 0.00
1198 7227.68 13.43 0.00
1199 6404.01 11.20 0.00
1200 5021.36 7.78 0.00
1201 4046.13 9.13 0.00
1202 8103.24 23.62 0.00
1203 2.00 1.87 0.00
1204 2.59 0.43 0.00
1205 6460.79 1019.34 0.00
1206 2732.67 3861.58 0.00
1207 3.84 1737.13 0.00
1208 3.50 1545.91 0.00
1209 2.14 293.79 0.00
1210 2.29 0.37 0.00
1211 518.07 1210.23 0.00
1212 2899.91 1607.84 0.00
1213 2039.47 2207.74 0.00
1214 2.54 2542.49 0.00
1215 1.97 649.62 0.00
1216 1.18 0.37 0.00
1217 8.76 1250.27 0.00
1218 11.17 6567.99 0.00
1219 1319.33 3257.49 0.00
1220 4887.42 6578.73 0.00
1221 1803.94 13761.36 0.00
1222 18.70 10314.09 0.00
1223 5.19 3030.73 0.00
1224 6.21 2393.99 0.00
1225 1060.20 4296.46 0.00
1226 548.63 3563.79 0.00
1227 1059.89 3669.00 0.00
1228 547.56 1906.77 0.00
1229 4.11 1588.52 0.00
1230 8.57 2720.63 0.00
1231 10.68 4811.00 0.00
1232 9.75 3899.12 0.00
1233 2.29 82.02 0.00
1234 0.84 0.50 0.00
1235 1.76 0.82 0.00
1236 1.34 0.37 0.00
1237 1611.54 2719.42 0.00
1238 2392.12 3464.40 0.00
1239 37.10 2704.13 0.00
1240 5.90 2177.16 0.00
1241 3.79 2308.77 0.00
1242 7.68 2209.83 0.00
1243 2.95 1790.98 0.00
1244 4.75 1473.32 0.00
1245 8.49 4187.21 0.00
1246 1.23 286.49 0.00
1247 7.58 1028.94 0.00
1248 3.39 1425.96 0.00
1249 5.42 2164.61 0.00
1250 5.63 1369.83 0.00
1251 4.85 827.90 0.00
1252 3.48 782.85 0.00
1253 3.16 795.76 0.00
1254 2.63 796.54 0.00
1255 3.60 865.38 0.00
1256 8.63 1488.56 0.00
1257 13.86 2129.66 0.00
1258 11.76 2834.18 0.00
1259 28.30 4801.85 0.00
1260 15.51 2858.62 0.00
1261 12.36 1933.77 0.00
1262 16.05 2466.53 0.00
1263 54.31 7615.41 0.00
1264 47.10 7681.47 0.00
1265 2.65 3.54 0.00
1266 1.18 0.82 0.00
1267 2.99 2.57 0.00
1268 1.98 0.37 0.00
1269 7.55 2156.38 0.00
1270 8.88 2467.03 0.00
1271 5.39 2043.53 0.00
1272 5.77 2770.53 0.00
1273 10.43 3047.13 0.00
1274 45.25 13824.64 0.00
1275 57.45 12502.78 0.00
1276 7.78 5966.68 0.00
1277 13.33 4153.17 0.00
1278 10.21 3200.28 0.00
1279 14.46 4777.67 0.00
1280 25.77 11389.43 0.00
1281 51.03 10055.69 0.00
1282 30.94 5634.13 0.00
1283 18.89 4760.06 0.00
1284 15.55 2929.31 0.00
1285 17.01 2637.94 0.00
1286 20.00 4772.06 0.00
1287 43.46 9063.44 0.00
1288 28.43 7462.91 0.00
1289 10.26 3000.83 0.00
1290 12.98 2117.64 0.00
1291 12.00 2619.76 0.00
1292 9.51 2959.93 0.00
1293 10.80 3878.02 0.00
1294 6.53 2622.29 0.00
1295 10.25 1344.80 0.00
1296 11.22 1368.93 0.00
1297 7.97 931.81 0.00
1298 24.85 3839.05 0.00
1299 29.31 6481.81 0.00
1300 28.08 7520.64 0.00
1301 42.22 9673.30 0.00
1302 10.36 2341.76 0.00
1303 15.60 2432.84 0.00
1304 29.75 9024.53 0.00
1305 1660.59 17061.77 0.00
1306 2197.39 6721.43 0.00
1307 2087.42 5111.54 0.00
1308 9305.51 8461.93 0.00
1309 9433.86 15.40 0.00
1310 12.30 4496.08 0.00
1311 4747.55 9653.91 0.00
1312 11544.05 73.43 0.00
1313 2365.80 688.45 0.00
1314 2908.93 2807.30 0.00
1315 1397.46 4007.27 0.00
1316 3775.02 3630.53 0.00
1317 3364.43 4153.83 0.00
1318 2232.82 887.42 0.00
1319 2090.08 4.58 0.00
1320 1621.05 3.25 0.00
1321 403.62 0.82 0.00
1322 6335.69 19.07 0.00
1323 12862.12 33.59 0.00
1324 10817.07 6654.43 0.00
1325 9246.89 3998.48 0.00
1326 18339.06 36.76 0.00
1327 21285.33 46.75 0.00
1328 10115.44 20.59 0.00
1329 5.53 1161.74 0.00
1330 11523.34 8025.70 0.00
1331 13534.67 21167.12 0.00
1332 7775.94 13414.79 0.00
1333 6670.72 11544.32 0.00
1334 2330.38 2994.26 0.00
1335 7.67 3149.39 0.00
1336 4.13 2316.06 0.00
1337 1.32 11.25 0.00
1338 1.74 0.51 0.00
1339 20.32 11633.40 0.00
1340 4038.78 15515.55 0.00
1341 11620.03 17030.13 0.00
1342 16484.48 12805.88 0.00
1343 9024.16 19006.09 0.00
1344 546.04 14956.93 0.00
1345 3.35 1439.57 0.00
1346 2.32 1227.06 0.00
1347 1.92 47.46 0.00
1348 0.62 0.37 0.00
1349 0.60 0.82 0.00
1350 1.63 1.96 0.00
1351 0.33 0.30 0.00
1352 3.67 241.56 0.00
1353 1355.75 3395.57 0.00
1354 1361.47 4072.68 0.00
1355 396.99 4014.84 0.00
1356 4156.32 3453.56 0.00
1357 12699.19 5151.48 0.00
1358 11229.51 4887.89 0.00
1359 13426.66 5241.38 0.00
1360 17668.05 3763.38 0.00
1361 18697.24 6541.37 0.00
1362 7618.28 1023.73 0.00
1363 3775.06 5.79 0.00
1364 664.49 1.85 0.00
1365 1.66 2.00 0.00
1366 10558.73 13491.58 0.00
1367 10072.99 7192.64 0.00
1368 4759.31 5888.67 0.00
1369 6815.90 1469.86 0.00
1370 5269.82 3083.72 0.00
1371 5312.79 3187.13 0.00
1372 9463.97 11869.03 0.00
1373 13394.25 14423.11 0.00
1374 5286.11 491.14 0.00
1375 2435.77 3.89 0.00
1376 2026.00 3.07 0.00
1377 2164.33 1.72 0.00
1378 10785.89 10447.90 0.00
1379 8863.23 5602.73 0.00
1380 7153.14 8698.00 0.00
1381 4804.99 5623.95 0.00
1382 3632.07 6191.19 0.00
1383 2388.57 4423.33 0.00
1384 2347.71 1399.62 0.00
1385 3164.24 4.39 0.00
1386 2920.39 4.25 0.00
1387 2.12 0.43 0.00
1388 1.55 1.01 0.00
1389 1.67 0.06 0.00
1390 1914.49 707.23 0.00
1391 4564.87 2825.57 0.00
1392 18771.35 3423.27 0.00
1393 11030.92 8.24 0.00
1394 281.52 1.59 0.00
1395 2.38 0.43 0.00
1396 1.33 1.88 0.00
1397 5080.96 5221.62 0.00
1398 7638.25 13879.23 0.00
1399 235.73 11219.30 0.00
1400 2329.86 4.63 0.00
1401 5076.16 13.88 0.00
1402 6387.27 13.17 0.00
1403 14122.86 28.30 0.00
1404 13838.54 4698.37 0.00
1405 1654.52 2776.45 0.00
1406 4636.58 1637.79 0.00
1407 6385.44 1267.54 0.00
1408 6825.41 2836.99 0.00
1409 8713.28 3112.85 0.00
1410 9055.75 1643.69 0.00
1411 6409.39 10.62 0.00
1412 2567.35 3.98 0.00
1413 6323.33 1224.82 0.00
1414 9760.46 1621.61 0.00
1415 21660.32 3056.93 0.00
1416 12835.33 6088.94 0.00
1417 4091.80 1252.93 0.00
1418 3686.03 10.02 0.00
1419 2562.29 7.00 0.00
1420 1701.80 5.42 0.00
1421 2.72 2.98 0.00
1422 0.95 4.49 0.00
1423 0.87 0.30 0.00
1424 1.70 0.82 0.00
1425 517.64 2.19 0.00
1426 1949.17 6.47 0.00
1427 1563.97 5.33 0.00
1428 2666.52 6.00 0.00
1429 3711.60 5.59 0.00
1430 3513.34 5.01 0.00
1431 1311.64 3.54 0.00
1432 0.95 4.96 0.00
1433 1.33 0.30 0.00
1434 2.08 0.30 0.00
1435 1.44 0.82 0.00
1436 1601.90 5.39 0.00
1437 2644.03 5.83 0.00
1438 2245.95 3.59 0.00
1439 2351.99 3.66 0.00
1440 852.34 2.60 0.00
1441 3.00 2.87 0.00
1442 0.85 4.14 0.00
1443 0.92 1.14 0.00
1444 2.31 3.53 0.00
1445 0.66 0.30 0.00
1446 1.40 1.90 0.00
1447 0.89 0.37 0.00
1448 1.77 0.82 0.00
1449 3.90 1.25 0.00
1450 1.91 0.23 0.00
1451 5.72 262.53 0.00
1452 5.70 2707.52 0.00
1453 4.19 1382.70 0.00
1454 7.19 3353.03 0.00
1455 4.45 2278.46 0.00
1456 6.24 1438.66 0.00
1457 7.67 2066.21 0.00
1458 10.09 4485.50 0.00
1459 9.97 4079.13 0.00
1460 7.10 1838.03 0.00
1461 6.60 1497.93 0.00
1462 6.86 1301.69 0.00
1463 8.75 3881.12 0.00
1464 2.16 384.90 0.00
1465 2.03 7.65 0.00
1466 1.42 1.83 0.00
1467 1.19 0.37 0.00
1468 1.56 0.30 0.00
1469 1.55 0.30 0.00
1470 0.92 0.82 0.00
1471 1.43 1.71 0.00
1472 2.25 4.53 0.00
1473 2.58 0.37 0.00
1474 1.33 2.32 0.00
1475 0.34 0.00 0.00
1476 2.98 1.93 0.00
1477 0.44 0.85 0.00
1478 0.67 0.30 0.00
1479 2.45 0.50 0.00
1480 0.71 1.17 0.00
1481 0.99 1.28 0.00
1482 2.62 5.47 0.00
1483 2.03 2.79 0.00
1484 1.90 1.10 0.00
1485 2.24 1.72 0.00
1486 0.87 1.07 0.00
1487 1.22 0.30 0.00
1488 3.57 2.13 0.00
1489 2.56 2.24 0.00
1490 1.78 1.90 0.00
1491 1.44 0.30 0.00
1492 5.33 932.05 0.00
1493 4.99 1262.10 0.00
1494 6.83 1335.95 0.00
1495 3.69 860.06 0.00
1496 6.14 925.95 0.00
1497 7.55 2477.28 0.00
1498 6.73 3126.12 0.00
1499 6.22 1567.27 0.00
1500 15.95 3577.65 0.00
1501 8.93 2419.91 0.00
1502 10.14 2478.89 0.00
1503 14.01 3604.50 0.00
1504 15.78 4404.78 0.00
1505 7.04 2389.88 0.00
1506 2.13 0.79 0.00
1507 6.89 512.88 0.00
1508 8.18 1062.05 0.00
1509 8.46 1837.00 0.00
1510 7.62 1251.95 0.00
1511 12.18 1764.32 0.00
1512 28.18 5726.08 0.00
1513 32.83 7799.42 0.00
1514 4302.26 1640.18 0.00
1515 4293.38 1076.10 0.00
1516 10670.91 1780.61 0.00
1517 12896.70 5848.67 0.00
1518 13497.14 4939.80 0.00
1519 12428.16 3080.58 0.00
1520 6524.62 5006.04 0.00
1521 543.45 2060.19 0.00
1522 914.97 2326.88 0.00
1523 2350.21 3201.45 0.00
1524 7081.97 3296.38 0.00
1525 1925.28 2922.35 0.00
1526 2313.67 1.55 0.00
1527 560.86 0.45 0.00
1528 2.88 0.78 0.00
1529 352.11 236.32 0.00
1530 568.05 2176.96 0.00
1531 11.72 1849.11 0.00
1532 1973.06 2583.90 0.00
1533 2456.72 1867.00 0.00
1534 1230.82 3290.60 0.00
1535 1736.36 4160.84 0.00
1536 6606.41 7219.39 0.00
1537 935.79 7698.97 0.00
1538 47.92 11425.63 0.00
1539 1575.44 5232.84 0.00
1540 818.83 1323.76 0.00
1541 928.27 2589.44 0.00
1542 1060.55 3764.17 0.00
1543 2.88 720.58 0.00
1544 8.72 1498.30 0.00
1545 20.66 3406.91 0.00
1546 33.44 9628.96 0.00
1547 1316.50 3052.02 0.00
1548 1091.00 207.79 0.00
1549 27.25 4212.45 0.00
1550 243.04 5875.14 0.00
1551 26.56 4199.34 0.00
1552 20.55 3871.20 0.00
1553 21.85 4405.37 0.00
1554 13.90 2608.35 0.00
1555 16.25 2798.55 0.00
1556 12.24 2301.42 0.00
1557 10.35 3281.04 0.00
1558 12.19 2366.79 0.00
1559 6.79 1103.58 0.00
1560 7.61 770.27 0.00
1561 38.96 9484.63 0.00
1562 1164.39 9328.66 0.00
1563 1630.26 2.32 0.00
1564 3432.87 11384.88 0.00
1565 2466.63 6680.78 0.00
1566 1234.25 4030.41 0.00
1567 488.75 4253.02 0.00
1568 6.93 2508.86 0.00
1569 9.36 2732.89 0.00
1570 28.53 6537.84 0.00
1571 1920.40 12236.90 0.00
1572 6311.81 10685.40 0.00
1573 4835.90 5425.65 0.00
1574 0.76 0.28 0.00
1575 1117.51 2877.71 0.00
1576 1767.49 3898.33 0.00
1577 1277.61 484.22 0.00
1578 2308.28 2458.95 0.00
1579 5242.11 10037.13 0.00
1580 5240.67 6816.93 0.00
1581 2109.01 3.54 0.00
1582 1007.98 1.68 0.00
1583 2361.40 3.78 0.00
1584 2927.83 4.00 0.00
1585 639.68 2.50 0.00
1586 1.56 0.13 0.00
1587 439.55 3.17 0.00
1588 906.72 1.80 0.00
1589 935.57 1.68 0.00
1590 53.08 2.56 0.00
1591 0.62 0.06 0.00
1592 2.48 1.70 0.00
1593 2.10 0.58 0.00
1594 1.65 0.06 0.00
1595 2.19 1.98 0.00
1596 1.17 0.71 0.00
1597 1.54 0.06 0.00
1598 1.00 0.00 0.00
1599 8364.20 8006.29 0.00
1600 7032.48 10192.80 0.00
1601 4445.52 6860.83 0.00
1602 5064.06 5716.44 0.00
1603 4244.05 2686.81 0.00
1604 4062.75 5443.84 0.00
1605 4095.71 5292.78 0.00
1606 2419.85 5223.62 0.00
1607 3178.83 4603.65 0.00
1608 2716.05 5495.68 0.00
1609 3794.25 6271.25 0.00
1610 4705.08 5694.80 0.00
1611 5155.13 5470.99 0.00
1612 5109.36 6844.42 0.00
1613 10059.68 9778.85 0.00
1614 10188.04 8960.26 0.00
1615 13739.26 11066.88 0.00
1616 10945.03 8056.50 0.00
1617 5919.94 5861.02 0.00
1618 5714.72 4489.17 0.00
1619 6132.29 7156.11 0.00
1620 5939.26 5031.98 0.00
1621 4119.13 3372.77 0.00
1622 9094.60 9037.13 0.00
1623 3848.89 12990.97 0.00
1624 7432.14 9006.27 0.00
1625 4045.10 419.36 0.00
1626 3318.86 4.28 0.00
1627 5718.73 14.53 0.00
1628 7754.99 6417.18 0.00
1629 8979.39 6108.81 0.00
1630 17487.67 10706.49 0.00
1631 11945.32 7068.04 0.00
1632 6154.16 8.34 0.00
1633 1652.44 4.12 0.00
1634 1006.11 1.68 0.00
1635 96.92 1.30 0.00
1636 2631.30 1497.89 0.00
1637 6794.69 6181.24 0.00
1638 5265.80 4603.24 0.00
1639 4975.78 74.22 0.00
1640 2708.39 2.26 0.00
1641 1.64 0.71 0.00
1642 2.21 0.13 0.00
1643 1.16 1.46 0.00
1644 1.01 0.71 0.00
1645 1360.78 1.03 0.00
1646 4245.83 1547.39 0.00
1647 5634.67 4515.81 0.00
1648 4123.05 7302.91 0.00
1649 2489.47 540.09 0.00
1650 1358.66 0.97 0.00
1651 1.81 2.15 0.00
1652 0.88 0.06 0.00
1653 579.34 5.22 0.00
1654 4723.67 3045.46 0.00
1655 4831.48 2120.76 0.00
1656 2535.78 2.83 0.00
1657 1366.00 1.74 0.00
1658 537.19 2.62 0.00
1659 1.61 0.58 0.00
1660 2006.32 251.50 0.00
1661 4757.72 6924.57 0.00
1662 6597.91 8387.95 0.00
1663 7890.33 7231.64 0.00
1664 3235.79 1.93 0.00
1665 3.24 0.64 0.00
1666 0.92 0.19 0.00
1667 2876.00 1907.17 0.00
1668 5239.38 7092.09 0.00
1669 5645.61 5742.97 0.00
1670 5575.13 5644.70 0.00
1671 10599.23 14952.50 0.00
1672 9279.70 18246.52 0.00
1673 3907.38 7987.89 0.00
1674 5175.57 4861.46 0.00
1675 2914.10 5467.59 0.00
1676 4964.02 6007.19 0.00
1677 8832.16 7559.61 0.00
1678 14043.19 14442.23 0.00
1679 4073.59 10194.42 0.00
1680 8.26 3429.12 0.00
1681 2.04 1.72 0.00
1682 2183.87 748.64 0.00
1683 7866.75 10169.58 0.00
1684 10929.36 7672.67 0.00
1685 7138.77 2964.83 0.00
1686 3315.40 1591.80 0.00
1687 5261.28 3137.32 0.00
1688 14706.93 10568.81 0.00
1689 14566.84 11998.70 0.00
1690 6147.61 8080.35 0.00
1691 3174.97 7836.84 0.00
1692 1125.54 3862.06 0.00
1693 829.44 7762.82 0.00
1694 17.94 10173.68 0.00
1695 10.55 5148.83 0.00
1696 9.79 3104.54 0.00
1697 11.31 4710.75 0.00
1698 3928.39 8962.21 0.00
1699 1001.24 4283.77 0.00
1700 1211.64 2885.67 0.00
1701 12.45 7292.96 0.00
1702 1084.95 5460.31 0.00
1703 4629.68 3573.52 0.00
1704 362.70 4252.80 0.00
1705 10.26 5117.93 0.00
1706 4714.76 6182.79 0.00
1707 2204.60 5730.04 0.00
1708 777.19 2434.88 0.00
1709 1459.91 833.70 0.00
1710 2089.52 859.38 0.00
1711 24.75 8124.75 0.00
1712 1999.79 4618.62 0.00
1713 868.37 2090.88 0.00
1714 605.50 2161.93 0.00
1715 1.00 0.43 0.00
1716 1.69 2.03 0.00
1717 864.58 1602.08 0.00
1718 3985.00 6236.74 0.00
1719 4676.77 11722.29 0.00
1720 4312.75 4796.07 0.00
1721 1995.46 3489.57 0.00
1722 6659.29 6917.79 0.00
1723 3128.14 12634.49 0.00
1724 1218.80 6556.95 0.00
1725 7.21 3759.27 0.00
1726 9.13 3948.92 0.00
1727 6.14 2197.95 0.00
1728 5.13 1157.52 0.00
1729 7.75 3547.93 0.00
1730 6.77 2521.97 0.00
1731 29.82 10822.54 0.00
1732 11.46 5146.88 0.00
1733 5.07 3527.66 0.00
1734 3.77 891.81 0.00
1735 8.78 2093.83 0.00
1736 6.61 1195.36 0.00
1737 6.90 1964.23 0.00
1738 19.71 6424.50 0.00
1739 3.37 987.39 0.00
1740 2.74 1022.92 0.00
1741 2.79 1070.89 0.00
1742 9.55 3628.82 0.00
1743 2.73 2918.45 0.00
1744 13.23 6050.26 0.00
1745 7.21 1292.33 0.00
1746 8.22 2287.89 0.00
1747 8.14 2420.99 0.00
1748 5.18 1334.47 0.00
1749 3.25 75.78 0.00
1750 1.50 5.54 0.00
1751 1.96 2.66 0.00
1752 5.37 1131.37 0.00
1753 9.94 3174.08 0.00
1754 14.66 6740.44 0.00
1755 8.54 5121.08 0.00
1756 8.08 2132.87 0.00
1757 11.07 3684.14 0.00
1758 10.57 2855.25 0.00
1759 26.83 3725.10 0.00
1760 14.31 2083.99 0.00
1761 19.85 3268.74 0.00
1762 16.62 2710.96 0.00
1763 30.31 6141.22 0.00
1764 19.64 3311.13 0.00
1765 19.78 3767.90 0.00
1766 13.86 2153.84 0.00
1767 19.47 3429.06 0.00
1768 32.71 6123.28 0.00
1769 30.48 7281.44 0.00
1770 36.53 9295.95 0.00
1771 48.04 13043.22 0.00
1772 28.14 6790.46 0.00
1773 45.76 10951.21 0.00
1774 17.53 3858.18 0.00
1775 15.54 3037.87 0.00
1776 17.67 3905.08 0.00
1777 7.19 2806.07 0.00
1778 8.94 3670.30 0.00
1779 3.35 1807.61 0.00
1780 2.47 1276.61 0.00
1781 3.27 409.30 0.00
1782 6.63 3139.64 0.00
1783 12.05 8124.55 0.00
1784 13.93 5076.80 0.00
1785 6.38 3339.39 0.00
1786 15.69 4706.25 0.00
1787 22.22 6531.58 0.00
1788 13.48 3718.04 0.00
1789 20.53 5988.94 0.00
1790 12.04 4778.49 0.00
1791 3.62 1617.28 0.00
1792 3.88 1496.41 0.00
1793 1.51 18.97 0.00
1794 0.94 0.37 0.00
1795 8.70 2733.66 0.00
1796 8.93 1190.18 0.00
1797 2.94 1757.36 0.00
1798 2585.80 983.75 0.00
1799 3354.64 9.39 0.00
1800 2629.19 202.22 0.00
1801 3898.41 3074.99 0.00
1802 4709.84 8331.32 0.00
1803 4704.64 6109.54 0.00
1804 1261.41 990.38 0.00
1805 9421.34 4536.96 0.00
1806 9291.59 837.27 0.00
1807 2163.04 3.95 0.00
1808 3449.56 9.20 0.00
1809 4599.45 2421.38 0.00
1810 5667.85 2591.66 0.00
1811 8544.31 2293.43 0.00
1812 2795.49 1064.91 0.00
1813 3203.04 2804.43 0.00
1814 9971.71 5726.21 0.00
1815 4971.94 5378.22 0.00
1816 2404.77 3217.26 0.00
1817 389.93 3138.78 0.00
1818 1942.65 7.60 0.00
1819 580.40 1.72 0.00
1820 2749.60 1764.15 0.00
1821 5316.96 6628.47 0.00
1822 9886.67 11920.54 0.00
1823 9506.67 3460.06 0.00
1824 6803.39 3236.15 0.00
1825 7342.88 3753.76 0.00
1826 9161.35 4224.12 0.00
1827 5778.59 4265.72 0.00
1828 7067.92 2346.02 0.00
1829 8232.53 2712.04 0.00
1830 15409.78 4487.90 0.00
1831 13008.26 3658.01 0.00
1832 15148.51 2465.70 0.00
1833 7745.72 1205.54 0.00
1834 8619.73 1648.64 0.00
1835 9676.71 15.87 0.00
1836 15759.32 1391.08 0.00
1837 16040.13 4820.74 0.00
1838 5225.37 5.52 0.00
1839 1418.62 3.20 0.00
1840 1.44 0.88 0.00
1841 2640.52 3504.28 0.00
1842 1.67 43.22 0.00
1843 3111.86 3130.38 0.00
1844 13193.68 13666.78 0.00
1845 6985.34 4115.94 0.00
1846 4888.89 2345.78 0.00
1847 3468.19 3803.02 0.00
1848 7.16 2874.85 0.00
1849 2.02 521.42 0.00
1850 135.58 1.27 0.00
1851 2025.04 3.51 0.00
1852 2777.69 5.74 0.00
1853 1396.26 3.29 0.00
1854 7476.50 14691.09 0.00
1855 10517.17 12360.07 0.00
1856 5651.24 915.51 0.00
1857 3708.17 5.76 0.00
1858 3031.82 5.01 0.00
1859 33.44 0.95 0.00
1860 0.85 0.50 0.00
1861 1.51 3.82 0.00
1862 9748.94 6590.59 0.00
1863 17427.24 18916.21 0.00
1864 5484.86 795.48 0.00
1865 2810.59 5.81 0.00
1866 1916.42 4.41 0.00
1867 167.02 1.21 0.00
1868 1.50 0.37 0.00
1869 3894.69 12932.10 0.00
1870 3488.29 10529.93 0.00
1871 2731.08 4.02 0.00
1872 447.60 1.01 0.00
1873 2.18 1.14 0.00
1874 2.08 0.63 0.00
1875 1.35 0.37 0.00
1876 3917.74 7624.85 0.00
1877 5048.22 15516.83 0.00
1878 4365.75 4.31 0.00
1879 1994.28 592.85 0.00
1880 694.22 1.21 0.00
1881 1.18 1.96 0.00
1882 1.87 0.95 0.00
1883 1647.04 486.12 0.00
1884 2353.55 8655.57 0.00
1885 1944.59 1787.84 0.00
1886 2758.09 6.73 0.00
1887 3317.86 3.59 0.00
1888 471.74 2.11 0.00
1889 1.91 0.56 0.00
1890 1.05 0.37 0.00
1891 1.78 4.11 0.00
1892 1.86 0.37 0.00
1893 1.33 0.30 0.00
1894 7484.47 18374.18 0.00
1895 3556.48 1631.73 0.00
1896 517.34 2.54 0.00
1897 3.67 0.88 0.00
1898 631.15 262.56 0.00
1899 7380.36 16637.66 0.00
1900 13836.28 13028.25 0.00
1901 14067.02 14453.60 0.00
1902 5266.63 6039.39 0.00
1903 5427.01 5000.33 0.00
1904 6337.54 5989.05 0.00
1905 5978.16 5931.16 0.00
1906 9746.52 3775.61 0.00
1907 19112.46 12544.38 0.00
1908 9537.22 10868.72 0.00
1909 9157.25 8058.51 0.00
1910 7806.40 5519.67 0.00
1911 5491.71 898.61 0.00
1912 2.63 1.14 0.00
1913 3.02 0.63 0.00
1914 2.09 0.43 0.00
1915 3470.84 1022.27 0.00
1916 5249.09 5110.26 0.00
1917 7345.01 8712.00 0.00
1918 9256.33 6997.54 0.00
1919 4951.29 7951.10 0.00
1920 3707.86 4604.71 0.00
1921 2204.16 6424.84 0.00
1922 4896.61 8764.55 0.00
1923 5591.41 7906.03 0.00
1924 4452.70 5999.56 0.00
1925 3925.18 5935.38 0.00
1926 2064.95 2288.74 0.00
1927 1551.48 1372.65 0.00
1928 1415.29 1005.52 0.00
1929 5691.93 14.33 0.00
1930 4740.73 885.35 0.00
1931 2510.61 6.67 0.00
1932 3373.85 4.34 0.00
1933 1224.32 460.91 0.00
1934 3042.82 2115.17 0.00
1935 5750.92 3857.99 0.00
1936 10200.25 8421.49 0.00
1937 6249.28 4613.25 0.00
1938 4952.69 3674.63 0.00
1939 4956.80 3904.71 0.00
1940 5213.65 3159.62 0.00
1941 4222.59 3548.43 0.00
1942 7061.32 5266.61 0.00
1943 6935.33 5313.75 0.00
1944 1520.18 2817.45 0.00
1945 1398.20 2057.53 0.00
1946 1157.99 4723.28 0.00
1947 1515.47 4822.27 0.00
1948 1165.02 3353.86 0.00
1949 2432.15 2325.53 0.00
1950 921.19 5206.74 0.00
1951 7.36 4142.54 0.00
1952 6.23 1255.33 0.00
1953 1.69 0.44 0.00
1954 2.24 0.30 0.00
1955 1.58 0.88 0.00
1956 3.51 636.82 0.00
1957 1.91 0.37 0.00
1958 3.12 244.03 0.00
1959 8.84 3491.31 0.00
1960 8.39 3381.88 0.00
1961 10.79 3680.28 0.00
1962 7.31 6048.48 0.00
1963 2.88 1757.88 0.00
1964 2.59 1580.07 0.00
1965 4.85 1525.29 0.00
1966 6.81 1496.23 0.00
1967 11.39 3679.54 0.00
1968 13.40 4627.15 0.00
1969 17.05 8341.90 0.00
1970 9.11 3559.98 0.00
1971 9.22 2189.87 0.00
1972 8.62 3384.13 0.00
1973 16.35 8490.23 0.00
1974 15.56 3816.45 0.00
1975 12.97 4348.78 0.00
1976 11.15 4415.42 0.00
1977 13.40 5815.09 0.00
1978 7.86 4406.37 0.00
1979 1.66 504.86 0.00
1980 2.68 7.04 0.00
1981 2.68 4.12 0.00
1982 1.28 6.97 0.00
1983 2.34 1.28 0.00
1984 0.78 0.30 0.00
1985 1.77 3.09 0.00
1986 2.43 0.30 0.00
1987 1.01 0.30 0.00
1988 0.89 0.51 0.00
1989 2.40 7.01 0.00
1990 1.85 5.55 0.00
1991 0.89 0.92 0.00
1992 2.16 1.28 0.00
1993 1.55 7.04 0.00
1994 1.44 0.82 0.00
1995 1.56 1.90 0.00
1996 0.79 1.87 0.00
1997 1.81 0.82 0.00
1998 1.56 0.30 0.00
1999 1.56 1.28 0.00
2000 3.60 6.64 0.00
2001 0.78 0.30 0.00
2002 1.63 0.30 0.00
2003 1.88 0.82 0.00
2004 0.66 0.30 0.00
2005 1.46 2.03 0.00
2006 2.44 2.34 0.00
2007 0.49 0.30 0.00
2008 0.44 0.30 0.00
2009 1.11 0.82 0.00
2010 1.92 5.64 0.00
2011 1.23 8.58 0.00
2012 1.38 0.51 0.00
2013 2.81 0.30 0.00
2014 1.01 0.30 0.00
2015 0.96 2.45 0.00
2016 2.15 0.33 0.00
2017 0.49 0.30 0.00
2018 0.55 0.82 0.00
2019 1.34 0.30 0.00
2020 2.58 3.68 0.00
2021 1.05 0.98 0.00
2022 1.38 0.30 0.00
2023 0.87 0.30 0.00
2024 0.77 0.82 0.00
2025 2.40 1.91 0.00
2026 1.46 0.42 0.00
2027 0.81 2.32 0.00
2028 1.79 0.30 0.00
2029 1.11 0.30 0.00
2030 1.74 4.03 0.00
2031 1.78 0.37 0.00
2032 1.05 0.30 0.00
2033 1.54 0.82 0.00
2034 0.66 0.30 0.00
2035 2.47 1.76 0.00
2036 1.76 0.89 0.00
2037 1.04 0.30 0.00
2038 1.37 0.30 0.00
2039 1.22 0.82 0.00
2040 2.14 3.61 0.00
2041 4.97 2.48 0.00
2042 1.48 0.82 0.00
2043 1.00 0.30 0.00
2044 1.48 0.37 0.00
2045 2.31 2.43 0.00
2046 2.23 3.57 0.00
2047 0.66 0.43 0.00
2048 1.33 0.82 0.00
2049 0.82 0.37 0.00
2050 0.38 0.32 0.00
2051 2.09 0.90 0.00
2052 2.31 0.30 0.00
2053 1.54 0.30 0.00
2054 0.99 0.82 0.00
2055 1.81 0.30 0.00
2056 2.68 1.87 0.00
2057 1.26 0.82 0.00
2058 1.93 0.30 0.00
2059 1.67 0.30 0.00
2060 1.11 0.82 0.00
2061 2.17 0.30 0.00
2062 2.86 0.30 0.00
2063 0.55 0.30 0.00
2064 1.56 0.30 0.00
2065 1.33 0.30 0.00
2066 0.77 0.82 0.00
2067 0.93 0.30 0.00
2068 1.89 0.30 0.00
2069 1.21 0.82 0.00
2070 0.33 0.30 0.00
2071 1.57 1.87 0.00
2072 1.59 0.82 0.00
2073 1.44 0.30 0.00
2074 0.77 0.30 0.00
2075 0.66 0.82 0.00
2076 1.67 0.30 0.00
2077 1.11 0.30 0.00
2078 1.17 0.82 0.00
2079 1.33 0.30 0.00
2080 1.27 0.30 0.00
2081 0.77 0.82 0.00
2082 1.83 0.30 0.00
2083 0.44 0.30 0.00
2084 0.95 0.82 0.00
2085 1.44 0.30 0.00
2086 0.68 1.87 0.00
2087 0.98 0.82 0.00
2088 2.18 0.30 0.00
2089 0.65 0.30 0.00
2090 0.83 0.82 0.00
2091 2.93 0.30 0.00
2092 1.45 0.00 0.00
2093 1.33 0.82 0.00
2094 2.54 0.30 0.00
2095 1.70 0.30 0.00
2096 1.65 0.82 0.00
2097 2.72 0.30 0.00
2098 1.56 0.30 0.00
2099 1.54 0.82 0.00
2100 1.42 0.30 0.00
2101 1.24 0.45 0.00
2102 1.98 2.25 0.00
2103 0.77 0.30 0.00
2104 0.97 0.30 0.00
2105 2.09 0.82 0.00
2106 1.36 0.30 0.00
2107 0.93 0.30 0.00
2108 1.83 0.82 0.00
2109 1.22 0.30 0.00
2110 0.99 0.30 0.00
2111 1.98 0.82 0.00
2112 1.12 0.30 0.00
2113 2.57 0.30 0.00
2114 2.11 0.82 0.00
2115 0.88 0.30 0.00
2116 3.48 0.45 0.00
2117 2.02 2.25 0.00
2118 1.13 0.30 0.00
2119 2.33 0.30 0.00
2120 2.75 0.82 0.00
2121 0.55 0.30 0.00
2122 2.85 0.30 0.00
2123 2.44 0.82 0.00
2124 1.31 0.30 0.00
2125 2.01 0.30 0.00
2126 1.10 0.82 0.00
2127 0.59 0.30 0.00
2128 2.87 0.30 0.00
2129 1.21 0.82 0.00
2130 2.34 0.30 0.00
2131 3.02 0.37 0.00
2132 1.34 2.32 0.00
2133 3.53 0.30 0.00
2134 1.30 0.30 0.00
2135 1.41 0.82 0.00
2136 3.64 0.30 0.00
2137 1.57 0.30 0.00
2138 1.85 0.82 0.00
2139 1.33 0.30 0.00
2140 1.36 0.30 0.00
2141 0.77 0.82 0.00
2142 2.13 0.30 0.00
2143 0.76 0.30 0.00
2144 2.56 0.82 0.00
2145 2.19 0.30 0.00
2146 1.45 0.37 0.00
2147 1.94 2.32 0.00
2148 1.94 0.30 0.00
2149 0.99 0.30 0.00
2150 1.47 0.82 0.00
2151 1.78 0.30 0.00
2152 0.93 0.30 0.00
2153 1.88 0.82 0.00
2154 0.88 0.30 0.00
2155 1.35 0.30 0.00
2156 1.99 0.82 0.00
2157 1.26 0.30 0.00
2158 1.13 0.30 0.00
2159 2.49 0.82 0.00
2160 1.08 0.30 0.00
2161 1.53 0.37 0.00
2162 1.93 2.32 0.00
2163 0.88 0.30 0.00
2164 1.29 0.30 0.00
2165 1.66 0.82 0.00
2166 2.22 0.30 0.00
2167 0.92 0.30 0.00
2168 1.65 0.82 0.00
2169 2.47 0.30 0.00
2170 0.66 0.30 0.00
2171 1.44 0.82 0.00
2172 2.41 0.30 0.00
2173 1.85 0.30 0.00
2174 1.74 0.82 0.00
2175 2.49 0.30 0.00
2176 2.67 1.87 0.00
2177 1.58 0.82 0.00
2178 0.99 0.30 0.00
2179 2.22 0.30 0.00
2180 1.60 0.82 0.00
2181 1.55 0.30 0.00
2182 2.18 0.30 0.00
2183 0.65 0.82 0.00
2184 1.66 0.30 0.00
2185 1.67 0.30 0.00
2186 0.65 0.82 0.00
2187 0.60 0.30 0.00
2188 1.42 0.30 0.00
2189 0.89 0.82 0.00
2190 1.21 0.30 0.00
2191 1.46 1.87 0.00
2192 1.14 0.82 0.00
2193 1.96 0.30 0.00
2194 1.11 0.30 0.00
2195 1.21 0.82 0.00
2196 1.63 0.30 0.00
2197 1.04 0.30 0.00
2198 1.52 0.82 0.00
2199 1.44 0.30 0.00
2200 1.22 0.30 0.00
2201 1.10 0.82 0.00
2202 1.48 0.30 0.00
2203 0.89 0.30 0.00
2204 1.07 0.82 0.00
2205 2.00 0.30 0.00
2206 0.91 1.87 0.00
2207 2.52 0.82 0.00
2208 1.33 0.30 0.00
2209 0.77 0.30 0.00
2210 0.77 0.82 0.00
2211 2.26 0.30 0.00
2212 0.71 0.30 0.00
2213 1.65 0.82 0.00
2214 1.49 0.30 0.00
2215 1.03 0.30 0.00
2216 1.00 0.82 0.00
2217 0.49 0.30 0.00
2218 1.03 0.30 0.00
2219 1.11 0.82 0.00
2220 0.77 0.30 0.00
2221 0.79 1.87 0.00
2222 1.81 0.82 0.00
2223 1.03 0.37 0.00
2224 0.94 0.38 0.00
2225 1.33 0.82 0.00
2226 1.14 0.30 0.00
2227 0.49 0.30 0.00
2228 1.33 0.82 0.00
2229 0.55 0.30 0.00
2230 0.43 0.30 0.00
2231 1.88 0.82 0.00
2232 1.04 0.30 0.00
2233 1.32 0.30 0.00
2234 1.10 0.82 0.00
2235 0.66 0.30 0.00
2236 1.76 1.87 0.00
2237 1.49 0.82 0.00
2238 0.55 0.30 0.00
2239 0.99 0.30 0.00
2240 0.88 0.81 0.00
2241 0.88 0.30 0.00
2242 1.96 0.30 0.00
2243 1.10 0.82 0.00
2244 0.77 0.00 0.00
2245 1.99 0.30 0.00
2246 2.36 0.82 0.00
2247 0.60 0.30 0.00
2248 1.10 0.30 0.00
2249 1.70 0.82 0.00
2250 0.99 0.30 0.00
2251 1.46 0.37 0.00
2252 0.98 2.32 0.00
2253 2.54 0.30 0.00
2254 0.88 0.30 0.00
2255 1.16 0.82 0.00
2256 1.55 0.30 0.00
2257 1.26 0.30 0.00
2258 1.44 0.82 0.00
2259 1.95 0.30 0.00
2260 1.11 0.30 0.00
2261 1.00 0.82 0.00
2262 1.59 0.30 0.00
2263 0.44 0.30 0.00
2264 1.11 0.82 0.00
2265 1.34 0.30 0.00
2266 0.79 0.45 0.00
2267 0.87 2.25 0.00
2268 1.34 0.30 0.00
2269 0.79 0.44 0.00
2270 4.40 4.03 0.00
2271 1.23 0.30 0.00
2272 1.16 0.30 0.00
2273 5.34 536.08 0.00
2274 1.22 0.30 0.00
2275 1.03 0.30 0.00
2276 0.77 0.82 0.00
2277 1.27 0.30 0.00
2278 1.36 0.30 0.00
2279 0.99 0.82 0.00
2280 0.99 0.30 0.00
2281 1.02 0.37 0.00
2282 1.03 2.32 0.00
2283 1.05 0.30 0.00
2284 7.25 199.47 0.00
2285 2.03 0.82 0.00
2286 16.08 1339.22 0.00
2287 0.83 0.30 0.00
