0 1.54 0.89 0.00
1 3.57 0.30 0.00
2 0.33 0.30 0.00
3 1.79 2.39 0.00
4 2.63 0.30 0.00
5 5.44 3.53 0.00
6 3.51 2.73 0.00
7 1.90 0.30 0.00
8 1.39 0.30 0.00
9 4.39 1.09 0.00
10 1.29 2.80 0.00
11 1.44 1.78 0.00
12 2.46 0.82 0.00
13 1.20 0.30 0.00
14 1.52 0.30 0.00
15 1.83 0.82 0.00
16 1.87 1.78 0.00
17 0.56 0.30 0.00
18 1.60 2.39 0.00
19 2.98 3.63 0.00
20 1.54 3.50 0.00
21 18.75 19.10 0.00
22 89273.73 154.84 0.00
23 0.55 0.30 0.00
24 3.79 4.52 0.00
25 2.33 0.30 0.00
26 24.94 5.47 0.00
27 1.06 0.95 0.00
28 1.53 0.30 0.00
29 0.97 0.30 0.00
30 22.68 3.76 0.00
31 1.91 1.72 0.00
32 191.59 9.56 0.00
33 239.33 17.97 0.00
34 12.02 9.60 0.00
35 204.40 16.49 0.00
36 2.72 2.36 0.00
37 0.99 0.30 0.00
38 0.77 0.30 0.00
39 229.77 2.03 0.00
40 88.29 19.73 0.00
41 78.17 12.76 0.00
42 78.80 11.60 0.00
43 2.50 0.30 0.00
44 2.32 0.30 0.00
45 262.52 17.14 0.00
46 157.36 36.34 0.00
47 424.40 21.83 0.00
48 2.09 2.45 0.00
49 1.63 2.69 0.00
50 0.74 0.30 0.00
51 1.77 2.29 0.00
52 248.54 13.02 0.00
53 11.36 9.60 0.00
54 1.51 0.82 0.00
55 11.18 13.60 0.00
56 70.85 285.76 0.00
57 11.40 9.98 0.00
58 1.03 0.30 0.00
59 1.41 0.30 0.00
60 1.34 0.82 0.00
61 1.85 1.84 0.00
62 1.22 0.30 0.00
63 0.88 0.14 0.00
64 0.74 2.25 0.00
65 1.37 4.30 0.00
66 1.57 2.17 0.00
67 0.73 0.43 0.00
68 1.44 0.30 0.00
69 1.79 1.02 0.00
70 40783.21 441.00 0.00
71 14597.27 22.72 0.00
72 3337.24 20.23 0.00
73 392.27 2.43 0.00
74 23247.17 36.32 0.00
75 34290.46 64.18 0.00
76 8889.19 19.12 0.00
77 40676.79 74.17 0.00
78 22205.74 56.85 0.00
79 37397.67 66.30 0.00
80 30267.18 49.09 0.00
81 36483.32 75.26 0.00
82 22285.56 57.09 0.00
83 22167.23 74.88 0.00
84 24363.85 68.62 0.00
85 29893.77 88.61 0.00
86 23435.54 295.12 0.00
87 15996.32 40.69 0.00
88 14912.63 18.88 0.00
89 18500.99 477.95 0.00
90 12533.68 22.99 0.00
91 13634.54 27.17 0.00
92 17685.78 32.34 0.00
93 4181.12 10.96 0.00
94 2094.99 6.75 0.00
95 3220.34 17.71 0.00
96 3068.68 10.41 0.00
97 2089.99 4.30 0.00
98 5424.42 11.41 0.00
99 9411.15 34.20 0.00
100 3037.81 10.11 0.00
101 5624.66 221.59 0.00
102 14817.94 17.90 0.00
103 13054.87 374.41 0.00
104 9897.71 213.84 0.00
105 12481.43 19.28 0.00
106 13512.26 16.99 0.00
107 13063.63 17.90 0.00
108 17788.16 22.11 0.00
109 11052.40 15.06 0.00
110 11384.64 125.20 0.00
111 11960.84 16.02 0.00
112 15716.71 148.42 0.00
113 12674.59 15.51 0.00
114 14812.42 19.25 0.00
115 12869.43 18.45 0.00
116 13193.50 17.25 0.00
117 14038.32 388.82 0.00
118 16428.89 393.76 0.00
119 13254.10 15.64 0.00
120 8211.80 9.71 0.00
121 13125.80 18.16 0.00
122 14997.05 144.62 0.00
123 20257.38 25.17 0.00
124 21330.47 232.01 0.00
125 27348.09 27.21 0.00
126 31127.25 29.63 0.00
127 7376.16 194.01 0.00
128 1.12 0.30 0.00
129 12885.36 18.84 0.00
130 23409.30 19.45 0.00
131 24056.92 20.60 0.00
132 25422.21 19.96 0.00
133 29164.35 20.99 0.00
134 29365.81 22.54 0.00
135 29685.72 283.34 0.00
136 30917.72 21.89 0.00
137 29945.25 18.93 0.00
138 30522.67 607.34 0.00
139 41.88 17.30 0.00
140 1.42 0.30 0.00
141 1.78 2.29 0.00
142 0.79 0.43 0.00
143 0.66 0.00 0.00
144 1.42 0.95 0.00
145 1.51 4.54 0.00
146 1.00 2.97 0.00
147 1.33 0.82 0.00
148 0.88 0.30 0.00
149 0.69 0.43 0.00
150 1.29 0.82 0.00
151 1.19 1.84 0.00
152 0.55 0.30 0.00
153 1.46 2.39 0.00
154 0.40 0.30 0.00
155 1.52 0.30 0.00
156 2.89 2.36 0.00
157 0.54 0.30 0.00
158 1.56 0.30 0.00
159 2.77 0.82 0.00
160 0.62 0.30 0.00
161 1.85 1.84 0.00
162 1.77 0.58 0.00
163 0.66 0.00 0.00
164 1.34 0.00 0.00
165 0.82 0.69 0.00
166 1.41 1.49 0.00
167 1.67 0.00 0.00
168 0.90 2.14 0.00
169 1.55 0.00 0.00
170 1.78 0.00 0.00
171 1.46 2.14 0.00
172 0.55 0.00 0.00
173 1.67 0.00 0.00
174 566.39 3086.75 0.00
175 269.67 2.06 0.00
176 1.03 1.68 0.00
177 0.89 0.52 0.00
178 2.11 0.06 0.00
179 0.46 0.06 0.00
180 1.43 0.74 0.00
181 2.97 16.76 0.00
182 31.99 10.71 0.00
183 1.46 2.39 0.00
184 2.70 17.26 0.00
185 11.18 12.94 0.00
186 1.63 2.29 0.00
187 1.53 0.30 0.00
188 1.67 0.30 0.00
189 2.05 0.82 0.00
190 1.71 0.30 0.00
191 1.27 1.72 0.00
192 1.52 0.82 0.00
193 1.53 0.30 0.00
194 0.74 0.30 0.00
195 2.84 0.95 0.00
196 1.48 1.84 0.00
197 0.89 0.30 0.00
198 2.49 2.39 0.00
199 0.67 0.30 0.00
200 0.60 0.30 0.00
201 3.10 2.17 0.00
202 0.67 0.30 0.00
203 0.84 4.54 0.00
204 1.70 0.82 0.00
205 1.52 4.54 0.00
206 1.58 1.91 0.00
207 1.44 0.82 0.00
208 1.13 0.30 0.00
209 1.08 0.30 0.00
210 1.19 0.82 0.00
211 0.89 1.78 0.00
212 0.45 0.06 0.00
213 1.68 2.32 0.00
214 0.95 0.44 0.00
215 1.59 4.54 0.00
216 1.35 2.42 0.00
217 1.08 0.30 0.00
218 1.67 0.30 0.00
219 1.65 0.88 0.00
220 2.88 65.87 0.00
221 6.06 218.30 0.00
222 1.07 30.58 0.00
223 0.44 0.30 0.00
224 1.52 0.30 0.00
225 1.31 0.97 0.00
226 1.75 5.93 0.00
227 1.22 0.28 0.00
228 0.90 2.39 0.00
229 1.42 0.30 0.00
230 1.75 0.30 0.00
231 1.33 2.29 0.00
232 0.77 0.30 0.00
233 4.11 1.15 0.00
234 68.74 2.17 0.00
235 345.15 7.84 0.00
236 68.52 2.80 0.00
237 1.00 0.82 0.00
238 2.22 0.36 0.00
239 1.08 0.28 0.00
240 2.45 0.82 0.00
241 2.23 1.58 0.00
242 0.67 0.00 0.00
243 0.90 2.46 0.00
244 1.63 0.30 0.00
245 0.92 4.54 0.00
246 1.28 2.36 0.00
247 1.11 0.00 0.00
248 0.34 0.00 0.00
249 1.97 0.51 0.00
250 1.50 0.00 0.00
251 0.79 1.42 0.00
252 1.14 0.12 0.00
253 1.22 0.00 0.00
254 0.63 0.00 0.00
255 5.59 8.51 0.00
256 1.08 5.95 0.00
257 7.14 1.05 0.00
258 3.53 184.49 0.00
259 1.19 0.00 0.00
260 1.08 34.52 0.00
261 22.67 18.21 0.00
262 0.55 0.00 0.00
263 0.66 0.51 0.00
264 1.52 0.00 0.00
265 1.52 4.24 0.00
266 1.11 1.96 0.00
267 1.44 0.00 0.00
268 0.66 0.00 0.00
269 0.85 0.54 0.00
270 1.85 0.14 0.00
271 0.90 1.54 0.00
272 1.59 0.51 0.00
273 1.36 0.14 0.00
274 0.74 0.00 0.00
275 2.95 6.18 0.00
276 1.12 1.42 0.00
277 2.18 103.65 0.00
278 3.17 26.23 0.00
279 1.08 0.00 0.00
280 0.74 0.00 0.00
281 2.78 1.94 0.00
282 1.63 0.00 0.00
283 1.00 0.00 0.00
284 1.53 0.57 0.00
285 0.86 0.00 0.00
286 1.23 1.45 0.00
287 1.33 0.54 0.00
288 0.33 0.00 0.00
289 0.75 0.00 0.00
290 2.04 4.75 0.00
291 0.84 1.55 0.00
292 1.12 0.00 0.00
293 1.78 1.94 0.00
294 0.74 0.00 0.00
295 2.04 4.24 0.00
296 1.05 1.90 0.00
297 0.67 0.00 0.00
298 2.04 0.00 0.00
299 3.25 190.13 0.00
300 0.52 0.00 0.00
301 2.71 1.41 0.00
302 0.66 0.58 0.00
303 11.20 10.66 0.00
304 1.35 0.34 0.00
305 1.03 5.06 0.00
306 1.00 1.78 0.00
307 1.33 0.30 0.00
308 0.77 0.82 0.00
309 2.00 0.30 0.00
310 1.29 0.30 0.00
311 2.60 2.29 0.00
312 0.66 0.30 0.00
313 1.17 0.43 0.00
314 2.12 0.82 0.00
315 1.59 4.54 0.00
316 1.96 175.69 0.00
317 135.09 98.63 0.00
318 1.57 28.80 0.00
319 0.51 0.30 0.00
320 1.41 0.82 0.00
321 2.34 1.78 0.00
322 0.49 0.37 0.00
323 2.54 0.79 0.00
324 1.71 0.30 0.00
325 2.24 4.54 0.00
326 1.73 2.36 0.00
327 1.67 0.30 0.00
328 0.88 0.30 0.00
329 170.08 2.82 0.00
330 1.96 0.30 0.00
331 1.24 1.91 0.00
332 1.00 0.82 0.00
333 2.02 1.87 0.00
334 0.57 0.34 0.00
335 2.20 0.82 0.00
336 1.27 1.72 0.00
337 0.55 0.30 0.00
338 1.73 0.97 0.00
339 1.30 4.33 0.00
340 0.52 0.30 0.00
341 2.40 2.36 0.00
342 0.55 0.30 0.00
343 1.10 0.30 0.00
344 2.17 0.82 0.00
345 0.63 0.30 0.00
346 1.72 1.78 0.00
347 2.88 297.51 0.00
348 1.71 10.35 0.00
349 1.78 0.30 0.00
350 1.18 0.82 0.00
351 1.50 1.72 0.00
352 0.71 0.34 0.00
353 2.70 0.82 0.00
354 1.19 0.30 0.00
355 12.82 13.24 0.00
356 2.66 2.36 0.00
357 1.24 0.30 0.00
358 1.59 0.30 0.00
359 1.62 0.82 0.00
360 0.52 0.30 0.00
361 2.26 1.42 0.00
362 1.26 0.87 0.00
363 1.68 2.01 0.00
364 1.52 0.30 0.00
365 1.20 5.19 0.00
366 1.37 1.92 0.00
367 4.36 232.05 0.00
368 0.83 0.82 0.00
369 1.33 0.30 0.00
370 1.30 0.30 0.00
371 1.43 2.17 0.00
372 0.95 0.30 0.00
373 1.62 0.30 0.00
374 0.74 0.82 0.00
375 1.59 0.30 0.00
376 144.19 9.17 0.00
377 0.55 0.81 0.00
378 1.34 1.87 0.00
379 1.36 0.30 0.00
380 0.74 0.82 0.00
381 12.19 10.67 0.00
382 11.54 8.68 0.00
383 1.89 0.82 0.00
384 1.18 0.30 0.00
385 1.85 4.54 0.00
386 2.12 2.57 0.00
387 3.08 66.40 0.00
388 1.69 0.30 0.00
389 1.85 0.82 0.00
390 1.53 0.30 0.00
391 2.44 1.84 0.00
392 1.70 0.95 0.00
393 1.76 1.87 0.00
394 1.77 0.30 0.00
395 1.61 0.82 0.00
396 2.18 1.84 0.00
397 0.77 0.30 0.00
398 1.07 5.06 0.00
399 3.82 117.90 0.00
400 0.73 0.30 0.00
401 3.71 92.00 0.00
402 1.33 24.41 0.00
403 1.06 0.30 0.00
404 1.02 0.86 0.00
405 68.24 5.38 0.00
406 11.46 10.48 0.00
407 1.29 0.82 0.00
408 2.93 1.87 0.00
409 1.98 0.30 0.00
410 1.40 0.82 0.00
411 3.92 1.78 0.00
412 11.78 8.70 0.00
413 1.86 0.82 0.00
414 1.64 0.30 0.00
415 3.14 4.54 0.00
416 1.78 2.29 0.00
417 2.40 0.30 0.00
418 2.00 0.00 0.00
419 1.95 0.00 0.00
420 1.53 0.00 0.00
421 1.49 1.42 0.00
422 2.05 0.18 0.00
423 2.82 0.14 0.00
424 0.86 0.00 0.00
425 2.33 7.00 0.00
426 1.64 1.60 0.00
427 2.42 0.36 0.00
428 1.93 0.82 0.00
429 1.88 0.44 0.00
430 2.89 0.30 0.00
431 2.18 2.13 0.00
432 3.79 196.28 0.00
433 2.29 64.96 0.00
434 1.48 0.82 0.00
435 1.55 4.54 0.00
436 1.63 1.79 0.00
437 1.02 0.87 0.00
438 0.57 0.45 0.00
439 2.88 1.73 0.00
440 1.71 0.82 0.00
441 1.65 1.69 0.00
442 2.31 0.41 0.00
443 1.31 0.96 0.00
444 0.52 0.83 0.00
445 2.99 4.54 0.00
446 3.50 174.88 0.00
447 0.44 37.13 0.00
448 1.67 0.30 0.00
449 0.63 0.82 0.00
450 234.91 5.20 0.00
451 1.50 1.60 0.00
452 1.00 0.92 0.00
453 3.37 143.83 0.00
454 1.53 14.44 0.00
455 1.38 5.12 0.00
456 1.87 1.73 0.00
457 1.36 0.79 0.00
458 67.60 2.56 0.00
459 1.19 0.28 0.00
460 1.08 0.30 0.00
461 1.80 2.24 0.00
462 1.10 0.36 0.00
463 0.89 0.30 0.00
464 0.96 0.82 0.00
465 1.25 0.37 0.00
466 3.11 5.90 0.00
467 0.98 0.87 0.00
468 1.65 0.45 0.00
469 2.43 1.73 0.00
470 1.30 0.82 0.00
471 3.65 1.71 0.00
472 2.38 0.37 0.00
473 1.32 0.82 0.00
474 1.63 0.30 0.00
475 1.57 0.30 0.00
476 2.21 2.06 0.00
477 0.78 0.47 0.00
478 3.28 246.84 0.00
479 1.88 58.29 0.00
480 0.97 0.30 0.00
481 1.70 1.73 0.00
482 1.44 0.87 0.00
483 11.59 10.63 0.00
484 11.43 8.68 0.00
485 225.72 6.83 0.00
486 14.40 117.24 0.00
487 0.33 25.82 0.00
488 4.34 157.50 0.00
489 1.22 0.30 0.00
490 0.93 0.30 0.00
491 2.23 2.39 0.00
492 0.99 0.33 0.00
493 1.03 0.30 0.00
494 1.51 0.82 0.00
495 1.59 4.54 0.00
496 1.29 1.91 0.00
497 0.88 0.82 0.00
498 1.46 0.45 0.00
499 1.26 1.73 0.00
500 1.18 0.82 0.00
501 1.72 1.61 0.00
502 0.78 0.41 0.00
503 0.65 0.82 0.00
504 1.52 0.30 0.00
505 2.77 4.54 0.00
506 1.12 2.40 0.00
507 1.88 0.47 0.00
508 12.78 9.00 0.00
509 1.16 0.82 0.00
510 1.61 0.45 0.00
511 1.72 0.99 0.00
512 0.76 1.82 0.00
513 1.58 0.45 0.00
514 2.70 129.71 0.00
515 2.03 39.40 0.00
516 2.87 297.37 0.00
517 0.66 0.33 0.00
518 1.28 0.95 0.00
519 0.63 0.30 0.00
520 0.63 0.30 0.00
521 2.02 2.36 0.00
522 0.77 0.37 0.00
523 0.66 0.30 0.00
524 1.29 0.82 0.00
525 1.03 4.54 0.00
526 1.57 2.02 0.00
527 1.54 0.85 0.00
528 1.67 0.45 0.00
529 1.30 2.01 0.00
530 1.75 1.49 0.00
531 3.95 173.09 0.00
532 1.00 22.48 0.00
533 1.44 0.82 0.00
534 0.85 0.30 0.00
535 1.90 4.50 0.00
536 1.41 2.46 0.00
537 0.88 0.33 0.00
538 1.70 0.30 0.00
539 0.63 0.82 0.00
540 0.62 0.30 0.00
541 2.55 1.79 0.00
542 0.88 0.87 0.00
543 1.93 0.45 0.00
544 1.42 1.73 0.00
545 1.20 5.06 0.00
546 2.10 1.79 0.00
547 1.78 0.36 0.00
548 1.21 0.82 0.00
549 2.71 0.58 0.00
550 1.85 0.83 0.00
551 3.15 158.68 0.00
552 1.52 22.93 0.00
553 2.69 0.30 0.00
554 1.53 0.88 0.00
555 2.67 4.52 0.00
556 1.47 1.75 0.00
557 0.80 0.61 0.00
558 1.75 1.81 0.00
559 1.91 0.50 0.00
560 241.50 5.19 0.00
561 173.66 3.78 0.00
562 1.44 0.37 0.00
563 0.99 0.82 0.00
564 1.30 0.30 0.00
565 1.51 4.54 0.00
566 1.37 2.13 0.00
567 2.11 0.41 0.00
568 0.99 0.30 0.00
569 0.96 0.82 0.00
570 1.19 0.30 0.00
571 1.01 1.84 0.00
572 0.99 0.89 0.00
573 1.57 1.87 0.00
574 0.73 0.30 0.00
575 1.92 5.06 0.00
576 1.57 1.89 0.00
577 0.65 0.32 0.00
578 1.77 0.82 0.00
579 0.52 0.30 0.00
580 0.84 0.44 0.00
581 2.10 3.11 0.00
582 2.25 0.50 0.00
583 1.56 0.30 0.00
584 2.47 65.81 0.00
585 1.86 5.07 0.00
586 1.93 2.12 0.00
587 2.62 97.55 0.00
588 4.68 459.61 0.00
589 216.02 2.28 0.00
590 2.04 1.44 0.00
591 1.26 1.72 0.00
592 21.28 17.52 0.00
593 1.82 0.88 0.00
594 11.34 8.68 0.00
595 1.81 4.54 0.00
596 1.50 2.30 0.00
597 0.78 0.36 0.00
598 1.81 0.30 0.00
599 0.62 0.82 0.00
600 0.86 0.30 0.00
601 2.78 1.92 0.00
602 0.77 0.87 0.00
603 0.68 1.87 0.00
604 2.46 0.57 0.00
605 1.70 5.06 0.00
606 1.18 1.79 0.00
607 1.78 0.36 0.00
608 1.21 0.82 0.00
609 1.51 1.02 0.00
610 4.98 231.91 0.00
611 4.18 167.13 0.00
612 1.93 65.96 0.00
613 1.85 0.30 0.00
614 1.15 0.82 0.00
615 2.49 4.54 0.00
616 1.83 1.75 0.00
617 0.80 0.89 0.00
618 1.24 1.87 0.00
619 1.60 0.30 0.00
620 0.93 0.82 0.00
621 2.94 1.84 0.00
622 0.67 0.37 0.00
623 1.29 0.82 0.00
624 2.78 0.30 0.00
625 1.85 4.54 0.00
626 1.06 2.30 0.00
627 2.25 0.36 0.00
628 1.30 0.30 0.00
629 0.85 0.82 0.00
630 1.40 0.30 0.00
631 1.84 1.92 0.00
632 0.99 0.87 0.00
633 68.42 4.04 0.00
634 1.19 0.30 0.00
635 3.45 178.67 0.00
636 2.73 16.43 0.00
637 66.25 1.21 0.00
638 1.33 0.82 0.00
639 0.63 0.30 0.00
640 1.19 0.30 0.00
641 2.41 2.68 0.00
642 131.94 2.27 0.00
643 0.66 0.30 0.00
644 1.93 0.82 0.00
645 1.48 4.54 0.00
646 1.76 1.73 0.00
647 2.16 0.87 0.00
648 1.47 1.87 0.00
649 1.05 0.30 0.00
650 1.62 0.82 0.00
651 2.32 1.93 0.00
652 0.89 0.00 0.00
653 1.64 1.04 0.00
654 0.85 0.00 0.00
655 1.30 0.00 0.00
656 8.24 80.31 0.00
657 8.22 65.87 0.00
658 1.91 0.30 0.00
659 2.45 0.82 0.00
660 11.77 8.70 0.00
661 2.50 1.66 0.00
662 11.36 9.27 0.00
663 12.86 10.27 0.00
664 1.63 0.30 0.00
665 1.47 5.06 0.00
666 1.94 0.46 0.00
667 1.55 1.30 0.00
668 1.10 0.82 0.00
669 1.44 0.30 0.00
670 1.40 0.30 0.00
671 1.58 2.39 0.00
672 0.77 0.33 0.00
673 1.61 0.43 0.00
674 1.06 0.82 0.00
675 1.70 4.54 0.00
676 2.02 1.61 0.00
677 1.07 0.92 0.00
678 1.46 1.87 0.00
679 1.16 0.30 0.00
680 0.73 0.82 0.00
681 1.94 1.61 0.00
682 0.66 0.41 0.00
683 0.87 0.82 0.00
684 1.85 0.30 0.00
685 1.62 4.54 0.00
686 1.10 2.27 0.00
687 1.78 0.33 0.00
688 0.77 0.30 0.00
689 0.85 0.82 0.00
690 1.19 0.30 0.00
691 0.94 1.66 0.00
692 1.35 0.87 0.00
693 1.24 1.87 0.00
694 0.63 0.30 0.00
695 1.81 5.06 0.00
696 1.56 1.68 0.00
697 0.88 0.41 0.00
698 2.70 0.82 0.00
699 0.40 0.30 0.00
700 0.86 0.30 0.00
701 2.74 1.99 0.00
702 0.65 0.81 0.00
703 279.41 3.58 0.00
704 2.56 0.82 0.00
705 67.24 5.70 0.00
706 285.57 2.94 0.00
707 1.44 0.82 0.00
708 1.69 1.87 0.00
709 2.16 0.58 0.00
710 1.96 1.35 0.00
711 2.01 44.33 0.00
712 2.21 22.48 0.00
713 1.88 0.82 0.00
714 11.24 9.06 0.00
715 1.59 4.21 0.00
716 11.74 10.63 0.00
717 1.11 0.30 0.00
718 2.14 0.30 0.00
719 1.40 0.82 0.00
720 11.66 8.70 0.00
721 2.77 1.82 0.00
722 1.11 0.85 0.00
723 0.79 1.87 0.00
724 1.96 0.30 0.00
725 1.48 5.06 0.00
726 1.07 1.82 0.00
727 1.55 0.33 0.00
728 1.00 0.82 0.00
729 1.66 0.30 0.00
730 1.47 0.43 0.00
731 1.22 2.24 0.00
732 0.77 0.36 0.00
733 1.55 0.30 0.00
734 0.85 0.82 0.00
735 2.48 4.82 0.00
736 3.50 256.40 0.00
737 2.04 0.87 0.00
738 1.46 1.87 0.00
739 0.51 0.30 0.00
740 2.33 0.82 0.00
741 2.36 1.85 0.00
742 0.76 0.36 0.00
743 2.60 1.10 0.00
744 2.35 43.51 0.00
745 1.40 26.78 0.00
746 0.86 1.81 0.00
747 1.45 0.53 0.00
748 0.77 0.30 0.00
749 0.96 0.82 0.00
750 2.08 0.30 0.00
751 1.49 1.65 0.00
752 1.21 0.89 0.00
753 1.86 1.87 0.00
754 1.30 0.30 0.00
755 2.13 5.06 0.00
756 1.18 1.78 0.00
757 1.44 0.37 0.00
758 1.22 0.82 0.00
759 1.78 0.76 0.00
760 2.43 0.76 0.00
761 223.77 4.63 0.00
762 340.04 95.33 0.00
763 0.55 0.30 0.00
764 1.73 0.82 0.00
765 1.48 4.54 0.00
766 1.34 1.77 0.00
767 1.60 0.88 0.00
768 1.24 1.87 0.00
769 0.85 0.30 0.00
770 1.73 0.82 0.00
771 11.41 10.01 0.00
772 0.88 0.41 0.00
773 1.55 0.82 0.00
774 1.96 0.30 0.00
775 1.70 4.54 0.00
776 2.36 2.24 0.00
777 1.00 0.36 0.00
778 3.29 43.79 0.00
779 2.11 22.99 0.00
780 1.51 0.30 0.00
781 2.71 1.74 0.00
782 2.48 0.92 0.00
783 1.24 1.87 0.00
784 2.30 0.30 0.00
785 1.69 5.06 0.00
786 1.79 1.75 0.00
787 1.44 0.33 0.00
788 1.21 0.82 0.00
789 1.66 0.30 0.00
790 2.30 0.30 0.00
791 1.26 2.18 0.00
792 1.20 0.50 0.00
793 1.77 0.30 0.00
794 1.18 0.82 0.00
795 2.75 149.58 0.00
796 2.05 1.66 0.00
797 0.77 0.87 0.00
798 1.12 1.87 0.00
799 1.48 0.30 0.00
800 1.46 0.82 0.00
801 1.17 1.66 0.00
802 1.62 0.36 0.00
803 0.88 0.82 0.00
804 0.99 0.63 0.00
805 2.29 4.54 0.00
806 2.93 2.81 0.00
807 511.38 2.79 0.00
808 1.89 0.58 0.00
809 1.89 66.20 0.00
810 1.75 0.30 0.00
811 1.65 1.60 0.00
812 1.00 0.87 0.00
813 1.57 1.94 0.00
814 1.92 0.28 0.00
815 2.33 0.82 0.00
816 2.28 1.61 0.00
817 1.07 4.64 0.00
818 2.15 0.82 0.00
819 2.01 0.06 0.00
820 1.04 0.00 0.00
821 2.25 1.94 0.00
822 1.76 0.00 0.00
823 0.99 0.00 0.00
824 1.52 0.62 0.00
825 2.15 4.58 0.00
826 26.15 8241.43 0.00
827 10.76 8260.10 0.00
828 10.75 10925.08 0.00
829 6.08 6064.89 0.00
830 4.56 1647.75 0.00
831 9.79 8157.04 0.00
832 5.41 5269.26 0.00
833 7.98 5214.14 0.00
834 11.95 9146.62 0.00
835 9.10 5336.08 0.00
836 14.08 8207.44 0.00
837 30.29 20760.42 0.00
838 13.59 6291.92 0.00
839 18.23 3127.99 0.00
840 2.75 559.52 0.00
841 10.53 4445.50 0.00
842 8.08 2166.27 0.00
843 323.35 2072.16 0.00
844 2.39 0.30 0.00
845 6.22 2133.93 0.00
846 21.06 4021.40 0.00
847 1.94 65.82 0.00
848 4.66 1055.32 0.00
849 14.70 7160.91 0.00
850 20.17 8251.41 0.00
851 19.21 8260.35 0.00
852 17.52 7675.73 0.00
853 12.43 4611.16 0.00
854 12.80 5122.95 0.00
855 18.33 9620.67 0.00
856 42.33 33945.45 0.00
857 33.73 23809.53 0.00
858 46.79 43938.50 0.00
859 46.91 45726.10 0.00
860 23.52 13786.67 0.00
861 19.80 9306.35 0.00
862 42.28 8659.71 0.00
863 9.59 5688.20 0.00
864 25.73 13896.23 0.00
865 15.50 7075.29 0.00
866 28.46 17580.26 0.00
867 21.29 11961.33 0.00
868 14.24 6637.70 0.00
869 6.98 2824.65 0.00
870 24.17 12071.84 0.00
871 18.58 9216.45 0.00
872 13.03 5969.47 0.00
873 2.44 750.23 0.00
874 22.74 13956.76 0.00
875 15.20 6520.81 0.00
876 30.96 19576.99 0.00
877 16.63 8513.45 0.00
878 16.67 10435.46 0.00
879 16.15 8182.89 0.00
880 18.17 9403.43 0.00
881 24.23 9247.22 0.00
882 16.11 7291.81 0.00
883 22.16 11452.79 0.00
884 20.34 9566.92 0.00
885 24.34 7521.70 0.00
886 33.06 10871.27 0.00
887 52.07 13052.61 0.00
888 41.12 17046.21 0.00
889 24.04 8996.57 0.00
890 16.51 9137.48 0.00
891 142.90 11862.42 0.00
892 32.35 15880.79 0.00
893 12.64 6896.91 0.00
894 1.79 1123.02 0.00
895 16.09 1962.49 0.00
896 6.24 2070.81 0.00
897 9.41 4192.51 0.00
898 9.90 3077.78 0.00
899 5.72 3171.56 0.00
900 2.60 1468.14 0.00
901 3.19 312.10 0.00
902 9.57 4413.17 0.00
903 10.60 6329.63 0.00
904 8.15 3834.37 0.00
905 2.94 905.28 0.00
906 10.91 5631.90 0.00
907 7.32 4007.95 0.00
908 5.01 1698.42 0.00
909 23.16 7614.62 0.00
910 16.02 7302.99 0.00
911 16.14 4668.70 0.00
912 20.51 6694.69 0.00
913 14.87 5031.95 0.00
914 20.68 6673.73 0.00
915 19.81 7233.42 0.00
916 14.38 5258.60 0.00
917 29.31 14019.54 0.00
918 19.24 8733.26 0.00
919 33.26 12551.24 0.00
920 9.21 3247.19 0.00
921 22.65 10211.82 0.00
922 45.35 13483.12 0.00
923 38.78 14289.49 0.00
924 48.13 22113.67 0.00
925 36.18 14868.94 0.00
926 44.28 18822.04 0.00
927 45.83 20883.79 0.00
928 366.84 33751.08 0.00
929 46.59 23536.92 0.00
930 46.85 20019.86 0.00
931 58.51 26403.06 0.00
932 57.81 29192.24 0.00
933 78.45 35793.12 0.00
934 72.22 39099.98 0.00
935 73.21 34257.12 0.00
936 80.53 41966.83 0.00
937 70.35 31634.08 0.00
938 81.74 45149.07 0.00
939 81.93 42964.53 0.00
940 73.89 37926.84 0.00
941 70.93 37837.61 0.00
942 90.74 48704.23 0.00
943 320.18 37594.06 0.00
944 73.36 35941.95 0.00
945 83.72 43048.24 0.00
946 67.77 38876.29 0.00
947 76.98 38502.73 0.00
948 82.82 42109.78 0.00
949 73.55 36564.31 0.00
950 65.27 28039.59 0.00
951 55.95 28821.43 0.00
952 25.71 10697.70 0.00
953 25.75 11633.80 0.00
954 58.51 27332.43 0.00
955 29.43 10681.17 0.00
956 83.54 44317.81 0.00
957 39.95 18692.57 0.00
958 49.20 20287.81 0.00
959 51.24 22908.76 0.00
960 82.09 44043.58 0.00
961 81.42 47267.53 0.00
962 77.55 42286.98 0.00
963 54.76 30246.07 0.00
964 63.67 36034.68 0.00
965 62.19 35583.56 0.00
966 39.54 22434.37 0.00
967 60.21 31226.21 0.00
968 188.68 39971.78 0.00
969 55.95 28304.12 0.00
970 63.30 37430.40 0.00
971 60.11 41795.44 0.00
972 55.62 32792.66 0.00
973 47.83 43457.89 0.00
974 41.29 40193.64 0.00
975 40.76 33546.07 0.00
976 53.24 34563.45 0.00
977 25.07 16950.06 0.00
978 24.46 14793.48 0.00
979 27.55 17418.42 0.00
980 28.66 11063.56 0.00
981 2020.42 8444.65 0.00
982 2153.39 10549.88 0.00
983 2668.31 14274.62 0.00
984 3570.48 8113.55 0.00
985 3053.55 10380.99 0.00
986 1377.24 5173.26 0.00
987 1132.95 2006.55 0.00
988 715.27 4766.39 0.00
989 6207.83 25.76 0.00
990 2079.94 7133.04 0.00
991 2554.27 27899.06 0.00
992 1644.00 23608.08 0.00
993 2540.09 15075.60 0.00
994 3696.91 8159.42 0.00
995 6214.39 8401.08 0.00
996 1887.84 2.17 0.00
997 576.22 2.43 0.00
998 3790.28 5241.01 0.00
999 5106.32 5.33 0.00
1000 5235.40 5.91 0.00
1001 3590.97 3.85 0.00
1002 697.41 2.30 0.00
1003 3.19 504.21 0.00
1004 1970.61 3703.04 0.00
1005 6205.62 11.12 0.00
1006 6212.10 4140.97 0.00
1007 4073.00 7.20 0.00
1008 518.46 2.97 0.00
1009 2079.88 3.66 0.00
1010 131.12 1.08 0.00
1011 3555.85 4.36 0.00
1012 2070.46 3.97 0.00
1013 4149.90 135.33 0.00
1014 2070.75 3.59 0.00
1015 132.22 4.74 0.00
1016 1939.66 2.95 0.00
1017 3288.30 12.68 0.00
1018 2913.20 8.56 0.00
1019 2919.58 4.75 0.00
1020 5624.22 5.98 0.00
1021 6207.46 6.43 0.00
1022 6205.77 6.81 0.00
1023 6335.41 7.61 0.00
1024 1939.68 1.74 0.00
1025 1.06 9.37 0.00
1026 0.66 0.30 0.00
1027 2.73 1.99 0.00
1028 1.10 5.71 0.00
1029 113.12 15590.83 0.00
1030 58.67 9293.19 0.00
1031 48.76 7910.76 0.00
1032 51.00 4908.83 0.00
1033 89.86 12626.63 0.00
1034 35.40 8690.18 0.00
1035 7212.08 9497.18 0.00
1036 12582.84 5620.72 0.00
1037 11747.38 8126.17 0.00
1038 11358.03 6751.21 0.00
1039 11000.21 6619.84 0.00
1040 8989.29 5171.25 0.00
1041 9981.92 2569.92 0.00
1042 8936.11 3194.13 0.00
1043 10284.72 1916.18 0.00
1044 6853.55 32.54 0.00
1045 3659.66 17.74 0.00
1046 3229.38 15.19 0.00
1047 3943.74 22.02 0.00
1048 5659.93 39.64 0.00
1049 10109.05 74.81 0.00
1050 7907.63 44.45 0.00
1051 9269.43 57.37 0.00
1052 13318.80 4441.46 0.00
1053 14513.64 4378.15 0.00
1054 17847.51 5223.13 0.00
1055 7015.54 5141.86 0.00
1056 4972.19 6251.23 0.00
1057 4797.46 1068.62 0.00
1058 6671.67 4624.53 0.00
1059 4129.65 5228.79 0.00
1060 1432.07 4327.46 0.00
1061 2556.57 3560.06 0.00
1062 2872.01 1357.77 0.00
1063 3827.35 2662.26 0.00
1064 1904.48 3672.53 0.00
1065 3.73 2271.56 0.00
1066 0.88 0.30 0.00
1067 4.79 461.02 0.00
1068 2758.50 4267.99 0.00
1069 3233.91 3552.64 0.00
1070 2330.27 4436.41 0.00
1071 7436.34 10613.54 0.00
1072 8470.34 6905.05 0.00
1073 5714.44 272.79 0.00
1074 4625.27 5.96 0.00
1075 1008.93 1.92 0.00
1076 2.17 1.21 0.00
1077 1.05 0.43 0.00
1078 1.93 0.43 0.00
1079 1.85 2.29 0.00
1080 0.94 0.30 0.00
1081 2.80 0.32 0.00
1082 0.97 1.03 0.00
1083 1.97 1.94 0.00
1084 2.50 1.77 0.00
1085 165.68 1.85 0.00
1086 1251.60 274.35 0.00
1087 434.07 1.79 0.00
1088 1128.00 1.98 0.00
1089 3.37 1.90 0.00
1090 1.80 0.43 0.00
1091 1.10 0.82 0.00
1092 2.04 0.30 0.00
1093 1.22 0.30 0.00
1094 2.11 2.48 0.00
1095 1.34 0.30 0.00
1096 0.99 0.43 0.00
1097 1.24 0.95 0.00
1098 1.91 1.87 0.00
1099 1.25 1.64 0.00
1100 1.30 0.95 0.00
1101 1.44 0.30 0.00
1102 1.09 0.43 0.00
1103 1.30 0.82 0.00
1104 2.24 1.77 0.00
1105 1.10 0.37 0.00
1106 2.04 0.88 0.00
1107 1.58 0.30 0.00
1108 0.90 0.37 0.00
1109 1.29 2.16 0.00
1110 1.00 0.30 0.00
1111 0.44 0.30 0.00
1112 0.77 0.82 0.00
1113 2035.66 1522.00 0.00
1114 3107.29 7200.62 0.00
1115 7.33 7698.01 0.00
1116 1182.29 2119.91 0.00
1117 3322.27 6366.53 0.00
1118 5482.68 9507.50 0.00
1119 7269.29 12945.79 0.00
1120 12454.05 16227.45 0.00
1121 13567.65 16298.48 0.00
1122 1471.60 1041.14 0.00
1123 1865.31 1.98 0.00
1124 1659.11 327.70 0.00
1125 2811.02 2.62 0.00
1126 6166.42 2943.70 0.00
1127 5301.76 7784.40 0.00
1128 6683.79 8583.25 0.00
1129 5121.53 7258.67 0.00
1130 4839.92 8760.06 0.00
1131 903.02 5101.33 0.00
1132 519.38 4655.08 0.00
1133 2827.51 3185.43 0.00
1134 4381.17 6303.61 0.00
1135 4649.55 8457.94 0.00
1136 2983.63 8598.80 0.00
1137 3446.59 4002.54 0.00
1138 3627.37 3075.15 0.00
1139 2907.26 3477.81 0.00
1140 838.00 2591.77 0.00
1141 4.50 1700.99 0.00
1142 3.44 1447.17 0.00
1143 338.44 504.27 0.00
1144 1915.31 50.57 0.00
1145 2631.70 2.43 0.00
1146 1446.06 579.51 0.00
1147 4264.24 874.43 0.00
1148 5045.58 5311.88 0.00
1149 5789.79 4684.08 0.00
1150 2738.00 3.33 0.00
1151 1599.46 2.49 0.00
1152 30.11 0.57 0.00
1153 1.34 0.43 0.00
1154 1.21 2.22 0.00
1155 529.59 1.01 0.00
1156 2448.21 3.78 0.00
1157 1333.90 2.17 0.00
1158 2.08 2.00 0.00
1159 1.14 1.84 0.00
1160 1.43 1.01 0.00
1161 1.72 0.50 0.00
1162 0.65 0.30 0.00
1163 932.00 6.76 0.00
1164 9167.89 12908.12 0.00
1165 5005.51 4461.27 0.00
1166 6077.16 5003.95 0.00
1167 4226.25 3571.56 0.00
1168 3396.16 2.88 0.00
1169 3486.08 554.18 0.00
1170 4126.69 5.32 0.00
1171 1891.81 2.24 0.00
1172 1.07 1.01 0.00
1173 1.48 2.00 0.00
1174 1.11 0.37 0.00
1175 2.33 2.29 0.00
1176 0.44 0.30 0.00
1177 1.73 0.37 0.00
1178 1.61 0.88 0.00
1179 1.12 0.37 0.00
1180 1.45 1.77 0.00
1181 1.66 0.82 0.00
1182 0.78 0.30 0.00
1183 8364.67 3462.54 0.00
1184 19836.28 13622.11 0.00
1185 16399.09 9916.37 0.00
1186 5316.57 5.07 0.00
1187 1850.75 3.85 0.00
1188 409.58 3.74 0.00
1189 435.67 1.98 0.00
1190 577.22 3.96 0.00
1191 385.37 1.21 0.00
1192 1.11 0.30 0.00
1193 197.46 1.21 0.00
1194 1074.39 4.14 0.00
1195 587.03 1.42 0.00
1196 1.76 1.60 0.00
1197 1.05 0.95 0.00
1198 1.25 0.30 0.00
1199 1.44 0.88 0.00
1200 0.77 0.30 0.00
1201 2.33 1.78 0.00
1202 2.61 1.00 0.00
1203 0.96 0.43 0.00
1204 2.14 1.81 0.00
1205 2374.57 1258.20 0.00
1206 11992.36 11324.96 0.00
1207 3299.71 3028.45 0.00
1208 2568.25 4.81 0.00
1209 1998.01 3.01 0.00
1210 727.90 1.92 0.00
1211 811.08 4.09 0.00
1212 4159.58 2682.89 0.00
1213 6095.75 4288.06 0.00
1214 6465.64 1361.94 0.00
1215 4710.53 3.46 0.00
1216 651.90 2.74 0.00
1217 1.12 0.95 0.00
1218 1.23 2.00 0.00
1219 4187.71 934.07 0.00
1220 4427.52 3057.35 0.00
1221 14228.74 9464.36 0.00
1222 5310.52 3.33 0.00
1223 894.82 1.46 0.00
1224 1.00 0.37 0.00
1225 1.98 0.37 0.00
1226 7074.48 2852.27 0.00
1227 5864.43 1919.52 0.00
1228 3989.90 1690.04 0.00
1229 2694.26 590.55 0.00
1230 1616.83 3.72 0.00
1231 3221.69 8.30 0.00
1232 3545.28 5.33 0.00
1233 1123.25 4.00 0.00
1234 1.85 0.56 0.00
1235 0.79 0.95 0.00
1236 2.58 1.84 0.00
1237 2843.42 1198.52 0.00
1238 7844.12 2475.09 0.00
1239 7691.71 4214.97 0.00
1240 7550.43 14.29 0.00
1241 3955.06 10.52 0.00
1242 3408.37 3.40 0.00
1243 955.14 1.46 0.00
1244 2.49 0.88 0.00
1245 1.44 0.30 0.00
1246 638.40 2.69 0.00
1247 2.91 1.13 0.00
1248 2.17 2.07 0.00
1249 1.24 0.30 0.00
1250 1.02 0.95 0.00
1251 2.79 1.98 0.00
1252 0.55 0.36 0.00
1253 1.07 0.82 0.00
1254 1.77 0.37 0.00
1255 0.66 0.30 0.00
1256 2.75 2.18 0.00
1257 0.95 0.36 0.00
1258 1.54 0.37 0.00
1259 1.70 0.82 0.00
1260 2.75 0.95 0.00
1261 2.57 1.83 0.00
1262 3.78 0.87 0.00
1263 1.58 1.87 0.00
1264 1.60 0.30 0.00
1265 3.79 0.82 0.00
1266 1.87 1.72 0.00
1267 1.64 0.36 0.00
1268 1.99 0.82 0.00
1269 3.61 0.43 0.00
1270 0.55 0.30 0.00
1271 3569.79 22.00 0.00
1272 3300.94 10.27 0.00
1273 2528.98 5453.00 0.00
1274 2056.33 2745.22 0.00
1275 2639.86 1.92 0.00
1276 108.88 2.08 0.00
1277 2.37 0.91 0.00
1278 1095.09 1638.45 0.00
1279 3313.30 3461.20 0.00
1280 6331.69 2887.43 0.00
1281 7375.29 8.09 0.00
1282 2993.26 3.02 0.00
1283 907.87 1.98 0.00
1284 1.32 0.13 0.00
1285 2.83 0.43 0.00
1286 3.08 2.29 0.00
1287 1.20 0.44 0.00
1288 9615.93 5073.95 0.00
1289 8389.50 4612.12 0.00
1290 2744.75 2139.67 0.00
1291 3622.53 6.22 0.00
1292 3409.00 6.89 0.00
1293 1286.19 5.49 0.00
1294 1249.67 4.24 0.00
1295 2056.30 4.49 0.00
1296 1601.43 3.65 0.00
1297 321.89 1.21 0.00
1298 1.01 0.95 0.00
1299 2.93 0.50 0.00
1300 1.08 0.50 0.00
1301 1.24 2.39 0.00
1302 1.78 0.33 0.00
1303 0.75 0.08 0.00
1304 432.17 1.78 0.00
1305 934.38 2.43 0.00
1306 496.10 1.14 0.00
1307 1.95 1.95 0.00
1308 2.29 2.48 0.00
1309 1.41 0.06 0.00
1310 1.14 0.95 0.00
1311 1.17 0.37 0.00
1312 0.50 0.37 0.00
1313 2.01 2.55 0.00
1314 1.59 0.30 0.00
1315 1.52 0.43 0.00
1316 1.60 0.88 0.00
1317 1.10 0.28 0.00
1318 2.85 1.75 0.00
1319 1.82 0.85 0.00
1320 0.66 0.30 0.00
1321 2.24 0.37 0.00
1322 2.76 1.01 0.00
1323 2.96 3.54 0.00
1324 1.38 0.30 0.00
1325 3.80 0.82 0.00
1326 1.00 0.30 0.00
1327 2.12 0.43 0.00
1328 2.42 2.08 0.00
1329 2.72 0.48 0.00
1330 9526.84 10765.25 0.00
1331 12584.02 24390.70 0.00
1332 15357.63 23758.46 0.00
1333 11156.75 9771.43 0.00
1334 7026.31 5.78 0.00
1335 819.38 1.53 0.00
1336 1.81 0.56 0.00
1337 1.14 0.88 0.00
1338 1.99 3.54 0.00
1339 519.85 1.08 0.00
1340 1.16 0.88 0.00
1341 16892.72 21828.50 0.00
1342 14738.43 24944.27 0.00
1343 10584.24 18397.04 0.00
1344 7905.40 10435.73 0.00
1345 3633.30 3.20 0.00
1346 1976.75 2.95 0.00
1347 840.21 0.97 0.00
1348 1.91 1.90 0.00
1349 0.88 0.88 0.00
1350 101.55 0.50 0.00
1351 471.90 0.95 0.00
1352 0.50 0.88 0.00
1353 175.77 5.02 0.00
1354 339.27 2.04 0.00
1355 377.36 2.56 0.00
1356 82.21 0.69 0.00
1357 1.92 0.30 0.00
1358 3160.16 9230.85 0.00
1359 5350.11 21899.37 0.00
1360 1803.23 25913.66 0.00
1361 5966.78 24750.89 0.00
1362 4928.05 18612.66 0.00
1363 1374.72 10455.76 0.00
1364 328.71 5278.72 0.00
1365 14.51 10694.61 0.00
1366 21.65 16396.38 0.00
1367 14.29 10524.15 0.00
1368 20.42 13053.66 0.00
1369 977.77 3973.70 0.00
1370 0.83 0.37 0.00
1371 1.50 0.37 0.00
1372 2.06 627.45 0.00
1373 1.40 22.02 0.00
1374 2.42 0.46 0.00
1375 0.87 1.41 0.00
1376 1.55 0.30 0.00
1377 0.55 0.30 0.00
1378 15.76 8350.74 0.00
1379 25.88 13089.04 0.00
1380 8.54 4877.79 0.00
1381 1.36 0.82 0.00
1382 1.44 0.30 0.00
1383 1.34 3.34 0.00
1384 0.93 0.82 0.00
1385 1.53 0.30 0.00
1386 25.83 16004.11 0.00
1387 6.49 4853.60 0.00
1388 2.83 1.84 0.00
1389 1.40 0.30 0.00
1390 0.88 0.82 0.00
1391 2.13 0.38 0.00
1392 0.45 0.00 0.00
1393 1.33 2.23 0.00
1394 27.81 15890.05 0.00
1395 3.39 3087.44 0.00
1396 2.48 73.97 0.00
1397 0.88 0.30 0.00
1398 3.85 4.71 0.00
1399 2.85 0.87 0.00
1400 13.41 5104.81 0.00
1401 11.69 7051.62 0.00
1402 5.37 1896.64 0.00
1403 1.41 34.71 0.00
1404 1.65 0.38 0.00
1405 6.58 752.04 0.00
1406 14.47 6961.72 0.00
1407 13.63 6065.53 0.00
1408 15.35 6197.35 0.00
1409 12.96 5757.82 0.00
1410 14.85 6829.93 0.00
1411 21.14 11084.41 0.00
1412 16.87 11361.33 0.00
1413 14.18 8171.76 0.00
1414 14.33 5558.24 0.00
1415 13.62 6937.87 0.00
1416 17.55 10465.05 0.00
1417 6.45 3121.81 0.00
1418 2.08 346.43 0.00
1419 1.70 0.36 0.00
1420 1.11 0.82 0.00
1421 1.11 0.30 0.00
1422 2.00 1.28 0.00
1423 1.54 2.79 0.00
1424 1.57 0.78 0.00
1425 2.89 7.87 0.00
1426 0.87 1.37 0.00
1427 1.10 0.30 0.00
1428 1.72 3.15 0.00
1429 1.03 0.92 0.00
1430 0.66 0.30 0.00
1431 1.56 0.30 0.00
1432 0.88 0.82 0.00
1433 1.34 2.68 0.00
1434 1.71 0.37 0.00
1435 3.22 7.57 0.00
1436 2.01 1.30 0.00
1437 1.23 0.30 0.00
1438 2.62 0.82 0.00
1439 2.14 2.33 0.00
1440 0.67 0.30 0.00
1441 2.29 0.51 0.00
1442 1.32 0.30 0.00
1443 0.91 1.87 0.00
1444 1.16 2.29 0.00
1445 1.61 4.54 0.00
1446 0.73 0.43 0.00
1447 2.73 4.59 0.00
1448 5.70 6.85 0.00
1449 3.09 7.36 0.00
1450 3066.46 7.98 0.00
1451 3364.65 30.62 0.00
1452 2917.97 11.66 0.00
1453 5079.41 11.26 0.00
1454 4852.30 14.55 0.00
1455 10186.62 30.29 0.00
1456 4138.09 13.53 0.00
1457 3352.00 12.14 0.00
1458 6363.61 23.54 0.00
1459 13902.54 35.96 0.00
1460 6693.35 18.37 0.00
1461 5184.88 16.52 0.00
1462 4625.85 14.89 0.00
1463 5082.57 16.36 0.00
1464 13868.02 32.07 0.00
1465 8022.18 18.63 0.00
1466 2569.49 8.95 0.00
1467 1587.96 3.98 0.00
1468 1841.30 8.02 0.00
1469 2162.39 9.56 0.00
1470 2819.06 8.39 0.00
1471 5049.75 13.40 0.00
1472 426.92 2.27 0.00
1473 681.87 6.09 0.00
1474 1304.40 4.25 0.00
1475 650.75 3.19 0.00
1476 1363.53 2.88 0.00
1477 1134.27 1.85 0.00
1478 1.46 1.01 0.00
1479 1.22 0.37 0.00
1480 2.11 1.84 0.00
1481 0.39 0.88 0.00
1482 1.77 0.25 0.00
1483 0.65 0.36 0.00
1484 1157.71 520.02 0.00
1485 522.86 1391.16 0.00
1486 770.99 1376.86 0.00
1487 1401.49 1893.70 0.00
1488 1566.79 2449.16 0.00
1489 5.36 3382.63 0.00
1490 5.66 3720.89 0.00
1491 4.32 1884.11 0.00
1492 3.69 2179.52 0.00
1493 5.89 2451.20 0.00
1494 1021.91 1446.33 0.00
1495 1504.28 995.07 0.00
1496 1348.75 3.58 0.00
1497 1610.34 1.72 0.00
1498 776.47 1.08 0.00
1499 3.88 1.40 0.00
1500 1.26 0.37 0.00
1501 2.21 1.78 0.00
1502 2.50 0.88 0.00
1503 1.42 1.87 0.00
1504 0.82 0.30 0.00
1505 1.50 0.88 0.00
1506 2.67 2.10 0.00
1507 1.08 0.30 0.00
1508 1.65 0.82 0.00
1509 1.41 0.30 0.00
1510 1.34 0.30 0.00
1511 3.28 2.35 0.00
1512 2.85 0.43 0.00
1513 1.53 0.84 0.00
1514 2.35 0.19 0.00
1515 2.13 0.37 0.00
1516 1.77 0.30 0.00
1517 2162.62 2374.48 0.00
1518 2950.07 3881.43 0.00
1519 15.79 9312.25 0.00
1520 274.46 9987.82 0.00
1521 2990.90 3787.31 0.00
1522 2083.89 275.44 0.00
1523 2025.39 565.47 0.00
1524 2118.09 4.24 0.00
1525 3548.10 4.56 0.00
1526 2574.45 3.65 0.00
1527 1.79 1.97 0.00
1528 1.68 0.43 0.00
1529 1.10 0.88 0.00
1530 1.43 0.43 0.00
1531 1.64 0.30 0.00
1532 1.83 2.30 0.00
1533 0.94 1.99 0.00
1534 1.83 0.43 0.00
1535 1.18 0.88 0.00
1536 1.44 0.37 0.00
1537 1.31 1.94 0.00
1538 1.20 0.98 0.00
1539 1.70 0.30 0.00
1540 303.33 185.98 0.00
1541 3492.88 3245.50 0.00
1542 3788.86 2157.99 0.00
1543 3356.98 3311.07 0.00
1544 3796.13 3806.45 0.00
1545 3347.44 1842.04 0.00
1546 2823.96 4.31 0.00
1547 2281.99 6.67 0.00
1548 1307.81 4.77 0.00
1549 6288.49 4694.99 0.00
1550 10518.34 8499.30 0.00
1551 3783.76 1153.40 0.00
1552 4470.93 1870.08 0.00
1553 4975.34 3579.64 0.00
1554 5496.16 2980.27 0.00
1555 4265.27 2884.62 0.00
1556 5641.77 1613.16 0.00
1557 5594.32 2034.14 0.00
1558 5872.58 2064.08 0.00
1559 5187.29 2706.04 0.00
1560 1947.35 1612.97 0.00
1561 899.24 2047.52 0.00
1562 2183.04 2330.30 0.00
1563 7988.16 3835.49 0.00
1564 9766.24 7296.59 0.00
1565 7745.46 8469.82 0.00
1566 7870.94 2737.61 0.00
1567 7193.88 6991.85 0.00
1568 2997.34 4534.43 0.00
1569 3476.88 4255.60 0.00
1570 2648.59 1549.82 0.00
1571 3580.56 608.30 0.00
1572 7107.88 3493.61 0.00
1573 11402.78 2054.26 0.00
1574 8704.26 3426.87 0.00
1575 12934.18 6419.07 0.00
1576 5261.51 6207.90 0.00
1577 3091.51 4621.26 0.00
1578 4733.90 1198.16 0.00
1579 4242.05 1785.02 0.00
1580 2403.11 1121.46 0.00
1581 7690.99 1191.74 0.00
1582 11436.60 5859.98 0.00
1583 9551.59 6324.63 0.00
1584 2253.93 893.08 0.00
1585 2981.10 5.20 0.00
1586 2716.00 4.17 0.00
1587 2996.69 3.33 0.00
1588 1.92 0.56 0.00
1589 1.95 2.42 0.00
1590 3856.40 3649.59 0.00
1591 3588.37 3638.98 0.00
1592 1668.92 3040.71 0.00
1593 2181.07 1889.50 0.00
1594 2045.98 771.98 0.00
1595 4113.80 4776.58 0.00
1596 3379.33 3653.65 0.00
1597 5040.95 5985.58 0.00
1598 5532.25 3008.05 0.00
1599 2821.40 4245.64 0.00
1600 4643.70 4148.02 0.00
1601 8157.47 9202.10 0.00
1602 8924.16 10264.00 0.00
1603 5117.78 3260.17 0.00
1604 4635.52 2998.86 0.00
1605 5395.22 5927.81 0.00
1606 3047.69 7290.01 0.00
1607 5349.45 6892.23 0.00
1608 4465.99 1860.99 0.00
1609 3190.65 5.86 0.00
1610 2308.46 6.61 0.00
1611 5043.32 12.03 0.00
1612 4233.75 7805.10 0.00
1613 3210.38 7755.38 0.00
1614 3131.50 5996.12 0.00
1615 7244.73 10229.38 0.00
1616 8219.77 9148.17 0.00
1617 9590.67 11123.09 0.00
1618 7895.10 11438.12 0.00
1619 1690.23 7269.40 0.00
1620 915.86 3981.63 0.00
1621 3469.38 5415.14 0.00
1622 2568.44 2692.49 0.00
1623 2705.05 1583.58 0.00
1624 4343.36 5547.88 0.00
1625 8648.62 9546.02 0.00
1626 9034.25 7541.01 0.00
1627 4076.66 1478.80 0.00
1628 2314.43 1668.98 0.00
1629 1660.97 899.92 0.00
1630 4487.05 2863.20 0.00
1631 6720.76 4010.53 0.00
1632 4250.42 3755.90 0.00
1633 4545.54 3764.69 0.00
1634 651.58 1563.58 0.00
1635 11.70 2648.36 0.00
1636 9.77 3949.81 0.00
1637 17.69 8495.82 0.00
1638 16.79 10385.08 0.00
1639 270.73 6295.59 0.00
1640 791.10 4023.79 0.00
1641 268.92 3749.60 0.00
1642 4.80 3719.91 0.00
1643 3.62 2433.99 0.00
1644 2.04 3.85 0.00
1645 3.01 6.02 0.00
1646 2317.85 6.38 0.00
1647 3099.08 1890.07 0.00
1648 1844.09 1564.97 0.00
1649 1944.48 3215.31 0.00
1650 3837.74 2453.98 0.00
1651 4732.55 8.67 0.00
1652 3826.22 6.56 0.00
1653 2309.14 5.93 0.00
1654 1.88 0.30 0.00
1655 0.95 4.45 0.00
1656 2.70 2.48 0.00
1657 1548.60 2174.21 0.00
1658 1273.24 2783.02 0.00
1659 1017.78 3303.55 0.00
1660 4748.87 1761.67 0.00
1661 5504.85 3259.06 0.00
1662 4299.84 2212.44 0.00
1663 4610.26 2933.02 0.00
1664 5265.33 1167.86 0.00
1665 8075.54 27.16 0.00
1666 7129.93 19.58 0.00
1667 4235.52 4.62 0.00
1668 2630.36 8.06 0.00
1669 206.58 0.50 0.00
1670 1039.20 3.66 0.00
1671 3068.23 10.42 0.00
1672 1510.41 3.79 0.00
1673 2400.12 3.91 0.00
1674 4000.98 13.05 0.00
1675 4874.26 10.86 0.00
1676 1523.66 6.07 0.00
1677 1554.29 6.94 0.00
1678 2301.73 7.59 0.00
1679 1550.57 955.77 0.00
1680 3341.87 4517.93 0.00
1681 3654.17 3966.42 0.00
1682 3269.58 725.24 0.00
1683 326.97 3.68 0.00
1684 2.00 0.97 0.00
1685 4907.43 30.75 0.00
1686 7577.67 14.03 0.00
1687 3698.17 4.14 0.00
1688 1721.57 2.04 0.00
1689 210.69 0.75 0.00
1690 9164.28 20.70 0.00
1691 14867.99 37.78 0.00
1692 15320.24 3730.68 0.00
1693 5234.42 2335.98 0.00
1694 7385.80 20.20 0.00
1695 5144.42 18.47 0.00
1696 14843.47 48.23 0.00
1697 15284.06 28.09 0.00
1698 5653.75 13.15 0.00
1699 6239.42 17.37 0.00
1700 15581.84 28.69 0.00
1701 7679.70 13.65 0.00
1702 4043.05 11.26 0.00
1703 1251.65 5.94 0.00
1704 12171.60 30.15 0.00
1705 9243.74 30.52 0.00
1706 7675.91 20.30 0.00
1707 5788.99 12.96 0.00
1708 5078.84 11.97 0.00
1709 2363.15 4.04 0.00
1710 2576.75 3.59 0.00
1711 1512.61 9.03 0.00
1712 1499.29 3.59 0.00
1713 5796.75 21.54 0.00
1714 12194.44 28.15 0.00
1715 7181.08 16.47 0.00
1716 5414.08 6.16 0.00
1717 2688.27 3.27 0.00
1718 809.91 2.69 0.00
1719 1203.59 2.11 0.00
1720 7087.92 17.57 0.00
1721 11210.36 1081.64 0.00
1722 11809.40 3044.47 0.00
1723 3591.79 4.18 0.00
1724 932.58 1.66 0.00
1725 1986.59 651.76 0.00
1726 11436.63 6701.56 0.00
1727 9434.69 3036.45 0.00
1728 5220.77 919.55 0.00
1729 2899.95 6.51 0.00
1730 2113.30 4.75 0.00
1731 2613.72 6.32 0.00
1732 803.05 2.80 0.00
1733 4113.88 1894.80 0.00
1734 8682.42 1611.84 0.00
1735 4676.67 392.58 0.00
1736 4115.56 6.62 0.00
1737 3165.23 3.58 0.00
1738 1374.71 12.82 0.00
1739 5969.42 4618.98 0.00
1740 9234.58 8421.37 0.00
1741 10912.32 5892.46 0.00
1742 1760.07 2766.87 0.00
1743 2440.28 3694.06 0.00
1744 5056.54 2329.45 0.00
1745 3687.09 2395.13 0.00
1746 6630.50 3905.46 0.00
1747 3997.72 3836.42 0.00
1748 1499.14 1026.82 0.00
1749 2798.52 1291.08 0.00
1750 3534.67 1491.79 0.00
1751 2258.92 2109.68 0.00
1752 1315.62 1436.64 0.00
1753 1257.85 244.70 0.00
1754 1352.05 2.04 0.00
1755 1395.52 649.51 0.00
1756 2759.72 2.75 0.00
1757 5304.53 2739.97 0.00
1758 1651.94 2737.58 0.00
1759 2107.34 2212.71 0.00
1760 10853.60 5932.81 0.00
1761 9409.13 4567.06 0.00
1762 2454.93 3701.21 0.00
1763 3339.81 2198.86 0.00
1764 3703.64 3030.13 0.00
1765 7304.84 3210.68 0.00
1766 10127.80 9012.63 0.00
1767 4665.21 4525.26 0.00
1768 2766.49 3204.03 0.00
1769 2684.80 2903.20 0.00
1770 4880.11 3512.92 0.00
1771 5328.15 2896.67 0.00
1772 9493.00 6413.30 0.00
1773 11217.28 13696.63 0.00
1774 11253.66 13305.97 0.00
1775 10277.28 10092.35 0.00
1776 5841.90 8428.99 0.00
1777 2994.87 4167.06 0.00
1778 2515.33 1939.68 0.00
1779 8324.38 7196.39 0.00
1780 7550.43 9779.17 0.00
1781 5370.66 755.28 0.00
1782 5230.91 5.14 0.00
1783 1683.62 4.18 0.00
1784 2.23 0.63 0.00
1785 3.41 648.33 0.00
1786 1801.46 911.09 0.00
1787 2686.04 5947.08 0.00
1788 5330.40 2135.07 0.00
1789 5033.80 14.00 0.00
1790 5573.78 16.27 0.00
1791 1749.95 2003.93 0.00
1792 3337.77 1882.37 0.00
1793 6282.84 4734.73 0.00
1794 4179.44 5147.46 0.00
1795 670.37 2512.82 0.00
1796 1.98 123.65 0.00
1797 390.99 982.09 0.00
1798 1337.66 3003.75 0.00
1799 1603.90 1199.81 0.00
1800 1477.97 1651.17 0.00
1801 2398.18 1950.29 0.00
1802 2408.56 1335.16 0.00
1803 2134.54 7.53 0.00
1804 3371.52 4324.87 0.00
1805 7270.85 6232.40 0.00
1806 1804.11 3519.16 0.00
1807 690.12 5209.08 0.00
1808 2298.53 7970.64 0.00
1809 5.73 3038.66 0.00
1810 3.77 762.66 0.00
1811 3.88 1123.44 0.00
1812 672.28 1387.45 0.00
1813 5.75 1768.39 0.00
1814 6.43 2759.40 0.00
1815 1061.29 771.07 0.00
1816 1734.83 1850.95 0.00
1817 3288.14 3200.22 0.00
1818 3051.20 10.64 0.00
1819 2679.79 9.60 0.00
1820 534.63 2.72 0.00
1821 1735.93 814.32 0.00
1822 1803.90 799.23 0.00
1823 1543.81 257.60 0.00
1824 2970.02 3243.59 0.00
1825 3875.29 2784.60 0.00
1826 3080.93 4050.76 0.00
1827 3888.25 3919.80 0.00
1828 4113.11 2442.47 0.00
1829 3658.44 1934.96 0.00
1830 4778.72 2510.88 0.00
1831 3014.20 1568.75 0.00
1832 3628.94 3268.45 0.00
1833 434.51 6524.90 0.00
1834 24.00 10265.70 0.00
1835 17.81 8853.43 0.00
1836 8.84 1925.55 0.00
1837 6.40 2807.01 0.00
1838 13.28 5495.00 0.00
1839 25.16 13048.37 0.00
1840 492.33 6255.52 0.00
1841 986.31 810.80 0.00
1842 2.74 260.09 0.00
1843 1.54 2.26 0.00
1844 0.71 0.37 0.00
1845 2.35 0.89 0.00
1846 2.74 5.99 0.00
1847 135.85 5289.95 0.00
1848 696.69 1344.30 0.00
1849 317.12 1836.62 0.00
1850 1.37 726.90 0.00
1851 9.33 4899.60 0.00
1852 4138.64 4835.99 0.00
1853 7045.52 16.57 0.00
1854 288.91 4.23 0.00
1855 5048.50 19.23 0.00
1856 5670.78 11.33 0.00
1857 10019.07 44.79 0.00
1858 13552.46 21.84 0.00
1859 5082.43 12.23 0.00
1860 3447.52 1390.94 0.00
1861 6250.21 8496.26 0.00
1862 8.32 6159.70 0.00
1863 9.82 6722.59 0.00
1864 8388.90 216.01 0.00
1865 14462.14 2960.85 0.00
1866 14927.77 35.58 0.00
1867 3690.35 9.72 0.00
1868 5593.63 10.15 0.00
1869 2843.47 4.04 0.00
1870 2486.67 4.48 0.00
1871 864.86 2.17 0.00
1872 10138.11 25.44 0.00
1873 6312.28 13.52 0.00
1874 5660.76 11.93 0.00
1875 6074.86 18.00 0.00
1876 17788.40 504.52 0.00
1877 15620.67 5622.83 0.00
1878 10665.31 3199.30 0.00
1879 11855.63 522.40 0.00
1880 12809.15 20.59 0.00
1881 7061.20 12.27 0.00
1882 12317.04 19.97 0.00
1883 16490.82 27.47 0.00
1884 12523.07 17.42 0.00
1885 3663.73 3.58 0.00
1886 1080.34 4.13 0.00
1887 1463.84 2.33 0.00
1888 689.20 2.21 0.00
1889 5157.90 18.24 0.00
1890 7039.59 1508.01 0.00
1891 6455.09 2527.50 0.00
1892 3285.05 1578.13 0.00
1893 5411.17 2700.36 0.00
1894 2599.93 1659.16 0.00
1895 3291.75 495.61 0.00
1896 2674.12 3.72 0.00
1897 2941.47 4.18 0.00
1898 1785.95 1.98 0.00
1899 242.57 1.08 0.00
1900 1979.69 1538.87 0.00
1901 5176.28 1929.63 0.00
1902 14225.53 9142.73 0.00
1903 8933.95 10445.88 0.00
1904 8113.97 3689.42 0.00
1905 2647.41 2469.26 0.00
1906 1665.36 753.58 0.00
1907 1638.59 1.82 0.00
1908 1120.10 3.31 0.00
1909 0.93 0.13 0.00
1910 895.55 4.00 0.00
1911 1838.26 5.96 0.00
1912 1490.42 4239.68 0.00
1913 2454.51 3654.84 0.00
1914 2.42 1026.75 0.00
1915 2.04 4.48 0.00
1916 1.51 0.13 0.00
1917 2.21 0.81 0.00
1918 653.27 3114.44 0.00
1919 3761.20 2582.40 0.00
1920 4006.07 2180.37 0.00
1921 2301.33 1388.41 0.00
1922 1642.16 168.37 0.00
1923 1959.43 1734.58 0.00
1924 3164.19 4191.94 0.00
1925 7784.81 7630.11 0.00
1926 6725.30 2534.56 0.00
1927 9362.14 2744.43 0.00
1928 4914.71 638.23 0.00
1929 3746.35 3.87 0.00
1930 1455.41 1.55 0.00
1931 1085.42 1.94 0.00
1932 2674.70 11.90 0.00
1933 2491.84 1011.34 0.00
1934 5830.63 1189.10 0.00
1935 8867.16 1248.97 0.00
1936 8334.27 1482.23 0.00
1937 3725.88 2283.18 0.00
1938 9674.44 4437.35 0.00
1939 9585.65 3167.84 0.00
1940 3815.31 2033.53 0.00
1941 3934.98 2542.54 0.00
1942 6449.72 244.26 0.00
1943 4311.71 9.25 0.00
1944 5967.78 9.02 0.00
1945 8730.99 15.50 0.00
1946 6247.74 8.57 0.00
1947 4730.17 8.10 0.00
1948 4294.99 9.28 0.00
1949 3126.59 10.35 0.00
1950 3630.66 10.06 0.00
1951 3752.97 9.81 0.00
1952 5965.06 14.18 0.00
1953 5845.73 12.54 0.00
1954 2283.78 7.72 0.00
1955 2199.34 7.96 0.00
1956 4920.99 7.76 0.00
1957 1482.17 2.24 0.00
1958 769.56 4.26 0.00
1959 2684.06 268.61 0.00
1960 5142.36 5940.67 0.00
1961 3728.08 2050.91 0.00
1962 3578.61 1377.92 0.00
1963 4219.83 9.06 0.00
1964 4314.90 7.65 0.00
1965 1722.58 2.11 0.00
1966 2062.81 1.53 0.00
1967 1376.01 3.10 0.00
1968 1749.66 5.60 0.00
1969 4851.39 15.16 0.00
1970 3099.27 1053.30 0.00
1971 11764.66 4344.75 0.00
1972 7401.23 3413.77 0.00
1973 2382.88 976.10 0.00
1974 3783.92 2291.64 0.00
1975 6657.56 4574.55 0.00
1976 3703.99 3366.64 0.00
1977 3329.57 2355.70 0.00
1978 3737.21 11.61 0.00
1979 3479.62 1222.85 0.00
1980 2955.36 1988.69 0.00
1981 3.09 3020.11 0.00
1982 1.76 882.35 0.00
1983 2.27 2.97 0.00
1984 2801.23 6.58 0.00
1985 2186.00 7.07 0.00
1986 1789.36 3.73 0.00
1987 0.99 0.30 0.00
1988 1.67 0.30 0.00
1989 2.56 2.35 0.00
1990 0.89 0.30 0.00
1991 1.67 0.30 0.00
1992 2.13 2.76 0.00
1993 0.78 0.30 0.00
1994 2.67 2.44 0.00
1995 1.27 5.14 0.00
1996 1.53 1.28 0.00
1997 1.54 6.18 0.00
1998 1.33 3.22 0.00
1999 2.10 1.77 0.00
2000 2.13 1.37 0.00
2001 0.97 1.37 0.00
2002 2.54 0.30 0.00
2003 1.56 1.28 0.00
2004 2.20 3.64 0.00
2005 2.66 4.06 0.00
2006 0.66 0.30 0.00
2007 1.34 1.30 0.00
2008 1.88 0.82 0.00
2009 1.46 2.83 0.00
2010 0.65 1.37 0.00
2011 1.80 7.63 0.00
2012 1.12 1.87 0.00
2013 0.66 0.82 0.00
2014 1.89 1.84 0.00
2015 2.30 4.52 0.00
2016 2.37 1.37 0.00
2017 0.33 0.30 0.00
2018 1.61 6.95 0.00
2019 2.20 2.29 0.00
2020 0.44 0.30 0.00
2021 1.34 0.30 0.00
2022 1.81 0.82 0.00
2023 0.88 0.30 0.00
2024 1.83 1.77 0.00
2025 1.17 2.44 0.00
2026 0.77 0.30 0.00
2027 1.68 0.45 0.00
2028 1.50 2.37 0.00
2029 1.37 1.65 0.00
2030 1.22 0.30 0.00
2031 1.78 0.82 0.00
2032 0.89 0.30 0.00
2033 1.66 0.30 0.00
2034 1.32 2.22 0.00
2035 1.96 1.92 0.00
2036 0.65 0.30 0.00
2037 1.70 0.82 0.00
2038 2.26 0.30 0.00
2039 1.42 1.71 0.00
2040 0.67 0.51 0.00
2041 1.70 0.30 0.00
2042 1.30 0.45 0.00
2043 5.16 2.70 0.00
2044 1.89 1.74 0.00
2045 1.00 0.40 0.00
2046 1.32 0.82 0.00
2047 1.95 0.50 0.00
2048 1.39 0.75 0.00
2049 1.79 1.40 0.00
2050 1.35 0.43 0.00
2051 0.77 0.30 0.00
2052 0.60 0.96 0.00
2053 2.12 3.08 0.00
2054 2.31 0.28 0.00
2055 1.65 0.82 0.00
2056 0.88 0.30 0.00
2057 0.79 0.37 0.00
2058 3.36 2.32 0.00
2059 1.60 0.30 0.00
2060 0.78 0.30 0.00
2061 2.93 0.82 0.00
2062 1.00 0.30 0.00
2063 1.77 0.30 0.00
2064 2.77 0.82 0.00
2065 1.14 0.30 0.00
2066 1.56 0.30 0.00
2067 1.32 0.82 0.00
2068 0.78 0.30 0.00
2069 0.93 0.30 0.00
2070 1.99 0.82 0.00
2071 0.88 0.30 0.00
2072 0.64 0.37 0.00
2073 1.54 2.32 0.00
2074 1.37 0.30 0.00
2075 1.55 0.30 0.00
2076 0.77 0.82 0.00
2077 0.66 0.30 0.00
2078 1.78 0.30 0.00
2079 0.92 0.82 0.00
2080 0.95 0.30 0.00
2081 1.51 0.30 0.00
2082 1.20 0.82 0.00
2083 0.95 0.30 0.00
2084 1.82 0.30 0.00
2085 0.67 0.82 0.00
2086 0.33 0.30 0.00
2087 2.08 0.45 0.00
2088 0.66 2.25 0.00
2089 0.70 0.30 0.00
2090 1.90 0.30 0.00
2091 1.44 0.82 0.00
2092 0.66 0.30 0.00
2093 3.16 0.30 0.00
2094 1.37 0.82 0.00
2095 1.62 0.30 0.00
2096 2.37 0.30 0.00
2097 2.14 0.82 0.00
2098 1.33 0.30 0.00
2099 2.83 0.30 0.00
2100 1.07 0.82 0.00
2101 1.92 0.30 0.00
2102 1.64 0.44 0.00
2103 1.21 2.25 0.00
2104 1.59 0.30 0.00
2105 1.11 0.30 0.00
2106 1.18 0.82 0.00
2107 1.77 0.30 0.00
2108 0.87 0.30 0.00
2109 1.52 0.82 0.00
2110 1.55 0.30 0.00
2111 1.39 0.30 0.00
2112 1.32 0.82 0.00
2113 1.88 0.30 0.00
2114 1.23 0.30 0.00
2115 2.68 0.82 0.00
2116 2.34 0.30 0.00
2117 1.23 0.37 0.00
2118 3.45 2.32 0.00
2119 2.14 0.30 0.00
2120 1.08 0.30 0.00
2121 2.78 0.82 0.00
2122 2.54 0.30 0.00
2123 1.11 0.30 0.00
2124 2.04 0.82 0.00
2125 3.25 0.30 0.00
2126 1.31 0.30 0.00
2127 2.00 0.82 0.00
2128 0.88 0.30 0.00
2129 0.71 0.30 0.00
2130 2.97 0.82 0.00
2131 1.45 0.30 0.00
2132 2.36 0.45 0.00
2133 3.11 2.25 0.00
2134 1.23 0.30 0.00
2135 3.42 0.30 0.00
2136 1.40 0.82 0.00
2137 0.97 0.30 0.00
2138 3.59 0.30 0.00
2139 1.85 0.82 0.00
2140 1.30 0.30 0.00
2141 1.61 0.30 0.00
2142 1.18 0.82 0.00
2143 1.06 0.30 0.00
2144 1.68 0.30 0.00
2145 0.94 0.82 0.00
2146 2.34 0.30 0.00
2147 2.77 0.45 0.00
2148 1.42 2.25 0.00
2149 1.95 0.30 0.00
2150 1.94 0.30 0.00
2151 0.98 0.82 0.00
2152 1.08 0.30 0.00
2153 2.17 0.30 0.00
2154 1.03 0.82 0.00
2155 1.89 0.30 0.00
2156 0.88 0.30 0.00
2157 1.46 0.82 0.00
2158 1.77 0.30 0.00
2159 1.26 0.30 0.00
2160 0.77 0.82 0.00
2161 2.97 0.30 0.00
2162 1.27 1.87 0.00
2163 1.40 0.82 0.00
2164 1.81 0.30 0.00
2165 0.88 0.30 0.00
2166 1.41 0.51 0.00
2167 1.44 0.30 0.00
2168 1.30 0.30 0.00
2169 1.90 0.82 0.00
2170 1.55 0.30 0.00
2171 2.47 0.30 0.00
2172 0.77 0.82 0.00
2173 0.54 0.30 0.00
2174 3.19 0.30 0.00
2175 1.18 0.82 0.00
2176 2.29 0.30 0.00
2177 2.74 0.45 0.00
2178 1.98 2.25 0.00
2179 2.48 0.30 0.00
2180 0.99 0.30 0.00
2181 1.55 0.82 0.00
2182 2.16 0.30 0.00
2183 1.22 0.30 0.00
2184 1.14 0.82 0.00
2185 1.92 0.30 0.00
2186 1.54 0.30 0.00
2187 1.11 0.82 0.00
2188 1.55 0.30 0.00
2189 0.60 0.30 0.00
2190 0.86 0.82 0.00
2191 1.34 0.30 0.00
2192 1.45 0.45 0.00
2193 0.77 2.25 0.00
2194 1.70 0.30 0.00
2195 1.29 0.30 0.00
2196 1.76 0.82 0.00
2197 1.10 0.30 0.00
2198 1.08 0.30 0.00
2199 1.59 0.82 0.00
2200 1.30 0.30 0.00
2201 0.94 0.30 0.00
2202 1.87 0.82 0.00
2203 0.88 0.30 0.00
2204 0.93 0.30 0.00
2205 1.65 0.82 0.00
2206 0.97 0.30 0.00
2207 1.24 0.45 0.00
2208 1.89 2.25 0.00
2209 1.26 0.30 0.00
2210 1.81 0.30 0.00
2211 1.44 0.82 0.00
2212 0.77 0.30 0.00
2213 1.59 0.30 0.00
2214 1.48 0.82 0.00
2215 0.77 0.30 0.00
2216 2.15 0.30 0.00
2217 1.03 0.82 0.00
2218 0.44 0.30 0.00
2219 1.05 0.30 0.00
2220 0.43 0.82 0.00
2221 1.04 0.30 0.00
2222 1.57 0.37 0.00
2223 0.54 2.32 0.00
2224 1.15 0.30 0.00
2225 1.81 0.37 0.00
2226 0.82 0.89 0.00
2227 0.67 0.30 0.00
2228 1.33 0.30 0.00
2229 1.18 0.82 0.00
2230 0.67 0.30 0.00
2231 1.00 0.30 0.00
2232 0.76 0.82 0.00
2233 0.88 0.30 0.00
2234 1.70 0.30 0.00
2235 0.77 0.82 0.00
2236 1.55 0.30 0.00
2237 0.90 0.45 0.00
2238 1.18 2.25 0.00
2239 2.04 0.30 0.00
2240 0.44 0.30 0.00
2241 0.66 0.82 0.00
2242 1.33 0.30 0.00
2243 0.66 0.30 0.00
2244 0.92 0.82 0.00
2245 2.03 0.30 0.00
2246 0.99 0.30 0.00
2247 0.99 0.82 0.00
2248 2.32 0.30 0.00
2249 1.86 0.30 0.00
2250 0.55 0.82 0.00
2251 1.11 0.30 0.00
2252 2.27 1.87 0.00
2253 0.77 0.82 0.00
2254 1.71 0.30 0.00
2255 2.04 0.30 0.00
2256 1.65 0.82 0.00
2257 1.10 0.30 0.00
2258 0.99 0.30 0.00
2259 1.93 0.82 0.00
2260 1.33 0.30 0.00
2261 1.56 0.30 0.00
2262 1.77 0.82 0.00
2263 0.88 0.30 0.00
2264 1.04 0.30 0.00
2265 1.33 0.82 0.00
2266 0.88 0.30 0.00
2267 0.92 1.87 0.00
2268 1.33 0.82 0.00
2269 1.04 0.30 0.00
2270 0.55 0.30 0.00
2271 1.33 0.82 0.00
2272 0.55 0.30 0.00
2273 0.33 0.30 0.00
2274 2.04 0.82 0.00
2275 1.13 0.44 0.00
2276 5.18 3.52 0.00
2277 1.14 0.82 0.00
2278 0.88 0.62 0.00
2279 5.36 522.97 0.00
2280 0.88 0.82 0.00
2281 1.47 0.30 0.00
2282 1.19 0.45 0.00
2283 0.88 2.25 0.00
2284 0.93 0.30 0.00
2285 1.34 0.30 0.00
2286 3.88 3.56 0.00
2287 5.63 191.09 0.00
2288 1.11 0.30 0.00
2289 16.32 1306.47 0.00
