0 0.00 0.00 0.25 1.25 0.00 0.00 0.00 0.00 0.00 98.50
1 0.00 0.00 0.25 0.00 0.00 0.00 0.00 0.00 0.00 99.75
2 0.00 0.00 0.00 0.50 0.00 0.00 0.25 0.00 0.00 99.25
3 0.00 0.00 0.25 0.50 0.00 0.00 0.25 0.00 0.00 99.00
4 0.00 0.00 0.00 1.52 0.00 0.00 0.00 0.00 0.00 98.48
5 0.50 0.00 0.00 0.25 0.00 0.00 0.25 0.00 0.00 99.00
6 4.81 0.00 2.78 0.25 0.00 0.00 0.00 0.00 0.00 92.15
7 0.00 0.00 0.00 0.50 0.00 0.00 0.00 0.00 0.00 99.50
8 0.25 0.00 0.00 0.25 0.00 0.00 0.00 0.00 0.00 99.50
9 0.25 0.00 0.00 8.82 0.00 0.00 0.00 0.00 0.00 90.93
10 0.25 0.00 0.25 39.14 0.00 0.00 0.25 0.00 0.00 60.10
11 0.00 0.00 0.25 25.51 0.00 0.00 0.00 0.00 0.00 74.24
12 0.76 0.00 0.25 44.33 0.00 0.00 0.00 0.00 0.00 54.66
13 0.25 0.00 1.01 38.89 0.00 0.00 0.00 0.00 0.00 59.85
14 1.50 0.00 1.00 35.59 0.00 0.00 0.00 0.00 0.00 61.90
15 1.78 0.00 0.51 25.45 0.00 0.00 0.00 0.00 0.00 72.26
16 1.53 0.00 0.76 23.16 0.00 0.00 0.25 0.00 0.00 74.30
17 5.56 0.00 0.51 19.70 0.00 0.00 0.00 0.00 0.00 74.24
18 0.76 0.00 0.25 25.63 0.00 0.00 0.00 0.00 0.00 73.35
19 2.05 0.00 0.51 22.76 0.00 0.00 0.00 0.00 0.00 74.68
20 0.25 0.00 0.51 24.75 0.00 0.00 0.00 0.00 0.00 74.49
21 4.30 0.00 0.76 23.04 0.00 0.00 0.00 0.00 0.00 71.90
22 9.14 0.00 0.51 17.51 0.00 0.00 0.00 0.00 0.00 72.84
23 8.42 0.00 1.02 18.62 0.00 0.00 0.26 0.00 0.00 71.68
24 10.15 0.00 0.51 19.04 0.00 0.00 0.00 0.00 0.00 70.30
25 3.81 0.00 0.25 21.83 0.00 0.00 0.00 0.00 0.00 74.11
26 11.93 0.00 0.76 34.01 0.00 0.00 0.00 0.00 0.00 53.30
27 54.86 0.00 2.10 33.86 0.00 0.00 0.26 0.00 0.00 8.92
28 79.89 0.00 3.31 12.12 0.00 0.00 0.00 0.00 0.00 4.68
29 37.11 0.00 2.06 26.03 0.00 0.00 0.00 0.00 0.00 34.79
30 3.04 0.00 0.51 22.03 0.00 0.00 0.00 0.00 0.00 74.43
31 2.01 0.00 0.50 26.13 0.00 0.00 0.50 0.00 0.00 70.85
32 2.53 0.00 0.76 48.10 0.00 0.00 0.00 0.00 0.00 48.61
33 0.50 0.00 0.25 40.30 0.00 0.00 0.25 0.00 0.00 58.69
34 12.94 0.00 1.52 45.94 0.00 0.00 0.25 0.00 0.00 39.34
35 3.59 0.00 7.69 43.33 0.00 0.00 0.00 0.00 0.00 45.38
36 2.29 0.00 7.89 37.40 0.00 0.00 0.00 0.00 0.00 52.42
37 8.67 0.00 1.53 48.98 0.00 0.00 0.26 0.00 0.00 40.56
38 1.02 0.00 0.76 47.21 0.00 0.00 0.00 0.00 0.00 51.02
39 0.76 0.00 0.25 44.44 0.00 0.00 0.00 0.00 0.00 54.55
40 1.01 0.00 0.51 25.82 0.00 0.25 0.00 0.00 0.00 72.41
41 9.54 0.00 1.03 19.07 0.00 0.00 0.26 0.00 0.00 70.10
42 7.91 0.00 3.32 16.33 0.00 0.00 0.26 0.00 0.00 72.19
43 9.84 0.00 1.04 17.62 0.00 0.00 0.00 0.00 0.00 71.50
44 12.73 0.00 1.86 19.36 0.00 0.00 0.00 0.00 0.00 66.05
45 84.91 0.00 13.04 0.26 0.00 0.00 0.00 0.00 0.00 1.79
46 90.31 0.00 6.81 0.00 0.00 0.00 0.00 0.00 0.00 2.88
47 83.38 0.00 14.83 0.00 0.00 0.00 0.26 0.00 0.00 1.53
48 87.34 0.00 10.59 0.00 0.00 0.00 0.00 0.00 0.00 2.07
49 90.36 0.00 5.33 0.51 0.00 0.00 0.00 0.00 0.00 3.81
50 82.58 0.00 15.91 0.00 0.00 0.00 0.00 0.00 0.00 1.52
51 88.55 0.00 9.41 0.51 0.00 0.25 0.00 0.00 0.00 1.27
52 90.86 0.00 8.38 0.00 0.00 0.00 0.00 0.00 0.00 0.76
53 84.87 0.00 13.08 0.00 0.00 0.26 0.00 0.00 0.00 1.79
54 89.06 0.00 9.16 0.00 0.00 0.25 0.25 0.00 0.00 1.27
55 89.38 0.00 8.55 0.52 0.00 0.26 0.00 0.00 0.00 1.30
56 98.47 0.00 0.26 0.26 0.00 0.51 0.00 0.00 0.00 0.51
57 98.96 0.00 0.52 0.00 0.00 0.26 0.00 0.00 0.00 0.26
58 99.49 0.00 0.25 0.00 0.00 0.25 0.00 0.00 0.00 0.00
59 99.49 0.00 0.51 0.00 0.00 0.00 0.00 0.00 0.00 0.00
60 98.73 0.00 0.76 0.00 0.00 0.51 0.00 0.00 0.00 0.00
61 99.24 0.00 0.76 0.00 0.00 0.00 0.00 0.00 0.00 0.00
62 99.23 0.00 0.77 0.00 0.00 0.00 0.00 0.00 0.00 0.00
63 91.79 0.00 6.67 1.03 0.00 0.00 0.00 0.00 0.00 0.51
64 93.57 0.00 6.43 0.00 0.00 0.00 0.00 0.00 0.00 0.00
65 93.44 0.00 6.04 0.00 0.00 0.26 0.26 0.00 0.00 0.00
66 90.96 0.00 6.91 0.80 0.00 0.00 0.00 0.00 0.00 1.33
67 96.45 0.00 3.55 0.00 0.00 0.00 0.00 0.00 0.00 0.00
68 95.93 0.00 3.82 0.00 0.00 0.25 0.00 0.00 0.00 0.00
69 93.54 0.00 4.39 0.00 0.00 0.00 0.26 0.00 0.00 1.81
70 61.79 0.00 2.82 12.31 0.00 0.26 0.00 0.00 0.00 22.82
71 50.39 0.00 3.39 13.32 0.00 0.00 0.00 0.00 0.00 32.90
72 82.99 0.00 15.48 0.25 0.00 0.00 0.00 0.00 0.00 1.27
73 62.34 0.00 7.48 2.00 0.00 0.25 0.00 0.00 0.00 27.93
74 25.13 0.00 0.25 7.79 0.00 0.00 0.00 0.00 0.00 66.83
75 75.26 0.00 1.02 0.26 0.00 0.00 0.00 0.00 0.00 23.47
76 98.16 0.00 1.05 0.00 0.00 0.00 0.00 0.00 0.00 0.79
77 97.63 0.00 1.58 0.00 0.00 0.26 0.00 0.00 0.00 0.53
78 98.49 0.00 0.76 0.25 0.00 0.00 0.00 0.00 0.00 0.50
79 97.47 0.00 1.26 0.00 0.00 0.25 0.00 0.00 0.00 1.01
80 97.45 0.00 1.53 0.00 0.00 0.26 0.00 0.00 0.00 0.77
81 97.22 0.00 0.76 0.00 0.00 0.25 0.00 0.00 0.00 1.77
82 98.22 0.00 0.51 0.51 0.00 0.00 0.00 0.00 0.00 0.76
83 99.75 0.00 0.25 0.00 0.00 0.00 0.00 0.00 0.00 0.00
84 99.49 0.00 0.26 0.00 0.00 0.00 0.26 0.00 0.00 0.00
85 99.25 0.00 0.75 0.00 0.00 0.00 0.00 0.00 0.00 0.00
86 99.49 0.00 0.26 0.00 0.00 0.00 0.00 0.00 0.00 0.26
87 100.00 0.00 0.00 0.00 0.00 0.00 0.00 0.00 0.00 0.00
88 99.74 0.00 0.26 0.00 0.00 0.00 0.00 0.00 0.00 0.00
89 99.49 0.00 0.51 0.00 0.00 0.00 0.00 0.00 0.00 0.00
90 97.47 0.00 2.02 0.00 0.00 0.00 0.00 0.00 0.00 0.51
91 97.46 0.00 2.03 0.00 0.00 0.00 0.00 0.00 0.00 0.51
92 96.71 0.00 3.04 0.25 0.00 0.00 0.00 0.00 0.00 0.00
93 96.29 0.00 3.45 0.00 0.00 0.00 0.27 0.00 0.00 0.00
94 96.65 0.00 2.58 0.00 0.00 0.00 0.00 0.00 0.00 0.77
95 94.64 0.00 3.32 0.00 0.00 0.00 0.00 0.00 0.00 2.04
96 64.60 0.00 2.58 23.26 0.00 0.00 0.00 0.00 0.00 9.56
97 26.72 0.00 0.51 20.10 0.00 0.00 0.25 0.00 0.00 52.42
98 50.77 0.00 2.81 21.43 0.00 0.00 0.00 0.00 0.00 25.00
99 81.91 0.00 0.78 5.68 0.00 0.00 0.00 0.00 0.00 11.63
100 24.87 0.00 0.50 25.63 0.00 0.00 0.00 0.00 0.00 48.99
101 83.93 0.00 0.77 8.67 0.00 0.00 0.00 0.00 0.00 6.63
102 12.88 0.00 0.25 23.48 0.00 0.00 0.00 0.00 0.00 63.38
103 0.25 0.00 0.00 26.38 0.00 0.00 0.00 0.00 0.00 73.37
104 45.45 0.00 1.04 14.29 0.00 0.00 0.00 0.00 0.00 39.22
105 96.92 0.00 0.77 0.77 0.00 0.26 0.00 0.00 0.00 1.28
106 96.13 0.00 1.55 0.00 0.00 0.77 0.00 0.00 0.00 1.55
107 98.02 0.00 0.85 0.00 0.00 0.00 0.00 0.00 0.00 1.13
108 97.46 0.00 1.27 0.00 0.00 0.25 0.00 0.00 0.00 1.02
109 98.73 0.00 0.76 0.00 0.00 0.00 0.00 0.00 0.00 0.51
110 97.22 0.00 1.26 0.00 0.00 0.25 0.25 0.00 0.00 1.01
111 99.24 0.00 0.51 0.25 0.00 0.00 0.00 0.00 0.00 0.00
112 99.49 0.00 0.51 0.00 0.00 0.00 0.00 0.00 0.00 0.00
113 99.23 0.00 0.26 0.00 0.00 0.51 0.00 0.00 0.00 0.00
114 99.49 0.00 0.26 0.00 0.00 0.26 0.00 0.00 0.00 0.00
115 99.24 0.00 0.25 0.00 0.00 0.51 0.00 0.00 0.00 0.00
116 98.81 0.00 0.59 0.00 0.00 0.30 0.00 0.00 0.00 0.30
117 99.74 0.00 0.26 0.00 0.00 0.00 0.00 0.00 0.00 0.00
118 99.24 0.00 0.76 0.00 0.00 0.00 0.00 0.00 0.00 0.00
119 97.71 0.00 1.78 0.00 0.00 0.00 0.00 0.00 0.00 0.51
120 95.69 0.00 3.55 0.76 0.00 0.00 0.00 0.00 0.00 0.00
121 96.43 0.00 3.57 0.00 0.00 0.00 0.00 0.00 0.00 0.00
122 97.48 0.00 2.27 0.00 0.00 0.00 0.00 0.00 0.00 0.25
123 90.26 0.00 3.33 3.08 0.00 0.00 0.00 0.00 0.00 3.33
124 47.22 0.00 1.52 4.80 0.00 0.00 0.25 0.00 0.00 46.21
125 9.07 0.00 1.26 6.55 0.00 0.00 0.00 0.00 0.00 83.12
126 0.00 0.00 0.00 1.01 0.00 0.00 0.00 0.00 0.00 98.99
127 0.25 0.00 0.25 0.75 0.00 0.00 0.00 0.00 0.00 98.75
128 0.25 0.00 0.25 0.50 0.00 0.00 0.00 0.00 0.00 98.99
129 0.25 0.00 0.00 0.50 0.00 0.00 0.00 0.00 0.00 99.25
130 0.00 0.00 0.25 1.25 0.00 0.00 0.00 0.00 0.00 98.50
131 0.00 0.00 0.25 1.75 0.00 0.00 0.25 0.00 0.00 97.75
132 0.25 0.00 0.00 3.28 0.00 0.00 0.00 0.00 0.00 96.46
133 0.25 0.00 0.25 1.00 0.00 0.00 0.00 0.00 0.00 98.50
134 0.00 0.00 0.00 2.27 0.00 0.00 0.00 0.00 0.00 97.73
135 1.01 0.00 2.01 4.27 0.00 0.00 0.25 0.00 0.00 92.46
136 3.90 0.00 2.86 24.94 0.00 0.00 0.00 0.00 0.00 68.31
137 64.68 0.00 2.08 20.26 0.00 0.52 0.00 0.00 0.00 12.47
138 45.01 0.00 1.02 51.92 0.00 0.26 0.26 0.00 0.00 1.53
139 36.98 0.00 2.08 58.59 0.00 0.26 0.00 0.00 0.00 2.08
140 23.50 0.00 1.04 52.22 0.00 0.00 0.00 0.00 0.00 23.24
141 42.12 0.00 2.58 35.66 0.00 0.00 0.52 0.00 0.00 19.12
142 44.42 0.00 0.25 2.28 0.00 0.00 0.00 0.00 0.00 53.05
143 39.07 0.00 3.34 3.08 0.00 0.26 0.26 0.00 0.00 53.98
144 98.97 0.00 0.51 0.26 0.00 0.26 0.00 0.00 0.00 0.00
145 85.03 0.00 0.51 13.45 0.00 0.00 0.00 0.00 0.00 1.02
146 83.97 0.00 0.51 10.43 0.00 0.25 0.00 0.00 0.00 4.83
147 93.02 0.00 1.03 5.68 0.00 0.00 0.00 0.00 0.00 0.26
148 68.38 0.00 0.51 21.85 0.00 0.00 0.00 0.00 0.00 9.25
149 72.58 0.00 0.52 23.76 0.00 0.00 0.00 0.00 0.00 3.13
150 43.80 0.00 0.51 39.75 0.00 0.00 0.25 0.00 0.00 15.70
151 69.13 0.00 0.51 20.15 0.00 0.26 0.00 0.00 0.00 9.95
152 25.70 0.00 1.02 57.51 0.00 0.00 0.00 0.00 0.00 15.78
153 73.45 0.00 0.77 19.33 0.00 0.26 0.26 0.00 0.00 5.93
154 51.41 0.00 1.54 41.39 0.00 0.00 0.00 0.00 0.00 5.66
155 31.12 0.00 1.79 41.84 0.00 0.00 0.00 0.00 0.00 25.26
156 81.32 0.00 2.11 7.63 0.00 0.00 0.00 0.00 0.00 8.95
157 57.51 0.00 2.04 35.11 0.00 0.00 0.00 0.00 0.00 5.34
158 53.33 0.00 2.05 43.33 0.00 0.00 0.00 0.00 0.00 1.28
159 51.15 0.00 1.79 37.85 0.00 0.00 0.26 0.00 0.00 8.95
160 40.92 0.00 2.05 47.31 0.00 0.00 0.00 0.00 0.00 9.72
161 28.50 0.00 1.27 40.46 0.00 0.00 0.00 0.00 0.00 29.77
162 25.90 0.00 1.54 72.31 0.00 0.00 0.26 0.00 0.00 0.00
163 31.47 0.00 0.51 19.80 0.00 0.00 0.00 0.00 0.00 48.22
164 24.94 0.00 0.25 7.98 0.00 0.00 0.00 0.00 0.00 66.83
165 18.58 0.00 2.80 64.63 0.00 0.00 0.25 0.00 0.00 13.74
166 13.45 0.00 0.76 72.59 0.00 0.25 0.51 0.00 0.00 12.44
167 4.07 0.00 0.51 53.18 0.00 0.00 0.00 0.00 0.00 42.24
168 5.56 0.00 0.76 71.46 0.00 0.00 0.00 0.00 0.00 22.22
169 12.69 0.00 0.51 62.94 0.00 0.00 0.25 0.00 0.00 23.60
170 25.00 0.00 0.26 51.79 0.00 0.00 0.00 0.00 0.00 22.96
171 38.32 0.00 0.25 43.15 0.00 0.00 0.00 0.00 0.00 18.27
172 17.93 0.00 0.25 74.49 0.00 0.00 0.00 0.00 0.00 7.32
173 2.53 0.00 0.25 71.90 0.00 0.00 0.25 0.00 0.00 25.06
174 12.91 0.00 0.25 60.76 0.00 0.00 0.00 0.00 0.00 26.08
175 43.22 0.00 0.26 39.39 0.00 0.26 0.00 0.00 0.00 16.88
176 24.17 0.00 2.54 57.76 0.00 0.25 0.00 0.00 0.00 15.27
177 24.62 0.00 0.51 55.58 0.00 0.00 0.51 0.00 0.00 18.78
178 39.64 0.00 0.26 50.26 0.00 0.00 0.00 0.00 0.00 9.84
179 32.90 0.00 1.54 49.61 0.00 0.00 0.00 0.00 0.00 15.94
180 49.74 0.00 1.29 47.94 0.00 0.00 0.26 0.00 0.00 0.77
181 86.38 0.00 0.77 12.60 0.00 0.00 0.00 0.00 0.00 0.26
182 84.26 0.00 0.76 14.97 0.00 0.00 0.00 0.00 0.00 0.00
183 75.26 0.00 1.02 23.47 0.00 0.26 0.00 0.00 0.00 0.00
184 73.25 0.00 1.04 24.94 0.00 0.26 0.52 0.00 0.00 0.00
185 31.31 0.00 0.00 68.43 0.00 0.00 0.25 0.00 0.00 0.00
186 31.54 0.00 0.51 64.10 0.00 0.00 0.26 0.00 0.00 3.59
187 58.93 0.00 0.26 40.56 0.00 0.00 0.26 0.00 0.00 0.00
188 35.19 0.00 0.51 64.30 0.00 0.00 0.00 0.00 0.00 0.00
189 78.48 0.00 0.76 15.95 0.00 0.00 0.00 0.00 0.00 4.81
190 66.24 0.00 1.53 27.11 0.00 0.26 0.00 0.00 0.00 4.86
191 53.45 0.00 0.26 30.69 0.00 0.00 0.00 0.00 0.00 15.60
192 24.69 0.00 0.25 27.71 0.00 0.00 0.00 0.00 0.00 47.36
193 24.87 0.00 0.25 24.87 0.00 0.00 0.00 0.00 0.00 50.00
194 24.69 0.00 0.25 18.14 0.00 0.00 0.00 0.00 0.00 56.93
195 51.55 0.00 1.29 17.78 0.00 0.00 0.00 0.00 0.00 29.38
196 59.79 0.00 3.39 35.51 0.00 0.00 0.26 0.00 0.00 1.04
197 13.08 0.00 0.51 85.90 0.00 0.26 0.26 0.00 0.00 0.00
198 62.60 0.00 2.44 32.52 0.00 0.00 0.00 0.00 0.00 2.44
199 35.86 0.00 2.36 59.16 0.00 0.00 0.26 0.00 0.00 2.36
200 22.19 0.00 1.28 76.53 0.00 0.00 0.00 0.00 0.00 0.00
201 13.32 0.00 1.26 80.15 0.00 0.00 0.25 0.00 0.00 5.03
202 12.88 0.00 1.01 83.33 0.00 0.00 0.00 0.00 0.00 2.78
203 0.00 0.00 0.25 63.57 0.00 0.00 0.00 0.00 0.00 36.18
204 0.00 0.00 0.25 69.80 0.00 0.00 0.00 0.00 0.00 29.95
205 0.51 0.00 0.51 61.01 0.00 0.00 0.00 0.00 0.00 37.97
206 0.50 0.00 1.51 97.24 0.00 0.00 0.50 0.00 0.00 0.25
207 0.25 0.00 1.02 97.21 0.00 0.00 0.00 0.00 0.00 1.52
208 0.26 0.00 1.04 78.50 0.00 0.00 0.52 0.00 0.00 19.69
209 0.26 0.00 1.28 98.21 0.00 0.00 0.26 0.00 0.00 0.00
210 0.51 0.00 1.28 96.41 0.00 0.00 0.26 0.00 0.00 1.54
211 0.78 0.00 1.57 93.99 0.00 0.00 0.00 0.00 0.00 3.66
212 23.10 0.00 2.62 73.75 0.00 0.00 0.26 0.00 0.00 0.26
213 46.41 0.00 0.51 52.31 0.00 0.00 0.51 0.00 0.00 0.26
214 33.06 0.00 0.82 64.48 0.00 0.00 0.27 0.00 0.00 1.37
215 49.35 0.00 0.78 41.78 0.00 0.26 0.26 0.00 0.00 7.57
216 65.62 0.00 1.05 32.81 0.00 0.26 0.26 0.00 0.00 0.00
217 86.56 0.00 0.52 8.53 0.00 0.26 0.00 0.00 0.00 4.13
218 53.83 0.00 0.77 44.64 0.00 0.00 0.00 0.00 0.00 0.77
219 62.17 0.00 0.00 15.34 0.00 0.26 0.26 0.00 0.00 21.96
220 24.49 0.00 0.51 38.13 0.00 0.00 0.00 0.00 0.00 36.87
221 24.56 0.00 0.51 36.20 0.00 0.00 0.00 0.00 0.00 38.73
222 66.50 0.00 0.51 24.87 0.00 0.00 0.25 0.00 0.00 7.87
223 77.10 0.00 0.76 18.58 0.00 0.00 0.00 0.00 0.00 3.56
224 78.39 0.00 0.52 13.54 0.00 0.00 0.00 0.00 0.00 7.55
225 76.47 0.00 1.28 19.95 0.00 0.00 0.00 0.00 0.00 2.30
226 50.64 0.00 0.51 43.48 0.00 0.00 0.00 0.00 0.00 5.37
227 96.57 0.00 2.37 0.00 0.00 0.53 0.26 0.00 0.00 0.26
228 85.86 0.00 1.54 12.34 0.00 0.00 0.26 0.00 0.00 0.00
229 64.87 0.00 3.08 14.62 0.00 0.26 0.00 0.00 0.00 17.18
230 87.47 0.00 2.09 8.88 0.00 0.26 0.00 0.00 0.00 1.31
231 30.00 0.00 2.56 58.21 0.00 0.00 0.00 0.00 0.00 9.23
232 8.38 0.00 0.76 70.30 0.00 0.00 0.25 0.00 0.00 20.30
233 26.14 0.00 0.76 38.07 0.00 0.00 0.25 0.00 0.00 34.77
234 56.67 0.00 1.28 32.31 0.00 0.00 0.00 0.00 0.00 9.74
235 32.32 0.00 0.76 66.67 0.00 0.00 0.25 0.00 0.00 0.00
236 5.05 0.00 0.00 94.95 0.00 0.00 0.00 0.00 0.00 0.00
237 16.16 0.00 1.52 82.32 0.00 0.00 0.00 0.00 0.00 0.00
238 0.50 0.00 0.50 98.99 0.00 0.00 0.00 0.00 0.00 0.00
239 1.79 0.00 1.28 95.38 0.00 0.00 0.00 0.00 0.00 1.54
240 3.02 0.00 0.50 85.39 0.00 0.00 0.00 0.00 0.00 11.08
241 2.77 0.00 0.25 96.98 0.00 0.00 0.00 0.00 0.00 0.00
242 16.71 0.00 0.51 82.28 0.00 0.25 0.25 0.00 0.00 0.00
243 25.69 0.00 1.76 72.29 0.00 0.00 0.25 0.00 0.00 0.00
244 56.81 0.00 0.77 42.16 0.00 0.00 0.26 0.00 0.00 0.00
245 24.87 0.00 0.00 75.13 0.00 0.00 0.00 0.00 0.00 0.00
246 25.89 0.00 0.76 65.23 0.00 0.00 0.00 0.00 0.00 8.12
247 24.30 0.00 1.27 74.43 0.00 0.00 0.00 0.00 0.00 0.00
248 8.10 0.00 0.76 91.14 0.00 0.00 0.00 0.00 0.00 0.00
249 1.52 0.00 0.76 97.47 0.00 0.00 0.00 0.00 0.00 0.25
250 11.92 0.00 1.55 85.23 0.00 0.00 0.26 0.00 0.00 1.04
251 25.07 0.00 1.57 58.75 0.00 0.26 0.26 0.00 0.00 14.10
252 51.94 0.00 2.84 33.59 0.00 0.00 0.26 0.00 0.00 11.37
253 49.75 0.00 1.27 43.65 0.00 0.00 0.00 0.00 0.00 5.33
254 68.27 0.00 0.51 30.96 0.00 0.00 0.25 0.00 0.00 0.00
255 49.62 0.00 0.51 45.32 0.00 0.00 0.00 0.00 0.00 4.56
256 76.74 0.00 0.00 11.89 0.00 0.00 0.00 0.00 0.00 11.37
257 57.58 0.00 0.51 18.94 0.00 0.00 0.00 0.00 0.00 22.98
258 61.96 0.00 1.51 17.88 0.00 0.00 0.00 0.00 0.00 18.64
259 46.45 0.00 1.27 26.90 0.00 0.00 0.25 0.00 0.00 25.13
260 48.60 0.00 1.78 42.24 0.00 0.00 0.00 0.00 0.00 7.38
261 63.05 0.00 1.03 20.67 0.00 0.00 0.00 0.00 0.00 15.25
262 17.01 0.00 1.52 37.56 0.00 0.00 0.00 0.00 0.00 43.91
263 0.25 0.00 0.50 74.87 0.00 0.00 0.00 0.00 0.00 24.37
264 0.00 0.00 0.51 73.42 0.00 0.25 0.25 0.00 0.00 25.57
265 0.00 0.00 0.50 74.37 0.00 0.00 0.00 0.00 0.00 25.13
266 0.25 0.00 0.25 52.16 0.00 0.00 0.00 0.00 0.00 47.33
267 0.25 0.00 0.25 52.14 0.00 0.00 0.00 0.00 0.00 47.36
268 0.25 0.00 0.25 35.44 0.00 0.00 0.00 0.00 0.00 64.05
269 0.25 0.00 0.75 58.15 0.00 0.00 0.25 0.00 0.00 40.60
270 0.00 0.00 0.50 59.55 0.00 0.00 0.00 0.00 0.00 39.95
271 0.25 0.00 0.00 53.30 0.00 0.00 0.00 0.00 0.00 46.45
272 0.25 0.00 0.76 47.09 0.00 0.00 0.25 0.00 0.00 51.65
273 13.65 0.00 0.79 39.90 0.00 0.00 0.52 0.00 0.00 45.14
274 48.42 0.00 1.84 48.16 0.00 0.26 0.53 0.00 0.00 0.79
275 68.82 0.00 1.88 27.69 0.00 0.54 0.00 0.00 0.00 1.08
276 92.41 0.00 1.31 4.97 0.00 0.26 0.00 0.00 0.00 1.05
277 95.66 0.00 3.57 0.26 0.00 0.26 0.00 0.00 0.00 0.26
278 95.94 0.00 2.79 0.51 0.00 0.25 0.25 0.00 0.00 0.25
279 94.82 0.00 3.63 1.30 0.00 0.26 0.00 0.00 0.00 0.00
280 88.98 0.00 1.31 3.94 0.00 0.00 0.00 0.00 0.00 5.77
281 24.94 0.00 0.25 14.11 0.00 0.00 0.00 0.00 0.00 60.71
282 24.81 0.00 0.25 25.32 0.00 0.00 0.00 0.00 0.00 49.62
283 77.26 0.00 1.03 9.04 0.00 0.52 0.00 0.00 0.00 12.14
284 87.63 0.00 1.58 5.53 0.00 0.00 0.00 0.00 0.00 5.26
285 96.20 0.00 0.25 0.00 0.00 0.00 0.00 0.00 0.00 3.54
286 98.99 0.00 0.51 0.25 0.00 0.00 0.00 0.00 0.00 0.25
287 99.23 0.00 0.51 0.00 0.00 0.00 0.00 0.00 0.00 0.26
288 98.97 0.00 0.52 0.00 0.00 0.00 0.26 0.00 0.00 0.26
289 98.16 0.00 1.57 0.00 0.00 0.00 0.00 0.00 0.00 0.26
290 96.98 0.00 2.27 0.00 0.00 0.00 0.00 0.00 0.00 0.76
291 89.77 0.00 5.12 1.28 0.00 0.51 0.00 0.00 0.00 3.32
292 71.36 0.00 2.56 24.30 0.00 0.00 0.26 0.00 0.00 1.53
293 47.49 0.00 1.32 43.01 0.00 0.26 0.00 0.00 0.00 7.92
294 37.56 0.00 1.55 52.85 0.00 0.26 0.00 0.00 0.00 7.77
295 62.30 0.00 1.83 29.58 0.00 0.00 0.26 0.00 0.00 6.02
296 97.84 0.00 0.81 0.81 0.00 0.00 0.00 0.00 0.00 0.54
297 97.94 0.00 1.03 0.26 0.00 0.26 0.00 0.00 0.00 0.51
298 77.26 0.00 1.55 5.68 0.00 0.52 0.26 0.00 0.00 14.73
299 89.46 0.00 0.77 0.00 0.00 0.00 0.00 0.00 0.00 9.77
300 97.70 0.00 0.77 0.77 0.00 0.00 0.00 0.00 0.00 0.77
301 98.99 0.00 0.51 0.25 0.00 0.00 0.00 0.00 0.00 0.25
302 97.45 0.00 1.79 0.00 0.00 0.00 0.00 0.00 0.00 0.77
303 98.20 0.00 1.54 0.00 0.00 0.00 0.26 0.00 0.00 0.00
304 95.29 0.00 3.93 0.52 0.00 0.00 0.26 0.00 0.00 0.00
305 97.22 0.00 2.03 0.51 0.00 0.25 0.00 0.00 0.00 0.00
306 98.46 0.00 1.03 0.00 0.00 0.00 0.00 0.00 0.00 0.51
307 77.49 0.00 1.57 11.26 0.00 0.26 0.00 0.00 0.00 9.42
308 46.77 0.00 1.29 44.44 0.00 0.00 0.26 0.00 0.00 7.24
309 71.79 0.00 1.79 21.03 0.00 0.00 0.26 0.00 0.00 5.13
310 84.06 0.00 2.31 13.37 0.00 0.00 0.00 0.00 0.00 0.26
311 92.89 0.00 3.55 3.30 0.00 0.00 0.00 0.00 0.00 0.25
312 93.95 0.00 3.68 1.58 0.00 0.26 0.00 0.00 0.00 0.53
313 95.37 0.00 2.31 0.77 0.00 0.26 0.26 0.00 0.00 1.03
314 31.23 0.00 0.00 0.50 0.00 0.00 0.00 0.00 0.00 68.26
315 24.94 0.00 0.00 0.25 0.00 0.00 0.00 0.00 0.00 74.81
316 24.75 0.00 0.25 1.01 0.00 0.00 0.00 0.00 0.00 73.99
317 24.87 0.00 0.25 0.75 0.00 0.00 0.00 0.00 0.00 74.12
318 40.66 0.00 0.51 9.46 0.00 0.00 0.00 0.00 0.00 49.36
319 91.91 0.00 2.61 4.96 0.00 0.00 0.52 0.00 0.00 0.00
320 69.13 0.00 2.73 26.23 0.00 0.27 0.00 0.00 0.00 1.64
321 55.73 0.00 1.56 38.28 0.00 0.52 0.26 0.00 0.00 3.65
322 76.38 0.00 1.84 20.47 0.00 0.26 0.00 0.00 0.00 1.05
323 92.29 0.00 2.06 3.34 0.00 0.51 0.00 0.00 0.00 1.80
324 99.24 0.00 0.51 0.00 0.00 0.00 0.00 0.00 0.00 0.25
325 98.18 0.00 0.78 0.52 0.00 0.26 0.00 0.00 0.00 0.26
326 98.20 0.00 1.03 0.00 0.00 0.00 0.00 0.00 0.00 0.77
327 97.73 0.00 1.01 0.51 0.00 0.25 0.00 0.00 0.00 0.51
328 38.68 0.00 0.25 7.12 0.00 0.25 0.00 0.00 0.00 53.69
329 24.81 0.00 0.00 0.25 0.00 0.00 0.00 0.00 0.00 74.94
330 24.87 0.00 0.00 0.25 0.00 0.00 0.25 0.00 0.00 74.62
331 25.19 0.00 0.00 0.00 0.00 0.00 0.00 0.00 0.00 74.81
332 30.03 0.00 0.25 0.25 0.00 0.00 0.00 0.00 0.00 69.47
333 97.16 0.00 1.29 0.78 0.00 0.00 0.00 0.00 0.00 0.78
334 98.46 0.00 1.54 0.00 0.00 0.00 0.00 0.00 0.00 0.00
335 95.65 0.00 2.56 0.77 0.00 0.26 0.00 0.00 0.00 0.77
336 88.19 0.00 1.84 7.09 0.00 0.00 0.26 0.00 0.00 2.62
337 98.70 0.00 0.78 0.00 0.00 0.26 0.00 0.00 0.00 0.26
338 98.44 0.00 1.04 0.52 0.00 0.00 0.00 0.00 0.00 0.00
339 93.57 0.00 3.34 3.08 0.00 0.00 0.00 0.00 0.00 0.00
340 90.67 0.00 2.07 6.99 0.00 0.00 0.00 0.00 0.00 0.26
341 92.11 0.00 2.04 5.60 0.00 0.00 0.00 0.00 0.00 0.25
342 95.13 0.00 4.10 0.26 0.00 0.00 0.26 0.00 0.00 0.26
343 95.57 0.00 2.08 2.34 0.00 0.00 0.00 0.00 0.00 0.00
344 96.89 0.00 2.07 0.00 0.00 0.00 0.00 0.00 0.00 1.04
345 96.38 0.00 2.84 0.26 0.00 0.00 0.00 0.00 0.00 0.52
346 96.23 0.00 2.96 0.27 0.00 0.27 0.00 0.00 0.00 0.27
347 94.09 0.00 2.83 0.51 0.00 0.26 0.00 0.00 0.00 2.31
348 95.41 0.00 1.79 1.28 0.00 0.00 0.26 0.00 0.00 1.28
349 70.78 0.00 1.01 0.00 0.00 0.25 0.00 0.00 0.00 27.96
350 37.53 0.00 0.76 0.50 0.00 0.00 0.00 0.00 0.00 61.21
351 69.17 0.00 0.26 0.00 0.00 0.26 0.00 0.00 0.00 30.31
352 92.37 0.00 1.05 0.00 0.00 0.53 0.53 0.00 0.00 5.53
353 79.74 0.00 1.04 2.86 0.00 0.26 0.00 0.00 0.00 16.10
354 24.94 0.00 0.00 0.76 0.00 0.00 0.00 0.00 0.00 74.31
355 24.69 0.00 0.25 0.76 0.00 0.00 0.00 0.00 0.00 74.31
356 24.87 0.00 0.25 0.25 0.00 0.00 0.00 0.00 0.00 74.62
357 24.69 0.00 0.25 11.34 0.00 0.00 0.00 0.00 0.00 63.73
358 33.76 0.00 1.02 11.25 0.00 0.26 0.00 0.00 0.00 53.71
359 94.64 0.00 2.04 2.04 0.00 0.51 0.00 0.00 0.00 0.77
360 97.97 0.00 1.01 0.25 0.00 0.00 0.00 0.00 0.00 0.76
361 88.07 0.00 1.78 3.05 0.00 0.25 0.00 0.00 0.00 6.85
362 96.24 0.00 2.01 0.00 0.00 0.25 0.00 0.00 0.00 1.50
363 98.20 0.00 1.29 0.00 0.00 0.00 0.00 0.00 0.00 0.51
364 90.18 0.00 1.29 0.00 0.00 0.00 0.00 0.00 0.00 8.53
365 89.29 0.00 2.55 1.02 0.00 0.00 0.00 0.00 0.00 7.14
366 97.12 0.00 1.05 0.26 0.00 0.00 0.26 0.00 0.00 1.31
367 95.04 0.00 2.61 0.78 0.00 0.26 0.00 0.00 0.00 1.31
368 95.90 0.00 1.28 1.54 0.00 0.00 0.00 0.00 0.00 1.28
369 94.66 0.00 1.27 0.00 0.00 0.25 0.00 0.00 0.00 3.82
370 40.05 0.00 0.50 0.00 0.00 0.00 0.00 0.00 0.00 59.45
371 24.69 0.00 0.25 0.76 0.00 0.00 0.00 0.00 0.00 74.31
372 24.87 0.00 0.25 2.01 0.00 0.00 0.00 0.00 0.00 72.86
373 24.81 0.00 0.50 2.26 0.00 0.00 0.00 0.00 0.00 72.43
374 82.69 0.00 0.78 2.84 0.00 0.00 0.00 0.00 0.00 13.70
375 95.66 0.00 2.55 0.77 0.00 0.00 0.00 0.00 0.00 1.02
376 93.88 0.00 4.59 1.02 0.00 0.00 0.00 0.00 0.00 0.51
377 95.40 0.00 1.53 0.77 0.00 0.00 0.00 0.00 0.00 2.30
378 97.70 0.00 0.77 0.00 0.00 0.00 0.00 0.00 0.00 1.53
379 95.96 0.00 1.26 0.51 0.00 0.00 0.00 0.00 0.00 2.27
380 80.87 0.00 2.04 0.51 0.00 0.00 0.26 0.00 0.00 16.33
381 76.65 0.00 0.25 0.51 0.00 0.25 0.00 0.00 0.00 22.34
382 75.76 0.00 1.01 0.51 0.00 0.00 0.00 0.00 0.00 22.73
383 73.03 0.00 1.53 0.00 0.00 0.00 0.00 0.00 0.00 25.45
384 49.24 0.00 0.76 0.00 0.00 0.00 0.00 0.00 0.00 50.00
385 33.25 0.00 0.25 4.79 0.00 0.00 0.00 0.00 0.00 61.71
386 24.12 0.00 1.01 0.00 0.00 0.00 0.25 0.00 0.00 74.62
387 15.37 0.00 0.76 1.76 0.00 0.00 0.00 0.00 0.00 82.12
388 0.25 0.00 0.25 0.25 0.00 0.00 0.00 0.00 0.00 99.24
389 0.00 0.00 0.00 1.26 0.00 0.00 0.00 0.00 0.00 98.74
390 0.25 0.00 0.00 4.76 0.00 0.00 0.25 0.00 0.00 94.74
391 0.00 0.00 0.25 1.25 0.00 0.00 0.00 0.00 0.00 98.50
392 0.00 0.00 0.00 0.25 0.00 0.00 0.00 0.00 0.00 99.75
393 0.00 0.00 0.25 1.26 0.00 0.25 0.00 0.00 0.00 98.23
394 0.00 0.00 0.00 0.76 0.00 0.00 0.00 0.00 0.00 99.24
395 8.93 0.00 0.26 24.23 0.00 0.00 0.00 0.00 0.00 66.58
396 31.43 0.00 0.78 65.97 0.00 0.00 0.52 0.00 0.00 1.30
397 24.16 0.00 1.29 74.55 0.00 0.00 0.00 0.00 0.00 0.00
398 61.28 0.00 1.28 36.92 0.00 0.26 0.26 0.00 0.00 0.00
399 70.98 0.00 0.78 27.98 0.00 0.26 0.00 0.00 0.00 0.00
400 92.05 0.00 1.79 5.13 0.00 0.51 0.00 0.00 0.00 0.51
401 99.75 0.00 0.00 0.00 0.00 0.00 0.00 0.00 0.00 0.25
402 99.75 0.00 0.25 0.00 0.00 0.00 0.00 0.00 0.00 0.00
403 99.75 0.00 0.25 0.00 0.00 0.00 0.00 0.00 0.00 0.00
404 97.44 0.00 2.05 0.26 0.00 0.00 0.00 0.00 0.00 0.26
405 97.23 0.00 1.76 0.76 0.00 0.00 0.00 0.00 0.00 0.25
406 97.93 0.00 1.81 0.00 0.00 0.00 0.00 0.00 0.00 0.26
407 82.61 0.00 3.07 8.44 0.00 0.26 0.26 0.00 0.00 5.37
408 81.93 0.00 2.29 15.52 0.00 0.25 0.00 0.00 0.00 0.00
409 63.33 0.00 1.79 34.87 0.00 0.00 0.00 0.00 0.00 0.00
410 75.58 0.00 1.04 22.60 0.00 0.00 0.26 0.00 0.00 0.52
411 76.28 0.00 1.28 21.94 0.00 0.00 0.00 0.00 0.00 0.51
412 39.13 0.00 0.77 48.08 0.00 0.00 0.00 0.00 0.00 12.02
413 36.86 0.00 1.03 39.95 0.00 0.00 0.26 0.00 0.00 21.91
414 17.35 0.00 0.77 69.64 0.00 0.00 0.00 0.00 0.00 12.24
415 52.85 0.00 0.26 46.37 0.00 0.00 0.26 0.00 0.00 0.26
416 43.26 0.00 0.52 47.15 0.00 0.00 0.00 0.00 0.00 9.07
417 45.83 0.00 0.78 42.71 0.00 0.26 0.00 0.00 0.00 10.42
418 34.18 0.00 1.01 61.52 0.00 0.25 0.25 0.00 0.00 2.78
419 42.13 0.00 0.51 56.85 0.00 0.00 0.25 0.00 0.00 0.25
420 45.88 0.00 0.77 53.09 0.00 0.00 0.26 0.00 0.00 0.00
421 87.73 0.00 2.35 7.83 0.00 0.00 0.00 0.00 0.00 2.09
422 65.12 0.00 1.55 26.87 0.00 0.52 0.00 0.00 0.00 5.94
423 64.11 0.00 1.64 32.05 0.00 0.55 0.55 0.00 0.00 1.10
424 76.52 0.00 1.85 20.32 0.00 0.53 0.26 0.00 0.00 0.53
425 94.06 0.00 0.52 5.17 0.00 0.00 0.00 0.00 0.00 0.26
426 95.88 0.00 1.55 1.55 0.00 0.00 0.00 0.00 0.00 1.03
427 96.70 0.00 0.76 2.03 0.00 0.25 0.00 0.00 0.00 0.25
428 95.61 0.00 1.55 2.33 0.00 0.26 0.00 0.00 0.00 0.26
429 85.38 0.00 0.26 14.36 0.00 0.00 0.00 0.00 0.00 0.00
430 90.40 0.00 2.02 2.02 0.00 0.00 0.00 0.00 0.00 5.56
431 70.81 0.00 2.54 22.59 0.00 0.00 0.25 0.00 0.00 3.81
432 80.46 0.00 1.78 12.44 0.00 0.25 0.00 0.00 0.00 5.08
433 56.09 0.00 1.27 18.27 0.00 0.00 0.00 0.00 0.00 24.37
434 32.99 0.00 2.32 60.05 0.00 0.26 0.26 0.00 0.00 4.12
435 25.45 0.00 1.30 70.13 0.00 0.00 0.00 0.00 0.00 3.12
436 48.70 0.00 2.60 46.09 0.00 0.52 0.26 0.00 0.00 1.82
437 77.23 0.00 1.57 16.75 0.00 0.26 0.00 0.00 0.00 4.19
438 98.22 0.00 0.25 0.25 0.00 0.25 0.00 0.00 0.00 1.02
439 99.23 0.00 0.26 0.00 0.00 0.00 0.26 0.00 0.00 0.26
440 22.81 0.00 0.25 0.50 0.00 0.00 0.00 0.00 0.00 76.44
441 35.64 0.00 0.26 0.77 0.00 0.00 0.00 0.00 0.00 63.33
442 99.24 0.00 0.00 0.00 0.00 0.25 0.00 0.00 0.00 0.51
443 25.88 0.00 3.77 2.76 0.00 0.00 0.00 0.00 0.00 67.59
444 24.81 0.00 0.25 0.00 0.00 0.00 0.00 0.00 0.00 74.94
445 23.99 0.00 0.00 2.02 0.00 0.00 0.00 0.00 0.00 73.99
446 24.81 0.00 0.00 1.01 0.00 0.00 0.00 0.00 0.00 74.18
447 63.42 0.00 1.58 3.95 0.00 0.26 0.00 0.00 0.00 30.79
448 60.16 0.00 1.56 33.33 0.00 0.26 0.00 0.00 0.00 4.69
449 59.28 0.00 0.52 39.43 0.00 0.26 0.26 0.00 0.00 0.26
450 40.77 0.00 0.77 38.46 0.00 0.00 0.00 0.00 0.00 20.00
451 59.49 0.00 0.51 17.44 0.00 0.26 0.00 0.00 0.00 22.31
452 77.16 0.00 0.76 15.48 0.00 0.00 0.00 0.00 0.00 6.60
453 92.06 0.00 0.53 3.97 0.00 0.26 0.26 0.00 0.00 2.91
454 98.15 0.00 1.06 0.26 0.00 0.00 0.00 0.00 0.00 0.53
455 98.43 0.00 0.52 0.00 0.00 0.00 0.26 0.00 0.00 0.79
456 97.46 0.00 1.78 0.25 0.00 0.25 0.00 0.00 0.00 0.25
457 98.73 0.00 0.76 0.51 0.00 0.00 0.00 0.00 0.00 0.00
458 96.54 0.00 3.19 0.00 0.00 0.00 0.00 0.00 0.00 0.27
459 91.19 0.00 4.15 4.15 0.00 0.26 0.00 0.00 0.00 0.26
460 76.98 0.00 4.50 11.38 0.00 0.00 0.00 0.00 0.00 7.14
461 24.43 0.00 0.25 7.56 0.00 0.00 0.00 0.00 0.00 67.76
462 24.94 0.00 0.25 2.27 0.00 0.00 0.00 0.00 0.00 72.54
463 24.43 0.00 0.25 5.79 0.00 0.00 0.00 0.00 0.00 69.52
464 25.57 0.00 0.51 15.19 0.00 0.00 0.00 0.00 0.00 58.73
465 55.13 0.00 1.03 5.38 0.00 0.51 0.00 0.00 0.00 37.95
466 81.04 0.00 2.86 12.99 0.00 0.52 0.26 0.00 0.00 2.34
467 90.00 0.00 1.58 7.63 0.00 0.53 0.00 0.00 0.00 0.26
468 93.78 0.00 2.85 2.07 0.00 0.00 0.00 0.00 0.00 1.30
469 95.12 0.00 1.03 0.51 0.00 0.00 0.26 0.00 0.00 3.08
470 97.16 0.00 1.80 0.52 0.00 0.00 0.26 0.00 0.00 0.26
471 57.69 0.00 2.31 37.44 0.00 0.77 0.00 0.00 0.00 1.79
472 23.14 0.00 0.77 75.32 0.00 0.26 0.26 0.00 0.00 0.26
473 24.81 0.00 1.03 73.64 0.00 0.00 0.52 0.00 0.00 0.00
474 53.25 0.00 1.30 36.62 0.00 0.00 0.00 0.00 0.00 8.83
475 72.02 0.00 2.07 23.83 0.00 0.52 0.00 0.00 0.00 1.55
476 88.71 0.00 1.61 5.91 0.00 0.54 0.27 0.00 0.00 2.96
477 94.43 0.00 1.77 2.03 0.00 0.25 0.00 0.00 0.00 1.52
478 97.46 0.00 0.25 0.00 0.00 0.00 0.00 0.00 0.00 2.28
479 80.76 0.00 0.51 0.25 0.00 0.25 0.00 0.00 0.00 18.23
480 57.76 0.00 1.27 9.67 0.00 0.00 0.00 0.00 0.00 31.30
481 94.21 0.00 1.58 0.26 0.00 0.26 0.26 0.00 0.00 3.42
482 96.68 0.00 1.79 0.00 0.00 0.26 0.00 0.00 0.00 1.28
483 72.30 0.00 0.53 4.75 0.00 0.26 0.26 0.00 0.00 21.90
484 24.49 0.00 0.00 5.61 0.00 0.00 0.00 0.00 0.00 69.90
485 25.00 0.00 0.25 1.50 0.00 0.00 0.00 0.00 0.00 73.25
486 24.68 0.00 0.76 7.38 0.00 0.00 0.00 0.00 0.00 67.18
487 24.75 0.00 0.00 4.29 0.00 0.00 0.25 0.00 0.00 70.71
488 83.46 0.00 1.55 9.04 0.00 0.78 0.00 0.00 0.00 5.17
489 97.95 0.00 1.02 0.51 0.00 0.26 0.26 0.00 0.00 0.00
490 97.71 0.00 1.53 0.00 0.00 0.00 0.00 0.00 0.00 0.76
491 97.45 0.00 1.02 0.51 0.00 0.26 0.00 0.00 0.00 0.77
492 95.35 0.00 2.84 1.29 0.00 0.00 0.00 0.00 0.00 0.52
493 92.95 0.00 3.13 3.39 0.00 0.26 0.26 0.00 0.00 0.00
494 93.51 0.00 3.12 2.60 0.00 0.26 0.00 0.00 0.00 0.52
495 89.80 0.00 3.06 5.87 0.00 0.00 0.00 0.00 0.00 1.28
496 70.08 0.00 1.57 9.71 0.00 0.00 0.00 0.00 0.00 18.64
497 70.53 0.00 1.26 0.00 0.00 0.00 0.25 0.00 0.00 27.96
498 50.25 0.00 1.01 1.26 0.00 0.00 0.00 0.00 0.00 47.47
499 38.13 0.00 1.52 3.54 0.00 0.00 0.00 0.00 0.00 56.82
500 30.63 0.00 1.01 3.80 0.00 0.00 0.00 0.00 0.00 64.56
501 47.34 0.00 1.01 17.22 0.00 0.00 0.00 0.00 0.00 34.43
502 26.45 0.00 0.25 9.57 0.00 0.00 0.00 0.00 0.00 63.73
503 2.76 0.00 0.75 30.40 0.00 0.00 0.25 0.00 0.00 65.83
504 5.32 0.00 0.00 36.71 0.00 0.00 0.00 0.00 0.00 57.97
505 24.94 0.00 0.51 20.10 0.00 0.00 0.00 0.00 0.00 54.45
506 20.80 0.00 0.50 1.75 0.00 0.00 0.00 0.00 0.00 76.94
507 0.00 0.00 0.25 0.50 0.00 0.00 0.00 0.00 0.00 99.25
508 12.41 0.00 0.00 0.25 0.00 0.00 0.00 0.00 0.00 87.34
509 33.75 0.00 0.25 0.25 0.00 0.00 0.00 0.00 0.00 65.74
510 25.06 0.00 0.25 0.00 0.00 0.00 0.00 0.00 0.00 74.69
511 25.19 0.00 0.00 0.00 0.00 0.00 0.00 0.00 0.00 74.81
512 24.62 0.00 0.25 1.76 0.00 0.00 0.00 0.00 0.00 73.37
513 24.24 0.00 1.26 2.02 0.00 0.00 0.00 0.00 0.00 72.47
514 23.54 0.00 1.52 4.05 0.00 0.00 0.25 0.00 0.00 70.63
515 1.51 0.00 0.00 0.00 0.00 0.00 0.00 0.00 0.00 98.49
516 0.00 0.00 0.25 1.51 0.00 0.00 0.00 0.00 0.00 98.24
517 0.00 0.00 0.00 1.26 0.00 0.25 0.00 0.00 0.00 98.49
518 0.25 0.00 0.50 16.83 0.00 0.00 0.00 0.00 0.00 82.41
519 0.25 0.00 0.50 1.51 0.00 0.00 0.25 0.00 0.00 97.49
520 0.00 0.00 0.25 0.50 0.00 0.00 0.00 0.00 0.00 99.25
521 27.34 0.00 0.78 19.27 0.00 0.00 0.00 0.00 0.00 52.60
522 8.51 0.00 0.52 90.98 0.00 0.00 0.00 0.00 0.00 0.00
523 18.56 0.00 1.55 79.38 0.00 0.26 0.26 0.00 0.00 0.00
524 16.75 0.00 1.80 81.44 0.00 0.00 0.00 0.00 0.00 0.00
525 18.62 0.00 1.02 80.10 0.00 0.00 0.26 0.00 0.00 0.00
526 67.96 0.00 1.29 22.22 0.00 0.26 0.00 0.00 0.00 8.27
527 82.63 0.00 1.05 16.32 0.00 0.00 0.00 0.00 0.00 0.00
528 53.63 0.00 1.30 44.56 0.00 0.26 0.26 0.00 0.00 0.00
529 80.46 0.00 1.03 16.45 0.00 0.77 0.00 0.00 0.00 1.29
530 98.20 0.00 0.77 0.00 0.00 0.26 0.00 0.00 0.00 0.77
531 100.00 0.00 0.00 0.00 0.00 0.00 0.00 0.00 0.00 0.00
532 99.24 0.00 0.51 0.00 0.00 0.00 0.00 0.00 0.00 0.25
533 98.23 0.00 1.77 0.00 0.00 0.00 0.00 0.00 0.00 0.00
534 97.65 0.00 1.47 0.29 0.00 0.00 0.29 0.00 0.00 0.29
535 97.26 0.00 2.19 0.00 0.00 0.00 0.00 0.00 0.00 0.55
536 95.93 0.00 3.56 0.00 0.00 0.00 0.00 0.00 0.00 0.51
537 73.92 0.00 4.56 21.01 0.00 0.25 0.00 0.00 0.00 0.25
538 54.62 0.00 1.03 42.05 0.00 0.26 0.26 0.00 0.00 1.79
539 38.02 0.00 1.82 60.16 0.00 0.00 0.00 0.00 0.00 0.00
540 34.37 0.00 2.07 46.25 0.00 0.26 0.00 0.00 0.00 17.05
541 26.09 0.00 1.53 66.24 0.00 0.26 0.26 0.00 0.00 5.63
542 20.61 0.00 0.76 78.63 0.00 0.00 0.00 0.00 0.00 0.00
543 0.00 0.00 0.00 100.00 0.00 0.00 0.00 0.00 0.00 0.00
544 13.99 0.00 1.27 84.22 0.00 0.00 0.25 0.00 0.00 0.25
545 4.08 0.00 0.26 95.66 0.00 0.00 0.00 0.00 0.00 0.00
546 28.91 0.00 3.18 66.31 0.00 0.27 1.33 0.00 0.00 0.00
547 70.23 0.00 1.31 28.46 0.00 0.00 0.00 0.00 0.00 0.00
548 87.47 0.00 1.79 9.97 0.00 0.26 0.26 0.00 0.00 0.26
549 54.71 0.00 1.02 2.80 0.00 0.00 0.00 0.00 0.00 41.48
550 25.13 0.00 0.00 18.09 0.00 0.00 0.00 0.00 0.00 56.78
551 24.75 0.00 0.00 27.27 0.00 0.00 0.00 0.00 0.00 47.98
552 24.37 0.00 0.25 28.93 0.00 0.00 0.00 0.00 0.00 46.45
553 27.81 0.00 0.26 26.28 0.00 0.00 0.00 0.00 0.00 45.66
554 63.73 0.00 1.55 34.20 0.00 0.26 0.00 0.00 0.00 0.26
555 73.85 0.00 1.03 23.33 0.00 0.26 0.26 0.00 0.00 1.28
556 91.86 0.00 0.79 6.82 0.00 0.00 0.00 0.00 0.00 0.52
557 96.32 0.00 1.84 0.53 0.00 0.53 0.26 0.00 0.00 0.53
558 81.82 0.00 0.78 17.14 0.00 0.26 0.00 0.00 0.00 0.00
559 90.46 0.00 0.77 7.22 0.00 0.26 0.26 0.00 0.00 1.03
560 97.42 0.00 1.81 0.26 0.00 0.00 0.00 0.00 0.00 0.52
561 97.47 0.00 2.53 0.00 0.00 0.00 0.00 0.00 0.00 0.00
562 96.91 0.00 2.32 0.26 0.00 0.26 0.00 0.00 0.00 0.26
563 77.69 0.00 1.54 18.97 0.00 0.26 0.26 0.00 0.00 1.28
564 55.58 0.00 1.82 41.82 0.00 0.00 0.26 0.00 0.00 0.52
565 45.01 0.00 1.02 41.18 0.00 0.00 0.00 0.00 0.00 12.79
566 63.17 0.00 0.51 14.07 0.00 0.00 0.51 0.00 0.00 21.74
567 63.14 0.00 1.03 31.96 0.00 0.00 0.00 0.00 0.00 3.87
568 66.84 0.00 2.31 24.94 0.00 0.26 0.00 0.00 0.00 5.66
569 69.13 0.00 1.28 26.53 0.00 0.26 0.26 0.00 0.00 2.55
570 61.24 0.00 0.78 37.73 0.00 0.00 0.00 0.00 0.00 0.26
571 67.62 0.00 0.78 31.09 0.00 0.26 0.00 0.00 0.00 0.26
572 46.45 0.00 0.25 27.41 0.00 0.25 0.00 0.00 0.00 25.63
573 14.25 0.00 0.51 27.99 0.00 0.00 0.25 0.00 0.00 57.00
574 73.44 0.00 1.30 9.11 0.00 0.26 0.78 0.00 0.00 15.10
575 98.21 0.00 0.77 0.00 0.00 0.26 0.00 0.00 0.00 0.77
576 85.09 0.00 1.08 8.40 0.00 0.27 0.27 0.00 0.00 4.88
577 74.02 0.00 1.05 22.05 0.00 0.52 0.00 0.00 0.00 2.36
578 41.73 0.00 0.51 12.21 0.00 0.00 0.00 0.00 0.00 45.55
579 24.81 0.00 0.00 7.59 0.00 0.00 0.25 0.00 0.00 67.34
580 24.69 0.00 0.25 0.50 0.00 0.00 0.00 0.00 0.00 74.56
581 24.94 0.00 0.00 4.03 0.00 0.00 0.00 0.00 0.00 71.03
582 32.73 0.00 1.55 19.07 0.00 0.00 0.00 0.00 0.00 46.65
583 65.63 0.00 1.03 31.27 0.00 0.00 0.00 0.00 0.00 2.07
584 88.63 0.00 0.26 10.08 0.00 0.26 0.26 0.00 0.00 0.52
585 98.94 0.00 0.53 0.27 0.00 0.27 0.00 0.00 0.00 0.00
586 82.61 0.00 0.77 16.11 0.00 0.00 0.26 0.00 0.00 0.26
587 40.97 0.00 1.27 46.06 0.00 0.25 0.25 0.00 0.00 11.20
588 66.32 0.00 1.04 21.41 0.00 0.00 0.26 0.00 0.00 10.97
589 89.49 0.00 1.03 8.46 0.00 0.26 0.00 0.00 0.00 0.77
590 89.85 0.00 1.52 6.09 0.00 0.51 0.25 0.00 0.00 1.78
591 29.97 0.00 0.00 0.00 0.00 0.00 0.00 0.00 0.00 70.03
592 24.81 0.00 0.25 1.50 0.00 0.00 0.00 0.00 0.00 73.43
593 24.81 0.00 0.00 0.00 0.00 0.00 0.00 0.00 0.00 75.19
594 24.75 0.00 0.00 2.02 0.00 0.00 0.00 0.00 0.00 73.23
595 25.13 0.00 0.25 0.00 0.00 0.00 0.00 0.00 0.00 74.62
596 91.64 0.00 1.04 6.27 0.00 1.04 0.00 0.00 0.00 0.00
597 98.22 0.00 1.27 0.25 0.00 0.00 0.00 0.00 0.00 0.25
598 97.46 0.00 1.78 0.00 0.00 0.00 0.00 0.00 0.00 0.76
599 97.45 0.00 2.04 0.00 0.00 0.26 0.00 0.00 0.00 0.26
600 84.10 0.00 3.33 8.97 0.00 0.77 0.00 0.00 0.00 2.82
601 76.90 0.00 0.76 19.54 0.00 0.00 0.00 0.00 0.00 2.79
602 56.52 0.00 1.79 32.23 0.00 0.26 0.26 0.00 0.00 8.95
603 59.13 0.00 1.03 36.25 0.00 0.00 0.26 0.00 0.00 3.34
604 71.61 0.00 1.30 15.10 0.00 0.00 0.00 0.00 0.00 11.98
605 76.47 0.00 0.77 0.26 0.00 0.51 0.00 0.00 0.00 21.99
606 59.54 0.00 1.78 0.00 0.00 0.00 0.25 0.00 0.00 38.42
607 96.35 0.00 1.56 1.82 0.00 0.00 0.00 0.00 0.00 0.26
608 80.90 0.00 2.65 14.59 0.00 0.53 0.00 0.00 0.00 1.33
609 87.89 0.00 0.79 10.26 0.00 0.00 0.26 0.00 0.00 0.79
610 92.56 0.00 1.28 5.64 0.00 0.26 0.00 0.00 0.00 0.26
611 39.00 0.00 0.25 0.50 0.00 0.00 0.00 0.00 0.00 60.25
612 24.62 0.00 0.00 10.41 0.00 0.00 0.00 0.00 0.00 64.97
613 24.81 0.00 0.25 5.51 0.00 0.00 0.25 0.00 0.00 69.17
614 24.69 0.00 0.25 10.08 0.00 0.00 0.00 0.00 0.00 64.99
615 55.38 0.00 1.28 3.33 0.00 0.00 0.00 0.00 0.00 40.00
616 95.67 0.00 1.27 2.54 0.00 0.25 0.00 0.00 0.00 0.25
617 92.03 0.00 1.80 5.14 0.00 0.26 0.26 0.00 0.00 0.51
618 96.96 0.00 1.27 1.77 0.00 0.00 0.00 0.00 0.00 0.00
619 90.33 0.00 1.02 0.76 0.00 0.00 0.00 0.00 0.00 7.89
620 77.27 0.00 0.76 0.76 0.00 0.00 0.00 0.00 0.00 21.21
621 96.18 0.00 1.27 2.04 0.00 0.00 0.00 0.00 0.00 0.51
622 77.30 0.00 1.79 3.32 0.00 0.00 0.00 0.00 0.00 17.60
623 72.34 0.00 2.54 18.53 0.00 0.25 0.00 0.00 0.00 6.35
624 46.68 0.00 1.02 21.68 0.00 0.00 0.00 0.00 0.00 30.61
625 25.06 0.00 0.25 26.33 0.00 0.00 0.00 0.00 0.00 48.35
626 37.12 0.00 1.01 23.48 0.00 0.00 0.51 0.00 0.00 37.88
627 31.63 0.00 1.53 35.71 0.00 0.00 0.00 0.00 0.00 31.12
628 23.86 0.00 1.02 29.44 0.00 0.00 0.00 0.00 0.00 45.69
629 3.27 0.00 0.25 7.81 0.00 0.00 0.00 0.00 0.00 88.66
630 0.25 0.00 0.50 3.77 0.00 0.00 0.00 0.00 0.00 95.48
631 0.25 0.00 0.00 1.00 0.00 0.00 0.00 0.00 0.00 98.75
632 0.00 0.00 0.00 1.77 0.00 0.00 0.00 0.00 0.00 98.23
633 0.25 0.00 0.00 3.27 0.00 0.00 0.25 0.00 0.00 96.23
634 0.00 0.00 0.00 4.29 0.00 0.00 0.00 0.00 0.00 95.71
635 0.00 0.00 0.00 1.01 0.00 0.00 0.00 0.00 0.00 98.99
636 0.25 0.00 0.25 0.75 0.00 0.00 0.00 0.00 0.00 98.75
637 0.00 0.00 0.00 0.75 0.00 0.00 0.25 0.00 0.00 99.00
638 0.25 0.00 0.00 30.65 0.00 0.00 0.00 0.00 0.00 69.10
639 0.25 0.00 0.25 28.03 0.00 0.00 0.00 0.00 0.00 71.46
640 1.01 0.00 0.25 42.82 0.00 0.00 0.00 0.00 0.00 55.92
641 11.86 0.00 1.29 83.76 0.00 0.26 0.00 0.00 0.00 2.84
642 7.47 0.00 0.77 74.48 0.00 0.00 0.00 0.00 0.00 17.27
643 6.36 0.00 0.25 93.13 0.00 0.25 0.00 0.00 0.00 0.00
644 5.14 0.00 0.77 93.83 0.00 0.00 0.26 0.00 0.00 0.00
645 8.91 0.00 0.76 90.33 0.00 0.00 0.00 0.00 0.00 0.00
646 16.80 0.00 0.52 82.43 0.00 0.00 0.26 0.00 0.00 0.00
647 88.78 0.00 1.53 8.93 0.00 0.26 0.00 0.00 0.00 0.51
648 79.79 0.00 1.04 10.88 0.00 0.26 0.00 0.00 0.00 8.03
649 23.76 0.00 0.52 48.30 0.00 0.26 0.26 0.00 0.00 26.89
650 10.63 0.00 0.51 21.77 0.00 0.00 0.00 0.00 0.00 67.09
651 54.62 0.00 0.51 1.54 0.00 0.26 0.26 0.00 0.00 42.82
652 93.52 0.00 0.26 0.52 0.00 0.00 0.26 0.00 0.00 5.44
653 99.49 0.00 0.25 0.25 0.00 0.00 0.00 0.00 0.00 0.00
654 98.48 0.00 0.51 1.01 0.00 0.00 0.00 0.00 0.00 0.00
655 60.65 0.00 0.50 1.25 0.00 0.00 0.00 0.00 0.00 37.59
656 24.81 0.00 0.50 0.75 0.00 0.00 0.00 0.00 0.00 73.93
657 25.13 0.00 0.00 5.78 0.00 0.00 0.00 0.00 0.00 69.10
658 24.81 0.00 0.25 7.02 0.00 0.00 0.00 0.00 0.00 67.92
659 24.43 0.00 0.25 14.86 0.00 0.00 0.00 0.00 0.00 60.45
660 0.00 0.00 0.00 44.22 0.00 0.00 0.00 0.00 0.00 55.78
661 0.00 0.00 0.50 35.75 0.00 0.00 0.00 0.00 0.00 63.75
662 5.03 0.00 0.25 24.87 0.00 0.00 0.00 0.00 0.00 69.85
663 32.99 0.00 0.26 3.61 0.00 0.26 0.00 0.00 0.00 62.89
664 95.97 0.00 3.76 0.00 0.00 0.00 0.27 0.00 0.00 0.00
665 97.40 0.00 1.30 0.78 0.00 0.00 0.00 0.00 0.00 0.52
666 96.90 0.00 3.10 0.00 0.00 0.00 0.00 0.00 0.00 0.00
667 66.58 0.00 2.28 20.25 0.00 0.00 0.00 0.00 0.00 10.89
668 82.44 0.00 2.04 10.94 0.00 0.00 0.00 0.00 0.00 4.58
669 17.56 0.00 0.76 81.68 0.00 0.00 0.00 0.00 0.00 0.00
670 31.46 0.00 1.28 65.47 0.00 0.26 0.26 0.00 0.00 1.28
671 65.35 0.00 2.36 30.97 0.00 0.00 0.00 0.00 0.00 1.31
672 55.38 0.00 1.84 42.52 0.00 0.00 0.26 0.00 0.00 0.00
673 69.97 0.00 1.57 28.20 0.00 0.00 0.26 0.00 0.00 0.00
674 49.10 0.00 1.79 49.10 0.00 0.00 0.00 0.00 0.00 0.00
675 63.61 0.00 0.52 35.60 0.00 0.26 0.00 0.00 0.00 0.00
676 66.94 0.00 2.71 30.08 0.00 0.00 0.00 0.00 0.00 0.27
677 51.54 0.00 0.51 47.44 0.00 0.00 0.26 0.00 0.00 0.26
678 37.50 0.00 0.77 61.73 0.00 0.00 0.00 0.00 0.00 0.00
679 40.83 0.00 0.52 58.66 0.00 0.00 0.00 0.00 0.00 0.00
680 29.65 0.00 1.51 68.59 0.00 0.25 0.00 0.00 0.00 0.00
681 43.41 0.00 1.03 55.30 0.00 0.00 0.00 0.00 0.00 0.26
682 59.74 0.00 2.60 37.40 0.00 0.00 0.26 0.00 0.00 0.00
683 15.67 0.00 1.31 82.51 0.00 0.00 0.26 0.00 0.00 0.26
684 36.60 0.00 1.33 61.27 0.00 0.53 0.00 0.00 0.00 0.27
685 36.05 0.00 2.11 56.32 0.00 0.00 0.53 0.00 0.00 5.00
686 70.54 0.00 1.55 23.00 0.00 0.00 0.26 0.00 0.00 4.65
687 73.78 0.00 1.62 18.38 0.00 0.00 0.27 0.00 0.00 5.95
688 76.42 0.00 2.07 14.51 0.00 0.26 0.00 0.00 0.00 6.74
689 76.73 0.00 0.26 21.74 0.00 0.00 0.26 0.00 0.00 1.02
690 83.54 0.00 0.51 15.19 0.00 0.00 0.00 0.00 0.00 0.76
691 75.83 0.00 0.76 23.41 0.00 0.00 0.00 0.00 0.00 0.00
692 75.06 0.00 0.77 23.91 0.00 0.26 0.00 0.00 0.00 0.00
693 73.86 0.00 1.27 23.10 0.00 0.00 1.02 0.00 0.00 0.76
694 73.03 0.00 2.54 5.09 0.00 0.00 0.00 0.00 0.00 19.34
695 72.36 0.00 3.70 7.12 0.00 0.28 0.28 0.00 0.00 16.24
696 60.89 0.00 1.84 30.18 0.00 0.26 0.26 0.00 0.00 6.56
697 15.99 0.00 0.76 82.49 0.00 0.00 0.00 0.00 0.00 0.76
698 12.05 0.00 0.00 73.59 0.00 0.00 0.26 0.00 0.00 14.10
699 9.74 0.00 0.77 89.49 0.00 0.00 0.00 0.00 0.00 0.00
700 29.24 0.00 1.31 67.36 0.00 0.26 0.52 0.00 0.00 1.31
701 54.69 0.00 1.56 41.93 0.00 0.26 0.00 0.00 0.00 1.56
702 97.17 0.00 1.80 0.26 0.00 0.26 0.00 0.00 0.00 0.51
703 90.40 0.00 0.76 3.79 0.00 0.00 0.00 0.00 0.00 5.05
704 87.47 0.00 0.77 1.28 0.00 0.00 0.26 0.00 0.00 10.23
705 67.10 0.00 0.26 1.81 0.00 0.26 0.00 0.00 0.00 30.57
706 22.70 0.00 0.51 36.99 0.00 0.00 0.26 0.00 0.00 39.54
707 49.23 0.00 0.26 50.26 0.00 0.00 0.00 0.00 0.00 0.26
708 16.75 0.00 0.52 82.73 0.00 0.00 0.00 0.00 0.00 0.00
709 39.90 0.00 0.52 59.32 0.00 0.00 0.26 0.00 0.00 0.00
710 5.40 0.00 0.77 93.83 0.00 0.00 0.00 0.00 0.00 0.00
711 5.30 0.00 0.51 94.19 0.00 0.00 0.00 0.00 0.00 0.00
712 45.22 0.00 0.78 54.01 0.00 0.00 0.00 0.00 0.00 0.00
713 79.85 0.00 0.51 15.05 0.00 0.26 0.26 0.00 0.00 4.08
714 39.64 0.00 0.51 31.97 0.00 0.26 0.00 0.00 0.00 27.62
715 0.00 0.00 0.00 32.32 0.00 0.00 0.00 0.00 0.00 67.68
716 0.25 0.00 0.25 61.96 0.00 0.00 0.25 0.00 0.00 37.28
717 0.25 0.00 0.00 28.46 0.00 0.00 0.00 0.00 0.00 71.28
718 0.00 0.00 0.00 12.59 0.00 0.00 0.00 0.00 0.00 87.41
719 0.25 0.00 0.25 1.00 0.00 0.00 0.00 0.00 0.00 98.50
720 0.00 0.00 0.00 0.75 0.00 0.00 0.00 0.00 0.00 99.25
721 0.00 0.00 0.00 2.02 0.00 0.00 0.00 0.00 0.00 97.98
722 0.25 0.00 0.25 17.42 0.00 0.00 0.00 0.00 0.00 82.07
723 0.25 0.00 0.25 10.58 0.00 0.00 0.00 0.00 0.00 88.92
724 14.72 0.00 0.25 9.14 0.00 0.00 0.00 0.00 0.00 75.89
725 51.17 0.00 0.26 9.87 0.00 0.00 0.00 0.00 0.00 38.70
726 70.63 0.00 1.01 10.38 0.00 0.25 0.25 0.00 0.00 17.47
727 97.20 0.00 0.51 0.76 0.00 0.76 0.00 0.00 0.00 0.76
728 77.75 0.00 0.77 4.86 0.00 0.00 0.00 0.00 0.00 16.62
729 75.06 0.00 0.00 5.34 0.00 0.00 0.00 0.00 0.00 19.59
730 74.94 0.00 0.25 0.51 0.00 0.00 0.00 0.00 0.00 24.30
731 58.59 0.00 0.51 0.76 0.00 0.00 0.00 0.00 0.00 40.15
732 24.94 0.00 0.25 1.26 0.00 0.00 0.00 0.00 0.00 73.55
733 25.19 0.00 0.00 1.51 0.00 0.00 0.00 0.00 0.00 73.30
734 24.94 0.00 0.00 1.51 0.00 0.25 0.00 0.00 0.00 73.30
735 25.06 0.00 0.25 0.75 0.00 0.00 0.00 0.00 0.00 73.93
736 25.00 0.00 0.00 1.26 0.00 0.00 0.00 0.00 0.00 73.74
737 80.10 0.00 0.77 1.28 0.00 0.26 0.00 0.00 0.00 17.60
738 97.70 0.00 1.28 0.77 0.00 0.00 0.00 0.00 0.00 0.26
739 93.85 0.00 4.10 1.54 0.00 0.00 0.26 0.00 0.00 0.26
740 80.05 0.00 3.07 15.86 0.00 0.51 0.00 0.00 0.00 0.51
741 60.15 0.00 3.05 28.68 0.00 0.51 0.00 0.00 0.00 7.61
742 36.64 0.00 2.04 61.07 0.00 0.25 0.00 0.00 0.00 0.00
743 34.54 0.00 1.03 59.02 0.00 0.26 0.00 0.00 0.00 5.15
744 44.16 0.00 0.52 54.55 0.00 0.26 0.52 0.00 0.00 0.00
745 50.38 0.00 0.76 45.04 0.00 0.00 0.00 0.00 0.00 3.82
746 65.56 0.00 1.02 31.12 0.00 0.26 0.26 0.00 0.00 1.79
747 38.19 0.00 0.25 5.53 0.00 0.00 0.00 0.00 0.00 56.03
748 24.75 0.00 0.25 0.25 0.00 0.00 0.00 0.00 0.00 74.75
749 24.75 0.00 0.00 0.00 0.00 0.00 0.00 0.00 0.00 75.25
750 24.94 0.00 0.25 0.00 0.00 0.00 0.00 0.00 0.00 74.81
751 48.47 0.00 1.28 2.81 0.00 0.00 0.00 0.00 0.00 47.45
752 96.56 0.00 1.85 0.53 0.00 0.26 0.26 0.00 0.00 0.53
753 91.95 0.00 1.30 5.97 0.00 0.26 0.00 0.00 0.00 0.52
754 62.37 0.00 1.84 26.58 0.00 0.26 0.26 0.00 0.00 8.68
755 48.70 0.00 1.04 39.06 0.00 0.26 0.26 0.00 0.00 10.68
756 32.40 0.00 0.51 42.86 0.00 0.26 0.00 0.00 0.00 23.98
757 44.33 0.00 0.50 19.65 0.00 0.00 0.00 0.00 0.00 35.52
758 5.00 0.00 0.50 28.00 0.00 0.00 0.25 0.00 0.00 66.25
759 10.18 0.00 0.25 41.48 0.00 0.00 0.25 0.00 0.00 47.84
760 33.33 0.00 0.51 42.82 0.00 0.00 0.00 0.00 0.00 23.33
761 21.55 0.00 0.50 58.90 0.00 0.00 0.25 0.00 0.00 18.80
762 5.57 0.00 0.25 77.97 0.00 0.25 0.00 0.00 0.00 15.95
763 15.58 0.00 0.26 61.82 0.00 0.00 0.00 0.00 0.00 22.34
764 54.76 0.00 1.29 34.45 0.00 0.26 0.00 0.00 0.00 9.25
765 62.95 0.00 0.52 18.91 0.00 0.00 0.26 0.00 0.00 17.36
766 94.66 0.00 0.51 1.02 0.00 0.25 0.00 0.00 0.00 3.56
767 85.75 0.00 2.54 9.16 0.00 0.25 0.00 0.00 0.00 2.29
768 95.67 0.00 0.76 3.31 0.00 0.00 0.00 0.00 0.00 0.25
769 92.33 0.00 0.26 0.00 0.00 0.00 0.00 0.00 0.00 7.42
770 25.00 0.00 0.25 1.75 0.00 0.00 0.00 0.00 0.00 73.00
771 25.00 0.00 0.25 0.51 0.00 0.00 0.00 0.00 0.00 74.24
772 25.06 0.00 0.25 0.75 0.00 0.00 0.00 0.00 0.00 73.93
773 24.49 0.00 0.25 1.01 0.00 0.00 0.00 0.00 0.00 74.24
774 25.06 0.00 0.50 0.75 0.00 0.00 0.00 0.00 0.00 73.68
775 70.00 0.00 1.03 0.51 0.00 0.00 0.00 0.00 0.00 28.46
776 96.68 0.00 1.79 0.00 0.00 0.00 0.00 0.00 0.00 1.53
777 94.91 0.00 1.27 2.54 0.00 0.25 0.00 0.00 0.00 1.02
778 73.33 0.00 1.54 2.05 0.00 0.00 0.00 0.00 0.00 23.08
779 73.10 0.00 2.03 2.03 0.00 0.00 0.25 0.00 0.00 22.59
780 54.04 0.00 1.77 7.07 0.00 0.00 0.00 0.00 0.00 37.12
781 58.44 0.00 2.02 0.00 0.00 0.00 0.00 0.00 0.00 39.55
782 46.85 0.00 2.52 0.76 0.00 0.00 0.00 0.00 0.00 49.87
783 24.43 0.00 0.76 0.76 0.00 0.00 0.25 0.00 0.00 73.80
784 32.48 0.00 0.77 4.60 0.00 0.00 0.26 0.00 0.00 61.89
785 23.87 0.00 1.26 0.25 0.00 0.00 0.25 0.00 0.00 74.37
786 23.74 0.00 0.76 0.25 0.00 0.00 0.25 0.00 0.00 75.00
787 31.63 0.00 1.28 5.10 0.00 0.00 0.00 0.00 0.00 61.99
788 12.47 0.00 0.52 82.08 0.00 0.26 0.26 0.00 0.00 4.42
789 10.49 0.00 0.51 88.49 0.00 0.00 0.00 0.00 0.00 0.51
790 11.51 0.00 1.02 87.21 0.00 0.00 0.26 0.00 0.00 0.00
791 8.01 0.00 1.03 90.70 0.00 0.26 0.00 0.00 0.00 0.00
792 71.35 0.00 1.04 27.34 0.00 0.26 0.00 0.00 0.00 0.00
793 90.98 0.00 0.77 7.73 0.00 0.26 0.00 0.00 0.00 0.26
794 81.84 0.00 1.28 16.11 0.00 0.51 0.26 0.00 0.00 0.00
795 76.08 0.00 0.76 6.62 0.00 0.00 0.00 0.00 0.00 16.54
796 96.88 0.00 0.78 0.00 0.00 0.26 0.26 0.00 0.00 1.82
797 94.68 0.00 0.25 0.00 0.00 0.00 0.00 0.00 0.00 5.06
798 98.49 0.00 0.75 0.25 0.00 0.00 0.00 0.00 0.00 0.50
799 100.00 0.00 0.00 0.00 0.00 0.00 0.00 0.00 0.00 0.00
800 96.41 0.00 2.82 0.51 0.00 0.26 0.00 0.00 0.00 0.00
801 95.42 0.00 4.33 0.00 0.00 0.00 0.00 0.00 0.00 0.25
802 96.45 0.00 3.05 0.25 0.00 0.00 0.00 0.00 0.00 0.25
803 90.61 0.00 2.54 6.85 0.00 0.00 0.00 0.00 0.00 0.00
804 49.10 0.00 0.51 50.38 0.00 0.00 0.00 0.00 0.00 0.00
805 60.26 0.00 2.05 37.44 0.00 0.00 0.26 0.00 0.00 0.00
806 50.76 0.00 2.79 23.10 0.00 0.25 0.25 0.00 0.00 22.84
807 44.21 0.00 1.84 53.42 0.00 0.26 0.00 0.00 0.00 0.26
808 28.20 0.00 1.57 69.97 0.00 0.26 0.00 0.00 0.00 0.00
809 93.85 0.00 1.03 4.62 0.00 0.26 0.00 0.00 0.00 0.26
810 83.20 0.00 1.29 14.73 0.00 0.00 0.00 0.00 0.00 0.78
811 69.90 0.00 1.28 28.57 0.00 0.00 0.00 0.00 0.00 0.26
812 77.93 0.00 1.33 19.68 0.00 0.53 0.27 0.00 0.00 0.27
813 84.11 0.00 1.10 13.42 0.00 0.00 0.27 0.00 0.00 1.10
814 93.26 0.00 1.04 5.70 0.00 0.00 0.00 0.00 0.00 0.00
815 99.47 0.00 0.26 0.00 0.00 0.00 0.00 0.00 0.00 0.26
816 98.42 0.00 0.79 0.26 0.00 0.26 0.00 0.00 0.00 0.26
817 96.72 0.00 2.27 0.25 0.00 0.00 0.00 0.00 0.00 0.76
818 93.09 0.00 2.56 4.09 0.00 0.26 0.00 0.00 0.00 0.00
819 92.51 0.00 2.58 3.88 0.00 0.52 0.26 0.00 0.00 0.26
820 58.57 0.00 0.51 40.92 0.00 0.00 0.00 0.00 0.00 0.00
821 50.77 0.00 2.04 41.84 0.00 0.26 0.00 0.00 0.00 5.10
822 59.64 0.00 1.80 38.56 0.00 0.00 0.00 0.00 0.00 0.00
823 41.33 0.00 0.77 57.65 0.00 0.00 0.26 0.00 0.00 0.00
824 34.69 0.00 1.79 57.65 0.00 0.00 0.26 0.00 0.00 5.61
825 47.55 0.00 1.03 24.29 0.00 0.00 0.00 0.00 0.00 27.13
826 53.21 0.00 1.03 2.83 0.00 0.00 0.00 0.00 0.00 42.93
827 49.12 0.00 0.76 0.76 0.00 0.00 0.00 0.00 0.00 49.37
828 81.25 0.00 1.04 10.94 0.00 0.26 0.26 0.00 0.00 6.25
829 68.09 0.00 4.52 26.33 0.00 0.27 0.00 0.00 0.00 0.80
830 89.80 0.00 0.51 8.93 0.00 0.26 0.00 0.00 0.00 0.51
831 97.72 0.00 1.52 0.25 0.00 0.00 0.00 0.00 0.00 0.51
832 99.24 0.00 0.51 0.00 0.00 0.00 0.00 0.00 0.00 0.25
833 76.40 0.00 0.51 11.42 0.00 0.25 0.00 0.00 0.00 11.42
834 4.79 0.00 0.25 35.52 0.00 0.00 0.00 0.00 0.00 59.45
835 2.76 0.00 0.50 38.19 0.00 0.00 0.00 0.00 0.00 58.54
836 3.78 0.00 0.00 51.39 0.00 0.00 0.00 0.00 0.00 44.84
837 49.36 0.00 3.07 27.62 0.00 0.00 0.00 0.00 0.00 19.95
838 25.38 0.00 0.00 21.57 0.00 0.00 0.25 0.00 0.00 52.79
839 25.06 0.00 0.25 4.01 0.00 0.00 0.00 0.00 0.00 70.68
840 24.81 0.00 0.25 3.76 0.00 0.00 0.00 0.00 0.00 71.18
841 25.00 0.00 0.25 3.79 0.00 0.00 0.00 0.00 0.00 70.96
842 77.30 0.00 1.62 10.54 0.00 0.00 0.27 0.00 0.00 10.27
843 87.99 0.00 1.96 9.22 0.00 0.28 0.28 0.00 0.00 0.28
844 38.92 0.00 2.43 47.57 0.00 0.27 0.00 0.00 0.00 10.81
845 62.37 0.00 1.88 34.41 0.00 0.54 0.54 0.00 0.00 0.27
846 65.89 0.00 1.30 32.55 0.00 0.26 0.00 0.00 0.00 0.00
847 89.47 0.00 1.05 7.63 0.00 0.53 0.00 0.00 0.00 1.32
848 98.97 0.00 0.77 0.00 0.00 0.26 0.00 0.00 0.00 0.00
849 97.72 0.00 1.77 0.00 0.00 0.00 0.00 0.00 0.00 0.51
850 76.19 0.00 1.75 15.79 0.00 0.25 0.25 0.00 0.00 5.76
851 84.36 0.00 1.54 3.59 0.00 0.26 0.00 0.00 0.00 10.26
852 76.86 0.00 1.03 22.11 0.00 0.00 0.00 0.00 0.00 0.00
853 86.70 0.00 2.05 10.74 0.00 0.00 0.00 0.00 0.00 0.51
854 96.97 0.00 2.02 0.00 0.00 0.00 0.00 0.00 0.00 1.01
855 93.67 0.00 1.77 3.54 0.00 0.25 0.25 0.00 0.00 0.51
856 25.82 0.00 0.00 0.00 0.00 0.00 0.00 0.00 0.00 74.18
857 24.81 0.00 0.75 2.76 0.00 0.00 0.00 0.00 0.00 71.68
858 25.13 0.00 0.00 3.27 0.00 0.00 0.00 0.00 0.00 71.61
859 24.81 0.00 0.50 5.76 0.00 0.00 0.00 0.00 0.00 68.92
860 50.79 0.00 1.57 1.83 0.00 0.52 0.00 0.00 0.00 45.29
861 92.62 0.00 3.28 1.37 0.00 0.00 0.27 0.00 0.00 2.46
862 94.50 0.00 1.57 3.40 0.00 0.26 0.00 0.00 0.00 0.26
863 96.88 0.00 1.04 1.30 0.00 0.26 0.26 0.00 0.00 0.26
864 91.90 0.00 1.01 0.25 0.00 0.00 0.00 0.00 0.00 6.84
865 77.32 0.00 2.06 4.12 0.00 0.52 0.00 0.00 0.00 15.98
866 96.86 0.00 1.83 0.52 0.00 0.00 0.00 0.00 0.00 0.79
867 92.68 0.00 1.01 4.04 0.00 0.25 0.00 0.00 0.00 2.02
868 75.00 0.00 2.32 14.43 0.00 0.00 0.00 0.00 0.00 8.25
869 79.85 0.00 2.04 11.99 0.00 0.26 0.00 0.00 0.00 5.87
870 88.72 0.00 1.28 9.49 0.00 0.00 0.00 0.00 0.00 0.51
871 86.67 0.00 2.82 9.23 0.00 0.51 0.00 0.00 0.00 0.77
872 92.18 0.00 1.68 4.47 0.00 0.56 0.28 0.00 0.00 0.84
873 97.88 0.00 1.06 0.53 0.00 0.00 0.00 0.00 0.00 0.53
874 98.72 0.00 1.03 0.00 0.00 0.00 0.00 0.00 0.00 0.26
875 94.01 0.00 1.04 3.39 0.00 0.52 0.00 0.00 0.00 1.04
876 96.07 0.00 1.57 1.31 0.00 0.26 0.00 0.00 0.00 0.79
877 86.58 0.00 0.25 9.11 0.00 0.00 0.00 0.00 0.00 4.05
878 26.43 0.00 0.25 14.96 0.00 0.25 0.25 0.00 0.00 57.86
879 25.19 0.00 0.00 24.94 0.00 0.00 0.00 0.00 0.00 49.87
880 24.69 0.00 0.50 24.69 0.00 0.00 0.00 0.00 0.00 50.13
881 24.69 0.00 0.50 24.43 0.00 0.00 0.00 0.00 0.00 50.38
882 25.00 0.00 0.25 36.87 0.00 0.00 0.00 0.00 0.00 37.88
883 43.38 0.00 1.82 14.55 0.00 0.00 0.26 0.00 0.00 40.00
884 81.89 0.00 2.36 15.22 0.00 0.00 0.00 0.00 0.00 0.52
885 76.08 0.00 0.76 13.74 0.00 0.00 0.25 0.00 0.00 9.16
886 30.73 0.00 0.25 1.01 0.00 0.25 0.00 0.00 0.00 67.76
887 25.06 0.00 0.25 0.00 0.00 0.00 0.00 0.00 0.00 74.69
888 24.75 0.00 0.00 0.51 0.00 0.00 0.00 0.00 0.00 74.75
889 47.19 0.00 0.77 4.34 0.00 0.00 0.00 0.00 0.00 47.70
890 68.23 0.00 1.30 13.02 0.00 0.26 0.26 0.00 0.00 16.93
891 79.53 0.00 0.26 8.81 0.00 0.00 0.52 0.00 0.00 10.88
892 74.94 0.00 0.52 10.59 0.00 0.00 0.00 0.00 0.00 13.95
893 25.13 0.00 0.00 5.28 0.00 0.00 0.00 0.00 0.00 69.60
894 25.00 0.00 0.25 7.75 0.00 0.00 0.00 0.00 0.00 67.00
895 24.87 0.00 0.00 6.78 0.00 0.25 0.00 0.00 0.00 68.09
896 24.94 0.00 0.00 3.27 0.00 0.00 0.00 0.00 0.00 71.79
897 44.30 0.00 0.51 2.03 0.00 0.00 0.00 0.00 0.00 53.16
898 74.18 0.00 0.25 0.25 0.00 0.00 0.25 0.00 0.00 25.06
899 77.69 0.00 0.25 0.00 0.00 0.00 0.00 0.00 0.00 22.06
900 71.94 0.00 2.04 2.04 0.00 0.00 0.26 0.00 0.00 23.72
901 72.45 0.00 2.81 2.55 0.00 0.00 0.00 0.00 0.00 22.19
902 72.94 0.00 2.84 1.03 0.00 0.00 0.00 0.00 0.00 23.20
903 24.24 0.00 1.01 3.03 0.00 0.00 0.25 0.00 0.00 71.46
904 6.31 0.00 0.25 7.32 0.00 0.00 0.00 0.00 0.00 86.11
905 0.00 0.00 0.25 9.80 0.00 0.00 0.25 0.00 0.00 89.70
906 0.25 0.00 0.00 9.80 0.00 0.00 0.00 0.00 0.00 89.95
907 0.25 0.00 0.25 6.77 0.00 0.00 0.00 0.00 0.00 92.73
908 0.00 0.00 0.25 4.56 0.00 0.00 0.00 0.00 0.00 95.19
909 4.36 0.00 0.26 16.15 0.00 0.00 0.00 0.00 0.00 79.23
910 6.92 0.00 0.77 90.77 0.00 0.00 0.00 0.00 0.00 1.54
911 5.64 0.00 0.00 75.90 0.00 0.00 0.00 0.00 0.00 18.46
912 6.63 0.00 0.51 81.63 0.00 0.00 0.26 0.00 0.00 10.97
913 4.82 0.00 1.02 94.16 0.00 0.00 0.00 0.00 0.00 0.00
914 7.11 0.00 1.02 91.62 0.00 0.00 0.25 0.00 0.00 0.00
915 7.36 0.00 0.76 91.37 0.00 0.25 0.25 0.00 0.00 0.00
916 15.17 0.00 0.77 83.80 0.00 0.00 0.00 0.00 0.00 0.26
917 30.55 0.00 0.78 68.67 0.00 0.00 0.00 0.00 0.00 0.00
918 78.50 0.00 1.30 10.36 0.00 0.26 0.00 0.00 0.00 9.59
919 69.82 0.00 0.77 23.53 0.00 0.00 0.26 0.00 0.00 5.63
920 68.07 0.00 0.79 31.13 0.00 0.00 0.00 0.00 0.00 0.00
921 95.60 0.00 0.52 3.11 0.00 0.00 0.00 0.00 0.00 0.78
922 96.94 0.00 0.26 0.00 0.00 0.00 0.00 0.00 0.00 2.81
923 98.98 0.00 1.02 0.00 0.00 0.00 0.00 0.00 0.00 0.00
924 98.97 0.00 1.03 0.00 0.00 0.00 0.00 0.00 0.00 0.00
925 97.46 0.00 1.78 0.25 0.00 0.00 0.25 0.00 0.00 0.25
926 96.45 0.00 2.79 0.76 0.00 0.00 0.00 0.00 0.00 0.00
927 97.51 0.00 1.94 0.28 0.00 0.00 0.00 0.00 0.00 0.28
928 48.84 0.00 1.80 49.36 0.00 0.00 0.00 0.00 0.00 0.00
929 59.64 0.00 1.03 33.93 0.00 0.26 0.00 0.00 0.00 5.14
930 32.74 0.00 1.28 53.20 0.00 0.51 0.26 0.00 0.00 12.02
931 43.31 0.00 2.10 53.54 0.00 0.52 0.00 0.00 0.00 0.52
932 38.58 0.00 2.10 57.74 0.00 0.52 0.26 0.00 0.00 0.79
933 66.67 0.00 1.61 30.11 0.00 0.00 0.27 0.00 0.00 1.34
934 90.13 0.00 2.34 6.75 0.00 0.00 0.00 0.00 0.00 0.78
935 94.66 0.00 0.51 3.82 0.00 0.25 0.00 0.00 0.00 0.76
936 64.03 0.00 0.77 35.20 0.00 0.00 0.00 0.00 0.00 0.00
937 68.45 0.00 0.76 28.24 0.00 0.00 0.00 0.00 0.00 2.54
938 62.79 0.00 0.52 36.43 0.00 0.00 0.26 0.00 0.00 0.00
939 68.12 0.00 1.80 28.02 0.00 0.00 0.00 0.00 0.00 2.06
940 73.56 0.00 2.09 24.08 0.00 0.00 0.00 0.00 0.00 0.26
941 62.79 0.00 1.29 35.66 0.00 0.00 0.26 0.00 0.00 0.00
942 39.23 0.00 0.77 57.95 0.00 0.00 0.00 0.00 0.00 2.05
943 62.86 0.00 1.56 28.83 0.00 0.26 0.26 0.00 0.00 6.23
944 74.87 0.00 1.54 22.31 0.00 0.26 0.26 0.00 0.00 0.77
945 73.47 0.00 2.55 23.72 0.00 0.00 0.00 0.00 0.00 0.26
946 62.50 0.00 1.02 25.51 0.00 0.00 0.00 0.00 0.00 10.97
947 67.18 0.00 0.52 32.04 0.00 0.26 0.00 0.00 0.00 0.00
948 55.98 0.00 0.51 43.51 0.00 0.00 0.00 0.00 0.00 0.00
949 52.53 0.00 1.26 45.96 0.00 0.00 0.25 0.00 0.00 0.00
950 71.28 0.00 2.13 25.27 0.00 0.53 0.00 0.00 0.00 0.80
951 79.32 0.00 2.88 16.23 0.00 0.00 0.52 0.00 0.00 1.05
952 82.19 0.00 4.11 12.60 0.00 0.27 0.00 0.00 0.00 0.82
953 96.04 0.00 1.58 1.06 0.00 0.26 0.26 0.00 0.00 0.79
954 91.90 0.00 2.03 4.56 0.00 0.25 0.00 0.00 0.00 1.27
955 86.19 0.00 0.26 0.00 0.00 0.00 0.00 0.00 0.00 13.55
956 86.89 0.00 0.77 4.63 0.00 0.26 0.00 0.00 0.00 7.46
957 91.03 0.00 0.26 0.26 0.00 0.00 0.00 0.00 0.00 8.46
958 60.98 0.00 0.52 18.60 0.00 0.52 0.26 0.00 0.00 19.12
959 42.12 0.00 1.03 37.47 0.00 0.00 0.00 0.00 0.00 19.38
960 83.55 0.00 1.03 3.86 0.00 0.26 0.00 0.00 0.00 11.31
961 98.98 0.00 0.51 0.00 0.00 0.25 0.00 0.00 0.00 0.25
962 95.10 0.00 0.52 3.35 0.00 0.00 0.26 0.00 0.00 0.77
963 63.87 0.00 0.58 34.39 0.00 0.29 0.00 0.00 0.00 0.87
964 58.53 0.00 0.52 40.42 0.00 0.00 0.52 0.00 0.00 0.00
965 65.53 0.00 1.05 17.63 0.00 0.26 0.53 0.00 0.00 15.00
966 25.06 0.00 0.25 0.25 0.00 0.00 0.00 0.00 0.00 74.44
967 24.87 0.00 0.25 0.25 0.00 0.00 0.00 0.00 0.00 74.62
968 25.06 0.00 0.00 0.50 0.00 0.00 0.00 0.00 0.00 74.44
969 24.75 0.00 0.00 1.52 0.00 0.00 0.00 0.00 0.00 73.74
970 47.46 0.00 0.25 2.03 0.00 0.51 0.00 0.00 0.00 49.75
971 97.68 0.00 1.29 0.52 0.00 0.26 0.00 0.00 0.00 0.26
972 98.70 0.00 0.52 0.00 0.00 0.26 0.00 0.00 0.00 0.52
973 98.72 0.00 1.02 0.00 0.00 0.00 0.00 0.00 0.00 0.26
974 97.97 0.00 1.27 0.25 0.00 0.00 0.00 0.00 0.00 0.51
975 91.97 0.00 2.59 3.63 0.00 0.52 0.26 0.00 0.00 1.04
976 86.77 0.00 3.44 9.52 0.00 0.00 0.00 0.00 0.00 0.26
977 91.21 0.00 2.07 5.68 0.00 0.26 0.00 0.00 0.00 0.78
978 51.51 0.00 0.50 5.28 0.00 0.00 0.25 0.00 0.00 42.46
979 25.06 0.00 0.00 4.01 0.00 0.00 0.00 0.00 0.00 70.93
980 25.13 0.00 0.00 2.01 0.00 0.00 0.00 0.00 0.00 72.86
981 24.94 0.00 0.00 2.52 0.00 0.00 0.00 0.00 0.00 72.54
982 90.46 0.00 1.55 1.03 0.00 0.26 0.00 0.00 0.00 6.70
983 78.01 0.00 0.77 20.97 0.00 0.26 0.00 0.00 0.00 0.00
984 71.39 0.00 1.57 26.51 0.00 0.26 0.00 0.00 0.00 0.26
985 46.11 0.00 1.55 38.08 0.00 0.26 0.00 0.00 0.00 13.99
986 58.22 0.00 2.09 22.19 0.00 0.26 0.26 0.00 0.00 16.97
987 91.36 0.00 1.31 6.81 0.00 0.26 0.00 0.00 0.00 0.26
988 95.90 0.00 1.79 1.79 0.00 0.00 0.00 0.00 0.00 0.51
989 96.65 0.00 1.03 0.00 0.00 0.00 0.00 0.00 0.00 2.32
990 84.18 0.00 1.53 13.52 0.00 0.26 0.00 0.00 0.00 0.51
991 70.53 0.00 1.84 27.37 0.00 0.00 0.00 0.00 0.00 0.26
992 88.46 0.00 0.51 8.21 0.00 0.00 0.26 0.00 0.00 2.56
993 88.35 0.00 0.54 0.54 0.00 0.27 0.00 0.00 0.00 10.30
994 63.45 0.00 0.26 26.89 0.00 0.00 0.00 0.00 0.00 9.40
995 84.87 0.00 1.12 11.20 0.00 0.00 0.28 0.00 0.00 2.52
996 62.21 0.00 2.06 12.60 0.00 0.26 0.00 0.00 0.00 22.88
997 75.97 0.00 1.03 9.04 0.00 0.00 0.00 0.00 0.00 13.95
998 74.62 0.00 1.28 9.74 0.00 0.77 0.00 0.00 0.00 13.59
999 25.06 0.00 0.51 16.46 0.00 0.00 0.00 0.00 0.00 57.97
1000 24.81 0.00 0.00 1.50 0.00 0.00 0.25 0.00 0.00 73.43
1001 25.00 0.00 0.25 2.53 0.00 0.00 0.00 0.00 0.00 72.22
1002 26.84 0.00 0.25 8.86 0.00 0.00 0.00 0.00 0.00 64.05
1003 74.23 0.00 0.26 24.23 0.00 0.26 0.26 0.00 0.00 0.77
1004 72.26 0.00 0.25 25.95 0.00 0.00 0.00 0.00 0.00 1.53
1005 80.51 0.00 1.03 17.95 0.00 0.26 0.00 0.00 0.00 0.26
1006 59.46 0.00 0.54 25.41 0.00 0.00 0.00 0.00 0.00 14.59
1007 27.57 0.00 0.00 8.02 0.00 0.00 0.00 0.00 0.00 64.41
1008 24.56 0.00 0.25 3.26 0.00 0.00 0.00 0.00 0.00 71.93
1009 24.81 0.00 0.25 0.50 0.00 0.00 0.00 0.00 0.00 74.44
1010 24.87 0.00 0.00 0.25 0.00 0.00 0.00 0.00 0.00 74.87
1011 56.67 0.00 0.77 10.26 0.00 0.26 0.26 0.00 0.00 31.79
1012 92.37 0.00 4.33 2.80 0.00 0.00 0.00 0.00 0.00 0.51
1013 96.92 0.00 1.54 1.03 0.00 0.26 0.00 0.00 0.00 0.26
1014 94.94 0.00 1.01 3.04 0.00 0.00 0.00 0.00 0.00 1.01
1015 80.66 0.00 0.51 11.96 0.00 0.00 0.00 0.00 0.00 6.87
1016 74.87 0.00 0.00 0.00 0.00 0.00 0.00 0.00 0.00 25.13
1017 80.41 0.00 0.51 0.25 0.00 0.00 0.00 0.00 0.00 18.83
1018 73.80 0.00 1.26 0.00 0.00 0.00 0.00 0.00 0.00 24.94
1019 73.12 0.00 1.26 0.75 0.00 0.00 0.00 0.00 0.00 24.87
1020 77.35 0.00 1.02 3.56 0.00 0.00 0.25 0.00 0.00 17.81
1021 78.37 0.00 1.27 0.00 0.00 0.00 0.00 0.00 0.00 20.36
1022 36.18 0.00 1.76 4.02 0.00 0.00 0.00 0.00 0.00 58.04
1023 0.25 0.00 0.00 3.27 0.00 0.00 0.00 0.00 0.00 96.47
1024 0.00 0.00 0.25 5.06 0.00 0.00 0.25 0.00 0.00 94.43
1025 0.25 0.00 0.00 10.33 0.00 0.00 0.00 0.00 0.00 89.42
1026 0.51 0.00 0.51 13.92 0.00 0.25 0.00 0.00 0.00 84.81
1027 0.25 0.00 0.00 1.25 0.00 0.00 0.25 0.00 0.00 98.25
1028 0.00 0.00 0.00 1.51 0.00 0.00 0.00 0.00 0.00 98.49
1029 6.48 0.00 0.78 45.60 0.00 0.00 0.00 0.00 0.00 47.15
1030 7.24 0.00 0.52 92.25 0.00 0.00 0.00 0.00 0.00 0.00
1031 5.90 0.00 0.51 93.33 0.00 0.00 0.26 0.00 0.00 0.00
1032 5.93 0.00 0.77 93.30 0.00 0.00 0.00 0.00 0.00 0.00
1033 14.81 0.00 1.30 83.90 0.00 0.00 0.00 0.00 0.00 0.00
1034 15.68 0.00 1.03 82.78 0.00 0.26 0.26 0.00 0.00 0.00
1035 56.54 0.00 0.79 41.88 0.00 0.00 0.26 0.00 0.00 0.52
1036 79.59 0.00 0.52 16.02 0.00 0.26 0.00 0.00 0.00 3.62
1037 30.61 0.00 0.77 48.98 0.00 0.26 0.00 0.00 0.00 19.39
1038 36.34 0.00 0.52 36.60 0.00 0.26 0.26 0.00 0.00 26.03
1039 81.38 0.00 0.26 3.32 0.00 0.26 0.00 0.00 0.00 14.80
1040 99.24 0.00 0.00 0.00 0.00 0.00 0.00 0.00 0.00 0.76
1041 98.99 0.00 1.01 0.00 0.00 0.00 0.00 0.00 0.00 0.00
1042 98.98 0.00 0.25 0.25 0.00 0.00 0.00 0.00 0.00 0.51
1043 98.39 0.00 0.54 1.07 0.00 0.00 0.00 0.00 0.00 0.00
1044 96.61 0.00 2.60 0.78 0.00 0.00 0.00 0.00 0.00 0.00
1045 96.72 0.00 3.03 0.00 0.00 0.00 0.00 0.00 0.00 0.25
1046 87.08 0.00 3.62 8.27 0.00 0.00 0.00 0.00 0.00 1.03
1047 81.94 0.00 2.09 13.61 0.00 0.52 0.00 0.00 0.00 1.83
1048 92.89 0.00 2.37 3.68 0.00 0.00 0.26 0.00 0.00 0.79
1049 90.81 0.00 1.57 0.79 0.00 0.00 0.26 0.00 0.00 6.56
1050 63.75 0.00 1.29 3.34 0.00 0.00 0.00 0.00 0.00 31.62
1051 60.05 0.00 1.27 7.38 0.00 0.00 0.25 0.00 0.00 31.04
1052 30.38 0.00 1.77 60.00 0.00 0.00 0.00 0.00 0.00 7.85
1053 41.71 0.00 1.30 51.30 0.00 0.00 0.26 0.00 0.00 5.44
1054 80.58 0.00 1.84 12.60 0.00 0.00 0.26 0.00 0.00 4.72
1055 39.03 0.00 1.02 59.44 0.00 0.26 0.26 0.00 0.00 0.00
1056 62.99 0.00 1.05 35.43 0.00 0.00 0.26 0.00 0.00 0.26
1057 56.69 0.00 1.57 41.21 0.00 0.26 0.26 0.00 0.00 0.00
1058 58.78 0.00 1.06 35.90 0.00 0.27 0.00 0.00 0.00 3.99
1059 94.03 0.00 1.04 4.68 0.00 0.00 0.00 0.00 0.00 0.26
1060 97.08 0.00 2.65 0.00 0.00 0.00 0.27 0.00 0.00 0.00
1061 87.95 0.00 1.79 1.03 0.00 0.26 0.00 0.00 0.00 8.97
1062 76.79 0.00 1.53 21.43 0.00 0.00 0.26 0.00 0.00 0.00
1063 51.55 0.00 1.33 46.23 0.00 0.00 0.00 0.00 0.00 0.89
1064 49.75 0.00 0.76 44.95 0.00 0.00 0.25 0.00 0.00 4.29
1065 49.23 0.00 1.28 42.31 0.00 0.00 0.00 0.00 0.00 7.18
1066 47.72 0.00 2.28 29.19 0.00 0.25 0.00 0.00 0.00 20.56
1067 41.58 0.00 2.04 43.11 0.00 0.00 0.00 0.00 0.00 13.27
1068 32.21 0.00 1.56 36.62 0.00 0.00 0.78 0.00 0.00 28.83
1069 48.30 0.00 3.13 47.52 0.00 0.26 0.26 0.00 0.00 0.52
1070 55.06 0.00 5.19 36.36 0.00 0.52 0.26 0.00 0.00 2.60
1071 98.47 0.00 0.51 0.00 0.00 0.26 0.00 0.00 0.00 0.77
1072 98.71 0.00 0.77 0.00 0.00 0.26 0.00 0.00 0.00 0.26
1073 97.71 0.00 0.00 0.00 0.00 0.00 0.00 0.00 0.00 2.29
1074 95.95 0.00 0.51 0.25 0.00 0.25 0.00 0.00 0.00 3.04
1075 96.11 0.00 0.78 2.59 0.00 0.00 0.00 0.00 0.00 0.52
1076 68.07 0.00 1.06 24.80 0.00 0.26 0.26 0.00 0.00 5.54
1077 46.77 0.00 1.29 48.58 0.00 0.26 0.00 0.00 0.00 3.10
1078 22.77 0.00 0.79 71.99 0.00 0.00 0.26 0.00 0.00 4.19
1079 65.54 0.00 1.04 30.83 0.00 0.26 0.26 0.00 0.00 2.07
1080 78.79 0.00 0.51 0.25 0.00 0.25 0.00 0.00 0.00 20.20
1081 25.13 0.00 0.00 1.01 0.00 0.00 0.00 0.00 0.00 73.87
1082 24.87 0.00 0.25 25.13 0.00 0.00 0.00 0.00 0.00 49.75
1083 25.38 0.00 0.25 21.36 0.00 0.00 0.00 0.00 0.00 53.02
1084 24.81 0.00 0.00 1.25 0.00 0.00 0.50 0.00 0.00 73.43
1085 90.36 0.00 0.78 0.00 0.00 0.26 0.00 0.00 0.00 8.59
1086 96.92 0.00 0.26 1.03 0.00 0.26 0.00 0.00 0.00 1.54
1087 84.40 0.00 0.77 11.00 0.00 0.26 0.00 0.00 0.00 3.58
1088 99.49 0.00 0.26 0.00 0.00 0.00 0.00 0.00 0.00 0.26
1089 98.74 0.00 1.01 0.00 0.00 0.25 0.00 0.00 0.00 0.00
1090 98.48 0.00 1.52 0.00 0.00 0.00 0.00 0.00 0.00 0.00
1091 96.89 0.00 2.07 0.52 0.00 0.00 0.00 0.00 0.00 0.52
1092 75.83 0.00 0.76 1.02 0.00 0.00 0.00 0.00 0.00 22.39
1093 25.06 0.00 0.25 0.25 0.00 0.00 0.00 0.00 0.00 74.44
1094 25.00 0.00 0.00 1.52 0.00 0.00 0.00 0.00 0.00 73.48
1095 24.87 0.00 0.25 0.50 0.00 0.00 0.00 0.00 0.00 74.37
1096 25.13 0.00 0.25 1.01 0.00 0.00 0.00 0.00 0.00 73.62
1097 48.34 0.00 1.28 0.00 0.00 0.00 0.00 0.00 0.00 50.38
1098 84.73 0.00 2.54 11.45 0.00 0.00 0.25 0.00 0.00 1.02
1099 79.22 0.00 2.86 16.36 0.00 0.52 0.26 0.00 0.00 0.78
1100 79.90 0.00 2.04 17.81 0.00 0.00 0.25 0.00 0.00 0.00
1101 31.79 0.00 1.54 64.62 0.00 0.00 0.00 0.00 0.00 2.05
1102 42.08 0.00 0.78 47.27 0.00 0.00 0.26 0.00 0.00 9.61
1103 55.91 0.00 1.84 41.99 0.00 0.00 0.00 0.00 0.00 0.26
1104 51.83 0.00 1.05 46.07 0.00 0.26 0.79 0.00 0.00 0.00
1105 68.97 0.00 2.92 28.12 0.00 0.00 0.00 0.00 0.00 0.00
1106 93.94 0.00 1.65 3.86 0.00 0.00 0.00 0.00 0.00 0.55
1107 74.41 0.00 1.85 22.43 0.00 0.53 0.00 0.00 0.00 0.79
1108 75.92 0.00 2.36 20.94 0.00 0.26 0.26 0.00 0.00 0.26
1109 70.47 0.00 2.33 23.83 0.00 0.00 0.00 0.00 0.00 3.37
1110 77.20 0.00 1.81 13.47 0.00 0.52 0.00 0.00 0.00 6.99
1111 91.52 0.00 1.29 4.88 0.00 0.77 0.26 0.00 0.00 1.29
1112 88.48 0.00 1.57 9.42 0.00 0.26 0.00 0.00 0.00 0.26
1113 92.20 0.00 1.08 4.30 0.00 0.00 0.00 0.00 0.00 2.42
1114 87.57 0.00 1.59 8.47 0.00 0.26 0.26 0.00 0.00 1.85
1115 85.68 0.00 0.78 12.76 0.00 0.26 0.00 0.00 0.00 0.52
1116 61.76 0.00 1.03 35.92 0.00 0.00 0.00 0.00 0.00 1.29
1117 45.78 0.00 0.77 18.93 0.00 0.00 0.26 0.00 0.00 34.27
1118 25.13 0.00 0.00 29.44 0.00 0.00 0.00 0.00 0.00 45.43
1119 24.56 0.00 0.00 31.14 0.00 0.00 0.00 0.00 0.00 44.30
1120 25.06 0.00 0.25 16.71 0.00 0.00 0.00 0.00 0.00 57.97
1121 24.69 0.00 0.25 1.01 0.00 0.00 0.00 0.00 0.00 74.06
1122 74.10 0.00 2.56 5.64 0.00 0.00 0.00 0.00 0.00 17.69
1123 85.91 0.00 1.36 8.67 0.00 0.54 0.00 0.00 0.00 3.52
1124 91.24 0.00 2.06 5.67 0.00 0.00 0.26 0.00 0.00 0.77
1125 97.70 0.00 1.53 0.26 0.00 0.26 0.00 0.00 0.00 0.26
1126 99.23 0.00 0.52 0.00 0.00 0.00 0.00 0.00 0.00 0.26
1127 98.98 0.00 1.02 0.00 0.00 0.00 0.00 0.00 0.00 0.00
1128 98.24 0.00 1.51 0.00 0.00 0.25 0.00 0.00 0.00 0.00
1129 96.74 0.00 1.75 0.75 0.00 0.00 0.00 0.00 0.00 0.75
1130 92.56 0.00 3.33 4.10 0.00 0.00 0.00 0.00 0.00 0.00
1131 82.70 0.00 4.83 10.69 0.00 0.25 0.25 0.00 0.00 1.27
1132 64.87 0.00 1.79 12.56 0.00 0.00 0.00 0.00 0.00 20.77
1133 49.37 0.00 0.00 3.04 0.00 0.00 0.00 0.00 0.00 47.59
1134 39.29 0.00 0.51 2.81 0.00 0.00 0.00 0.00 0.00 57.40
1135 34.69 0.00 0.77 13.27 0.00 0.00 0.26 0.00 0.00 51.02
1136 33.16 0.00 1.03 1.29 0.00 0.00 0.00 0.00 0.00 64.52
1137 53.67 0.00 0.51 1.01 0.00 0.00 0.00 0.00 0.00 44.81
1138 42.82 0.00 1.03 8.72 0.00 0.00 0.00 0.00 0.00 47.44
1139 34.53 0.00 1.02 6.14 0.00 0.00 0.26 0.00 0.00 58.06
1140 8.31 0.00 0.50 8.06 0.00 0.00 0.25 0.00 0.00 82.87
1141 8.65 0.00 0.25 1.27 0.00 0.00 0.00 0.00 0.00 89.82
1142 0.50 0.00 0.25 4.53 0.00 0.00 0.00 0.00 0.00 94.71
1143 0.00 0.00 0.25 2.01 0.00 0.00 0.00 0.00 0.00 97.74
1144 4.03 0.00 0.25 3.78 0.00 0.00 0.25 0.00 0.00 91.69
1145 11.17 0.00 0.25 31.22 0.00 0.00 0.00 0.00 0.00 57.36
1146 32.14 0.00 0.51 22.19 0.00 0.00 0.00 0.00 0.00 45.15
1147 24.69 0.00 0.50 24.94 0.00 0.00 0.00 0.00 0.00 49.87
1148 24.69 0.00 0.25 3.27 0.00 0.00 0.00 0.00 0.00 71.79
1149 24.62 0.00 0.00 5.08 0.00 0.00 0.00 0.00 0.00 70.30
1150 24.37 0.00 0.75 0.75 0.00 0.00 0.00 0.00 0.00 74.12
1151 24.24 0.00 0.76 7.07 0.00 0.00 0.00 0.00 0.00 67.93
1152 9.80 0.00 0.50 0.50 0.00 0.00 0.00 0.00 0.00 89.20
1153 0.00 0.00 0.00 1.01 0.00 0.00 0.00 0.00 0.00 98.99
1154 0.25 0.00 0.00 0.25 0.00 0.00 0.00 0.00 0.00 99.50
1155 0.25 0.00 0.25 1.50 0.00 0.00 0.25 0.00 0.00 97.75
1156 0.25 0.00 0.25 0.50 0.00 0.00 0.00 0.00 0.00 98.99
1157 0.00 0.00 0.00 1.26 0.00 0.00 0.00 0.00 0.00 98.74
1158 0.00 0.00 0.25 0.50 0.00 0.00 0.00 0.00 0.00 99.25
1159 0.00 0.00 0.25 1.01 0.00 0.00 0.00 0.00 0.00 98.74
1160 0.00 0.00 0.00 1.01 0.00 0.00 0.00 0.00 0.00 98.99
1161 0.00 0.00 0.00 0.76 0.00 0.00 0.00 0.00 0.00 99.24
1162 0.00 0.00 0.25 1.00 0.00 0.00 0.00 0.00 0.00 98.75
1163 0.25 0.00 0.25 0.50 0.00 0.00 0.00 0.00 0.00 99.00
1164 0.25 0.00 0.00 1.00 0.00 0.00 0.00 0.00 0.00 98.75
1165 0.00 0.00 0.50 1.01 0.00 0.00 0.00 0.00 0.00 98.49
1166 0.25 0.00 0.25 0.50 0.00 0.00 0.00 0.00 0.00 99.00
1167 2.78 0.00 1.01 19.70 0.00 0.00 0.00 0.00 0.00 76.52
1168 26.61 0.00 0.78 67.18 0.00 0.00 0.26 0.00 0.00 5.17
1169 4.90 0.00 0.52 90.21 0.00 0.00 0.00 0.00 0.00 4.38
1170 6.85 0.00 1.02 86.29 0.00 0.25 0.25 0.00 0.00 5.33
1171 8.48 0.00 0.26 91.00 0.00 0.00 0.26 0.00 0.00 0.00
1172 8.81 0.00 1.30 89.64 0.00 0.00 0.26 0.00 0.00 0.00
1173 5.64 0.00 1.54 92.56 0.00 0.00 0.26 0.00 0.00 0.00
1174 17.95 0.00 1.03 80.77 0.00 0.26 0.00 0.00 0.00 0.00
1175 66.32 0.00 0.52 32.64 0.00 0.00 0.26 0.00 0.00 0.26
1176 85.57 0.00 0.52 10.82 0.00 0.52 0.00 0.00 0.00 2.58
1177 75.90 0.00 1.28 21.79 0.00 0.26 0.26 0.00 0.00 0.51
1178 33.67 0.00 0.51 40.00 0.00 0.00 0.00 0.00 0.00 25.82
1179 31.73 0.00 0.25 31.47 0.00 0.00 0.00 0.00 0.00 36.55
1180 53.08 0.00 0.26 25.64 0.00 0.00 0.00 0.00 0.00 21.03
1181 67.61 0.00 0.26 21.34 0.00 0.00 0.00 0.00 0.00 10.80
1182 54.62 0.00 1.54 20.00 0.00 0.00 0.51 0.00 0.00 23.33
1183 98.96 0.00 1.04 0.00 0.00 0.00 0.00 0.00 0.00 0.00
1184 57.87 0.00 1.02 40.86 0.00 0.25 0.00 0.00 0.00 0.00
1185 25.63 0.00 0.51 68.53 0.00 0.00 0.00 0.00 0.00 5.33
1186 78.32 0.00 1.53 20.15 0.00 0.00 0.00 0.00 0.00 0.00
1187 74.05 0.00 3.31 21.88 0.00 0.25 0.25 0.00 0.00 0.25
1188 51.28 0.00 2.30 45.92 0.00 0.51 0.00 0.00 0.00 0.00
1189 62.83 0.00 0.27 36.63 0.00 0.27 0.00 0.00 0.00 0.00
1190 67.02 0.00 1.06 30.85 0.00 0.53 0.27 0.00 0.00 0.27
1191 68.77 0.00 0.79 25.72 0.00 0.00 0.00 0.00 0.00 4.72
1192 83.55 0.00 2.83 6.94 0.00 0.26 0.00 0.00 0.00 6.43
1193 67.09 0.00 3.83 25.26 0.00 0.26 0.26 0.00 0.00 3.32
1194 17.09 0.00 0.51 80.36 0.00 0.00 0.00 0.00 0.00 2.04
1195 57.91 0.00 1.02 21.43 0.00 0.00 0.00 0.00 0.00 19.64
1196 80.26 0.00 1.54 6.67 0.00 0.26 0.00 0.00 0.00 11.28
1197 85.90 0.00 1.54 12.05 0.00 0.26 0.00 0.00 0.00 0.26
1198 83.33 0.00 1.54 12.82 0.00 0.00 0.00 0.00 0.00 2.31
1199 81.23 0.00 1.03 15.42 0.00 0.00 0.26 0.00 0.00 2.06
1200 73.32 0.00 0.52 23.32 0.00 0.00 0.00 0.00 0.00 2.85
1201 67.30 0.00 1.35 30.81 0.00 0.27 0.27 0.00 0.00 0.00
1202 73.02 0.00 1.36 24.80 0.00 0.54 0.00 0.00 0.00 0.27
1203 70.36 0.00 1.03 2.58 0.00 0.26 0.26 0.00 0.00 25.52
1204 24.87 0.00 0.25 2.01 0.00 0.00 0.00 0.00 0.00 72.86
1205 24.69 0.00 0.00 6.05 0.00 0.00 0.00 0.00 0.00 69.27
1206 24.56 0.00 0.00 2.03 0.00 0.00 0.00 0.00 0.00 73.42
1207 24.69 0.00 0.25 6.80 0.00 0.00 0.00 0.00 0.00 68.26
1208 56.85 0.00 1.55 9.30 0.00 0.00 0.00 0.00 0.00 32.30
1209 94.57 0.00 1.55 2.33 0.00 0.26 0.00 0.00 0.00 1.29
1210 96.63 0.00 1.30 1.30 0.00 0.00 0.26 0.00 0.00 0.52
1211 97.17 0.00 1.80 0.26 0.00 0.77 0.00 0.00 0.00 0.00
1212 96.65 0.00 1.55 0.52 0.00 0.00 0.00 0.00 0.00 1.29
1213 97.96 0.00 1.78 0.25 0.00 0.00 0.00 0.00 0.00 0.00
1214 96.01 0.00 3.42 0.00 0.00 0.00 0.57 0.00 0.00 0.00
1215 79.27 0.00 4.40 9.84 0.00 0.52 0.00 0.00 0.00 5.96
1216 64.63 0.00 2.80 20.61 0.00 0.00 0.25 0.00 0.00 11.70
1217 47.06 0.00 1.53 32.23 0.00 0.00 0.00 0.00 0.00 19.18
1218 40.15 0.00 0.51 24.81 0.00 0.26 0.00 0.00 0.00 34.27
1219 82.45 0.00 1.86 14.10 0.00 0.00 0.00 0.00 0.00 1.60
1220 82.22 0.00 1.55 7.22 0.00 0.26 0.00 0.00 0.00 8.76
1221 97.66 0.00 1.04 0.00 0.00 0.26 0.00 0.00 0.00 1.04
1222 98.22 0.00 1.02 0.00 0.00 0.00 0.25 0.00 0.00 0.51
1223 96.95 0.00 2.04 0.00 0.00 0.00 0.00 0.00 0.00 1.02
1224 94.33 0.00 1.80 2.84 0.00 0.52 0.00 0.00 0.00 0.52
1225 47.81 0.00 1.54 48.59 0.00 0.26 0.00 0.00 0.00 1.80
1226 45.05 0.00 1.56 52.60 0.00 0.26 0.26 0.00 0.00 0.26
1227 43.86 0.00 1.31 54.31 0.00 0.26 0.26 0.00 0.00 0.00
1228 58.57 0.00 1.28 5.12 0.00 0.26 0.00 0.00 0.00 34.78
1229 25.00 0.00 0.00 2.53 0.00 0.00 0.00 0.00 0.00 72.47
1230 25.06 0.00 0.00 2.26 0.00 0.00 0.00 0.00 0.00 72.68
1231 24.94 0.00 0.00 3.02 0.00 0.00 0.00 0.00 0.00 72.04
1232 49.07 0.00 0.80 10.61 0.00 0.00 0.27 0.00 0.00 39.26
1233 96.52 0.00 2.14 0.53 0.00 0.53 0.27 0.00 0.00 0.00
1234 74.36 0.00 1.03 24.36 0.00 0.00 0.00 0.00 0.00 0.26
1235 84.92 0.00 0.79 7.41 0.00 0.26 0.26 0.00 0.00 6.35
1236 64.45 0.00 0.77 20.46 0.00 0.26 0.00 0.00 0.00 14.07
1237 80.20 0.00 2.03 17.77 0.00 0.00 0.00 0.00 0.00 0.00
1238 69.41 0.00 1.29 27.51 0.00 0.77 0.00 0.00 0.00 1.03
1239 74.09 0.00 1.81 22.54 0.00 0.26 0.26 0.00 0.00 1.04
1240 78.16 0.00 1.58 20.00 0.00 0.00 0.26 0.00 0.00 0.00
1241 97.68 0.00 1.55 0.52 0.00 0.26 0.00 0.00 0.00 0.00
1242 44.95 0.00 0.51 1.52 0.00 0.00 0.00 0.00 0.00 53.03
1243 24.62 0.00 0.50 0.50 0.00 0.00 0.00 0.00 0.00 74.37
1244 24.56 0.00 0.50 1.25 0.00 0.00 0.00 0.00 0.00 73.68
1245 25.13 0.00 0.00 0.25 0.00 0.00 0.00 0.00 0.00 74.62
1246 24.43 0.00 0.50 1.01 0.00 0.00 0.00 0.00 0.00 74.06
1247 51.40 0.00 1.02 1.27 0.00 0.00 0.00 0.00 0.00 46.31
1248 97.42 0.00 1.80 0.52 0.00 0.00 0.00 0.00 0.00 0.26
1249 95.91 0.00 2.30 1.28 0.00 0.00 0.00 0.00 0.00 0.51
1250 75.96 0.00 2.30 19.95 0.00 0.26 0.00 0.00 0.00 1.53
1251 75.41 0.00 2.43 21.62 0.00 0.00 0.27 0.00 0.00 0.27
1252 75.71 0.00 0.52 15.76 0.00 0.26 0.00 0.00 0.00 7.75
1253 46.46 0.00 0.25 11.11 0.00 0.00 0.25 0.00 0.00 41.92
1254 42.97 0.00 0.51 21.74 0.00 0.00 0.00 0.00 0.00 34.78
1255 59.43 0.00 1.29 20.93 0.00 0.00 0.26 0.00 0.00 18.09
1256 46.56 0.00 1.53 28.75 0.00 0.00 0.00 0.00 0.00 23.16
1257 92.25 0.00 1.55 1.03 0.00 0.26 0.26 0.00 0.00 4.65
1258 98.21 0.00 1.28 0.00 0.00 0.26 0.00 0.00 0.00 0.26
1259 87.21 0.00 2.35 9.66 0.00 0.26 0.00 0.00 0.00 0.52
1260 74.54 0.00 2.62 21.26 0.00 0.26 0.26 0.00 0.00 1.05
1261 92.21 0.00 1.56 5.97 0.00 0.26 0.00 0.00 0.00 0.00
1262 98.98 0.00 0.77 0.00 0.00 0.00 0.00 0.00 0.00 0.26
1263 76.60 0.00 0.27 0.00 0.00 0.00 0.00 0.00 0.00 23.14
1264 42.67 0.00 1.03 4.88 0.00 0.00 0.26 0.00 0.00 51.16
1265 66.92 0.00 0.76 6.36 0.00 0.25 0.00 0.00 0.00 25.70
1266 81.89 0.00 1.79 3.32 0.00 0.26 0.00 0.00 0.00 12.76
1267 96.23 0.00 2.26 0.25 0.00 0.25 0.00 0.00 0.00 1.01
1268 87.08 0.00 1.81 9.30 0.00 0.26 0.00 0.00 0.00 1.55
1269 88.02 0.00 1.04 10.42 0.00 0.00 0.26 0.00 0.00 0.26
1270 93.88 0.00 1.53 4.34 0.00 0.00 0.00 0.00 0.00 0.26
1271 28.64 0.00 0.25 0.50 0.00 0.00 0.00 0.00 0.00 70.60
1272 25.00 0.00 0.25 1.25 0.00 0.00 0.00 0.00 0.00 73.50
1273 25.19 0.00 0.00 0.50 0.00 0.00 0.00 0.00 0.00 74.31
1274 25.06 0.00 0.00 1.00 0.00 0.00 0.00 0.00 0.00 73.93
1275 25.06 0.00 0.25 1.00 0.00 0.00 0.00 0.00 0.00 73.68
1276 83.85 0.00 1.82 1.56 0.00 0.52 0.26 0.00 0.00 11.98
1277 98.23 0.00 1.01 0.00 0.00 0.25 0.00 0.00 0.00 0.51
1278 86.96 0.00 0.77 1.79 0.00 0.00 0.00 0.00 0.00 10.49
1279 74.87 0.00 2.05 6.67 0.00 0.00 0.26 0.00 0.00 16.15
1280 73.20 0.00 2.84 19.33 0.00 0.26 0.26 0.00 0.00 4.12
1281 65.38 0.00 1.03 2.82 0.00 0.00 0.00 0.00 0.00 30.77
1282 25.00 0.00 0.51 13.64 0.00 0.00 0.00 0.00 0.00 60.86
1283 23.74 0.00 1.26 0.25 0.00 0.00 0.00 0.00 0.00 74.75
1284 24.06 0.00 1.25 0.50 0.00 0.00 0.25 0.00 0.00 73.93
1285 11.03 0.00 1.00 1.25 0.00 0.00 0.00 0.00 0.00 86.72
1286 0.25 0.00 0.00 0.76 0.00 0.00 0.00 0.00 0.00 98.99
1287 0.00 0.00 0.25 0.25 0.00 0.00 0.00 0.00 0.00 99.50
1288 0.00 0.00 0.25 1.26 0.00 0.00 0.00 0.00 0.00 98.49
1289 0.25 0.00 0.00 4.52 0.00 0.00 0.00 0.00 0.00 95.23
1290 0.00 0.00 0.00 1.26 0.00 0.00 0.00 0.00 0.00 98.74
1291 0.00 0.00 0.00 1.26 0.00 0.00 0.00 0.00 0.00 98.74
1292 0.00 0.00 0.25 16.12 0.00 0.00 0.25 0.00 0.00 83.38
1293 0.00 0.00 0.25 36.80 0.00 0.00 0.00 0.00 0.00 62.94
1294 0.00 0.00 0.25 27.71 0.00 0.00 0.00 0.00 0.00 72.04
1295 0.25 0.00 1.01 25.25 0.00 0.00 0.25 0.00 0.00 73.23
1296 0.51 0.00 1.28 41.33 0.00 0.00 0.00 0.00 0.00 56.89
1297 1.02 0.00 2.54 30.79 0.00 0.00 0.00 0.00 0.00 65.65
1298 17.15 0.00 0.53 73.09 0.00 0.00 0.53 0.00 0.00 8.71
1299 23.20 0.00 0.52 76.29 0.00 0.00 0.00 0.00 0.00 0.00
1300 7.93 0.00 1.02 90.79 0.00 0.00 0.26 0.00 0.00 0.00
1301 8.95 0.00 0.51 90.54 0.00 0.00 0.00 0.00 0.00 0.00
1302 9.21 0.00 1.02 84.65 0.00 0.26 0.51 0.00 0.00 4.35
1303 6.89 0.00 0.26 88.01 0.00 0.00 0.00 0.00 0.00 4.85
1304 18.91 0.00 1.30 79.53 0.00 0.26 0.00 0.00 0.00 0.00
1305 86.08 0.00 1.03 4.64 0.00 0.26 0.26 0.00 0.00 7.73
1306 72.63 0.00 2.56 21.99 0.00 0.26 0.26 0.00 0.00 2.30
1307 76.03 0.00 0.77 16.49 0.00 0.00 0.00 0.00 0.00 6.70
1308 85.26 0.00 0.79 8.68 0.00 0.26 0.26 0.00 0.00 4.74
1309 90.84 0.00 0.76 0.25 0.00 0.00 0.00 0.00 0.00 8.14
1310 31.90 0.00 0.00 10.38 0.00 0.00 0.00 0.00 0.00 57.72
1311 24.56 0.00 0.25 3.26 0.00 0.00 0.00 0.00 0.00 71.93
1312 25.06 0.00 0.00 4.30 0.00 0.00 0.00 0.00 0.00 70.63
1313 24.81 0.00 0.25 2.01 0.00 0.00 0.00 0.00 0.00 72.93
1314 5.04 0.00 0.25 27.46 0.00 0.00 0.00 0.00 0.00 67.25
1315 0.25 0.00 0.25 39.85 0.00 0.00 0.00 0.00 0.00 59.65
1316 0.25 0.00 0.25 39.85 0.00 0.00 0.25 0.00 0.00 59.40
1317 0.25 0.00 0.00 56.93 0.00 0.00 0.00 0.00 0.00 42.82
1318 0.00 0.00 0.00 72.98 0.00 0.00 0.00 0.00 0.00 27.02
1319 0.25 0.00 0.50 59.25 0.00 0.00 0.00 0.00 0.00 40.00
1320 0.25 0.00 0.00 53.92 0.00 0.00 0.00 0.00 0.00 45.82
1321 0.00 0.00 0.25 55.64 0.00 0.00 0.00 0.00 0.00 44.11
1322 1.28 0.00 0.26 64.36 0.00 0.00 0.26 0.00 0.00 33.85
1323 0.25 0.00 0.51 57.58 0.00 0.00 0.25 0.00 0.00 41.41
1324 0.00 0.00 0.25 37.03 0.00 0.00 0.25 0.00 0.00 62.47
1325 9.39 0.00 0.00 18.27 0.00 0.00 0.00 0.00 0.00 72.34
1326 25.06 0.00 0.00 2.01 0.00 0.00 0.25 0.00 0.00 72.68
1327 50.00 0.00 0.78 1.81 0.00 0.00 0.00 0.00 0.00 47.41
1328 96.61 0.00 1.04 1.82 0.00 0.26 0.26 0.00 0.00 0.00
1329 97.96 0.00 2.04 0.00 0.00 0.00 0.00 0.00 0.00 0.00
1330 96.13 0.00 1.03 2.58 0.00 0.00 0.00 0.00 0.00 0.26
1331 95.71 0.00 4.04 0.00 0.00 0.25 0.00 0.00 0.00 0.00
1332 59.55 0.00 2.51 34.92 0.00 0.00 0.00 0.00 0.00 3.02
1333 71.65 0.00 3.54 24.56 0.00 0.25 0.00 0.00 0.00 0.00
1334 76.17 0.00 2.33 20.98 0.00 0.26 0.00 0.00 0.00 0.26
1335 32.99 0.00 1.55 64.95 0.00 0.26 0.26 0.00 0.00 0.00
1336 52.85 0.00 2.07 44.56 0.00 0.52 0.00 0.00 0.00 0.00
1337 61.11 0.00 1.85 36.77 0.00 0.00 0.26 0.00 0.00 0.00
1338 77.14 0.00 1.56 19.74 0.00 0.26 0.00 0.00 0.00 1.30
1339 66.23 0.00 1.56 30.39 0.00 0.00 0.26 0.00 0.00 1.56
1340 96.21 0.00 1.01 2.27 0.00 0.25 0.25 0.00 0.00 0.00
1341 97.45 0.00 1.79 0.26 0.00 0.00 0.00 0.00 0.00 0.51
1342 95.14 0.00 2.81 1.02 0.00 0.26 0.00 0.00 0.00 0.77
1343 88.24 0.00 2.05 8.44 0.00 0.26 0.00 0.00 0.00 1.02
1344 76.84 0.00 0.51 8.65 0.00 0.00 0.00 0.00 0.00 13.99
1345 35.84 0.00 0.25 7.02 0.00 0.00 0.00 0.00 0.00 56.89
1346 32.49 0.00 0.76 3.55 0.00 0.00 0.00 0.00 0.00 63.20
1347 66.58 0.00 0.78 0.00 0.00 0.52 0.00 0.00 0.00 32.12
1348 53.16 0.00 0.76 0.51 0.00 0.00 0.00 0.00 0.00 45.57
1349 73.47 0.00 1.02 0.00 0.00 0.00 0.26 0.00 0.00 25.26
1350 98.47 0.00 0.77 0.51 0.00 0.00 0.00 0.00 0.00 0.26
1351 91.49 0.00 1.80 5.67 0.00 0.26 0.00 0.00 0.00 0.77
1352 83.73 0.00 1.60 13.33 0.00 0.53 0.27 0.00 0.00 0.53
1353 95.73 0.00 0.80 2.93 0.00 0.00 0.27 0.00 0.00 0.27
1354 99.49 0.00 0.25 0.00 0.00 0.00 0.00 0.00 0.00 0.25
1355 98.98 0.00 0.77 0.00 0.00 0.00 0.00 0.00 0.00 0.26
1356 74.18 0.00 0.25 5.82 0.00 0.00 0.00 0.00 0.00 19.75
1357 25.00 0.00 0.00 35.10 0.00 0.00 0.00 0.00 0.00 39.90
1358 24.62 0.00 0.25 36.18 0.00 0.25 0.00 0.00 0.00 38.69
1359 24.81 0.00 0.25 31.39 0.00 0.00 0.00 0.00 0.00 43.54
1360 24.81 0.00 0.25 31.39 0.00 0.00 0.00 0.00 0.00 43.54
1361 25.06 0.00 0.76 25.82 0.00 0.00 0.25 0.00 0.00 48.10
1362 51.01 0.00 1.52 3.03 0.00 0.00 0.00 0.00 0.00 44.44
1363 95.09 0.00 1.55 2.84 0.00 0.00 0.00 0.00 0.00 0.52
1364 92.86 0.00 3.02 2.20 0.00 0.27 0.27 0.00 0.00 1.37
1365 92.91 0.00 2.62 3.41 0.00 0.79 0.26 0.00 0.00 0.00
1366 95.89 0.00 3.08 0.26 0.00 0.51 0.00 0.00 0.00 0.26
1367 94.90 0.00 3.83 0.51 0.00 0.00 0.00 0.00 0.00 0.77
1368 97.16 0.00 2.07 0.00 0.00 0.26 0.00 0.00 0.00 0.52
1369 85.57 0.00 2.32 11.08 0.00 0.26 0.00 0.00 0.00 0.77
1370 55.32 0.00 1.56 41.82 0.00 0.00 0.26 0.00 0.00 1.04
1371 42.53 0.00 2.03 54.68 0.00 0.76 0.00 0.00 0.00 0.00
1372 28.32 0.00 1.02 70.15 0.00 0.00 0.00 0.00 0.00 0.51
1373 48.85 0.00 1.28 48.59 0.00 0.00 0.00 0.00 0.00 1.28
1374 62.18 0.00 1.55 35.49 0.00 0.26 0.26 0.00 0.00 0.26
1375 61.15 0.00 2.10 25.20 0.00 0.00 0.26 0.00 0.00 11.29
1376 76.68 0.00 1.55 15.80 0.00 0.52 0.00 0.00 0.00 5.44
1377 70.29 0.00 1.59 21.75 0.00 0.00 0.27 0.00 0.00 6.10
1378 71.54 0.00 0.77 19.23 0.00 0.26 0.00 0.00 0.00 8.21
1379 88.17 0.00 0.77 10.03 0.00 0.26 0.00 0.00 0.00 0.77
1380 98.70 0.00 0.52 0.00 0.00 0.52 0.00 0.00 0.00 0.26
1381 67.35 0.00 0.51 0.51 0.00 0.26 0.00 0.00 0.00 31.38
1382 24.94 0.00 0.50 10.33 0.00 0.00 0.00 0.00 0.00 64.23
1383 24.75 0.00 0.00 3.54 0.00 0.00 0.25 0.00 0.00 71.46
1384 25.00 0.00 0.25 3.00 0.00 0.00 0.25 0.00 0.00 71.50
1385 41.22 0.00 0.51 1.53 0.00 0.00 0.25 0.00 0.00 56.49
1386 87.17 0.00 1.34 9.89 0.00 0.53 0.00 0.00 0.00 1.07
1387 83.38 0.00 0.78 15.58 0.00 0.00 0.00 0.00 0.00 0.26
1388 89.61 0.00 0.52 9.35 0.00 0.26 0.26 0.00 0.00 0.00
1389 81.75 0.00 1.29 15.68 0.00 0.00 0.00 0.00 0.00 1.29
1390 68.01 0.00 1.26 8.06 0.00 0.00 0.00 0.00 0.00 22.67
1391 48.35 0.00 1.78 23.66 0.00 0.00 0.51 0.00 0.00 25.70
1392 49.62 0.00 2.28 17.72 0.00 0.25 0.00 0.00 0.00 30.13
1393 53.87 0.00 1.55 27.58 0.00 0.00 0.00 0.00 0.00 17.01
1394 68.48 0.00 2.07 26.10 0.00 0.26 0.00 0.00 0.00 3.10
1395 86.09 0.00 2.62 9.45 0.00 0.52 0.26 0.00 0.00 1.05
1396 97.70 0.00 1.02 0.00 0.00 0.26 0.00 0.00 0.00 1.02
1397 88.13 0.00 1.52 0.00 0.00 0.00 0.00 0.00 0.00 10.35
1398 70.33 0.00 3.84 0.26 0.00 0.00 0.26 0.00 0.00 25.32
1399 25.06 0.00 0.25 0.50 0.00 0.00 0.00 0.00 0.00 74.19
1400 25.13 0.00 0.00 1.26 0.00 0.00 0.00 0.00 0.00 73.62
1401 25.00 0.00 0.25 0.50 0.00 0.00 0.00 0.00 0.00 74.25
1402 24.94 0.00 0.00 1.26 0.00 0.00 0.00 0.00 0.00 73.80
1403 68.06 0.00 3.40 0.52 0.00 0.26 0.00 0.00 0.00 27.75
1404 98.97 0.00 0.77 0.26 0.00 0.00 0.00 0.00 0.00 0.00
1405 75.84 0.00 1.30 18.96 0.00 0.52 0.00 0.00 0.00 3.38
1406 55.84 0.00 1.04 40.78 0.00 0.00 0.26 0.00 0.00 2.08
1407 42.86 0.00 2.16 53.37 0.00 0.00 0.54 0.00 0.00 1.08
1408 40.57 0.00 1.29 57.88 0.00 0.00 0.26 0.00 0.00 0.00
1409 51.17 0.00 1.57 46.74 0.00 0.00 0.00 0.00 0.00 0.52
1410 86.89 0.00 2.57 9.00 0.00 0.51 0.00 0.00 0.00 1.03
1411 84.60 0.00 2.09 13.05 0.00 0.00 0.00 0.00 0.00 0.26
1412 96.73 0.00 1.91 0.82 0.00 0.00 0.00 0.00 0.00 0.54
1413 98.65 0.00 0.81 0.00 0.00 0.00 0.27 0.00 0.00 0.27
1414 87.79 0.00 1.02 1.53 0.00 0.00 0.00 0.00 0.00 9.67
1415 59.90 0.00 1.27 1.78 0.00 0.25 0.00 0.00 0.00 36.80
1416 72.59 0.00 1.78 14.47 0.00 0.00 0.00 0.00 0.00 11.17
1417 57.40 0.00 1.02 33.67 0.00 0.00 0.26 0.00 0.00 7.65
1418 78.17 0.00 0.51 11.68 0.00 0.00 0.00 0.00 0.00 9.64
1419 73.21 0.00 1.28 0.77 0.00 0.00 0.00 0.00 0.00 24.74
1420 80.87 0.00 1.28 0.00 0.00 0.00 0.00 0.00 0.00 17.86
1421 78.37 0.00 1.02 1.78 0.00 0.00 0.25 0.00 0.00 18.58
1422 41.52 0.00 0.00 2.28 0.00 0.00 0.00 0.00 0.00 56.20
1423 25.06 0.00 0.25 0.00 0.00 0.00 0.00 0.00 0.00 74.69
1424 24.87 0.00 0.25 1.26 0.00 0.00 0.00 0.00 0.00 73.62
1425 24.94 0.00 0.25 0.50 0.00 0.00 0.00 0.00 0.00 74.31
1426 25.06 0.00 0.25 1.00 0.00 0.00 0.00 0.00 0.00 73.68
1427 25.25 0.00 0.00 1.52 0.00 0.00 0.00 0.00 0.00 73.23
1428 74.18 0.00 1.52 0.00 0.00 0.00 0.25 0.00 0.00 24.05
1429 76.41 0.00 1.03 0.51 0.00 0.00 0.00 0.00 0.00 22.05
1430 70.36 0.00 1.03 1.03 0.00 0.00 0.00 0.00 0.00 27.58
1431 29.80 0.00 0.76 2.02 0.00 0.00 0.00 0.00 0.00 67.42
1432 24.25 0.00 1.00 1.75 0.00 0.00 0.00 0.00 0.00 73.00
1433 7.63 0.00 0.76 13.23 0.00 0.00 0.00 0.00 0.00 78.37
1434 7.93 0.00 1.02 89.77 0.00 0.00 0.26 0.00 0.00 1.02
1435 0.76 0.00 0.00 98.99 0.00 0.25 0.00 0.00 0.00 0.00
1436 7.27 0.00 1.30 91.43 0.00 0.00 0.00 0.00 0.00 0.00
1437 4.60 0.00 0.77 94.63 0.00 0.00 0.00 0.00 0.00 0.00
1438 8.14 0.00 0.51 91.09 0.00 0.00 0.25 0.00 0.00 0.00
1439 6.72 0.00 0.26 93.02 0.00 0.00 0.00 0.00 0.00 0.00
1440 6.98 0.00 0.78 91.99 0.00 0.00 0.26 0.00 0.00 0.00
1441 13.52 0.00 0.26 86.22 0.00 0.00 0.00 0.00 0.00 0.00
1442 68.36 0.00 0.80 30.03 0.00 0.54 0.27 0.00 0.00 0.00
1443 68.28 0.00 0.81 30.11 0.00 0.00 0.54 0.00 0.00 0.27
1444 43.27 0.00 1.58 50.92 0.00 0.00 0.26 0.00 0.00 3.96
1445 40.26 0.00 0.78 37.40 0.00 0.26 0.26 0.00 0.00 21.04
1446 79.90 0.00 0.77 11.34 0.00 0.26 0.26 0.00 0.00 7.47
1447 95.20 0.00 1.07 1.60 0.00 0.00 0.00 0.00 0.00 2.13
1448 94.68 0.00 0.51 0.76 0.00 0.00 0.00 0.00 0.00 4.05
1449 98.74 0.00 1.01 0.00 0.00 0.00 0.00 0.00 0.00 0.25
1450 98.47 0.00 1.53 0.00 0.00 0.00 0.00 0.00 0.00 0.00
1451 90.59 0.00 3.82 4.33 0.00 0.76 0.00 0.00 0.00 0.51
1452 83.51 0.00 2.32 10.31 0.00 0.26 0.00 0.00 0.00 3.61
1453 70.62 0.00 3.35 25.77 0.00 0.26 0.00 0.00 0.00 0.00
1454 66.41 0.00 1.54 29.49 0.00 0.00 0.00 0.00 0.00 2.56
1455 36.25 0.00 0.51 61.44 0.00 0.00 0.00 0.00 0.00 1.80
1456 63.71 0.00 1.31 31.59 0.00 0.52 0.26 0.00 0.00 2.61
1457 44.73 0.00 0.51 49.36 0.00 0.00 0.26 0.00 0.00 5.14
1458 44.04 0.00 0.26 55.44 0.00 0.26 0.00 0.00 0.00 0.00
1459 28.72 0.00 0.51 70.26 0.00 0.00 0.26 0.00 0.00 0.26
1460 29.74 0.00 0.51 69.49 0.00 0.26 0.00 0.00 0.00 0.00
1461 29.90 0.00 0.52 54.12 0.00 0.00 0.00 0.00 0.00 15.46
1462 5.82 0.00 0.51 69.62 0.00 0.00 0.00 0.00 0.00 24.05
1463 55.09 0.00 1.83 41.51 0.00 0.00 0.00 0.00 0.00 1.57
1464 85.04 0.00 1.57 11.02 0.00 0.00 0.26 0.00 0.00 2.10
1465 95.25 0.00 0.79 3.17 0.00 0.26 0.00 0.00 0.00 0.53
1466 97.69 0.00 1.03 1.03 0.00 0.00 0.00 0.00 0.00 0.26
1467 84.14 0.00 1.53 11.51 0.00 0.77 0.00 0.00 0.00 2.05
1468 77.81 0.00 2.04 19.90 0.00 0.00 0.00 0.00 0.00 0.26
1469 76.14 0.00 2.28 9.14 0.00 0.25 0.00 0.00 0.00 12.18
1470 80.87 0.00 1.79 16.84 0.00 0.26 0.00 0.00 0.00 0.26
1471 76.15 0.00 1.54 21.79 0.00 0.00 0.26 0.00 0.00 0.26
1472 66.49 0.00 0.82 32.15 0.00 0.00 0.54 0.00 0.00 0.00
1473 56.99 0.00 2.90 22.96 0.00 0.00 0.26 0.00 0.00 16.89
1474 25.19 0.00 0.00 10.83 0.00 0.00 0.00 0.00 0.00 63.98
1475 22.78 0.00 2.28 12.91 0.00 0.00 0.00 0.00 0.00 62.03
1476 24.87 0.00 0.76 30.71 0.00 0.00 0.00 0.00 0.00 43.65
1477 25.56 0.00 0.75 10.03 0.00 0.00 0.00 0.00 0.00 63.66
1478 24.81 0.00 0.25 4.01 0.00 0.00 0.00 0.00 0.00 70.93
1479 31.39 0.00 0.51 4.81 0.00 0.25 0.00 0.00 0.00 63.04
1480 96.40 0.00 2.83 0.26 0.00 0.00 0.00 0.00 0.00 0.51
1481 98.22 0.00 1.02 0.00 0.00 0.00 0.00 0.00 0.00 0.76
1482 85.42 0.00 1.28 9.97 0.00 0.00 0.26 0.00 0.00 3.07
1483 78.18 0.00 1.30 18.96 0.00 0.26 0.26 0.00 0.00 1.04
1484 77.63 0.00 2.06 19.54 0.00 0.26 0.00 0.00 0.00 0.51
1485 87.05 0.00 1.30 11.66 0.00 0.00 0.00 0.00 0.00 0.00
1486 86.41 0.00 1.03 11.54 0.00 0.51 0.26 0.00 0.00 0.26
1487 68.93 0.00 2.09 26.37 0.00 0.00 0.00 0.00 0.00 2.61
1488 57.18 0.00 2.31 30.26 0.00 0.00 0.26 0.00 0.00 10.00
1489 90.67 0.00 3.37 4.66 0.00 0.26 0.00 0.00 0.00 1.04
1490 83.90 0.00 1.82 12.47 0.00 0.78 0.00 0.00 0.00 1.04
1491 98.23 0.00 0.76 0.76 0.00 0.00 0.00 0.00 0.00 0.25
1492 98.23 0.00 1.01 0.00 0.00 0.25 0.00 0.00 0.00 0.51
1493 97.17 0.00 0.51 0.51 0.00 0.00 0.26 0.00 0.00 1.54
1494 41.27 0.00 0.25 3.04 0.00 0.00 0.00 0.00 0.00 55.44
1495 23.93 0.00 0.00 6.30 0.00 0.00 0.00 0.00 0.00 69.77
1496 24.56 0.00 0.25 7.85 0.00 0.00 0.00 0.00 0.00 67.34
1497 25.06 0.00 0.00 9.52 0.00 0.25 0.00 0.00 0.00 65.16
1498 48.72 0.00 0.77 25.64 0.00 0.00 0.00 0.00 0.00 24.87
1499 65.56 0.00 0.51 26.79 0.00 0.26 0.00 0.00 0.00 6.89
1500 38.08 0.00 1.81 58.81 0.00 0.00 0.00 0.00 0.00 1.30
1501 40.56 0.00 0.51 51.53 0.00 0.26 0.26 0.00 0.00 6.89
1502 42.45 0.00 1.04 56.25 0.00 0.00 0.26 0.00 0.00 0.00
1503 60.72 0.00 3.06 35.10 0.00 0.28 0.56 0.00 0.00 0.28
1504 93.21 0.00 3.39 2.61 0.00 0.52 0.00 0.00 0.00 0.26
1505 87.50 0.00 1.04 2.86 0.00 0.26 0.00 0.00 0.00 8.33
1506 88.80 0.00 1.78 0.76 0.00 0.51 0.00 0.00 0.00 8.14
1507 77.92 0.00 1.78 6.85 0.00 0.00 0.00 0.00 0.00 13.45
1508 82.28 0.00 1.27 8.61 0.00 0.25 0.00 0.00 0.00 7.59
1509 92.61 0.00 1.32 5.28 0.00 0.26 0.00 0.00 0.00 0.53
1510 84.99 0.00 1.78 11.70 0.00 0.00 0.25 0.00 0.00 1.27
1511 75.26 0.00 2.30 19.13 0.00 0.00 0.00 0.00 0.00 3.32
1512 55.95 0.00 0.00 3.29 0.00 0.00 0.00 0.00 0.00 40.76
1513 24.75 0.00 0.00 3.79 0.00 0.00 0.00 0.00 0.00 71.46
1514 24.62 0.00 0.00 0.50 0.00 0.00 0.00 0.00 0.00 74.87
1515 24.81 0.00 0.00 3.29 0.00 0.00 0.00 0.00 0.00 71.90
1516 24.69 0.00 0.50 2.02 0.00 0.00 0.00 0.00 0.00 72.80
1517 71.92 0.00 2.36 9.97 0.00 0.52 0.00 0.00 0.00 15.22
1518 92.45 0.00 1.04 5.47 0.00 0.00 0.26 0.00 0.00 0.78
1519 96.44 0.00 1.27 2.04 0.00 0.00 0.25 0.00 0.00 0.00
1520 97.65 0.00 1.57 0.00 0.00 0.26 0.00 0.00 0.00 0.52
1521 92.78 0.00 1.80 4.64 0.00 0.52 0.00 0.00 0.00 0.26
1522 81.75 0.00 2.06 15.42 0.00 0.51 0.00 0.00 0.00 0.26
1523 85.31 0.00 1.80 12.37 0.00 0.26 0.00 0.00 0.00 0.26
1524 81.28 0.00 2.05 10.51 0.00 0.00 0.00 0.00 0.00 6.15
1525 69.69 0.00 0.52 23.06 0.00 0.26 0.26 0.00 0.00 6.22
1526 21.83 0.00 0.51 44.16 0.00 0.00 0.00 0.00 0.00 33.50
1527 51.52 0.00 0.51 10.15 0.00 0.00 0.00 0.00 0.00 37.82
1528 24.75 0.00 0.00 0.25 0.00 0.00 0.00 0.00 0.00 75.00
1529 24.69 0.00 0.25 0.00 0.00 0.00 0.00 0.00 0.00 75.06
1530 24.18 0.00 0.25 0.00 0.00 0.00 0.00 0.00 0.00 75.57
1531 25.38 0.00 0.25 1.27 0.00 0.25 0.00 0.00 0.00 72.84
1532 88.92 0.00 1.66 6.09 0.00 0.00 0.83 0.00 0.00 2.49
1533 95.04 0.00 2.09 2.35 0.00 0.26 0.00 0.00 0.00 0.26
1534 89.74 0.00 0.77 8.97 0.00 0.26 0.00 0.00 0.00 0.26
1535 77.41 0.00 0.76 4.57 0.00 0.00 0.25 0.00 0.00 17.01
1536 50.00 0.00 0.26 34.36 0.00 0.00 0.00 0.00 0.00 15.38
1537 48.81 0.00 1.33 25.20 0.00 0.00 0.27 0.00 0.00 24.40
1538 50.76 0.00 2.28 15.74 0.00 0.25 0.25 0.00 0.00 30.71
1539 84.11 0.00 1.30 5.99 0.00 0.26 0.00 0.00 0.00 8.33
1540 90.03 0.00 1.02 6.14 0.00 0.00 0.00 0.00 0.00 2.81
1541 71.72 0.00 1.29 26.99 0.00 0.00 0.00 0.00 0.00 0.00
1542 68.22 0.00 0.52 30.75 0.00 0.00 0.00 0.00 0.00 0.52
1543 47.70 0.00 1.53 49.74 0.00 0.26 0.26 0.00 0.00 0.51
1544 59.53 0.00 0.52 34.46 0.00 0.00 0.26 0.00 0.00 5.22
1545 79.08 0.00 0.51 1.79 0.00 0.00 0.00 0.00 0.00 18.62
1546 74.24 0.00 2.53 2.02 0.00 0.00 0.00 0.00 0.00 21.21
1547 56.46 0.00 1.27 4.56 0.00 0.00 0.00 0.00 0.00 37.72
1548 39.04 0.00 0.50 2.27 0.00 0.00 0.00 0.00 0.00 58.19
1549 25.00 0.00 0.00 2.02 0.00 0.00 0.00 0.00 0.00 72.98
1550 25.19 0.00 0.00 2.27 0.00 0.00 0.00 0.00 0.00 72.54
1551 22.98 0.00 0.25 11.11 0.00 0.00 0.00 0.00 0.00 65.66
1552 24.62 0.00 1.26 4.27 0.00 0.00 0.00 0.00 0.00 69.85
1553 34.26 0.00 0.76 2.54 0.00 0.00 0.00 0.00 0.00 62.44
1554 16.29 0.00 0.75 7.77 0.00 0.00 0.25 0.00 0.00 74.94
1555 0.25 0.00 0.25 8.79 0.00 0.00 0.00 0.00 0.00 90.70
1556 0.25 0.00 0.25 41.96 0.00 0.25 0.00 0.00 0.00 57.29
1557 0.25 0.00 0.25 30.81 0.00 0.00 0.00 0.00 0.00 68.69
1558 0.00 0.00 0.25 4.55 0.00 0.00 0.00 0.00 0.00 95.20
1559 0.25 0.00 0.00 2.26 0.00 0.00 0.00 0.00 0.00 97.49
1560 0.00 0.00 0.00 3.27 0.00 0.00 0.00 0.00 0.00 96.73
1561 0.50 0.00 0.25 2.76 0.00 0.00 0.00 0.00 0.00 96.49
1562 0.00 0.00 0.50 8.02 0.00 0.00 0.25 0.00 0.00 91.23
1563 0.00 0.00 0.00 3.28 0.00 0.00 0.00 0.00 0.00 96.72
1564 0.25 0.00 0.00 3.02 0.00 0.00 0.00 0.00 0.00 96.73
1565 0.00 0.00 0.25 1.51 0.00 0.00 0.00 0.00 0.00 98.24
1566 0.25 0.00 0.00 3.01 0.00 0.00 0.00 0.00 0.00 96.74
1567 0.25 0.00 0.00 28.75 0.00 0.00 0.00 0.00 0.00 70.99
1568 0.25 0.00 0.25 15.37 0.00 0.00 0.00 0.00 0.00 84.13
1569 0.00 0.00 0.00 2.27 0.00 0.00 0.00 0.00 0.00 97.73
1570 0.50 0.00 0.25 16.50 0.00 0.00 0.00 0.00 0.00 82.75
1571 0.00 0.00 0.00 9.57 0.00 0.00 0.00 0.00 0.00 90.43
1572 0.25 0.00 0.25 3.74 0.00 0.00 0.25 0.00 0.00 95.51
1573 0.25 0.00 0.00 2.76 0.00 0.00 0.00 0.00 0.00 96.98
1574 0.00 0.00 0.00 3.02 0.00 0.00 0.00 0.00 0.00 96.98
1575 0.00 0.00 0.25 8.31 0.00 0.00 0.00 0.00 0.00 91.44
1576 0.51 0.00 0.25 30.96 0.00 0.00 0.00 0.00 0.00 68.27
1577 0.25 0.00 0.50 61.31 0.00 0.00 0.00 0.00 0.00 37.94
1578 0.25 0.00 0.25 70.99 0.00 0.00 0.00 0.00 0.00 28.50
1579 0.00 0.00 0.50 66.75 0.00 0.00 0.25 0.00 0.00 32.49
1580 0.51 0.00 0.25 59.34 0.00 0.00 0.00 0.00 0.00 39.90
1581 0.25 0.00 0.51 61.62 0.00 0.00 0.00 0.00 0.00 37.63
1582 6.57 0.00 0.51 30.30 0.00 0.00 0.00 0.00 0.00 62.63
1583 52.33 0.00 1.55 45.85 0.00 0.26 0.00 0.00 0.00 0.00
1584 69.59 0.00 1.29 21.91 0.00 0.77 0.26 0.00 0.00 6.19
1585 98.17 0.00 0.79 0.26 0.00 0.26 0.00 0.00 0.00 0.52
1586 85.32 0.00 0.51 8.10 0.00 0.25 0.00 0.00 0.00 5.82
1587 5.13 0.00 0.51 48.21 0.00 0.00 0.00 0.00 0.00 46.15
1588 1.01 0.00 0.00 44.84 0.00 0.25 0.25 0.00 0.00 53.65
1589 1.03 0.00 0.00 38.40 0.00 0.00 0.00 0.00 0.00 60.57
1590 23.83 0.00 0.78 33.68 0.00 0.00 0.00 0.00 0.00 41.71
1591 22.03 0.00 0.25 36.46 0.00 0.00 0.25 0.00 0.00 41.01
1592 2.56 0.00 0.51 69.49 0.00 0.00 0.51 0.00 0.00 26.92
1593 0.51 0.00 0.00 59.18 0.00 0.00 0.51 0.00 0.00 39.80
1594 3.62 0.00 0.52 58.91 0.00 0.00 0.26 0.00 0.00 36.69
1595 0.51 0.00 0.51 48.99 0.00 0.00 0.00 0.00 0.00 50.00
1596 0.51 0.00 1.52 53.03 0.00 0.25 0.00 0.00 0.00 44.70
1597 0.00 0.00 0.00 31.73 0.00 0.00 0.00 0.00 0.00 68.27
1598 0.50 0.00 0.50 38.54 0.00 0.00 0.00 0.00 0.00 60.45
1599 0.25 0.00 0.25 39.65 0.00 0.00 0.00 0.00 0.00 59.85
1600 0.76 0.00 0.50 47.86 0.00 0.25 0.00 0.00 0.00 50.63
1601 0.25 0.00 0.25 40.66 0.00 0.00 0.25 0.00 0.00 58.59
1602 0.51 0.00 0.00 42.28 0.00 0.00 0.00 0.00 0.00 57.22
1603 0.25 0.00 0.76 26.77 0.00 0.00 0.00 0.00 0.00 72.22
1604 0.51 0.00 0.76 70.20 0.00 0.00 0.00 0.00 0.00 28.54
1605 0.76 0.00 0.25 73.28 0.00 0.00 0.00 0.00 0.00 25.70
1606 1.79 0.00 1.02 59.69 0.00 0.00 0.26 0.00 0.00 37.24
1607 39.21 0.00 2.11 52.63 0.00 0.26 0.26 0.00 0.00 5.53
1608 58.27 0.00 3.15 28.87 0.00 0.52 0.26 0.00 0.00 8.92
1609 94.16 0.00 1.52 0.25 0.00 0.51 0.00 0.00 0.00 3.55
1610 94.87 0.00 0.51 3.33 0.00 0.00 0.00 0.00 0.00 1.28
1611 10.05 0.00 0.75 56.78 0.00 0.00 0.00 0.00 0.00 32.41
1612 0.25 0.00 0.50 71.36 0.00 0.00 0.00 0.00 0.00 27.89
1613 1.01 0.00 0.75 84.92 0.00 0.00 0.25 0.00 0.00 13.07
1614 0.25 0.00 0.25 74.56 0.00 0.00 0.00 0.00 0.00 24.94
1615 0.00 0.00 0.25 74.81 0.00 0.00 0.00 0.00 0.00 24.94
1616 0.25 0.00 0.25 76.38 0.00 0.00 0.25 0.00 0.00 22.86
1617 0.25 0.00 0.00 76.01 0.00 0.00 0.00 0.00 0.00 23.74
1618 0.00 0.00 0.25 79.75 0.00 0.00 0.25 0.00 0.00 19.75
1619 0.51 0.00 0.76 58.88 0.00 0.00 0.00 0.00 0.00 39.85
1620 0.76 0.00 0.51 47.47 0.00 0.25 0.00 0.00 0.00 51.01
1621 0.75 0.00 0.75 44.97 0.00 0.00 0.25 0.00 0.00 53.27
1622 0.76 0.00 0.25 56.31 0.00 0.00 0.25 0.00 0.00 42.42
1623 25.76 0.00 2.49 38.78 0.00 0.00 0.55 0.00 0.00 32.41
1624 76.68 0.00 1.61 17.69 0.00 0.54 0.27 0.00 0.00 3.22
1625 87.50 0.00 1.56 10.68 0.00 0.00 0.00 0.00 0.00 0.26
1626 89.29 0.00 0.77 1.53 0.00 0.26 0.00 0.00 0.00 8.16
1627 40.41 0.00 1.04 27.98 0.00 0.26 0.00 0.00 0.00 30.31
1628 27.88 0.00 0.77 27.37 0.00 0.00 0.26 0.00 0.00 43.73
1629 55.73 0.00 2.60 14.84 0.00 0.78 0.00 0.00 0.00 26.04
1630 69.79 0.00 3.91 12.76 0.00 0.26 0.00 0.00 0.00 13.28
1631 76.49 0.00 1.03 22.22 0.00 0.26 0.00 0.00 0.00 0.00
1632 47.31 0.00 1.28 48.08 0.00 0.51 0.51 0.00 0.00 2.30
1633 6.14 0.00 0.77 87.47 0.00 0.00 0.26 0.00 0.00 5.37
1634 25.71 0.00 0.26 49.10 0.00 0.00 0.00 0.00 0.00 24.94
1635 23.00 0.00 0.78 33.85 0.00 0.00 0.26 0.00 0.00 42.12
1636 10.77 0.00 1.03 32.31 0.00 0.00 0.00 0.00 0.00 55.90
1637 22.92 0.00 0.00 2.77 0.00 0.00 0.00 0.00 0.00 74.31
1638 23.62 0.00 0.50 4.27 0.00 0.00 0.00 0.00 0.00 71.61
1639 0.76 0.00 0.00 13.13 0.00 0.00 0.25 0.00 0.00 85.86
1640 0.25 0.00 0.51 24.24 0.00 0.00 0.00 0.00 0.00 75.00
1641 0.51 0.00 1.02 51.66 0.00 0.00 0.00 0.00 0.00 46.80
1642 0.51 0.00 1.02 85.79 0.00 0.00 0.25 0.00 0.00 12.44
1643 0.25 0.00 0.25 56.17 0.00 0.00 0.25 0.00 0.00 43.07
1644 0.76 0.00 4.55 31.31 0.00 0.25 0.00 0.00 0.00 63.13
1645 0.76 0.00 1.26 15.15 0.00 0.00 0.00 0.00 0.00 82.83
1646 0.00 0.00 0.25 5.01 0.00 0.00 0.00 0.00 0.00 94.74
1647 0.25 0.00 0.00 5.00 0.00 0.00 0.00 0.00 0.00 94.75
1648 0.00 0.00 0.00 14.39 0.00 0.00 0.00 0.00 0.00 85.61
1649 0.00 0.00 0.00 2.76 0.00 0.00 0.00 0.00 0.00 97.24
1650 0.25 0.00 0.00 2.00 0.00 0.00 0.00 0.00 0.00 97.75
1651 0.25 0.00 0.00 2.01 0.00 0.00 0.00 0.00 0.00 97.74
1652 0.00 0.00 0.25 2.53 0.00 0.00 0.00 0.00 0.00 97.22
1653 0.00 0.00 0.50 1.50 0.00 0.00 0.00 0.00 0.00 97.99
1654 0.25 0.00 0.25 2.50 0.00 0.00 0.00 0.00 0.00 97.00
1655 0.00 0.00 0.00 2.01 0.00 0.00 0.00 0.00 0.00 97.99
1656 0.25 0.00 0.00 2.51 0.00 0.00 0.00 0.00 0.00 97.24
1657 0.25 0.00 0.75 14.82 0.00 0.00 0.25 0.00 0.00 83.92
1658 0.00 0.00 0.25 2.00 0.00 0.00 0.00 0.00 0.00 97.75
1659 0.25 0.00 0.00 3.76 0.00 0.00 0.00 0.00 0.00 95.99
1660 0.00 0.00 0.00 8.29 0.00 0.00 0.00 0.00 0.00 91.71
1661 0.00 0.00 0.00 7.04 0.00 0.00 0.00 0.00 0.00 92.96
1662 0.00 0.00 0.00 4.77 0.00 0.00 0.00 0.00 0.00 95.23
1663 0.25 0.00 0.25 10.25 0.00 0.00 0.00 0.00 0.00 89.25
1664 0.00 0.00 0.25 9.52 0.00 0.00 0.00 0.00 0.00 90.23
1665 0.00 0.00 0.25 4.26 0.00 0.00 0.00 0.00 0.00 95.49
1666 0.50 0.00 0.00 9.55 0.00 0.00 0.00 0.00 0.00 89.95
1667 0.25 0.00 0.25 2.99 0.00 0.00 0.00 0.00 0.00 96.51
1668 0.00 0.00 0.00 1.26 0.00 0.00 0.00 0.00 0.00 98.74
1669 0.00 0.00 0.00 0.76 0.00 0.00 0.00 0.00 0.00 99.24
1670 0.00 0.00 0.75 1.25 0.00 0.00 0.00 0.00 0.00 98.00
1671 0.25 0.00 0.00 16.83 0.00 0.00 0.25 0.00 0.00 82.66
1672 0.25 0.00 0.25 1.75 0.00 0.00 0.00 0.00 0.00 97.74
1673 0.25 0.00 0.00 1.00 0.00 0.00 0.00 0.00 0.00 98.75
1674 0.00 0.00 0.25 0.50 0.00 0.00 0.00 0.00 0.00 99.25
1675 0.25 0.00 0.00 0.50 0.00 0.00 0.00 0.00 0.00 99.25
1676 0.00 0.00 0.25 2.01 0.00 0.00 0.00 0.00 0.00 97.74
1677 0.00 0.00 0.25 0.75 0.00 0.00 0.00 0.00 0.00 99.00
1678 0.25 0.00 0.00 0.75 0.00 0.00 0.00 0.00 0.00 99.00
1679 0.25 0.00 0.50 0.75 0.00 0.00 0.00 0.00 0.00 98.51
1680 0.00 0.00 0.00 0.50 0.00 0.00 0.00 0.00 0.00 99.50
1681 0.00 0.00 0.50 1.00 0.00 0.00 0.00 0.00 0.00 98.50
1682 0.25 0.00 0.00 0.50 0.00 0.00 0.00 0.00 0.00 99.24
1683 0.00 0.00 0.00 1.26 0.00 0.00 0.50 0.00 0.00 98.24
1684 0.00 0.00 0.00 1.01 0.00 0.00 0.00 0.00 0.00 98.99
1685 0.25 0.00 0.00 0.75 0.00 0.00 0.00 0.00 0.00 99.00
1686 0.00 0.00 0.50 0.50 0.00 0.00 0.00 0.00 0.00 99.00
1687 0.00 0.00 0.00 1.25 0.00 0.00 0.00 0.00 0.00 98.75
1688 0.25 0.00 0.50 6.55 0.00 0.00 0.00 0.00 0.00 92.70
1689 0.25 0.00 0.25 0.25 0.00 0.00 0.00 0.00 0.00 99.25
1690 0.00 0.00 0.25 1.25 0.00 0.00 0.00 0.00 0.00 98.50
1691 0.00 0.00 0.00 0.50 0.00 0.00 0.00 0.00 0.00 99.50
1692 0.00 0.00 0.25 0.75 0.00 0.00 0.00 0.00 0.00 99.00
1693 0.50 0.00 0.25 0.50 0.00 0.00 0.00 0.00 0.00 98.75
1694 0.00 0.00 0.00 1.25 0.00 0.00 0.00 0.00 0.00 98.75
1695 0.00 0.00 0.25 0.75 0.00 0.00 0.25 0.00 0.00 98.75
1696 0.25 0.00 0.25 0.75 0.00 0.00 0.00 0.00 0.00 98.75
1697 0.25 0.00 0.25 0.50 0.00 0.25 0.00 0.00 0.00 98.75
1698 0.25 0.00 0.00 0.75 0.00 0.00 0.00 0.00 0.00 99.00
1699 0.00 0.00 0.00 1.01 0.00 0.00 0.00 0.00 0.00 98.99
1700 0.00 0.00 0.25 0.75 0.00 0.00 0.00 0.00 0.00 99.00
1701 0.00 0.00 0.00 1.01 0.00 0.00 0.00 0.00 0.00 98.99
1702 0.00 0.00 0.25 1.25 0.00 0.00 0.00 0.00 0.00 98.50
1703 0.25 0.00 0.00 0.25 0.00 0.00 0.00 0.00 0.00 99.50
1704 0.00 0.00 0.25 0.75 0.00 0.00 0.00 0.00 0.00 98.99
1705 0.00 0.00 0.00 5.78 0.00 0.00 0.00 0.00 0.00 94.22
1706 0.00 0.00 0.00 0.75 0.00 0.00 0.00 0.00 0.00 99.25
1707 0.00 0.00 0.25 0.75 0.00 0.00 0.00 0.00 0.00 99.00
1708 0.25 0.00 0.00 1.51 0.00 0.00 0.00 0.00 0.00 98.24
1709 0.25 0.00 0.25 0.25 0.00 0.00 0.00 0.00 0.00 99.25
1710 0.25 0.00 0.00 1.00 0.00 0.00 0.00 0.00 0.00 98.75
1711 0.00 0.00 0.25 0.75 0.00 0.00 0.00 0.00 0.00 99.00
1712 0.25 0.00 0.25 2.26 0.00 0.00 0.00 0.00 0.00 97.24
1713 0.00 0.00 0.25 1.51 0.00 0.00 0.00 0.00 0.00 98.24
1714 0.25 0.00 0.00 1.25 0.00 0.00 0.00 0.00 0.00 98.50
1715 0.00 0.00 0.00 0.50 0.00 0.00 0.00 0.00 0.00 99.50
1716 0.00 0.00 0.50 2.01 0.00 0.00 0.25 0.00 0.00 97.24
1717 0.25 0.00 0.25 0.75 0.00 0.00 0.00 0.00 0.00 98.75
1718 0.25 0.00 0.25 1.25 0.00 0.00 0.00 0.00 0.00 98.25
1719 0.00 0.00 0.25 1.00 0.00 0.00 0.00 0.00 0.00 98.75
1720 0.50 0.00 0.00 1.25 0.00 0.00 0.00 0.00 0.00 98.25
1721 0.25 0.00 1.01 21.21 0.00 0.00 0.00 0.00 0.00 77.53
1722 2.01 0.00 1.01 23.37 0.00 0.00 0.00 0.00 0.00 73.62
1723 2.54 0.00 1.02 21.63 0.00 0.00 0.00 0.00 0.00 74.81
1724 1.75 0.00 2.50 16.75 0.00 0.00 0.00 0.00 0.00 79.00
1725 0.00 0.00 0.00 1.26 0.00 0.00 0.00 0.00 0.00 98.74
1726 0.25 0.00 0.00 1.01 0.00 0.00 0.00 0.00 0.00 98.74
1727 0.00 0.00 0.25 1.25 0.00 0.00 0.00 0.00 0.00 98.50
1728 0.00 0.00 0.00 0.50 0.00 0.00 0.00 0.00 0.00 99.50
1729 0.00 0.00 0.00 1.01 0.00 0.00 0.00 0.00 0.00 98.99
1730 4.81 0.00 4.30 4.30 0.00 0.00 0.25 0.00 0.00 86.33
