0 0.25 0.00 0.25 2.99 0.00 0.00 0.00 0.00 0.00 96.51
1 0.25 0.00 0.00 0.75 0.00 0.00 0.00 0.00 0.00 98.99
2 0.00 0.00 0.50 1.25 0.00 0.00 0.00 0.00 0.00 98.25
3 0.25 0.00 0.00 0.75 0.00 0.00 0.00 0.00 0.00 99.00
4 0.00 0.00 0.50 2.75 0.00 0.00 0.25 0.00 0.00 96.50
5 0.75 0.00 1.00 1.00 0.00 0.00 0.00 0.00 0.00 97.24
6 3.53 0.00 3.53 2.02 0.00 0.00 0.00 0.00 0.00 90.93
7 0.25 0.00 0.25 2.00 0.00 0.00 0.00 0.00 0.00 97.50
8 0.00 0.00 0.25 1.00 0.00 0.00 0.00 0.00 0.00 98.75
9 0.00 0.00 0.25 11.81 0.00 0.00 0.00 0.00 0.00 87.94
10 0.50 0.00 0.00 27.14 0.00 0.00 0.00 0.00 0.00 72.36
11 0.76 0.00 0.25 36.52 0.00 0.00 0.00 0.00 0.00 62.47
12 0.25 0.00 0.50 32.49 0.00 0.00 0.00 0.00 0.00 66.75
13 2.27 0.00 0.25 23.99 0.00 0.00 0.00 0.00 0.00 73.48
14 1.51 0.00 0.75 25.88 0.00 0.00 0.00 0.00 0.00 71.86
15 6.25 0.00 0.50 21.25 0.00 0.00 0.00 0.00 0.00 72.00
16 2.76 0.00 0.50 24.31 0.00 0.00 0.00 0.00 0.00 72.43
17 2.53 0.00 0.76 23.74 0.00 0.00 0.00 0.00 0.00 72.98
18 0.50 0.00 0.50 24.18 0.00 0.25 0.00 0.00 0.00 74.56
19 2.26 0.00 0.25 23.87 0.00 0.00 0.00 0.00 0.00 73.62
20 5.79 0.00 0.76 20.91 0.00 0.00 0.00 0.00 0.00 72.54
21 7.71 0.00 0.51 19.79 0.00 0.00 0.00 0.00 0.00 71.98
22 4.81 0.00 0.76 23.04 0.00 0.00 0.00 0.00 0.00 71.39
23 7.97 0.00 0.51 21.08 0.00 0.00 0.00 0.00 0.00 70.44
24 12.56 0.00 1.26 20.85 0.00 0.00 0.00 0.00 0.00 65.33
25 6.55 0.00 0.76 21.66 0.00 0.00 0.00 0.00 0.00 71.03
26 7.59 0.00 1.77 16.20 0.00 0.00 0.00 0.00 0.00 74.43
27 11.17 0.00 2.28 16.75 0.00 0.00 0.00 0.00 0.00 69.80
28 8.06 0.00 2.52 17.13 0.00 0.00 0.00 0.00 0.00 72.29
29 15.01 0.00 5.63 28.69 0.00 1.07 0.00 0.00 0.00 49.60
30 2.54 0.00 4.33 40.97 0.00 0.25 0.25 0.00 0.00 51.65
31 2.08 0.00 4.69 44.27 0.00 0.00 0.00 0.00 0.00 48.96
32 1.75 0.00 0.50 45.36 0.00 0.00 0.00 0.00 0.00 52.38
33 4.77 0.00 0.50 27.89 0.00 0.00 0.00 0.00 0.00 66.83
34 5.76 0.00 1.25 36.59 0.00 0.00 0.00 0.00 0.00 56.39
35 1.51 0.00 1.26 29.97 0.00 0.00 0.00 0.00 0.00 67.25
36 2.52 0.00 0.25 30.73 0.00 0.00 0.00 0.00 0.00 66.50
37 13.77 0.00 4.42 23.64 0.00 0.00 0.00 0.00 0.00 58.18
38 1.51 0.00 1.01 31.23 0.00 0.00 0.00 0.00 0.00 66.25
39 0.76 0.00 0.25 29.47 0.00 0.00 0.00 0.00 0.00 69.52
40 1.26 0.00 0.25 28.97 0.00 0.00 0.00 0.00 0.00 69.52
41 3.03 0.00 1.77 22.22 0.00 0.00 0.00 0.00 0.00 72.98
42 11.28 0.00 1.54 18.72 0.00 0.00 0.00 0.00 0.00 68.46
43 70.05 0.00 8.88 7.87 0.00 0.00 0.00 0.00 0.00 13.20
44 77.24 0.00 21.23 0.00 0.00 0.26 0.00 0.00 0.00 1.28
45 89.31 0.00 8.14 1.27 0.00 0.00 0.00 0.00 0.00 1.27
46 82.62 0.00 15.37 0.25 0.00 0.00 0.00 0.00 0.00 1.76
47 95.09 0.00 3.88 0.00 0.00 0.26 0.00 0.00 0.00 0.78
48 84.00 0.00 12.00 0.29 0.00 0.00 0.00 0.00 0.00 3.71
49 90.66 0.00 8.08 0.25 0.00 0.25 0.00 0.00 0.00 0.76
50 88.80 0.00 7.63 0.76 0.00 0.00 0.25 0.00 0.00 2.54
51 87.82 0.00 10.10 0.26 0.00 0.00 0.00 0.00 0.00 1.81
52 90.36 0.00 7.87 0.00 0.00 0.25 0.00 0.00 0.00 1.52
53 91.09 0.00 7.38 0.51 0.00 0.00 0.00 0.00 0.00 1.02
54 93.09 0.00 4.86 0.00 0.00 0.00 0.00 0.00 0.00 2.05
55 99.75 0.00 0.25 0.00 0.00 0.00 0.00 0.00 0.00 0.00
56 100.00 0.00 0.00 0.00 0.00 0.00 0.00 0.00 0.00 0.00
57 99.75 0.00 0.25 0.00 0.00 0.00 0.00 0.00 0.00 0.00
58 99.75 0.00 0.25 0.00 0.00 0.00 0.00 0.00 0.00 0.00
59 99.75 0.00 0.25 0.00 0.00 0.00 0.00 0.00 0.00 0.00
60 99.75 0.00 0.25 0.00 0.00 0.00 0.00 0.00 0.00 0.00
61 93.20 0.00 1.51 4.28 0.00 0.00 0.00 0.00 0.00 1.01
62 91.09 0.00 8.65 0.25 0.00 0.00 0.00 0.00 0.00 0.00
63 95.92 0.00 3.06 0.00 0.00 0.00 0.00 0.00 0.00 1.02
64 95.91 0.00 3.58 0.00 0.00 0.00 0.00 0.00 0.00 0.51
65 93.35 0.00 6.39 0.00 0.00 0.00 0.00 0.00 0.00 0.26
66 96.05 0.00 3.29 0.00 0.00 0.00 0.66 0.00 0.00 0.00
67 47.59 0.00 2.11 18.98 0.00 0.00 0.30 0.00 0.00 31.02
68 5.03 0.00 0.50 30.15 0.00 0.00 0.00 0.00 0.00 64.32
69 65.31 0.00 11.22 6.12 0.00 0.00 0.26 0.00 0.00 17.09
70 7.30 0.00 0.25 26.45 0.00 0.00 0.00 0.00 0.00 65.99
71 36.34 0.00 9.27 13.28 0.00 0.00 0.00 0.00 0.00 41.10
72 53.93 0.00 8.67 4.07 0.00 0.27 0.00 0.00 0.00 33.06
73 5.68 0.00 0.00 3.47 0.00 0.00 0.32 0.00 0.00 90.54
74 85.83 0.00 1.57 1.05 0.00 0.00 0.00 0.00 0.00 11.55
75 96.67 0.00 1.28 0.00 0.00 0.00 0.00 0.00 0.00 2.05
76 97.41 0.00 1.81 0.00 0.00 0.00 0.00 0.00 0.00 0.78
77 97.72 0.00 1.52 0.51 0.00 0.00 0.00 0.00 0.00 0.25
78 96.19 0.00 2.54 0.00 0.00 0.25 0.00 0.00 0.00 1.02
79 96.94 0.00 1.79 0.77 0.00 0.00 0.00 0.00 0.00 0.51
80 97.09 0.00 1.85 0.00 0.00 0.00 0.00 0.00 0.00 1.06
81 98.23 0.00 0.25 0.00 0.00 0.00 0.00 0.00 0.00 1.52
82 97.74 0.00 0.75 0.00 0.00 0.25 0.00 0.00 0.00 1.26
83 100.00 0.00 0.00 0.00 0.00 0.00 0.00 0.00 0.00 0.00
84 99.02 0.00 0.65 0.00 0.00 0.00 0.33 0.00 0.00 0.00
85 99.70 0.00 0.00 0.00 0.00 0.00 0.00 0.00 0.00 0.30
86 99.42 0.00 0.29 0.00 0.00 0.00 0.00 0.00 0.00 0.29
87 100.00 0.00 0.00 0.00 0.00 0.00 0.00 0.00 0.00 0.00
88 99.75 0.00 0.25 0.00 0.00 0.00 0.00 0.00 0.00 0.00
89 98.74 0.00 0.76 0.25 0.00 0.00 0.00 0.00 0.00 0.25
90 97.75 0.00 1.97 0.28 0.00 0.00 0.00 0.00 0.00 0.00
91 97.22 0.00 2.03 0.25 0.00 0.00 0.00 0.00 0.00 0.51
92 96.20 0.00 3.54 0.00 0.00 0.25 0.00 0.00 0.00 0.00
93 96.48 0.00 3.27 0.00 0.00 0.00 0.00 0.00 0.00 0.25
94 92.88 0.00 2.04 4.33 0.00 0.00 0.25 0.00 0.00 0.51
95 85.35 0.00 2.83 10.80 0.00 0.00 0.00 0.00 0.00 1.03
96 60.57 0.00 0.77 19.59 0.00 0.26 0.00 0.00 0.00 18.81
97 68.43 0.00 7.07 13.13 0.00 0.00 0.00 0.00 0.00 11.36
98 25.56 0.00 0.50 36.59 0.00 0.00 0.00 0.00 0.00 37.34
99 82.03 0.00 1.77 5.32 0.00 0.25 0.00 0.00 0.00 10.63
100 96.84 0.00 1.84 1.05 0.00 0.00 0.00 0.00 0.00 0.26
101 81.36 0.00 1.01 13.85 0.00 0.00 0.00 0.00 0.00 3.78
102 97.30 0.00 1.50 0.60 0.00 0.30 0.00 0.00 0.00 0.30
103 98.85 0.00 1.15 0.00 0.00 0.00 0.00 0.00 0.00 0.00
104 96.00 0.00 1.23 0.31 0.00 0.00 0.00 0.00 0.00 2.46
105 98.08 0.00 0.82 0.00 0.00 0.00 0.00 0.00 0.00 1.10
106 98.73 0.00 0.76 0.00 0.00 0.00 0.25 0.00 0.00 0.25
107 99.23 0.00 0.77 0.00 0.00 0.00 0.00 0.00 0.00 0.00
108 99.11 0.00 0.89 0.00 0.00 0.00 0.00 0.00 0.00 0.00
109 99.40 0.00 0.60 0.00 0.00 0.00 0.00 0.00 0.00 0.00
110 99.15 0.00 0.56 0.00 0.00 0.00 0.28 0.00 0.00 0.00
111 99.75 0.00 0.25 0.00 0.00 0.00 0.00 0.00 0.00 0.00
112 98.74 0.00 1.26 0.00 0.00 0.00 0.00 0.00 0.00 0.00
113 97.95 0.00 1.53 0.51 0.00 0.00 0.00 0.00 0.00 0.00
114 93.61 0.00 2.30 0.00 0.00 0.00 0.00 0.00 0.00 4.09
115 96.67 0.00 3.08 0.00 0.00 0.00 0.26 0.00 0.00 0.00
116 97.36 0.00 2.64 0.00 0.00 0.00 0.00 0.00 0.00 0.00
117 91.82 0.00 1.79 0.00 0.00 0.00 0.00 0.00 0.00 6.39
118 70.91 0.00 3.03 0.61 0.00 0.00 0.00 0.00 0.00 25.45
119 55.50 0.00 1.57 2.62 0.00 0.00 0.00 0.00 0.00 40.31
120 14.11 0.00 0.76 16.12 0.00 0.00 0.00 0.00 0.00 69.02
121 0.00 0.00 0.00 12.56 0.00 0.00 0.00 0.00 0.00 87.44
122 0.00 0.00 0.25 16.33 0.00 0.00 0.00 0.00 0.00 83.42
123 0.00 0.00 0.00 8.06 0.00 0.00 0.25 0.00 0.00 91.69
124 0.25 0.00 0.00 6.55 0.00 0.00 0.00 0.00 0.00 93.20
125 0.00 0.00 0.00 2.51 0.00 0.00 0.00 0.00 0.00 97.49
126 0.00 0.00 0.25 2.51 0.00 0.00 0.00 0.00 0.00 97.24
127 0.50 0.00 0.25 1.75 0.00 0.00 0.00 0.00 0.00 97.50
128 0.00 0.00 0.25 3.77 0.00 0.00 0.00 0.00 0.00 95.98
129 0.25 0.00 0.25 1.50 0.00 0.00 0.00 0.00 0.00 97.99
130 0.25 0.00 0.25 11.03 0.00 0.00 0.00 0.00 0.00 88.47
131 0.00 0.00 0.25 9.05 0.00 0.00 0.00 0.00 0.00 90.70
132 0.75 0.00 0.50 8.73 0.00 0.00 0.00 0.00 0.00 90.02
133 0.25 0.00 0.00 7.79 0.00 0.00 0.00 0.00 0.00 91.96
134 0.00 0.00 0.00 13.57 0.00 0.00 0.00 0.00 0.00 86.43
135 0.50 0.00 0.25 16.33 0.00 0.00 0.00 0.00 0.00 82.91
136 5.63 0.00 2.30 29.92 0.00 0.00 0.00 0.00 0.00 62.15
137 69.87 0.00 3.80 17.22 0.00 0.51 0.00 0.00 0.00 8.61
138 46.85 0.00 0.55 52.33 0.00 0.27 0.00 0.00 0.00 0.00
139 86.15 0.00 1.11 11.91 0.00 0.83 0.00 0.00 0.00 0.00
140 61.96 0.00 2.72 35.05 0.00 0.00 0.00 0.00 0.00 0.27
141 11.90 0.00 1.52 67.09 0.00 0.25 0.00 0.00 0.00 19.24
142 24.81 0.00 2.33 69.77 0.00 0.26 0.26 0.00 0.00 2.58
143 72.91 0.00 9.11 16.71 0.00 0.51 0.00 0.00 0.00 0.76
144 71.47 0.00 16.97 6.68 0.00 0.00 0.00 0.00 0.00 4.88
145 5.08 0.00 0.27 46.52 0.00 0.00 0.00 0.00 0.00 48.13
146 0.00 0.00 0.25 52.76 0.00 0.00 0.00 0.00 0.00 46.98
147 0.50 0.00 0.50 65.66 0.00 0.00 0.00 0.00 0.00 33.33
148 1.00 0.00 0.25 48.87 0.00 0.00 0.00 0.00 0.00 49.87
149 0.25 0.00 0.25 53.40 0.00 0.00 0.00 0.00 0.00 46.10
150 4.63 0.00 0.54 34.06 0.00 0.00 0.00 0.00 0.00 60.76
151 14.11 0.00 0.50 15.87 0.00 0.00 0.00 0.00 0.00 69.52
152 24.87 0.00 0.25 10.30 0.00 0.00 0.00 0.00 0.00 64.57
153 24.75 0.00 0.75 10.75 0.00 0.00 0.00 0.00 0.00 63.75
154 90.34 0.00 1.04 3.92 0.00 0.52 0.26 0.00 0.00 3.92
155 96.91 0.00 0.56 2.25 0.00 0.00 0.00 0.00 0.00 0.28
156 99.49 0.00 0.51 0.00 0.00 0.00 0.00 0.00 0.00 0.00
157 97.22 0.00 1.52 1.26 0.00 0.00 0.00 0.00 0.00 0.00
158 86.90 0.00 0.76 1.26 0.00 0.25 0.00 0.00 0.00 10.83
159 91.88 0.00 0.76 7.36 0.00 0.00 0.00 0.00 0.00 0.00
160 97.44 0.00 0.77 1.03 0.00 0.26 0.00 0.00 0.00 0.51
161 75.91 0.00 0.84 14.29 0.00 0.00 0.00 0.00 0.00 8.96
162 79.58 0.00 3.66 15.18 0.00 0.00 0.26 0.00 0.00 1.31
163 95.28 0.00 4.17 0.28 0.00 0.00 0.00 0.00 0.00 0.28
164 28.74 0.00 0.57 17.82 0.00 0.00 0.29 0.00 0.00 52.59
165 8.31 0.00 0.00 6.15 0.00 0.00 0.00 0.00 0.00 85.54
166 13.58 0.00 0.00 11.27 0.00 0.00 0.00 0.00 0.00 75.14
167 11.68 0.00 0.27 19.84 0.00 0.00 0.00 0.00 0.00 68.21
168 2.59 0.00 0.00 35.63 0.00 0.00 0.00 0.00 0.00 61.78
169 35.15 0.00 0.54 8.45 0.00 0.00 0.00 0.00 0.00 55.86
170 87.11 0.00 7.22 5.67 0.00 0.00 0.00 0.00 0.00 0.00
171 57.68 0.00 4.85 36.12 0.00 0.00 0.27 0.00 0.00 1.08
172 31.25 0.00 1.63 67.12 0.00 0.00 0.00 0.00 0.00 0.00
173 18.41 0.00 1.02 80.31 0.00 0.26 0.00 0.00 0.00 0.00
174 9.33 0.00 1.55 88.60 0.00 0.00 0.00 0.00 0.00 0.52
175 0.25 0.00 0.50 62.22 0.00 0.00 0.00 0.00 0.00 37.03
176 0.25 0.00 0.50 61.81 0.00 0.00 0.00 0.00 0.00 37.44
177 0.25 0.00 0.50 68.42 0.00 0.00 0.00 0.00 0.00 30.83
178 0.25 0.00 0.25 89.17 0.00 0.00 0.00 0.00 0.00 10.33
179 0.25 0.00 0.25 85.35 0.00 0.00 0.00 0.00 0.00 14.14
180 0.00 0.00 0.25 97.24 0.00 0.00 0.00 0.00 0.00 2.51
181 0.25 0.00 0.25 73.79 0.00 0.00 0.00 0.00 0.00 25.70
182 0.25 0.00 0.50 94.97 0.00 0.00 0.00 0.00 0.00 4.27
183 0.00 0.00 0.00 100.00 0.00 0.00 0.00 0.00 0.00 0.00
184 0.75 0.00 1.00 95.26 0.00 0.00 0.00 0.00 0.00 2.99
185 0.25 0.00 1.00 98.75 0.00 0.00 0.00 0.00 0.00 0.00
186 0.50 0.00 1.00 98.50 0.00 0.00 0.00 0.00 0.00 0.00
187 0.50 0.00 0.25 99.25 0.00 0.00 0.00 0.00 0.00 0.00
188 0.25 0.00 0.50 99.25 0.00 0.00 0.00 0.00 0.00 0.00
189 0.00 0.00 0.51 99.49 0.00 0.00 0.00 0.00 0.00 0.00
190 0.50 0.00 0.50 95.74 0.00 0.00 0.00 0.00 0.00 3.26
191 0.00 0.00 0.25 99.50 0.00 0.00 0.25 0.00 0.00 0.00
192 0.51 0.00 0.51 98.99 0.00 0.00 0.00 0.00 0.00 0.00
193 0.25 0.00 1.01 97.24 0.00 0.00 0.00 0.00 0.00 1.51
194 0.51 0.00 0.25 99.24 0.00 0.00 0.00 0.00 0.00 0.00
195 0.00 0.00 0.51 99.49 0.00 0.00 0.00 0.00 0.00 0.00
196 0.25 0.00 0.75 78.89 0.00 0.00 0.00 0.00 0.00 20.10
197 0.25 0.00 0.50 74.12 0.00 0.00 0.00 0.00 0.00 25.13
198 0.25 0.00 0.25 79.04 0.00 0.00 0.00 0.00 0.00 20.45
199 0.25 0.00 0.75 84.67 0.00 0.25 0.00 0.00 0.00 14.07
200 0.50 0.00 1.24 74.38 0.00 0.00 0.00 0.00 0.00 23.88
201 0.25 0.00 0.25 97.73 0.00 0.00 0.00 0.00 0.00 1.77
202 0.00 0.00 1.00 99.00 0.00 0.00 0.00 0.00 0.00 0.00
203 0.25 0.00 0.50 86.50 0.00 0.00 0.00 0.00 0.00 12.75
204 0.00 0.00 0.50 79.40 0.00 0.00 0.00 0.00 0.00 20.10
205 0.25 0.00 0.50 74.44 0.00 0.00 0.00 0.00 0.00 24.81
206 0.25 0.00 0.00 77.33 0.00 0.00 0.00 0.00 0.00 22.42
207 0.00 0.00 0.00 74.75 0.00 0.00 0.00 0.00 0.00 25.25
208 6.62 0.00 1.27 85.75 0.00 0.00 0.00 0.00 0.00 6.36
209 56.89 0.00 1.28 39.29 0.00 0.51 0.00 0.00 0.00 2.04
210 41.04 0.00 2.08 52.47 0.00 0.00 0.00 0.00 0.00 4.42
211 73.41 0.00 1.11 24.38 0.00 0.55 0.00 0.00 0.00 0.55
212 62.37 0.00 0.51 13.89 0.00 0.25 0.00 0.00 0.00 22.98
213 7.17 0.00 0.93 43.30 0.00 0.00 0.31 0.00 0.00 48.29
214 26.10 0.00 1.69 30.17 0.00 0.34 0.68 0.00 0.00 41.02
215 77.47 0.00 0.82 11.81 0.00 0.00 0.00 0.00 0.00 9.89
216 81.87 0.00 1.30 14.25 0.00 0.52 0.26 0.00 0.00 1.81
217 90.05 0.00 0.79 9.16 0.00 0.00 0.00 0.00 0.00 0.00
218 98.49 0.00 1.01 0.00 0.00 0.25 0.00 0.00 0.00 0.25
219 96.20 0.00 0.51 0.25 0.00 0.25 0.00 0.00 0.00 2.78
220 87.79 0.00 0.78 8.83 0.00 0.00 0.00 0.00 0.00 2.60
221 94.05 0.00 1.08 4.86 0.00 0.00 0.00 0.00 0.00 0.00
222 69.92 0.00 2.17 17.07 0.00 0.00 0.00 0.00 0.00 10.84
223 94.04 0.00 2.19 3.13 0.00 0.00 0.31 0.00 0.00 0.31
224 33.24 0.00 0.81 58.92 0.00 0.27 0.00 0.00 0.00 6.76
225 17.80 0.00 0.52 62.83 0.00 0.00 0.00 0.00 0.00 18.85
226 79.53 0.00 2.10 11.81 0.00 0.00 0.00 0.00 0.00 6.56
227 8.31 0.00 1.01 90.68 0.00 0.00 0.00 0.00 0.00 0.00
228 58.36 0.00 2.93 38.42 0.00 0.00 0.29 0.00 0.00 0.00
229 35.37 0.00 2.13 62.50 0.00 0.00 0.00 0.00 0.00 0.00
230 36.06 0.00 2.56 61.38 0.00 0.00 0.00 0.00 0.00 0.00
231 13.71 0.00 1.71 84.29 0.00 0.00 0.29 0.00 0.00 0.00
232 8.29 0.00 1.51 89.95 0.00 0.25 0.00 0.00 0.00 0.00
233 0.76 0.00 1.01 98.23 0.00 0.00 0.00 0.00 0.00 0.00
234 0.51 0.00 1.52 97.98 0.00 0.00 0.00 0.00 0.00 0.00
235 0.25 0.00 1.01 98.74 0.00 0.00 0.00 0.00 0.00 0.00
236 0.50 0.00 0.75 98.74 0.00 0.00 0.00 0.00 0.00 0.00
237 0.00 0.00 0.76 88.64 0.00 0.00 0.00 0.00 0.00 10.61
238 0.25 0.00 0.50 99.24 0.00 0.00 0.00 0.00 0.00 0.00
239 0.00 0.00 0.51 99.49 0.00 0.00 0.00 0.00 0.00 0.00
240 0.00 0.00 0.50 99.50 0.00 0.00 0.00 0.00 0.00 0.00
241 0.00 0.00 0.50 97.73 0.00 0.00 0.00 0.00 0.00 1.76
242 0.50 0.00 0.50 99.00 0.00 0.00 0.00 0.00 0.00 0.00
243 0.00 0.00 0.25 99.49 0.00 0.25 0.00 0.00 0.00 0.00
244 0.50 0.00 0.50 98.74 0.00 0.00 0.25 0.00 0.00 0.00
245 0.25 0.00 0.76 98.99 0.00 0.00 0.00 0.00 0.00 0.00
246 0.25 0.00 0.51 99.24 0.00 0.00 0.00 0.00 0.00 0.00
247 40.12 0.00 0.00 42.44 0.00 0.00 0.00 0.00 0.00 17.44
248 8.09 0.00 0.81 52.02 0.00 0.00 0.00 0.00 0.00 39.08
249 3.81 0.00 0.76 70.05 0.00 0.25 0.00 0.00 0.00 25.13
250 5.50 0.00 1.05 67.80 0.00 0.00 0.00 0.00 0.00 25.65
251 11.46 0.00 1.30 61.20 0.00 0.00 0.26 0.00 0.00 25.78
252 34.55 0.00 2.34 48.83 0.00 0.00 0.00 0.00 0.00 14.29
253 46.69 0.00 0.83 52.49 0.00 0.00 0.00 0.00 0.00 0.00
254 19.57 0.00 0.61 79.82 0.00 0.00 0.00 0.00 0.00 0.00
255 69.01 0.00 0.29 21.64 0.00 0.29 0.29 0.00 0.00 8.48
256 62.80 0.00 1.19 17.86 0.00 0.30 0.00 0.00 0.00 17.86
257 38.27 0.00 1.23 55.56 0.00 0.31 0.00 0.00 0.00 4.63
258 60.11 0.00 1.99 19.66 0.00 0.00 0.00 0.00 0.00 18.23
259 33.55 0.00 2.28 32.25 0.00 0.00 0.00 0.00 0.00 31.92
260 36.12 0.00 1.79 44.78 0.00 0.00 0.00 0.00 0.00 17.31
261 36.36 0.00 1.70 32.10 0.00 0.00 0.00 0.00 0.00 29.83
262 7.67 0.00 1.23 42.64 0.00 0.00 0.31 0.00 0.00 48.16
263 6.77 0.00 2.34 30.21 0.00 0.26 0.00 0.00 0.00 60.42
264 0.25 0.00 0.25 47.10 0.00 0.00 0.00 0.00 0.00 52.39
265 0.25 0.00 0.50 42.75 0.00 0.00 0.00 0.00 0.00 56.50
266 0.25 0.00 0.75 59.25 0.00 0.00 0.00 0.00 0.00 39.75
267 0.25 0.00 1.01 41.41 0.00 0.00 0.00 0.00 0.00 57.32
268 0.00 0.00 0.00 24.75 0.00 0.00 0.00 0.00 0.00 75.25
269 0.00 0.00 0.00 36.59 0.00 0.00 0.00 0.00 0.00 63.41
270 0.25 0.00 0.25 26.43 0.00 0.00 0.00 0.00 0.00 73.07
271 0.00 0.00 0.00 24.75 0.00 0.00 0.00 0.00 0.00 75.25
272 0.50 0.00 0.50 27.75 0.00 0.00 0.00 0.00 0.00 71.25
273 0.75 0.00 0.50 36.68 0.00 0.00 0.00 0.00 0.00 62.06
274 1.00 0.00 0.50 72.93 0.00 0.00 0.00 0.00 0.00 25.56
275 0.76 0.00 0.51 52.66 0.00 0.00 0.00 0.00 0.00 46.08
276 1.27 0.00 0.25 48.73 0.00 0.00 0.25 0.00 0.00 49.49
277 34.89 0.00 1.37 50.55 0.00 0.00 0.00 0.00 0.00 13.19
278 68.56 0.00 1.80 23.20 0.00 0.52 0.00 0.00 0.00 5.93
279 87.76 0.00 1.79 8.67 0.00 0.26 0.00 0.00 0.00 1.53
280 85.97 0.00 1.02 10.97 0.00 0.26 0.00 0.00 0.00 1.79
281 98.75 0.00 0.50 0.25 0.00 0.25 0.00 0.00 0.00 0.25
282 67.26 0.00 0.25 4.31 0.00 0.00 0.00 0.00 0.00 28.17
283 92.51 0.00 0.26 0.78 0.00 0.26 0.00 0.00 0.00 6.20
284 93.17 0.00 0.27 3.01 0.00 0.00 0.00 0.00 0.00 3.55
285 98.30 0.00 0.28 0.00 0.00 0.00 0.28 0.00 0.00 1.13
286 99.49 0.00 0.00 0.00 0.00 0.00 0.00 0.00 0.00 0.51
287 98.74 0.00 0.25 0.00 0.00 0.00 0.00 0.00 0.00 1.01
288 98.99 0.00 0.76 0.00 0.00 0.00 0.00 0.00 0.00 0.25
289 96.47 0.00 3.02 0.00 0.00 0.25 0.00 0.00 0.00 0.25
290 97.00 0.00 2.70 0.00 0.00 0.30 0.00 0.00 0.00 0.00
291 92.97 0.00 4.17 2.34 0.00 0.00 0.00 0.00 0.00 0.52
292 62.60 0.00 0.76 6.36 0.00 0.00 0.00 0.00 0.00 30.28
293 24.81 0.00 0.25 7.02 0.00 0.00 0.00 0.00 0.00 67.92
294 24.81 0.00 0.25 6.77 0.00 0.00 0.00 0.00 0.00 68.17
295 25.06 0.00 0.00 6.77 0.00 0.00 0.00 0.00 0.00 68.17
296 34.60 0.00 1.01 3.79 0.00 0.00 0.00 0.00 0.00 60.61
297 80.46 0.00 1.78 10.15 0.00 0.51 0.00 0.00 0.00 7.11
298 92.20 0.00 1.39 3.06 0.00 0.00 0.28 0.00 0.00 3.06
299 90.30 0.00 4.58 0.00 0.00 0.54 0.00 0.00 0.00 4.58
300 88.13 0.00 0.00 0.00 0.00 0.00 0.00 0.00 0.00 11.87
301 21.21 0.00 0.25 4.80 0.00 0.00 0.00 0.00 0.00 73.74
302 89.77 0.00 0.77 0.26 0.00 0.00 0.00 0.00 0.00 9.21
303 97.19 0.00 0.77 0.00 0.00 0.26 0.00 0.00 0.00 1.79
304 99.23 0.00 0.26 0.00 0.00 0.00 0.00 0.00 0.00 0.51
305 97.98 0.00 0.76 0.00 0.00 0.00 0.00 0.00 0.00 1.26
306 97.22 0.00 2.02 0.76 0.00 0.00 0.00 0.00 0.00 0.00
307 87.31 0.00 1.78 10.66 0.00 0.00 0.00 0.00 0.00 0.25
308 99.22 0.00 0.26 0.26 0.00 0.00 0.26 0.00 0.00 0.00
309 98.31 0.00 1.41 0.00 0.00 0.00 0.28 0.00 0.00 0.00
310 97.02 0.00 1.90 0.27 0.00 0.00 0.00 0.00 0.00 0.81
311 88.92 0.00 3.02 5.04 0.00 0.00 0.00 0.00 0.00 3.02
312 88.72 0.00 2.56 2.82 0.00 0.00 0.00 0.00 0.00 5.90
313 96.22 0.00 3.02 0.25 0.00 0.00 0.00 0.00 0.00 0.50
314 96.49 0.00 3.26 0.00 0.00 0.00 0.00 0.00 0.00 0.25
315 95.71 0.00 3.03 1.26 0.00 0.00 0.00 0.00 0.00 0.00
316 96.96 0.00 2.53 0.25 0.00 0.00 0.00 0.00 0.00 0.25
317 94.94 0.00 2.53 2.03 0.00 0.00 0.00 0.00 0.00 0.51
318 76.74 0.00 3.88 14.47 0.00 0.26 0.26 0.00 0.00 4.39
319 96.01 0.00 1.42 1.71 0.00 0.28 0.00 0.00 0.00 0.57
320 78.48 0.00 0.95 16.46 0.00 0.00 0.00 0.00 0.00 4.11
321 38.80 0.00 0.00 46.88 0.00 0.26 0.00 0.00 0.00 14.06
322 32.99 0.00 0.76 24.87 0.00 0.00 0.25 0.00 0.00 41.12
323 73.04 0.00 0.52 11.52 0.00 0.26 0.00 0.00 0.00 14.66
324 96.88 0.00 0.78 0.00 0.00 0.52 0.00 0.00 0.00 1.82
325 5.40 0.00 0.00 2.22 0.00 0.00 0.00 0.00 0.00 92.38
326 4.75 0.00 0.32 2.85 0.00 0.00 0.32 0.00 0.00 91.77
327 13.91 0.00 0.00 5.22 0.00 0.00 0.29 0.00 0.00 80.58
328 24.87 0.00 0.25 2.01 0.00 0.00 0.00 0.00 0.00 72.86
329 28.54 0.00 0.00 1.26 0.00 0.25 0.00 0.00 0.00 69.95
330 89.51 0.00 0.77 5.12 0.00 0.00 0.00 0.00 0.00 4.60
331 84.60 0.00 1.52 2.78 0.00 0.51 0.00 0.00 0.00 10.61
332 96.19 0.00 1.52 0.00 0.00 0.51 0.00 0.00 0.00 1.78
333 89.59 0.00 0.76 0.76 0.00 0.00 0.00 0.00 0.00 8.88
334 77.95 0.00 1.28 4.62 0.00 0.26 0.00 0.00 0.00 15.90
335 25.00 0.00 0.25 1.50 0.00 0.00 0.00 0.00 0.00 73.25
336 24.94 0.00 0.00 3.27 0.00 0.00 0.00 0.00 0.00 71.79
337 23.72 0.00 0.00 10.46 0.00 0.00 0.00 0.00 0.00 65.82
338 25.06 0.00 0.00 16.29 0.00 0.00 0.00 0.00 0.00 58.65
339 78.12 0.00 2.54 6.11 0.00 0.25 0.00 0.00 0.00 12.98
340 67.48 0.00 2.76 29.45 0.00 0.31 0.00 0.00 0.00 0.00
341 70.89 0.00 2.22 14.87 0.00 0.00 0.32 0.00 0.00 11.71
342 96.53 0.00 2.40 0.00 0.00 0.00 0.00 0.00 0.00 1.07
343 97.46 0.00 2.29 0.00 0.00 0.00 0.00 0.00 0.00 0.25
344 97.47 0.00 1.77 0.00 0.00 0.00 0.00 0.00 0.00 0.76
345 95.93 0.00 2.29 0.25 0.00 0.00 0.00 0.00 0.00 1.53
346 94.44 0.00 2.53 0.00 0.00 0.25 0.00 0.00 0.00 2.78
347 25.25 0.00 0.00 3.25 0.00 0.00 0.00 0.00 0.00 71.50
348 17.68 0.00 0.00 1.93 0.00 0.00 0.00 0.00 0.00 80.39
349 24.94 0.00 0.00 2.77 0.00 0.00 0.00 0.00 0.00 72.29
350 25.25 0.00 0.00 1.25 0.00 0.00 0.00 0.00 0.00 73.50
351 82.75 0.00 1.62 1.35 0.00 0.27 0.00 0.00 0.00 14.02
352 95.64 0.00 2.18 0.27 0.00 0.00 0.00 0.00 0.00 1.91
353 95.97 0.00 1.88 1.34 0.00 0.27 0.27 0.00 0.00 0.27
354 97.96 0.00 0.77 0.00 0.00 0.00 0.00 0.00 0.00 1.28
355 67.25 0.00 0.50 1.01 0.00 0.00 0.00 0.00 0.00 31.23
356 25.00 0.00 0.00 9.60 0.00 0.00 0.00 0.00 0.00 65.40
357 18.08 0.00 0.27 14.79 0.00 0.00 0.00 0.00 0.00 66.85
358 7.74 0.00 0.31 5.26 0.00 0.00 0.31 0.00 0.00 86.38
359 10.51 0.00 0.00 5.11 0.00 0.00 0.00 0.00 0.00 84.38
360 69.03 0.00 0.52 4.46 0.00 0.00 0.26 0.00 0.00 25.72
361 50.89 0.00 0.51 7.09 0.00 0.00 0.00 0.00 0.00 41.52
362 50.00 0.00 1.27 0.76 0.00 0.00 0.00 0.00 0.00 47.97
363 53.02 0.00 2.01 2.76 0.00 0.50 0.25 0.00 0.00 41.46
364 75.38 0.00 2.82 10.51 0.00 0.77 0.00 0.00 0.00 10.51
365 25.00 0.00 0.25 3.25 0.00 0.00 0.00 0.00 0.00 71.50
366 25.06 0.00 0.25 1.00 0.00 0.00 0.00 0.00 0.00 73.68
367 18.68 0.00 0.00 1.37 0.00 0.00 0.00 0.00 0.00 79.95
368 40.87 0.00 0.82 11.72 0.00 1.09 0.00 0.00 0.00 45.50
369 75.95 0.00 0.76 1.52 0.00 0.25 0.00 0.00 0.00 21.52
370 78.99 0.00 0.25 0.76 0.00 0.00 0.00 0.00 0.00 20.00
371 54.41 0.00 0.25 0.76 0.00 0.00 0.00 0.00 0.00 44.58
372 60.65 0.00 0.50 12.53 0.00 0.00 0.00 0.00 0.00 26.32
373 59.45 0.00 0.00 0.00 0.00 0.25 0.00 0.00 0.00 40.30
374 79.19 0.00 0.51 0.25 0.00 0.00 0.00 0.00 0.00 20.05
375 76.65 0.00 1.27 0.76 0.00 0.00 0.00 0.00 0.00 21.32
376 85.35 0.00 1.01 0.51 0.00 0.00 0.00 0.00 0.00 13.13
377 52.89 0.00 1.05 1.05 0.00 0.00 0.00 0.00 0.00 45.00
378 30.90 0.00 0.25 0.25 0.00 0.00 0.25 0.00 0.00 68.34
379 24.30 0.00 0.25 0.00 0.00 0.00 0.00 0.00 0.00 75.44
380 40.11 0.00 0.29 0.86 0.00 0.00 0.00 0.00 0.00 58.74
381 23.74 0.00 1.77 2.27 0.00 0.00 0.00 0.00 0.00 72.22
382 14.58 0.00 0.26 0.77 0.00 0.00 0.00 0.00 0.00 84.40
383 0.25 0.00 0.25 0.75 0.00 0.00 0.00 0.00 0.00 98.75
384 0.00 0.00 0.50 2.26 0.00 0.00 0.00 0.00 0.00 97.24
385 0.00 0.00 0.00 4.28 0.00 0.00 0.00 0.00 0.00 95.72
386 0.00 0.00 0.25 6.50 0.00 0.00 0.00 0.00 0.00 93.25
387 0.25 0.00 0.25 2.01 0.00 0.00 0.00 0.00 0.00 97.49
388 0.00 0.00 0.25 1.01 0.00 0.00 0.00 0.00 0.00 98.74
389 0.25 0.00 0.00 2.51 0.00 0.00 0.00 0.00 0.00 97.24
390 0.00 0.00 0.50 1.00 0.00 0.00 0.00 0.00 0.00 98.50
391 0.25 0.00 0.25 2.01 0.00 0.00 0.00 0.00 0.00 97.49
392 0.25 0.00 0.25 1.25 0.00 0.00 0.00 0.00 0.00 98.25
393 0.00 0.00 0.50 1.75 0.00 0.00 0.00 0.00 0.00 97.74
394 0.50 0.00 0.25 1.50 0.00 0.00 0.00 0.00 0.00 97.75
395 3.27 0.00 1.26 32.75 0.00 0.00 0.00 0.00 0.00 62.72
396 10.91 0.00 0.76 88.07 0.00 0.25 0.00 0.00 0.00 0.00
397 3.54 0.00 0.76 95.71 0.00 0.00 0.00 0.00 0.00 0.00
398 7.38 0.00 0.76 91.86 0.00 0.00 0.00 0.00 0.00 0.00
399 10.88 0.00 0.78 83.16 0.00 0.26 0.00 0.00 0.00 4.92
400 58.51 0.00 2.32 38.14 0.00 0.26 0.26 0.00 0.00 0.52
401 98.99 0.00 0.50 0.00 0.00 0.00 0.00 0.00 0.00 0.50
402 98.99 0.00 0.25 0.25 0.00 0.00 0.00 0.00 0.00 0.50
403 98.75 0.00 0.25 0.00 0.00 0.00 0.00 0.00 0.00 1.00
404 99.75 0.00 0.25 0.00 0.00 0.00 0.00 0.00 0.00 0.00
405 97.49 0.00 2.01 0.25 0.00 0.00 0.00 0.00 0.00 0.25
406 94.99 0.00 4.51 0.00 0.00 0.00 0.00 0.00 0.00 0.50
407 97.97 0.00 0.51 1.27 0.00 0.00 0.00 0.00 0.00 0.25
408 98.48 0.00 0.51 0.00 0.00 0.25 0.00 0.00 0.00 0.76
409 97.49 0.00 2.01 0.50 0.00 0.00 0.00 0.00 0.00 0.00
410 97.22 0.00 2.03 0.00 0.00 0.25 0.00 0.00 0.00 0.51
411 58.76 0.00 1.29 37.63 0.00 0.00 0.00 0.00 0.00 2.32
412 13.38 0.00 0.25 72.22 0.00 0.00 0.00 0.00 0.00 14.14
413 18.37 0.00 1.02 75.26 0.00 0.00 0.00 0.00 0.00 5.36
414 49.49 0.00 1.28 48.97 0.00 0.00 0.00 0.00 0.00 0.26
415 24.05 0.00 0.76 74.94 0.00 0.00 0.25 0.00 0.00 0.00
416 17.86 0.00 1.53 80.61 0.00 0.00 0.00 0.00 0.00 0.00
417 19.11 0.00 1.05 79.84 0.00 0.00 0.00 0.00 0.00 0.00
418 12.63 0.00 0.76 86.62 0.00 0.00 0.00 0.00 0.00 0.00
419 17.02 0.00 0.80 70.48 0.00 0.00 0.00 0.00 0.00 11.70
420 5.51 0.00 0.50 93.98 0.00 0.00 0.00 0.00 0.00 0.00
421 71.74 0.00 1.90 26.36 0.00 0.00 0.00 0.00 0.00 0.00
422 63.95 0.00 2.63 32.89 0.00 0.00 0.26 0.00 0.00 0.26
423 36.15 0.00 2.37 54.35 0.00 0.00 0.00 0.00 0.00 7.12
424 51.60 0.00 2.39 45.48 0.00 0.00 0.27 0.00 0.00 0.27
425 84.56 0.00 2.28 11.39 0.00 0.00 0.25 0.00 0.00 1.52
426 93.40 0.00 2.54 2.79 0.00 0.00 0.00 0.00 0.00 1.27
427 64.87 0.00 1.03 29.49 0.00 0.26 0.00 0.00 0.00 4.36
428 84.01 0.00 1.02 14.21 0.00 0.25 0.00 0.00 0.00 0.51
429 89.78 0.00 0.54 9.14 0.00 0.00 0.00 0.00 0.00 0.54
430 81.52 0.00 0.88 17.30 0.00 0.00 0.29 0.00 0.00 0.00
431 82.12 0.00 0.84 17.04 0.00 0.00 0.00 0.00 0.00 0.00
432 81.48 0.00 0.26 17.46 0.00 0.26 0.00 0.00 0.00 0.53
433 97.75 0.00 0.50 1.00 0.00 0.25 0.00 0.00 0.00 0.50
434 98.99 0.00 0.51 0.00 0.00 0.00 0.00 0.00 0.00 0.51
435 45.11 0.00 2.45 4.62 0.00 0.00 0.27 0.00 0.00 47.55
436 14.77 0.00 0.28 0.85 0.00 0.00 0.00 0.00 0.00 84.09
437 18.16 0.00 1.63 4.34 0.00 0.00 0.00 0.00 0.00 75.88
438 24.87 0.00 0.00 4.27 0.00 0.00 0.00 0.00 0.00 70.85
439 24.94 0.00 0.25 3.02 0.00 0.00 0.00 0.00 0.00 71.79
440 24.94 0.00 0.25 3.27 0.00 0.00 0.00 0.00 0.00 71.54
441 82.99 0.00 1.02 1.78 0.00 0.25 0.00 0.00 0.00 13.96
442 95.47 0.00 0.76 1.26 0.00 0.76 0.00 0.00 0.00 1.76
443 76.52 0.00 1.52 16.92 0.00 0.25 0.00 0.00 0.00 4.80
444 73.72 0.00 1.79 12.50 0.00 0.26 0.00 0.00 0.00 11.73
445 77.00 0.00 2.58 6.20 0.00 0.00 0.00 0.00 0.00 14.21
446 83.69 0.00 2.42 6.04 0.00 0.30 0.30 0.00 0.00 7.25
447 96.45 0.00 2.54 0.00 0.00 0.00 0.00 0.00 0.00 1.02
448 95.47 0.00 1.26 0.00 0.00 0.00 0.00 0.00 0.00 3.27
449 48.48 0.00 0.25 3.79 0.00 0.00 0.00 0.00 0.00 47.47
450 25.00 0.00 0.00 7.00 0.00 0.00 0.00 0.00 0.00 68.00
451 24.81 0.00 0.25 0.50 0.00 0.00 0.00 0.00 0.00 74.44
452 25.75 0.00 0.50 2.75 0.00 0.00 0.00 0.00 0.00 71.00
453 90.24 0.00 1.85 6.33 0.00 0.26 0.00 0.00 0.00 1.32
454 97.19 0.00 2.05 0.26 0.00 0.00 0.00 0.00 0.00 0.51
455 86.60 0.00 3.35 7.47 0.00 0.52 0.00 0.00 0.00 2.06
456 92.33 0.00 3.58 2.81 0.00 0.26 0.00 0.00 0.00 1.02
457 94.70 0.00 3.54 1.26 0.00 0.00 0.00 0.00 0.00 0.51
458 74.16 0.00 2.58 19.12 0.00 0.00 0.26 0.00 0.00 3.88
459 64.54 0.00 1.53 32.40 0.00 0.26 0.00 0.00 0.00 1.28
460 72.78 0.00 0.83 26.11 0.00 0.00 0.00 0.00 0.00 0.28
461 58.08 0.00 0.76 41.16 0.00 0.00 0.00 0.00 0.00 0.00
462 63.71 0.00 1.88 34.14 0.00 0.00 0.27 0.00 0.00 0.00
463 38.99 0.00 1.77 40.00 0.00 0.00 0.00 0.00 0.00 19.24
464 70.35 0.00 2.43 7.82 0.00 0.54 0.00 0.00 0.00 18.87
465 81.04 0.00 2.60 2.34 0.00 0.52 0.00 0.00 0.00 13.51
466 74.80 0.00 2.89 10.50 0.00 0.52 0.00 0.00 0.00 11.29
467 74.62 0.00 0.51 18.02 0.00 0.25 0.00 0.00 0.00 6.60
468 75.00 0.00 0.27 3.72 0.00 0.27 0.00 0.00 0.00 20.74
469 75.00 0.00 0.76 6.57 0.00 0.00 0.00 0.00 0.00 17.68
470 82.62 0.00 1.51 5.29 0.00 0.25 0.00 0.00 0.00 10.33
471 90.00 0.00 0.81 7.30 0.00 0.54 0.00 0.00 0.00 1.35
472 97.87 0.00 0.27 1.60 0.00 0.00 0.00 0.00 0.00 0.27
473 98.49 0.00 0.50 0.75 0.00 0.00 0.00 0.00 0.00 0.25
474 80.15 0.00 0.00 15.58 0.00 0.00 0.00 0.00 0.00 4.27
475 22.57 0.00 0.29 0.57 0.00 0.00 0.00 0.00 0.00 76.57
476 6.52 0.00 0.00 0.62 0.00 0.00 0.62 0.00 0.00 92.24
477 15.82 0.00 0.00 0.28 0.00 0.00 0.00 0.00 0.00 83.90
478 19.79 0.00 0.27 0.53 0.00 0.00 0.27 0.00 0.00 79.14
479 24.49 0.00 0.25 2.02 0.00 0.00 0.00 0.00 0.00 73.23
480 43.65 0.00 1.32 8.20 0.00 0.26 0.00 0.00 0.00 46.56
481 88.61 0.00 2.53 3.04 0.00 0.51 0.00 0.00 0.00 5.32
482 97.48 0.00 1.76 0.00 0.00 0.00 0.00 0.00 0.00 0.76
483 94.67 0.00 2.79 1.02 0.00 0.00 0.00 0.00 0.00 1.52
484 85.71 0.00 1.53 11.73 0.00 0.26 0.00 0.00 0.00 0.77
485 87.12 0.00 1.52 11.11 0.00 0.00 0.00 0.00 0.00 0.25
486 89.82 0.00 2.29 1.53 0.00 0.25 0.00 0.00 0.00 6.11
487 72.40 0.00 3.65 11.72 0.00 0.00 0.00 0.00 0.00 12.24
488 92.91 0.00 1.77 1.77 0.00 0.25 0.00 0.00 0.00 3.29
489 77.41 0.00 1.02 3.05 0.00 0.00 0.00 0.00 0.00 18.53
490 80.00 0.00 1.52 0.76 0.00 0.00 0.00 0.00 0.00 17.72
491 51.66 0.00 1.53 9.21 0.00 0.26 0.00 0.00 0.00 37.34
492 71.65 0.00 2.03 10.63 0.00 0.25 0.00 0.00 0.00 15.44
493 68.61 0.00 5.82 7.09 0.00 0.25 0.00 0.00 0.00 18.23
494 76.26 0.00 1.26 2.27 0.00 0.00 0.00 0.00 0.00 20.20
495 35.70 0.00 0.51 9.37 0.00 0.00 0.00 0.00 0.00 54.43
496 21.28 0.00 0.77 4.36 0.00 0.00 0.26 0.00 0.00 73.33
497 48.08 0.00 0.77 8.70 0.00 0.00 0.00 0.00 0.00 42.46
498 25.38 0.00 0.00 5.28 0.00 0.00 0.00 0.00 0.00 69.35
499 15.06 0.00 0.00 8.81 0.00 0.00 0.28 0.00 0.00 75.85
500 11.44 0.00 0.59 5.57 0.00 0.00 0.29 0.00 0.00 82.11
501 12.87 0.00 0.00 10.23 0.00 0.00 0.00 0.00 0.00 76.90
502 59.34 0.00 1.53 9.21 0.00 0.26 0.00 0.00 0.00 29.67
503 64.90 0.00 0.51 17.93 0.00 0.25 0.00 0.00 0.00 16.41
504 68.29 0.00 0.51 7.93 0.00 0.00 0.00 0.00 0.00 23.27
505 58.23 0.00 1.01 20.51 0.00 0.00 0.00 0.00 0.00 20.25
506 79.04 0.00 0.25 1.77 0.00 0.00 0.00 0.00 0.00 18.94
507 44.00 0.00 0.75 3.50 0.00 0.00 0.00 0.00 0.00 51.75
508 46.29 0.00 1.28 3.07 0.00 0.00 0.00 0.00 0.00 49.36
509 70.05 0.00 0.78 0.26 0.00 0.00 0.26 0.00 0.00 28.65
510 61.54 0.00 0.80 5.04 0.00 0.00 0.00 0.00 0.00 32.63
511 50.00 0.00 0.25 2.26 0.00 0.00 0.00 0.00 0.00 47.49
512 49.87 0.00 0.25 1.27 0.00 0.00 0.00 0.00 0.00 48.61
513 49.49 0.00 0.25 5.05 0.00 0.00 0.00 0.00 0.00 45.20
514 48.35 0.00 1.78 4.58 0.00 0.00 0.00 0.00 0.00 45.29
515 48.22 0.00 1.78 5.84 0.00 0.25 0.25 0.00 0.00 43.65
516 45.71 0.00 1.26 6.06 0.00 0.00 0.00 0.00 0.00 46.97
517 0.25 0.00 0.00 3.27 0.00 0.00 0.00 0.00 0.00 96.48
518 0.25 0.00 0.25 3.51 0.00 0.00 0.00 0.00 0.00 95.99
519 0.25 0.00 1.51 20.91 0.00 0.00 0.00 0.00 0.00 77.33
520 0.25 0.00 0.00 4.01 0.00 0.00 0.00 0.00 0.00 95.74
521 1.78 0.00 0.25 47.72 0.00 0.25 0.00 0.00 0.00 50.00
522 5.57 0.00 0.51 93.67 0.00 0.25 0.00 0.00 0.00 0.00
523 5.82 0.00 1.01 93.16 0.00 0.00 0.00 0.00 0.00 0.00
524 2.81 0.00 0.77 96.16 0.00 0.26 0.00 0.00 0.00 0.00
525 7.58 0.00 1.01 91.41 0.00 0.00 0.00 0.00 0.00 0.00
526 4.29 0.00 1.26 94.44 0.00 0.00 0.00 0.00 0.00 0.00
527 8.91 0.00 0.25 90.84 0.00 0.00 0.00 0.00 0.00 0.00
528 12.24 0.00 1.02 86.73 0.00 0.00 0.00 0.00 0.00 0.00
529 75.44 0.00 1.77 22.03 0.00 0.51 0.00 0.00 0.00 0.25
530 97.89 0.00 1.06 0.53 0.00 0.26 0.00 0.00 0.00 0.26
531 99.20 0.00 0.27 0.00 0.00 0.00 0.27 0.00 0.00 0.27
532 97.96 0.00 0.51 0.00 0.00 0.00 0.00 0.00 0.00 1.53
533 99.25 0.00 0.50 0.25 0.00 0.00 0.00 0.00 0.00 0.00
534 98.99 0.00 1.01 0.00 0.00 0.00 0.00 0.00 0.00 0.00
535 97.24 0.00 2.51 0.00 0.00 0.00 0.00 0.00 0.00 0.25
536 96.54 0.00 3.19 0.00 0.00 0.00 0.00 0.00 0.00 0.27
537 98.03 0.00 1.97 0.00 0.00 0.00 0.00 0.00 0.00 0.00
538 73.25 0.00 0.91 25.84 0.00 0.00 0.00 0.00 0.00 0.00
539 85.76 0.00 2.48 11.15 0.00 0.31 0.00 0.00 0.00 0.31
540 84.68 0.00 2.10 13.21 0.00 0.00 0.00 0.00 0.00 0.00
541 89.06 0.00 2.43 7.90 0.00 0.00 0.30 0.00 0.00 0.30
542 70.16 0.00 1.97 23.93 0.00 0.00 0.00 0.00 0.00 3.93
543 15.78 0.00 1.11 72.01 0.00 0.00 0.12 0.00 0.00 10.97
544 13.23 0.00 1.02 85.75 0.00 0.00 0.00 0.00 0.00 0.00
545 39.89 0.00 1.91 58.20 0.00 0.00 0.00 0.00 0.00 0.00
546 50.26 0.00 1.04 47.66 0.00 0.26 0.00 0.00 0.00 0.78
547 29.41 0.00 1.28 68.80 0.00 0.26 0.00 0.00 0.00 0.26
548 72.68 0.00 4.90 21.13 0.00 0.26 0.00 0.00 0.00 1.03
549 55.38 0.00 0.81 29.57 0.00 0.27 0.00 0.00 0.00 13.98
550 47.04 0.00 0.28 37.46 0.00 0.00 0.00 0.00 0.00 15.21
551 14.16 0.00 0.59 69.91 0.00 0.00 0.29 0.00 0.00 15.04
552 20.72 0.00 0.51 61.13 0.00 0.00 0.00 0.00 0.00 17.65
553 16.99 0.00 0.55 66.58 0.00 0.00 0.00 0.00 0.00 15.89
554 53.42 0.00 0.93 41.30 0.00 0.00 0.00 0.00 0.00 4.35
555 58.05 0.00 1.15 39.94 0.00 0.57 0.29 0.00 0.00 0.00
556 92.11 0.00 0.53 6.58 0.00 0.00 0.00 0.00 0.00 0.79
557 98.80 0.00 0.90 0.00 0.00 0.00 0.00 0.00 0.00 0.30
558 88.24 0.00 2.05 9.21 0.00 0.26 0.00 0.00 0.00 0.26
559 79.94 0.00 1.54 5.56 0.00 0.00 0.31 0.00 0.00 12.65
560 92.13 0.00 2.03 5.33 0.00 0.25 0.00 0.00 0.00 0.25
561 82.07 0.00 2.02 14.14 0.00 0.25 0.00 0.00 0.00 1.52
562 89.09 0.00 2.34 8.57 0.00 0.00 0.00 0.00 0.00 0.00
563 97.17 0.00 1.03 0.26 0.00 0.26 0.00 0.00 0.00 1.29
564 98.25 0.00 1.17 0.00 0.00 0.00 0.29 0.00 0.00 0.29
565 88.29 0.00 1.27 9.81 0.00 0.32 0.00 0.00 0.00 0.32
566 73.27 0.00 1.50 23.42 0.00 0.30 0.00 0.00 0.00 1.50
567 78.83 0.00 1.28 16.58 0.00 0.00 0.00 0.00 0.00 3.32
568 25.06 0.00 0.75 17.79 0.00 0.00 0.00 0.00 0.00 56.39
569 23.39 0.00 0.00 11.05 0.00 0.00 0.00 0.00 0.00 65.55
570 13.08 0.00 0.29 23.26 0.00 0.00 0.00 0.00 0.00 63.37
571 19.14 0.00 0.54 27.22 0.00 0.00 0.00 0.00 0.00 53.10
572 17.63 0.00 0.55 38.84 0.00 0.00 0.28 0.00 0.00 42.70
573 62.77 0.00 1.09 15.76 0.00 0.54 0.00 0.00 0.00 19.84
574 79.77 0.00 1.71 14.81 0.00 0.00 0.28 0.00 0.00 3.42
575 93.47 0.00 2.01 3.52 0.00 0.75 0.00 0.00 0.00 0.25
576 96.82 0.00 2.31 0.29 0.00 0.00 0.00 0.00 0.00 0.58
577 95.60 0.00 3.11 0.26 0.00 0.26 0.00 0.00 0.00 0.78
578 89.80 0.00 2.81 6.89 0.00 0.00 0.00 0.00 0.00 0.51
579 72.58 0.00 2.87 13.58 0.00 0.26 0.00 0.00 0.00 10.70
580 46.60 0.00 0.76 18.39 0.00 0.00 0.00 0.00 0.00 34.26
581 39.59 0.00 0.76 35.79 0.00 0.00 0.00 0.00 0.00 23.86
582 45.91 0.00 0.79 50.92 0.00 0.00 0.26 0.00 0.00 2.11
583 52.80 0.00 1.07 17.33 0.00 0.27 0.00 0.00 0.00 28.53
584 40.63 0.00 0.32 47.62 0.00 0.00 0.00 0.00 0.00 11.43
585 32.43 0.00 0.90 45.65 0.00 0.00 0.30 0.00 0.00 20.72
586 37.69 0.00 0.61 31.00 0.00 0.00 0.00 0.00 0.00 30.70
587 6.85 0.00 0.31 30.84 0.00 0.00 0.00 0.00 0.00 61.99
588 10.42 0.00 0.60 18.75 0.00 0.00 0.30 0.00 0.00 69.94
589 6.27 0.00 0.00 7.84 0.00 0.00 0.00 0.00 0.00 85.89
590 21.55 0.00 0.86 0.86 0.00 0.00 0.29 0.00 0.00 76.44
591 76.44 0.00 2.01 14.37 0.00 0.57 0.29 0.00 0.00 6.32
592 82.88 0.00 2.72 12.77 0.00 0.54 0.27 0.00 0.00 0.82
593 96.46 0.00 1.01 0.76 0.00 0.25 0.00 0.00 0.00 1.52
594 79.27 0.00 0.52 11.14 0.00 0.00 0.00 0.00 0.00 9.07
595 54.68 0.00 0.76 23.80 0.00 0.25 0.00 0.00 0.00 20.51
596 94.96 0.00 0.50 2.52 0.00 0.50 0.00 0.00 0.00 1.51
597 92.00 0.00 0.53 3.20 0.00 0.00 0.00 0.00 0.00 4.27
598 96.10 0.00 1.82 1.56 0.00 0.00 0.00 0.00 0.00 0.52
599 96.45 0.00 0.59 2.07 0.00 0.00 0.00 0.00 0.00 0.89
600 70.39 0.00 0.60 4.23 0.00 0.00 0.30 0.00 0.00 24.47
601 6.56 0.00 0.00 7.81 0.00 0.00 0.31 0.00 0.00 85.31
602 18.87 0.00 0.54 6.20 0.00 0.00 0.27 0.00 0.00 74.12
603 24.69 0.00 0.50 7.81 0.00 0.00 0.00 0.00 0.00 67.00
604 25.00 0.00 0.00 0.00 0.00 0.00 0.00 0.00 0.00 75.00
605 24.87 0.00 0.00 28.68 0.00 0.00 0.00 0.00 0.00 46.45
606 60.96 0.00 2.77 16.12 0.00 0.50 0.00 0.00 0.00 19.65
607 92.95 0.00 2.02 4.53 0.00 0.25 0.00 0.00 0.00 0.25
608 97.17 0.00 1.98 0.28 0.00 0.00 0.00 0.00 0.00 0.57
609 86.11 0.00 2.78 3.06 0.00 0.28 0.00 0.00 0.00 7.78
610 75.70 0.00 1.01 1.01 0.00 0.00 0.00 0.00 0.00 22.28
611 29.66 0.00 0.85 36.44 0.00 0.00 0.28 0.00 0.00 32.77
612 45.15 0.00 0.26 25.26 0.00 0.00 0.00 0.00 0.00 29.34
613 36.46 0.00 1.01 9.62 0.00 0.00 0.00 0.00 0.00 52.91
614 54.37 0.00 2.19 22.40 0.00 0.27 0.27 0.00 0.00 20.49
615 75.64 0.00 2.56 20.77 0.00 0.51 0.00 0.00 0.00 0.51
616 97.71 0.00 1.02 0.00 0.00 0.25 0.00 0.00 0.00 1.02
617 97.84 0.00 1.62 0.27 0.00 0.00 0.00 0.00 0.00 0.27
618 70.30 0.00 0.82 3.00 0.00 0.00 0.27 0.00 0.00 25.61
619 34.42 0.00 0.25 3.77 0.00 0.00 0.00 0.00 0.00 61.56
620 81.86 0.00 0.25 1.51 0.00 0.00 0.00 0.00 0.00 16.37
621 62.24 0.00 0.77 19.90 0.00 0.51 0.00 0.00 0.00 16.58
622 44.25 0.00 2.59 42.82 0.00 0.57 0.00 0.00 0.00 9.77
623 25.25 0.00 0.25 14.14 0.00 0.00 0.00 0.00 0.00 60.35
624 19.62 0.00 0.54 15.59 0.00 0.00 0.00 0.00 0.00 64.25
625 4.49 0.00 0.00 13.78 0.00 0.00 0.00 0.00 0.00 81.73
626 15.25 0.00 0.28 6.21 0.00 0.00 0.00 0.00 0.00 78.25
627 10.21 0.00 0.30 3.90 0.00 0.00 0.30 0.00 0.00 85.29
628 68.83 0.00 1.56 17.14 0.00 0.00 0.00 0.00 0.00 12.47
629 74.18 0.00 0.76 3.04 0.00 0.00 0.00 0.00 0.00 22.03
630 71.23 0.00 1.12 1.40 0.00 0.00 0.00 0.00 0.00 26.26
631 78.88 0.00 0.76 1.27 0.00 0.00 0.00 0.00 0.00 19.08
632 50.63 0.00 0.51 3.80 0.00 0.00 0.00 0.00 0.00 45.06
633 50.00 0.00 0.00 0.76 0.00 0.00 0.00 0.00 0.00 49.24
634 49.25 0.00 0.50 1.76 0.00 0.00 0.25 0.00 0.00 48.24
635 48.74 0.00 1.51 2.26 0.00 0.00 0.00 0.00 0.00 47.49
636 35.18 0.00 1.01 9.55 0.00 0.00 0.00 0.00 0.00 54.27
637 19.40 0.00 0.50 11.59 0.00 0.00 0.00 0.00 0.00 68.51
638 0.25 0.00 0.50 25.19 0.00 0.00 0.00 0.00 0.00 74.06
639 0.00 0.00 0.50 41.81 0.00 0.00 0.00 0.00 0.00 57.68
640 0.51 0.00 0.51 65.06 0.00 0.00 0.00 0.00 0.00 33.92
641 1.50 0.00 0.50 73.18 0.00 0.00 0.00 0.00 0.00 24.81
642 3.79 0.00 0.76 70.20 0.00 0.00 0.00 0.00 0.00 25.25
643 3.28 0.00 0.25 85.61 0.00 0.25 0.00 0.00 0.00 10.61
644 3.03 0.00 0.51 96.46 0.00 0.00 0.00 0.00 0.00 0.00
645 5.53 0.00 0.75 93.72 0.00 0.00 0.00 0.00 0.00 0.00
646 4.27 0.00 1.01 94.72 0.00 0.00 0.00 0.00 0.00 0.00
647 3.29 0.00 1.01 95.70 0.00 0.00 0.00 0.00 0.00 0.00
648 3.82 0.00 1.02 95.17 0.00 0.00 0.00 0.00 0.00 0.00
649 17.69 0.00 0.77 81.28 0.00 0.00 0.26 0.00 0.00 0.00
650 60.51 0.00 3.04 35.95 0.00 0.51 0.00 0.00 0.00 0.00
651 97.98 0.00 0.76 0.00 0.00 0.25 0.00 0.00 0.00 1.01
652 99.50 0.00 0.25 0.00 0.00 0.00 0.00 0.00 0.00 0.25
653 96.98 0.00 0.25 0.50 0.00 0.00 0.00 0.00 0.00 2.26
654 98.73 0.00 0.25 0.25 0.00 0.00 0.00 0.00 0.00 0.76
655 98.23 0.00 1.52 0.25 0.00 0.00 0.00 0.00 0.00 0.00
656 96.74 0.00 3.26 0.00 0.00 0.00 0.00 0.00 0.00 0.00
657 96.22 0.00 2.52 1.01 0.00 0.00 0.00 0.00 0.00 0.25
658 94.72 0.00 2.26 2.76 0.00 0.25 0.00 0.00 0.00 0.00
659 86.36 0.00 1.52 12.12 0.00 0.00 0.00 0.00 0.00 0.00
660 85.19 0.00 3.64 11.17 0.00 0.00 0.00 0.00 0.00 0.00
661 92.95 0.00 3.79 1.36 0.00 0.00 0.00 0.00 0.00 1.90
662 97.19 0.00 2.55 0.00 0.00 0.00 0.00 0.00 0.00 0.26
663 96.08 0.00 3.66 0.00 0.00 0.00 0.00 0.00 0.00 0.26
664 81.23 0.00 3.60 13.37 0.00 0.26 0.26 0.00 0.00 1.29
665 63.38 0.00 1.82 34.03 0.00 0.52 0.00 0.00 0.00 0.26
666 51.40 0.00 1.40 44.66 0.00 0.00 0.00 0.00 0.00 2.53
667 35.54 0.00 1.38 63.09 0.00 0.00 0.00 0.00 0.00 0.00
668 25.70 0.00 0.62 73.68 0.00 0.00 0.00 0.00 0.00 0.00
669 40.18 0.00 1.17 58.36 0.00 0.00 0.29 0.00 0.00 0.00
670 71.75 0.00 1.98 25.71 0.00 0.00 0.00 0.00 0.00 0.56
671 40.22 0.00 1.40 58.10 0.00 0.28 0.00 0.00 0.00 0.00
672 31.50 0.00 1.73 66.18 0.00 0.29 0.00 0.00 0.00 0.29
673 43.28 0.00 1.19 55.52 0.00 0.00 0.00 0.00 0.00 0.00
674 31.56 0.00 1.47 66.67 0.00 0.00 0.00 0.00 0.00 0.29
675 59.54 0.00 1.53 37.66 0.00 0.25 0.00 0.00 0.00 1.02
676 67.25 0.00 1.26 31.23 0.00 0.00 0.00 0.00 0.00 0.25
677 79.74 0.00 0.77 18.97 0.00 0.26 0.26 0.00 0.00 0.00
678 97.19 0.00 2.30 0.26 0.00 0.00 0.00 0.00 0.00 0.26
679 81.91 0.00 1.26 14.07 0.00 0.00 0.00 0.00 0.00 2.76
680 72.66 0.00 0.78 26.56 0.00 0.00 0.00 0.00 0.00 0.00
681 70.59 0.00 2.81 26.34 0.00 0.26 0.00 0.00 0.00 0.00
682 60.15 0.00 2.06 37.79 0.00 0.00 0.00 0.00 0.00 0.00
683 52.99 0.00 1.63 42.39 0.00 0.00 0.00 0.00 0.00 2.99
684 57.00 0.00 0.51 42.49 0.00 0.00 0.00 0.00 0.00 0.00
685 79.80 0.00 1.01 7.07 0.00 0.00 0.00 0.00 0.00 12.12
686 77.22 0.00 1.01 2.53 0.00 0.00 0.00 0.00 0.00 19.24
687 79.13 0.00 0.51 7.89 0.00 0.00 0.00 0.00 0.00 12.47
688 80.40 0.00 0.25 1.51 0.00 0.25 0.25 0.00 0.00 17.34
689 71.10 0.00 1.45 7.80 0.00 0.29 0.00 0.00 0.00 19.36
690 56.32 0.00 2.20 2.47 0.00 0.00 0.00 0.00 0.00 39.01
691 63.20 0.00 1.52 8.88 0.00 0.00 0.00 0.00 0.00 26.40
692 44.05 0.00 2.78 7.09 0.00 0.00 0.00 0.00 0.00 46.08
693 19.60 0.00 1.51 0.25 0.00 0.00 0.00 0.00 0.00 78.64
694 0.51 0.00 0.51 37.12 0.00 0.00 0.00 0.00 0.00 61.87
695 0.51 0.00 0.25 49.11 0.00 0.00 0.00 0.00 0.00 50.13
696 0.00 0.00 0.25 59.05 0.00 0.25 0.00 0.00 0.00 40.45
697 0.25 0.00 0.25 81.31 0.00 0.00 0.00 0.00 0.00 18.18
698 0.75 0.00 0.50 70.68 0.00 0.00 0.00 0.00 0.00 28.07
699 27.39 0.00 0.78 55.81 0.00 0.26 0.00 0.00 0.00 15.76
700 31.09 0.00 1.30 63.99 0.00 0.52 0.00 0.00 0.00 3.11
701 82.19 0.00 2.54 14.50 0.00 0.25 0.00 0.00 0.00 0.51
702 89.92 0.00 0.25 0.50 0.00 0.00 0.00 0.00 0.00 9.32
703 98.49 0.00 0.75 0.00 0.00 0.50 0.00 0.00 0.00 0.25
704 16.62 0.00 0.00 2.77 0.00 0.00 0.00 0.00 0.00 80.60
705 3.76 0.00 0.75 32.33 0.00 0.00 0.00 0.00 0.00 63.16
706 2.26 0.00 0.25 60.30 0.00 0.00 0.00 0.00 0.00 37.19
707 3.27 0.00 0.25 74.56 0.00 0.00 0.00 0.00 0.00 21.91
708 49.37 0.00 0.25 37.72 0.00 0.00 0.25 0.00 0.00 12.41
709 14.83 0.00 0.00 61.64 0.00 0.00 0.00 0.00 0.00 23.53
710 28.86 0.00 1.01 53.42 0.00 0.00 0.00 0.00 0.00 16.71
711 9.85 0.00 1.01 89.14 0.00 0.00 0.00 0.00 0.00 0.00
712 9.55 0.00 0.25 88.19 0.00 0.25 0.00 0.00 0.00 1.76
713 20.45 0.00 0.76 33.59 0.00 0.00 0.00 0.00 0.00 45.20
714 20.45 0.00 0.51 23.74 0.00 0.00 0.00 0.00 0.00 55.30
715 57.22 0.00 0.25 10.89 0.00 0.00 0.00 0.00 0.00 31.65
716 1.26 0.00 0.00 27.39 0.00 0.00 0.00 0.00 0.00 71.36
717 0.50 0.00 0.50 13.22 0.00 0.00 0.00 0.00 0.00 85.79
718 0.25 0.00 1.00 15.75 0.00 0.00 0.00 0.00 0.00 83.00
719 0.00 0.00 0.00 6.78 0.00 0.00 0.00 0.00 0.00 93.22
720 0.25 0.00 0.25 5.76 0.00 0.00 0.00 0.00 0.00 93.73
721 0.50 0.00 0.25 25.13 0.00 0.00 0.00 0.00 0.00 74.12
722 0.00 0.00 0.75 14.07 0.00 0.00 0.25 0.00 0.00 84.92
723 22.14 0.00 0.51 16.54 0.00 0.25 0.00 0.00 0.00 60.56
724 65.69 0.00 0.80 8.78 0.00 0.00 0.80 0.00 0.00 23.94
725 55.38 0.00 0.52 7.09 0.00 0.00 0.00 0.00 0.00 37.01
726 25.13 0.00 0.25 10.30 0.00 0.00 0.00 0.00 0.00 64.32
727 24.17 0.00 0.25 0.00 0.00 0.00 0.00 0.00 0.00 75.57
728 25.00 0.00 0.25 0.25 0.00 0.00 0.00 0.00 0.00 74.50
729 24.94 0.00 0.00 0.50 0.00 0.00 0.00 0.00 0.00 74.56
730 38.38 0.00 0.76 3.54 0.00 0.25 0.00 0.00 0.00 57.07
731 90.26 0.00 2.05 5.90 0.00 0.51 0.00 0.00 0.00 1.28
732 82.56 0.00 1.63 14.71 0.00 0.27 0.00 0.00 0.00 0.82
733 69.68 0.00 0.58 1.17 0.00 0.00 0.00 0.00 0.00 28.57
734 24.94 0.00 0.25 2.27 0.00 0.00 0.00 0.00 0.00 72.54
735 11.24 0.00 0.00 2.37 0.00 0.00 0.30 0.00 0.00 86.09
736 22.60 0.00 0.52 5.71 0.00 0.00 0.00 0.00 0.00 71.17
737 24.94 0.00 0.25 18.14 0.00 0.00 0.00 0.00 0.00 56.68
738 69.87 0.00 0.76 2.28 0.00 0.25 0.00 0.00 0.00 26.84
739 81.14 0.00 0.78 17.31 0.00 0.26 0.00 0.00 0.00 0.52
740 82.41 0.00 1.01 16.58 0.00 0.00 0.00 0.00 0.00 0.00
741 88.95 0.00 1.42 9.63 0.00 0.00 0.00 0.00 0.00 0.00
742 90.48 0.00 5.71 3.17 0.00 0.00 0.32 0.00 0.00 0.32
743 31.22 0.00 0.25 44.67 0.00 0.00 0.00 0.00 0.00 23.86
744 25.06 0.00 0.25 14.04 0.00 0.00 0.00 0.00 0.00 60.65
745 24.69 0.00 0.00 8.82 0.00 0.00 0.00 0.00 0.00 66.50
746 25.13 0.00 0.25 44.47 0.00 0.00 0.00 0.00 0.00 30.15
747 27.71 0.00 0.25 5.79 0.00 0.00 0.00 0.00 0.00 66.25
748 97.10 0.00 2.64 0.00 0.00 0.26 0.00 0.00 0.00 0.00
749 90.91 0.00 1.77 5.81 0.00 0.00 0.00 0.00 0.00 1.52
750 93.43 0.00 1.01 2.27 0.00 0.25 0.00 0.00 0.00 3.03
751 89.62 0.00 2.28 0.00 0.00 0.00 0.00 0.00 0.00 8.10
752 90.82 0.00 2.30 0.26 0.00 0.26 0.00 0.00 0.00 6.38
753 71.47 0.00 2.94 6.76 0.00 0.29 0.59 0.00 0.00 17.94
754 74.18 0.00 3.29 7.09 0.00 0.00 0.00 0.00 0.00 15.44
755 73.08 0.00 3.08 18.72 0.00 0.00 0.00 0.00 0.00 5.13
756 34.68 0.00 1.27 12.41 0.00 0.00 0.00 0.00 0.00 51.65
757 15.83 0.00 0.50 20.85 0.00 0.00 0.00 0.00 0.00 62.81
758 4.77 0.00 0.25 44.47 0.00 0.00 0.00 0.00 0.00 50.50
759 5.05 0.00 0.51 69.95 0.00 0.00 0.25 0.00 0.00 24.24
760 2.26 0.00 0.50 73.37 0.00 0.00 0.00 0.00 0.00 23.87
761 32.00 0.00 0.53 66.93 0.00 0.27 0.00 0.00 0.00 0.27
762 5.60 0.00 1.02 93.38 0.00 0.00 0.00 0.00 0.00 0.00
763 8.93 0.00 0.51 73.47 0.00 0.26 0.00 0.00 0.00 16.84
764 38.27 0.00 0.77 32.65 0.00 0.00 0.00 0.00 0.00 28.32
765 55.39 0.00 1.25 4.01 0.00 0.00 0.00 0.00 0.00 39.35
766 60.05 0.00 0.51 17.05 0.00 0.00 0.00 0.00 0.00 22.39
767 55.84 0.00 0.51 7.61 0.00 0.00 0.00 0.00 0.00 36.04
768 43.94 0.00 0.76 8.33 0.00 0.00 0.00 0.00 0.00 46.97
769 64.81 0.00 0.25 0.76 0.00 0.00 0.00 0.00 0.00 34.18
770 27.46 0.00 0.00 2.77 0.00 0.00 0.00 0.00 0.00 69.77
771 24.62 0.00 0.50 2.76 0.00 0.00 0.00 0.00 0.00 72.11
772 23.48 0.00 1.52 1.77 0.00 0.00 0.00 0.00 0.00 73.23
773 26.45 0.00 1.26 3.27 0.00 0.00 0.00 0.00 0.00 69.02
774 40.81 0.00 0.00 1.51 0.00 0.00 0.00 0.00 0.00 57.68
775 16.48 0.00 0.28 3.91 0.00 0.00 0.00 0.00 0.00 79.33
776 10.71 0.00 0.30 21.43 0.00 0.00 0.30 0.00 0.00 67.26
777 18.36 0.00 0.00 14.25 0.00 0.00 0.00 0.00 0.00 67.40
778 41.36 0.00 0.00 8.64 0.00 0.00 0.00 0.00 0.00 50.00
779 17.03 0.00 1.10 14.01 0.00 0.00 0.00 0.00 0.00 67.86
780 11.08 0.00 0.79 7.39 0.00 0.00 0.00 0.00 0.00 80.74
781 0.00 0.00 0.25 4.02 0.00 0.00 0.00 0.00 0.00 95.73
782 0.25 0.00 0.50 3.00 0.00 0.00 0.00 0.00 0.00 96.25
783 0.00 0.00 0.25 5.54 0.00 0.00 0.00 0.00 0.00 94.21
784 0.00 0.00 0.00 2.52 0.00 0.00 0.00 0.00 0.00 97.48
785 0.25 0.00 0.00 3.75 0.00 0.00 0.00 0.00 0.00 96.00
786 3.55 0.00 0.51 9.39 0.00 0.00 0.00 0.00 0.00 86.55
787 5.84 0.00 1.27 92.89 0.00 0.00 0.00 0.00 0.00 0.00
788 5.82 0.00 0.25 93.67 0.00 0.25 0.00 0.00 0.00 0.00
789 3.80 0.00 0.51 95.19 0.00 0.25 0.25 0.00 0.00 0.00
790 5.29 0.00 1.01 93.70 0.00 0.00 0.00 0.00 0.00 0.00
791 4.35 0.00 0.51 95.14 0.00 0.00 0.00 0.00 0.00 0.00
792 30.69 0.00 0.51 68.54 0.00 0.00 0.00 0.00 0.00 0.26
793 11.99 0.00 0.82 78.75 0.00 0.00 0.00 0.00 0.00 8.45
794 87.72 0.00 1.80 10.18 0.00 0.00 0.00 0.00 0.00 0.30
795 97.99 0.00 1.01 0.25 0.00 0.25 0.00 0.00 0.00 0.50
796 96.46 0.00 0.51 1.52 0.00 0.00 0.00 0.00 0.00 1.52
797 99.49 0.00 0.00 0.51 0.00 0.00 0.00 0.00 0.00 0.00
798 95.79 0.00 3.56 0.00 0.00 0.00 0.32 0.00 0.00 0.32
799 98.33 0.00 1.33 0.00 0.00 0.00 0.00 0.00 0.00 0.33
800 97.04 0.00 1.89 1.08 0.00 0.00 0.00 0.00 0.00 0.00
801 97.73 0.00 1.01 1.01 0.00 0.00 0.00 0.00 0.00 0.25
802 90.15 0.00 2.78 7.07 0.00 0.00 0.00 0.00 0.00 0.00
803 73.01 0.00 2.57 24.16 0.00 0.26 0.00 0.00 0.00 0.00
804 59.15 0.00 2.01 38.85 0.00 0.00 0.00 0.00 0.00 0.00
805 74.35 0.00 2.09 23.56 0.00 0.00 0.00 0.00 0.00 0.00
806 78.13 0.00 2.40 19.47 0.00 0.00 0.00 0.00 0.00 0.00
807 62.01 0.00 2.23 35.47 0.00 0.00 0.28 0.00 0.00 0.00
808 75.70 0.00 2.03 18.73 0.00 0.25 0.00 0.00 0.00 3.29
809 49.73 0.00 0.82 44.02 0.00 0.00 0.00 0.00 0.00 5.43
810 13.27 0.00 0.00 86.73 0.00 0.00 0.00 0.00 0.00 0.00
811 57.59 0.00 1.83 38.74 0.00 0.00 0.00 0.00 0.00 1.83
812 60.92 0.00 2.16 36.39 0.00 0.27 0.27 0.00 0.00 0.00
813 48.57 0.00 2.34 47.27 0.00 0.00 0.00 0.00 0.00 1.82
814 66.32 0.00 1.55 30.57 0.00 0.00 0.00 0.00 0.00 1.55
815 76.84 0.00 2.89 17.37 0.00 0.53 0.00 0.00 0.00 2.37
816 58.33 0.00 1.77 38.89 0.00 0.51 0.25 0.00 0.00 0.25
817 63.88 0.00 0.54 28.30 0.00 0.00 0.00 0.00 0.00 7.28
818 97.09 0.00 0.58 0.00 0.00 0.29 0.00 0.00 0.00 2.03
819 79.19 0.00 0.29 20.23 0.00 0.29 0.00 0.00 0.00 0.00
820 67.27 0.00 0.90 31.23 0.00 0.00 0.00 0.00 0.00 0.60
821 45.86 0.00 0.64 53.50 0.00 0.00 0.00 0.00 0.00 0.00
822 58.47 0.00 0.64 40.26 0.00 0.32 0.32 0.00 0.00 0.00
823 66.67 0.00 1.13 11.86 0.00 0.28 0.00 0.00 0.00 20.06
824 23.06 0.00 0.00 5.70 0.00 0.00 0.00 0.00 0.00 71.24
825 24.87 0.00 0.25 2.01 0.00 0.00 0.00 0.00 0.00 72.86
826 25.13 0.00 0.25 2.26 0.00 0.00 0.00 0.00 0.00 72.36
827 23.85 0.00 0.00 3.08 0.00 0.00 0.00 0.00 0.00 73.08
828 15.77 0.00 0.28 6.20 0.00 0.00 0.00 0.00 0.00 77.75
829 85.46 0.00 1.28 13.27 0.00 0.00 0.00 0.00 0.00 0.00
830 96.23 0.00 2.51 0.25 0.00 0.25 0.00 0.00 0.00 0.75
831 97.47 0.00 2.28 0.00 0.00 0.25 0.00 0.00 0.00 0.00
832 79.90 0.00 1.78 8.14 0.00 0.00 0.25 0.00 0.00 9.92
833 59.15 0.00 1.33 15.92 0.00 0.00 0.00 0.00 0.00 23.61
834 51.07 0.00 1.22 16.21 0.00 0.00 0.31 0.00 0.00 31.19
835 49.87 0.00 0.25 2.03 0.00 0.00 0.00 0.00 0.00 47.85
836 56.23 0.00 1.53 16.79 0.00 0.00 0.00 0.00 0.00 25.45
837 43.27 0.00 0.86 25.50 0.00 0.00 0.29 0.00 0.00 30.09
838 77.35 0.00 2.04 13.74 0.00 0.00 0.00 0.00 0.00 6.87
839 81.00 0.00 2.11 15.04 0.00 0.00 0.00 0.00 0.00 1.85
840 84.17 0.00 0.75 1.76 0.00 0.00 0.00 0.00 0.00 13.32
841 59.95 0.00 1.51 3.78 0.00 0.00 0.00 0.00 0.00 34.76
842 77.26 0.00 1.92 13.42 0.00 0.27 0.00 0.00 0.00 7.12
843 28.75 0.00 2.29 57.76 0.00 0.00 0.25 0.00 0.00 10.94
844 8.61 0.00 0.51 42.53 0.00 0.25 0.00 0.00 0.00 48.10
845 12.15 0.00 0.51 38.73 0.00 0.00 0.00 0.00 0.00 48.61
846 84.77 0.00 1.52 3.30 0.00 0.51 0.00 0.00 0.00 9.90
847 87.31 0.00 1.55 10.36 0.00 0.26 0.00 0.00 0.00 0.52
848 88.52 0.00 2.04 8.16 0.00 0.51 0.00 0.00 0.00 0.77
849 90.82 0.00 2.04 5.61 0.00 0.26 0.00 0.00 0.00 1.28
850 86.58 0.00 1.52 9.37 0.00 0.25 0.00 0.00 0.00 2.28
851 95.78 0.00 1.32 1.32 0.00 0.00 0.26 0.00 0.00 1.32
852 78.88 0.00 0.00 0.93 0.00 0.00 0.00 0.00 0.00 20.19
853 18.70 0.00 0.54 9.49 0.00 0.00 0.00 0.00 0.00 71.27
854 11.44 0.00 0.29 7.33 0.00 0.00 0.29 0.00 0.00 80.65
855 3.24 0.00 0.65 17.15 0.00 0.00 0.32 0.00 0.00 78.64
856 15.62 0.00 0.00 13.92 0.00 0.00 0.00 0.00 0.00 70.45
857 34.32 0.00 1.18 7.99 0.00 0.30 0.30 0.00 0.00 55.92
858 85.97 0.00 0.77 7.65 0.00 0.51 0.00 0.00 0.00 5.10
859 97.73 0.00 1.26 0.00 0.00 0.51 0.00 0.00 0.00 0.51
860 95.20 0.00 1.52 0.25 0.00 0.00 0.00 0.00 0.00 3.03
861 24.56 0.00 0.50 3.51 0.00 0.00 0.00 0.00 0.00 71.43
862 25.13 0.00 0.00 1.76 0.00 0.00 0.00 0.00 0.00 73.12
863 25.00 0.00 0.50 3.50 0.00 0.00 0.00 0.00 0.00 71.00
864 27.50 0.00 0.56 1.39 0.00 0.00 0.28 0.00 0.00 70.28
865 96.73 0.00 1.63 0.98 0.00 0.33 0.33 0.00 0.00 0.00
866 95.64 0.00 3.08 0.00 0.00 0.00 0.00 0.00 0.00 1.28
867 97.42 0.00 1.81 0.26 0.00 0.00 0.00 0.00 0.00 0.52
868 97.47 0.00 1.40 1.12 0.00 0.00 0.00 0.00 0.00 0.00
869 80.90 0.00 1.59 10.88 0.00 0.00 0.27 0.00 0.00 6.37
870 70.28 0.00 1.94 1.11 0.00 0.00 0.00 0.00 0.00 26.67
871 71.98 0.00 4.88 9.00 0.00 0.00 0.00 0.00 0.00 14.14
872 70.31 0.00 3.65 25.78 0.00 0.00 0.00 0.00 0.00 0.26
873 55.13 0.00 3.59 11.79 0.00 0.26 0.51 0.00 0.00 28.72
874 46.84 0.00 2.78 13.16 0.00 0.00 0.00 0.00 0.00 37.22
875 44.10 0.00 2.31 15.64 0.00 0.00 0.00 0.00 0.00 37.95
876 13.20 0.00 0.51 24.37 0.00 0.00 0.00 0.00 0.00 61.93
877 16.75 0.00 0.51 59.90 0.00 0.00 0.00 0.00 0.00 22.84
878 14.29 0.00 0.77 84.69 0.00 0.26 0.00 0.00 0.00 0.00
879 15.78 0.00 0.51 83.72 0.00 0.00 0.00 0.00 0.00 0.00
880 36.04 0.00 0.76 44.42 0.00 0.25 0.00 0.00 0.00 18.53
881 50.52 0.00 0.77 20.88 0.00 0.00 0.00 0.00 0.00 27.84
882 55.19 0.00 1.01 21.52 0.00 0.51 0.00 0.00 0.00 21.77
883 80.87 0.00 0.51 13.27 0.00 0.77 0.00 0.00 0.00 4.59
884 91.38 0.00 0.52 0.00 0.00 0.00 0.26 0.00 0.00 7.83
885 25.06 0.00 0.25 2.76 0.00 0.00 0.00 0.00 0.00 71.93
886 20.48 0.00 0.00 5.05 0.00 0.00 0.00 0.00 0.00 74.47
887 17.17 0.00 0.55 2.77 0.00 0.00 0.00 0.00 0.00 79.50
888 56.17 0.00 1.23 23.46 0.00 0.62 0.31 0.00 0.00 18.21
889 69.91 0.00 2.29 26.07 0.00 0.29 0.00 0.00 0.00 1.43
890 86.46 0.00 1.10 10.50 0.00 0.00 0.00 0.00 0.00 1.93
891 76.95 0.00 1.44 19.60 0.00 0.29 0.29 0.00 0.00 1.44
892 60.96 0.00 1.01 36.78 0.00 0.50 0.00 0.00 0.00 0.76
893 68.68 0.00 0.55 28.30 0.00 0.00 0.00 0.00 0.00 2.47
894 92.95 0.00 0.25 6.55 0.00 0.00 0.00 0.00 0.00 0.25
895 97.22 0.00 0.51 0.00 0.00 0.00 0.00 0.00 0.00 2.27
896 82.43 0.00 0.32 0.00 0.00 0.32 0.00 0.00 0.00 16.93
897 89.95 0.00 1.03 0.26 0.00 0.00 0.00 0.00 0.00 8.76
898 95.71 0.00 3.43 0.57 0.00 0.00 0.29 0.00 0.00 0.00
899 95.56 0.00 3.55 0.59 0.00 0.00 0.30 0.00 0.00 0.00
900 81.48 0.00 2.28 0.85 0.00 0.00 0.28 0.00 0.00 15.10
901 37.94 0.00 1.93 4.18 0.00 0.00 0.00 0.00 0.00 55.95
902 57.51 0.00 1.70 4.25 0.00 0.28 0.00 0.00 0.00 36.26
903 24.09 0.00 1.12 16.81 0.00 0.00 0.00 0.00 0.00 57.98
904 9.12 0.00 0.61 18.84 0.00 0.00 0.00 0.00 0.00 71.43
905 26.67 0.00 0.53 9.33 0.00 0.00 0.00 0.00 0.00 63.47
906 5.66 0.00 0.63 11.64 0.00 0.00 0.31 0.00 0.00 81.76
907 15.49 0.00 0.85 4.23 0.00 0.00 0.28 0.00 0.00 79.15
908 23.10 0.00 0.85 25.63 0.00 0.00 0.00 0.00 0.00 50.42
909 5.34 0.00 0.25 94.40 0.00 0.00 0.00 0.00 0.00 0.00
910 3.05 0.00 0.76 96.19 0.00 0.00 0.00 0.00 0.00 0.00
911 3.80 0.00 1.52 94.43 0.00 0.25 0.00 0.00 0.00 0.00
912 0.50 0.00 0.25 99.24 0.00 0.00 0.00 0.00 0.00 0.00
913 3.02 0.00 0.50 96.22 0.00 0.25 0.00 0.00 0.00 0.00
914 9.92 0.00 0.51 89.57 0.00 0.00 0.00 0.00 0.00 0.00
915 10.18 0.00 0.25 89.57 0.00 0.00 0.00 0.00 0.00 0.00
916 5.08 0.00 0.76 93.91 0.00 0.25 0.00 0.00 0.00 0.00
917 30.87 0.00 1.64 67.49 0.00 0.00 0.00 0.00 0.00 0.00
918 72.90 0.00 0.93 25.23 0.00 0.31 0.31 0.00 0.00 0.31
919 98.69 0.00 0.98 0.00 0.00 0.33 0.00 0.00 0.00 0.00
920 95.48 0.00 2.51 0.50 0.00 0.50 0.00 0.00 0.00 1.01
921 88.86 0.00 0.76 0.00 0.00 0.00 0.00 0.00 0.00 10.38
922 98.74 0.00 0.50 0.25 0.00 0.00 0.00 0.00 0.00 0.50
923 96.70 0.00 3.30 0.00 0.00 0.00 0.00 0.00 0.00 0.00
924 97.99 0.00 1.50 0.25 0.00 0.00 0.00 0.00 0.00 0.25
925 98.24 0.00 1.76 0.00 0.00 0.00 0.00 0.00 0.00 0.00
926 97.23 0.00 2.27 0.00 0.00 0.25 0.00 0.00 0.00 0.25
927 83.42 0.00 3.21 13.10 0.00 0.27 0.00 0.00 0.00 0.00
928 5.56 0.00 0.25 94.19 0.00 0.00 0.00 0.00 0.00 0.00
929 73.52 0.00 3.08 23.39 0.00 0.00 0.00 0.00 0.00 0.00
930 18.85 0.00 1.31 79.84 0.00 0.00 0.00 0.00 0.00 0.00
931 36.22 0.00 1.08 62.16 0.00 0.00 0.00 0.00 0.00 0.54
932 47.46 0.00 1.78 50.25 0.00 0.25 0.00 0.00 0.00 0.25
933 72.94 0.00 2.84 23.20 0.00 0.26 0.26 0.00 0.00 0.52
934 81.79 0.00 1.54 15.64 0.00 0.00 0.00 0.00 0.00 1.03
935 35.68 0.00 0.75 63.57 0.00 0.00 0.00 0.00 0.00 0.00
936 37.47 0.00 0.51 61.52 0.00 0.00 0.00 0.00 0.00 0.51
937 11.11 0.00 0.51 88.38 0.00 0.00 0.00 0.00 0.00 0.00
938 27.59 0.00 2.28 64.30 0.00 0.00 0.00 0.00 0.00 5.82
939 46.49 0.00 2.16 51.35 0.00 0.00 0.00 0.00 0.00 0.00
940 21.75 0.00 0.27 77.98 0.00 0.00 0.00 0.00 0.00 0.00
941 32.33 0.00 1.10 66.30 0.00 0.27 0.00 0.00 0.00 0.00
942 40.91 0.00 1.77 55.05 0.00 0.00 0.00 0.00 0.00 2.27
943 47.59 0.00 2.41 49.47 0.00 0.00 0.27 0.00 0.00 0.27
944 18.29 0.00 1.22 80.49 0.00 0.00 0.00 0.00 0.00 0.00
945 39.77 0.00 0.29 59.94 0.00 0.00 0.00 0.00 0.00 0.00
946 11.04 0.00 0.32 88.64 0.00 0.00 0.00 0.00 0.00 0.00
947 43.48 0.00 0.82 55.43 0.00 0.00 0.00 0.00 0.00 0.27
948 15.15 0.00 0.61 84.24 0.00 0.00 0.00 0.00 0.00 0.00
949 63.28 0.00 1.64 34.10 0.00 0.66 0.33 0.00 0.00 0.00
950 90.22 0.00 0.82 8.42 0.00 0.27 0.00 0.00 0.00 0.27
951 98.17 0.00 1.04 0.00 0.00 0.00 0.00 0.00 0.00 0.78
952 79.73 0.00 0.82 1.64 0.00 0.00 0.00 0.00 0.00 17.81
953 48.57 0.00 1.04 18.96 0.00 0.00 0.00 0.00 0.00 31.43
954 47.34 0.00 0.76 4.81 0.00 0.00 0.00 0.00 0.00 47.09
955 89.18 0.00 0.79 0.26 0.00 0.26 0.00 0.00 0.00 9.50
956 83.17 0.00 0.50 2.01 0.00 0.25 0.00 0.00 0.00 14.07
957 78.28 0.00 0.51 3.79 0.00 0.00 0.00 0.00 0.00 17.42
958 71.47 0.00 1.94 21.88 0.00 0.55 0.00 0.00 0.00 4.16
959 95.11 0.00 1.22 0.31 0.00 0.31 0.00 0.00 0.00 3.06
960 94.59 0.00 0.90 0.00 0.00 0.00 0.30 0.00 0.00 4.20
961 75.38 0.00 2.03 18.78 0.00 0.00 0.00 0.00 0.00 3.81
962 72.86 0.00 4.57 18.86 0.00 0.29 0.00 0.00 0.00 3.43
963 69.21 0.00 2.26 27.97 0.00 0.00 0.28 0.00 0.00 0.28
964 39.95 0.00 0.76 37.40 0.00 0.00 0.00 0.00 0.00 21.88
965 57.58 0.00 0.76 17.93 0.00 0.25 0.00 0.00 0.00 23.48
966 49.49 0.00 1.52 17.68 0.00 0.00 0.00 0.00 0.00 31.31
967 56.71 0.00 1.77 11.65 0.00 0.00 0.00 0.00 0.00 29.87
968 46.73 0.00 1.76 16.83 0.00 0.00 0.00 0.00 0.00 34.67
969 43.80 0.00 1.32 3.69 0.00 0.00 0.00 0.00 0.00 51.19
970 69.11 0.00 2.36 10.73 0.00 0.52 0.00 0.00 0.00 17.28
971 91.35 0.00 1.78 5.34 0.00 0.76 0.00 0.00 0.00 0.76
972 98.95 0.00 0.79 0.00 0.00 0.00 0.00 0.00 0.00 0.26
973 97.97 0.00 1.01 0.25 0.00 0.25 0.00 0.00 0.00 0.51
974 85.15 0.00 1.33 6.90 0.00 0.27 0.00 0.00 0.00 6.37
975 80.76 0.00 1.89 0.32 0.00 0.32 0.00 0.00 0.00 16.72
976 20.69 0.00 0.27 19.10 0.00 0.00 0.00 0.00 0.00 59.95
977 11.80 0.00 0.00 10.03 0.00 0.00 0.29 0.00 0.00 77.88
978 11.87 0.00 0.00 3.86 0.00 0.00 0.00 0.00 0.00 84.27
979 11.01 0.00 0.60 2.68 0.00 0.00 0.00 0.00 0.00 85.71
980 3.54 0.00 0.32 2.89 0.00 0.00 0.32 0.00 0.00 92.93
981 50.76 0.00 0.60 1.81 0.00 0.30 0.30 0.00 0.00 46.22
982 64.63 0.00 2.44 32.32 0.00 0.30 0.30 0.00 0.00 0.00
983 71.36 0.00 1.53 25.83 0.00 0.26 0.00 0.00 0.00 1.02
984 95.23 0.00 3.27 0.75 0.00 0.25 0.25 0.00 0.00 0.25
985 87.02 0.00 1.53 5.09 0.00 0.51 0.00 0.00 0.00 5.85
986 95.72 0.00 1.76 0.50 0.00 0.25 0.00 0.00 0.00 1.76
987 98.73 0.00 1.02 0.00 0.00 0.00 0.00 0.00 0.00 0.25
988 97.23 0.00 2.02 0.00 0.00 0.00 0.00 0.00 0.00 0.76
989 95.45 0.00 3.28 0.00 0.00 0.00 0.00 0.00 0.00 1.26
990 25.25 0.00 0.25 1.25 0.00 0.00 0.00 0.00 0.00 73.25
991 24.94 0.00 0.25 9.82 0.00 0.00 0.00 0.00 0.00 64.99
992 25.00 0.00 0.50 24.75 0.00 0.00 0.00 0.00 0.00 49.75
993 25.06 0.00 0.25 16.46 0.00 0.00 0.25 0.00 0.00 57.97
994 23.98 0.00 0.26 4.85 0.00 0.00 0.00 0.00 0.00 70.92
995 66.88 0.00 3.22 8.36 0.00 0.64 0.32 0.00 0.00 20.58
996 95.33 0.00 3.30 1.10 0.00 0.00 0.00 0.00 0.00 0.27
997 73.37 0.00 3.55 21.60 0.00 0.30 0.30 0.00 0.00 0.89
998 65.42 0.00 1.73 13.83 0.00 0.00 0.29 0.00 0.00 18.73
999 46.81 0.00 1.11 0.28 0.00 0.00 0.00 0.00 0.00 51.80
1000 54.37 0.00 1.37 31.97 0.00 0.00 0.00 0.00 0.00 12.30
1001 45.19 0.00 1.82 51.95 0.00 0.26 0.00 0.00 0.00 0.78
1002 49.62 0.00 1.77 41.27 0.00 0.00 0.00 0.00 0.00 7.34
1003 65.32 0.00 1.88 30.65 0.00 0.27 0.27 0.00 0.00 1.61
1004 89.66 0.00 1.33 8.22 0.00 0.00 0.00 0.00 0.00 0.80
1005 53.94 0.00 0.76 39.44 0.00 0.25 0.00 0.00 0.00 5.60
1006 45.69 0.00 1.02 32.74 0.00 0.00 0.00 0.00 0.00 20.56
1007 17.01 0.00 1.02 35.53 0.00 0.00 0.00 0.00 0.00 46.45
1008 15.99 0.00 0.51 39.09 0.00 0.00 0.00 0.00 0.00 44.42
1009 38.76 0.00 0.00 13.70 0.00 0.00 0.00 0.00 0.00 47.55
1010 27.59 0.00 1.27 18.23 0.00 0.51 0.00 0.00 0.00 52.41
1011 48.60 0.00 1.53 17.05 0.00 0.00 0.00 0.00 0.00 32.82
1012 56.20 0.00 1.01 7.09 0.00 0.00 0.00 0.00 0.00 35.70
1013 59.89 0.00 0.26 12.93 0.00 0.00 0.00 0.00 0.00 26.91
1014 47.58 0.00 1.02 5.85 0.00 0.00 0.00 0.00 0.00 45.55
1015 24.69 0.00 0.00 1.26 0.00 0.00 0.00 0.00 0.00 74.06
1016 25.00 0.00 0.25 1.50 0.00 0.00 0.25 0.00 0.00 73.00
1017 24.94 0.00 0.00 1.26 0.00 0.00 0.00 0.00 0.00 73.80
1018 42.61 0.00 0.50 2.76 0.00 0.00 0.00 0.00 0.00 54.14
1019 59.14 0.00 0.00 9.14 0.00 0.00 0.00 0.00 0.00 31.73
1020 49.62 0.00 0.25 14.86 0.00 0.00 0.00 0.00 0.00 35.26
1021 49.75 0.00 0.51 3.81 0.00 0.00 0.00 0.00 0.00 45.94
1022 37.69 0.00 2.13 5.78 0.00 0.00 0.91 0.00 0.00 53.50
1023 48.62 0.00 2.15 1.54 0.00 0.00 0.00 0.00 0.00 47.69
1024 33.92 0.00 1.76 3.27 0.00 0.00 0.00 0.00 0.00 61.06
1025 23.93 0.00 1.76 2.52 0.00 0.00 0.25 0.00 0.00 71.54
1026 4.02 0.00 0.50 2.26 0.00 0.00 0.00 0.00 0.00 93.22
1027 0.25 0.00 0.00 2.01 0.00 0.00 0.00 0.00 0.00 97.74
1028 3.03 0.00 0.76 52.27 0.00 0.00 0.00 0.00 0.00 43.94
1029 3.87 0.00 0.35 95.66 0.00 0.12 0.00 0.00 0.00 0.00
1030 1.01 0.00 0.51 98.23 0.00 0.00 0.25 0.00 0.00 0.00
1031 3.82 0.00 0.51 95.67 0.00 0.00 0.00 0.00 0.00 0.00
1032 5.32 0.00 1.01 93.67 0.00 0.00 0.00 0.00 0.00 0.00
1033 17.74 0.00 1.03 80.72 0.00 0.26 0.26 0.00 0.00 0.00
1034 4.06 0.00 1.52 91.37 0.00 0.00 0.00 0.00 0.00 3.05
1035 6.15 0.00 0.51 75.90 0.00 0.00 0.00 0.00 0.00 17.44
1036 51.97 0.00 1.31 46.46 0.00 0.26 0.00 0.00 0.00 0.00
1037 97.44 0.00 1.03 0.00 0.00 0.51 0.00 0.00 0.00 1.03
1038 98.48 0.00 1.02 0.00 0.00 0.00 0.00 0.00 0.00 0.51
1039 98.74 0.00 0.75 0.00 0.00 0.00 0.00 0.00 0.00 0.50
1040 96.23 0.00 0.50 1.26 0.00 0.00 0.00 0.00 0.00 2.01
1041 99.49 0.00 0.51 0.00 0.00 0.00 0.00 0.00 0.00 0.00
1042 95.20 0.00 4.20 0.30 0.00 0.00 0.30 0.00 0.00 0.00
1043 96.21 0.00 3.03 0.00 0.00 0.00 0.00 0.00 0.00 0.76
1044 98.24 0.00 0.25 1.01 0.00 0.25 0.00 0.00 0.00 0.25
1045 97.87 0.00 1.87 0.27 0.00 0.00 0.00 0.00 0.00 0.00
1046 95.81 0.00 3.89 0.00 0.00 0.00 0.30 0.00 0.00 0.00
1047 93.33 0.00 4.17 1.39 0.00 0.00 0.00 0.00 0.00 1.11
1048 96.65 0.00 2.58 0.26 0.00 0.00 0.00 0.00 0.00 0.52
1049 92.69 0.00 1.83 4.96 0.00 0.00 0.00 0.00 0.00 0.52
1050 94.80 0.00 3.36 0.92 0.00 0.00 0.31 0.00 0.00 0.61
1051 86.19 0.00 3.07 10.74 0.00 0.00 0.00 0.00 0.00 0.00
1052 15.48 0.00 1.02 83.25 0.00 0.00 0.00 0.00 0.00 0.25
1053 28.57 0.00 1.79 68.11 0.00 0.26 0.00 0.00 0.00 1.28
1054 37.89 0.00 1.03 51.29 0.00 0.26 0.00 0.00 0.00 9.54
1055 1.25 0.00 0.25 98.50 0.00 0.00 0.00 0.00 0.00 0.00
1056 9.39 0.00 0.51 90.10 0.00 0.00 0.00 0.00 0.00 0.00
1057 60.59 0.00 2.41 37.00 0.00 0.00 0.00 0.00 0.00 0.00
1058 76.82 0.00 2.60 19.27 0.00 0.52 0.00 0.00 0.00 0.78
1059 55.56 0.00 0.60 40.84 0.00 0.30 0.00 0.00 0.00 2.70
1060 39.23 0.00 0.32 60.13 0.00 0.32 0.00 0.00 0.00 0.00
1061 50.86 0.00 0.29 48.57 0.00 0.00 0.29 0.00 0.00 0.00
1062 29.07 0.00 0.29 70.06 0.00 0.00 0.00 0.00 0.00 0.58
1063 3.02 0.00 0.25 89.92 0.00 0.50 0.00 0.00 0.00 6.30
1064 6.99 0.00 0.26 92.75 0.00 0.00 0.00 0.00 0.00 0.00
1065 26.99 0.00 0.57 71.59 0.00 0.57 0.28 0.00 0.00 0.00
1066 83.81 0.00 1.14 13.64 0.00 0.28 0.00 0.00 0.00 1.14
1067 96.00 0.00 1.07 0.27 0.00 0.53 0.00 0.00 0.00 2.13
1068 98.46 0.00 0.62 0.31 0.00 0.00 0.00 0.00 0.00 0.62
1069 95.92 0.00 1.28 0.51 0.00 0.51 0.00 0.00 0.00 1.79
1070 86.70 0.00 0.51 12.53 0.00 0.00 0.00 0.00 0.00 0.26
1071 98.25 0.00 1.00 0.25 0.00 0.25 0.00 0.00 0.00 0.25
1072 99.45 0.00 0.55 0.00 0.00 0.00 0.00 0.00 0.00 0.00
1073 95.50 0.00 3.17 1.32 0.00 0.00 0.00 0.00 0.00 0.00
1074 95.44 0.00 3.54 0.00 0.00 0.00 0.00 0.00 0.00 1.01
1075 94.96 0.00 4.28 0.76 0.00 0.00 0.00 0.00 0.00 0.00
1076 91.23 0.00 3.01 3.51 0.00 0.25 0.00 0.00 0.00 2.01
1077 58.62 0.00 1.59 38.99 0.00 0.27 0.00 0.00 0.00 0.53
1078 57.14 0.00 1.53 41.07 0.00 0.00 0.00 0.00 0.00 0.26
1079 74.42 0.00 1.55 23.77 0.00 0.00 0.00 0.00 0.00 0.26
1080 62.63 0.00 1.52 9.09 0.00 0.00 0.00 0.00 0.00 26.77
1081 25.06 0.00 0.00 31.39 0.00 0.00 0.00 0.00 0.00 43.54
1082 7.45 0.00 0.00 35.09 0.00 0.00 0.31 0.00 0.00 57.14
1083 2.92 0.00 0.32 5.52 0.00 0.00 0.32 0.00 0.00 90.91
1084 22.94 0.00 0.29 3.53 0.00 0.00 0.00 0.00 0.00 73.24
1085 81.42 0.00 1.86 13.31 0.00 0.00 0.00 0.00 0.00 3.41
1086 89.97 0.00 1.54 7.97 0.00 0.00 0.26 0.00 0.00 0.26
1087 93.57 0.00 2.06 3.08 0.00 0.26 0.00 0.00 0.00 1.03
1088 36.04 0.00 1.27 46.45 0.00 0.25 0.00 0.00 0.00 15.99
1089 39.29 0.00 0.51 26.53 0.00 0.00 0.00 0.00 0.00 33.67
1090 47.33 0.00 0.27 6.15 0.00 0.00 0.00 0.00 0.00 46.26
1091 44.77 0.00 0.29 6.40 0.00 0.00 0.00 0.00 0.00 48.55
1092 57.93 0.00 0.00 2.27 0.00 0.00 0.00 0.00 0.00 39.80
1093 78.87 0.00 1.55 13.92 0.00 0.52 0.00 0.00 0.00 5.15
1094 81.86 0.00 0.25 1.26 0.00 0.00 0.00 0.00 0.00 16.62
1095 50.00 0.00 0.00 2.27 0.00 0.00 0.00 0.00 0.00 47.73
1096 64.29 0.00 2.55 1.53 0.00 0.00 0.00 0.00 0.00 31.63
1097 69.19 0.00 2.09 8.09 0.00 0.00 0.00 0.00 0.00 20.63
1098 64.22 0.00 1.83 13.15 0.00 0.00 0.00 0.00 0.00 20.80
1099 21.91 0.00 0.50 29.47 0.00 0.00 0.00 0.00 0.00 48.11
1100 15.84 0.00 0.26 35.58 0.00 0.00 0.00 0.00 0.00 48.31
1101 51.53 0.00 0.77 40.05 0.00 0.00 0.00 0.00 0.00 7.65
1102 4.52 0.00 0.50 71.86 0.00 0.25 0.00 0.00 0.00 22.86
1103 49.37 0.00 1.01 49.12 0.00 0.25 0.00 0.00 0.00 0.25
1104 45.32 0.00 1.17 29.82 0.00 0.00 0.29 0.00 0.00 23.39
1105 11.68 0.00 0.30 5.39 0.00 0.00 0.00 0.00 0.00 82.63
1106 2.92 0.00 0.32 5.84 0.00 0.00 0.00 0.00 0.00 90.91
1107 24.62 0.00 0.25 6.35 0.00 0.00 0.00 0.00 0.00 68.78
1108 25.38 0.00 0.25 25.63 0.00 0.00 0.00 0.00 0.00 48.74
1109 45.04 0.00 1.78 30.28 0.00 0.51 0.00 0.00 0.00 22.39
1110 78.01 0.00 1.20 19.58 0.00 0.30 0.30 0.00 0.00 0.60
1111 93.96 0.00 1.57 3.94 0.00 0.26 0.00 0.00 0.00 0.26
1112 95.98 0.00 0.75 2.01 0.00 0.00 0.00 0.00 0.00 1.26
1113 66.05 0.00 1.06 24.93 0.00 0.00 0.00 0.00 0.00 7.96
1114 81.52 0.00 0.76 15.19 0.00 0.25 0.00 0.00 0.00 2.28
1115 42.42 0.00 0.25 23.74 0.00 0.00 0.00 0.00 0.00 33.59
1116 26.70 0.00 0.00 12.59 0.00 0.00 0.00 0.00 0.00 60.71
1117 46.98 0.00 0.75 28.64 0.00 0.00 0.00 0.00 0.00 23.62
1118 43.18 0.00 1.52 23.74 0.00 0.00 0.00 0.00 0.00 31.57
1119 35.35 0.00 0.25 28.03 0.00 0.00 0.00 0.00 0.00 36.36
1120 25.19 0.00 0.50 38.29 0.00 0.00 0.00 0.00 0.00 36.02
1121 20.16 0.00 0.80 41.38 0.00 0.00 0.27 0.00 0.00 37.40
1122 19.95 0.00 0.27 5.66 0.00 0.00 0.00 0.00 0.00 74.12
1123 10.75 0.00 0.60 5.07 0.00 0.00 0.30 0.00 0.00 83.28
1124 89.56 0.00 1.04 4.96 0.00 0.26 0.00 0.00 0.00 4.18
1125 76.42 0.00 0.00 0.81 0.00 0.00 0.00 0.00 0.00 22.76
1126 75.00 0.00 0.32 2.53 0.00 0.00 0.32 0.00 0.00 21.84
1127 75.38 0.00 0.25 19.54 0.00 0.00 0.00 0.00 0.00 4.82
1128 84.65 0.00 1.79 12.53 0.00 0.51 0.00 0.00 0.00 0.51
1129 76.21 0.00 1.02 6.65 0.00 0.00 0.00 0.00 0.00 16.11
1130 24.69 0.00 0.25 2.27 0.00 0.00 0.00 0.00 0.00 72.80
1131 25.06 0.00 0.00 2.01 0.00 0.00 0.00 0.00 0.00 72.93
1132 24.87 0.00 0.50 2.51 0.00 0.00 0.00 0.00 0.00 72.11
1133 24.69 0.00 0.00 1.26 0.00 0.00 0.00 0.00 0.00 74.06
1134 23.92 0.00 0.25 2.04 0.00 0.00 0.00 0.00 0.00 73.79
1135 15.67 0.00 0.28 0.85 0.00 0.00 0.28 0.00 0.00 82.91
1136 96.22 0.00 3.02 0.00 0.00 0.25 0.00 0.00 0.00 0.50
1137 85.79 0.00 2.79 5.33 0.00 0.00 0.00 0.00 0.00 6.09
1138 63.71 0.00 2.29 0.29 0.00 0.00 0.00 0.00 0.00 33.71
1139 19.04 0.00 0.51 9.90 0.00 0.25 0.00 0.00 0.00 70.30
1140 31.65 0.00 0.76 13.92 0.00 0.00 0.00 0.00 0.00 53.67
1141 16.79 0.00 0.51 5.85 0.00 0.00 0.00 0.00 0.00 76.84
1142 0.25 0.00 0.00 2.51 0.00 0.00 0.00 0.00 0.00 97.24
1143 3.52 0.00 0.25 26.38 0.00 0.00 0.00 0.00 0.00 69.85
1144 11.17 0.00 0.51 35.03 0.00 0.00 0.00 0.00 0.00 53.30
1145 22.29 0.00 0.29 25.51 0.00 0.00 0.00 0.00 0.00 51.91
1146 17.86 0.00 0.27 20.60 0.00 0.00 0.00 0.00 0.00 61.26
1147 24.69 0.00 0.25 9.82 0.00 0.00 0.00 0.00 0.00 65.24
1148 24.94 0.00 0.25 5.79 0.00 0.00 0.00 0.00 0.00 69.02
1149 23.00 0.00 1.00 15.00 0.00 0.00 0.00 0.00 0.00 61.00
1150 24.31 0.00 1.25 11.78 0.00 0.00 0.00 0.00 0.00 62.66
1151 49.24 0.00 1.01 4.04 0.00 0.00 0.00 0.00 0.00 45.71
1152 0.25 0.00 0.25 3.26 0.00 0.00 0.25 0.00 0.00 95.99
1153 0.25 0.00 0.25 3.01 0.00 0.00 0.00 0.00 0.00 96.49
1154 0.25 0.00 0.25 2.51 0.00 0.00 0.00 0.00 0.00 96.99
1155 0.25 0.00 0.25 3.51 0.00 0.00 0.00 0.00 0.00 95.99
1156 0.00 0.00 0.50 2.52 0.00 0.00 0.00 0.00 0.00 96.98
1157 0.25 0.00 0.25 2.51 0.00 0.00 0.00 0.00 0.00 96.99
1158 0.25 0.00 0.25 2.76 0.00 0.00 0.00 0.00 0.00 96.73
1159 0.00 0.00 0.00 3.51 0.00 0.00 0.00 0.00 0.00 96.49
1160 0.50 0.00 0.00 2.76 0.00 0.00 0.00 0.00 0.00 96.74
1161 0.00 0.00 0.00 4.53 0.00 0.00 0.00 0.00 0.00 95.47
1162 0.25 0.00 0.25 2.00 0.00 0.00 0.00 0.00 0.00 97.50
1163 0.00 0.00 0.00 1.76 0.00 0.00 0.00 0.00 0.00 98.24
1164 0.25 0.00 0.00 3.02 0.00 0.00 0.00 0.00 0.00 96.73
1165 0.00 0.00 0.25 2.01 0.00 0.00 0.00 0.00 0.00 97.74
1166 1.52 0.00 0.25 21.27 0.00 0.00 0.00 0.00 0.00 76.96
1167 6.99 0.00 1.30 90.93 0.00 0.00 0.00 0.00 0.00 0.78
1168 6.12 0.00 0.51 93.37 0.00 0.00 0.00 0.00 0.00 0.00
1169 7.99 0.00 0.26 91.75 0.00 0.00 0.00 0.00 0.00 0.00
1170 3.56 0.00 0.51 95.93 0.00 0.00 0.00 0.00 0.00 0.00
1171 4.31 0.00 0.51 95.18 0.00 0.00 0.00 0.00 0.00 0.00
1172 5.56 0.00 0.76 93.69 0.00 0.00 0.00 0.00 0.00 0.00
1173 22.14 0.00 0.51 77.35 0.00 0.00 0.00 0.00 0.00 0.00
1174 45.97 0.00 0.26 53.51 0.00 0.00 0.26 0.00 0.00 0.00
1175 71.65 0.00 0.77 27.06 0.00 0.26 0.00 0.00 0.00 0.26
1176 89.45 0.00 0.53 9.76 0.00 0.26 0.00 0.00 0.00 0.00
1177 83.43 0.00 0.57 16.00 0.00 0.00 0.00 0.00 0.00 0.00
1178 82.03 0.00 0.51 17.22 0.00 0.25 0.00 0.00 0.00 0.00
1179 75.31 0.00 0.50 23.93 0.00 0.25 0.00 0.00 0.00 0.00
1180 74.08 0.00 0.26 25.65 0.00 0.00 0.00 0.00 0.00 0.00
1181 61.19 0.00 1.98 36.54 0.00 0.28 0.00 0.00 0.00 0.00
1182 96.71 0.00 2.28 0.25 0.00 0.25 0.25 0.00 0.00 0.25
1183 85.97 0.00 3.06 8.93 0.00 0.00 0.00 0.00 0.00 2.04
1184 36.44 0.00 0.27 25.75 0.00 0.00 0.00 0.00 0.00 37.53
1185 5.38 0.00 0.63 31.65 0.00 0.00 0.00 0.00 0.00 62.34
1186 14.08 0.00 0.00 33.33 0.00 0.00 0.00 0.00 0.00 52.59
1187 9.91 0.00 0.30 34.53 0.00 0.00 0.30 0.00 0.00 54.95
1188 24.56 0.00 0.25 43.54 0.00 0.00 0.00 0.00 0.00 31.65
1189 24.94 0.00 0.25 22.42 0.00 0.00 0.00 0.00 0.00 52.39
1190 76.08 0.00 1.78 4.07 0.00 0.25 0.00 0.00 0.00 17.81
1191 49.60 0.00 2.95 35.39 0.00 0.27 0.00 0.00 0.00 11.80
1192 32.55 0.00 2.86 64.32 0.00 0.00 0.26 0.00 0.00 0.00
1193 28.11 0.00 1.08 70.81 0.00 0.00 0.00 0.00 0.00 0.00
1194 82.82 0.00 0.77 16.15 0.00 0.26 0.00 0.00 0.00 0.00
1195 96.99 0.00 1.51 0.30 0.00 0.30 0.00 0.00 0.00 0.90
1196 97.55 0.00 1.63 0.00 0.00 0.00 0.00 0.00 0.00 0.82
1197 97.99 0.00 1.51 0.00 0.00 0.00 0.25 0.00 0.00 0.25
1198 97.49 0.00 1.01 0.50 0.00 0.00 0.00 0.00 0.00 1.01
1199 88.89 0.00 3.28 7.83 0.00 0.00 0.00 0.00 0.00 0.00
1200 87.37 0.00 3.03 9.34 0.00 0.00 0.00 0.00 0.00 0.25
1201 80.42 0.00 2.91 14.81 0.00 0.53 0.00 0.00 0.00 1.32
1202 90.44 0.00 0.52 8.79 0.00 0.00 0.26 0.00 0.00 0.00
1203 97.99 0.00 0.75 0.00 0.00 0.00 0.00 0.00 0.00 1.26
1204 96.22 0.00 3.53 0.25 0.00 0.00 0.00 0.00 0.00 0.00
1205 88.48 0.00 1.82 7.58 0.00 0.00 0.00 0.00 0.00 2.12
1206 54.03 0.00 2.34 37.92 0.00 0.00 0.00 0.00 0.00 5.71
1207 76.61 0.00 1.54 21.08 0.00 0.00 0.00 0.00 0.00 0.77
1208 85.95 0.00 1.89 11.35 0.00 0.27 0.00 0.00 0.00 0.54
1209 51.93 0.00 1.80 46.02 0.00 0.00 0.00 0.00 0.00 0.26
1210 42.27 0.00 1.29 42.53 0.00 0.26 0.26 0.00 0.00 13.40
1211 73.68 0.00 1.25 1.00 0.00 0.00 0.00 0.00 0.00 24.06
1212 62.72 0.00 1.29 0.77 0.00 0.00 0.00 0.00 0.00 35.22
1213 46.99 0.00 0.30 20.48 0.00 0.00 0.00 0.00 0.00 32.23
1214 43.06 0.00 0.29 24.86 0.00 0.00 0.00 0.00 0.00 31.79
1215 39.14 0.00 0.31 25.69 0.00 0.00 0.31 0.00 0.00 34.56
1216 40.48 0.00 0.60 21.13 0.00 0.00 0.00 0.00 0.00 37.80
1217 41.74 0.00 0.58 27.83 0.00 0.00 0.00 0.00 0.00 29.86
1218 40.53 0.00 1.48 30.18 0.00 0.30 0.30 0.00 0.00 27.22
1219 54.65 0.00 2.54 2.54 0.00 0.00 0.00 0.00 0.00 40.28
1220 9.14 0.00 0.29 4.86 0.00 0.00 0.00 0.00 0.00 85.71
1221 0.00 0.00 0.50 6.98 0.00 0.00 0.00 0.00 0.00 92.52
1222 0.00 0.00 0.00 3.27 0.00 0.00 0.00 0.00 0.00 96.73
1223 34.61 0.00 3.31 49.36 0.00 0.76 0.00 0.00 0.00 11.96
1224 33.51 0.00 1.31 64.92 0.00 0.26 0.00 0.00 0.00 0.00
1225 73.06 0.00 0.26 20.73 0.00 0.26 0.00 0.00 0.00 5.70
1226 73.20 0.00 0.86 11.82 0.00 0.00 0.00 0.00 0.00 14.12
1227 89.51 0.00 1.02 3.32 0.00 0.26 0.00 0.00 0.00 5.88
1228 57.71 0.00 0.00 1.60 0.00 0.00 0.00 0.00 0.00 40.69
1229 16.35 0.00 0.80 9.65 0.00 0.00 0.27 0.00 0.00 72.92
1230 32.94 0.00 0.59 6.23 0.00 0.00 0.00 0.00 0.00 60.24
1231 16.24 0.00 0.51 23.60 0.00 0.00 0.25 0.00 0.00 59.39
1232 55.03 0.00 9.50 17.88 0.00 0.28 0.28 0.00 0.00 17.04
1233 23.78 0.00 2.97 21.62 0.00 0.00 0.00 0.00 0.00 51.62
1234 10.65 0.00 1.78 22.19 0.00 0.00 0.30 0.00 0.00 65.09
1235 10.78 0.00 0.90 30.24 0.00 0.00 0.00 0.00 0.00 58.08
1236 5.97 0.00 0.31 59.12 0.00 0.00 0.31 0.00 0.00 34.28
1237 23.12 0.00 0.26 49.61 0.00 0.00 0.00 0.00 0.00 27.01
1238 39.63 0.00 1.57 28.35 0.00 0.00 0.00 0.00 0.00 30.45
1239 71.61 0.00 1.28 25.32 0.00 0.51 0.00 0.00 0.00 1.28
1240 65.02 0.00 1.55 30.96 0.31 0.62 0.93 0.00 0.00 0.62
1241 60.81 0.00 2.97 34.05 0.00 0.81 0.27 0.00 0.00 1.08
1242 88.50 0.00 2.36 2.95 0.00 0.29 0.29 0.00 0.00 5.60
1243 78.06 0.00 0.28 1.71 0.00 0.00 0.00 0.00 0.00 19.94
1244 62.02 0.00 0.00 0.82 0.00 0.00 0.00 0.00 0.00 37.16
1245 49.24 0.00 0.25 2.78 0.00 0.00 0.00 0.00 0.00 47.73
1246 61.84 0.00 1.58 0.79 0.00 0.26 0.00 0.00 0.00 35.53
1247 85.05 0.00 0.93 0.00 0.00 0.31 0.00 0.00 0.00 13.71
1248 10.21 0.00 0.00 3.60 0.00 0.00 0.30 0.00 0.00 85.89
1249 12.35 0.00 0.00 2.94 0.00 0.00 0.00 0.00 0.00 84.71
1250 9.42 0.00 0.00 4.26 0.00 0.00 0.00 0.00 0.00 86.32
1251 6.23 0.00 0.31 9.35 0.00 0.00 0.31 0.00 0.00 83.80
1252 24.94 0.00 0.00 9.57 0.00 0.00 0.00 0.00 0.00 65.49
1253 77.61 0.00 1.27 1.27 0.00 0.25 0.00 0.00 0.00 19.59
1254 90.61 0.00 1.52 7.61 0.00 0.00 0.00 0.00 0.00 0.25
1255 77.78 0.00 1.01 20.96 0.00 0.00 0.00 0.00 0.00 0.25
1256 73.05 0.00 2.52 22.92 0.00 0.00 0.00 0.00 0.00 1.51
1257 60.05 0.00 1.27 7.38 0.00 0.00 0.00 0.00 0.00 31.30
1258 76.97 0.00 3.93 12.64 0.00 0.28 0.28 0.00 0.00 5.90
1259 93.69 0.00 2.27 2.02 0.00 0.76 0.00 0.00 0.00 1.26
1260 89.45 0.00 2.51 0.00 0.00 0.25 0.00 0.00 0.00 7.79
1261 24.87 0.00 0.25 4.02 0.00 0.00 0.00 0.00 0.00 70.85
1262 24.56 0.00 1.00 9.52 0.00 0.00 0.00 0.00 0.00 64.91
1263 24.94 0.00 0.00 4.53 0.00 0.00 0.00 0.00 0.00 70.53
1264 24.87 0.00 0.25 8.29 0.00 0.00 0.00 0.00 0.00 66.58
1265 55.05 0.00 1.52 17.93 0.00 0.25 0.00 0.00 0.00 25.25
1266 77.58 0.00 0.77 2.06 0.00 0.00 0.00 0.00 0.00 19.59
1267 87.60 0.00 0.81 10.51 0.00 0.27 0.27 0.00 0.00 0.54
1268 74.48 0.00 2.34 20.31 0.00 0.00 0.00 0.00 0.00 2.86
1269 71.43 0.00 0.81 15.90 0.00 0.00 0.00 0.00 0.00 11.86
1270 78.43 0.00 0.51 7.61 0.00 0.00 0.00 0.00 0.00 13.45
1271 28.93 0.00 0.25 10.91 0.00 0.00 0.00 0.00 0.00 59.90
1272 75.71 0.00 0.52 7.75 0.00 0.00 0.00 0.00 0.00 16.02
1273 62.97 0.00 0.58 3.21 0.00 0.29 0.29 0.00 0.00 32.65
1274 11.29 0.00 0.00 3.76 0.00 0.00 0.00 0.00 0.00 84.95
1275 22.19 0.00 0.00 4.18 0.00 0.00 0.00 0.00 0.00 73.63
1276 24.87 0.00 0.25 1.01 0.00 0.00 0.00 0.00 0.00 73.87
1277 17.86 0.00 0.27 4.40 0.00 0.00 0.27 0.00 0.00 77.20
1278 50.40 0.00 0.53 14.13 0.00 0.00 0.00 0.00 0.00 34.93
1279 81.98 0.00 0.76 16.50 0.00 0.00 0.00 0.00 0.00 0.76
1280 89.35 0.00 0.78 8.83 0.00 0.26 0.00 0.00 0.00 0.78
1281 41.31 0.00 0.50 9.07 0.00 0.00 0.00 0.00 0.00 49.12
1282 24.87 0.00 0.00 2.26 0.00 0.00 0.00 0.00 0.00 72.86
1283 25.06 0.00 0.25 4.01 0.00 0.00 0.00 0.00 0.00 70.68
1284 15.54 0.00 0.28 3.11 0.00 0.00 0.00 0.00 0.00 81.07
1285 23.51 0.00 0.30 1.49 0.00 0.00 0.00 0.00 0.00 74.70
1286 99.07 0.00 0.31 0.00 0.00 0.00 0.00 0.00 0.00 0.62
1287 99.69 0.00 0.31 0.00 0.00 0.00 0.00 0.00 0.00 0.00
1288 98.52 0.00 0.59 0.30 0.00 0.00 0.30 0.00 0.00 0.30
1289 96.24 0.00 3.13 0.31 0.00 0.00 0.31 0.00 0.00 0.00
1290 95.76 0.00 3.03 1.21 0.00 0.00 0.00 0.00 0.00 0.00
1291 67.43 0.00 2.61 8.47 0.00 0.00 0.98 0.00 0.00 20.52
1292 36.86 0.00 1.03 8.25 0.00 0.00 0.00 0.00 0.00 53.87
1293 24.75 0.00 1.01 0.76 0.00 0.00 0.00 0.00 0.00 73.48
1294 21.65 0.00 0.61 0.30 0.00 0.00 0.00 0.00 0.00 77.44
1295 12.02 0.00 0.59 2.93 0.00 0.00 0.00 0.00 0.00 84.46
1296 10.37 0.00 0.58 6.34 0.00 0.00 0.00 0.00 0.00 82.71
1297 22.92 0.00 0.78 75.78 0.00 0.26 0.00 0.00 0.00 0.26
1298 6.55 0.00 0.76 92.70 0.00 0.00 0.00 0.00 0.00 0.00
1299 5.85 0.00 0.51 93.38 0.00 0.25 0.00 0.00 0.00 0.00
1300 3.78 0.00 0.50 95.72 0.00 0.00 0.00 0.00 0.00 0.00
1301 9.30 0.00 0.78 88.37 0.00 0.00 0.00 0.00 0.00 1.55
1302 5.79 0.00 0.50 80.60 0.00 0.00 0.25 0.00 0.00 12.85
1303 3.53 0.00 0.50 95.97 0.00 0.00 0.00 0.00 0.00 0.00
1304 2.28 0.00 0.76 96.96 0.00 0.00 0.00 0.00 0.00 0.00
1305 25.32 0.00 1.28 73.15 0.00 0.26 0.00 0.00 0.00 0.00
1306 78.54 0.00 0.51 20.96 0.00 0.00 0.00 0.00 0.00 0.00
1307 97.22 0.00 1.52 0.51 0.00 0.25 0.00 0.00 0.00 0.51
1308 98.98 0.00 0.76 0.00 0.00 0.00 0.00 0.00 0.00 0.25
1309 91.24 0.00 0.26 0.26 0.00 0.00 0.00 0.00 0.00 8.25
1310 93.10 0.00 0.80 0.00 0.00 0.00 0.00 0.00 0.00 6.10
1311 98.67 0.00 0.53 0.00 0.00 0.00 0.00 0.00 0.00 0.80
1312 98.74 0.00 1.26 0.00 0.00 0.00 0.00 0.00 0.00 0.00
1313 94.21 0.00 1.26 2.77 0.00 0.00 0.00 0.00 0.00 1.76
1314 96.22 0.00 3.53 0.00 0.00 0.00 0.00 0.00 0.00 0.25
1315 91.72 0.00 2.96 3.25 0.00 0.30 0.00 0.00 0.00 1.78
1316 64.80 0.00 2.67 32.00 0.00 0.27 0.27 0.00 0.00 0.00
1317 44.41 0.00 1.81 53.78 0.00 0.00 0.00 0.00 0.00 0.00
1318 12.69 0.00 0.57 83.49 0.00 0.00 0.00 0.00 0.00 3.24
1319 48.37 0.00 2.17 38.59 0.00 0.00 0.00 0.00 0.00 10.87
1320 19.85 0.00 1.53 73.28 0.00 0.00 0.00 0.00 0.00 5.34
1321 35.54 0.00 2.39 61.80 0.00 0.00 0.00 0.00 0.00 0.27
1322 56.52 0.00 3.19 40.29 0.00 0.00 0.00 0.00 0.00 0.00
1323 93.44 0.00 2.19 3.83 0.00 0.00 0.27 0.00 0.00 0.27
1324 65.13 0.00 1.79 15.64 0.00 0.26 0.00 0.00 0.00 17.18
1325 40.40 0.00 1.26 33.59 0.00 0.00 0.00 0.00 0.00 24.75
1326 37.25 0.00 0.57 45.85 0.00 0.29 0.00 0.00 0.00 16.05
1327 72.22 0.00 1.23 20.68 0.00 0.00 0.00 0.00 0.00 5.86
1328 56.65 0.00 0.32 22.15 0.00 0.32 0.32 0.00 0.00 20.25
1329 46.26 0.00 0.29 25.00 0.00 0.00 0.00 0.00 0.00 28.45
1330 64.10 0.00 0.28 25.64 0.00 0.00 0.00 0.00 0.00 9.97
1331 95.08 0.00 2.85 1.30 0.00 0.26 0.00 0.00 0.00 0.52
1332 95.81 0.00 2.09 0.26 0.00 0.00 0.00 0.00 0.00 1.83
1333 80.94 0.00 1.76 14.37 0.00 0.29 0.29 0.00 0.00 2.35
1334 70.21 0.00 2.39 23.94 0.00 0.27 0.00 0.00 0.00 3.19
1335 52.94 0.00 1.02 36.57 0.00 0.00 0.00 0.00 0.00 9.46
1336 69.21 0.00 1.78 15.52 0.00 0.00 0.00 0.00 0.00 13.49
1337 76.34 0.00 2.54 0.00 0.00 0.00 0.00 0.00 0.00 21.12
1338 78.93 0.00 1.52 1.78 0.00 0.00 0.00 0.00 0.00 17.77
1339 56.81 0.00 0.52 6.81 0.00 0.00 0.00 0.00 0.00 35.86
1340 44.78 0.00 2.29 16.54 0.00 0.00 0.00 0.00 0.00 36.39
1341 41.30 0.00 0.78 15.06 0.00 0.00 0.00 0.00 0.00 42.86
1342 24.31 0.00 1.25 8.52 0.00 0.00 0.00 0.00 0.00 65.91
1343 36.84 0.00 1.00 12.03 0.00 0.00 0.00 0.00 0.00 50.13
1344 31.90 0.00 4.30 4.56 0.00 0.00 0.00 0.00 0.00 59.24
1345 7.81 0.00 0.25 1.51 0.00 0.00 0.00 0.00 0.00 90.43
1346 10.25 0.00 0.50 2.25 0.00 0.25 0.00 0.00 0.00 86.75
1347 59.59 0.00 0.78 28.24 0.00 0.00 0.00 0.00 0.00 11.40
1348 86.01 0.00 2.04 11.45 0.00 0.25 0.00 0.00 0.00 0.25
1349 98.24 0.00 1.01 0.25 0.00 0.50 0.00 0.00 0.00 0.00
1350 97.74 0.00 1.50 0.00 0.00 0.00 0.00 0.00 0.00 0.75
1351 98.49 0.00 0.76 0.00 0.00 0.00 0.00 0.00 0.00 0.76
1352 97.96 0.00 1.02 0.25 0.00 0.25 0.25 0.00 0.00 0.25
1353 98.74 0.00 0.50 0.50 0.00 0.00 0.00 0.00 0.00 0.25
1354 55.73 0.00 3.31 37.40 0.00 0.25 0.00 0.00 0.00 3.31
1355 31.98 0.00 1.52 53.81 0.00 0.00 0.00 0.00 0.00 12.69
1356 48.68 0.00 1.05 50.00 0.00 0.26 0.00 0.00 0.00 0.00
1357 30.75 0.00 3.21 61.23 0.00 0.00 0.27 0.00 0.00 4.55
1358 37.05 0.00 0.60 56.33 0.00 0.30 0.00 0.00 0.00 5.72
1359 4.47 0.00 0.32 9.90 0.00 0.00 0.00 0.00 0.00 85.30
1360 5.68 0.00 0.32 5.99 0.00 0.00 0.32 0.00 0.00 87.70
1361 6.27 0.00 0.94 4.70 0.00 0.00 0.31 0.00 0.00 87.77
1362 7.72 0.00 0.00 6.17 0.00 0.00 0.00 0.00 0.00 86.11
1363 39.18 0.00 1.64 16.44 0.00 0.00 0.00 0.00 0.00 42.74
1364 96.11 0.00 2.69 0.30 0.00 0.00 0.30 0.00 0.00 0.60
1365 97.72 0.00 1.27 0.00 0.00 0.00 0.00 0.00 0.00 1.02
1366 88.50 0.00 3.74 6.15 0.00 0.00 0.00 0.00 0.00 1.60
1367 84.44 0.00 0.77 14.29 0.00 0.26 0.00 0.00 0.00 0.26
1368 82.86 0.00 1.04 15.06 0.00 0.00 0.00 0.00 0.00 1.04
1369 97.88 0.00 0.53 1.06 0.00 0.27 0.00 0.00 0.00 0.27
1370 24.75 0.00 0.00 29.80 0.00 0.00 0.00 0.00 0.00 45.45
1371 10.21 0.00 0.00 30.03 0.00 0.00 0.30 0.00 0.00 59.46
1372 8.00 0.00 0.31 34.46 0.00 0.00 0.31 0.00 0.00 56.92
1373 11.01 0.00 0.00 11.61 0.00 0.00 0.00 0.00 0.00 77.38
1374 33.97 0.00 0.64 2.88 0.00 0.00 0.64 0.00 0.00 61.86
1375 96.30 0.00 1.54 0.62 0.00 0.62 0.62 0.00 0.00 0.31
1376 97.18 0.00 2.82 0.00 0.00 0.00 0.00 0.00 0.00 0.00
1377 95.48 0.00 3.46 0.80 0.00 0.27 0.00 0.00 0.00 0.00
1378 44.51 0.00 1.48 4.45 0.00 0.00 0.30 0.00 0.00 49.26
1379 0.33 0.00 0.33 8.36 0.00 0.00 0.00 0.00 0.00 90.97
1380 21.99 0.00 0.00 12.30 0.00 0.00 0.26 0.00 0.00 65.45
1381 17.17 0.00 0.00 5.26 0.00 0.00 0.28 0.00 0.00 77.29
1382 13.08 0.00 0.29 4.36 0.00 0.00 0.29 0.00 0.00 81.98
1383 25.00 0.00 0.50 3.50 0.00 0.00 0.00 0.00 0.00 71.00
1384 69.85 0.00 3.52 3.77 0.00 0.25 0.00 0.00 0.00 22.61
1385 83.04 0.00 3.04 13.92 0.00 0.00 0.00 0.00 0.00 0.00
1386 48.10 0.00 3.04 41.77 0.00 0.00 0.00 0.00 0.00 7.09
1387 25.13 0.00 0.50 32.16 0.00 0.00 0.00 0.00 0.00 42.21
1388 45.34 0.00 0.52 33.68 0.00 0.00 0.00 0.00 0.00 20.47
1389 34.26 0.00 0.51 64.21 0.00 0.51 0.00 0.00 0.00 0.51
1390 38.79 0.00 1.01 60.20 0.00 0.00 0.00 0.00 0.00 0.00
1391 85.08 0.00 0.79 10.47 0.00 0.52 0.26 0.00 0.00 2.88
1392 91.23 0.00 2.19 2.19 0.00 0.55 0.27 0.00 0.00 3.56
1393 68.94 0.00 1.52 2.53 0.00 0.00 0.00 0.00 0.00 27.02
1394 21.78 0.00 0.00 6.04 0.00 0.00 0.00 0.00 0.00 72.18
1395 7.74 0.00 0.31 3.72 0.00 0.00 0.00 0.00 0.00 88.24
1396 11.31 0.00 0.00 6.85 0.00 0.00 0.00 0.00 0.00 81.85
1397 5.40 0.00 0.00 6.35 0.00 0.00 0.00 0.00 0.00 88.25
1398 62.20 0.00 2.10 0.79 0.00 0.52 0.00 0.00 0.00 34.38
1399 96.18 0.00 2.29 0.25 0.00 0.25 0.25 0.00 0.00 0.76
1400 88.27 0.00 2.30 8.16 0.00 0.51 0.00 0.00 0.00 0.77
1401 65.56 0.00 0.51 31.12 0.00 0.26 0.00 0.00 0.00 2.55
1402 31.19 0.00 0.52 54.90 0.00 0.00 0.26 0.00 0.00 13.14
1403 21.41 0.00 1.26 75.06 0.00 0.00 0.00 0.00 0.00 2.27
1404 46.56 0.00 0.26 28.04 0.00 0.00 0.26 0.00 0.00 24.87
1405 7.83 0.00 0.25 66.67 0.00 0.00 0.00 0.00 0.00 25.25
1406 23.31 0.00 0.50 51.13 0.00 0.25 0.00 0.00 0.00 24.81
1407 76.83 0.00 1.51 8.06 0.00 0.25 0.00 0.00 0.00 13.35
1408 46.18 0.00 1.42 30.59 0.00 0.28 0.00 0.00 0.00 21.53
1409 84.10 0.00 1.03 11.28 0.00 0.00 0.00 0.00 0.00 3.59
1410 94.68 0.00 0.51 0.00 0.00 0.00 0.00 0.00 0.00 4.81
1411 93.61 0.00 0.26 0.00 0.00 0.00 0.00 0.00 0.00 6.14
1412 77.87 0.00 0.80 0.27 0.00 0.00 0.00 0.00 0.00 21.07
1413 98.30 0.00 0.85 0.28 0.00 0.28 0.00 0.00 0.00 0.28
1414 97.41 0.00 2.07 0.26 0.00 0.00 0.00 0.00 0.00 0.26
1415 94.83 0.00 3.62 0.78 0.00 0.00 0.26 0.00 0.00 0.52
1416 86.58 0.00 4.56 0.00 0.00 0.00 0.00 0.00 0.00 8.86
1417 71.21 0.00 2.27 2.27 0.00 0.00 0.00 0.00 0.00 24.24
1418 38.35 0.00 0.75 2.01 0.00 0.00 0.00 0.00 0.00 58.90
1419 22.80 0.00 0.00 2.33 0.00 0.00 0.00 0.00 0.00 74.87
1420 20.98 0.00 0.86 0.86 0.00 0.00 0.00 0.00 0.00 77.30
1421 24.18 0.00 0.50 1.76 0.00 0.00 0.00 0.00 0.00 73.55
1422 24.75 0.00 0.50 0.75 0.00 0.00 0.25 0.00 0.00 73.75
1423 29.15 0.00 1.26 2.26 0.00 0.00 0.00 0.00 0.00 67.34
1424 14.36 0.00 1.01 1.76 0.00 0.00 0.00 0.00 0.00 82.87
1425 0.00 0.00 0.00 3.28 0.00 0.00 0.00 0.00 0.00 96.72
1426 0.25 0.00 0.25 3.01 0.00 0.00 0.00 0.00 0.00 96.49
1427 0.25 0.00 0.25 3.50 0.00 0.00 0.00 0.00 0.00 96.00
1428 0.00 0.00 0.25 2.27 0.00 0.00 0.00 0.00 0.00 97.48
1429 0.00 0.00 0.25 3.02 0.00 0.00 0.00 0.00 0.00 96.73
1430 0.50 0.00 0.25 5.76 0.00 0.00 0.00 0.00 0.00 93.48
1431 2.02 0.00 0.51 90.15 0.00 0.00 0.00 0.00 0.00 7.32
1432 3.29 0.00 0.44 96.16 0.00 0.11 0.00 0.00 0.00 0.00
1433 4.29 0.00 0.76 94.95 0.00 0.00 0.00 0.00 0.00 0.00
1434 8.33 0.00 1.01 90.66 0.00 0.00 0.00 0.00 0.00 0.00
1435 3.30 0.00 0.25 96.45 0.00 0.00 0.00 0.00 0.00 0.00
1436 4.92 0.00 1.30 93.78 0.00 0.00 0.00 0.00 0.00 0.00
1437 4.56 0.00 0.51 94.68 0.00 0.25 0.00 0.00 0.00 0.00
1438 5.54 0.00 0.76 93.45 0.00 0.25 0.00 0.00 0.00 0.00
1439 6.11 0.00 0.51 93.38 0.00 0.00 0.00 0.00 0.00 0.00
1440 24.29 0.00 1.03 74.68 0.00 0.00 0.00 0.00 0.00 0.00
1441 34.62 0.00 0.77 54.62 0.00 0.00 0.26 0.00 0.00 9.74
1442 95.10 0.00 1.03 0.52 0.00 0.52 0.00 0.00 0.00 2.84
1443 96.73 0.00 1.51 0.00 0.00 0.25 0.00 0.00 0.00 1.51
1444 98.74 0.00 0.50 0.50 0.00 0.00 0.00 0.00 0.00 0.25
1445 98.50 0.00 0.50 0.25 0.00 0.00 0.00 0.00 0.00 0.75
1446 97.98 0.00 1.76 0.00 0.00 0.00 0.00 0.00 0.00 0.25
1447 96.98 0.00 2.02 0.00 0.00 0.00 0.00 0.00 0.00 1.01
1448 96.22 0.00 2.52 0.76 0.00 0.00 0.00 0.00 0.00 0.50
1449 96.98 0.00 2.52 0.25 0.00 0.25 0.00 0.00 0.00 0.00
1450 84.53 0.00 2.40 13.07 0.00 0.00 0.00 0.00 0.00 0.00
1451 91.71 0.00 3.52 4.77 0.00 0.00 0.00 0.00 0.00 0.00
1452 78.54 0.00 3.28 18.18 0.00 0.00 0.00 0.00 0.00 0.00
1453 53.33 0.00 0.83 45.56 0.00 0.00 0.00 0.00 0.00 0.28
1454 48.45 0.00 1.24 50.31 0.00 0.00 0.00 0.00 0.00 0.00
1455 0.26 0.00 0.00 99.74 0.00 0.00 0.00 0.00 0.00 0.00
1456 7.09 0.00 0.51 92.41 0.00 0.00 0.00 0.00 0.00 0.00
1457 17.63 0.00 0.79 81.58 0.00 0.00 0.00 0.00 0.00 0.00
1458 8.10 0.00 0.51 91.39 0.00 0.00 0.00 0.00 0.00 0.00
1459 32.63 0.00 1.32 65.79 0.00 0.26 0.00 0.00 0.00 0.00
1460 51.49 0.00 1.63 46.34 0.00 0.54 0.00 0.00 0.00 0.00
1461 43.60 0.00 2.45 53.68 0.00 0.00 0.27 0.00 0.00 0.00
1462 80.36 0.00 2.55 16.07 0.00 0.51 0.00 0.00 0.00 0.51
1463 56.16 0.00 0.82 43.01 0.00 0.00 0.00 0.00 0.00 0.00
1464 42.11 0.00 2.22 55.40 0.00 0.28 0.00 0.00 0.00 0.00
1465 54.44 0.00 2.58 42.69 0.00 0.29 0.00 0.00 0.00 0.00
1466 23.91 0.00 1.36 68.75 0.00 0.00 0.27 0.00 0.00 5.71
1467 5.03 0.00 0.50 94.47 0.00 0.00 0.00 0.00 0.00 0.00
1468 9.69 0.00 1.28 88.78 0.00 0.26 0.00 0.00 0.00 0.00
1469 13.14 0.00 1.29 85.31 0.00 0.26 0.00 0.00 0.00 0.00
1470 36.34 0.00 1.55 62.11 0.00 0.00 0.00 0.00 0.00 0.00
1471 52.69 0.00 1.79 42.20 0.00 0.26 0.00 0.00 0.00 3.07
1472 94.96 0.00 2.27 2.02 0.00 0.00 0.25 0.00 0.00 0.50
1473 73.80 0.00 1.26 13.85 0.00 0.00 0.00 0.00 0.00 11.08
1474 25.38 0.00 0.77 52.05 0.00 0.00 0.00 0.00 0.00 21.79
1475 27.41 0.00 1.78 34.77 0.00 0.00 0.00 0.00 0.00 36.04
1476 80.84 0.00 2.10 7.87 0.00 0.00 0.00 0.00 0.00 9.19
1477 97.49 0.00 0.75 1.00 0.00 0.25 0.00 0.00 0.00 0.50
1478 89.62 0.00 1.01 8.86 0.00 0.00 0.00 0.00 0.00 0.51
1479 28.72 0.00 0.25 16.62 0.00 0.00 0.00 0.00 0.00 54.41
1480 25.06 0.00 0.00 14.54 0.00 0.00 0.00 0.00 0.00 60.40
1481 21.11 0.00 0.25 16.58 0.00 0.00 0.00 0.00 0.00 62.06
1482 22.25 0.00 0.25 14.00 0.00 0.00 0.00 0.00 0.00 63.50
1483 25.19 0.00 0.00 20.15 0.00 0.00 0.00 0.00 0.00 54.66
1484 32.32 0.00 1.27 27.48 0.00 0.00 0.00 0.00 0.00 38.93
1485 95.80 0.00 2.62 1.05 0.00 0.26 0.26 0.00 0.00 0.00
1486 91.61 0.00 2.48 1.55 0.00 0.00 0.62 0.00 0.00 3.73
1487 85.67 0.00 2.93 10.42 0.00 0.33 0.33 0.00 0.00 0.33
1488 95.78 0.00 2.11 1.81 0.00 0.00 0.00 0.00 0.00 0.30
1489 95.76 0.00 2.54 0.56 0.00 0.28 0.00 0.00 0.00 0.85
1490 86.36 0.00 0.76 1.77 0.00 0.00 0.00 0.00 0.00 11.11
1491 82.53 0.00 2.78 0.00 0.00 0.00 0.00 0.00 0.00 14.68
1492 96.41 0.00 2.56 0.00 0.00 0.26 0.00 0.00 0.00 0.77
1493 96.40 0.00 2.49 0.00 0.00 0.00 0.00 0.00 0.00 1.11
1494 83.82 0.00 2.12 13.26 0.00 0.27 0.00 0.00 0.00 0.53
1495 68.00 0.00 2.67 29.07 0.00 0.27 0.00 0.00 0.00 0.00
1496 37.50 0.00 1.06 57.18 0.00 0.27 0.00 0.00 0.00 3.99
1497 27.59 0.00 1.27 64.30 0.00 0.00 0.00 0.00 0.00 6.84
1498 6.85 0.00 0.76 73.60 0.00 0.25 0.25 0.00 0.00 18.27
1499 48.81 0.00 1.86 43.50 0.00 0.27 0.27 0.00 0.00 5.31
1500 83.42 0.00 1.04 14.77 0.00 0.26 0.26 0.00 0.00 0.26
1501 97.30 0.00 0.54 0.00 0.00 0.00 0.00 0.00 0.00 2.16
1502 84.94 0.00 1.28 2.88 0.00 0.00 0.32 0.00 0.00 10.58
1503 71.76 0.00 0.29 10.59 0.00 0.00 0.00 0.00 0.00 17.35
1504 27.07 0.00 1.10 43.09 0.00 0.00 0.00 0.00 0.00 28.73
1505 73.61 0.00 1.39 13.33 0.00 0.28 0.00 0.00 0.00 11.39
1506 97.74 0.00 1.51 0.25 0.00 0.25 0.00 0.00 0.00 0.25
1507 49.62 0.00 0.50 7.05 0.00 0.00 0.00 0.00 0.00 42.82
1508 21.93 0.00 0.26 14.36 0.00 0.00 0.00 0.00 0.00 63.45
1509 24.81 0.00 0.25 0.50 0.00 0.00 0.00 0.00 0.00 74.44
1510 5.66 0.00 0.31 3.14 0.00 0.00 0.31 0.00 0.00 90.57
1511 47.84 0.00 1.73 5.19 0.00 0.29 0.00 0.00 0.00 44.96
1512 84.94 0.00 1.04 12.21 0.00 0.52 0.26 0.00 0.00 1.04
1513 96.45 0.00 0.51 1.78 0.00 0.25 0.00 0.00 0.00 1.02
1514 82.78 0.00 2.53 0.76 0.00 0.00 0.00 0.00 0.00 13.92
1515 48.60 0.00 1.78 12.47 0.00 0.00 0.00 0.00 0.00 37.15
1516 58.59 0.00 1.26 10.10 0.00 0.00 0.00 0.00 0.00 30.05
1517 86.26 0.00 2.54 5.60 0.00 0.25 0.00 0.00 0.00 5.34
1518 78.12 0.00 2.29 14.25 0.00 0.00 0.00 0.00 0.00 5.34
1519 74.07 0.00 1.71 15.95 0.00 0.28 0.28 0.00 0.00 7.69
1520 48.98 0.00 0.77 8.42 0.00 0.26 0.00 0.00 0.00 41.58
1521 57.65 0.00 0.55 25.68 0.00 0.00 0.00 0.00 0.00 16.12
1522 39.13 0.00 0.31 60.56 0.00 0.00 0.00 0.00 0.00 0.00
1523 42.90 0.00 0.85 12.22 0.00 0.00 0.28 0.00 0.00 43.75
1524 48.48 0.00 1.77 19.19 0.00 0.00 0.00 0.00 0.00 30.56
1525 45.61 0.00 2.01 2.01 0.00 0.00 0.00 0.00 0.00 50.38
1526 33.08 0.00 1.02 1.78 0.00 0.00 0.00 0.00 0.00 64.12
1527 25.44 0.00 1.26 4.79 0.00 0.00 0.00 0.00 0.00 68.51
1528 41.32 0.00 0.79 49.74 0.00 0.26 0.00 0.00 0.00 7.89
1529 41.37 0.00 1.19 49.11 0.00 0.30 0.30 0.00 0.00 7.74
1530 73.31 0.00 0.28 19.10 0.00 0.28 0.00 0.00 0.00 7.02
1531 82.58 0.00 0.25 7.32 0.00 0.51 0.00 0.00 0.00 9.34
1532 98.15 0.00 0.79 0.26 0.00 0.26 0.00 0.00 0.00 0.53
1533 86.28 0.00 1.06 8.44 0.00 0.00 0.26 0.00 0.00 3.96
1534 32.40 0.00 1.02 20.41 0.00 0.00 0.00 0.00 0.00 46.17
1535 56.42 0.00 1.01 21.16 0.00 0.00 0.00 0.00 0.00 21.41
1536 59.44 0.00 0.28 36.67 0.00 0.28 0.00 0.00 0.00 3.33
1537 15.60 0.00 0.77 83.63 0.00 0.00 0.00 0.00 0.00 0.00
1538 55.08 0.00 0.51 44.42 0.00 0.00 0.00 0.00 0.00 0.00
1539 27.18 0.00 0.26 65.90 0.00 0.00 0.00 0.00 0.00 6.67
1540 80.99 0.00 0.26 17.19 0.00 0.26 0.26 0.00 0.00 1.04
1541 33.00 0.00 0.50 4.53 0.00 0.00 0.00 0.00 0.00 61.96
1542 24.87 0.00 0.25 3.52 0.00 0.00 0.00 0.00 0.00 71.36
1543 23.00 0.00 0.00 2.84 0.00 0.00 0.00 0.00 0.00 74.16
1544 25.25 0.00 0.00 2.78 0.00 0.00 0.00 0.00 0.00 71.97
1545 24.94 0.00 0.00 1.76 0.00 0.00 0.00 0.00 0.00 73.30
1546 61.83 0.00 2.04 6.87 0.00 0.25 0.00 0.00 0.00 29.01
1547 21.99 0.00 0.26 2.88 0.00 0.00 0.00 0.00 0.00 74.87
1548 18.93 0.00 0.27 5.60 0.00 0.00 0.00 0.00 0.00 75.20
1549 25.06 0.00 0.51 3.04 0.00 0.00 0.25 0.00 0.00 71.14
1550 12.09 0.00 0.00 6.19 0.00 0.00 0.00 0.00 0.00 81.71
1551 15.36 0.00 0.29 26.67 0.00 0.00 0.00 0.00 0.00 57.68
1552 78.74 0.00 0.26 18.90 0.00 0.00 0.00 0.00 0.00 2.10
1553 83.59 0.00 1.03 15.13 0.00 0.00 0.00 0.00 0.00 0.26
1554 98.99 0.00 0.51 0.00 0.00 0.00 0.00 0.00 0.00 0.51
1555 98.50 0.00 0.50 0.00 0.00 0.00 0.00 0.00 0.00 1.00
1556 25.88 0.00 0.00 2.51 0.00 0.00 0.00 0.00 0.00 71.61
1557 25.13 0.00 0.50 2.26 0.00 0.00 0.00 0.00 0.00 72.11
1558 24.81 0.00 0.75 5.26 0.00 0.00 0.00 0.00 0.00 69.17
1559 25.06 0.00 0.25 1.75 0.00 0.00 0.00 0.00 0.00 72.93
1560 24.62 0.00 0.50 3.27 0.00 0.00 0.00 0.00 0.00 71.61
1561 74.55 0.00 0.25 0.00 0.00 0.00 0.00 0.00 0.00 25.19
1562 98.22 0.00 1.27 0.25 0.00 0.25 0.00 0.00 0.00 0.00
1563 98.49 0.00 1.26 0.00 0.00 0.00 0.00 0.00 0.00 0.25
1564 87.30 0.00 4.44 0.32 0.00 0.00 0.32 0.00 0.00 7.62
1565 67.75 0.00 2.07 0.00 0.00 0.00 0.30 0.00 0.00 29.88
1566 48.71 0.00 2.26 17.10 0.00 0.00 0.65 0.00 0.00 31.29
1567 12.83 0.00 0.87 13.41 0.00 0.00 0.00 0.00 0.00 72.89
1568 31.33 0.00 0.90 1.51 0.00 0.00 0.30 0.00 0.00 65.96
1569 11.92 0.00 1.45 2.91 0.00 0.00 0.00 0.00 0.00 83.72
1570 21.05 0.00 1.17 2.63 0.00 0.00 0.00 0.00 0.00 75.15
1571 6.34 0.00 0.55 12.95 0.00 0.00 0.00 0.00 0.00 80.17
1572 11.14 0.00 0.51 28.61 0.00 0.00 0.00 0.00 0.00 59.75
1573 26.86 0.00 1.86 55.32 0.00 0.27 0.00 0.00 0.00 15.69
1574 11.11 0.00 0.78 88.11 0.00 0.00 0.00 0.00 0.00 0.00
1575 49.48 0.00 1.30 45.83 0.00 0.52 0.26 0.00 0.00 2.60
1576 98.58 0.00 0.57 0.28 0.00 0.28 0.00 0.00 0.00 0.28
1577 76.54 0.00 1.12 15.92 0.00 0.28 0.00 0.00 0.00 6.15
1578 25.71 0.00 0.78 41.56 0.00 0.00 0.00 0.00 0.00 31.95
1579 0.51 0.00 0.25 51.65 0.00 0.00 0.00 0.00 0.00 47.59
1580 1.52 0.00 0.51 48.48 0.00 0.00 0.00 0.00 0.00 49.49
1581 26.08 0.00 1.01 29.62 0.00 0.00 0.00 0.00 0.00 43.29
1582 1.79 0.00 0.51 57.65 0.00 0.00 0.00 0.00 0.00 40.05
1583 2.26 0.00 0.75 69.10 0.00 0.00 0.00 0.00 0.00 27.89
1584 1.52 0.00 2.02 58.33 0.00 0.00 0.00 0.00 0.00 38.13
1585 21.63 0.00 1.27 39.69 0.00 0.25 0.25 0.00 0.00 36.90
1586 30.33 0.00 1.29 68.12 0.00 0.26 0.00 0.00 0.00 0.00
1587 48.11 0.00 2.97 35.14 0.00 0.54 0.00 0.00 0.00 13.24
1588 97.98 0.00 1.15 0.00 0.00 0.29 0.00 0.00 0.00 0.58
1589 76.28 0.00 0.77 14.54 0.00 0.00 0.00 0.00 0.00 8.42
1590 8.16 0.00 3.06 36.22 0.00 0.26 0.00 0.00 0.00 52.30
1591 39.78 0.00 0.83 49.45 0.00 0.28 0.00 0.00 0.00 9.67
1592 68.50 0.00 1.83 25.38 0.00 0.61 0.00 0.00 0.00 3.67
1593 93.20 0.00 2.07 2.96 0.00 0.00 0.30 0.00 0.00 1.48
1594 71.80 0.00 1.97 22.95 0.00 0.33 0.00 0.00 0.00 2.95
1595 18.06 0.00 1.05 41.62 0.00 0.26 0.00 0.00 0.00 39.01
1596 36.56 0.00 1.88 40.62 0.00 0.00 0.00 0.00 0.00 20.94
1597 69.14 0.00 0.89 16.62 0.00 0.59 0.00 0.00 0.00 12.76
1598 79.37 0.00 0.57 11.46 0.00 0.57 0.29 0.00 0.00 7.74
1599 69.54 0.00 0.62 10.46 0.00 0.00 0.00 0.00 0.00 19.38
1600 24.52 0.00 0.83 49.31 0.00 0.00 0.00 0.00 0.00 25.34
1601 13.62 0.00 1.03 40.87 0.00 0.00 0.00 0.00 0.00 44.47
1602 36.14 0.00 3.01 51.81 0.00 0.60 0.00 0.00 0.00 8.43
1603 43.02 0.00 0.57 33.62 0.00 0.00 0.28 0.00 0.00 22.51
1604 24.22 0.00 1.55 37.58 0.00 0.31 0.00 0.00 0.00 36.34
1605 14.57 0.00 0.57 20.29 0.00 0.00 0.00 0.00 0.00 64.57
1606 3.53 0.00 0.50 30.98 0.00 0.00 0.00 0.00 0.00 64.99
1607 8.38 0.00 0.51 79.44 0.00 0.00 0.00 0.00 0.00 11.68
1608 7.61 0.00 0.25 92.13 0.00 0.00 0.00 0.00 0.00 0.00
1609 6.60 0.00 0.00 93.40 0.00 0.00 0.00 0.00 0.00 0.00
1610 11.11 0.00 0.52 88.37 0.00 0.00 0.00 0.00 0.00 0.00
1611 25.88 0.00 0.59 62.06 0.00 0.00 0.00 0.00 0.00 11.47
1612 26.25 0.00 0.29 58.41 0.00 0.00 0.00 0.00 0.00 15.04
1613 12.16 0.00 0.54 74.32 0.00 0.27 0.00 0.00 0.00 12.70
1614 11.48 0.00 0.51 60.46 0.00 0.00 0.26 0.00 0.00 27.30
1615 55.98 0.00 0.76 27.99 0.00 0.51 0.00 0.00 0.00 14.76
1616 74.11 0.00 1.78 16.75 0.00 0.25 0.00 0.00 0.00 7.11
1617 75.38 0.00 2.31 10.51 0.00 0.26 0.00 0.00 0.00 11.54
1618 84.96 0.00 0.79 13.98 0.00 0.26 0.00 0.00 0.00 0.00
1619 55.64 0.00 1.03 25.13 0.00 0.00 0.00 0.00 0.00 18.21
1620 24.62 0.00 0.51 29.95 0.00 0.00 0.25 0.00 0.00 44.67
1621 1.00 0.00 0.75 43.00 0.00 0.25 0.00 0.00 0.00 55.00
1622 0.50 0.00 0.25 23.93 0.00 0.00 0.00 0.00 0.00 75.31
1623 0.25 0.00 0.51 38.64 0.00 0.00 0.00 0.00 0.00 60.61
1624 0.25 0.00 0.00 2.51 0.00 0.00 0.00 0.00 0.00 97.24
1625 0.25 0.00 0.50 21.75 0.00 0.25 0.00 0.00 0.00 77.25
1626 0.75 0.00 0.00 17.59 0.00 0.00 0.00 0.00 0.00 81.66
1627 0.50 0.00 0.50 31.16 0.00 0.00 0.00 0.00 0.00 67.84
1628 0.00 0.00 1.25 50.25 0.00 0.25 0.00 0.00 0.00 48.25
1629 0.50 0.00 0.25 52.64 0.00 0.00 0.00 0.00 0.00 46.60
1630 0.25 0.00 0.25 36.11 0.00 0.25 0.00 0.00 0.00 63.13
1631 0.25 0.00 0.25 15.91 0.00 0.00 0.00 0.00 0.00 83.59
1632 0.25 0.00 0.25 10.53 0.00 0.00 0.00 0.00 0.00 88.97
1633 0.25 0.00 0.25 2.75 0.00 0.00 0.00 0.00 0.00 96.75
1634 0.00 0.00 0.00 1.51 0.00 0.00 0.00 0.00 0.00 98.49
1635 0.25 0.00 0.00 3.00 0.00 0.00 0.00 0.00 0.00 96.75
1636 0.75 0.00 0.25 30.65 0.00 0.00 0.00 0.00 0.00 68.34
1637 0.50 0.00 1.25 54.89 0.00 0.00 0.00 0.00 0.00 43.36
1638 0.25 0.00 1.01 52.66 0.00 0.00 0.00 0.00 0.00 46.08
1639 0.25 0.00 0.50 33.58 0.00 0.00 0.00 0.00 0.00 65.66
1640 1.02 0.00 4.34 29.59 0.00 0.00 0.00 0.00 0.00 65.05
1641 0.25 0.00 0.25 22.56 0.00 0.00 0.00 0.00 0.00 76.94
1642 0.00 0.00 0.50 42.11 0.00 0.00 0.00 0.00 0.00 57.39
1643 0.25 0.00 0.25 32.16 0.00 0.00 0.00 0.00 0.00 67.34
1644 0.25 0.00 0.25 35.43 0.00 0.00 0.00 0.00 0.00 64.07
1645 0.00 0.00 0.50 4.00 0.00 0.00 0.00 0.00 0.00 95.50
1646 0.25 0.00 0.00 3.01 0.00 0.00 0.00 0.00 0.00 96.74
1647 0.00 0.00 0.25 2.24 0.00 0.00 0.00 0.00 0.00 97.51
1648 0.25 0.00 0.50 4.26 0.00 0.00 0.00 0.00 0.00 94.99
1649 0.25 0.00 0.00 3.25 0.00 0.00 0.00 0.00 0.00 96.50
1650 0.25 0.00 0.00 4.52 0.00 0.00 0.00 0.00 0.00 95.23
1651 0.00 0.00 0.25 2.25 0.00 0.00 0.00 0.00 0.00 97.50
1652 0.25 0.00 0.00 2.01 0.00 0.00 0.00 0.00 0.00 97.74
1653 0.25 0.00 0.75 17.50 0.00 0.00 0.00 0.00 0.00 81.50
1654 0.00 0.00 0.00 2.51 0.00 0.00 0.00 0.00 0.00 97.49
1655 0.00 0.00 0.00 8.54 0.00 0.00 0.00 0.00 0.00 91.46
1656 0.25 0.00 0.25 15.50 0.00 0.00 0.00 0.00 0.00 84.00
1657 0.00 0.00 0.50 10.00 0.00 0.00 0.00 0.00 0.00 89.50
1658 0.25 0.00 0.50 14.93 0.00 0.00 0.00 0.00 0.00 84.33
1659 0.00 0.00 0.00 6.28 0.00 0.00 0.00 0.00 0.00 93.72
1660 0.00 0.00 0.50 13.25 0.00 0.00 0.00 0.00 0.00 86.25
1661 0.25 0.00 0.00 14.79 0.00 0.00 0.00 0.00 0.00 84.96
1662 0.25 0.00 0.25 17.00 0.00 0.00 0.00 0.00 0.00 82.50
1663 0.00 0.00 0.25 2.25 0.00 0.00 0.00 0.00 0.00 97.50
1664 0.00 0.00 0.00 2.26 0.00 0.00 0.00 0.00 0.00 97.74
1665 0.00 0.00 0.25 3.01 0.00 0.00 0.00 0.00 0.00 96.74
1666 0.25 0.00 0.00 2.50 0.00 0.00 0.00 0.00 0.00 97.25
1667 0.25 0.00 0.25 23.17 0.00 0.00 0.00 0.00 0.00 76.32
1668 0.00 0.00 0.25 3.00 0.00 0.00 0.00 0.00 0.00 96.75
1669 0.00 0.00 0.00 1.75 0.00 0.00 0.00 0.00 0.00 98.25
1670 0.00 0.00 0.00 2.51 0.00 0.00 0.00 0.00 0.00 97.49
1671 0.25 0.00 0.00 2.51 0.00 0.00 0.00 0.00 0.00 97.24
1672 0.00 0.00 0.00 3.51 0.00 0.00 0.00 0.00 0.00 96.49
1673 0.00 0.00 0.00 2.26 0.00 0.00 0.00 0.00 0.00 97.74
1674 0.25 0.00 0.25 3.01 0.00 0.00 0.00 0.00 0.00 96.49
1675 0.00 0.00 0.00 2.01 0.00 0.00 0.00 0.00 0.00 97.99
1676 0.00 0.00 0.00 2.26 0.00 0.00 0.00 0.00 0.00 97.74
1677 0.00 0.00 0.25 1.75 0.00 0.00 0.25 0.00 0.00 97.76
1678 0.00 0.00 0.50 2.25 0.00 0.00 0.00 0.00 0.00 97.25
1679 0.50 0.00 0.25 2.51 0.00 0.00 0.00 0.00 0.00 96.74
1680 0.50 0.00 0.00 2.74 0.00 0.00 0.00 0.00 0.00 96.76
1681 0.00 0.00 0.50 2.25 0.00 0.00 0.00 0.00 0.00 97.25
1682 0.25 0.00 0.00 1.75 0.00 0.00 0.00 0.00 0.00 98.00
1683 0.25 0.00 0.50 1.74 0.00 0.00 0.00 0.00 0.00 97.51
1684 0.00 0.00 0.25 1.50 0.00 0.00 0.00 0.00 0.00 98.25
1685 0.00 0.00 0.00 0.76 0.00 0.00 0.00 0.00 0.00 99.24
1686 0.00 0.00 0.50 2.50 0.00 0.00 0.00 0.00 0.00 97.00
1687 0.00 0.00 0.00 2.51 0.00 0.00 0.00 0.00 0.00 97.49
1688 0.25 0.00 0.25 2.75 0.00 0.00 0.00 0.00 0.00 96.75
1689 0.00 0.00 0.00 3.26 0.00 0.00 0.00 0.00 0.00 96.74
1690 0.00 0.00 0.00 1.25 0.00 0.00 0.00 0.00 0.00 98.75
1691 0.25 0.00 0.25 2.50 0.00 0.00 0.00 0.00 0.00 97.00
1692 0.00 0.00 0.25 2.76 0.00 0.00 0.00 0.00 0.00 96.99
1693 0.00 0.00 0.00 2.01 0.00 0.00 0.00 0.00 0.00 97.99
1694 0.00 0.00 0.00 2.26 0.00 0.00 0.00 0.00 0.00 97.74
1695 0.25 0.00 0.25 3.24 0.00 0.00 0.00 0.00 0.00 96.26
1696 0.50 0.00 0.25 5.01 0.00 0.00 0.00 0.00 0.00 94.24
1697 0.25 0.00 0.00 2.26 0.00 0.00 0.00 0.00 0.00 97.49
1698 0.25 0.00 0.00 4.01 0.00 0.00 0.00 0.00 0.00 95.74
1699 0.25 0.00 0.00 2.25 0.00 0.00 0.00 0.00 0.00 97.50
1700 0.00 0.00 0.00 8.27 0.00 0.00 0.00 0.00 0.00 91.73
1701 0.50 0.00 0.00 3.50 0.00 0.00 0.00 0.00 0.00 96.00
1702 0.00 0.00 0.00 3.26 0.00 0.00 0.00 0.00 0.00 96.74
1703 0.00 0.00 0.25 2.51 0.00 0.00 0.00 0.00 0.00 97.24
1704 0.25 0.00 0.00 2.50 0.00 0.00 0.00 0.00 0.00 97.25
1705 0.00 0.00 0.25 13.82 0.00 0.00 0.00 0.00 0.00 85.93
1706 0.25 0.00 0.00 8.75 0.00 0.00 0.00 0.00 0.00 91.00
1707 0.00 0.00 0.25 4.25 0.00 0.00 0.00 0.00 0.00 95.50
1708 0.00 0.00 0.25 3.27 0.00 0.00 0.00 0.00 0.00 96.48
1709 0.25 0.00 0.25 3.25 0.00 0.00 0.00 0.00 0.00 96.25
1710 0.50 0.00 0.25 3.49 0.00 0.00 0.00 0.00 0.00 95.76
1711 0.00 0.00 0.00 2.51 0.00 0.00 0.00 0.00 0.00 97.49
1712 0.25 0.00 0.00 3.00 0.00 0.00 0.00 0.00 0.00 96.75
1713 0.25 0.00 0.50 4.26 0.00 0.00 0.00 0.00 0.00 94.99
1714 0.25 0.00 0.00 3.01 0.00 0.00 0.00 0.00 0.00 96.74
1715 0.00 0.00 0.00 0.50 0.00 0.00 0.00 0.00 0.00 99.50
1716 0.25 0.00 0.50 5.72 0.00 0.00 0.00 0.00 0.00 93.53
1717 0.25 0.00 0.50 2.00 0.00 0.00 0.00 0.00 0.00 97.26
1718 0.25 0.00 0.00 3.25 0.00 0.00 0.00 0.00 0.00 96.50
1719 0.25 0.00 0.00 3.25 0.00 0.00 0.00 0.00 0.00 96.50
1720 0.00 0.00 0.25 12.31 0.00 0.00 0.00 0.00 0.00 87.44
1721 0.76 0.00 0.51 25.89 0.00 0.00 0.00 0.00 0.00 72.84
1722 1.52 0.00 1.52 24.30 0.00 0.00 0.00 0.00 0.00 72.66
1723 1.76 0.00 1.51 21.91 0.00 0.00 0.00 0.00 0.00 74.81
1724 1.00 0.00 1.00 10.03 0.00 0.00 0.00 0.00 0.00 87.97
1725 0.00 0.00 0.00 2.26 0.00 0.00 0.00 0.00 0.00 97.74
1726 1.83 0.00 1.57 3.13 0.00 0.00 0.00 0.00 0.00 93.47
1727 0.00 0.00 0.51 3.29 0.00 0.00 0.00 0.00 0.00 96.20
