0 0.00 0.00 0.25 3.25 0.00 0.00 0.00 0.00 0.00 96.50
1 0.25 0.00 0.00 2.51 0.00 0.00 0.00 0.00 0.00 97.24
2 0.25 0.00 0.00 1.50 0.00 0.00 0.00 0.00 0.00 98.25
3 0.00 0.00 0.00 0.25 0.00 0.00 0.00 0.00 0.00 99.75
4 0.00 0.00 0.50 1.25 0.00 0.00 0.00 0.00 0.00 98.25
5 0.50 0.00 0.00 10.55 0.00 0.00 0.00 0.00 0.00 88.94
6 5.56 0.00 2.78 6.57 0.00 0.00 0.00 0.00 0.00 85.10
7 0.00 0.00 0.25 0.50 0.00 0.00 0.00 0.00 0.00 99.25
8 0.00 0.00 0.00 1.51 0.00 0.00 0.00 0.00 0.00 98.49
9 0.25 0.00 0.25 9.75 0.00 0.00 0.00 0.00 0.00 89.75
10 0.25 0.00 0.00 25.44 0.00 0.00 0.00 0.00 0.00 74.31
11 0.25 0.00 0.25 26.07 0.00 0.00 0.00 0.00 0.00 73.43
12 0.25 0.00 0.50 27.25 0.00 0.00 0.00 0.00 0.00 72.00
13 0.25 0.00 0.50 36.09 0.00 0.00 0.00 0.00 0.00 63.16
14 0.75 0.00 1.75 26.93 0.00 0.00 0.00 0.00 0.00 70.57
15 1.77 0.00 0.76 24.24 0.00 0.00 0.00 0.00 0.00 73.23
16 2.26 0.00 0.50 26.57 0.00 0.00 0.00 0.00 0.00 70.68
17 5.58 0.00 0.51 19.29 0.00 0.00 0.00 0.00 0.00 74.62
18 1.76 0.00 0.50 22.92 0.00 0.00 0.00 0.00 0.00 74.81
19 1.51 0.00 0.50 24.94 0.00 0.00 0.00 0.00 0.00 73.05
20 0.75 0.00 0.50 28.82 0.00 0.00 0.00 0.00 0.00 69.92
21 4.06 0.00 0.76 24.37 0.00 0.00 0.00 0.00 0.00 70.81
22 7.03 0.00 0.78 19.01 0.00 0.00 0.00 0.00 0.00 73.18
23 6.30 0.00 1.01 20.91 0.00 0.00 0.00 0.00 0.00 71.79
24 9.32 0.00 1.51 20.91 0.00 0.00 0.00 0.00 0.00 68.26
25 7.83 0.00 0.52 20.10 0.00 0.00 0.00 0.00 0.00 71.54
26 5.33 0.00 1.52 22.08 0.00 0.00 0.00 0.00 0.00 71.07
27 10.36 0.00 1.81 13.47 0.00 0.26 0.00 0.00 0.00 74.09
28 11.73 0.00 2.55 15.56 0.00 0.00 0.00 0.00 0.00 70.15
29 7.38 0.00 1.78 20.36 0.00 0.00 0.00 0.00 0.00 70.48
30 8.96 0.00 2.31 39.31 0.00 0.00 0.29 0.00 0.00 49.13
31 2.76 0.00 3.31 44.75 0.00 0.28 0.00 0.00 0.00 48.90
32 5.29 0.00 0.50 43.32 0.00 0.00 0.00 0.00 0.00 50.88
33 2.81 0.00 1.28 57.80 0.00 0.00 0.00 0.00 0.00 38.11
34 1.25 0.00 0.75 42.11 0.00 0.00 0.00 0.00 0.00 55.89
35 1.76 0.00 0.25 30.98 0.00 0.00 0.00 0.00 0.00 67.00
36 9.07 0.00 0.76 27.96 0.00 0.00 0.00 0.00 0.00 62.22
37 2.51 0.00 0.50 32.66 0.00 0.00 0.00 0.00 0.00 64.32
38 2.76 0.00 0.50 25.63 0.00 0.00 0.00 0.00 0.00 71.11
39 2.01 0.00 0.25 27.14 0.00 0.00 0.00 0.00 0.00 70.60
40 0.50 0.00 0.25 31.74 0.00 0.00 0.00 0.00 0.00 67.51
41 6.77 0.00 2.08 20.31 0.00 0.00 0.00 0.00 0.00 70.83
42 14.10 0.00 1.79 17.44 0.00 0.00 0.00 0.00 0.00 66.67
43 68.92 0.00 5.85 10.46 0.00 0.00 0.31 0.00 0.00 14.46
44 65.94 0.00 31.56 0.00 0.00 0.00 0.00 0.00 0.00 2.50
45 87.61 0.00 10.27 0.00 0.00 0.30 0.00 0.00 0.00 1.81
46 88.04 0.00 10.30 0.33 0.00 0.00 0.00 0.00 0.00 1.33
47 81.46 0.00 15.73 0.00 0.00 0.28 0.28 0.00 0.00 2.25
48 88.45 0.00 7.89 0.85 0.00 0.00 0.00 0.00 0.00 2.82
49 83.28 0.00 15.77 0.63 0.00 0.00 0.00 0.00 0.00 0.32
50 85.28 0.00 13.50 0.00 0.00 0.31 0.00 0.00 0.00 0.92
51 87.10 0.00 10.00 0.00 0.00 0.00 0.32 0.00 0.00 2.58
52 88.33 0.00 10.41 0.00 0.00 0.32 0.00 0.00 0.00 0.95
53 87.58 0.00 10.25 0.62 0.00 0.31 0.00 0.00 0.00 1.24
54 88.96 0.00 9.78 0.00 0.00 0.00 0.32 0.00 0.00 0.95
55 87.31 0.00 10.88 0.00 0.00 0.00 0.00 0.00 0.00 1.81
56 91.16 0.00 6.71 0.91 0.00 0.00 0.00 0.00 0.00 1.22
57 98.54 0.00 0.87 0.00 0.00 0.00 0.29 0.00 0.00 0.29
58 99.38 0.00 0.62 0.00 0.00 0.00 0.00 0.00 0.00 0.00
59 99.41 0.00 0.30 0.00 0.00 0.00 0.30 0.00 0.00 0.00
60 98.55 0.00 1.16 0.00 0.00 0.00 0.29 0.00 0.00 0.00
61 100.00 0.00 0.00 0.00 0.00 0.00 0.00 0.00 0.00 0.00
62 99.41 0.00 0.59 0.00 0.00 0.00 0.00 0.00 0.00 0.00
63 99.45 0.00 0.55 0.00 0.00 0.00 0.00 0.00 0.00 0.00
64 99.46 0.00 0.27 0.00 0.00 0.00 0.27 0.00 0.00 0.00
65 94.88 0.00 2.71 0.30 0.00 0.00 0.00 0.00 0.00 2.11
66 92.35 0.00 7.14 0.00 0.00 0.00 0.00 0.00 0.00 0.51
67 98.09 0.00 1.91 0.00 0.00 0.00 0.00 0.00 0.00 0.00
68 84.74 0.00 13.71 0.00 0.00 0.00 0.31 0.00 0.00 1.25
69 93.36 0.00 6.31 0.00 0.00 0.00 0.33 0.00 0.00 0.00
70 95.14 0.00 4.57 0.00 0.00 0.00 0.29 0.00 0.00 0.00
71 96.54 0.00 3.14 0.00 0.00 0.00 0.00 0.00 0.00 0.31
72 65.99 0.00 2.59 14.70 0.00 0.29 0.29 0.00 0.00 16.14
73 89.12 0.00 9.07 1.04 0.00 0.00 0.00 0.00 0.00 0.78
74 86.02 0.00 12.77 0.30 0.00 0.00 0.30 0.00 0.00 0.61
75 18.77 0.00 0.00 1.40 0.00 0.28 0.28 0.00 0.00 79.27
76 14.37 0.00 0.00 9.77 0.00 0.00 0.00 0.00 0.00 75.86
77 90.68 0.00 1.64 0.55 0.00 0.00 0.00 0.00 0.00 7.12
78 96.02 0.00 2.14 0.92 0.00 0.00 0.00 0.00 0.00 0.92
79 95.74 0.00 1.97 0.98 0.00 0.00 0.66 0.00 0.00 0.66
80 97.30 0.00 2.43 0.00 0.00 0.00 0.00 0.00 0.00 0.27
81 98.08 0.00 1.28 0.00 0.00 0.00 0.32 0.00 0.00 0.32
82 97.57 0.00 1.52 0.00 0.00 0.30 0.30 0.00 0.00 0.30
83 97.44 0.00 1.79 0.00 0.00 0.00 0.00 0.00 0.00 0.77
84 98.20 0.00 1.03 0.00 0.00 0.00 0.00 0.00 0.00 0.77
85 97.16 0.00 0.52 0.52 0.00 0.26 0.00 0.00 0.00 1.55
86 95.96 0.00 1.08 0.81 0.00 0.00 0.27 0.00 0.00 1.89
87 99.41 0.00 0.59 0.00 0.00 0.00 0.00 0.00 0.00 0.00
88 100.00 0.00 0.00 0.00 0.00 0.00 0.00 0.00 0.00 0.00
89 99.01 0.00 0.66 0.00 0.00 0.00 0.33 0.00 0.00 0.00
90 99.43 0.00 0.57 0.00 0.00 0.00 0.00 0.00 0.00 0.00
91 99.69 0.00 0.31 0.00 0.00 0.00 0.00 0.00 0.00 0.00
92 98.69 0.00 0.66 0.00 0.00 0.00 0.66 0.00 0.00 0.00
93 99.46 0.00 0.54 0.00 0.00 0.00 0.00 0.00 0.00 0.00
94 97.51 0.00 1.66 0.00 0.00 0.00 0.28 0.00 0.00 0.55
95 94.02 0.00 2.66 1.66 0.00 0.00 1.00 0.00 0.00 0.66
96 97.27 0.00 2.12 0.00 0.00 0.00 0.30 0.00 0.00 0.30
97 96.41 0.00 3.27 0.00 0.00 0.00 0.33 0.00 0.00 0.00
98 96.20 0.00 3.80 0.00 0.00 0.00 0.00 0.00 0.00 0.00
99 92.74 0.00 3.47 0.00 0.00 0.00 0.00 0.00 0.00 3.79
100 95.95 0.00 3.18 0.58 0.00 0.00 0.29 0.00 0.00 0.00
101 47.53 0.00 1.85 48.77 0.00 0.00 0.00 0.00 0.00 1.85
102 1.77 0.00 1.26 65.15 0.00 0.00 0.00 0.00 0.00 31.82
103 1.28 0.00 1.79 39.29 0.00 0.00 0.00 0.00 0.00 57.65
104 8.97 0.00 0.26 16.15 0.00 0.00 0.00 0.00 0.00 74.62
105 29.51 0.00 0.82 4.64 0.00 0.00 0.00 0.00 0.00 65.03
106 72.05 0.00 1.24 3.42 0.00 0.62 0.62 0.00 0.00 22.05
107 87.93 0.00 0.93 0.62 0.00 0.31 0.31 0.00 0.00 9.91
108 25.06 0.00 0.00 3.04 0.00 0.00 0.00 0.00 0.00 71.90
109 33.16 0.00 0.53 2.37 0.00 0.26 0.26 0.00 0.00 63.42
110 96.51 0.00 1.34 0.00 0.00 0.27 0.00 0.00 0.00 1.88
111 95.27 0.00 3.55 0.00 0.00 0.30 0.30 0.00 0.00 0.59
112 97.16 0.00 2.21 0.32 0.00 0.00 0.00 0.00 0.00 0.32
113 94.17 0.00 3.79 0.29 0.00 0.00 0.00 0.00 0.00 1.75
114 93.75 0.00 5.00 0.31 0.00 0.00 0.00 0.00 0.00 0.94
115 98.49 0.00 0.30 0.00 0.00 0.60 0.30 0.00 0.00 0.30
116 98.04 0.00 0.84 0.00 0.00 0.28 0.00 0.00 0.00 0.84
117 95.68 0.00 0.33 0.00 0.00 0.00 0.33 0.00 0.00 3.65
118 96.35 0.00 1.56 0.52 0.00 0.26 0.26 0.00 0.00 1.04
119 97.27 0.00 1.52 0.91 0.00 0.00 0.30 0.00 0.00 0.00
120 99.69 0.00 0.31 0.00 0.00 0.00 0.00 0.00 0.00 0.00
121 99.41 0.00 0.59 0.00 0.00 0.00 0.00 0.00 0.00 0.00
122 99.03 0.00 0.32 0.00 0.00 0.00 0.65 0.00 0.00 0.00
123 99.33 0.00 0.67 0.00 0.00 0.00 0.00 0.00 0.00 0.00
124 98.36 0.00 1.32 0.00 0.00 0.00 0.33 0.00 0.00 0.00
125 98.40 0.00 0.96 0.00 0.00 0.00 0.32 0.00 0.00 0.32
126 98.30 0.00 1.42 0.00 0.00 0.00 0.28 0.00 0.00 0.00
127 97.48 0.00 2.52 0.00 0.00 0.00 0.00 0.00 0.00 0.00
128 97.09 0.00 2.59 0.00 0.00 0.00 0.00 0.00 0.00 0.32
129 97.60 0.00 2.10 0.00 0.00 0.00 0.30 0.00 0.00 0.00
130 94.69 0.00 3.75 0.00 0.00 0.00 0.62 0.00 0.00 0.94
131 70.17 0.00 1.42 0.28 0.00 0.28 0.28 0.00 0.00 27.56
132 44.87 0.00 1.60 7.05 0.00 0.00 0.32 0.00 0.00 46.15
133 2.13 0.00 0.53 9.84 0.00 0.00 0.00 0.00 0.00 87.50
134 0.25 0.00 0.25 3.25 0.00 0.00 0.25 0.00 0.00 96.00
135 1.01 0.00 0.25 14.57 0.00 0.00 0.00 0.00 0.00 84.17
136 5.77 0.00 4.20 18.64 0.00 0.00 0.00 0.00 0.00 71.39
137 53.04 0.00 2.90 26.96 0.00 0.29 0.00 0.00 0.00 16.81
138 21.58 0.00 1.91 54.92 0.00 0.27 0.00 0.00 0.00 21.31
139 5.04 0.00 0.76 73.55 0.00 0.25 0.00 0.00 0.00 20.40
140 32.72 0.00 0.79 66.49 0.00 0.00 0.00 0.00 0.00 0.00
141 32.28 0.00 2.65 64.55 0.00 0.26 0.26 0.00 0.00 0.00
142 51.47 0.00 2.13 45.87 0.00 0.27 0.00 0.00 0.00 0.27
143 86.67 0.00 1.27 10.48 0.00 0.95 0.00 0.00 0.00 0.63
144 58.63 0.00 15.77 25.00 0.00 0.00 0.00 0.00 0.00 0.60
145 22.83 0.00 17.36 35.69 0.00 0.00 0.32 0.00 0.00 23.79
146 2.28 0.00 0.51 67.09 0.00 0.00 0.00 0.00 0.00 30.13
147 10.81 0.00 0.30 35.74 0.00 0.00 0.00 0.00 0.00 53.15
148 5.70 0.00 0.00 31.33 0.00 0.00 0.00 0.00 0.00 62.97
149 16.25 0.00 0.55 14.33 0.00 0.00 0.28 0.00 0.00 68.60
150 63.88 0.00 1.08 18.33 0.00 0.27 0.00 0.00 0.00 16.44
151 98.79 0.00 0.91 0.00 0.00 0.30 0.00 0.00 0.00 0.00
152 96.90 0.00 0.62 1.24 0.00 0.31 0.62 0.00 0.00 0.31
153 96.54 0.00 1.26 1.26 0.00 0.63 0.31 0.00 0.00 0.00
154 97.76 0.00 0.96 0.96 0.00 0.00 0.32 0.00 0.00 0.00
155 97.83 0.00 0.27 0.54 0.00 0.27 0.00 0.00 0.00 1.08
156 98.89 0.00 0.56 0.28 0.00 0.00 0.28 0.00 0.00 0.00
157 95.20 0.00 0.30 4.20 0.00 0.30 0.00 0.00 0.00 0.00
158 17.75 0.00 1.00 50.25 0.00 0.00 0.25 0.00 0.00 30.75
159 13.07 0.00 1.26 56.03 0.00 0.00 0.00 0.00 0.00 29.65
160 97.77 0.00 1.12 0.28 0.00 0.00 0.00 0.00 0.00 0.84
161 89.49 0.00 4.26 6.25 0.00 0.00 0.00 0.00 0.00 0.00
162 96.29 0.00 3.14 0.29 0.00 0.00 0.29 0.00 0.00 0.00
163 22.04 0.00 0.28 52.34 0.00 0.28 0.28 0.00 0.00 24.79
164 24.30 0.00 0.25 11.65 0.00 0.00 0.00 0.00 0.00 63.80
165 24.75 0.00 0.51 17.93 0.00 0.00 0.00 0.00 0.00 56.82
166 24.30 0.00 0.51 23.80 0.00 0.00 0.00 0.00 0.00 51.39
167 22.42 0.00 0.26 17.78 0.00 0.00 0.00 0.00 0.00 59.54
168 4.76 0.00 0.25 58.90 0.00 0.00 0.00 0.00 0.00 36.09
169 22.45 0.00 0.52 19.84 0.00 0.00 0.00 0.00 0.00 57.18
170 57.32 0.00 3.05 11.28 0.00 0.00 0.30 0.00 0.00 28.05
171 40.11 0.00 3.02 56.59 0.00 0.00 0.27 0.00 0.00 0.00
172 28.05 0.00 1.56 70.39 0.00 0.00 0.00 0.00 0.00 0.00
173 16.71 0.00 0.81 82.21 0.00 0.00 0.27 0.00 0.00 0.00
174 34.57 0.00 3.46 61.70 0.00 0.00 0.00 0.00 0.00 0.27
175 8.35 0.00 1.27 84.30 0.00 0.00 0.00 0.00 0.00 6.08
176 0.25 0.00 0.25 74.44 0.00 0.00 0.00 0.00 0.00 25.06
177 0.25 0.00 0.25 66.58 0.00 0.00 0.00 0.00 0.00 32.91
178 0.25 0.00 0.50 66.75 0.00 0.00 0.00 0.00 0.00 32.50
179 0.50 0.00 0.50 74.12 0.00 0.00 0.00 0.00 0.00 24.87
180 0.00 0.00 0.25 74.62 0.00 0.00 0.00 0.00 0.00 25.13
181 0.25 0.00 0.25 74.12 0.00 0.25 0.00 0.00 0.00 25.13
182 0.25 0.00 0.50 74.19 0.00 0.00 0.00 0.00 0.00 25.06
183 0.50 0.00 0.50 74.81 0.00 0.00 0.00 0.00 0.00 24.18
184 0.00 0.00 0.00 86.36 0.00 0.00 0.00 0.00 0.00 13.64
185 0.25 0.00 0.50 74.31 0.00 0.00 0.00 0.00 0.00 24.94
186 0.25 0.00 0.50 74.12 0.00 0.00 0.00 0.00 0.00 25.13
187 0.00 0.00 0.25 97.22 0.00 0.25 0.00 0.00 0.00 2.28
188 0.00 0.00 0.75 99.00 0.00 0.25 0.00 0.00 0.00 0.00
189 0.25 0.00 0.25 99.50 0.00 0.00 0.00 0.00 0.00 0.00
190 0.25 0.00 1.00 98.75 0.00 0.00 0.00 0.00 0.00 0.00
191 0.25 0.00 0.25 96.46 0.00 0.00 0.00 0.00 0.00 3.04
192 0.25 0.00 0.25 79.04 0.00 0.00 0.00 0.00 0.00 20.45
193 0.50 0.00 1.01 73.30 0.00 0.00 0.00 0.00 0.00 25.19
194 0.00 0.00 0.51 74.24 0.00 0.00 0.00 0.00 0.00 25.25
195 0.25 0.00 0.50 71.68 0.00 0.00 0.00 0.00 0.00 27.57
196 0.25 0.00 0.25 88.61 0.00 0.00 0.00 0.00 0.00 10.89
197 0.25 0.00 0.75 74.12 0.00 0.00 0.00 0.00 0.00 24.87
198 0.25 0.00 0.25 76.83 0.00 0.00 0.00 0.00 0.00 22.67
199 0.75 0.00 1.00 73.07 0.00 0.25 0.00 0.00 0.00 24.94
200 0.00 0.00 0.51 75.51 0.00 0.00 0.00 0.00 0.00 23.99
201 0.25 0.00 0.50 74.37 0.00 0.00 0.00 0.00 0.00 24.87
202 0.00 0.00 1.00 74.25 0.00 0.00 0.00 0.00 0.00 24.75
203 0.25 0.00 0.50 76.00 0.00 0.00 0.00 0.00 0.00 23.25
204 0.00 0.00 0.25 50.76 0.00 0.00 0.00 0.00 0.00 48.99
205 0.50 0.00 0.25 36.84 0.00 0.00 0.00 0.00 0.00 62.41
206 0.25 0.00 0.50 42.86 0.00 0.00 0.00 0.00 0.00 56.39
207 0.25 0.00 0.50 59.80 0.00 0.00 0.00 0.00 0.00 39.45
208 33.24 0.00 1.09 47.14 0.00 0.27 0.27 0.00 0.00 17.98
209 72.04 0.00 0.91 25.53 0.00 0.00 0.00 0.00 0.00 1.52
210 66.30 0.00 1.10 30.41 0.00 0.27 0.00 0.00 0.00 1.92
211 61.25 0.00 0.81 5.42 0.00 0.00 0.00 0.00 0.00 32.52
212 15.82 0.00 0.00 0.56 0.00 0.00 0.00 0.00 0.00 83.62
213 27.81 0.00 4.59 13.01 0.00 0.00 0.26 0.00 0.00 54.34
214 71.39 0.00 0.77 27.58 0.00 0.26 0.00 0.00 0.00 0.00
215 77.49 0.00 0.57 14.53 0.00 0.00 0.00 0.00 0.00 7.41
216 82.86 0.00 0.29 4.57 0.00 0.00 0.00 0.00 0.00 12.29
217 89.94 0.00 0.56 3.07 0.00 0.28 0.00 0.00 0.00 6.15
218 96.53 0.00 0.63 0.00 0.00 0.32 0.32 0.00 0.00 2.21
219 99.01 0.00 0.00 0.33 0.00 0.33 0.00 0.00 0.00 0.33
220 97.98 0.00 1.16 0.00 0.00 0.29 0.29 0.00 0.00 0.29
221 95.83 0.00 1.19 2.98 0.00 0.00 0.00 0.00 0.00 0.00
222 83.52 0.00 2.27 13.35 0.00 0.57 0.28 0.00 0.00 0.00
223 62.40 0.00 1.53 36.06 0.00 0.00 0.00 0.00 0.00 0.00
224 85.98 0.00 1.22 12.50 0.00 0.30 0.00 0.00 0.00 0.00
225 32.20 0.00 2.82 64.69 0.00 0.00 0.28 0.00 0.00 0.00
226 64.63 0.00 3.35 28.96 0.00 0.00 0.00 0.00 0.00 3.05
227 67.56 0.00 2.68 29.46 0.00 0.00 0.00 0.00 0.00 0.30
228 12.95 0.00 0.78 86.27 0.00 0.00 0.00 0.00 0.00 0.00
229 27.22 0.00 1.94 70.28 0.00 0.00 0.00 0.00 0.00 0.56
230 44.00 0.00 2.00 53.14 0.00 0.00 0.29 0.00 0.00 0.57
231 63.14 0.00 0.81 32.52 0.00 0.00 0.00 0.00 0.00 3.52
232 10.45 0.00 0.30 8.96 0.00 0.00 0.30 0.00 0.00 80.00
233 13.08 0.00 0.29 2.03 0.00 0.00 0.00 0.00 0.00 84.59
234 7.45 0.00 0.00 3.73 0.00 0.00 0.00 0.00 0.00 88.82
235 13.43 0.00 1.14 75.43 0.00 0.00 0.57 0.00 0.00 9.43
236 0.25 0.00 0.50 78.89 0.00 0.25 0.00 0.00 0.00 20.10
237 0.00 0.00 0.00 91.21 0.00 0.00 0.00 0.00 0.00 8.79
238 0.50 0.00 0.00 89.20 0.00 0.00 0.00 0.00 0.00 10.30
239 0.50 0.00 0.50 49.00 0.00 0.00 0.00 0.00 0.00 50.00
240 0.00 0.00 0.25 59.19 0.00 0.00 0.00 0.00 0.00 40.55
241 0.25 0.00 0.50 65.33 0.00 0.00 0.00 0.00 0.00 33.92
242 0.00 0.00 0.25 74.69 0.00 0.00 0.00 0.00 0.00 25.06
243 0.25 0.00 0.00 91.25 0.00 0.00 0.00 0.00 0.00 8.50
244 0.25 0.00 0.25 99.50 0.00 0.00 0.00 0.00 0.00 0.00
245 0.25 0.00 0.00 99.75 0.00 0.00 0.00 0.00 0.00 0.00
246 1.01 0.00 0.76 76.32 0.00 0.00 0.00 0.00 0.00 21.91
247 1.01 0.00 1.01 72.66 0.00 0.00 0.00 0.00 0.00 25.32
248 2.78 0.00 1.01 89.87 0.00 0.00 0.00 0.00 0.00 6.33
249 1.01 0.00 0.25 98.74 0.00 0.00 0.00 0.00 0.00 0.00
250 1.49 0.00 1.00 97.01 0.00 0.00 0.00 0.00 0.00 0.50
251 2.53 0.00 1.01 96.46 0.00 0.00 0.00 0.00 0.00 0.00
252 7.69 0.00 2.66 74.85 0.00 0.00 0.00 0.00 0.00 14.79
253 0.76 0.00 1.01 73.48 0.00 0.00 0.00 0.00 0.00 24.75
254 0.00 0.00 1.26 73.55 0.00 0.00 0.00 0.00 0.00 25.19
255 0.75 0.00 1.75 72.68 0.00 0.00 0.25 0.00 0.00 24.56
256 0.51 0.00 0.51 88.64 0.00 0.00 0.00 0.00 0.00 10.35
257 0.51 0.00 0.25 74.81 0.00 0.00 0.00 0.00 0.00 24.43
258 0.00 0.00 0.76 68.94 0.00 0.00 0.00 0.00 0.00 30.30
259 0.51 0.00 0.51 86.11 0.00 0.00 0.00 0.00 0.00 12.88
260 0.50 0.00 1.01 77.64 0.00 0.00 0.00 0.00 0.00 20.85
261 0.00 0.00 0.50 34.17 0.00 0.00 0.00 0.00 0.00 65.33
262 0.25 0.00 0.00 37.53 0.00 0.00 0.00 0.00 0.00 62.22
263 0.00 0.00 1.25 28.57 0.00 0.00 0.00 0.00 0.00 70.18
264 0.25 0.00 0.25 8.27 0.00 0.00 0.00 0.00 0.00 91.23
265 0.25 0.00 0.00 8.04 0.00 0.00 0.00 0.00 0.00 91.71
266 0.25 0.00 0.25 7.50 0.00 0.00 0.00 0.00 0.00 92.00
267 0.25 0.00 0.00 9.52 0.00 0.00 0.00 0.00 0.00 90.23
268 0.00 0.00 0.25 13.32 0.00 0.00 0.00 0.00 0.00 86.43
269 0.25 0.00 0.25 14.50 0.00 0.00 0.00 0.00 0.00 85.00
270 0.25 0.00 0.00 21.30 0.00 0.00 0.00 0.00 0.00 78.45
271 0.25 0.00 0.25 12.53 0.00 0.00 0.00 0.00 0.00 86.97
272 0.25 0.00 0.00 13.53 0.00 0.00 0.00 0.00 0.00 86.22
273 1.00 0.00 0.50 24.75 0.00 0.25 0.25 0.00 0.00 73.25
274 1.01 0.00 0.50 50.00 0.00 0.25 0.00 0.00 0.00 48.24
275 0.25 0.00 0.76 33.92 0.00 0.00 0.00 0.00 0.00 65.06
276 0.76 0.00 0.25 19.75 0.00 0.00 0.00 0.00 0.00 79.24
277 3.02 0.00 0.75 42.46 0.00 0.00 0.00 0.00 0.00 53.77
278 71.01 0.00 1.45 21.45 0.00 0.87 0.00 0.00 0.00 5.22
279 85.32 0.00 3.98 9.48 0.00 0.00 0.00 0.00 0.00 1.22
280 95.03 0.00 1.55 0.00 0.00 0.62 0.00 0.00 0.00 2.80
281 93.93 0.00 0.58 0.00 0.00 0.00 0.29 0.00 0.00 5.20
282 89.84 0.00 0.66 0.00 0.00 0.00 0.33 0.00 0.00 9.18
283 76.20 0.00 0.85 0.28 0.00 0.28 0.00 0.00 0.00 22.38
284 98.05 0.00 0.84 0.00 0.00 0.28 0.00 0.00 0.00 0.84
285 92.16 0.00 0.81 2.43 0.00 0.00 0.00 0.00 0.00 4.59
286 93.67 0.00 0.00 2.41 0.00 0.00 0.00 0.00 0.00 3.92
287 99.04 0.00 0.32 0.00 0.00 0.00 0.00 0.00 0.00 0.64
288 97.80 0.00 0.94 0.00 0.00 0.00 0.31 0.00 0.00 0.94
289 98.78 0.00 0.61 0.00 0.00 0.00 0.31 0.00 0.00 0.31
290 99.73 0.00 0.27 0.00 0.00 0.00 0.00 0.00 0.00 0.00
291 99.45 0.00 0.00 0.00 0.00 0.28 0.28 0.00 0.00 0.00
292 97.71 0.00 1.15 0.57 0.00 0.00 0.00 0.00 0.00 0.57
293 96.35 0.00 3.65 0.00 0.00 0.00 0.00 0.00 0.00 0.00
294 96.74 0.00 2.99 0.00 0.00 0.00 0.27 0.00 0.00 0.00
295 69.68 0.00 2.33 0.58 0.00 0.00 0.00 0.00 0.00 27.41
296 15.06 0.00 0.00 2.84 0.00 0.00 0.00 0.00 0.00 82.10
297 8.84 0.00 0.00 2.44 0.00 0.00 0.00 0.00 0.00 88.72
298 19.19 0.00 0.27 6.49 0.00 0.00 0.00 0.00 0.00 74.05
299 17.68 0.00 0.00 3.59 0.00 0.00 0.28 0.00 0.00 78.45
300 8.84 0.00 0.30 3.35 0.00 0.00 0.00 0.00 0.00 87.50
301 33.81 0.00 0.85 1.70 0.00 0.00 0.28 0.00 0.00 63.35
302 85.21 0.00 3.25 3.25 0.00 0.89 0.00 0.00 0.00 7.40
303 80.46 0.00 7.28 1.99 0.00 0.33 0.00 0.00 0.00 9.93
304 96.77 0.00 1.47 0.00 0.00 0.29 0.59 0.00 0.00 0.88
305 97.46 0.00 0.63 0.00 0.00 0.00 0.32 0.00 0.00 1.59
306 99.11 0.00 0.59 0.30 0.00 0.00 0.00 0.00 0.00 0.00
307 98.70 0.00 0.65 0.00 0.00 0.00 0.65 0.00 0.00 0.00
308 98.04 0.00 0.98 0.33 0.00 0.00 0.00 0.00 0.00 0.65
309 99.23 0.00 0.26 0.00 0.00 0.00 0.00 0.00 0.00 0.51
310 92.52 0.00 0.28 6.37 0.00 0.00 0.55 0.00 0.00 0.28
311 98.81 0.00 0.30 0.89 0.00 0.00 0.00 0.00 0.00 0.00
312 94.86 0.00 2.72 1.81 0.00 0.00 0.60 0.00 0.00 0.00
313 97.26 0.00 2.13 0.61 0.00 0.00 0.00 0.00 0.00 0.00
314 98.27 0.00 0.87 0.29 0.00 0.00 0.29 0.00 0.00 0.29
315 99.13 0.00 0.29 0.29 0.00 0.00 0.00 0.00 0.00 0.29
316 98.42 0.00 1.27 0.00 0.00 0.00 0.00 0.00 0.00 0.32
317 86.28 0.00 2.44 1.83 0.00 0.00 0.00 0.00 0.00 9.45
318 95.34 0.00 2.48 1.24 0.00 0.31 0.31 0.00 0.00 0.31
319 96.24 0.00 2.60 0.29 0.00 0.00 0.00 0.00 0.00 0.87
320 85.05 0.00 2.32 11.60 0.00 0.00 0.00 0.00 0.00 1.03
321 74.45 0.00 1.92 23.63 0.00 0.00 0.00 0.00 0.00 0.00
322 85.30 0.00 1.73 12.68 0.00 0.00 0.00 0.00 0.00 0.29
323 94.69 0.00 1.96 2.79 0.00 0.00 0.00 0.00 0.00 0.56
324 67.90 0.00 2.27 2.56 0.00 0.00 0.00 0.00 0.00 27.27
325 51.15 0.00 2.30 8.18 0.00 0.00 0.00 0.00 0.00 38.36
326 79.07 0.00 1.81 12.40 0.00 0.00 0.00 0.00 0.00 6.72
327 85.91 0.00 5.52 0.00 0.00 0.55 0.00 0.00 0.00 8.01
328 98.06 0.00 0.32 0.00 0.00 0.00 0.32 0.00 0.00 1.29
329 99.10 0.00 0.30 0.00 0.00 0.00 0.30 0.00 0.00 0.30
330 97.62 0.00 1.19 0.00 0.00 0.30 0.00 0.00 0.00 0.89
331 95.77 0.00 0.30 0.60 0.00 0.00 0.30 0.00 0.00 3.02
332 10.65 0.00 0.00 4.44 0.00 0.00 0.30 0.00 0.00 84.62
333 11.95 0.00 0.29 7.00 0.00 0.00 0.29 0.00 0.00 80.47
334 9.42 0.00 0.30 8.51 0.00 0.00 0.30 0.00 0.00 81.46
335 10.71 0.00 0.30 4.46 0.00 0.00 0.00 0.00 0.00 84.52
336 8.26 0.00 0.31 5.50 0.00 0.00 0.00 0.00 0.00 85.93
337 49.86 0.00 0.29 19.13 0.00 0.00 0.29 0.00 0.00 30.43
338 98.44 0.00 0.62 0.31 0.00 0.00 0.31 0.00 0.00 0.31
339 96.63 0.00 0.61 1.53 0.00 0.00 0.00 0.00 0.00 1.23
340 4.06 0.00 0.25 78.43 0.00 0.00 0.00 0.00 0.00 17.26
341 13.89 0.00 1.26 54.80 0.00 0.00 0.00 0.00 0.00 30.05
342 97.68 0.00 0.29 0.00 0.00 0.00 0.29 0.00 0.00 1.74
343 98.36 0.00 1.32 0.00 0.00 0.33 0.00 0.00 0.00 0.00
344 98.54 0.00 0.88 0.29 0.00 0.00 0.29 0.00 0.00 0.00
345 97.51 0.00 2.18 0.00 0.00 0.00 0.31 0.00 0.00 0.00
346 98.48 0.00 1.52 0.00 0.00 0.00 0.00 0.00 0.00 0.00
347 96.90 0.00 2.25 0.28 0.00 0.00 0.00 0.00 0.00 0.56
348 18.57 0.00 0.00 3.14 0.00 0.00 0.29 0.00 0.00 78.00
349 12.65 0.00 0.00 3.82 0.00 0.00 0.00 0.00 0.00 83.53
350 15.73 0.00 0.28 2.53 0.00 0.00 0.28 0.00 0.00 81.18
351 11.24 0.00 0.30 2.07 0.00 0.00 0.30 0.00 0.00 86.09
352 16.81 0.00 0.00 3.64 0.00 0.00 0.00 0.00 0.00 79.55
353 12.90 0.00 0.00 1.17 0.00 0.00 0.00 0.00 0.00 85.92
354 69.97 0.00 2.79 0.31 0.00 0.62 0.31 0.00 0.00 26.01
355 96.73 0.00 3.27 0.00 0.00 0.00 0.00 0.00 0.00 0.00
356 94.94 0.00 3.48 0.95 0.00 0.00 0.32 0.00 0.00 0.32
357 76.80 0.00 2.40 15.47 0.00 0.00 0.00 0.00 0.00 5.33
358 70.51 0.00 2.05 7.95 0.00 0.77 0.00 0.00 0.00 18.72
359 94.60 0.00 3.34 1.03 0.00 0.51 0.00 0.00 0.00 0.51
360 97.10 0.00 1.45 0.87 0.00 0.00 0.29 0.00 0.00 0.29
361 83.55 0.00 1.29 1.94 0.00 0.00 0.32 0.00 0.00 12.90
362 59.17 0.00 1.18 0.89 0.00 0.00 0.00 0.00 0.00 38.76
363 55.03 0.00 0.56 2.51 0.00 0.00 0.00 0.00 0.00 41.90
364 53.09 0.00 0.00 3.91 0.00 0.00 0.33 0.00 0.00 42.67
365 65.36 0.00 0.65 2.61 0.00 0.33 0.33 0.00 0.00 30.72
366 64.10 0.00 1.60 7.69 0.00 0.32 0.32 0.00 0.00 25.96
367 78.14 0.00 0.00 0.55 0.00 0.00 0.27 0.00 0.00 21.04
368 83.81 0.00 0.28 8.24 0.00 0.00 0.00 0.00 0.00 7.67
369 66.56 0.00 0.00 2.32 0.00 0.00 0.00 0.00 0.00 31.13
370 82.66 0.00 0.87 2.60 0.00 0.00 0.29 0.00 0.00 13.58
371 78.02 0.00 1.55 5.26 0.00 0.00 0.00 0.00 0.00 15.17
372 60.90 0.00 2.56 9.62 0.00 0.00 0.00 0.00 0.00 26.92
373 27.89 0.00 0.00 5.64 0.00 0.00 0.00 0.00 0.00 66.47
374 5.05 0.00 0.32 0.32 0.00 0.00 0.32 0.00 0.00 94.01
375 13.58 0.00 0.29 2.60 0.00 0.00 0.00 0.00 0.00 83.53
376 8.28 0.00 0.00 3.07 0.00 0.00 0.31 0.00 0.00 88.34
377 14.08 0.00 0.00 2.01 0.00 0.00 0.00 0.00 0.00 83.91
378 22.25 0.00 0.28 2.25 0.00 0.00 0.00 0.00 0.00 75.21
379 6.85 0.00 0.31 1.87 0.00 0.00 0.00 0.00 0.00 90.97
380 24.62 0.00 0.51 1.27 0.00 0.00 0.00 0.00 0.00 73.60
381 13.37 0.00 0.00 1.74 0.00 0.00 0.29 0.00 0.00 84.59
382 11.57 0.00 0.59 2.37 0.00 0.00 0.00 0.00 0.00 85.46
383 10.75 0.00 0.00 2.69 0.00 0.00 0.30 0.00 0.00 86.27
384 3.75 0.00 0.54 1.61 0.00 0.00 0.00 0.00 0.00 94.10
385 0.50 0.00 0.25 13.28 0.00 0.25 0.00 0.00 0.00 85.71
386 0.25 0.00 0.25 5.28 0.00 0.00 0.00 0.00 0.00 94.22
387 0.00 0.00 0.25 2.76 0.00 0.00 0.00 0.00 0.00 96.98
388 0.25 0.00 0.25 2.52 0.00 0.00 0.00 0.00 0.00 96.98
389 0.25 0.00 0.00 1.25 0.00 0.00 0.00 0.00 0.00 98.50
390 0.25 0.00 0.00 1.75 0.00 0.00 0.00 0.00 0.00 97.99
391 0.00 0.00 0.25 2.76 0.00 0.00 0.00 0.00 0.00 96.99
392 0.00 0.00 0.25 2.26 0.00 0.00 0.00 0.00 0.00 97.49
393 0.25 0.00 0.00 1.25 0.00 0.00 0.00 0.00 0.00 98.50
394 0.50 0.00 0.50 2.50 0.00 0.00 0.00 0.00 0.00 96.50
395 8.65 0.00 0.51 20.36 0.00 0.00 0.25 0.00 0.00 70.23
396 26.30 0.00 1.04 63.28 0.00 0.26 0.00 0.00 0.00 9.11
397 6.91 0.00 0.77 92.33 0.00 0.00 0.00 0.00 0.00 0.00
398 8.21 0.00 0.26 91.28 0.00 0.26 0.00 0.00 0.00 0.00
399 12.21 0.00 0.51 87.28 0.00 0.00 0.00 0.00 0.00 0.00
400 92.24 0.00 1.72 6.03 0.00 0.00 0.00 0.00 0.00 0.00
401 98.55 0.00 0.58 0.00 0.00 0.00 0.00 0.00 0.00 0.87
402 99.34 0.00 0.33 0.00 0.00 0.00 0.00 0.00 0.00 0.33
403 97.92 0.00 0.30 0.00 0.00 0.00 0.30 0.00 0.00 1.49
404 98.79 0.00 0.30 0.61 0.00 0.00 0.00 0.00 0.00 0.30
405 97.81 0.00 0.31 0.00 0.00 0.00 0.00 0.00 0.00 1.88
406 96.89 0.00 1.86 0.93 0.00 0.00 0.00 0.00 0.00 0.31
407 95.48 0.00 3.23 0.32 0.00 0.00 0.32 0.00 0.00 0.65
408 34.80 0.00 0.88 2.34 0.00 0.00 0.00 0.00 0.00 61.99
409 12.32 0.00 0.00 6.16 0.00 0.00 0.00 0.00 0.00 81.52
410 6.29 0.00 0.31 6.60 0.00 0.31 0.00 0.00 0.00 86.48
411 16.48 0.00 0.00 24.58 0.00 0.00 0.00 0.00 0.00 58.94
412 11.21 0.00 0.59 39.53 0.00 0.00 0.29 0.00 0.00 48.38
413 65.05 0.00 0.61 12.16 0.00 0.00 0.30 0.00 0.00 21.88
414 96.66 0.00 0.00 3.34 0.00 0.00 0.00 0.00 0.00 0.00
415 96.97 0.00 1.82 0.91 0.00 0.00 0.30 0.00 0.00 0.00
416 17.74 0.00 0.69 80.87 0.00 0.00 0.00 0.00 0.00 0.69
417 27.76 0.00 0.27 71.97 0.00 0.00 0.00 0.00 0.00 0.00
418 10.70 0.00 0.52 88.77 0.00 0.00 0.00 0.00 0.00 0.00
419 50.41 0.00 1.91 47.41 0.00 0.00 0.27 0.00 0.00 0.00
420 70.06 0.00 1.41 27.68 0.00 0.00 0.00 0.00 0.00 0.85
421 61.02 0.00 1.61 35.48 0.00 0.00 0.27 0.00 0.00 1.61
422 60.57 0.00 1.71 36.57 0.00 0.29 0.86 0.00 0.00 0.00
423 66.13 0.00 2.13 31.47 0.00 0.00 0.27 0.00 0.00 0.00
424 97.22 0.00 1.39 0.83 0.00 0.00 0.00 0.00 0.00 0.56
425 95.77 0.00 2.25 1.69 0.00 0.00 0.00 0.00 0.00 0.28
426 90.32 0.00 2.05 6.16 0.00 0.00 0.00 0.00 0.00 1.47
427 66.10 0.00 2.28 24.22 0.00 0.28 0.28 0.00 0.00 6.84
428 55.89 0.00 1.64 38.63 0.00 0.27 0.00 0.00 0.00 3.56
429 44.33 0.00 1.03 49.48 0.00 0.00 0.00 0.00 0.00 5.15
430 71.39 0.00 1.57 19.42 0.00 0.26 0.26 0.00 0.00 7.09
431 79.00 0.00 1.57 14.42 0.00 0.31 0.00 0.00 0.00 4.70
432 89.36 0.00 1.40 3.08 0.00 0.00 0.00 0.00 0.00 6.16
433 98.44 0.00 0.31 0.62 0.00 0.00 0.31 0.00 0.00 0.31
434 97.31 0.00 1.50 0.00 0.00 0.00 0.30 0.00 0.00 0.90
435 76.50 0.00 0.78 7.05 0.00 0.52 0.00 0.00 0.00 15.14
436 9.09 0.00 0.61 4.85 0.00 0.00 0.00 0.00 0.00 85.45
437 10.78 0.00 0.00 2.99 0.00 0.00 0.30 0.00 0.00 85.93
438 10.24 0.00 0.30 3.92 0.00 0.00 0.00 0.00 0.00 85.54
439 12.75 0.00 0.29 3.19 0.00 0.00 0.29 0.00 0.00 83.48
440 8.31 0.00 0.31 3.69 0.00 0.00 0.00 0.00 0.00 87.69
441 38.69 0.00 1.64 10.49 0.00 0.00 0.00 0.00 0.00 49.18
442 88.20 0.00 1.24 8.70 0.00 0.31 0.00 0.00 0.00 1.55
443 97.53 0.00 1.23 0.00 0.00 0.31 0.31 0.00 0.00 0.62
444 84.05 0.00 0.81 7.84 0.00 0.00 0.27 0.00 0.00 7.03
445 63.92 0.00 0.57 0.85 0.00 0.00 0.00 0.00 0.00 34.66
446 90.49 0.00 0.31 4.60 0.00 0.00 0.31 0.00 0.00 4.29
447 95.71 0.00 0.61 2.15 0.00 0.31 0.31 0.00 0.00 0.92
448 98.73 0.00 0.95 0.00 0.00 0.32 0.00 0.00 0.00 0.00
449 96.67 0.00 0.91 0.91 0.00 0.00 0.30 0.00 0.00 1.21
450 86.65 0.00 3.42 9.94 0.00 0.00 0.00 0.00 0.00 0.00
451 80.31 0.00 0.94 12.19 0.00 0.62 0.62 0.00 0.00 5.31
452 95.90 0.00 3.55 0.55 0.00 0.00 0.00 0.00 0.00 0.00
453 97.97 0.00 0.68 0.34 0.00 0.00 0.34 0.00 0.00 0.68
454 94.15 0.00 3.08 1.85 0.00 0.62 0.31 0.00 0.00 0.00
455 98.21 0.00 0.77 0.00 0.00 0.00 0.00 0.00 0.00 1.02
456 96.66 0.00 1.29 1.54 0.00 0.00 0.00 0.00 0.00 0.51
457 84.34 0.00 0.90 12.05 0.00 0.60 0.00 0.00 0.00 2.11
458 72.73 0.00 1.93 24.52 0.00 0.00 0.00 0.00 0.00 0.83
459 63.71 0.00 1.14 34.29 0.00 0.00 0.00 0.00 0.00 0.86
460 57.56 0.00 0.80 36.60 0.00 0.00 0.00 0.00 0.00 5.04
461 17.29 0.00 0.58 2.31 0.00 0.00 0.29 0.00 0.00 79.54
462 15.97 0.00 0.28 5.88 0.00 0.00 0.00 0.00 0.00 77.87
463 19.51 0.00 0.00 0.54 0.00 0.00 0.00 0.00 0.00 79.95
464 7.41 0.00 0.93 5.86 0.00 0.00 0.00 0.00 0.00 85.80
465 73.79 0.00 2.56 12.25 0.00 0.57 0.28 0.00 0.00 10.54
466 93.69 0.00 2.10 2.70 0.00 0.30 0.60 0.00 0.00 0.60
467 93.87 0.00 2.15 3.07 0.00 0.00 0.31 0.00 0.00 0.61
468 94.75 0.00 2.76 1.10 0.00 0.00 0.00 0.00 0.00 1.38
469 88.55 0.00 3.31 6.33 0.00 0.60 0.00 0.00 0.00 1.20
470 65.97 0.00 1.05 26.70 0.00 0.26 0.26 0.00 0.00 5.76
471 59.42 0.00 0.96 27.80 0.00 0.00 0.00 0.00 0.00 11.82
472 67.61 0.00 0.31 11.32 0.00 0.00 0.00 0.00 0.00 20.75
473 74.78 0.00 0.88 0.29 0.00 0.00 0.29 0.00 0.00 23.75
474 73.39 0.00 1.55 11.89 0.00 0.00 0.00 0.00 0.00 13.18
475 60.41 0.00 1.27 8.38 0.00 0.00 0.00 0.00 0.00 29.95
476 56.71 0.00 2.03 2.53 0.00 0.25 0.00 0.00 0.00 38.48
477 43.43 0.00 0.86 2.00 0.00 0.00 0.00 0.00 0.00 53.71
478 55.56 0.00 1.63 5.42 0.00 0.00 0.00 0.00 0.00 37.40
479 88.11 0.00 3.05 5.18 0.00 0.30 0.00 0.00 0.00 3.35
480 96.17 0.00 3.24 0.00 0.00 0.29 0.29 0.00 0.00 0.00
481 80.12 0.00 0.29 2.31 0.00 0.00 0.00 0.00 0.00 17.29
482 79.68 0.00 1.58 6.33 0.00 0.26 0.26 0.00 0.00 11.87
483 91.84 0.00 1.51 4.53 0.00 0.00 0.00 0.00 0.00 2.11
484 62.46 0.00 0.29 21.78 0.00 0.00 0.00 0.00 0.00 15.47
485 39.55 0.00 0.28 35.93 0.00 0.00 0.28 0.00 0.00 23.96
486 63.44 0.00 1.51 25.38 0.00 0.00 0.00 0.00 0.00 9.67
487 65.20 0.00 1.01 10.14 0.00 0.34 0.68 0.00 0.00 22.64
488 76.68 0.00 2.04 0.29 0.00 0.00 0.00 0.00 0.00 20.99
489 57.50 0.00 0.94 4.38 0.00 0.00 0.00 0.00 0.00 37.19
490 14.77 0.00 0.28 4.26 0.00 0.00 0.00 0.00 0.00 80.68
491 10.30 0.00 0.00 8.18 0.00 0.00 0.30 0.00 0.00 81.21
492 5.68 0.00 0.00 5.36 0.00 0.00 0.00 0.00 0.00 88.96
493 15.54 0.00 0.28 2.26 0.00 0.00 0.28 0.00 0.00 81.64
494 10.98 0.00 0.30 3.56 0.00 0.00 0.00 0.00 0.00 85.16
495 52.41 0.00 0.85 8.22 0.00 0.00 0.00 0.00 0.00 38.53
496 84.03 0.00 2.80 12.32 0.00 0.00 0.00 0.00 0.00 0.84
497 73.65 0.00 1.50 20.06 0.00 0.00 0.30 0.00 0.00 4.49
498 86.60 0.00 1.03 8.76 0.00 0.00 0.00 0.00 0.00 3.61
499 87.89 0.00 2.58 9.02 0.00 0.26 0.00 0.00 0.00 0.26
500 90.05 0.00 1.05 7.85 0.00 0.00 0.26 0.00 0.00 0.79
501 58.01 0.00 0.91 12.08 0.00 0.00 0.00 0.00 0.00 29.00
502 9.39 0.00 0.30 11.21 0.00 0.00 0.30 0.00 0.00 78.79
503 12.87 0.00 0.00 13.45 0.00 0.00 0.00 0.00 0.00 73.68
504 18.13 0.00 0.27 2.20 0.00 0.00 0.00 0.00 0.00 79.40
505 8.87 0.00 0.00 2.14 0.00 0.00 0.31 0.00 0.00 88.69
506 30.86 0.00 0.57 6.57 0.00 0.29 0.00 0.00 0.00 61.71
507 96.65 0.00 0.91 1.52 0.00 0.00 0.61 0.00 0.00 0.30
508 98.06 0.00 1.11 0.28 0.00 0.00 0.00 0.00 0.00 0.55
509 83.99 0.00 1.51 1.81 0.00 0.00 0.60 0.00 0.00 12.08
510 72.89 0.00 1.51 0.00 0.00 0.00 0.00 0.00 0.00 25.60
511 70.43 0.00 2.44 1.22 0.00 0.00 0.30 0.00 0.00 25.61
512 50.31 0.00 2.15 4.29 0.00 0.00 0.00 0.00 0.00 43.25
513 20.90 0.00 0.26 3.44 0.00 0.00 0.00 0.00 0.00 75.40
514 5.71 0.00 0.00 16.19 0.00 0.00 0.32 0.00 0.00 77.78
515 13.51 0.00 0.57 7.18 0.00 0.00 0.29 0.00 0.00 78.45
516 34.85 0.00 0.54 14.21 0.00 0.00 0.00 0.00 0.00 50.40
517 8.31 0.00 0.92 14.46 0.00 0.00 0.00 0.00 0.00 76.31
518 13.08 0.00 0.29 3.49 0.00 0.00 0.29 0.00 0.00 82.85
519 14.79 0.00 1.37 17.53 0.00 0.00 0.00 0.00 0.00 66.30
520 7.31 0.00 0.26 92.43 0.00 0.00 0.00 0.00 0.00 0.00
521 19.95 0.00 0.78 79.02 0.00 0.00 0.00 0.00 0.00 0.26
522 4.07 0.00 0.51 95.42 0.00 0.00 0.00 0.00 0.00 0.00
523 7.42 0.00 0.26 92.07 0.00 0.26 0.00 0.00 0.00 0.00
524 6.84 0.00 0.51 92.41 0.00 0.00 0.25 0.00 0.00 0.00
525 8.23 0.00 1.03 90.75 0.00 0.00 0.00 0.00 0.00 0.00
526 74.85 0.00 0.91 24.24 0.00 0.00 0.00 0.00 0.00 0.00
527 97.24 0.00 0.92 1.23 0.00 0.31 0.00 0.00 0.00 0.31
528 93.09 0.00 1.20 1.20 0.00 0.00 0.00 0.00 0.00 4.50
529 98.45 0.00 0.52 0.00 0.00 0.00 0.00 0.00 0.00 1.03
530 97.37 0.00 1.32 0.66 0.00 0.00 0.33 0.00 0.00 0.33
531 98.77 0.00 0.92 0.31 0.00 0.00 0.00 0.00 0.00 0.00
532 96.62 0.00 2.15 0.62 0.00 0.00 0.00 0.00 0.00 0.62
533 95.56 0.00 1.90 1.90 0.00 0.00 0.32 0.00 0.00 0.32
534 91.29 0.00 1.80 6.91 0.00 0.00 0.00 0.00 0.00 0.00
535 97.87 0.00 0.53 1.33 0.00 0.00 0.00 0.00 0.00 0.27
536 71.25 0.00 2.04 26.72 0.00 0.00 0.00 0.00 0.00 0.00
537 40.05 0.00 1.28 58.42 0.00 0.00 0.26 0.00 0.00 0.00
538 17.84 0.00 0.50 81.66 0.00 0.00 0.00 0.00 0.00 0.00
539 32.16 0.00 0.75 67.09 0.00 0.00 0.00 0.00 0.00 0.00
540 8.08 0.00 1.01 90.91 0.00 0.00 0.00 0.00 0.00 0.00
541 38.70 0.00 0.52 60.52 0.00 0.00 0.00 0.00 0.00 0.26
542 31.48 0.00 0.79 61.38 0.00 0.00 0.26 0.00 0.00 6.08
543 12.31 0.00 1.01 86.68 0.00 0.00 0.00 0.00 0.00 0.00
544 11.93 0.00 1.02 85.79 0.00 0.00 0.00 0.00 0.00 1.27
545 71.19 0.00 1.94 25.48 0.00 0.28 0.00 0.00 0.00 1.11
546 30.50 0.00 0.27 69.23 0.00 0.00 0.00 0.00 0.00 0.00
547 72.57 0.00 2.29 21.43 0.00 0.00 0.00 0.00 0.00 3.71
548 66.39 0.00 2.24 31.09 0.00 0.28 0.00 0.00 0.00 0.00
549 16.03 0.00 1.02 82.70 0.00 0.00 0.25 0.00 0.00 0.00
550 19.95 0.00 0.52 79.53 0.00 0.00 0.00 0.00 0.00 0.00
551 0.00 0.00 0.00 100.00 0.00 0.00 0.00 0.00 0.00 0.00
552 5.54 0.00 0.76 93.70 0.00 0.00 0.00 0.00 0.00 0.00
553 20.15 0.00 0.76 72.04 0.00 0.25 0.00 0.00 0.00 6.80
554 41.10 0.00 2.36 53.40 0.00 0.00 0.00 0.00 0.00 3.14
555 76.32 0.00 1.67 21.73 0.00 0.00 0.00 0.00 0.00 0.28
556 51.69 0.00 2.60 43.38 0.00 0.26 0.00 0.00 0.00 2.08
557 55.23 0.00 1.88 33.51 0.00 0.27 0.00 0.00 0.00 9.12
558 97.32 0.00 0.80 0.00 0.00 0.00 0.27 0.00 0.00 1.61
559 91.24 0.00 0.28 6.50 0.00 0.28 0.00 0.00 0.00 1.69
560 73.12 0.00 0.31 6.56 0.00 0.31 0.00 0.00 0.00 19.69
561 99.05 0.00 0.63 0.00 0.00 0.00 0.00 0.00 0.00 0.32
562 96.65 0.00 0.84 2.23 0.00 0.00 0.28 0.00 0.00 0.00
563 72.92 0.00 1.23 8.31 0.00 0.00 0.00 0.00 0.00 17.54
564 96.96 0.00 2.28 0.25 0.00 0.00 0.00 0.00 0.00 0.51
565 95.92 0.00 2.04 1.53 0.00 0.26 0.00 0.00 0.00 0.26
566 92.99 0.00 1.91 4.78 0.00 0.00 0.32 0.00 0.00 0.00
567 82.02 0.00 1.89 2.21 0.00 0.32 0.32 0.00 0.00 13.25
568 71.08 0.00 2.46 14.77 0.00 0.00 0.31 0.00 0.00 11.38
569 44.01 0.00 1.39 54.60 0.00 0.00 0.00 0.00 0.00 0.00
570 37.08 0.00 0.77 61.89 0.00 0.26 0.00 0.00 0.00 0.00
571 22.81 0.00 1.33 75.60 0.00 0.00 0.27 0.00 0.00 0.00
572 45.70 0.00 1.34 44.09 0.00 0.00 0.00 0.00 0.00 8.87
573 59.03 0.00 2.70 21.29 0.00 0.00 0.27 0.00 0.00 16.71
574 41.86 0.00 2.07 46.25 0.00 0.26 0.00 0.00 0.00 9.56
575 80.60 0.00 2.73 16.12 0.00 0.00 0.27 0.00 0.00 0.27
576 92.81 0.00 2.69 4.49 0.00 0.00 0.00 0.00 0.00 0.00
577 95.21 0.00 2.40 1.50 0.00 0.00 0.00 0.00 0.00 0.90
578 91.08 0.00 2.23 5.73 0.00 0.32 0.32 0.00 0.00 0.32
579 87.21 0.00 3.61 8.52 0.00 0.00 0.33 0.00 0.00 0.33
580 56.69 0.00 0.58 32.56 0.00 0.29 0.00 0.00 0.00 9.88
581 45.51 0.00 0.60 29.64 0.00 0.00 0.00 0.00 0.00 24.25
582 36.46 0.00 0.54 19.57 0.00 0.00 0.00 0.00 0.00 43.43
583 10.83 0.00 0.76 78.09 0.00 0.00 0.25 0.00 0.00 10.08
584 14.57 0.00 0.50 65.83 0.00 0.25 0.00 0.00 0.00 18.84
585 20.51 0.00 0.25 49.37 0.00 0.00 0.00 0.00 0.00 29.87
586 17.42 0.00 0.25 40.40 0.00 0.00 0.00 0.00 0.00 41.92
587 62.85 0.00 1.02 7.63 0.00 0.00 0.00 0.00 0.00 28.50
588 59.74 0.00 1.28 21.03 0.00 0.00 0.00 0.00 0.00 17.95
589 73.72 0.00 0.51 8.67 0.00 0.26 0.00 0.00 0.00 16.84
590 49.49 0.00 0.25 1.78 0.00 0.00 0.00 0.00 0.00 48.48
591 33.51 0.00 0.53 12.77 0.00 0.27 0.00 0.00 0.00 52.93
592 89.06 0.00 0.94 6.25 0.00 0.31 0.00 0.00 0.00 3.44
593 56.19 0.00 1.27 8.57 0.00 0.00 0.32 0.00 0.00 33.65
594 74.32 0.00 0.91 11.18 0.00 0.30 0.00 0.00 0.00 13.29
595 93.73 0.00 0.63 2.82 0.00 0.31 0.31 0.00 0.00 2.19
596 65.71 0.00 0.29 9.80 0.00 0.00 0.00 0.00 0.00 24.21
597 12.87 0.00 0.00 2.92 0.00 0.00 0.00 0.00 0.00 84.21
598 20.73 0.00 0.26 5.96 0.00 0.00 0.26 0.00 0.00 72.80
599 21.50 0.00 0.00 11.66 0.00 0.00 0.26 0.00 0.00 66.58
600 24.87 0.00 0.25 19.29 0.00 0.00 0.00 0.00 0.00 55.58
601 24.69 0.00 0.50 12.85 0.00 0.00 0.00 0.00 0.00 61.96
602 17.27 0.00 0.56 24.51 0.00 0.00 0.28 0.00 0.00 57.38
603 63.79 0.00 1.44 10.63 0.00 0.29 0.00 0.00 0.00 23.85
604 96.77 0.00 0.65 0.65 0.00 0.32 0.32 0.00 0.00 1.29
605 95.44 0.00 0.30 1.22 0.00 0.61 0.30 0.00 0.00 2.13
606 97.38 0.00 1.64 0.00 0.00 0.33 0.66 0.00 0.00 0.00
607 97.70 0.00 2.30 0.00 0.00 0.00 0.00 0.00 0.00 0.00
608 95.10 0.00 4.12 0.52 0.00 0.26 0.00 0.00 0.00 0.00
609 96.59 0.00 1.86 0.00 0.00 0.31 0.31 0.00 0.00 0.93
610 94.33 0.00 3.40 0.00 0.00 0.28 0.00 0.00 0.00 1.98
611 89.70 0.00 2.44 4.07 0.00 0.27 0.00 0.00 0.00 3.52
612 41.82 0.00 2.20 11.01 0.00 0.00 0.00 0.00 0.00 44.97
613 43.63 0.00 1.70 17.56 0.00 0.28 0.00 0.00 0.00 36.83
614 36.34 0.00 1.16 22.67 0.00 0.29 0.29 0.00 0.00 39.24
615 14.61 0.00 0.29 2.29 0.00 0.00 0.00 0.00 0.00 82.81
616 14.77 0.00 0.28 1.99 0.00 0.00 0.28 0.00 0.00 82.67
617 21.37 0.00 0.26 0.00 0.00 0.00 0.00 0.00 0.00 78.36
618 14.61 0.00 0.29 2.58 0.00 0.00 0.00 0.00 0.00 82.52
619 72.09 0.00 3.68 8.59 0.00 0.61 0.00 0.00 0.00 15.03
620 90.60 0.00 2.51 3.76 0.00 0.00 0.31 0.00 0.00 2.82
621 91.88 0.00 2.90 4.35 0.00 0.29 0.29 0.00 0.00 0.29
622 86.83 0.00 3.29 8.68 0.00 0.30 0.30 0.00 0.00 0.60
623 79.88 0.00 2.66 16.27 0.00 0.00 0.30 0.00 0.00 0.89
624 81.61 0.00 1.81 16.06 0.00 0.00 0.00 0.00 0.00 0.52
625 67.28 0.00 1.85 26.12 0.00 0.00 0.00 0.00 0.00 4.75
626 49.24 0.00 2.54 45.94 0.00 0.25 0.00 0.00 0.00 2.03
627 68.33 0.00 2.35 4.99 0.00 0.00 0.00 0.00 0.00 24.34
628 52.73 0.00 0.61 2.12 0.00 0.00 0.30 0.00 0.00 44.24
629 42.07 0.00 0.29 0.29 0.00 0.29 0.00 0.00 0.00 57.06
630 50.30 0.00 0.30 1.52 0.00 0.00 0.00 0.00 0.00 47.87
631 41.94 0.00 0.00 2.05 0.00 0.00 0.00 0.00 0.00 56.01
632 43.06 0.00 0.29 12.43 0.00 0.29 0.29 0.00 0.00 43.64
633 34.22 0.00 0.33 2.99 0.00 0.00 0.00 0.00 0.00 62.46
634 40.42 0.00 0.00 1.80 0.00 0.00 0.00 0.00 0.00 57.78
635 80.50 0.00 0.62 0.00 0.00 0.00 0.31 0.00 0.00 18.58
636 47.99 0.00 1.72 6.03 0.00 0.00 0.00 0.00 0.00 44.25
637 38.71 0.00 1.76 16.13 0.00 0.29 0.29 0.00 0.00 42.82
638 26.49 0.00 1.19 35.42 0.00 0.00 0.00 0.00 0.00 36.90
639 9.97 0.00 0.51 88.49 0.00 0.00 0.00 0.00 0.00 1.02
640 5.88 0.00 0.77 93.35 0.00 0.00 0.00 0.00 0.00 0.00
641 5.04 0.00 1.01 93.95 0.00 0.00 0.00 0.00 0.00 0.00
642 10.24 0.00 0.26 89.50 0.00 0.00 0.00 0.00 0.00 0.00
643 8.21 0.00 0.77 91.03 0.00 0.00 0.00 0.00 0.00 0.00
644 0.76 0.00 1.27 97.97 0.00 0.00 0.00 0.00 0.00 0.00
645 5.85 0.00 1.02 93.13 0.00 0.00 0.00 0.00 0.00 0.00
646 5.04 0.00 1.01 93.95 0.00 0.00 0.00 0.00 0.00 0.00
647 57.39 0.00 1.45 41.16 0.00 0.00 0.00 0.00 0.00 0.00
648 98.02 0.00 1.13 0.56 0.00 0.28 0.00 0.00 0.00 0.00
649 79.26 0.00 1.42 18.18 0.00 0.00 0.28 0.00 0.00 0.85
650 90.85 0.00 1.22 2.13 0.00 0.00 0.00 0.00 0.00 5.79
651 69.16 0.00 0.31 0.00 0.00 0.00 0.00 0.00 0.00 30.53
652 68.15 0.00 0.32 0.00 0.00 0.00 0.00 0.00 0.00 31.53
653 71.75 0.00 2.92 10.39 0.00 0.00 0.32 0.00 0.00 14.61
654 96.88 0.00 1.42 1.42 0.00 0.00 0.00 0.00 0.00 0.28
655 99.46 0.00 0.00 0.00 0.00 0.00 0.00 0.00 0.00 0.54
656 93.84 0.00 2.24 2.80 0.00 0.00 0.28 0.00 0.00 0.84
657 80.35 0.00 2.35 17.01 0.00 0.29 0.00 0.00 0.00 0.00
658 85.58 0.00 1.84 12.58 0.00 0.00 0.00 0.00 0.00 0.00
659 34.85 0.00 0.91 63.94 0.00 0.00 0.30 0.00 0.00 0.00
660 58.07 0.00 2.17 39.75 0.00 0.00 0.00 0.00 0.00 0.00
661 90.99 0.00 1.74 5.81 0.00 0.00 0.00 0.00 0.00 1.45
662 88.85 0.00 4.14 4.14 0.00 0.00 0.32 0.00 0.00 2.55
663 94.46 0.00 1.39 4.16 0.00 0.00 0.00 0.00 0.00 0.00
664 67.67 0.00 2.74 29.04 0.00 0.00 0.27 0.00 0.00 0.27
665 15.22 0.00 0.26 84.51 0.00 0.00 0.00 0.00 0.00 0.00
666 23.42 0.00 0.79 75.79 0.00 0.00 0.00 0.00 0.00 0.00
667 40.20 0.00 1.02 58.27 0.00 0.25 0.00 0.00 0.00 0.25
668 7.30 0.00 0.50 92.19 0.00 0.00 0.00 0.00 0.00 0.00
669 26.28 0.00 1.28 68.37 0.00 0.00 0.26 0.00 0.00 3.83
670 59.27 0.00 1.31 39.16 0.00 0.26 0.00 0.00 0.00 0.00
671 23.47 0.00 1.79 74.49 0.00 0.00 0.00 0.00 0.00 0.26
672 11.11 0.00 0.51 88.38 0.00 0.00 0.00 0.00 0.00 0.00
673 16.58 0.00 1.28 82.14 0.00 0.00 0.00 0.00 0.00 0.00
674 28.00 0.00 0.53 68.53 0.00 0.27 0.00 0.00 0.00 2.67
675 59.38 0.00 1.56 37.50 0.00 0.00 0.31 0.00 0.00 1.25
676 53.22 0.00 0.29 46.49 0.00 0.00 0.00 0.00 0.00 0.00
677 57.14 0.00 0.30 38.30 0.00 0.00 0.00 0.00 0.00 4.26
678 74.38 0.00 0.93 20.68 0.00 0.00 0.00 0.00 0.00 4.01
679 62.19 0.00 0.82 36.71 0.00 0.00 0.00 0.00 0.00 0.27
680 72.16 0.00 1.42 25.85 0.00 0.28 0.28 0.00 0.00 0.00
681 58.54 0.00 1.27 39.87 0.00 0.32 0.00 0.00 0.00 0.00
682 82.29 0.00 0.57 16.29 0.00 0.57 0.00 0.00 0.00 0.29
683 95.37 0.00 1.23 2.47 0.00 0.00 0.00 0.00 0.00 0.93
684 96.99 0.00 2.41 0.30 0.00 0.00 0.00 0.00 0.00 0.30
685 95.87 0.00 0.95 0.00 0.00 0.00 0.00 0.00 0.00 3.17
686 98.99 0.00 0.67 0.00 0.00 0.00 0.34 0.00 0.00 0.00
687 80.94 0.00 1.17 17.30 0.00 0.00 0.00 0.00 0.00 0.59
688 86.90 0.00 0.89 11.61 0.00 0.30 0.00 0.00 0.00 0.30
689 84.58 0.00 1.54 13.62 0.00 0.26 0.00 0.00 0.00 0.00
690 98.20 0.00 0.60 0.60 0.00 0.00 0.30 0.00 0.00 0.30
691 94.41 0.00 2.65 2.06 0.00 0.59 0.00 0.00 0.00 0.29
692 96.88 0.00 1.70 0.28 0.00 0.00 0.00 0.00 0.00 1.14
693 96.77 0.00 2.05 0.29 0.00 0.00 0.29 0.00 0.00 0.59
694 91.08 0.00 2.23 6.69 0.00 0.00 0.00 0.00 0.00 0.00
695 16.71 0.00 0.27 82.48 0.00 0.27 0.00 0.00 0.00 0.27
696 41.10 0.00 0.61 57.98 0.00 0.00 0.00 0.00 0.00 0.31
697 6.41 0.00 0.51 93.08 0.00 0.00 0.00 0.00 0.00 0.00
698 18.95 0.00 0.79 73.16 0.00 0.00 0.00 0.00 0.00 7.11
699 37.60 0.00 1.95 57.94 0.00 0.28 0.00 0.00 0.00 2.23
700 95.64 0.00 0.87 0.00 0.00 0.29 0.00 0.00 0.00 3.20
701 67.06 0.00 1.46 2.62 0.00 0.29 0.29 0.00 0.00 28.28
702 18.75 0.00 0.00 0.54 0.00 0.00 0.00 0.00 0.00 80.71
703 21.82 0.00 0.52 1.30 0.00 0.00 0.00 0.00 0.00 76.36
704 15.34 0.00 0.00 0.85 0.00 0.00 0.00 0.00 0.00 83.81
705 20.80 0.00 0.00 11.73 0.00 0.00 0.00 0.00 0.00 67.47
706 44.18 0.00 1.06 20.11 0.00 0.00 0.00 0.00 0.00 34.66
707 98.48 0.00 0.61 0.30 0.00 0.00 0.30 0.00 0.00 0.30
708 59.48 0.00 0.00 20.12 0.00 0.29 0.00 0.00 0.00 20.12
709 54.93 0.00 0.00 33.13 0.00 0.00 0.00 0.00 0.00 11.94
710 67.83 0.00 0.58 31.59 0.00 0.00 0.00 0.00 0.00 0.00
711 62.18 0.00 0.64 37.18 0.00 0.00 0.00 0.00 0.00 0.00
712 70.35 0.00 1.74 18.02 0.00 0.00 0.00 0.00 0.00 9.88
713 70.80 0.00 1.47 19.47 0.00 0.00 0.00 0.00 0.00 8.26
714 66.56 0.00 0.97 32.14 0.00 0.00 0.32 0.00 0.00 0.00
715 71.68 0.00 1.73 19.65 0.00 0.00 0.00 0.00 0.00 6.94
716 64.71 0.00 2.17 27.55 0.00 0.00 0.31 0.00 0.00 5.26
717 69.82 0.00 1.48 5.03 0.00 0.00 0.00 0.00 0.00 23.67
718 68.82 0.00 2.35 27.65 0.00 0.00 0.59 0.00 0.00 0.59
719 63.69 0.00 2.68 11.90 0.00 0.00 0.30 0.00 0.00 21.43
720 58.47 0.00 2.73 24.86 0.00 0.27 0.00 0.00 0.00 13.66
721 66.47 0.00 2.10 27.54 0.00 0.30 0.30 0.00 0.00 3.29
722 76.69 0.00 2.25 18.26 0.00 0.00 0.28 0.00 0.00 2.53
723 84.42 0.00 0.97 9.42 0.00 0.65 0.65 0.00 0.00 3.90
724 54.52 0.00 0.27 5.21 0.00 0.00 0.00 0.00 0.00 40.00
725 17.45 0.00 0.00 5.26 0.00 0.00 0.00 0.00 0.00 77.29
726 8.84 0.00 0.30 2.74 0.00 0.00 0.30 0.00 0.00 87.80
727 11.76 0.00 0.59 2.65 0.00 0.00 0.00 0.00 0.00 85.00
728 15.82 0.00 0.00 3.67 0.00 0.00 0.00 0.00 0.00 80.51
729 71.31 0.00 1.99 2.27 0.00 0.28 0.57 0.00 0.00 23.58
730 90.17 0.00 2.81 5.90 0.00 0.56 0.28 0.00 0.00 0.28
731 87.76 0.00 1.46 7.87 0.00 0.00 0.00 0.00 0.00 2.92
732 94.57 0.00 0.78 4.13 0.00 0.00 0.00 0.00 0.00 0.52
733 74.32 0.00 0.82 3.01 0.00 0.27 0.27 0.00 0.00 21.31
734 41.71 0.00 1.14 8.00 0.00 0.00 0.00 0.00 0.00 49.14
735 39.23 0.00 0.51 5.13 0.00 0.00 0.00 0.00 0.00 55.13
736 61.62 0.00 0.28 7.00 0.00 0.00 0.00 0.00 0.00 31.09
737 63.00 0.00 0.31 16.82 0.00 0.31 0.00 0.00 0.00 19.57
738 57.40 0.00 0.89 13.91 0.00 0.00 0.30 0.00 0.00 27.51
739 88.44 0.00 0.31 0.31 0.00 0.00 0.31 0.00 0.00 10.62
740 76.49 0.00 0.81 6.22 0.00 0.00 0.00 0.00 0.00 16.49
741 91.60 0.00 0.51 7.89 0.00 0.00 0.00 0.00 0.00 0.00
742 93.75 0.00 2.56 3.41 0.00 0.28 0.00 0.00 0.00 0.00
743 92.31 0.00 0.92 6.46 0.00 0.00 0.00 0.00 0.00 0.31
744 70.72 0.00 3.95 25.00 0.00 0.00 0.33 0.00 0.00 0.00
745 68.35 0.00 2.80 18.21 0.00 0.00 0.28 0.00 0.00 10.36
746 62.42 0.00 1.82 29.09 0.00 0.00 0.30 0.00 0.00 6.36
747 83.65 0.00 3.53 11.22 0.00 0.32 0.64 0.00 0.00 0.64
748 97.94 0.00 0.88 0.88 0.00 0.00 0.00 0.00 0.00 0.29
749 96.31 0.00 1.23 0.62 0.00 0.00 0.00 0.00 0.00 1.85
750 72.40 0.00 1.48 2.37 0.00 0.00 0.00 0.00 0.00 23.74
751 96.10 0.00 1.95 0.65 0.00 0.65 0.32 0.00 0.00 0.32
752 26.67 0.00 0.26 7.44 0.00 0.00 0.00 0.00 0.00 65.64
753 21.32 0.00 0.53 9.47 0.00 0.00 0.00 0.00 0.00 68.68
754 19.24 0.00 0.00 6.50 0.00 0.00 0.00 0.00 0.00 74.25
755 22.54 0.00 0.26 14.25 0.00 0.00 0.00 0.00 0.00 62.95
756 21.37 0.00 0.26 11.87 0.00 0.00 0.00 0.00 0.00 66.49
757 48.68 0.00 1.05 29.47 0.00 0.53 0.00 0.00 0.00 20.26
758 83.66 0.00 0.85 14.93 0.00 0.28 0.28 0.00 0.00 0.00
759 34.59 0.00 0.81 64.32 0.00 0.27 0.00 0.00 0.00 0.00
760 22.82 0.00 0.77 76.41 0.00 0.00 0.00 0.00 0.00 0.00
761 34.16 0.00 1.10 64.74 0.00 0.00 0.00 0.00 0.00 0.00
762 22.75 0.00 2.65 74.60 0.00 0.00 0.00 0.00 0.00 0.00
763 55.76 0.00 2.95 38.61 0.00 0.27 0.00 0.00 0.00 2.41
764 70.59 0.00 0.59 2.94 0.00 0.29 0.00 0.00 0.00 25.59
765 74.04 0.00 0.00 17.49 0.00 0.27 0.00 0.00 0.00 8.20
766 72.88 0.00 0.55 4.38 0.00 0.00 0.55 0.00 0.00 21.64
767 73.81 0.00 0.60 7.44 0.00 0.00 0.00 0.00 0.00 18.15
768 81.16 0.00 0.00 0.00 0.00 0.00 0.00 0.00 0.00 18.84
769 68.32 0.00 0.31 0.31 0.00 0.00 0.31 0.00 0.00 30.75
770 68.57 0.00 0.00 0.00 0.00 0.00 0.00 0.00 0.00 31.43
771 68.67 0.00 1.20 0.60 0.00 0.00 0.00 0.00 0.00 29.52
772 66.13 0.00 2.24 0.64 0.00 0.00 0.00 0.00 0.00 30.99
773 79.32 0.00 1.85 1.54 0.00 0.00 0.00 0.00 0.00 17.28
774 51.00 0.00 1.14 0.85 0.00 0.28 0.28 0.00 0.00 46.44
775 0.25 0.00 0.00 9.60 0.00 0.00 0.00 0.00 0.00 90.15
776 0.25 0.00 0.25 7.56 0.00 0.00 0.00 0.00 0.00 91.94
777 0.25 0.00 0.50 8.04 0.00 0.00 0.00 0.00 0.00 91.21
778 0.25 0.00 0.00 6.77 0.00 0.00 0.00 0.00 0.00 92.98
779 0.50 0.00 0.25 10.50 0.00 0.00 0.00 0.00 0.00 88.75
780 0.00 0.00 0.25 1.50 0.00 0.00 0.00 0.00 0.00 98.25
781 0.00 0.00 0.00 2.52 0.00 0.00 0.00 0.00 0.00 97.48
782 0.00 0.00 0.50 10.58 0.00 0.00 0.00 0.00 0.00 88.92
783 0.75 0.00 0.25 2.99 0.00 0.00 0.00 0.00 0.00 96.01
784 0.00 0.00 0.25 1.25 0.00 0.00 0.00 0.00 0.00 98.50
785 0.25 0.00 0.25 3.26 0.00 0.00 0.00 0.00 0.00 96.24
786 5.32 0.00 1.01 61.52 0.00 0.00 0.00 0.00 0.00 32.15
787 7.40 0.00 0.26 92.35 0.00 0.00 0.00 0.00 0.00 0.00
788 4.90 0.00 0.52 94.59 0.00 0.00 0.00 0.00 0.00 0.00
789 12.41 0.00 1.01 86.58 0.00 0.00 0.00 0.00 0.00 0.00
790 11.72 0.00 2.08 85.94 0.00 0.00 0.00 0.00 0.00 0.26
791 18.49 0.00 0.28 80.95 0.00 0.28 0.00 0.00 0.00 0.00
792 18.70 0.00 0.54 80.76 0.00 0.00 0.00 0.00 0.00 0.00
793 35.17 0.00 1.05 63.52 0.00 0.26 0.00 0.00 0.00 0.00
794 96.80 0.00 1.45 0.00 0.00 0.29 0.29 0.00 0.00 1.16
795 98.20 0.00 0.30 0.00 0.00 0.00 0.00 0.00 0.00 1.50
796 98.47 0.00 0.31 0.00 0.00 0.00 0.00 0.00 0.00 1.23
797 99.46 0.00 0.27 0.00 0.00 0.00 0.00 0.00 0.00 0.27
798 95.18 0.00 0.25 1.78 0.00 0.00 0.00 0.00 0.00 2.79
799 97.39 0.00 1.31 0.78 0.00 0.00 0.26 0.00 0.00 0.26
800 95.82 0.00 4.18 0.00 0.00 0.00 0.00 0.00 0.00 0.00
801 96.73 0.00 2.94 0.00 0.00 0.00 0.33 0.00 0.00 0.00
802 92.86 0.00 1.79 5.06 0.00 0.00 0.00 0.00 0.00 0.30
803 73.51 0.00 0.66 25.50 0.00 0.00 0.00 0.00 0.00 0.33
804 65.09 0.00 1.78 32.54 0.00 0.30 0.30 0.00 0.00 0.00
805 13.47 0.00 1.15 85.10 0.00 0.00 0.29 0.00 0.00 0.00
806 21.81 0.00 1.06 77.13 0.00 0.00 0.00 0.00 0.00 0.00
807 36.04 0.00 1.63 62.33 0.00 0.00 0.00 0.00 0.00 0.00
808 42.03 0.00 1.37 53.85 0.00 0.27 0.00 0.00 0.00 2.47
809 25.78 0.00 0.78 73.18 0.00 0.26 0.00 0.00 0.00 0.00
810 30.56 0.00 1.34 68.10 0.00 0.00 0.00 0.00 0.00 0.00
811 67.31 0.00 2.20 22.53 0.00 0.00 0.27 0.00 0.00 7.69
812 64.53 0.00 1.33 34.13 0.00 0.00 0.00 0.00 0.00 0.00
813 65.00 0.00 0.83 33.89 0.00 0.00 0.28 0.00 0.00 0.00
814 76.69 0.00 2.15 20.86 0.00 0.00 0.00 0.00 0.00 0.31
815 89.02 0.00 2.31 7.80 0.00 0.29 0.29 0.00 0.00 0.29
816 54.57 0.00 1.52 35.98 0.00 0.00 0.00 0.00 0.00 7.93
817 65.04 0.00 1.80 32.39 0.00 0.00 0.00 0.00 0.00 0.77
818 36.86 0.00 2.00 60.86 0.00 0.00 0.29 0.00 0.00 0.00
819 54.85 0.00 1.28 43.88 0.00 0.00 0.00 0.00 0.00 0.00
820 59.39 0.00 1.78 38.83 0.00 0.00 0.00 0.00 0.00 0.00
821 42.64 0.00 1.02 47.72 0.00 0.25 0.25 0.00 0.00 8.12
822 58.87 0.00 0.77 34.45 0.00 0.51 0.00 0.00 0.00 5.40
823 49.86 0.00 2.25 28.17 0.00 0.00 0.00 0.00 0.00 19.72
824 70.20 0.00 0.86 7.16 0.00 0.00 0.00 0.00 0.00 21.78
825 62.08 0.00 0.56 1.12 0.00 0.00 0.00 0.00 0.00 36.24
826 13.27 0.00 0.31 12.65 0.00 0.00 0.31 0.00 0.00 73.46
827 18.88 0.00 1.60 24.20 0.00 0.00 0.00 0.00 0.00 55.32
828 32.68 0.00 1.68 10.34 0.00 0.00 0.00 0.00 0.00 55.31
829 74.70 0.00 1.51 12.95 0.00 0.30 0.00 0.00 0.00 10.54
830 47.08 0.00 0.56 9.19 0.00 0.00 0.28 0.00 0.00 42.90
831 52.92 0.00 0.29 3.22 0.00 0.00 0.00 0.00 0.00 43.57
832 46.92 0.00 0.54 43.43 0.00 0.00 0.00 0.00 0.00 9.12
833 45.38 0.00 0.54 26.90 0.00 0.27 0.00 0.00 0.00 26.90
834 35.38 0.00 0.28 26.46 0.00 0.00 0.00 0.00 0.00 37.88
835 42.00 0.00 1.14 31.14 0.00 0.00 0.29 0.00 0.00 25.43
836 40.92 0.00 2.88 22.19 0.00 0.00 0.00 0.00 0.00 34.01
837 51.85 0.00 1.99 9.12 0.00 0.28 0.00 0.00 0.00 36.75
838 83.68 0.00 3.56 11.87 0.00 0.59 0.00 0.00 0.00 0.30
839 98.36 0.00 0.66 0.00 0.00 0.00 0.33 0.00 0.00 0.66
840 83.24 0.00 0.58 0.87 0.00 0.00 0.00 0.00 0.00 15.32
841 71.10 0.00 0.58 2.02 0.00 0.29 0.29 0.00 0.00 25.72
842 56.55 0.00 0.64 34.19 0.00 0.32 0.00 0.00 0.00 8.31
843 6.12 0.00 0.77 41.58 0.00 0.00 0.26 0.00 0.00 51.28
844 8.10 0.00 0.76 39.75 0.00 0.00 0.00 0.00 0.00 51.39
845 52.30 0.00 0.57 21.84 0.00 0.00 0.00 0.00 0.00 25.29
846 45.59 0.00 1.22 25.53 0.00 0.30 0.30 0.00 0.00 27.05
847 87.72 0.00 1.20 8.38 0.00 0.00 0.00 0.00 0.00 2.69
848 90.03 0.00 1.47 7.04 0.00 0.59 0.29 0.00 0.00 0.59
849 97.18 0.00 1.13 0.00 0.00 0.00 0.00 0.00 0.00 1.69
850 89.12 0.00 1.51 9.06 0.00 0.00 0.00 0.00 0.00 0.30
851 22.96 0.00 0.53 18.21 0.00 0.00 0.00 0.00 0.00 58.31
852 24.69 0.00 0.00 0.76 0.00 0.00 0.00 0.00 0.00 74.56
853 19.38 0.00 0.78 2.84 0.00 0.00 0.26 0.00 0.00 76.74
854 22.92 0.00 0.25 3.02 0.00 0.00 0.00 0.00 0.00 73.80
855 24.81 0.00 0.25 0.00 0.00 0.00 0.00 0.00 0.00 74.94
856 24.24 0.00 0.51 0.00 0.00 0.00 0.00 0.00 0.00 75.25
857 58.12 0.00 1.99 9.69 0.00 0.28 0.57 0.00 0.00 29.34
858 90.27 0.00 2.06 6.78 0.00 0.00 0.00 0.00 0.00 0.88
859 94.77 0.00 0.31 0.00 0.00 0.00 0.31 0.00 0.00 4.62
860 95.86 0.00 1.48 2.07 0.00 0.00 0.00 0.00 0.00 0.59
861 96.94 0.00 0.92 0.00 0.00 0.31 0.31 0.00 0.00 1.53
862 99.05 0.00 0.32 0.32 0.00 0.00 0.00 0.00 0.00 0.32
863 98.61 0.00 1.11 0.00 0.00 0.28 0.00 0.00 0.00 0.00
864 97.19 0.00 2.30 0.26 0.00 0.00 0.26 0.00 0.00 0.00
865 96.71 0.00 2.74 0.55 0.00 0.00 0.00 0.00 0.00 0.00
866 21.24 0.00 0.00 14.45 0.00 0.00 0.00 0.00 0.00 64.31
867 6.27 0.00 0.31 16.30 0.00 0.00 0.00 0.00 0.00 77.12
868 22.60 0.00 0.00 21.56 0.00 0.00 0.00 0.00 0.00 55.84
869 19.46 0.00 0.27 4.86 0.00 0.00 0.00 0.00 0.00 75.41
870 11.01 0.00 0.00 6.25 0.00 0.00 0.00 0.00 0.00 82.74
871 19.44 0.00 0.56 1.94 0.00 0.00 0.28 0.00 0.00 77.78
872 95.69 0.00 3.45 0.57 0.00 0.29 0.00 0.00 0.00 0.00
873 96.44 0.00 1.64 0.27 0.00 0.27 0.27 0.00 0.00 1.10
874 80.62 0.00 3.44 8.75 0.00 0.00 0.31 0.00 0.00 6.88
875 42.27 0.00 1.46 15.16 0.00 0.00 0.29 0.00 0.00 40.82
876 29.56 0.00 0.83 47.79 0.00 0.00 0.00 0.00 0.00 21.82
877 31.82 0.00 1.34 66.58 0.00 0.00 0.27 0.00 0.00 0.00
878 49.04 0.00 1.65 49.31 0.00 0.00 0.00 0.00 0.00 0.00
879 27.89 0.00 0.85 71.27 0.00 0.00 0.00 0.00 0.00 0.00
880 58.84 0.00 1.61 39.23 0.00 0.00 0.00 0.00 0.00 0.32
881 81.02 0.00 2.83 10.48 0.00 0.57 0.28 0.00 0.00 4.82
882 60.68 0.00 1.55 30.65 0.00 0.00 0.00 0.00 0.00 7.12
883 68.51 0.00 0.87 2.33 0.00 0.29 0.29 0.00 0.00 27.70
884 75.15 0.00 0.89 3.85 0.00 0.00 0.00 0.00 0.00 20.12
885 49.84 0.00 0.63 7.21 0.00 0.00 0.31 0.00 0.00 42.01
886 47.44 0.00 0.51 14.10 0.00 0.26 0.00 0.00 0.00 37.69
887 47.33 0.00 0.76 10.69 0.00 0.00 0.00 0.00 0.00 41.22
888 55.30 0.00 0.52 23.26 0.00 0.26 0.00 0.00 0.00 20.67
889 54.19 0.00 0.26 16.23 0.00 0.00 0.00 0.00 0.00 29.32
890 48.07 0.00 0.89 13.95 0.00 0.00 0.30 0.00 0.00 36.80
891 44.60 0.00 0.55 26.32 0.00 0.00 0.00 0.00 0.00 28.53
892 39.14 0.00 0.00 18.35 0.00 0.00 0.00 0.00 0.00 42.51
893 43.14 0.00 0.29 13.14 0.00 0.00 0.00 0.00 0.00 43.43
894 52.02 0.00 0.29 8.09 0.00 0.00 0.00 0.00 0.00 39.60
895 47.12 0.00 1.64 3.01 0.00 0.00 0.00 0.00 0.00 48.22
896 48.46 0.00 1.28 2.05 0.00 0.00 0.26 0.00 0.00 47.95
897 18.66 0.00 1.17 2.33 0.00 0.00 0.00 0.00 0.00 77.84
898 0.25 0.00 0.00 1.25 0.00 0.00 0.25 0.00 0.00 98.25
899 0.25 0.00 0.25 2.01 0.00 0.00 0.00 0.00 0.00 97.49
900 0.25 0.00 0.25 2.00 0.00 0.00 0.00 0.00 0.00 97.50
901 0.25 0.00 0.25 2.26 0.00 0.00 0.00 0.00 0.00 97.24
902 0.00 0.00 0.00 7.56 0.00 0.00 0.00 0.00 0.00 92.44
903 0.50 0.00 0.50 9.77 0.00 0.00 0.00 0.00 0.00 89.22
904 0.25 0.00 0.00 6.77 0.00 0.00 0.00 0.00 0.00 92.98
905 0.00 0.00 0.00 10.30 0.00 0.00 0.00 0.00 0.00 89.70
906 0.25 0.00 0.25 7.27 0.00 0.00 0.00 0.00 0.00 92.23
907 0.25 0.00 0.00 3.26 0.00 0.00 0.00 0.00 0.00 96.49
908 6.91 0.00 0.77 78.26 0.00 0.26 0.00 0.00 0.00 13.81
909 10.20 0.00 0.77 89.03 0.00 0.00 0.00 0.00 0.00 0.00
910 5.36 0.00 0.51 93.88 0.00 0.00 0.26 0.00 0.00 0.00
911 8.48 0.00 0.51 90.75 0.00 0.26 0.00 0.00 0.00 0.00
912 13.49 0.00 0.79 85.71 0.00 0.00 0.00 0.00 0.00 0.00
913 11.44 0.00 0.53 88.03 0.00 0.00 0.00 0.00 0.00 0.00
914 55.68 0.00 0.28 41.76 0.00 0.00 0.00 0.00 0.00 2.27
915 49.00 0.00 0.57 41.60 0.00 0.00 0.00 0.00 0.00 8.83
916 16.67 0.00 0.54 61.29 0.00 0.00 0.00 0.00 0.00 21.51
917 31.96 0.00 0.00 37.37 0.00 0.26 0.00 0.00 0.00 30.41
918 76.41 0.00 0.77 16.15 0.00 0.26 0.00 0.00 0.00 6.41
919 90.61 0.00 0.28 0.83 0.00 0.00 0.00 0.00 0.00 8.29
920 95.51 0.00 0.30 0.00 0.00 0.00 0.30 0.00 0.00 3.89
921 99.07 0.00 0.93 0.00 0.00 0.00 0.00 0.00 0.00 0.00
922 98.81 0.00 0.90 0.30 0.00 0.00 0.00 0.00 0.00 0.00
923 99.12 0.00 0.58 0.00 0.00 0.00 0.29 0.00 0.00 0.00
924 95.83 0.00 3.27 0.60 0.00 0.00 0.00 0.00 0.00 0.30
925 86.42 0.00 5.25 7.41 0.00 0.00 0.00 0.00 0.00 0.93
926 94.46 0.00 2.15 2.77 0.00 0.00 0.31 0.00 0.00 0.31
927 47.67 0.00 1.92 50.41 0.00 0.00 0.00 0.00 0.00 0.00
928 29.64 0.00 1.50 68.86 0.00 0.00 0.00 0.00 0.00 0.00
929 8.47 0.00 0.27 90.98 0.00 0.00 0.27 0.00 0.00 0.00
930 35.29 0.00 0.80 63.37 0.00 0.53 0.00 0.00 0.00 0.00
931 17.93 0.00 1.26 80.81 0.00 0.00 0.00 0.00 0.00 0.00
932 18.37 0.00 1.31 79.00 0.00 0.00 0.26 0.00 0.00 1.05
933 89.04 0.00 2.74 7.40 0.00 0.00 0.00 0.00 0.00 0.82
934 64.18 0.00 1.43 34.10 0.00 0.00 0.00 0.00 0.00 0.29
935 61.45 0.00 0.60 37.95 0.00 0.00 0.00 0.00 0.00 0.00
936 59.45 0.00 0.00 39.94 0.00 0.00 0.30 0.00 0.00 0.30
937 61.52 0.00 0.87 37.61 0.00 0.00 0.00 0.00 0.00 0.00
938 52.31 0.00 1.23 40.62 0.00 0.00 0.00 0.00 0.00 5.85
939 20.26 0.00 1.28 78.46 0.00 0.00 0.00 0.00 0.00 0.00
940 10.18 0.00 1.53 87.28 0.00 0.00 0.00 0.00 0.00 1.02
941 28.46 0.00 1.08 70.19 0.00 0.27 0.00 0.00 0.00 0.00
942 31.27 0.00 1.41 67.04 0.00 0.28 0.00 0.00 0.00 0.00
943 51.29 0.00 1.29 47.16 0.00 0.00 0.00 0.00 0.00 0.26
944 64.46 0.00 1.38 31.40 0.00 0.00 0.00 0.00 0.00 2.75
945 64.81 0.00 0.76 31.90 0.00 0.00 0.00 0.00 0.00 2.53
946 74.04 0.00 0.55 25.14 0.00 0.00 0.27 0.00 0.00 0.00
947 13.00 0.00 0.00 87.00 0.00 0.00 0.00 0.00 0.00 0.00
948 0.25 0.00 1.00 80.00 0.00 0.00 0.00 0.00 0.00 18.75
949 12.89 0.00 1.03 22.68 0.00 0.00 0.00 0.00 0.00 63.40
950 18.13 0.00 0.00 7.69 0.00 0.00 0.00 0.00 0.00 74.18
951 16.10 0.00 0.00 4.24 0.00 0.00 0.00 0.00 0.00 79.66
952 19.47 0.00 0.53 2.67 0.00 0.00 0.27 0.00 0.00 77.07
953 13.08 0.00 0.00 4.07 0.00 0.00 0.00 0.00 0.00 82.85
954 61.00 0.00 1.67 7.80 0.00 0.28 0.00 0.00 0.00 29.25
955 97.99 0.00 1.43 0.29 0.00 0.29 0.00 0.00 0.00 0.00
956 99.13 0.00 0.29 0.00 0.00 0.00 0.29 0.00 0.00 0.29
957 80.06 0.00 0.28 12.08 0.00 0.00 0.00 0.00 0.00 7.58
958 91.69 0.00 0.78 7.53 0.00 0.00 0.00 0.00 0.00 0.00
959 98.22 0.00 0.76 0.25 0.00 0.00 0.00 0.00 0.00 0.76
960 97.18 0.00 2.25 0.28 0.00 0.00 0.28 0.00 0.00 0.00
961 97.49 0.00 1.57 0.63 0.00 0.00 0.00 0.00 0.00 0.31
962 82.64 0.00 3.63 13.21 0.00 0.26 0.26 0.00 0.00 0.00
963 30.25 0.00 1.63 65.40 0.00 0.00 0.00 0.00 0.00 2.72
964 52.79 0.00 1.17 42.82 0.00 0.00 0.29 0.00 0.00 2.93
965 50.70 0.00 0.56 24.93 0.00 0.00 0.00 0.00 0.00 23.81
966 72.41 0.00 0.29 5.75 0.00 0.29 0.29 0.00 0.00 20.98
967 73.18 0.00 0.84 9.78 0.00 0.00 0.00 0.00 0.00 16.20
968 26.33 0.00 1.33 3.46 0.00 0.00 0.00 0.00 0.00 68.88
969 61.60 0.00 1.33 8.53 0.00 0.27 0.00 0.00 0.00 28.27
970 95.21 0.00 1.20 2.99 0.00 0.00 0.00 0.00 0.00 0.60
971 90.27 0.00 0.91 7.60 0.00 0.00 0.30 0.00 0.00 0.91
972 81.82 0.00 1.82 14.55 0.00 0.30 0.00 0.00 0.00 1.52
973 95.58 0.00 0.32 0.32 0.00 0.00 0.00 0.00 0.00 3.79
974 26.99 0.00 0.00 6.68 0.00 0.00 0.26 0.00 0.00 66.07
975 20.00 0.00 0.26 2.63 0.00 0.00 0.00 0.00 0.00 77.11
976 20.91 0.00 0.00 3.78 0.00 0.00 0.00 0.00 0.00 75.31
977 24.37 0.00 0.00 0.25 0.00 0.00 0.00 0.00 0.00 75.38
978 24.81 0.00 0.25 0.50 0.00 0.00 0.00 0.00 0.00 74.44
979 72.08 0.00 0.76 0.76 0.00 0.25 0.00 0.00 0.00 26.14
980 97.93 0.00 0.52 1.03 0.00 0.00 0.00 0.00 0.00 0.52
981 80.98 0.00 1.29 16.71 0.00 0.26 0.00 0.00 0.00 0.77
982 85.49 0.00 0.62 13.58 0.00 0.00 0.31 0.00 0.00 0.00
983 75.59 0.00 1.47 22.35 0.00 0.29 0.00 0.00 0.00 0.29
984 72.31 0.00 0.65 25.41 0.00 0.00 0.00 0.00 0.00 1.63
985 82.79 0.00 1.48 11.28 0.00 0.30 0.00 0.00 0.00 4.15
986 98.27 0.00 1.44 0.00 0.00 0.00 0.29 0.00 0.00 0.00
987 96.97 0.00 1.68 0.00 0.00 0.00 0.67 0.00 0.00 0.67
988 97.27 0.00 1.21 0.00 0.00 0.00 0.30 0.00 0.00 1.21
989 96.53 0.00 2.52 0.32 0.00 0.00 0.32 0.00 0.00 0.32
990 79.47 0.00 1.47 7.62 0.00 0.00 0.29 0.00 0.00 11.14
991 53.17 0.00 0.30 22.96 0.00 0.00 0.00 0.00 0.00 23.56
992 44.26 0.00 1.68 21.85 0.00 0.00 0.28 0.00 0.00 31.93
993 45.28 0.00 1.30 7.17 0.00 0.00 0.98 0.00 0.00 45.28
994 85.44 0.00 1.37 12.36 0.00 0.27 0.00 0.00 0.00 0.55
995 89.51 0.00 1.28 8.70 0.00 0.00 0.00 0.00 0.00 0.51
996 97.41 0.00 1.44 0.00 0.00 0.86 0.29 0.00 0.00 0.00
997 67.60 0.00 0.77 12.50 0.00 0.00 0.00 0.00 0.00 19.13
998 15.86 0.00 0.28 39.38 0.00 0.00 0.00 0.00 0.00 44.48
999 14.81 0.00 0.28 8.26 0.00 0.00 0.28 0.00 0.00 76.35
1000 20.95 0.00 0.27 10.88 0.00 0.00 0.00 0.00 0.00 67.90
1001 13.04 0.00 0.29 8.12 0.00 0.00 0.00 0.00 0.00 78.55
1002 9.97 0.00 0.00 9.37 0.00 0.00 0.00 0.00 0.00 80.66
1003 76.35 0.00 1.54 5.14 0.00 0.00 0.00 0.00 0.00 16.97
1004 96.74 0.00 2.37 0.59 0.00 0.00 0.30 0.00 0.00 0.00
1005 86.41 0.00 0.54 12.23 0.00 0.27 0.27 0.00 0.00 0.27
1006 43.63 0.00 0.54 46.61 0.00 0.00 0.00 0.00 0.00 9.21
1007 36.81 0.00 1.53 47.85 0.00 0.31 0.00 0.00 0.00 13.50
1008 56.66 0.00 1.42 20.11 0.00 0.28 0.57 0.00 0.00 20.96
1009 67.07 0.00 0.30 13.60 0.00 0.00 0.60 0.00 0.00 18.43
1010 65.80 0.00 0.29 1.16 0.00 0.00 0.00 0.00 0.00 32.75
1011 78.27 0.00 0.60 8.33 0.00 0.30 0.30 0.00 0.00 12.20
1012 77.51 0.00 0.91 3.34 0.00 0.00 0.30 0.00 0.00 17.93
1013 77.27 0.00 0.85 7.95 0.00 0.00 0.00 0.00 0.00 13.92
1014 69.00 0.00 0.61 0.91 0.00 0.00 0.30 0.00 0.00 29.18
1015 70.24 0.00 0.60 1.49 0.00 0.00 0.00 0.00 0.00 27.68
1016 73.08 0.00 1.10 1.37 0.00 0.00 0.00 0.00 0.00 24.45
1017 81.93 0.00 1.51 0.00 0.00 0.00 0.00 0.00 0.00 16.57
1018 68.17 0.00 2.70 6.91 0.00 0.00 0.00 0.00 0.00 22.22
1019 62.20 0.00 2.13 3.66 0.00 0.00 0.30 0.00 0.00 31.71
1020 13.99 0.00 0.30 0.30 0.00 0.00 0.00 0.00 0.00 85.42
1021 17.36 0.00 0.28 0.55 0.00 0.00 0.00 0.00 0.00 81.82
1022 24.81 0.00 0.76 8.35 0.00 0.00 0.00 0.00 0.00 66.08
1023 19.79 0.00 0.00 2.67 0.00 0.00 0.27 0.00 0.00 77.27
1024 13.58 0.00 0.29 2.89 0.00 0.00 0.00 0.00 0.00 83.24
1025 9.76 0.00 0.30 3.05 0.00 0.30 0.30 0.00 0.00 86.28
1026 16.89 0.00 0.80 1.61 0.00 0.00 0.00 0.00 0.00 80.70
1027 1.02 0.00 0.25 23.16 0.00 0.00 0.00 0.00 0.00 75.57
1028 6.39 0.00 0.51 93.09 0.00 0.00 0.00 0.00 0.00 0.00
1029 4.56 0.00 0.25 95.19 0.00 0.00 0.00 0.00 0.00 0.00
1030 5.58 0.00 0.51 93.65 0.00 0.00 0.25 0.00 0.00 0.00
1031 6.63 0.00 0.26 93.11 0.00 0.00 0.00 0.00 0.00 0.00
1032 5.84 0.00 0.76 92.89 0.00 0.25 0.25 0.00 0.00 0.00
1033 6.55 0.00 1.26 92.19 0.00 0.00 0.00 0.00 0.00 0.00
1034 6.12 0.00 0.26 93.62 0.00 0.00 0.00 0.00 0.00 0.00
1035 12.97 0.00 0.81 86.22 0.00 0.00 0.00 0.00 0.00 0.00
1036 93.93 0.00 1.16 4.62 0.00 0.29 0.00 0.00 0.00 0.00
1037 97.55 0.00 1.22 0.61 0.00 0.31 0.00 0.00 0.00 0.31
1038 96.71 0.00 0.60 0.00 0.00 0.00 0.00 0.00 0.00 2.69
1039 99.14 0.00 0.29 0.00 0.00 0.00 0.00 0.00 0.00 0.57
1040 98.08 0.00 0.32 0.64 0.00 0.00 0.32 0.00 0.00 0.64
1041 83.53 0.00 2.06 12.06 0.00 0.00 0.00 0.00 0.00 2.35
1042 94.61 0.00 2.69 1.80 0.00 0.00 0.00 0.00 0.00 0.90
1043 97.00 0.00 1.63 0.00 0.00 0.00 0.00 0.00 0.00 1.36
1044 95.22 0.00 1.27 3.18 0.00 0.00 0.32 0.00 0.00 0.00
1045 98.00 0.00 0.00 0.00 0.00 0.00 0.33 0.00 0.00 1.67
1046 96.91 0.00 1.80 1.03 0.00 0.26 0.00 0.00 0.00 0.00
1047 95.88 0.00 2.58 1.03 0.00 0.00 0.00 0.00 0.00 0.52
1048 94.36 0.00 1.48 2.97 0.00 0.00 0.30 0.00 0.00 0.89
1049 87.32 0.00 1.73 6.92 0.00 0.29 0.00 0.00 0.00 3.75
1050 27.85 0.00 0.53 70.56 0.00 0.00 0.00 0.00 0.00 1.06
1051 8.63 0.00 0.25 84.77 0.00 0.00 0.00 0.00 0.00 6.35
1052 50.00 0.00 1.90 39.13 0.00 0.00 0.27 0.00 0.00 8.70
1053 13.46 0.00 0.53 86.02 0.00 0.00 0.00 0.00 0.00 0.00
1054 0.25 0.00 0.00 99.75 0.00 0.00 0.00 0.00 0.00 0.00
1055 6.08 0.00 0.25 93.16 0.00 0.00 0.25 0.00 0.00 0.25
1056 57.97 0.00 2.03 39.49 0.00 0.25 0.00 0.00 0.00 0.25
1057 28.06 0.00 0.77 70.92 0.00 0.00 0.26 0.00 0.00 0.00
1058 78.32 0.00 2.31 18.79 0.00 0.00 0.00 0.00 0.00 0.58
1059 51.07 0.00 2.67 45.99 0.00 0.27 0.00 0.00 0.00 0.00
1060 23.59 0.00 1.03 70.51 0.00 0.26 0.26 0.00 0.00 4.36
1061 15.48 0.00 1.27 83.25 0.00 0.00 0.00 0.00 0.00 0.00
1062 7.81 0.00 0.76 82.37 0.00 0.00 0.00 0.00 0.00 9.07
1063 6.33 0.00 0.25 93.42 0.00 0.00 0.00 0.00 0.00 0.00
1064 3.05 0.00 0.51 96.18 0.00 0.00 0.25 0.00 0.00 0.00
1065 7.16 0.00 1.28 91.56 0.00 0.00 0.00 0.00 0.00 0.00
1066 46.53 0.00 1.29 51.41 0.00 0.26 0.00 0.00 0.00 0.51
1067 67.26 0.00 0.88 31.86 0.00 0.00 0.00 0.00 0.00 0.00
1068 99.19 0.00 0.54 0.00 0.00 0.27 0.00 0.00 0.00 0.00
1069 97.61 0.00 1.33 0.27 0.00 0.27 0.00 0.00 0.00 0.53
1070 94.75 0.00 0.33 0.33 0.00 0.00 0.66 0.00 0.00 3.93
1071 99.09 0.00 0.30 0.30 0.00 0.00 0.00 0.00 0.00 0.30
1072 99.69 0.00 0.31 0.00 0.00 0.00 0.00 0.00 0.00 0.00
1073 97.22 0.00 2.22 0.00 0.00 0.00 0.00 0.00 0.00 0.56
1074 98.78 0.00 0.91 0.30 0.00 0.00 0.00 0.00 0.00 0.00
1075 95.27 0.00 3.85 0.59 0.00 0.00 0.00 0.00 0.00 0.30
1076 92.51 0.00 4.56 2.28 0.00 0.33 0.33 0.00 0.00 0.00
1077 86.18 0.00 1.76 9.71 0.00 0.59 0.29 0.00 0.00 1.47
1078 44.28 0.00 3.31 49.10 0.00 0.30 0.00 0.00 0.00 3.01
1079 59.24 0.00 1.76 32.26 0.00 0.88 0.59 0.00 0.00 5.28
1080 64.71 0.00 0.62 4.02 0.00 0.00 0.31 0.00 0.00 30.34
1081 68.48 0.00 1.52 6.67 0.00 0.00 0.30 0.00 0.00 23.03
1082 17.90 0.00 0.62 54.63 0.00 0.00 0.00 0.00 0.00 26.85
1083 55.70 0.00 1.52 9.37 0.00 0.00 0.00 0.00 0.00 33.42
1084 55.24 0.00 2.56 4.60 0.00 0.26 0.26 0.00 0.00 37.08
1085 90.66 0.00 2.53 6.31 0.00 0.25 0.00 0.00 0.00 0.25
1086 66.67 0.00 1.11 29.17 0.00 0.28 0.00 0.00 0.00 2.78
1087 81.84 0.00 1.73 11.82 0.00 0.00 0.29 0.00 0.00 4.32
1088 46.95 0.00 0.61 47.87 0.00 0.00 0.00 0.00 0.00 4.57
1089 51.80 0.00 0.30 19.46 0.00 0.00 0.00 0.00 0.00 28.44
1090 45.22 0.00 1.12 12.36 0.00 0.00 0.00 0.00 0.00 41.29
1091 50.84 0.00 0.28 2.23 0.00 0.00 0.00 0.00 0.00 46.65
1092 54.49 0.00 0.58 8.41 0.00 0.00 0.29 0.00 0.00 36.23
1093 60.66 0.00 0.60 7.51 0.00 0.00 0.00 0.00 0.00 31.23
1094 91.48 0.00 0.66 5.90 0.00 0.00 0.00 0.00 0.00 1.97
1095 93.98 0.00 0.29 0.00 0.00 0.00 0.29 0.00 0.00 5.44
1096 60.19 0.00 1.54 0.00 0.00 0.00 0.00 0.00 0.00 38.27
1097 78.13 0.00 2.33 0.58 0.00 0.58 0.29 0.00 0.00 18.08
1098 28.87 0.00 0.52 26.03 0.00 0.00 0.00 0.00 0.00 44.59
1099 9.09 0.00 0.28 12.78 0.00 0.00 0.00 0.00 0.00 77.84
1100 17.63 0.00 0.28 18.73 0.00 0.00 0.00 0.00 0.00 63.36
1101 11.05 0.00 0.00 32.58 0.00 0.00 0.00 0.00 0.00 56.37
1102 9.94 0.00 0.30 31.33 0.00 0.00 0.30 0.00 0.00 58.13
1103 12.28 0.00 0.29 31.58 0.00 0.00 0.29 0.00 0.00 55.56
1104 8.84 0.00 0.30 10.67 0.00 0.00 0.30 0.00 0.00 79.88
1105 86.26 0.00 2.29 1.27 0.00 0.76 0.00 0.00 0.00 9.41
1106 96.91 0.00 1.80 1.03 0.00 0.00 0.00 0.00 0.00 0.26
1107 83.42 0.00 1.60 14.17 0.00 0.53 0.00 0.00 0.00 0.27
1108 87.72 0.00 1.50 9.58 0.00 0.00 0.30 0.00 0.00 0.90
1109 88.33 0.00 0.67 9.00 0.00 0.33 0.33 0.00 0.00 1.33
1110 69.55 0.00 1.96 17.04 0.00 0.00 0.00 0.00 0.00 11.45
1111 91.05 0.00 1.05 4.74 0.00 0.00 0.26 0.00 0.00 2.89
1112 24.46 0.00 0.27 10.87 0.00 0.00 0.00 0.00 0.00 64.40
1113 20.21 0.00 0.27 1.06 0.00 0.00 0.00 0.00 0.00 78.46
1114 16.01 0.00 0.28 8.71 0.00 0.00 0.00 0.00 0.00 75.00
1115 15.62 0.00 0.00 11.65 0.00 0.00 0.00 0.00 0.00 72.73
1116 7.67 0.00 0.31 11.96 0.00 0.00 0.31 0.00 0.00 79.75
1117 65.02 0.00 0.62 7.12 0.00 0.00 0.00 0.00 0.00 27.24
1118 81.48 0.00 0.62 16.36 0.00 0.00 0.31 0.00 0.00 1.23
1119 66.17 0.00 0.30 32.94 0.00 0.00 0.59 0.00 0.00 0.00
1120 62.25 0.00 1.44 31.12 0.00 0.00 0.00 0.00 0.00 5.19
1121 59.18 0.00 1.46 38.78 0.00 0.29 0.00 0.00 0.00 0.29
1122 82.41 0.00 2.16 13.58 0.00 0.00 0.31 0.00 0.00 1.54
1123 95.29 0.00 2.09 2.36 0.00 0.26 0.00 0.00 0.00 0.00
1124 91.32 0.00 2.24 5.04 0.00 0.00 0.00 0.00 0.00 1.40
1125 72.75 0.00 1.50 0.90 0.00 0.00 0.30 0.00 0.00 24.55
1126 57.72 0.00 2.28 0.25 0.00 0.00 0.00 0.00 0.00 39.75
1127 55.53 0.00 2.43 4.04 0.00 0.27 0.00 0.00 0.00 37.74
1128 84.15 0.00 3.28 11.48 0.00 0.55 0.27 0.00 0.00 0.27
1129 98.73 0.00 0.63 0.00 0.00 0.32 0.00 0.00 0.00 0.32
1130 99.38 0.00 0.62 0.00 0.00 0.00 0.00 0.00 0.00 0.00
1131 97.28 0.00 1.21 0.91 0.00 0.00 0.00 0.00 0.00 0.60
1132 92.72 0.00 0.32 0.32 0.00 0.32 0.32 0.00 0.00 6.01
1133 58.21 0.00 0.90 2.09 0.00 0.30 0.00 0.00 0.00 38.51
1134 86.39 0.00 0.95 0.63 0.00 0.00 0.32 0.00 0.00 11.71
1135 62.50 0.00 9.76 0.30 0.00 0.00 0.00 0.00 0.00 27.44
1136 22.28 0.00 0.26 1.30 0.00 0.00 0.00 0.00 0.00 76.17
1137 7.43 0.00 0.31 0.00 0.00 0.00 0.00 0.00 0.00 92.26
1138 10.82 0.00 9.50 8.71 0.00 0.00 0.26 0.00 0.00 70.71
1139 15.54 0.00 0.29 1.17 0.00 0.00 0.00 0.00 0.00 82.99
1140 11.14 0.00 0.00 1.17 0.00 0.00 0.29 0.00 0.00 87.39
1141 21.84 0.00 0.00 0.53 0.00 0.00 0.00 0.00 0.00 77.63
1142 13.70 0.00 0.00 8.75 0.00 0.00 0.00 0.00 0.00 77.55
1143 11.48 0.00 0.30 5.44 0.00 0.00 0.30 0.00 0.00 82.48
1144 44.17 0.00 1.94 31.39 0.00 0.00 0.00 0.00 0.00 22.50
1145 24.59 0.00 0.81 48.65 0.00 0.00 0.27 0.00 0.00 25.68
1146 38.27 0.00 0.77 41.33 0.00 0.00 0.00 0.00 0.00 19.64
1147 65.13 0.00 0.86 6.92 0.00 0.29 0.00 0.00 0.00 26.80
1148 69.72 0.00 0.92 0.31 0.00 0.00 0.00 0.00 0.00 29.05
1149 72.73 0.00 0.00 2.42 0.00 0.00 0.00 0.00 0.00 24.85
1150 74.37 0.00 0.32 8.23 0.00 0.00 0.32 0.00 0.00 16.77
1151 39.47 0.00 0.89 2.97 0.00 0.00 0.00 0.00 0.00 56.68
1152 9.39 0.00 0.30 2.73 0.00 0.00 0.00 0.00 0.00 87.58
1153 12.28 0.00 0.29 3.22 0.00 0.00 0.29 0.00 0.00 83.92
1154 16.29 0.00 0.00 1.97 0.00 0.00 0.00 0.00 0.00 81.74
1155 7.17 0.00 0.00 3.12 0.00 0.00 0.00 0.00 0.00 89.72
1156 62.40 0.00 0.28 2.51 0.00 0.00 0.28 0.00 0.00 34.54
1157 69.58 0.00 0.30 0.60 0.00 0.00 0.00 0.00 0.00 29.52
1158 68.60 0.00 0.91 0.91 0.00 0.00 0.30 0.00 0.00 29.27
1159 76.74 0.00 1.45 1.74 0.00 0.00 0.29 0.00 0.00 19.77
1160 61.24 0.00 1.30 0.65 0.00 0.00 0.33 0.00 0.00 36.48
1161 41.16 0.00 1.45 1.16 0.00 0.00 0.58 0.00 0.00 55.65
1162 54.73 0.00 0.89 3.25 0.00 0.00 0.00 0.00 0.00 41.12
1163 18.98 0.00 1.20 2.71 0.00 0.00 0.30 0.00 0.00 76.81
1164 15.07 0.00 0.29 1.16 0.00 0.00 0.00 0.00 0.00 83.48
1165 9.61 0.00 0.90 3.90 0.00 0.00 0.30 0.00 0.00 85.29
1166 16.16 0.00 1.11 4.46 0.00 0.00 0.00 0.00 0.00 78.27
1167 11.81 0.00 0.52 48.56 0.00 0.00 0.00 0.00 0.00 39.11
1168 6.09 0.00 0.76 92.64 0.00 0.00 0.00 0.00 0.00 0.51
1169 5.91 0.00 0.51 93.32 0.00 0.26 0.00 0.00 0.00 0.00
1170 8.33 0.00 0.27 89.78 0.00 0.00 0.00 0.00 0.00 1.61
1171 31.22 0.00 0.53 68.25 0.00 0.00 0.00 0.00 0.00 0.00
1172 11.66 0.00 0.78 78.76 0.00 0.00 0.26 0.00 0.00 8.55
1173 27.91 0.00 1.08 66.67 0.00 0.27 0.00 0.00 0.00 4.07
1174 23.61 0.00 0.28 75.83 0.00 0.28 0.00 0.00 0.00 0.00
1175 31.49 0.00 0.58 67.93 0.00 0.00 0.00 0.00 0.00 0.00
1176 94.15 0.00 1.46 3.51 0.00 0.00 0.29 0.00 0.00 0.58
1177 98.62 0.00 0.28 0.83 0.00 0.28 0.00 0.00 0.00 0.00
1178 68.01 0.00 0.93 18.94 0.00 0.00 0.00 0.00 0.00 12.11
1179 66.17 0.00 1.20 12.87 0.00 0.30 0.30 0.00 0.00 19.16
1180 43.90 0.00 0.30 44.21 0.00 0.00 0.00 0.00 0.00 11.59
1181 12.89 0.00 0.26 77.06 0.00 0.00 0.00 0.00 0.00 9.79
1182 86.01 0.00 1.19 11.31 0.00 0.00 0.30 0.00 0.00 1.19
1183 86.56 0.00 1.56 11.88 0.00 0.00 0.00 0.00 0.00 0.00
1184 82.15 0.00 0.85 16.71 0.00 0.00 0.28 0.00 0.00 0.00
1185 66.31 0.00 3.48 30.21 0.00 0.00 0.00 0.00 0.00 0.00
1186 25.19 0.00 1.02 73.79 0.00 0.00 0.00 0.00 0.00 0.00
1187 58.38 0.00 2.54 39.09 0.00 0.00 0.00 0.00 0.00 0.00
1188 46.35 0.00 0.78 44.53 0.00 0.00 0.00 0.00 0.00 8.33
1189 43.53 0.00 1.38 36.09 0.00 0.28 0.00 0.00 0.00 18.73
1190 34.66 0.00 1.70 63.35 0.00 0.00 0.28 0.00 0.00 0.00
1191 40.82 0.00 1.10 57.53 0.00 0.27 0.00 0.00 0.00 0.27
1192 47.34 0.00 1.25 51.10 0.00 0.00 0.31 0.00 0.00 0.00
1193 36.57 0.00 0.57 42.57 0.00 0.00 0.00 0.00 0.00 20.29
1194 66.57 0.00 0.86 22.00 0.00 0.00 0.00 0.00 0.00 10.57
1195 75.22 0.00 0.90 15.82 0.00 0.00 0.00 0.00 0.00 8.06
1196 88.80 0.00 1.64 1.09 0.00 0.27 0.27 0.00 0.00 7.92
1197 96.96 0.00 1.10 1.66 0.00 0.00 0.00 0.00 0.00 0.28
1198 89.69 0.00 0.94 6.88 0.00 0.00 0.00 0.00 0.00 2.50
1199 80.85 0.00 0.61 18.24 0.00 0.00 0.30 0.00 0.00 0.00
1200 74.04 0.00 2.06 23.30 0.00 0.29 0.00 0.00 0.00 0.29
1201 79.47 0.00 3.23 16.42 0.00 0.29 0.29 0.00 0.00 0.29
1202 76.18 0.00 3.60 19.94 0.00 0.00 0.28 0.00 0.00 0.00
1203 91.71 0.00 1.43 0.86 0.00 0.00 0.00 0.00 0.00 6.00
1204 71.93 0.00 0.27 3.21 0.00 0.00 0.00 0.00 0.00 24.60
1205 64.92 0.00 1.10 16.57 0.00 0.00 0.00 0.00 0.00 17.40
1206 69.25 0.00 2.14 7.75 0.00 0.27 0.00 0.00 0.00 20.59
1207 51.57 0.00 3.42 31.05 0.00 0.00 0.00 0.00 0.00 13.96
1208 57.57 0.00 1.48 27.00 0.00 0.00 0.30 0.00 0.00 13.65
1209 58.82 0.00 1.34 30.75 0.00 0.00 0.00 0.00 0.00 9.09
1210 52.07 0.00 1.18 46.75 0.00 0.00 0.00 0.00 0.00 0.00
1211 69.08 0.00 2.02 22.54 0.00 0.00 0.29 0.00 0.00 6.07
1212 30.09 0.00 0.88 0.59 0.00 0.00 0.00 0.00 0.00 68.44
1213 3.80 0.00 1.09 8.15 0.00 0.00 0.00 0.00 0.00 86.96
1214 0.50 0.00 0.50 14.32 0.00 0.00 0.00 0.00 0.00 84.67
1215 0.25 0.00 0.00 29.40 0.00 0.00 0.00 0.00 0.00 70.35
1216 0.25 0.00 0.00 6.28 0.00 0.00 0.25 0.00 0.00 93.22
1217 0.00 0.00 0.00 4.79 0.00 0.00 0.00 0.00 0.00 95.21
1218 0.25 0.00 0.25 23.62 0.00 0.00 0.00 0.00 0.00 75.88
1219 0.75 0.00 0.00 7.77 0.00 0.00 0.00 0.00 0.00 91.48
1220 0.25 0.00 0.25 5.53 0.00 0.00 0.00 0.00 0.00 93.97
1221 0.25 0.00 0.00 2.01 0.00 0.00 0.00 0.00 0.00 97.74
1222 0.00 0.00 0.50 0.25 0.00 0.00 0.00 0.00 0.00 99.25
1223 17.72 0.00 1.32 5.82 0.00 0.00 0.00 0.00 0.00 75.13
1224 38.15 0.00 0.54 45.50 0.00 0.27 0.00 0.00 0.00 15.53
1225 33.07 0.00 1.29 48.84 0.00 0.00 0.00 0.00 0.00 16.80
1226 66.06 0.00 0.61 23.85 0.00 0.31 0.31 0.00 0.00 8.87
1227 73.14 0.00 0.57 0.00 0.00 0.00 0.00 0.00 0.00 26.29
1228 69.97 0.00 0.62 0.00 0.00 0.00 0.00 0.00 0.00 29.41
1229 5.01 0.00 0.00 11.08 0.00 0.00 0.00 0.00 0.00 83.91
1230 0.50 0.00 0.50 6.78 0.00 0.00 0.00 0.00 0.00 92.21
1231 30.38 0.00 0.27 8.60 0.00 0.00 0.00 0.00 0.00 60.75
1232 57.22 0.00 1.07 22.99 0.00 0.27 0.27 0.00 0.00 18.18
1233 53.99 0.00 0.27 16.49 0.00 0.00 0.00 0.00 0.00 29.26
1234 57.65 0.00 0.26 15.56 0.00 0.51 0.00 0.00 0.00 26.02
1235 72.01 0.00 1.02 19.08 0.00 0.00 0.00 0.00 0.00 7.89
1236 49.74 0.00 0.77 47.69 0.00 0.26 0.00 0.00 0.00 1.54
1237 56.35 0.00 1.02 40.61 0.00 0.00 0.00 0.00 0.00 2.03
1238 76.30 0.00 0.87 19.36 0.00 0.00 0.29 0.00 0.00 3.18
1239 52.34 0.00 1.38 42.70 0.00 0.00 0.00 0.00 0.00 3.58
1240 81.45 0.00 0.54 15.59 0.00 0.27 0.00 0.00 0.00 2.15
1241 96.83 0.00 0.79 1.06 0.00 0.26 0.26 0.00 0.00 0.79
1242 50.00 0.00 0.29 6.94 0.00 0.00 0.00 0.00 0.00 42.77
1243 20.53 0.00 0.27 1.87 0.00 0.00 0.00 0.00 0.00 77.33
1244 22.48 0.00 0.26 0.52 0.00 0.00 0.00 0.00 0.00 76.74
1245 13.22 0.00 0.29 1.44 0.00 0.00 0.00 0.00 0.00 85.06
1246 8.59 0.00 0.00 0.61 0.00 0.00 0.00 0.00 0.00 90.80
1247 36.07 0.00 0.55 1.37 0.00 0.00 0.00 0.00 0.00 62.02
1248 98.73 0.00 0.51 0.51 0.00 0.00 0.00 0.00 0.00 0.25
1249 97.45 0.00 1.79 0.00 0.00 0.00 0.00 0.00 0.00 0.77
1250 96.45 0.00 1.02 1.78 0.00 0.25 0.00 0.00 0.00 0.51
1251 98.73 0.00 1.02 0.00 0.00 0.25 0.00 0.00 0.00 0.00
1252 97.51 0.00 1.39 0.28 0.00 0.00 0.28 0.00 0.00 0.55
1253 95.77 0.00 3.38 0.85 0.00 0.00 0.00 0.00 0.00 0.00
1254 97.13 0.00 1.59 0.00 0.00 0.00 0.32 0.00 0.00 0.96
1255 90.61 0.00 2.12 7.27 0.00 0.00 0.00 0.00 0.00 0.00
1256 96.88 0.00 1.56 0.31 0.00 0.31 0.31 0.00 0.00 0.62
1257 51.56 0.00 1.13 24.36 0.00 0.00 0.00 0.00 0.00 22.95
1258 56.36 0.00 1.52 5.45 0.00 0.00 0.00 0.00 0.00 36.67
1259 51.88 0.00 2.32 10.72 0.00 0.29 0.00 0.00 0.00 34.78
1260 13.87 0.00 0.29 0.87 0.00 0.00 0.00 0.00 0.00 84.97
1261 15.38 0.00 0.28 2.28 0.00 0.00 0.00 0.00 0.00 82.05
1262 16.99 0.00 0.28 5.57 0.00 0.00 0.28 0.00 0.00 76.88
1263 20.53 0.00 0.00 1.33 0.00 0.00 0.00 0.00 0.00 78.13
1264 64.39 0.00 1.99 15.95 0.00 0.57 0.85 0.00 0.00 16.24
1265 82.62 0.00 0.91 14.63 0.00 0.00 0.30 0.00 0.00 1.52
1266 86.86 0.00 1.71 10.86 0.00 0.00 0.00 0.00 0.00 0.57
1267 82.44 0.00 1.79 13.69 0.00 0.30 0.30 0.00 0.00 1.49
1268 86.76 0.00 2.54 6.48 0.00 0.28 0.00 0.00 0.00 3.94
1269 90.77 0.00 1.49 2.68 0.00 0.00 0.30 0.00 0.00 4.76
1270 92.74 0.00 3.91 1.96 0.00 0.56 0.00 0.00 0.00 0.84
1271 96.05 0.00 2.74 0.91 0.00 0.00 0.00 0.00 0.00 0.30
1272 97.80 0.00 0.94 0.63 0.00 0.00 0.31 0.00 0.00 0.31
1273 11.89 0.00 0.54 15.68 0.00 0.27 0.00 0.00 0.00 71.62
1274 0.25 0.00 0.50 15.11 0.00 0.00 0.00 0.00 0.00 84.13
1275 4.82 0.00 0.25 4.57 0.00 0.00 0.00 0.00 0.00 90.36
1276 40.23 0.00 0.57 1.15 0.00 0.00 0.00 0.00 0.00 58.05
1277 48.44 0.00 0.31 4.38 0.00 0.00 0.00 0.00 0.00 46.88
1278 48.19 0.00 0.26 20.73 0.00 0.26 0.00 0.00 0.00 30.57
1279 40.54 0.00 0.30 12.31 0.00 0.00 0.00 0.00 0.00 46.85
1280 38.46 0.00 0.31 4.92 0.00 0.00 0.31 0.00 0.00 56.00
1281 42.54 0.00 0.28 6.76 0.00 0.00 0.00 0.00 0.00 50.42
1282 38.81 0.00 1.49 8.06 0.00 0.00 0.00 0.00 0.00 51.64
1283 55.16 0.00 0.88 0.88 0.00 0.00 0.00 0.00 0.00 43.07
1284 39.46 0.00 1.51 0.30 0.00 0.00 0.00 0.00 0.00 58.73
1285 8.38 0.00 0.51 2.28 0.00 0.00 0.00 0.00 0.00 88.83
1286 0.00 0.00 0.00 1.52 0.00 0.00 0.00 0.00 0.00 98.48
1287 0.25 0.00 0.25 0.50 0.00 0.00 0.00 0.00 0.00 99.00
1288 0.25 0.00 0.25 0.75 0.00 0.00 0.25 0.00 0.00 98.50
1289 0.25 0.00 0.50 0.00 0.00 0.00 0.00 0.00 0.00 99.25
1290 0.25 0.00 0.00 0.75 0.00 0.00 0.00 0.00 0.00 99.00
1291 0.00 0.00 0.25 3.02 0.00 0.00 0.00 0.00 0.00 96.73
1292 0.25 0.00 0.25 11.56 0.00 0.00 0.00 0.00 0.00 87.94
1293 0.50 0.00 0.25 10.33 0.00 0.00 0.00 0.00 0.00 88.92
1294 0.00 0.00 0.50 3.75 0.00 0.00 0.00 0.00 0.00 95.75
1295 0.50 0.00 0.25 0.25 0.00 0.00 0.00 0.00 0.00 99.00
1296 0.00 0.00 0.25 1.00 0.00 0.00 0.00 0.00 0.00 98.75
1297 4.55 0.00 0.76 45.20 0.00 0.00 0.00 0.00 0.00 49.49
1298 5.84 0.00 1.27 92.64 0.00 0.25 0.00 0.00 0.00 0.00
1299 5.84 0.00 0.51 93.65 0.00 0.00 0.00 0.00 0.00 0.00
1300 5.54 0.00 0.76 93.70 0.00 0.00 0.00 0.00 0.00 0.00
1301 4.85 0.00 0.51 94.64 0.00 0.00 0.00 0.00 0.00 0.00
1302 13.96 0.00 0.57 85.47 0.00 0.00 0.00 0.00 0.00 0.00
1303 22.71 0.00 0.88 75.81 0.00 0.29 0.29 0.00 0.00 0.00
1304 8.54 0.00 0.75 90.45 0.00 0.25 0.00 0.00 0.00 0.00
1305 10.99 0.00 0.82 84.62 0.00 0.00 0.00 0.00 0.00 3.57
1306 50.73 0.00 0.87 40.82 0.00 0.29 0.00 0.00 0.00 7.29
1307 96.32 0.00 2.15 1.53 0.00 0.00 0.00 0.00 0.00 0.00
1308 98.15 0.00 0.62 0.00 0.00 0.31 0.00 0.00 0.00 0.93
1309 97.35 0.00 0.59 0.00 0.00 0.00 0.29 0.00 0.00 1.76
1310 100.00 0.00 0.00 0.00 0.00 0.00 0.00 0.00 0.00 0.00
1311 98.71 0.00 1.29 0.00 0.00 0.00 0.00 0.00 0.00 0.00
1312 98.61 0.00 1.11 0.00 0.00 0.00 0.00 0.00 0.00 0.28
1313 98.11 0.00 1.57 0.31 0.00 0.00 0.00 0.00 0.00 0.00
1314 97.07 0.00 2.93 0.00 0.00 0.00 0.00 0.00 0.00 0.00
1315 95.07 0.00 2.96 0.33 0.00 0.00 0.33 0.00 0.00 1.32
1316 81.40 0.00 2.16 16.44 0.00 0.00 0.00 0.00 0.00 0.00
1317 13.00 0.00 0.27 86.74 0.00 0.00 0.00 0.00 0.00 0.00
1318 7.84 0.00 0.54 82.97 0.00 0.00 0.00 0.00 0.00 8.65
1319 36.81 0.00 0.29 59.42 0.00 0.00 0.29 0.00 0.00 3.19
1320 12.17 0.00 0.00 87.57 0.00 0.00 0.26 0.00 0.00 0.00
1321 5.76 0.00 0.75 93.48 0.00 0.00 0.00 0.00 0.00 0.00
1322 15.27 0.00 0.76 83.97 0.00 0.00 0.00 0.00 0.00 0.00
1323 41.39 0.00 1.80 55.27 0.00 0.00 0.00 0.00 0.00 1.54
1324 71.79 0.00 2.51 23.46 0.00 0.28 0.00 0.00 0.00 1.96
1325 94.29 0.00 2.45 2.45 0.00 0.27 0.27 0.00 0.00 0.27
1326 93.82 0.00 2.81 2.81 0.00 0.28 0.00 0.00 0.00 0.28
1327 82.25 0.00 1.48 15.98 0.00 0.00 0.00 0.00 0.00 0.30
1328 24.07 0.00 0.79 75.13 0.00 0.00 0.00 0.00 0.00 0.00
1329 58.75 0.00 0.78 40.47 0.00 0.00 0.00 0.00 0.00 0.00
1330 68.37 0.00 1.79 17.60 0.00 0.00 0.00 0.00 0.00 12.24
1331 11.14 0.00 1.01 74.43 0.00 0.00 0.00 0.00 0.00 13.42
1332 16.20 0.00 1.01 61.01 0.00 0.25 0.00 0.00 0.00 21.52
1333 43.75 0.00 1.70 50.57 0.00 0.28 0.28 0.00 0.00 3.41
1334 32.98 0.00 1.06 65.96 0.00 0.00 0.00 0.00 0.00 0.00
1335 63.11 0.00 2.46 33.06 0.00 0.27 0.00 0.00 0.00 1.09
1336 70.56 0.00 1.39 28.06 0.00 0.00 0.00 0.00 0.00 0.00
1337 69.03 0.00 0.85 29.55 0.00 0.28 0.00 0.00 0.00 0.28
1338 57.23 0.00 1.29 40.19 0.00 0.32 0.32 0.00 0.00 0.64
1339 77.98 0.00 2.14 15.60 0.00 0.31 0.00 0.00 0.00 3.98
1340 96.23 0.00 2.61 0.29 0.00 0.00 0.29 0.00 0.00 0.58
1341 87.05 0.00 0.60 1.51 0.00 0.00 0.00 0.00 0.00 10.84
1342 13.58 0.00 0.29 2.02 0.00 0.00 0.29 0.00 0.00 83.82
1343 11.50 0.00 0.00 1.18 0.00 0.00 0.00 0.00 0.00 87.32
1344 9.45 0.00 0.30 4.88 0.00 0.00 0.30 0.00 0.00 85.06
1345 11.24 0.00 0.30 9.76 0.00 0.00 0.30 0.00 0.00 78.40
1346 8.28 0.00 0.00 2.76 0.00 0.00 0.31 0.00 0.00 88.65
1347 13.01 0.00 0.58 0.87 0.00 0.00 0.29 0.00 0.00 85.26
1348 92.62 0.00 0.92 0.31 0.00 0.31 0.31 0.00 0.00 5.54
1349 97.51 0.00 0.62 0.31 0.00 0.00 0.00 0.00 0.00 1.56
1350 98.85 0.00 0.58 0.29 0.00 0.29 0.00 0.00 0.00 0.00
1351 97.64 0.00 1.18 0.29 0.00 0.00 0.29 0.00 0.00 0.59
1352 96.86 0.00 1.39 0.35 0.00 0.00 1.39 0.00 0.00 0.00
1353 95.65 0.00 1.55 0.00 0.00 0.00 0.31 0.00 0.00 2.48
1354 83.07 0.00 1.57 13.79 0.00 0.31 0.94 0.00 0.00 0.31
1355 73.60 0.00 2.53 23.60 0.00 0.00 0.28 0.00 0.00 0.00
1356 84.10 0.00 2.82 11.54 0.00 0.26 0.26 0.00 0.00 1.03
1357 93.60 0.00 2.13 2.44 0.00 0.00 0.00 0.00 0.00 1.83
1358 89.44 0.00 2.22 8.33 0.00 0.00 0.00 0.00 0.00 0.00
1359 38.20 0.00 1.55 59.94 0.00 0.00 0.31 0.00 0.00 0.00
1360 26.04 0.00 1.04 72.92 0.00 0.00 0.00 0.00 0.00 0.00
1361 55.64 0.00 2.05 30.26 0.00 0.26 0.00 0.00 0.00 11.79
1362 81.51 0.00 1.30 4.17 0.00 0.52 0.00 0.00 0.00 12.50
1363 96.96 0.00 1.01 0.25 0.00 0.25 0.00 0.00 0.00 1.52
1364 85.86 0.00 1.54 12.08 0.00 0.00 0.00 0.00 0.00 0.51
1365 67.09 0.00 0.51 5.10 0.00 0.26 0.00 0.00 0.00 27.04
1366 12.24 0.00 0.58 1.17 0.00 0.00 0.00 0.00 0.00 86.01
1367 15.43 0.00 0.29 1.14 0.00 0.00 0.00 0.00 0.00 83.14
1368 13.58 0.00 0.29 0.87 0.00 0.00 0.00 0.00 0.00 85.26
1369 5.08 0.00 0.00 3.81 0.00 0.00 0.32 0.00 0.00 90.79
1370 19.39 0.00 0.83 9.70 0.00 0.00 0.28 0.00 0.00 69.81
1371 53.65 0.00 0.56 33.43 0.00 0.28 0.00 0.00 0.00 12.08
1372 60.06 0.00 0.31 39.31 0.00 0.00 0.31 0.00 0.00 0.00
1373 21.33 0.00 1.87 76.53 0.00 0.00 0.00 0.00 0.00 0.27
1374 54.76 0.00 1.80 39.85 0.00 0.00 0.00 0.00 0.00 3.60
1375 52.94 0.00 2.05 45.01 0.00 0.00 0.00 0.00 0.00 0.00
1376 57.61 0.00 0.51 20.81 0.00 0.00 0.00 0.00 0.00 21.07
1377 41.65 0.00 4.88 25.45 0.00 0.00 0.26 0.00 0.00 27.76
1378 29.92 0.00 0.00 20.46 0.00 0.26 0.00 0.00 0.00 49.36
1379 63.16 0.00 0.55 9.70 0.00 0.28 0.00 0.00 0.00 26.32
1380 75.44 0.00 1.75 12.57 0.00 0.88 0.00 0.00 0.00 9.36
1381 97.97 0.00 1.01 0.76 0.00 0.00 0.00 0.00 0.00 0.25
1382 98.97 0.00 1.03 0.00 0.00 0.00 0.00 0.00 0.00 0.00
1383 97.47 0.00 1.58 0.00 0.00 0.00 0.00 0.00 0.00 0.95
1384 72.52 0.00 2.54 3.05 0.00 0.00 0.00 0.00 0.00 21.88
1385 84.05 0.00 1.23 1.23 0.00 0.00 0.31 0.00 0.00 13.19
1386 14.29 0.00 0.57 0.29 0.00 0.00 0.00 0.00 0.00 84.86
1387 13.29 0.00 0.29 5.20 0.00 0.00 0.00 0.00 0.00 81.21
1388 11.54 0.00 0.30 9.47 0.00 0.00 0.30 0.00 0.00 78.40
1389 6.56 0.00 0.00 3.75 0.00 0.00 0.31 0.00 0.00 89.38
1390 13.87 0.00 0.00 9.25 0.00 0.00 0.00 0.00 0.00 76.88
1391 18.51 0.00 0.30 6.87 0.00 0.00 0.00 0.00 0.00 74.33
1392 96.84 0.00 2.22 0.00 0.00 0.32 0.63 0.00 0.00 0.00
1393 73.79 0.00 2.28 17.66 0.00 0.00 0.28 0.00 0.00 5.98
1394 42.42 0.00 1.12 30.34 0.00 0.00 0.00 0.00 0.00 26.12
1395 51.81 0.00 1.39 6.13 0.00 0.28 0.00 0.00 0.00 40.39
1396 31.53 0.00 1.42 14.77 0.00 0.28 0.00 0.00 0.00 51.99
1397 19.90 0.00 1.03 4.13 0.00 0.00 0.00 0.00 0.00 74.94
1398 20.91 0.00 1.01 1.51 0.00 0.00 0.00 0.00 0.00 76.57
1399 51.80 0.00 0.52 12.89 0.00 0.00 0.00 0.00 0.00 34.79
1400 85.19 0.00 1.56 12.99 0.00 0.00 0.00 0.00 0.00 0.26
1401 83.72 0.00 0.58 2.33 0.00 0.00 0.58 0.00 0.00 12.79
1402 96.33 0.00 0.31 0.92 0.00 0.00 0.31 0.00 0.00 2.14
1403 81.04 0.00 1.10 1.92 0.00 0.27 0.00 0.00 0.00 15.66
1404 35.76 0.00 0.30 28.18 0.00 0.30 0.00 0.00 0.00 35.45
1405 13.79 0.00 0.63 64.89 0.00 0.00 0.00 0.00 0.00 20.69
1406 22.55 0.00 0.00 58.42 0.00 0.00 0.00 0.00 0.00 19.02
1407 27.70 0.00 0.58 45.19 0.00 0.00 0.29 0.00 0.00 26.24
1408 37.75 0.00 0.29 36.60 0.00 0.00 0.00 0.00 0.00 25.36
1409 52.04 0.00 1.57 18.50 0.00 0.00 0.00 0.00 0.00 27.90
1410 21.84 0.00 0.00 0.00 0.00 0.00 0.00 0.00 0.00 78.16
1411 17.58 0.00 0.27 1.10 0.00 0.00 0.27 0.00 0.00 80.77
1412 19.78 0.00 0.27 7.59 0.00 0.00 0.27 0.00 0.00 72.09
1413 22.88 0.00 0.51 0.77 0.00 0.00 0.00 0.00 0.00 75.84
1414 5.97 0.00 0.31 0.31 0.00 0.00 0.00 0.00 0.00 93.40
1415 78.45 0.00 1.38 1.66 0.00 0.00 0.00 0.00 0.00 18.51
1416 77.44 0.00 2.13 19.51 0.00 0.30 0.00 0.00 0.00 0.61
1417 80.68 0.00 2.56 15.06 0.00 0.85 0.00 0.00 0.00 0.85
1418 68.01 0.00 0.93 29.81 0.00 0.00 0.31 0.00 0.00 0.93
1419 83.59 0.00 1.52 12.16 0.30 0.00 0.30 0.00 0.00 2.13
1420 65.91 0.00 1.42 6.82 0.00 0.00 0.28 0.00 0.00 25.57
1421 24.32 0.00 0.00 3.55 0.00 0.00 0.00 0.00 0.00 72.13
1422 23.38 0.00 0.52 0.78 0.00 0.00 0.00 0.00 0.00 75.32
1423 73.49 0.00 0.29 0.00 0.00 0.29 0.00 0.00 0.00 25.94
1424 48.41 0.00 0.58 0.00 0.00 0.00 0.29 0.00 0.00 50.72
1425 63.17 0.00 0.00 0.28 0.00 0.00 0.00 0.00 0.00 36.54
1426 68.92 0.00 0.62 0.62 0.00 0.00 0.31 0.00 0.00 29.54
1427 68.14 0.00 0.63 0.00 0.00 0.00 0.00 0.00 0.00 31.23
1428 64.95 0.00 0.91 0.60 0.00 0.00 0.30 0.00 0.00 33.23
1429 40.18 0.00 0.60 1.19 0.00 0.00 0.00 0.00 0.00 58.04
1430 36.56 0.00 0.62 1.56 0.00 0.00 0.31 0.00 0.00 60.94
1431 30.06 0.00 1.40 1.40 0.00 0.00 0.28 0.00 0.00 66.85
1432 10.21 0.00 0.60 1.20 0.00 0.00 0.00 0.00 0.00 87.99
1433 9.41 0.00 0.81 49.19 0.00 0.27 0.27 0.00 0.00 40.05
1434 0.75 0.00 0.25 98.99 0.00 0.00 0.00 0.00 0.00 0.00
1435 3.54 0.00 1.01 87.59 0.00 0.00 0.25 0.00 0.00 7.59
1436 6.11 0.00 0.51 89.82 0.00 0.00 0.00 0.00 0.00 3.56
1437 18.60 0.00 0.52 80.88 0.00 0.00 0.00 0.00 0.00 0.00
1438 3.03 0.00 0.51 96.46 0.00 0.00 0.00 0.00 0.00 0.00
1439 5.37 0.00 0.51 90.79 0.00 0.00 0.00 0.00 0.00 3.32
1440 5.84 0.00 0.51 84.26 0.00 0.00 0.25 0.00 0.00 9.14
1441 3.51 0.00 0.50 95.99 0.00 0.00 0.00 0.00 0.00 0.00
1442 5.10 0.00 1.53 93.37 0.00 0.00 0.00 0.00 0.00 0.00
1443 6.55 0.00 0.76 92.70 0.00 0.00 0.00 0.00 0.00 0.00
1444 20.66 0.00 1.38 77.69 0.00 0.28 0.00 0.00 0.00 0.00
1445 96.39 0.00 0.98 1.97 0.00 0.33 0.00 0.00 0.00 0.33
1446 94.31 0.00 0.60 2.99 0.00 0.00 0.00 0.00 0.00 2.10
1447 97.39 0.00 0.58 0.29 0.00 0.00 0.29 0.00 0.00 1.45
1448 97.81 0.00 0.31 0.31 0.00 0.00 0.00 0.00 0.00 1.57
1449 98.80 0.00 0.60 0.00 0.00 0.00 0.00 0.00 0.00 0.60
1450 96.44 0.00 2.08 1.19 0.00 0.30 0.00 0.00 0.00 0.00
1451 97.90 0.00 1.20 0.30 0.00 0.30 0.00 0.00 0.00 0.30
1452 94.55 0.00 2.73 2.42 0.00 0.00 0.00 0.00 0.00 0.30
1453 96.46 0.00 2.25 0.64 0.00 0.00 0.32 0.00 0.00 0.32
1454 83.29 0.00 2.43 14.29 0.00 0.00 0.00 0.00 0.00 0.00
1455 55.56 0.00 0.32 43.81 0.00 0.00 0.32 0.00 0.00 0.00
1456 92.99 0.00 2.13 4.88 0.00 0.00 0.00 0.00 0.00 0.00
1457 18.56 0.00 0.77 80.67 0.00 0.00 0.00 0.00 0.00 0.00
1458 23.91 0.00 0.51 75.58 0.00 0.00 0.00 0.00 0.00 0.00
1459 67.99 0.00 0.85 30.88 0.00 0.00 0.00 0.00 0.00 0.28
1460 21.04 0.00 0.55 74.04 0.00 0.00 0.00 0.00 0.00 4.37
1461 11.93 0.00 0.49 87.50 0.00 0.00 0.08 0.00 0.00 0.00
1462 59.84 0.00 2.16 37.74 0.00 0.00 0.27 0.00 0.00 0.00
1463 67.31 0.00 2.22 30.19 0.00 0.28 0.00 0.00 0.00 0.00
1464 62.50 0.00 1.99 35.23 0.00 0.00 0.28 0.00 0.00 0.00
1465 41.38 0.00 1.06 50.13 0.00 0.27 0.00 0.00 0.00 7.16
1466 23.10 0.00 1.52 75.38 0.00 0.00 0.00 0.00 0.00 0.00
1467 33.16 0.00 1.54 65.30 0.00 0.00 0.00 0.00 0.00 0.00
1468 5.79 0.00 0.76 78.09 0.00 0.00 0.00 0.00 0.00 15.37
1469 16.20 0.00 0.51 57.72 0.00 0.25 0.00 0.00 0.00 25.32
1470 27.95 0.00 0.51 66.92 0.00 0.26 0.00 0.00 0.00 4.36
1471 41.26 0.00 1.37 57.10 0.00 0.00 0.27 0.00 0.00 0.00
1472 77.62 0.00 1.45 19.77 0.00 0.58 0.29 0.00 0.00 0.29
1473 86.48 0.00 2.20 11.32 0.00 0.00 0.00 0.00 0.00 0.00
1474 94.62 0.00 1.58 2.85 0.00 0.32 0.00 0.00 0.00 0.63
1475 83.90 0.00 1.86 13.31 0.00 0.31 0.31 0.00 0.00 0.31
1476 55.28 0.00 0.62 37.58 0.00 0.00 0.00 0.00 0.00 6.52
1477 82.48 0.00 0.30 8.76 0.00 0.00 0.00 0.00 0.00 8.46
1478 97.44 0.00 0.64 1.60 0.00 0.00 0.00 0.00 0.00 0.32
1479 99.09 0.00 0.61 0.00 0.00 0.00 0.30 0.00 0.00 0.00
1480 94.92 0.00 0.32 3.81 0.00 0.00 0.00 0.00 0.00 0.95
1481 83.76 0.00 1.91 7.32 0.00 0.32 0.00 0.00 0.00 6.69
1482 93.85 0.00 2.46 2.46 0.00 0.00 0.31 0.00 0.00 0.92
1483 98.25 0.00 0.87 0.58 0.00 0.00 0.00 0.00 0.00 0.29
1484 68.11 0.00 4.33 26.93 0.00 0.31 0.00 0.00 0.00 0.31
1485 85.34 0.00 1.15 12.64 0.00 0.00 0.29 0.00 0.00 0.57
1486 77.41 0.00 1.33 21.26 0.00 0.00 0.00 0.00 0.00 0.00
1487 91.46 0.00 1.93 4.41 0.00 0.28 0.00 0.00 0.00 1.93
1488 72.42 0.00 2.32 8.76 0.00 0.00 0.00 0.00 0.00 16.49
1489 85.57 0.00 0.76 3.54 0.00 0.00 0.00 0.00 0.00 10.13
1490 44.54 0.00 0.56 4.76 0.00 0.00 0.00 0.00 0.00 50.14
1491 56.28 0.00 0.82 2.19 0.00 0.00 0.27 0.00 0.00 40.44
1492 10.71 0.00 0.30 1.49 0.00 0.00 0.00 0.00 0.00 87.50
1493 10.65 0.00 0.59 4.73 0.00 0.00 0.00 0.00 0.00 84.02
1494 18.75 0.00 0.00 4.89 0.00 0.00 0.00 0.00 0.00 76.36
1495 15.80 0.00 0.27 21.25 0.00 0.00 0.00 0.00 0.00 62.67
1496 14.97 0.00 0.85 38.14 0.00 0.00 0.28 0.00 0.00 45.76
1497 11.30 0.00 0.00 73.16 0.00 0.00 0.00 0.00 0.00 15.54
1498 17.86 0.00 1.53 75.77 0.00 0.00 0.00 0.00 0.00 4.85
1499 6.85 0.00 0.51 92.64 0.00 0.00 0.00 0.00 0.00 0.00
1500 22.57 0.00 0.79 76.38 0.00 0.26 0.00 0.00 0.00 0.00
1501 81.06 0.00 1.95 15.32 0.00 0.56 0.00 0.00 0.00 1.11
1502 91.33 0.00 1.55 5.26 0.00 0.00 0.00 0.00 0.00 1.86
1503 76.09 0.00 1.09 13.04 0.00 0.54 0.00 0.00 0.00 9.24
1504 91.99 0.00 1.55 0.26 0.00 0.00 0.00 0.00 0.00 6.20
1505 55.59 0.00 0.82 10.35 0.00 0.00 0.27 0.00 0.00 32.97
1506 29.74 0.00 0.51 35.38 0.00 0.00 0.00 0.00 0.00 34.36
1507 45.71 0.00 0.86 33.43 0.00 0.00 0.00 0.00 0.00 20.00
1508 53.94 0.00 0.30 24.85 0.00 0.00 0.30 0.00 0.00 20.61
1509 55.06 0.00 0.63 37.97 0.00 0.00 0.00 0.00 0.00 6.33
1510 62.46 0.00 0.56 28.85 0.00 0.00 0.00 0.00 0.00 8.12
1511 71.88 0.00 0.00 6.25 0.00 0.00 0.00 0.00 0.00 21.88
1512 69.25 0.00 1.29 12.40 0.00 0.00 0.00 0.00 0.00 17.05
1513 92.37 0.00 1.13 2.54 0.00 0.00 0.28 0.00 0.00 3.67
1514 98.33 0.00 0.67 0.00 0.00 0.00 0.00 0.00 0.00 1.00
1515 98.24 0.00 1.17 0.59 0.00 0.00 0.00 0.00 0.00 0.00
1516 89.91 0.00 1.83 6.42 0.00 0.00 0.00 0.00 0.00 1.83
1517 73.25 0.00 2.23 8.28 0.00 0.00 0.32 0.00 0.00 15.92
1518 64.18 0.00 1.43 19.77 0.00 0.57 0.00 0.00 0.00 14.04
1519 63.67 0.00 2.25 32.15 0.00 0.00 0.32 0.00 0.00 1.61
1520 60.92 0.00 2.01 3.74 0.00 0.29 0.29 0.00 0.00 32.76
1521 18.97 0.00 0.27 2.98 0.00 0.00 0.00 0.00 0.00 77.78
1522 14.25 0.00 0.00 9.97 0.00 0.00 0.00 0.00 0.00 75.78
1523 19.68 0.00 0.00 15.36 0.00 0.00 0.00 0.00 0.00 64.96
1524 24.75 0.00 0.00 16.16 0.00 0.00 0.00 0.00 0.00 59.09
1525 47.18 0.00 1.19 1.78 0.00 0.00 0.30 0.00 0.00 49.55
1526 94.96 0.00 2.08 2.08 0.00 0.30 0.00 0.00 0.00 0.59
1527 96.24 0.00 1.88 1.25 0.00 0.31 0.31 0.00 0.00 0.00
1528 96.48 0.00 1.47 1.76 0.00 0.00 0.00 0.00 0.00 0.29
1529 95.72 0.00 2.41 0.80 0.00 0.00 0.00 0.00 0.00 1.07
1530 56.16 0.00 1.72 36.68 0.00 0.29 0.29 0.00 0.00 4.87
1531 24.17 0.00 0.00 9.67 0.00 0.25 0.00 0.00 0.00 65.90
1532 22.19 0.00 0.00 4.70 0.00 0.00 0.00 0.00 0.00 73.11
1533 9.70 0.00 0.30 2.73 0.00 0.00 0.30 0.00 0.00 86.97
1534 20.63 0.00 0.26 5.29 0.00 0.00 0.26 0.00 0.00 73.54
1535 17.09 0.00 0.84 36.69 0.00 0.00 0.00 0.00 0.00 45.38
1536 32.94 0.00 2.37 39.76 0.00 0.00 0.30 0.00 0.00 24.63
1537 50.56 0.00 2.25 47.19 0.00 0.00 0.00 0.00 0.00 0.00
1538 52.03 0.00 1.74 46.22 0.00 0.00 0.00 0.00 0.00 0.00
1539 72.90 0.00 1.61 25.16 0.00 0.00 0.32 0.00 0.00 0.00
1540 56.39 0.00 0.93 42.06 0.00 0.00 0.31 0.00 0.00 0.31
1541 27.73 0.00 0.84 51.82 0.00 0.00 0.28 0.00 0.00 19.33
1542 94.01 0.00 1.89 1.89 0.00 0.00 0.32 0.00 0.00 1.89
1543 94.82 0.00 2.74 1.52 0.00 0.00 0.30 0.00 0.00 0.61
1544 98.20 0.00 0.90 0.30 0.00 0.00 0.00 0.00 0.00 0.60
1545 18.06 0.00 0.28 1.39 0.00 0.00 0.00 0.00 0.00 80.28
1546 14.33 0.00 0.29 2.01 0.00 0.00 0.00 0.00 0.00 83.38
1547 5.68 0.00 0.32 1.58 0.00 0.00 0.32 0.00 0.00 92.11
1548 12.21 0.00 0.00 2.91 0.00 0.00 0.00 0.00 0.00 84.88
1549 23.14 0.00 0.26 2.31 0.00 0.00 0.00 0.00 0.00 74.29
1550 90.94 0.00 1.56 1.88 0.00 0.62 0.62 0.00 0.00 4.38
1551 95.48 0.00 0.85 0.85 0.00 0.00 0.00 0.00 0.00 2.82
1552 97.97 0.00 0.76 1.27 0.00 0.00 0.00 0.00 0.00 0.00
1553 68.19 0.00 1.72 16.05 0.00 0.00 0.29 0.00 0.00 13.75
1554 52.59 0.00 1.36 43.05 0.00 0.54 0.27 0.00 0.00 2.18
1555 67.06 0.00 3.24 11.76 0.00 0.00 0.00 0.00 0.00 17.94
1556 80.98 0.00 1.84 0.92 0.00 0.00 0.00 0.00 0.00 16.26
1557 65.79 0.00 1.64 0.33 0.00 0.00 0.33 0.00 0.00 31.91
1558 45.16 0.00 1.94 1.29 0.00 0.00 0.00 0.00 0.00 51.61
1559 18.13 0.00 0.85 8.78 0.00 0.00 0.28 0.00 0.00 71.95
1560 14.24 0.00 0.00 7.27 0.00 0.00 0.00 0.00 0.00 78.49
1561 10.51 0.00 0.30 3.00 0.00 0.00 0.00 0.00 0.00 86.19
1562 5.38 0.00 0.00 1.90 0.00 0.00 0.32 0.00 0.00 92.41
1563 10.54 0.00 0.30 1.51 0.00 0.00 0.00 0.00 0.00 87.65
1564 10.75 0.00 0.30 2.09 0.00 0.00 0.00 0.00 0.00 86.87
1565 13.62 0.00 0.87 1.74 0.00 0.00 0.00 0.00 0.00 83.77
1566 18.39 0.00 1.01 2.27 0.00 0.00 0.00 0.00 0.00 78.34
1567 0.25 0.00 0.25 12.00 0.00 0.00 0.00 0.00 0.00 87.50
1568 0.25 0.00 0.25 6.78 0.00 0.00 0.00 0.00 0.00 92.71
1569 0.50 0.00 0.25 5.74 0.00 0.00 0.00 0.00 0.00 93.52
1570 0.25 0.00 0.25 1.75 0.00 0.00 0.00 0.00 0.00 97.74
1571 0.00 0.00 0.50 2.26 0.00 0.00 0.00 0.00 0.00 97.24
1572 0.00 0.00 0.00 0.75 0.00 0.00 0.00 0.00 0.00 99.25
1573 0.25 0.00 0.00 2.26 0.00 0.00 0.00 0.00 0.00 97.49
1574 0.50 0.00 0.50 16.00 0.00 0.00 0.00 0.00 0.00 83.00
1575 0.25 0.00 0.00 27.46 0.00 0.00 0.00 0.00 0.00 72.29
1576 0.50 0.00 0.25 44.36 0.00 0.00 0.00 0.00 0.00 54.89
1577 1.00 0.00 0.50 51.87 0.00 0.00 0.00 0.00 0.00 46.63
1578 0.25 0.00 0.51 52.53 0.00 0.00 0.00 0.00 0.00 46.72
1579 1.25 0.00 0.50 44.75 0.00 0.00 0.25 0.00 0.00 53.25
1580 0.50 0.00 0.75 49.12 0.00 0.00 0.00 0.00 0.00 49.62
1581 0.50 0.00 0.50 49.87 0.00 0.00 0.00 0.00 0.00 49.12
1582 0.75 0.00 0.50 49.12 0.00 0.00 0.00 0.00 0.00 49.62
1583 2.03 0.00 0.76 34.68 0.00 0.00 0.00 0.00 0.00 62.53
1584 42.78 0.00 1.87 48.93 0.00 0.27 0.00 0.00 0.00 6.15
1585 50.76 0.00 1.21 46.22 0.00 0.00 0.00 0.00 0.00 1.81
1586 95.82 0.00 0.90 0.60 0.00 0.30 0.00 0.00 0.00 2.39
1587 98.24 0.00 0.29 1.17 0.00 0.00 0.00 0.00 0.00 0.29
1588 20.64 0.00 0.80 43.97 0.00 0.00 0.00 0.00 0.00 34.58
1589 1.51 0.00 0.50 48.11 0.00 0.00 0.25 0.00 0.00 49.62
1590 1.27 0.00 0.51 39.34 0.00 0.00 0.00 0.00 0.00 58.88
1591 38.01 0.00 0.51 20.66 0.00 0.00 0.00 0.00 0.00 40.82
1592 19.75 0.00 0.76 43.04 0.00 0.00 0.00 0.00 0.00 36.46
1593 2.51 0.00 0.25 43.86 0.00 0.00 0.25 0.00 0.00 53.13
1594 1.25 0.00 0.75 50.88 0.00 0.25 0.00 0.00 0.00 46.87
1595 2.30 0.00 2.04 61.48 0.00 0.00 0.00 0.00 0.00 34.18
1596 0.76 0.00 1.78 50.25 0.00 0.00 0.00 0.00 0.00 47.21
1597 1.51 0.00 0.75 38.19 0.00 0.00 0.00 0.00 0.00 59.55
1598 1.26 0.00 0.25 58.94 0.00 0.00 0.00 0.00 0.00 39.55
1599 1.50 0.00 0.25 19.80 0.00 0.00 0.00 0.00 0.00 78.45
1600 0.50 0.00 0.00 11.75 0.00 0.00 0.00 0.00 0.00 87.75
1601 0.25 0.00 0.50 39.04 0.00 0.00 0.00 0.00 0.00 60.20
1602 0.50 0.00 0.00 92.23 0.00 0.00 0.00 0.00 0.00 7.27
1603 0.50 0.00 0.25 36.52 0.00 0.00 0.00 0.00 0.00 62.72
1604 0.75 0.00 0.50 56.39 0.00 0.00 0.00 0.00 0.00 42.36
1605 0.25 0.00 0.50 57.79 0.00 0.00 0.00 0.00 0.00 41.46
1606 0.50 0.00 0.00 27.20 0.00 0.00 0.00 0.00 0.00 72.29
1607 0.50 0.00 0.50 5.99 0.00 0.00 0.00 0.00 0.00 93.02
1608 5.81 0.00 0.25 60.35 0.00 0.00 0.00 0.00 0.00 33.59
1609 4.56 0.00 1.01 88.10 0.00 0.00 0.00 0.00 0.00 6.33
1610 3.58 0.00 0.00 76.73 0.00 0.00 0.00 0.00 0.00 19.69
1611 4.52 0.00 0.75 94.72 0.00 0.00 0.00 0.00 0.00 0.00
1612 5.57 0.00 0.76 93.67 0.00 0.00 0.00 0.00 0.00 0.00
1613 5.79 0.00 0.25 93.95 0.00 0.00 0.00 0.00 0.00 0.00
1614 3.78 0.00 0.25 95.97 0.00 0.00 0.00 0.00 0.00 0.00
1615 18.78 0.00 0.26 80.95 0.00 0.00 0.00 0.00 0.00 0.00
1616 43.90 0.00 2.91 50.29 0.00 0.29 0.00 0.00 0.00 2.62
1617 97.52 0.00 1.86 0.00 0.00 0.31 0.00 0.00 0.00 0.31
1618 97.49 0.00 2.19 0.00 0.00 0.00 0.31 0.00 0.00 0.00
1619 52.96 0.00 2.18 27.10 0.00 0.00 0.00 0.00 0.00 17.76
1620 0.51 0.00 0.00 46.82 0.00 0.00 0.00 0.00 0.00 52.67
1621 2.03 0.00 1.27 53.42 0.00 0.00 0.25 0.00 0.00 43.04
1622 1.79 0.00 1.79 53.57 0.00 0.00 0.00 0.00 0.00 42.86
1623 1.00 0.00 0.25 37.84 0.00 0.25 0.00 0.00 0.00 60.65
1624 0.50 0.00 0.50 37.59 0.00 0.00 0.00 0.00 0.00 61.40
1625 0.25 0.00 0.00 32.75 0.00 0.00 0.00 0.00 0.00 67.00
1626 0.25 0.00 0.00 6.28 0.00 0.00 0.00 0.00 0.00 93.47
1627 0.50 0.00 0.25 28.14 0.00 0.00 0.00 0.00 0.00 71.11
1628 0.50 0.00 0.50 16.50 0.00 0.00 0.00 0.00 0.00 82.50
1629 0.50 0.00 0.25 48.00 0.00 0.25 0.00 0.00 0.00 51.00
1630 0.50 0.00 0.00 58.54 0.00 0.00 0.00 0.00 0.00 40.95
1631 0.25 0.00 0.50 42.21 0.00 0.25 0.00 0.00 0.00 56.78
1632 0.25 0.00 0.00 22.92 0.00 0.00 0.00 0.00 0.00 76.83
1633 0.50 0.00 0.25 19.05 0.00 0.00 0.00 0.00 0.00 80.20
1634 0.00 0.00 0.00 2.26 0.00 0.00 0.00 0.00 0.00 97.74
1635 0.25 0.00 0.25 1.50 0.00 0.00 0.00 0.00 0.00 98.00
1636 0.25 0.00 0.25 1.75 0.00 0.00 0.00 0.00 0.00 97.74
1637 0.25 0.00 0.25 6.02 0.00 0.00 0.00 0.00 0.00 93.48
1638 0.76 0.00 0.00 53.79 0.00 0.00 0.00 0.00 0.00 45.45
1639 0.50 0.00 1.51 51.51 0.00 0.00 0.00 0.00 0.00 46.48
1640 0.50 0.00 0.00 49.12 0.00 0.00 0.00 0.00 0.00 50.38
1641 0.00 0.00 4.05 46.58 0.00 0.00 0.00 0.00 0.00 49.37
1642 0.25 0.00 1.00 55.39 0.00 0.00 0.00 0.00 0.00 43.36
1643 0.76 0.00 0.25 56.31 0.00 0.00 0.00 0.00 0.00 42.68
1644 0.00 0.00 0.51 50.51 0.00 0.00 0.00 0.00 0.00 48.98
1645 0.25 0.00 0.25 53.02 0.00 0.00 0.00 0.00 0.00 46.48
1646 0.25 0.00 0.00 11.53 0.00 0.00 0.00 0.00 0.00 88.22
1647 0.00 0.00 0.50 1.00 0.00 0.00 0.00 0.00 0.00 98.50
1648 0.00 0.00 0.25 1.75 0.00 0.00 0.00 0.00 0.00 97.99
1649 0.00 0.00 0.00 0.25 0.00 0.00 0.00 0.00 0.00 99.75
1650 0.50 0.00 0.00 5.75 0.00 0.00 0.00 0.00 0.00 93.75
1651 0.00 0.00 0.00 0.50 0.00 0.00 0.00 0.00 0.00 99.50
1652 0.00 0.00 0.25 1.25 0.00 0.00 0.00 0.00 0.00 98.50
1653 0.25 0.00 0.00 1.50 0.00 0.00 0.00 0.00 0.00 98.25
1654 0.25 0.00 0.50 9.52 0.00 0.00 0.25 0.00 0.00 89.47
1655 0.00 0.00 0.25 1.00 0.00 0.00 0.00 0.00 0.00 98.75
1656 0.25 0.00 0.25 1.75 0.00 0.00 0.00 0.00 0.00 97.76
1657 0.00 0.00 0.00 3.01 0.00 0.00 0.00 0.00 0.00 96.99
1658 0.25 0.00 0.00 6.52 0.00 0.00 0.00 0.00 0.00 93.23
1659 0.00 0.00 0.25 0.75 0.00 0.00 0.00 0.00 0.00 99.00
1660 0.00 0.00 0.25 3.26 0.00 0.00 0.00 0.00 0.00 96.49
1661 0.25 0.00 0.00 4.50 0.00 0.00 0.00 0.00 0.00 95.25
1662 0.25 0.00 0.00 10.53 0.00 0.00 0.00 0.00 0.00 89.22
1663 0.00 0.00 0.25 3.25 0.00 0.00 0.00 0.00 0.00 96.50
1664 0.00 0.00 0.00 2.76 0.00 0.00 0.00 0.00 0.00 97.24
1665 0.00 0.00 0.00 0.75 0.00 0.00 0.00 0.00 0.00 99.25
1666 0.00 0.00 0.00 0.75 0.00 0.00 0.00 0.00 0.00 99.25
1667 0.25 0.00 0.00 0.75 0.00 0.00 0.00 0.00 0.00 99.00
1668 0.00 0.00 0.00 9.02 0.00 0.00 0.00 0.00 0.00 90.98
1669 0.00 0.00 0.50 21.30 0.00 0.00 0.00 0.00 0.00 78.20
1670 0.00 0.00 0.25 0.75 0.00 0.00 0.00 0.00 0.00 99.00
1671 0.25 0.00 0.00 1.25 0.00 0.00 0.00 0.00 0.00 98.50
1672 0.00 0.00 0.00 1.00 0.00 0.00 0.00 0.00 0.00 99.00
1673 0.00 0.00 0.25 1.01 0.00 0.00 0.00 0.00 0.00 98.74
1674 0.00 0.00 0.25 0.75 0.00 0.00 0.00 0.00 0.00 99.00
1675 0.25 0.00 0.00 1.00 0.00 0.00 0.00 0.00 0.00 98.75
1676 0.00 0.00 0.00 0.25 0.00 0.00 0.00 0.00 0.00 99.75
1677 0.00 0.00 0.25 0.75 0.00 0.00 0.00 0.00 0.00 99.00
1678 0.00 0.00 0.00 1.00 0.00 0.00 0.00 0.00 0.00 99.00
1679 0.00 0.00 0.00 0.75 0.00 0.00 0.00 0.00 0.00 99.25
1680 0.25 0.00 0.25 1.75 0.00 0.00 0.00 0.00 0.00 97.74
1681 0.00 0.00 0.00 1.01 0.00 0.00 0.00 0.00 0.00 98.99
1682 0.25 0.00 0.00 0.25 0.00 0.00 0.00 0.00 0.00 99.50
1683 0.00 0.00 0.00 2.01 0.00 0.00 0.00 0.00 0.00 97.99
1684 0.00 0.00 0.00 0.50 0.00 0.00 0.00 0.00 0.00 99.50
1685 0.00 0.00 0.00 0.75 0.00 0.00 0.00 0.00 0.00 99.25
1686 0.00 0.00 0.25 1.25 0.00 0.00 0.00 0.00 0.00 98.50
1687 0.00 0.00 0.00 1.76 0.00 0.00 0.00 0.00 0.00 98.24
1688 0.25 0.00 0.00 2.00 0.00 0.00 0.00 0.00 0.00 97.76
1689 0.00 0.00 0.25 2.26 0.00 0.00 0.00 0.00 0.00 97.49
1690 0.25 0.00 0.00 1.50 0.00 0.00 0.00 0.00 0.00 98.25
1691 0.00 0.00 0.00 1.00 0.00 0.00 0.00 0.00 0.00 99.00
1692 0.25 0.00 0.00 2.01 0.00 0.00 0.00 0.00 0.00 97.74
1693 0.00 0.00 0.25 3.25 0.00 0.00 0.00 0.00 0.00 96.50
1694 0.00 0.00 0.25 1.75 0.00 0.00 0.00 0.00 0.00 97.99
1695 0.00 0.00 0.00 2.01 0.00 0.00 0.00 0.00 0.00 97.99
1696 0.00 0.00 0.00 1.00 0.00 0.00 0.00 0.00 0.00 99.00
1697 0.00 0.00 0.25 2.26 0.00 0.00 0.00 0.00 0.00 97.49
1698 0.00 0.00 0.00 2.01 0.00 0.00 0.00 0.00 0.00 97.99
1699 0.00 0.00 0.25 1.50 0.00 0.00 0.00 0.00 0.00 98.25
1700 0.00 0.00 0.25 2.00 0.00 0.25 0.00 0.00 0.00 97.51
1701 0.00 0.00 0.00 0.00 0.00 0.00 0.00 0.00 0.00 100.00
1702 0.00 0.00 0.25 1.00 0.00 0.00 0.00 0.00 0.00 98.75
1703 0.00 0.00 0.25 1.00 0.00 0.00 0.00 0.00 0.00 98.75
1704 0.00 0.00 0.00 2.26 0.00 0.00 0.00 0.00 0.00 97.74
1705 0.50 0.00 0.50 9.18 0.00 0.00 0.00 0.00 0.00 89.83
1706 0.00 0.00 0.00 1.51 0.00 0.00 0.00 0.00 0.00 98.49
1707 0.00 0.00 0.50 2.00 0.00 0.00 0.00 0.00 0.00 97.51
1708 0.25 0.00 0.00 0.50 0.00 0.00 0.00 0.00 0.00 99.25
1709 0.25 0.00 0.25 2.50 0.00 0.00 0.00 0.00 0.00 97.00
1710 0.25 0.00 0.25 2.00 0.00 0.00 0.00 0.00 0.00 97.50
1711 0.25 0.00 0.00 1.50 0.00 0.00 0.25 0.00 0.00 98.00
1712 0.00 0.00 0.25 0.25 0.00 0.00 0.00 0.00 0.00 99.50
1713 0.00 0.00 0.25 2.01 0.00 0.00 0.00 0.00 0.00 97.74
1714 0.25 0.00 0.50 1.25 0.00 0.00 0.00 0.00 0.00 97.99
1715 0.25 0.00 0.76 17.88 0.00 0.00 0.00 0.00 0.00 81.11
1716 1.52 0.00 1.01 23.29 0.00 0.00 0.00 0.00 0.00 74.18
1717 1.52 0.00 1.77 22.28 0.00 0.00 0.00 0.00 0.00 74.43
1718 1.26 0.00 0.76 13.38 0.00 0.00 0.00 0.00 0.00 84.60
1719 0.25 0.00 0.25 1.50 0.00 0.00 0.00 0.00 0.00 98.00
1720 0.00 0.00 0.00 0.50 0.00 0.00 0.00 0.00 0.00 99.50
1721 0.00 0.00 0.25 1.25 0.00 0.00 0.00 0.00 0.00 98.50
1722 0.00 0.00 0.00 1.51 0.00 0.00 0.00 0.00 0.00 98.49
1723 0.25 0.00 0.00 1.50 0.00 0.00 0.00 0.00 0.00 98.25
1724 0.00 0.00 0.25 1.25 0.00 0.00 0.00 0.00 0.00 98.50
1725 0.00 0.00 0.00 2.01 0.00 0.00 0.00 0.00 0.00 97.99
1726 0.25 0.00 0.00 1.00 0.00 0.00 0.00 0.00 0.00 98.75
1727 4.30 0.00 4.30 6.33 0.00 0.00 0.00 0.00 0.00 85.06
