0 0.00 0.00 0.25 0.75 0.00 0.00 0.00 0.00 0.00 99.00
1 0.00 0.00 0.50 0.50 0.00 0.00 0.00 0.00 0.00 99.00
2 0.00 0.00 0.25 0.50 0.00 0.00 0.00 0.00 0.00 99.25
3 0.25 0.00 0.00 0.50 0.00 0.00 0.00 0.00 0.00 99.25
4 0.00 0.00 0.50 5.03 0.00 0.00 0.00 0.00 0.00 94.47
5 0.50 0.00 0.25 0.50 0.00 0.00 0.00 0.00 0.00 98.75
6 4.53 0.00 3.27 0.00 0.00 0.25 0.00 0.00 0.00 91.94
7 0.25 0.00 0.25 1.25 0.00 0.00 0.00 0.00 0.00 98.25
8 0.25 0.00 0.25 0.75 0.00 0.00 0.00 0.00 0.00 98.75
9 0.25 0.00 0.00 9.77 0.00 0.00 0.00 0.00 0.00 89.97
10 0.25 0.00 0.50 33.50 0.00 0.00 0.00 0.00 0.00 65.74
11 0.75 0.00 0.25 26.50 0.00 0.00 0.00 0.00 0.00 72.50
12 0.50 0.00 1.26 41.31 0.00 0.00 0.00 0.00 0.00 56.93
13 0.76 0.00 0.25 24.24 0.00 0.00 0.00 0.00 0.00 74.75
14 1.78 0.00 1.02 23.86 0.00 0.00 0.00 0.00 0.00 73.35
15 1.52 0.00 0.51 23.10 0.00 0.00 0.00 0.00 0.00 74.87
16 5.05 0.00 0.76 21.21 0.00 0.00 0.25 0.00 0.00 72.73
17 1.50 0.00 1.25 23.06 0.00 0.00 0.00 0.00 0.00 74.19
18 2.28 0.00 0.76 22.28 0.00 0.00 0.00 0.00 0.00 74.68
19 0.50 0.00 0.50 24.18 0.00 0.00 0.00 0.00 0.00 74.81
20 0.25 0.00 0.25 25.57 0.00 0.00 0.00 0.00 0.00 73.92
21 6.30 0.00 1.51 21.16 0.00 0.00 0.00 0.00 0.00 71.03
22 10.10 0.00 1.26 17.42 0.00 0.00 0.00 0.00 0.00 71.21
23 5.85 0.00 1.02 19.59 0.00 0.00 0.25 0.00 0.00 73.28
24 9.87 0.00 1.01 19.75 0.00 0.00 0.00 0.00 0.00 69.37
25 12.91 0.00 1.27 17.72 0.00 0.00 0.00 0.00 0.00 68.10
26 4.33 0.00 0.51 20.10 0.00 0.00 0.00 0.00 0.00 75.06
27 9.07 0.00 3.02 15.11 0.00 0.00 0.00 0.00 0.00 72.80
28 12.56 0.00 2.05 14.62 0.00 0.00 0.00 0.00 0.00 70.77
29 6.85 0.00 2.79 16.75 0.00 0.00 0.00 0.00 0.00 73.60
30 3.78 0.00 1.01 20.40 0.00 0.00 0.00 0.00 0.00 74.81
31 2.81 0.00 1.02 36.48 0.00 0.00 0.00 0.00 0.00 59.69
32 14.29 0.00 9.69 25.51 0.00 1.02 0.00 0.00 0.00 49.49
33 1.79 0.00 2.30 46.17 0.00 0.00 0.00 0.00 0.00 49.74
34 2.80 0.00 6.36 41.73 0.00 0.00 0.25 0.00 0.00 48.85
35 8.10 0.00 1.27 33.16 0.00 0.00 0.00 0.00 0.00 57.47
36 2.02 0.00 0.50 47.10 0.00 0.00 0.00 0.00 0.00 50.38
37 3.02 0.00 1.01 46.48 0.00 0.00 0.00 0.00 0.00 49.50
38 16.20 0.00 4.81 27.09 0.00 0.00 0.00 0.00 0.00 51.90
39 1.26 0.00 0.50 48.11 0.00 0.00 0.00 0.00 0.00 50.13
40 1.77 0.00 2.02 24.24 0.00 0.00 0.00 0.00 0.00 71.97
41 3.31 0.00 0.51 21.88 0.00 0.00 0.00 0.00 0.00 74.30
42 10.74 0.00 1.28 15.09 0.00 0.00 0.26 0.00 0.00 72.63
43 49.10 0.00 1.80 12.85 0.00 0.00 0.00 0.00 0.00 36.25
44 86.80 0.00 11.93 0.00 0.00 0.00 0.00 0.00 0.00 1.27
45 78.88 0.00 20.10 0.00 0.00 0.25 0.00 0.00 0.00 0.76
46 86.08 0.00 12.91 0.00 0.00 0.00 0.00 0.00 0.00 1.01
47 86.55 0.00 11.93 0.00 0.00 0.25 0.00 0.00 0.00 1.27
48 69.23 0.00 15.12 0.00 0.00 0.00 0.00 0.00 0.00 15.65
49 85.53 0.00 11.93 0.25 0.00 0.00 0.00 0.00 0.00 2.28
50 90.31 0.00 9.18 0.00 0.00 0.00 0.00 0.00 0.00 0.51
51 91.90 0.00 7.34 0.00 0.00 0.00 0.00 0.00 0.00 0.76
52 88.01 0.00 11.22 0.00 0.00 0.00 0.00 0.00 0.00 0.77
53 86.51 0.00 11.96 0.00 0.00 0.00 0.00 0.00 0.00 1.53
54 91.16 0.00 7.32 0.00 0.00 0.51 0.00 0.00 0.00 1.01
55 90.05 0.00 7.91 0.26 0.00 0.00 0.00 0.00 0.00 1.79
56 97.22 0.00 0.51 0.51 0.00 0.00 0.25 0.00 0.00 1.52
57 99.75 0.00 0.25 0.00 0.00 0.00 0.00 0.00 0.00 0.00
58 99.49 0.00 0.51 0.00 0.00 0.00 0.00 0.00 0.00 0.00
59 99.24 0.00 0.76 0.00 0.00 0.00 0.00 0.00 0.00 0.00
60 99.50 0.00 0.50 0.00 0.00 0.00 0.00 0.00 0.00 0.00
61 99.50 0.00 0.50 0.00 0.00 0.00 0.00 0.00 0.00 0.00
62 98.99 0.00 0.76 0.00 0.00 0.00 0.00 0.00 0.00 0.25
63 97.70 0.00 1.79 0.26 0.00 0.00 0.00 0.00 0.00 0.26
64 90.38 0.00 8.10 0.00 0.00 0.00 0.00 0.00 0.00 1.52
65 96.21 0.00 2.78 0.25 0.00 0.00 0.00 0.00 0.00 0.76
66 96.46 0.00 3.54 0.00 0.00 0.00 0.00 0.00 0.00 0.00
67 93.62 0.00 5.59 0.00 0.00 0.00 0.00 0.00 0.00 0.80
68 96.51 0.00 3.49 0.00 0.00 0.00 0.00 0.00 0.00 0.00
69 82.31 0.00 2.05 12.82 0.00 0.00 0.00 0.00 0.00 2.82
70 68.02 0.00 4.06 15.48 0.00 0.25 0.00 0.00 0.00 12.18
71 91.29 0.00 7.12 0.00 0.00 0.26 0.00 0.00 0.00 1.32
72 78.09 0.00 11.08 2.58 0.00 0.00 0.00 0.00 0.00 8.25
73 22.94 0.00 0.26 0.26 0.00 0.00 0.00 0.00 0.00 76.55
74 31.10 0.00 0.61 1.22 0.00 0.00 0.30 0.00 0.00 66.77
75 97.95 0.00 1.03 0.00 0.00 0.26 0.00 0.00 0.00 0.77
76 97.46 0.00 1.52 0.00 0.00 0.00 0.00 0.00 0.00 1.02
77 98.71 0.00 0.77 0.00 0.00 0.00 0.00 0.00 0.00 0.51
78 97.47 0.00 1.77 0.25 0.00 0.00 0.00 0.00 0.00 0.51
79 97.74 0.00 1.26 0.00 0.00 0.00 0.00 0.00 0.00 1.01
80 97.96 0.00 1.78 0.00 0.00 0.25 0.00 0.00 0.00 0.00
81 97.21 0.00 0.25 0.76 0.00 0.00 0.00 0.00 0.00 1.78
82 99.49 0.00 0.51 0.00 0.00 0.00 0.00 0.00 0.00 0.00
83 99.23 0.00 0.26 0.00 0.00 0.00 0.00 0.00 0.00 0.51
84 99.75 0.00 0.25 0.00 0.00 0.00 0.00 0.00 0.00 0.00
85 97.96 0.00 2.04 0.00 0.00 0.00 0.00 0.00 0.00 0.00
86 97.47 0.00 2.53 0.00 0.00 0.00 0.00 0.00 0.00 0.00
87 98.94 0.00 1.06 0.00 0.00 0.00 0.00 0.00 0.00 0.00
88 99.24 0.00 0.76 0.00 0.00 0.00 0.00 0.00 0.00 0.00
89 99.23 0.00 0.77 0.00 0.00 0.00 0.00 0.00 0.00 0.00
90 96.95 0.00 3.05 0.00 0.00 0.00 0.00 0.00 0.00 0.00
91 96.95 0.00 2.28 0.00 0.00 0.25 0.00 0.00 0.00 0.51
92 95.45 0.00 4.29 0.00 0.00 0.00 0.00 0.00 0.00 0.25
93 96.20 0.00 3.80 0.00 0.00 0.00 0.00 0.00 0.00 0.00
94 95.65 0.00 2.81 0.26 0.00 0.00 0.00 0.00 0.00 1.28
95 90.16 0.00 2.85 5.96 0.00 0.00 0.26 0.00 0.00 0.78
96 60.91 0.00 2.28 23.35 0.00 0.00 0.00 0.00 0.00 13.45
97 67.26 0.00 1.02 8.63 0.00 0.00 0.00 0.00 0.00 23.10
98 55.36 0.00 0.26 15.05 0.00 0.00 0.00 0.00 0.00 29.34
99 27.92 0.00 0.25 22.84 0.00 0.00 0.00 0.00 0.00 48.98
100 59.13 0.00 1.29 23.91 0.00 0.00 0.00 0.00 0.00 15.68
101 64.03 0.00 0.77 32.40 0.00 0.00 0.00 0.00 0.00 2.81
102 76.21 0.00 1.02 13.55 0.00 0.26 0.00 0.00 0.00 8.95
103 91.39 0.00 0.51 4.30 0.00 0.00 0.00 0.00 0.00 3.80
104 96.16 0.00 0.51 0.00 0.00 0.51 0.00 0.00 0.00 2.81
105 96.22 0.00 0.25 1.76 0.00 0.25 0.00 0.00 0.00 1.51
106 97.47 0.00 1.01 0.00 0.00 0.25 0.00 0.00 0.00 1.27
107 98.74 0.00 0.51 0.00 0.00 0.51 0.00 0.00 0.00 0.25
108 97.98 0.00 0.76 0.00 0.00 0.25 0.00 0.00 0.00 1.01
109 96.70 0.00 0.76 2.03 0.00 0.25 0.00 0.00 0.00 0.25
110 99.49 0.00 0.51 0.00 0.00 0.00 0.00 0.00 0.00 0.00
111 99.50 0.00 0.25 0.00 0.00 0.00 0.25 0.00 0.00 0.00
112 99.49 0.00 0.25 0.00 0.00 0.00 0.00 0.00 0.00 0.25
113 99.24 0.00 0.76 0.00 0.00 0.00 0.00 0.00 0.00 0.00
114 96.69 0.00 2.29 0.25 0.00 0.00 0.00 0.00 0.00 0.76
115 97.21 0.00 2.79 0.00 0.00 0.00 0.00 0.00 0.00 0.00
116 96.18 0.00 3.56 0.00 0.00 0.25 0.00 0.00 0.00 0.00
117 95.95 0.00 3.80 0.00 0.00 0.00 0.00 0.00 0.00 0.25
118 95.15 0.00 3.83 1.02 0.00 0.00 0.00 0.00 0.00 0.00
119 74.62 0.00 1.52 2.28 0.00 0.25 0.00 0.00 0.00 21.32
120 60.20 0.00 1.26 4.53 0.00 0.00 0.00 0.00 0.00 34.01
121 49.49 0.00 0.76 0.00 0.00 0.00 0.00 0.00 0.00 49.75
122 27.27 0.00 0.76 25.00 0.00 0.00 0.00 0.00 0.00 46.97
123 43.19 0.00 0.51 15.94 0.00 0.00 0.00 0.00 0.00 40.36
124 58.10 0.00 2.31 3.34 0.00 0.00 0.00 0.00 0.00 36.25
125 49.23 0.00 2.05 2.05 0.00 0.00 0.26 0.00 0.00 46.41
126 47.72 0.00 1.78 1.52 0.00 0.00 0.00 0.00 0.00 48.98
127 52.53 0.00 2.02 0.76 0.00 0.00 0.00 0.00 0.00 44.70
128 48.34 0.00 1.02 0.51 0.00 0.00 0.00 0.00 0.00 50.13
129 51.40 0.00 1.53 1.78 0.00 0.00 0.00 0.00 0.00 45.29
130 43.29 0.00 1.77 6.58 0.00 0.00 0.00 0.00 0.00 48.35
131 41.54 0.00 1.28 12.05 0.00 0.00 0.26 0.00 0.00 44.87
132 26.65 0.00 2.54 24.62 0.00 0.00 0.00 0.00 0.00 46.19
133 34.09 0.00 1.77 20.71 0.00 0.00 0.00 0.00 0.00 43.43
134 12.63 0.00 1.01 14.90 0.00 0.00 0.00 0.00 0.00 71.46
135 0.25 0.00 0.00 8.54 0.00 0.00 0.25 0.00 0.00 90.95
136 2.03 0.00 5.58 9.39 0.00 0.00 0.00 0.00 0.00 82.99
137 3.32 0.00 0.77 60.20 0.00 0.00 0.26 0.00 0.00 35.46
138 2.54 0.00 1.53 66.16 0.00 0.00 0.00 0.00 0.00 29.77
139 16.41 0.00 1.03 69.49 0.00 0.00 0.26 0.00 0.00 12.82
140 34.04 0.00 0.80 43.09 0.00 0.53 0.00 0.00 0.00 21.54
141 75.42 0.00 2.23 18.99 0.00 0.56 0.00 0.00 0.00 2.79
142 44.33 0.00 1.32 54.09 0.00 0.26 0.00 0.00 0.00 0.00
143 63.71 0.00 0.51 8.12 0.00 0.51 0.00 0.00 0.00 27.16
144 24.69 0.00 0.25 2.02 0.00 0.00 0.00 0.00 0.00 73.05
145 21.07 0.00 0.51 36.29 0.00 0.00 0.25 0.00 0.00 41.88
146 20.20 0.00 1.02 78.77 0.00 0.00 0.00 0.00 0.00 0.00
147 40.66 0.00 3.07 39.39 0.00 0.26 0.00 0.00 0.00 16.62
148 85.24 0.00 0.51 10.94 0.00 0.51 0.00 0.00 0.00 2.80
149 93.83 0.00 1.03 1.54 0.00 0.00 0.00 0.00 0.00 3.60
150 75.40 0.00 0.53 0.00 0.00 0.53 0.53 0.00 0.00 22.99
151 80.36 0.00 0.51 2.04 0.00 0.51 0.00 0.00 0.00 16.58
152 59.60 0.00 0.25 2.02 0.00 0.25 0.00 0.00 0.00 37.88
153 81.15 0.00 0.82 4.92 0.00 0.55 0.27 0.00 0.00 12.30
154 69.13 0.00 0.26 22.43 0.00 0.53 0.26 0.00 0.00 7.39
155 67.69 0.00 0.26 18.21 0.00 0.00 0.00 0.00 0.00 13.85
156 86.08 0.00 0.77 7.73 0.00 0.26 0.00 0.00 0.00 5.15
157 30.79 0.00 0.00 25.19 0.00 0.00 0.00 0.00 0.00 44.02
158 22.90 0.00 0.51 29.26 0.00 0.00 0.25 0.00 0.00 47.07
159 50.38 0.00 0.25 26.84 0.00 0.00 0.25 0.00 0.00 22.28
160 53.90 0.00 2.02 20.91 0.00 0.00 0.00 0.00 0.00 23.17
161 73.08 0.00 3.30 12.09 0.00 0.00 0.00 0.00 0.00 11.54
162 80.10 0.00 2.58 14.73 0.00 0.00 0.00 0.00 0.00 2.58
163 89.43 0.00 3.61 5.93 0.00 0.26 0.00 0.00 0.00 0.77
164 88.32 0.00 5.70 5.41 0.00 0.00 0.28 0.00 0.00 0.28
165 40.25 0.00 0.51 2.53 0.00 0.00 0.00 0.00 0.00 56.71
166 25.13 0.00 0.00 2.51 0.00 0.00 0.00 0.00 0.00 72.36
167 25.06 0.00 0.00 5.26 0.00 0.00 0.00 0.00 0.00 69.67
168 32.44 0.00 1.19 43.15 0.00 0.00 0.30 0.00 0.00 22.92
169 31.62 0.00 3.86 56.56 0.00 0.00 0.00 0.00 0.00 7.97
170 23.98 0.00 1.79 53.06 0.00 0.00 0.00 0.00 0.00 21.17
171 6.62 0.00 1.78 62.34 0.00 0.00 0.00 0.00 0.00 29.26
172 0.51 0.00 1.26 93.18 0.00 0.00 0.25 0.00 0.00 4.80
173 0.51 0.00 1.52 95.45 0.00 0.00 0.00 0.00 0.00 2.53
174 0.25 0.00 1.02 98.48 0.00 0.00 0.25 0.00 0.00 0.00
175 0.26 0.00 0.77 93.37 0.00 0.26 0.00 0.00 0.00 5.36
176 0.25 0.00 1.27 87.59 0.00 0.00 0.00 0.00 0.00 10.89
177 0.25 0.00 0.25 88.38 0.00 0.00 0.00 0.00 0.00 11.11
178 0.00 0.00 1.26 90.68 0.00 0.00 0.00 0.00 0.00 8.06
179 0.51 0.00 0.51 96.72 0.00 0.00 0.00 0.00 0.00 2.27
180 0.25 0.00 1.01 98.48 0.00 0.00 0.25 0.00 0.00 0.00
181 0.51 0.00 1.02 56.35 0.00 0.00 0.00 0.00 0.00 42.13
182 0.50 0.00 0.76 59.45 0.00 0.00 0.25 0.00 0.00 39.04
183 0.00 0.00 0.25 88.35 0.00 0.00 0.00 0.00 0.00 11.39
184 0.25 0.00 0.50 98.74 0.00 0.00 0.50 0.00 0.00 0.00
185 4.30 0.00 0.51 92.41 0.00 0.00 0.00 0.00 0.00 2.78
186 10.13 0.00 0.51 72.41 0.00 0.00 0.25 0.00 0.00 16.71
187 14.18 0.00 1.27 47.59 0.00 0.25 0.00 0.00 0.00 36.71
188 32.48 0.00 0.77 43.73 0.00 0.00 0.00 0.00 0.00 23.02
189 32.99 0.00 0.51 43.22 0.00 0.00 0.00 0.00 0.00 23.27
190 50.90 0.00 0.26 48.84 0.00 0.00 0.00 0.00 0.00 0.00
191 33.42 0.00 1.01 29.40 0.00 0.00 0.00 0.00 0.00 36.18
192 54.92 0.00 1.04 20.47 0.00 0.26 0.00 0.00 0.00 23.32
193 69.08 0.00 0.56 16.99 0.00 0.00 0.00 0.00 0.00 13.37
194 76.59 0.00 0.76 9.41 0.00 0.51 0.00 0.00 0.00 12.72
195 34.01 0.00 1.27 23.35 0.00 0.25 0.25 0.00 0.00 40.86
196 35.51 0.00 0.52 21.67 0.00 0.78 0.00 0.00 0.00 41.51
197 45.43 0.00 1.08 12.37 0.00 0.54 0.00 0.00 0.00 40.59
198 26.65 0.00 0.25 5.08 0.00 0.00 0.00 0.00 0.00 68.02
199 75.00 0.00 1.01 11.36 0.00 0.51 0.00 0.00 0.00 12.12
200 28.68 0.00 0.51 22.59 0.00 0.00 0.00 0.00 0.00 48.22
201 18.09 0.00 0.50 2.01 0.00 0.00 0.00 0.00 0.00 79.40
202 52.03 0.00 0.51 8.63 0.00 0.00 0.00 0.00 0.00 38.83
203 24.69 0.00 0.00 8.06 0.00 0.00 0.00 0.00 0.00 67.25
204 25.06 0.00 0.25 1.50 0.00 0.00 0.00 0.00 0.00 73.18
205 24.87 0.00 0.25 4.77 0.00 0.00 0.00 0.00 0.00 70.10
206 43.91 0.00 0.51 12.44 0.00 0.00 0.00 0.00 0.00 43.15
207 28.86 0.00 1.52 10.63 0.00 0.00 0.00 0.00 0.00 58.99
208 37.95 0.00 1.54 43.33 0.00 0.00 0.00 0.00 0.00 17.18
209 72.31 0.00 1.03 14.10 0.00 0.26 0.51 0.00 0.00 11.79
210 96.61 0.00 2.09 0.52 0.00 0.52 0.00 0.00 0.00 0.26
211 97.41 0.00 1.55 0.00 0.00 0.52 0.00 0.00 0.00 0.52
212 77.93 0.00 3.81 16.89 0.00 0.82 0.27 0.00 0.00 0.27
213 78.46 0.00 2.93 18.35 0.00 0.27 0.00 0.00 0.00 0.00
214 54.43 0.00 1.52 43.80 0.00 0.00 0.25 0.00 0.00 0.00
215 21.54 0.00 1.54 76.92 0.00 0.00 0.00 0.00 0.00 0.00
216 49.49 0.00 1.79 48.47 0.00 0.26 0.00 0.00 0.00 0.00
217 36.34 0.00 3.35 60.31 0.00 0.00 0.00 0.00 0.00 0.00
218 66.07 0.00 3.57 30.36 0.00 0.00 0.00 0.00 0.00 0.00
219 21.83 0.00 1.02 70.81 0.00 0.00 0.00 0.00 0.00 6.35
220 4.79 0.00 1.51 93.45 0.00 0.00 0.25 0.00 0.00 0.00
221 0.51 0.00 1.77 82.28 0.00 0.25 0.25 0.00 0.00 14.94
222 0.51 0.00 0.76 98.22 0.00 0.00 0.00 0.00 0.00 0.51
223 0.76 0.00 1.27 88.10 0.00 0.00 0.25 0.00 0.00 9.62
224 3.83 0.00 1.02 84.18 0.00 0.00 0.26 0.00 0.00 10.71
225 11.76 0.00 1.02 83.63 0.00 0.00 0.00 0.00 0.00 3.58
226 14.21 0.00 2.28 61.93 0.00 0.25 0.00 0.00 0.00 21.32
227 15.74 0.00 2.03 81.73 0.00 0.00 0.25 0.00 0.00 0.25
228 48.34 0.00 0.77 46.55 0.00 0.26 0.26 0.00 0.00 3.84
229 24.29 0.00 0.78 41.86 0.00 0.00 0.00 0.00 0.00 33.07
230 21.57 0.00 1.27 50.51 0.00 0.00 0.00 0.00 0.00 26.65
231 17.14 0.00 1.02 51.41 0.00 0.26 0.00 0.00 0.00 30.18
232 47.72 0.00 0.76 32.74 0.00 0.00 0.25 0.00 0.00 18.53
233 27.14 0.00 0.50 3.52 0.00 0.00 0.00 0.00 0.00 68.84
234 25.32 0.00 0.25 0.25 0.00 0.00 0.25 0.00 0.00 73.92
235 24.11 0.00 1.52 49.49 0.00 0.00 0.00 0.00 0.00 24.87
236 8.40 0.00 0.76 83.46 0.00 0.00 0.00 0.00 0.00 7.38
237 12.15 0.00 0.76 62.03 0.00 0.00 0.00 0.00 0.00 25.06
238 36.90 0.00 1.02 39.19 0.00 0.00 0.25 0.00 0.00 22.65
239 60.31 0.00 1.02 21.88 0.00 0.25 0.25 0.00 0.00 16.28
240 55.30 0.00 1.29 26.61 0.00 0.26 0.00 0.00 0.00 16.54
241 53.96 0.00 0.26 42.46 0.00 0.00 0.00 0.00 0.00 3.32
242 22.53 0.00 0.76 69.87 0.00 0.00 0.00 0.00 0.00 6.84
243 57.95 0.00 1.08 26.15 0.00 0.81 0.27 0.00 0.00 13.75
244 48.97 0.00 0.77 36.67 0.00 0.26 0.26 0.00 0.00 13.08
245 70.65 0.00 0.26 18.70 0.00 0.78 0.00 0.00 0.00 9.61
246 62.56 0.00 0.77 19.49 0.00 0.26 0.00 0.00 0.00 16.92
247 22.78 0.00 0.76 66.33 0.00 0.25 0.00 0.00 0.00 9.87
248 66.75 0.00 1.28 19.69 0.00 0.00 0.26 0.00 0.00 12.02
249 35.95 0.00 1.52 47.85 0.00 0.25 0.00 0.00 0.00 14.43
250 61.08 0.00 3.09 35.31 0.00 0.26 0.00 0.00 0.00 0.26
251 76.52 0.00 2.78 20.20 0.00 0.51 0.00 0.00 0.00 0.00
252 60.28 0.00 2.25 37.18 0.00 0.00 0.00 0.00 0.00 0.28
253 86.67 0.00 2.31 10.51 0.00 0.00 0.26 0.00 0.00 0.26
254 54.73 0.00 2.56 42.71 0.00 0.00 0.00 0.00 0.00 0.00
255 68.27 0.00 3.55 28.17 0.00 0.00 0.00 0.00 0.00 0.00
256 33.16 0.00 2.03 64.81 0.00 0.00 0.00 0.00 0.00 0.00
257 67.10 0.00 2.06 30.59 0.00 0.00 0.26 0.00 0.00 0.00
258 42.60 0.00 3.64 50.39 0.00 0.26 0.00 0.00 0.00 3.12
259 20.97 0.00 3.07 64.19 0.00 0.00 0.00 0.00 0.00 11.76
260 0.51 0.00 1.77 97.47 0.00 0.00 0.00 0.00 0.00 0.25
261 0.25 0.00 1.52 70.05 0.00 0.00 0.00 0.00 0.00 28.17
262 0.51 0.00 1.02 49.24 0.00 0.00 0.00 0.00 0.00 49.24
263 0.75 0.00 0.75 52.50 0.00 0.00 0.25 0.00 0.00 45.75
264 0.25 0.00 1.01 27.89 0.00 0.00 0.00 0.00 0.00 70.85
265 0.00 0.00 0.51 46.08 0.00 0.00 0.00 0.00 0.00 53.42
266 0.25 0.00 0.25 50.75 0.00 0.00 0.00 0.00 0.00 48.74
267 0.25 0.00 0.76 51.77 0.00 0.00 0.00 0.00 0.00 47.22
268 0.00 0.00 0.50 49.50 0.00 0.00 0.00 0.00 0.00 50.00
269 0.25 0.00 0.50 31.66 0.00 0.00 0.00 0.00 0.00 67.59
270 0.00 0.00 0.25 26.38 0.00 0.00 0.00 0.00 0.00 73.37
271 0.75 0.00 0.75 24.87 0.00 0.00 0.00 0.00 0.00 73.62
272 0.25 0.00 0.00 9.82 0.00 0.00 0.00 0.00 0.00 89.92
273 2.57 0.00 0.51 34.19 0.00 0.00 0.00 0.00 0.00 62.72
274 50.00 0.00 1.81 38.86 0.00 0.52 0.52 0.00 0.00 8.29
275 47.22 0.00 0.25 1.52 0.00 0.51 0.00 0.00 0.00 50.51
276 31.03 0.00 1.79 9.74 0.00 0.26 0.00 0.00 0.00 57.18
277 75.68 0.00 4.64 17.49 0.00 0.55 0.00 0.00 0.00 1.64
278 98.64 0.00 1.09 0.00 0.00 0.27 0.00 0.00 0.00 0.00
279 96.73 0.00 1.76 0.25 0.00 0.00 0.00 0.00 0.00 1.26
280 97.97 0.00 1.27 0.25 0.00 0.25 0.00 0.00 0.00 0.25
281 97.56 0.00 0.27 1.36 0.00 0.00 0.00 0.00 0.00 0.81
282 92.48 0.00 0.84 1.67 0.00 0.00 0.28 0.00 0.00 4.74
283 93.13 0.00 0.51 2.54 0.00 0.00 0.00 0.00 0.00 3.82
284 97.66 0.00 0.52 0.00 0.00 0.00 0.00 0.00 0.00 1.82
285 99.24 0.00 0.51 0.00 0.00 0.00 0.00 0.00 0.00 0.25
286 99.75 0.00 0.00 0.00 0.00 0.00 0.00 0.00 0.00 0.25
287 99.75 0.00 0.25 0.00 0.00 0.00 0.00 0.00 0.00 0.00
288 97.97 0.00 1.78 0.25 0.00 0.00 0.00 0.00 0.00 0.00
289 98.22 0.00 1.52 0.00 0.00 0.25 0.00 0.00 0.00 0.00
290 95.95 0.00 3.29 0.25 0.00 0.00 0.25 0.00 0.00 0.25
291 81.10 0.00 3.94 11.29 0.00 0.26 0.00 0.00 0.00 3.41
292 56.81 0.00 3.60 34.45 0.00 0.51 0.00 0.00 0.00 4.63
293 70.66 0.00 2.04 24.74 0.00 0.26 0.00 0.00 0.00 2.30
294 85.53 0.00 2.79 3.55 0.00 0.25 0.00 0.00 0.00 7.87
295 83.84 0.00 0.76 2.27 0.00 0.25 0.00 0.00 0.00 12.88
296 46.98 0.00 0.25 0.75 0.00 0.00 0.00 0.00 0.00 52.01
297 84.91 0.00 0.51 8.44 0.00 0.51 0.00 0.00 0.00 5.63
298 93.89 0.00 0.51 0.76 0.00 0.76 0.00 0.00 0.00 4.07
299 94.92 0.00 1.27 0.00 0.00 0.25 0.00 0.00 0.00 3.55
300 98.99 0.00 0.25 0.00 0.00 0.00 0.00 0.00 0.00 0.76
301 98.23 0.00 0.51 0.00 0.00 0.00 0.00 0.00 0.00 1.27
302 98.98 0.00 0.26 0.00 0.00 0.00 0.00 0.00 0.00 0.77
303 95.34 0.00 2.07 1.55 0.00 0.00 0.00 0.00 0.00 1.04
304 97.98 0.00 2.02 0.00 0.00 0.00 0.00 0.00 0.00 0.00
305 96.73 0.00 2.02 0.25 0.00 0.25 0.00 0.00 0.00 0.76
306 93.95 0.00 2.77 2.02 0.00 0.00 0.00 0.00 0.00 1.26
307 75.57 0.00 1.78 21.63 0.00 0.25 0.00 0.00 0.00 0.76
308 83.21 0.00 2.29 12.21 0.00 0.25 0.00 0.00 0.00 2.04
309 94.68 0.00 1.77 3.04 0.00 0.25 0.00 0.00 0.00 0.25
310 91.67 0.00 0.51 4.04 0.00 0.25 0.00 0.00 0.00 3.54
311 71.54 0.00 1.01 7.56 0.00 0.00 0.00 0.00 0.00 19.90
312 19.46 0.00 0.00 4.32 0.00 0.00 0.00 0.00 0.00 76.22
313 25.06 0.00 0.25 0.50 0.00 0.00 0.00 0.00 0.00 74.19
314 24.49 0.00 0.00 1.01 0.00 0.00 0.00 0.00 0.00 74.49
315 31.06 0.00 0.51 2.53 0.00 0.00 0.00 0.00 0.00 65.91
316 94.88 0.00 2.05 1.79 0.00 0.51 0.00 0.00 0.00 0.77
317 96.69 0.00 2.04 0.25 0.00 0.25 0.00 0.00 0.00 0.76
318 95.55 0.00 1.83 2.62 0.00 0.00 0.00 0.00 0.00 0.00
319 84.91 0.00 1.89 12.40 0.00 0.27 0.00 0.00 0.00 0.54
320 81.33 0.00 1.79 16.37 0.00 0.26 0.00 0.00 0.00 0.26
321 79.53 0.00 1.31 16.01 0.00 0.26 0.00 0.00 0.00 2.89
322 92.89 0.00 0.76 5.33 0.00 0.51 0.00 0.00 0.00 0.51
323 95.45 0.00 2.02 0.25 0.00 0.51 0.25 0.00 0.00 1.52
324 80.31 0.00 1.79 9.97 0.00 0.00 0.00 0.00 0.00 7.93
325 84.60 0.00 2.53 3.03 0.00 0.51 0.00 0.00 0.00 9.34
326 95.69 0.00 1.78 1.78 0.00 0.25 0.00 0.00 0.00 0.51
327 85.50 0.00 1.78 1.53 0.00 0.51 0.00 0.00 0.00 10.69
328 24.24 0.00 0.25 0.51 0.00 0.00 0.00 0.00 0.00 75.00
329 25.06 0.00 0.00 0.50 0.00 0.00 0.00 0.00 0.00 74.44
330 25.06 0.00 0.00 1.25 0.00 0.00 0.00 0.00 0.00 73.68
331 25.00 0.00 0.00 0.51 0.00 0.00 0.00 0.00 0.00 74.49
332 96.67 0.00 1.28 0.26 0.00 0.00 0.00 0.00 0.00 1.79
333 98.93 0.00 0.80 0.00 0.00 0.00 0.00 0.00 0.00 0.27
334 98.24 0.00 1.51 0.00 0.00 0.00 0.00 0.00 0.00 0.25
335 97.73 0.00 1.52 0.25 0.00 0.00 0.00 0.00 0.00 0.51
336 91.86 0.00 1.78 4.83 0.00 0.25 0.00 0.00 0.00 1.27
337 80.25 0.00 1.52 14.68 0.00 0.51 0.00 0.00 0.00 3.04
338 98.46 0.00 1.29 0.00 0.00 0.26 0.00 0.00 0.00 0.00
339 73.81 0.00 0.79 8.47 0.00 0.00 0.00 0.00 0.00 16.93
340 23.53 0.00 0.26 15.09 0.00 0.00 0.00 0.00 0.00 61.13
341 24.75 0.00 0.25 17.93 0.00 0.00 0.00 0.00 0.00 57.07
342 24.87 0.00 0.50 8.79 0.00 0.00 0.00 0.00 0.00 65.83
343 24.94 0.00 0.00 0.50 0.00 0.00 0.00 0.00 0.00 74.56
344 24.87 0.00 0.25 2.01 0.00 0.00 0.00 0.00 0.00 72.86
345 51.41 0.00 0.77 0.00 0.00 0.26 0.00 0.00 0.00 47.57
346 94.16 0.00 1.78 0.76 0.00 1.52 0.25 0.00 0.00 1.52
347 30.65 0.00 0.00 0.25 0.00 0.00 0.00 0.00 0.00 69.10
348 25.19 0.00 0.00 1.51 0.00 0.00 0.00 0.00 0.00 73.30
349 24.94 0.00 0.00 0.50 0.00 0.00 0.00 0.00 0.00 74.56
350 24.94 0.00 0.75 1.50 0.00 0.00 0.00 0.00 0.00 72.82
351 34.01 0.00 0.00 0.50 0.00 0.00 0.00 0.00 0.00 65.49
352 79.24 0.00 1.27 0.00 0.00 0.25 0.00 0.00 0.00 19.24
353 25.06 0.00 0.25 0.25 0.00 0.00 0.00 0.00 0.00 74.44
354 24.44 0.00 1.00 0.75 0.00 0.00 0.00 0.00 0.00 73.82
355 24.69 0.00 0.25 0.76 0.00 0.00 0.00 0.00 0.00 74.31
356 25.13 0.00 0.00 2.26 0.00 0.00 0.00 0.00 0.00 72.61
357 24.75 0.00 0.00 9.09 0.00 0.00 0.00 0.00 0.00 66.16
358 66.24 0.00 3.55 0.25 0.00 0.25 0.00 0.00 0.00 29.70
359 65.90 0.00 1.02 2.29 0.00 0.25 0.00 0.00 0.00 30.53
360 25.06 0.00 0.25 1.00 0.00 0.00 0.00 0.00 0.00 73.68
361 25.06 0.00 0.00 0.25 0.00 0.00 0.00 0.00 0.00 74.69
362 25.13 0.00 0.75 1.01 0.00 0.00 0.00 0.00 0.00 73.12
363 27.53 0.00 0.00 5.81 0.00 0.25 0.25 0.00 0.00 66.16
364 96.15 0.00 1.28 1.79 0.00 0.77 0.00 0.00 0.00 0.00
365 98.49 0.00 0.76 0.25 0.00 0.00 0.00 0.00 0.00 0.50
366 98.22 0.00 0.51 0.25 0.00 0.51 0.25 0.00 0.00 0.25
367 98.21 0.00 0.51 0.26 0.00 0.00 0.00 0.00 0.00 1.02
368 97.17 0.00 0.77 1.54 0.00 0.00 0.00 0.00 0.00 0.51
369 26.82 0.00 0.25 0.50 0.00 0.00 0.00 0.00 0.00 72.43
370 24.75 0.00 0.25 1.01 0.00 0.00 0.00 0.00 0.00 73.99
371 24.87 0.00 0.25 2.01 0.00 0.00 0.00 0.00 0.00 72.86
372 25.06 0.00 0.25 3.76 0.00 0.00 0.00 0.00 0.00 70.93
373 64.48 0.00 0.50 2.52 0.00 0.25 0.25 0.00 0.00 31.99
374 94.43 0.00 1.27 0.76 0.00 0.25 0.00 0.00 0.00 3.29
375 97.21 0.00 0.51 1.52 0.00 0.00 0.00 0.00 0.00 0.76
376 97.46 0.00 0.76 0.00 0.00 0.00 0.00 0.00 0.00 1.78
377 96.94 0.00 1.28 0.26 0.00 0.00 0.00 0.00 0.00 1.53
378 88.55 0.00 0.76 0.51 0.00 0.00 0.00 0.00 0.00 10.18
379 97.20 0.00 0.51 1.02 0.00 0.00 0.00 0.00 0.00 1.27
380 60.25 0.00 0.51 1.27 0.00 0.00 0.00 0.00 0.00 37.97
381 24.87 0.00 0.00 0.50 0.00 0.00 0.25 0.00 0.00 74.37
382 24.81 0.00 0.25 0.50 0.00 0.00 0.00 0.00 0.00 74.44
383 25.19 0.00 0.00 35.22 0.00 0.00 0.00 0.00 0.00 39.59
384 78.37 0.00 0.25 1.02 0.00 0.00 0.25 0.00 0.00 20.10
385 97.94 0.00 0.77 0.00 0.00 0.00 0.00 0.00 0.00 1.29
386 95.96 0.00 1.26 1.52 0.00 0.00 0.00 0.00 0.00 1.26
387 99.24 0.00 0.51 0.00 0.00 0.00 0.00 0.00 0.00 0.25
388 98.97 0.00 0.77 0.00 0.00 0.26 0.00 0.00 0.00 0.00
389 97.74 0.00 1.76 0.00 0.00 0.00 0.00 0.00 0.00 0.50
390 95.47 0.00 3.27 0.00 0.00 0.00 0.00 0.00 0.00 1.26
391 84.77 0.00 2.03 0.00 0.00 0.00 0.00 0.00 0.00 13.20
392 71.03 0.00 1.28 1.03 0.00 0.00 0.00 0.00 0.00 26.67
393 41.71 0.00 1.01 2.01 0.00 0.00 0.00 0.00 0.00 55.28
394 24.81 0.00 0.50 3.51 0.00 0.00 0.00 0.00 0.00 71.18
395 15.19 0.00 0.76 18.23 0.00 0.00 0.00 0.00 0.00 65.82
396 28.13 0.00 1.53 70.08 0.00 0.26 0.00 0.00 0.00 0.00
397 8.79 0.00 0.52 90.70 0.00 0.00 0.00 0.00 0.00 0.00
398 27.39 0.00 1.03 71.32 0.00 0.26 0.00 0.00 0.00 0.00
399 88.72 0.00 0.51 10.26 0.00 0.26 0.00 0.00 0.00 0.26
400 95.94 0.00 1.78 0.00 0.00 0.76 0.00 0.00 0.00 1.52
401 98.25 0.00 0.25 0.25 0.00 0.00 0.25 0.00 0.00 1.00
402 97.22 0.00 0.76 0.00 0.00 0.00 0.00 0.00 0.00 2.03
403 99.74 0.00 0.00 0.00 0.00 0.00 0.00 0.00 0.00 0.26
404 99.24 0.00 0.25 0.00 0.00 0.00 0.00 0.00 0.00 0.51
405 100.00 0.00 0.00 0.00 0.00 0.00 0.00 0.00 0.00 0.00
406 98.73 0.00 1.27 0.00 0.00 0.00 0.00 0.00 0.00 0.00
407 95.90 0.00 2.82 1.28 0.00 0.00 0.00 0.00 0.00 0.00
408 95.89 0.00 2.57 0.77 0.00 0.00 0.00 0.00 0.00 0.77
409 76.90 0.00 2.54 0.25 0.00 0.00 0.00 0.00 0.00 20.30
410 54.96 0.00 4.58 15.78 0.00 0.25 0.25 0.00 0.00 24.17
411 32.87 0.00 0.84 51.69 0.00 0.00 0.00 0.00 0.00 14.61
412 14.36 0.00 1.01 84.63 0.00 0.00 0.00 0.00 0.00 0.00
413 22.61 0.00 0.75 51.26 0.00 0.00 0.00 0.00 0.00 25.38
414 24.94 0.00 0.76 59.54 0.00 0.00 0.00 0.00 0.00 14.76
415 62.60 0.00 0.76 24.17 0.00 0.25 0.00 0.00 0.00 12.21
416 52.79 0.00 6.09 12.44 0.00 0.00 0.00 0.00 0.00 28.68
417 24.69 0.00 0.25 31.99 0.00 0.00 0.00 0.00 0.00 43.07
418 27.92 0.00 0.57 32.38 0.00 0.11 0.11 0.00 0.00 38.90
419 55.90 0.00 0.51 17.69 0.00 0.00 0.00 0.00 0.00 25.90
420 83.04 0.00 0.76 6.33 0.00 1.01 0.25 0.00 0.00 8.61
421 89.24 0.00 1.05 8.40 0.00 0.52 0.00 0.00 0.00 0.79
422 82.87 0.00 0.83 10.22 0.00 0.55 0.55 0.00 0.00 4.97
423 89.84 0.00 3.48 4.28 0.00 1.07 0.27 0.00 0.00 1.07
424 97.47 0.00 0.76 0.00 0.00 0.51 0.00 0.00 0.00 1.27
425 97.70 0.00 1.53 0.00 0.00 0.00 0.00 0.00 0.00 0.77
426 93.81 0.00 2.06 2.84 0.00 0.52 0.00 0.00 0.00 0.77
427 99.23 0.00 0.26 0.00 0.00 0.00 0.00 0.00 0.00 0.51
428 94.67 0.00 2.03 0.25 0.00 0.00 0.00 0.00 0.00 3.05
429 98.48 0.00 0.61 0.00 0.00 0.00 0.00 0.00 0.00 0.91
430 97.63 0.00 0.89 1.18 0.00 0.00 0.30 0.00 0.00 0.00
431 94.97 0.00 1.68 0.28 0.00 0.00 0.00 0.00 0.00 3.07
432 97.96 0.00 1.53 0.25 0.00 0.25 0.00 0.00 0.00 0.00
433 83.46 0.00 2.29 14.25 0.00 0.00 0.00 0.00 0.00 0.00
434 95.47 0.00 2.27 0.50 0.00 0.25 0.00 0.00 0.00 1.51
435 92.64 0.00 3.30 3.55 0.00 0.25 0.00 0.00 0.00 0.25
436 90.00 0.00 2.31 6.67 0.00 0.77 0.00 0.00 0.00 0.26
437 93.37 0.00 2.81 1.28 0.00 0.77 0.00 0.00 0.00 1.79
438 97.72 0.00 1.01 0.76 0.00 0.00 0.00 0.00 0.00 0.51
439 98.98 0.00 0.76 0.00 0.00 0.00 0.00 0.00 0.00 0.25
440 87.06 0.00 1.02 2.28 0.00 0.25 0.00 0.00 0.00 9.39
441 89.49 0.00 1.03 0.00 0.00 0.00 0.00 0.00 0.00 9.49
442 86.70 0.00 1.53 9.46 0.00 0.77 0.00 0.00 0.00 1.53
443 93.06 0.00 1.03 4.37 0.00 0.51 0.00 0.00 0.00 1.03
444 89.23 0.00 1.54 7.69 0.00 0.77 0.26 0.00 0.00 0.51
445 77.86 0.00 1.78 0.00 0.00 0.00 0.00 0.00 0.00 20.36
446 77.00 0.00 1.55 1.55 0.00 0.00 0.00 0.00 0.00 19.90
447 61.52 0.00 0.25 17.72 0.00 0.00 0.00 0.00 0.00 20.51
448 60.91 0.00 0.76 15.74 0.00 0.25 0.00 0.00 0.00 22.34
449 87.85 0.00 0.51 10.89 0.00 0.51 0.00 0.00 0.00 0.25
450 94.70 0.00 0.25 5.05 0.00 0.00 0.00 0.00 0.00 0.00
451 97.21 0.00 1.02 1.02 0.00 0.00 0.25 0.00 0.00 0.51
452 98.96 0.00 1.04 0.00 0.00 0.00 0.00 0.00 0.00 0.00
453 95.95 0.00 3.04 0.51 0.00 0.00 0.00 0.00 0.00 0.51
454 97.97 0.00 1.52 0.25 0.00 0.00 0.00 0.00 0.00 0.25
455 92.25 0.00 1.03 3.62 0.00 0.52 0.00 0.00 0.00 2.58
456 78.84 0.00 1.01 2.02 0.00 0.00 0.00 0.00 0.00 18.14
457 45.84 0.00 0.76 15.62 0.00 0.25 0.00 0.00 0.00 37.53
458 24.43 0.00 0.25 28.72 0.00 0.25 0.00 0.00 0.00 46.35
459 24.69 0.00 0.25 24.94 0.00 0.00 0.00 0.00 0.00 50.13
460 24.56 0.00 0.25 44.81 0.00 0.00 0.25 0.00 0.00 30.13
461 24.37 0.00 1.02 22.59 0.00 0.00 0.00 0.00 0.00 52.03
462 27.02 0.00 0.25 4.55 0.00 0.25 0.00 0.00 0.00 67.93
463 85.09 0.00 2.83 11.05 0.00 0.00 0.00 0.00 0.00 1.03
464 88.46 0.00 1.03 9.49 0.00 0.51 0.00 0.00 0.00 0.51
465 89.03 0.00 4.59 5.36 0.00 0.51 0.00 0.00 0.00 0.51
466 93.65 0.00 3.05 2.54 0.00 0.51 0.00 0.00 0.00 0.25
467 96.21 0.00 1.58 0.32 0.00 0.63 0.32 0.00 0.00 0.95
468 97.80 0.00 0.83 0.55 0.00 0.00 0.00 0.00 0.00 0.83
469 84.57 0.00 1.23 8.33 0.00 0.31 0.31 0.00 0.00 5.25
470 63.64 0.00 3.03 31.82 0.00 0.51 0.00 0.00 0.00 1.01
471 38.72 0.00 1.28 59.74 0.00 0.26 0.00 0.00 0.00 0.00
472 70.38 0.00 1.01 21.77 0.00 0.25 0.00 0.00 0.00 6.58
473 89.62 0.00 1.52 8.10 0.00 0.25 0.00 0.00 0.00 0.51
474 90.10 0.00 1.02 7.36 0.00 0.76 0.00 0.00 0.00 0.76
475 97.21 0.00 1.02 0.51 0.00 0.00 0.25 0.00 0.00 1.02
476 97.72 0.00 1.01 0.76 0.00 0.25 0.00 0.00 0.00 0.25
477 85.75 0.00 1.78 0.76 0.00 0.00 0.00 0.00 0.00 11.70
478 82.44 0.00 1.27 0.25 0.00 0.00 0.00 0.00 0.00 16.03
479 79.07 0.00 1.03 10.59 0.00 0.26 0.00 0.00 0.00 9.04
480 96.42 0.00 1.28 1.28 0.00 0.00 0.00 0.00 0.00 1.02
481 94.62 0.00 2.31 1.28 0.00 0.77 0.00 0.00 0.00 1.03
482 95.90 0.00 2.56 0.51 0.00 0.00 0.00 0.00 0.00 1.03
483 97.12 0.00 1.83 0.00 0.00 0.26 0.26 0.00 0.00 0.52
484 98.11 0.00 0.54 0.00 0.00 0.00 0.00 0.00 0.00 1.35
485 72.84 0.00 2.03 24.11 0.00 0.25 0.00 0.00 0.00 0.76
486 84.53 0.00 1.33 14.13 0.00 0.00 0.00 0.00 0.00 0.00
487 97.01 0.00 1.63 0.54 0.00 0.27 0.00 0.00 0.00 0.54
488 93.57 0.00 1.29 4.11 0.00 0.00 0.00 0.00 0.00 1.03
489 78.12 0.00 1.02 7.38 0.00 0.00 0.25 0.00 0.00 13.23
490 24.56 0.00 1.01 23.04 0.00 0.00 0.00 0.00 0.00 51.39
491 24.69 0.00 0.50 2.52 0.00 0.00 0.00 0.00 0.00 72.29
492 25.13 0.00 0.25 1.78 0.00 0.00 0.00 0.00 0.00 72.84
493 24.49 0.00 0.25 1.52 0.00 0.00 0.00 0.00 0.00 73.74
494 25.13 0.00 0.25 3.27 0.00 0.00 0.00 0.00 0.00 71.36
495 24.69 0.00 0.50 1.26 0.00 0.00 0.00 0.00 0.00 73.55
496 70.10 0.00 1.29 15.98 0.00 0.26 0.00 0.00 0.00 12.37
497 78.53 0.00 3.14 17.28 0.00 0.00 0.00 0.00 0.00 1.05
498 86.80 0.00 2.28 10.41 0.00 0.00 0.00 0.00 0.00 0.51
499 73.08 0.00 2.82 10.77 0.00 0.00 0.00 0.00 0.00 13.33
500 28.39 0.00 0.25 9.05 0.00 0.00 0.25 0.00 0.00 62.06
501 25.25 0.00 0.51 21.46 0.00 0.00 0.00 0.00 0.00 52.78
502 24.75 0.00 0.25 42.68 0.00 0.00 0.00 0.00 0.00 32.32
503 34.96 0.00 1.03 35.48 0.00 0.26 0.00 0.00 0.00 28.28
504 24.75 0.00 0.76 17.42 0.00 0.25 0.00 0.00 0.00 56.82
505 23.43 0.00 1.76 0.25 0.00 0.00 0.00 0.00 0.00 74.56
506 23.35 0.00 0.51 1.27 0.00 0.00 0.00 0.00 0.00 74.87
507 0.25 0.00 0.25 2.26 0.00 0.00 0.00 0.00 0.00 97.24
508 0.00 0.00 0.25 1.26 0.00 0.00 0.00 0.00 0.00 98.49
509 0.00 0.00 0.25 2.52 0.00 0.00 0.00 0.00 0.00 97.23
510 0.00 0.00 0.25 1.26 0.00 0.00 0.00 0.00 0.00 98.49
511 0.00 0.00 0.25 1.77 0.00 0.00 0.00 0.00 0.00 97.98
512 0.25 0.00 0.50 5.03 0.00 0.00 0.00 0.00 0.00 94.22
513 0.00 0.00 0.00 0.25 0.00 0.00 0.25 0.00 0.00 99.50
514 0.25 0.00 0.25 2.76 0.00 0.00 0.00 0.00 0.00 96.74
515 0.25 0.00 0.00 2.51 0.00 0.00 0.00 0.00 0.00 97.24
516 0.00 0.00 0.00 1.01 0.00 0.00 0.00 0.00 0.00 98.99
517 0.00 0.00 0.00 4.04 0.00 0.00 0.00 0.00 0.00 95.96
518 0.25 0.00 1.00 18.30 0.00 0.25 0.00 0.00 0.00 80.20
519 0.00 0.00 0.00 1.01 0.00 0.00 0.00 0.00 0.00 98.99
520 7.65 0.00 0.51 47.70 0.00 0.26 0.26 0.00 0.00 43.62
521 8.63 0.00 1.02 90.36 0.00 0.00 0.00 0.00 0.00 0.00
522 13.99 0.00 1.04 84.72 0.00 0.00 0.26 0.00 0.00 0.00
523 8.70 0.00 1.02 89.77 0.00 0.26 0.26 0.00 0.00 0.00
524 11.03 0.00 1.03 87.95 0.00 0.00 0.00 0.00 0.00 0.00
525 38.80 0.00 0.52 60.42 0.00 0.00 0.00 0.00 0.00 0.26
526 84.36 0.00 0.77 14.62 0.00 0.26 0.00 0.00 0.00 0.00
527 71.91 0.00 0.26 13.40 0.00 0.26 0.00 0.00 0.00 14.18
528 80.71 0.00 0.51 0.76 0.00 0.25 0.00 0.00 0.00 17.77
529 80.52 0.00 0.26 0.00 0.00 0.00 0.00 0.00 0.00 19.22
530 93.91 0.00 0.25 0.00 0.00 0.00 0.00 0.00 0.00 5.84
531 99.49 0.00 0.51 0.00 0.00 0.00 0.00 0.00 0.00 0.00
532 100.00 0.00 0.00 0.00 0.00 0.00 0.00 0.00 0.00 0.00
533 96.48 0.00 1.51 2.01 0.00 0.00 0.00 0.00 0.00 0.00
534 95.61 0.00 3.10 0.52 0.00 0.00 0.26 0.00 0.00 0.52
535 95.98 0.00 3.27 0.00 0.00 0.50 0.00 0.00 0.00 0.25
536 90.61 0.00 2.03 6.35 0.00 0.00 0.00 0.00 0.00 1.02
537 42.42 0.00 1.77 49.49 0.00 0.00 0.00 0.00 0.00 6.31
538 40.77 0.00 3.08 55.64 0.00 0.00 0.00 0.00 0.00 0.51
539 22.96 0.00 1.28 75.77 0.00 0.00 0.00 0.00 0.00 0.00
540 6.08 0.00 0.76 93.16 0.00 0.00 0.00 0.00 0.00 0.00
541 12.47 0.00 0.25 87.02 0.00 0.00 0.25 0.00 0.00 0.00
542 39.59 0.00 1.54 58.35 0.00 0.26 0.00 0.00 0.00 0.26
543 20.61 0.00 1.27 78.12 0.00 0.00 0.00 0.00 0.00 0.00
544 23.59 0.00 1.54 74.62 0.00 0.26 0.00 0.00 0.00 0.00
545 43.19 0.00 1.03 48.59 0.00 0.00 0.26 0.00 0.00 6.94
546 75.90 0.00 1.28 17.95 0.00 0.26 0.00 0.00 0.00 4.62
547 85.79 0.00 0.78 7.24 0.00 1.29 0.00 0.00 0.00 4.91
548 93.15 0.00 1.52 0.00 0.00 0.51 0.00 0.00 0.00 4.82
549 98.48 0.00 0.25 0.76 0.00 0.51 0.00 0.00 0.00 0.00
550 37.53 0.00 1.51 51.13 0.00 0.25 0.00 0.00 0.00 9.57
551 3.54 0.00 0.51 74.18 0.00 0.00 0.00 0.00 0.00 21.77
552 30.48 0.00 0.50 62.47 0.00 0.76 0.00 0.00 0.00 5.79
553 15.03 0.00 0.52 84.20 0.00 0.00 0.26 0.00 0.00 0.00
554 24.23 0.00 1.28 61.48 0.00 0.51 0.00 0.00 0.00 12.50
555 45.69 0.00 0.51 5.58 0.00 0.00 0.25 0.00 0.00 47.97
556 25.00 0.00 0.25 3.03 0.00 0.00 0.00 0.00 0.00 71.72
557 25.13 0.00 0.25 7.79 0.00 0.00 0.00 0.00 0.00 66.83
558 25.13 0.00 0.00 3.27 0.00 0.00 0.00 0.00 0.00 71.61
559 62.95 0.00 1.30 3.89 0.00 0.26 0.00 0.00 0.00 31.61
560 90.16 0.00 2.07 5.18 0.00 0.52 0.00 0.00 0.00 2.07
561 95.14 0.00 1.53 0.26 0.00 1.53 0.00 0.00 0.00 1.53
562 96.95 0.00 1.27 0.25 0.00 0.51 0.00 0.00 0.00 1.02
563 97.47 0.00 1.01 1.01 0.00 0.00 0.00 0.00 0.00 0.51
564 99.49 0.00 0.25 0.00 0.00 0.25 0.00 0.00 0.00 0.00
565 94.86 0.00 1.08 4.05 0.00 0.00 0.00 0.00 0.00 0.00
566 90.89 0.00 2.53 6.08 0.00 0.51 0.00 0.00 0.00 0.00
567 96.65 0.00 2.58 0.26 0.00 0.00 0.26 0.00 0.00 0.26
568 96.68 0.00 2.81 0.00 0.00 0.00 0.00 0.00 0.00 0.51
569 88.75 0.00 2.30 8.18 0.00 0.51 0.00 0.00 0.00 0.26
570 57.11 0.00 2.28 40.10 0.00 0.25 0.00 0.00 0.00 0.25
571 43.93 0.00 1.03 55.04 0.00 0.00 0.00 0.00 0.00 0.00
572 33.68 0.00 1.80 64.52 0.00 0.00 0.00 0.00 0.00 0.00
573 57.85 0.00 3.40 37.43 0.00 0.79 0.00 0.00 0.00 0.52
574 79.18 0.00 3.60 16.20 0.00 0.51 0.26 0.00 0.00 0.26
575 91.21 0.00 4.13 2.84 0.00 1.29 0.00 0.00 0.00 0.52
576 95.41 0.00 1.28 1.53 0.00 1.53 0.00 0.00 0.00 0.26
577 94.60 0.00 1.80 0.51 0.00 1.54 0.00 0.00 0.00 1.54
578 43.32 0.00 3.02 17.13 0.00 0.00 0.00 0.00 0.00 36.52
579 24.94 0.00 0.00 1.01 0.00 0.00 0.00 0.00 0.00 74.06
580 25.19 0.00 0.00 4.28 0.00 0.00 0.00 0.00 0.00 70.53
581 24.69 0.00 0.25 1.01 0.00 0.00 0.00 0.00 0.00 74.06
582 31.39 0.00 0.00 8.35 0.00 0.25 0.25 0.00 0.00 59.75
583 80.77 0.00 1.03 17.95 0.00 0.00 0.00 0.00 0.00 0.26
584 63.57 0.00 2.07 34.11 0.00 0.26 0.00 0.00 0.00 0.00
585 16.03 0.00 0.76 83.21 0.00 0.00 0.00 0.00 0.00 0.00
586 22.45 0.00 1.53 73.98 0.00 0.26 0.00 0.00 0.00 1.79
587 27.25 0.00 2.06 65.04 0.00 0.00 0.26 0.00 0.00 5.40
588 54.20 0.00 2.04 36.13 0.00 0.51 0.00 0.00 0.00 7.12
589 80.26 0.00 1.56 9.35 0.00 0.00 0.00 0.00 0.00 8.83
590 55.05 0.00 0.25 0.76 0.00 0.00 0.00 0.00 0.00 43.94
591 53.08 0.00 0.26 12.05 0.00 0.26 0.00 0.00 0.00 34.36
592 93.18 0.00 1.01 2.53 0.00 0.25 0.00 0.00 0.00 3.03
593 73.39 0.00 0.54 8.87 0.00 0.00 0.00 0.00 0.00 17.20
594 76.84 0.00 1.27 8.40 0.00 0.25 0.25 0.00 0.00 12.98
595 97.97 0.00 0.51 1.02 0.00 0.25 0.00 0.00 0.00 0.25
596 85.46 0.00 2.30 11.73 0.00 0.51 0.00 0.00 0.00 0.00
597 92.54 0.00 1.29 5.91 0.00 0.00 0.00 0.00 0.00 0.26
598 97.20 0.00 1.78 0.00 0.00 0.00 0.00 0.00 0.00 1.02
599 96.12 0.00 2.58 1.29 0.00 0.00 0.00 0.00 0.00 0.00
600 94.96 0.00 2.80 1.68 0.00 0.28 0.00 0.00 0.00 0.28
601 83.56 0.00 2.19 13.15 0.00 0.82 0.00 0.00 0.00 0.27
602 81.65 0.00 1.29 16.02 0.00 0.52 0.26 0.00 0.00 0.26
603 86.27 0.00 1.04 11.14 0.00 0.00 0.00 0.00 0.00 1.55
604 90.23 0.00 1.03 4.37 0.00 0.26 0.00 0.00 0.00 4.11
605 82.49 0.00 1.78 1.02 0.00 0.51 0.00 0.00 0.00 14.21
606 95.69 0.00 1.52 2.28 0.00 0.51 0.00 0.00 0.00 0.00
607 94.86 0.00 1.03 3.34 0.00 0.26 0.00 0.00 0.00 0.51
608 93.11 0.00 1.93 4.41 0.00 0.00 0.00 0.00 0.00 0.55
609 66.92 0.00 1.79 6.15 0.00 0.26 0.00 0.00 0.00 24.87
610 25.06 0.00 0.00 0.25 0.00 0.00 0.25 0.00 0.00 74.44
611 24.75 0.00 0.25 13.13 0.00 0.00 0.00 0.00 0.00 61.87
612 24.87 0.00 0.25 14.82 0.00 0.00 0.00 0.00 0.00 60.05
613 25.13 0.00 0.25 6.78 0.00 0.00 0.00 0.00 0.00 67.84
614 67.89 0.00 1.84 29.21 0.00 0.79 0.26 0.00 0.00 0.00
615 80.70 0.00 2.95 14.48 0.00 0.54 0.27 0.00 0.00 1.07
616 79.22 0.00 2.86 13.77 0.00 0.52 0.00 0.00 0.00 3.64
617 87.63 0.00 0.77 11.08 0.00 0.00 0.00 0.00 0.00 0.52
618 97.97 0.00 0.51 0.51 0.00 0.00 0.00 0.00 0.00 1.02
619 97.72 0.00 1.02 0.25 0.00 0.51 0.00 0.00 0.00 0.51
620 97.71 0.00 1.02 0.00 0.00 0.00 0.00 0.00 0.00 1.27
621 89.11 0.00 3.04 0.25 0.00 0.25 0.00 0.00 0.00 7.34
622 67.52 0.00 1.28 26.85 0.00 0.51 0.26 0.00 0.00 3.58
623 86.55 0.00 1.02 11.68 0.00 0.25 0.00 0.00 0.00 0.51
624 76.90 0.00 1.27 21.32 0.00 0.51 0.00 0.00 0.00 0.00
625 37.40 0.00 2.29 41.73 0.00 0.25 0.25 0.00 0.00 18.07
626 35.28 0.00 1.02 55.08 0.00 0.00 0.00 0.00 0.00 8.63
627 51.79 0.00 1.03 19.49 0.00 0.00 0.00 0.00 0.00 27.69
628 94.46 0.00 1.01 0.00 0.00 0.00 0.00 0.00 0.00 4.53
629 91.60 0.00 0.76 0.76 0.00 0.00 0.00 0.00 0.00 6.87
630 82.37 0.00 0.25 0.76 0.00 0.00 0.00 0.00 0.00 16.62
631 75.13 0.00 0.25 2.76 0.00 0.00 0.00 0.00 0.00 21.86
632 75.25 0.00 0.25 7.32 0.00 0.00 0.25 0.00 0.00 16.92
633 73.99 0.00 1.01 2.27 0.00 0.25 0.00 0.00 0.00 22.47
634 73.21 0.00 1.53 1.53 0.00 0.00 0.00 0.00 0.00 23.72
635 72.59 0.00 2.28 2.54 0.00 0.00 0.00 0.00 0.00 22.59
636 70.83 0.00 1.56 7.55 0.00 0.00 0.26 0.00 0.00 19.79
637 47.99 0.00 1.76 11.56 0.00 0.00 0.00 0.00 0.00 38.69
638 10.30 0.00 1.51 37.69 0.00 0.00 0.00 0.00 0.00 50.50
639 1.02 0.00 0.25 45.43 0.00 0.00 0.00 0.00 0.00 53.30
640 13.14 0.00 1.55 83.51 0.00 0.26 0.00 0.00 0.00 1.55
641 9.79 0.00 1.03 89.18 0.00 0.00 0.00 0.00 0.00 0.00
642 12.28 0.00 0.77 86.70 0.00 0.26 0.00 0.00 0.00 0.00
643 24.26 0.00 1.08 55.53 0.00 0.27 0.00 0.00 0.00 18.87
644 21.83 0.00 1.52 67.01 0.00 0.00 0.25 0.00 0.00 9.39
645 34.63 0.00 1.03 64.08 0.00 0.26 0.00 0.00 0.00 0.00
646 71.82 0.00 1.63 26.29 0.00 0.00 0.00 0.00 0.00 0.27
647 32.65 0.00 0.51 41.33 0.00 0.26 0.00 0.00 0.00 25.26
648 36.48 0.00 0.51 17.86 0.00 0.26 0.00 0.00 0.00 44.90
649 46.95 0.00 0.25 3.55 0.00 0.00 0.00 0.00 0.00 49.24
650 72.73 0.00 0.25 1.52 0.00 0.00 0.25 0.00 0.00 25.25
651 98.22 0.00 0.51 0.25 0.00 0.00 0.00 0.00 0.00 1.02
652 97.22 0.00 2.02 0.00 0.00 0.00 0.00 0.00 0.00 0.76
653 98.99 0.00 1.01 0.00 0.00 0.00 0.00 0.00 0.00 0.00
654 96.97 0.00 2.78 0.00 0.00 0.25 0.00 0.00 0.00 0.00
655 93.35 0.00 2.05 1.02 0.00 0.00 0.00 0.00 0.00 3.58
656 93.21 0.00 3.13 3.39 0.00 0.00 0.00 0.00 0.00 0.26
657 86.62 0.00 2.02 8.33 0.00 0.51 0.00 0.00 0.00 2.53
658 72.04 0.00 0.54 23.92 0.00 0.00 0.00 0.00 0.00 3.49
659 47.31 0.00 0.77 51.92 0.00 0.00 0.00 0.00 0.00 0.00
660 27.04 0.00 1.28 60.46 0.00 0.00 0.00 0.00 0.00 11.22
661 70.26 0.00 1.03 22.56 0.00 0.51 0.26 0.00 0.00 5.38
662 82.98 0.00 2.36 12.04 0.00 0.26 0.00 0.00 0.00 2.36
663 94.36 0.00 0.51 4.62 0.00 0.00 0.00 0.00 0.00 0.51
664 93.73 0.00 1.31 4.18 0.00 0.26 0.00 0.00 0.00 0.52
665 86.77 0.00 1.78 8.40 0.00 0.51 0.00 0.00 0.00 2.54
666 64.30 0.00 0.51 34.43 0.00 0.00 0.00 0.00 0.00 0.76
667 53.69 0.00 0.51 45.29 0.00 0.25 0.25 0.00 0.00 0.00
668 78.63 0.00 1.78 18.58 0.00 0.00 0.00 0.00 0.00 1.02
669 51.39 0.00 2.28 37.97 0.00 0.00 0.25 0.00 0.00 8.10
670 53.18 0.00 1.78 45.04 0.00 0.00 0.00 0.00 0.00 0.00
671 79.69 0.00 2.06 17.22 0.00 0.77 0.00 0.00 0.00 0.26
672 80.46 0.00 2.06 17.22 0.00 0.26 0.00 0.00 0.00 0.00
673 57.14 0.00 2.30 40.05 0.00 0.26 0.26 0.00 0.00 0.00
674 54.91 0.00 0.53 44.30 0.00 0.00 0.00 0.00 0.00 0.27
675 58.51 0.00 1.55 39.69 0.00 0.26 0.00 0.00 0.00 0.00
676 54.45 0.00 1.53 44.02 0.00 0.00 0.00 0.00 0.00 0.00
677 36.73 0.00 1.28 61.22 0.00 0.26 0.26 0.00 0.00 0.26
678 13.85 0.00 1.01 85.14 0.00 0.00 0.00 0.00 0.00 0.00
679 2.78 0.00 0.25 96.96 0.00 0.00 0.00 0.00 0.00 0.00
680 29.59 0.00 2.55 64.03 0.00 0.51 0.26 0.00 0.00 3.06
681 62.31 0.00 1.54 35.13 0.00 0.26 0.00 0.00 0.00 0.77
682 35.77 0.00 1.08 60.98 0.00 0.00 0.00 0.00 0.00 2.17
683 67.15 0.00 2.31 29.39 0.00 0.29 0.58 0.00 0.00 0.29
684 91.65 0.00 2.03 6.08 0.00 0.25 0.00 0.00 0.00 0.00
685 94.95 0.00 2.02 2.27 0.00 0.00 0.00 0.00 0.00 0.76
686 84.86 0.00 1.57 7.83 0.00 0.00 0.00 0.00 0.00 5.74
687 64.69 0.00 1.29 11.08 0.00 0.00 0.00 0.00 0.00 22.94
688 63.20 0.00 1.02 19.80 0.00 0.00 0.00 0.00 0.00 15.99
689 49.36 0.00 0.77 34.02 0.00 0.00 0.00 0.00 0.00 15.86
690 49.10 0.00 1.80 18.51 0.00 0.00 0.00 0.00 0.00 30.59
691 49.87 0.00 1.53 28.75 0.00 0.00 0.25 0.00 0.00 19.59
692 48.60 0.00 2.04 29.77 0.00 0.00 0.00 0.00 0.00 19.59
693 40.20 0.00 2.54 25.70 0.00 0.00 0.25 0.00 0.00 31.30
694 36.46 0.00 3.29 47.85 0.00 0.00 0.00 0.00 0.00 12.41
695 29.31 0.00 1.54 68.89 0.00 0.26 0.00 0.00 0.00 0.00
696 19.34 0.00 0.51 79.90 0.00 0.25 0.00 0.00 0.00 0.00
697 29.08 0.00 1.28 63.27 0.00 0.26 0.00 0.00 0.00 6.12
698 54.73 0.00 0.77 32.99 0.00 0.51 0.00 0.00 0.00 11.00
699 76.14 0.00 1.52 17.26 0.00 1.27 0.00 0.00 0.00 3.81
700 28.32 0.00 0.50 49.12 0.00 0.00 0.00 0.00 0.00 22.06
701 18.90 0.00 1.10 53.42 0.00 0.00 0.00 0.00 0.00 26.58
702 16.01 0.00 0.28 30.06 0.00 0.00 0.00 0.00 0.00 53.65
703 24.49 0.00 0.25 0.76 0.00 0.00 0.00 0.00 0.00 74.49
704 29.70 0.00 0.51 0.76 0.00 0.25 0.00 0.00 0.00 68.78
705 92.84 0.00 0.77 1.53 0.00 0.77 0.00 0.00 0.00 4.09
706 57.44 0.00 0.00 39.23 0.00 0.00 0.00 0.00 0.00 3.33
707 43.41 0.00 1.03 54.78 0.00 0.26 0.26 0.00 0.00 0.26
708 11.99 0.00 0.77 86.99 0.00 0.26 0.00 0.00 0.00 0.00
709 8.35 0.00 0.76 70.63 0.00 0.00 0.00 0.00 0.00 20.25
710 27.04 0.00 1.53 52.30 0.00 0.00 0.26 0.00 0.00 18.88
711 14.50 0.00 0.51 60.56 0.00 0.00 0.00 0.00 0.00 24.43
712 25.38 0.00 0.76 61.93 0.00 0.51 0.00 0.00 0.00 11.42
713 23.72 0.00 0.51 16.07 0.00 0.00 0.00 0.00 0.00 59.69
714 12.53 0.00 0.50 33.83 0.00 0.00 0.00 0.00 0.00 53.13
715 0.00 0.00 0.00 7.56 0.00 0.00 0.00 0.00 0.00 92.44
716 0.50 0.00 0.00 8.27 0.00 0.00 0.00 0.00 0.00 91.23
717 0.00 0.00 0.00 7.04 0.00 0.00 0.00 0.00 0.00 92.96
718 0.25 0.00 0.25 13.03 0.00 0.00 0.00 0.00 0.00 86.47
719 0.25 0.00 0.00 4.02 0.00 0.00 0.00 0.00 0.00 95.73
720 0.50 0.00 0.25 8.52 0.00 0.00 0.00 0.00 0.00 90.73
721 0.25 0.00 0.50 15.08 0.00 0.00 0.00 0.00 0.00 84.17
722 0.25 0.00 0.25 14.72 0.00 0.00 0.00 0.00 0.00 84.77
723 38.68 0.00 0.76 16.79 0.00 0.25 0.25 0.00 0.00 43.26
724 43.04 0.00 0.25 8.61 0.00 0.00 0.00 0.00 0.00 48.10
725 81.68 0.00 1.02 9.92 0.00 0.25 0.00 0.00 0.00 7.12
726 95.94 0.00 0.76 2.03 0.00 0.76 0.00 0.00 0.00 0.51
727 96.40 0.00 1.03 1.80 0.00 0.00 0.00 0.00 0.00 0.77
728 87.63 0.00 1.01 3.03 0.00 0.25 0.00 0.00 0.00 8.08
729 74.55 0.00 0.51 0.76 0.00 0.00 0.00 0.00 0.00 24.17
730 74.74 0.00 0.51 11.22 0.00 0.00 0.00 0.00 0.00 13.52
731 95.89 0.00 0.51 0.00 0.00 0.26 0.00 0.00 0.00 3.34
732 99.24 0.00 0.25 0.00 0.00 0.25 0.00 0.00 0.00 0.25
733 97.95 0.00 0.26 0.77 0.00 0.26 0.00 0.00 0.00 0.77
734 96.96 0.00 2.78 0.00 0.00 0.00 0.25 0.00 0.00 0.00
735 95.13 0.00 3.33 1.54 0.00 0.00 0.00 0.00 0.00 0.00
736 96.97 0.00 1.77 0.76 0.00 0.00 0.00 0.00 0.00 0.51
737 74.87 0.00 1.78 20.30 0.00 0.25 0.00 0.00 0.00 2.79
738 58.73 0.00 1.52 37.97 0.00 0.51 0.00 0.00 0.00 1.27
739 58.61 0.00 1.29 37.02 0.00 0.26 0.26 0.00 0.00 2.57
740 30.30 0.00 2.78 66.41 0.00 0.25 0.00 0.00 0.00 0.25
741 42.09 0.00 0.51 57.40 0.00 0.00 0.00 0.00 0.00 0.00
742 73.06 0.00 0.52 24.35 0.00 0.52 0.00 0.00 0.00 1.55
743 29.65 0.00 0.50 68.34 0.00 0.25 0.00 0.00 0.00 1.26
744 77.49 0.00 0.77 21.23 0.00 0.26 0.00 0.00 0.00 0.26
745 44.27 0.00 1.53 32.06 0.00 0.00 0.25 0.00 0.00 21.88
746 34.35 0.00 0.76 38.68 0.00 0.51 0.00 0.00 0.00 25.70
747 24.62 0.00 0.50 3.77 0.00 0.00 0.00 0.00 0.00 71.11
748 25.26 0.00 0.26 31.89 0.00 0.00 0.00 0.00 0.00 42.60
749 25.00 0.00 0.25 6.57 0.00 0.00 0.00 0.00 0.00 68.18
750 25.06 0.00 0.50 0.75 0.00 0.00 0.00 0.00 0.00 73.68
751 37.63 0.00 1.03 1.55 0.00 0.00 0.00 0.00 0.00 59.79
752 90.08 0.00 2.87 3.39 0.00 0.52 0.26 0.00 0.00 2.87
753 66.48 0.00 3.05 26.87 0.00 0.00 0.28 0.00 0.00 3.32
754 78.53 0.00 3.14 15.45 0.00 0.52 0.26 0.00 0.00 2.09
755 75.95 0.00 1.01 9.11 0.00 0.25 0.25 0.00 0.00 13.42
756 28.42 0.00 0.52 31.27 0.00 0.26 0.00 0.00 0.00 39.53
757 8.08 0.00 0.00 44.19 0.00 0.00 0.00 0.00 0.00 47.73
758 20.97 0.00 0.51 75.70 0.00 0.00 0.00 0.00 0.00 2.81
759 48.97 0.00 0.00 42.78 0.00 0.52 0.00 0.00 0.00 7.73
760 39.13 0.00 0.77 59.85 0.00 0.00 0.00 0.00 0.00 0.26
761 30.46 0.00 0.51 69.04 0.00 0.00 0.00 0.00 0.00 0.00
762 58.51 0.00 2.84 38.40 0.00 0.00 0.26 0.00 0.00 0.00
763 81.73 0.00 0.51 17.77 0.00 0.00 0.00 0.00 0.00 0.00
764 89.09 0.00 1.27 9.14 0.00 0.00 0.00 0.00 0.00 0.51
765 85.12 0.00 2.61 10.70 0.00 1.04 0.52 0.00 0.00 0.00
766 82.44 0.00 2.80 11.96 0.00 0.25 0.25 0.00 0.00 2.29
767 76.73 0.00 1.02 3.07 0.00 0.00 0.00 0.00 0.00 19.18
768 24.69 0.00 0.50 3.53 0.00 0.00 0.00 0.00 0.00 71.28
769 25.13 0.00 0.00 2.01 0.00 0.00 0.00 0.00 0.00 72.86
770 25.13 0.00 0.00 2.01 0.00 0.00 0.00 0.00 0.00 72.86
771 24.49 0.00 0.00 2.02 0.00 0.00 0.00 0.00 0.00 73.48
772 25.06 0.00 0.25 1.75 0.00 0.00 0.00 0.00 0.00 72.93
773 61.96 0.00 0.76 0.50 0.00 0.25 0.00 0.00 0.00 36.52
774 81.52 0.00 0.51 0.25 0.00 0.00 0.00 0.00 0.00 17.72
775 75.06 0.00 1.51 0.00 0.00 0.00 0.25 0.00 0.00 23.17
776 74.75 0.00 0.25 3.28 0.00 0.00 0.00 0.00 0.00 21.72
777 79.49 0.00 0.76 0.51 0.00 0.00 0.00 0.00 0.00 19.24
778 73.42 0.00 1.52 8.10 0.00 0.00 0.00 0.00 0.00 16.96
779 74.11 0.00 1.02 4.31 0.00 0.00 0.00 0.00 0.00 20.56
780 78.17 0.00 2.03 1.52 0.00 0.00 0.00 0.00 0.00 18.27
781 71.68 0.00 3.06 2.55 0.00 0.00 0.00 0.00 0.00 22.70
782 46.56 0.00 1.02 3.56 0.00 0.00 0.00 0.00 0.00 48.85
783 1.01 0.00 0.25 4.28 0.00 0.00 0.25 0.00 0.00 94.21
784 0.00 0.00 0.25 1.76 0.00 0.00 0.00 0.00 0.00 97.99
785 0.25 0.00 0.50 1.75 0.00 0.00 0.00 0.00 0.00 97.49
786 1.26 0.00 1.26 18.59 0.00 0.00 0.25 0.00 0.00 78.64
787 11.40 0.00 0.78 80.31 0.00 0.00 0.00 0.00 0.00 7.51
788 9.69 0.00 1.28 87.76 0.00 0.26 0.26 0.00 0.00 0.77
789 17.74 0.00 1.29 80.98 0.00 0.00 0.00 0.00 0.00 0.00
790 27.99 0.00 1.53 70.23 0.00 0.00 0.25 0.00 0.00 0.00
791 70.29 0.00 1.06 22.02 0.00 0.27 0.00 0.00 0.00 6.37
792 61.86 0.00 0.52 25.00 0.00 0.00 0.00 0.00 0.00 12.63
793 67.51 0.00 0.50 1.51 0.00 0.25 0.00 0.00 0.00 30.23
794 92.39 0.00 0.76 0.00 0.00 0.00 0.00 0.00 0.00 6.85
795 99.49 0.00 0.00 0.00 0.00 0.00 0.00 0.00 0.00 0.51
796 99.50 0.00 0.25 0.25 0.00 0.00 0.00 0.00 0.00 0.00
797 98.25 0.00 1.50 0.00 0.00 0.00 0.00 0.00 0.00 0.25
798 94.72 0.00 2.01 3.27 0.00 0.00 0.00 0.00 0.00 0.00
799 98.21 0.00 1.53 0.00 0.00 0.00 0.00 0.00 0.00 0.26
800 96.93 0.00 3.07 0.00 0.00 0.00 0.00 0.00 0.00 0.00
801 92.58 0.00 2.56 4.09 0.00 0.26 0.00 0.00 0.00 0.51
802 68.01 0.00 1.73 29.39 0.00 0.29 0.29 0.00 0.00 0.29
803 28.28 0.00 1.01 70.71 0.00 0.00 0.00 0.00 0.00 0.00
804 5.76 0.00 1.00 93.23 0.00 0.00 0.00 0.00 0.00 0.00
805 63.02 0.00 2.34 31.25 0.00 0.26 0.00 0.00 0.00 3.12
806 52.94 0.00 1.53 43.48 0.00 0.26 0.00 0.00 0.00 1.79
807 42.23 0.00 2.33 55.18 0.00 0.26 0.00 0.00 0.00 0.00
808 80.00 0.00 2.05 16.67 0.00 0.51 0.00 0.00 0.00 0.77
809 68.69 0.00 0.51 28.54 0.00 0.25 0.25 0.00 0.00 1.77
810 69.82 0.00 0.51 26.34 0.00 0.00 0.00 0.00 0.00 3.32
811 81.35 0.00 1.55 12.44 0.00 0.26 0.00 0.00 0.00 4.40
812 87.98 0.00 1.53 9.46 0.00 0.51 0.00 0.00 0.00 0.51
813 89.77 0.00 1.02 7.16 0.00 0.51 0.00 0.00 0.00 1.53
814 82.43 0.00 2.07 15.50 0.00 0.00 0.00 0.00 0.00 0.00
815 94.09 0.00 2.06 3.34 0.00 0.00 0.26 0.00 0.00 0.26
816 91.62 0.00 1.52 5.84 0.00 0.00 0.00 0.00 0.00 1.02
817 87.85 0.00 1.66 8.01 0.00 0.55 0.00 0.00 0.00 1.93
818 98.66 0.00 0.27 0.54 0.00 0.00 0.00 0.00 0.00 0.54
819 93.26 0.00 2.07 4.40 0.00 0.26 0.00 0.00 0.00 0.00
820 96.65 0.00 2.44 0.30 0.00 0.00 0.61 0.00 0.00 0.00
821 94.67 0.00 1.27 3.55 0.00 0.25 0.00 0.00 0.00 0.25
822 72.68 0.00 1.00 18.05 0.00 0.00 0.00 0.00 0.00 8.27
823 37.12 0.00 0.25 41.67 0.00 0.00 0.00 0.00 0.00 20.96
824 96.42 0.00 2.30 0.77 0.00 0.00 0.00 0.00 0.00 0.51
825 96.21 0.00 2.02 0.76 0.00 0.00 0.00 0.00 0.00 1.01
826 54.27 0.00 1.01 1.26 0.00 0.00 0.00 0.00 0.00 43.47
827 24.49 0.00 0.00 0.51 0.00 0.00 0.00 0.00 0.00 75.00
828 24.24 0.00 0.51 1.01 0.00 0.00 0.00 0.00 0.00 74.24
829 24.69 0.00 0.00 0.00 0.00 0.00 0.25 0.00 0.00 75.06
830 24.56 0.00 0.00 1.27 0.00 0.00 0.00 0.00 0.00 74.18
831 24.94 0.00 0.00 0.25 0.00 0.00 0.00 0.00 0.00 74.81
832 47.12 0.00 1.92 14.52 0.00 0.27 0.00 0.00 0.00 36.16
833 62.11 0.00 1.80 35.05 0.00 0.26 0.52 0.00 0.00 0.26
834 36.57 0.00 1.79 61.38 0.00 0.00 0.00 0.00 0.00 0.26
835 31.46 0.00 1.02 67.26 0.00 0.26 0.00 0.00 0.00 0.00
836 50.65 0.00 2.60 44.16 0.00 0.52 0.00 0.00 0.00 2.08
837 81.40 0.00 2.84 13.70 0.00 0.26 0.26 0.00 0.00 1.55
838 97.21 0.00 1.52 0.51 0.00 0.51 0.00 0.00 0.00 0.25
839 97.45 0.00 1.02 0.26 0.00 0.26 0.00 0.00 0.00 1.02
840 66.75 0.00 1.28 1.79 0.00 0.00 0.00 0.00 0.00 30.18
841 88.46 0.00 1.28 1.28 0.00 0.26 0.00 0.00 0.00 8.72
842 89.01 0.00 2.36 7.85 0.00 0.00 0.00 0.00 0.00 0.79
843 48.75 0.00 2.49 47.92 0.00 0.28 0.28 0.00 0.00 0.28
844 56.85 0.00 1.55 39.79 0.00 0.26 0.26 0.00 0.00 1.29
845 70.10 0.00 1.29 26.29 0.00 0.52 0.00 0.00 0.00 1.80
846 93.65 0.00 0.83 3.87 0.00 0.28 0.00 0.00 0.00 1.38
847 97.72 0.00 1.01 0.00 0.00 0.76 0.00 0.00 0.00 0.51
848 54.94 0.00 0.51 1.01 0.00 0.00 0.00 0.00 0.00 43.54
849 25.13 0.00 0.25 1.76 0.00 0.00 0.25 0.00 0.00 72.61
850 24.94 0.00 0.25 1.51 0.00 0.00 0.00 0.00 0.00 73.30
851 25.06 0.00 0.50 1.00 0.00 0.00 0.00 0.00 0.00 73.43
852 24.62 0.00 0.00 2.01 0.00 0.00 0.00 0.00 0.00 73.37
853 80.93 0.00 2.06 15.21 0.00 0.26 0.00 0.00 0.00 1.55
854 80.31 0.00 1.02 17.39 0.00 0.26 0.26 0.00 0.00 0.77
855 86.63 0.00 0.77 12.08 0.00 0.00 0.00 0.00 0.00 0.51
856 86.58 0.00 0.76 4.05 0.00 0.25 0.00 0.00 0.00 8.35
857 72.01 0.00 0.51 2.54 0.00 0.00 0.00 0.00 0.00 24.94
858 93.62 0.00 2.04 3.57 0.00 0.77 0.00 0.00 0.00 0.00
859 98.30 0.00 1.42 0.00 0.00 0.00 0.00 0.00 0.00 0.28
860 96.95 0.00 2.44 0.30 0.00 0.00 0.30 0.00 0.00 0.00
861 96.17 0.00 1.53 1.53 0.00 0.00 0.00 0.00 0.00 0.77
862 38.38 0.00 0.51 0.00 0.00 0.00 0.00 0.00 0.00 61.11
863 24.87 0.00 0.00 0.00 0.00 0.00 0.00 0.00 0.00 75.13
864 24.62 0.00 0.50 0.00 0.00 0.25 0.00 0.00 0.00 74.62
865 24.94 0.00 0.00 0.76 0.00 0.00 0.00 0.00 0.00 74.31
866 24.75 0.00 0.00 2.02 0.00 0.00 0.00 0.00 0.00 73.23
867 57.14 0.00 0.77 11.73 0.00 0.26 0.00 0.00 0.00 30.10
868 56.52 0.00 1.53 41.69 0.00 0.00 0.00 0.00 0.00 0.26
869 80.57 0.00 2.07 16.58 0.00 0.52 0.00 0.00 0.00 0.26
870 92.01 0.00 1.03 5.93 0.00 0.52 0.00 0.00 0.00 0.52
871 75.89 0.00 0.51 1.52 0.00 0.00 0.25 0.00 0.00 21.83
872 62.57 0.00 0.52 7.07 0.00 0.00 0.26 0.00 0.00 29.58
873 97.72 0.00 0.51 0.00 0.00 0.00 0.00 0.00 0.00 1.77
874 93.94 0.00 1.77 3.54 0.00 0.51 0.00 0.00 0.00 0.25
875 27.20 0.00 0.25 1.51 0.00 0.00 0.00 0.00 0.00 71.03
876 24.87 0.00 0.00 2.01 0.00 0.00 0.00 0.00 0.00 73.12
877 24.74 0.00 0.26 29.34 0.00 0.00 0.00 0.00 0.00 45.66
878 25.19 0.00 0.00 34.76 0.00 0.00 0.00 0.00 0.00 40.05
879 45.65 0.00 2.37 33.25 0.00 0.00 0.00 0.00 0.00 18.73
880 56.36 0.00 1.56 41.30 0.00 0.00 0.00 0.00 0.00 0.78
881 79.13 0.00 3.56 16.54 0.00 0.76 0.00 0.00 0.00 0.00
882 92.09 0.00 1.79 5.61 0.00 0.26 0.00 0.00 0.00 0.26
883 83.63 0.00 1.79 5.88 0.00 0.00 0.00 0.00 0.00 8.70
884 74.43 0.00 0.51 0.76 0.00 0.00 0.25 0.00 0.00 24.05
885 77.86 0.00 0.76 0.00 0.00 0.00 0.00 0.00 0.00 21.37
886 81.98 0.00 0.76 11.68 0.00 0.00 0.00 0.00 0.00 5.58
887 74.49 0.00 1.02 8.67 0.00 0.00 0.00 0.00 0.00 15.82
888 63.17 0.00 0.77 19.95 0.00 0.00 0.00 0.00 0.00 16.11
889 48.47 0.00 1.53 15.31 0.00 0.26 0.00 0.00 0.00 34.44
890 61.13 0.00 1.28 1.28 0.00 0.00 0.00 0.00 0.00 36.32
891 24.75 0.00 2.27 23.23 0.00 0.00 0.00 0.00 0.00 49.75
892 5.04 0.00 0.76 22.42 0.00 0.00 0.00 0.00 0.00 71.79
893 0.25 0.00 0.25 8.50 0.00 0.00 0.25 0.00 0.00 90.75
894 0.25 0.00 0.25 1.50 0.00 0.00 0.00 0.00 0.00 98.00
895 0.00 0.00 0.25 2.52 0.00 0.00 0.00 0.00 0.00 97.23
896 0.00 0.00 0.00 0.75 0.00 0.00 0.00 0.00 0.00 99.25
897 0.25 0.00 0.25 0.50 0.00 0.00 0.00 0.00 0.00 98.99
898 0.00 0.00 0.00 0.25 0.00 0.00 0.00 0.00 0.00 99.75
899 0.25 0.00 0.50 1.75 0.00 0.00 0.00 0.00 0.00 97.50
900 0.00 0.00 0.25 0.50 0.00 0.00 0.00 0.00 0.00 99.25
901 0.25 0.00 0.00 0.75 0.00 0.00 0.00 0.00 0.00 98.99
902 0.00 0.00 0.25 3.52 0.00 0.00 0.25 0.00 0.00 95.98
903 0.00 0.00 0.50 3.01 0.00 0.00 0.00 0.00 0.00 96.49
904 0.25 0.00 0.25 1.75 0.00 0.00 0.00 0.00 0.00 97.74
905 0.50 0.00 0.25 3.50 0.00 0.00 0.00 0.00 0.00 95.75
906 0.50 0.00 0.00 3.26 0.00 0.00 0.00 0.00 0.00 96.24
907 0.25 0.00 0.00 1.01 0.00 0.00 0.00 0.00 0.00 98.74
908 4.34 0.00 0.77 36.22 0.00 0.00 0.00 0.00 0.00 58.67
909 8.67 0.00 0.77 90.56 0.00 0.00 0.00 0.00 0.00 0.00
910 4.82 0.00 0.51 94.42 0.00 0.00 0.25 0.00 0.00 0.00
911 6.94 0.00 0.51 83.55 0.00 0.26 0.00 0.00 0.00 8.74
912 7.93 0.00 0.51 91.56 0.00 0.00 0.00 0.00 0.00 0.00
913 24.30 0.00 1.02 74.42 0.00 0.26 0.00 0.00 0.00 0.00
914 17.83 0.00 0.52 80.36 0.00 0.26 0.00 0.00 0.00 1.03
915 46.43 0.00 0.51 36.22 0.00 0.00 0.00 0.00 0.00 16.84
916 68.13 0.00 0.52 24.09 0.00 0.52 0.00 0.00 0.00 6.74
917 67.69 0.00 1.03 27.44 0.00 0.00 0.26 0.00 0.00 3.59
918 73.94 0.00 0.85 22.95 0.00 0.28 0.00 0.00 0.00 1.98
919 82.10 0.00 0.85 6.82 0.00 0.57 0.28 0.00 0.00 9.38
920 96.73 0.00 0.50 0.25 0.00 0.00 0.00 0.00 0.00 2.51
921 99.50 0.00 0.25 0.00 0.00 0.00 0.00 0.00 0.00 0.25
922 99.49 0.00 0.26 0.00 0.00 0.26 0.00 0.00 0.00 0.00
923 98.22 0.00 1.52 0.00 0.00 0.00 0.00 0.00 0.00 0.25
924 95.91 0.00 2.56 0.00 0.00 0.00 0.00 0.00 0.00 1.53
925 97.22 0.00 2.53 0.00 0.00 0.00 0.00 0.00 0.00 0.25
926 93.72 0.00 2.01 4.27 0.00 0.00 0.00 0.00 0.00 0.00
927 63.54 0.00 1.52 31.65 0.00 0.25 0.00 0.00 0.00 3.04
928 49.49 0.00 1.28 48.98 0.00 0.26 0.00 0.00 0.00 0.00
929 42.93 0.00 2.06 54.76 0.00 0.00 0.26 0.00 0.00 0.00
930 58.10 0.00 2.06 37.02 0.00 0.00 0.00 0.00 0.00 2.83
931 49.29 0.00 1.42 47.03 0.00 0.00 0.00 0.00 0.00 2.27
932 85.80 0.00 1.81 10.27 0.00 0.60 0.30 0.00 0.00 1.21
933 90.26 0.00 1.54 7.18 0.00 0.00 0.00 0.00 0.00 1.03
934 82.26 0.00 1.29 15.68 0.00 0.00 0.00 0.00 0.00 0.77
935 80.77 0.00 1.28 17.44 0.00 0.26 0.00 0.00 0.00 0.26
936 64.03 0.00 1.02 34.95 0.00 0.00 0.00 0.00 0.00 0.00
937 65.82 0.00 1.28 32.14 0.00 0.26 0.26 0.00 0.00 0.26
938 87.47 0.00 2.05 9.97 0.00 0.00 0.00 0.00 0.00 0.51
939 84.48 0.00 2.29 13.23 0.00 0.00 0.00 0.00 0.00 0.00
940 53.16 0.00 2.53 44.30 0.00 0.00 0.00 0.00 0.00 0.00
941 65.70 0.00 1.85 28.50 0.00 0.26 0.26 0.00 0.00 3.43
942 31.88 0.00 2.57 65.30 0.00 0.26 0.00 0.00 0.00 0.00
943 67.94 0.00 2.94 27.94 0.00 0.59 0.00 0.00 0.00 0.59
944 49.87 0.00 1.34 45.84 0.00 0.00 0.27 0.00 0.00 2.68
945 59.02 0.00 1.29 38.14 0.00 0.52 0.00 0.00 0.00 1.03
946 67.26 0.00 0.51 31.98 0.00 0.25 0.00 0.00 0.00 0.00
947 78.72 0.00 0.51 20.00 0.00 0.26 0.00 0.00 0.00 0.51
948 87.18 0.00 1.28 11.03 0.00 0.51 0.00 0.00 0.00 0.00
949 96.08 0.00 0.90 0.90 0.00 1.51 0.30 0.00 0.00 0.30
950 96.69 0.00 1.78 0.25 0.00 0.51 0.00 0.00 0.00 0.76
951 96.19 0.00 1.02 1.78 0.00 0.51 0.00 0.00 0.00 0.51
952 77.75 0.00 7.59 5.24 0.00 0.52 0.00 0.00 0.00 8.90
953 31.61 0.00 10.35 1.63 0.00 0.00 0.00 0.00 0.00 56.40
954 18.08 0.00 0.82 4.66 0.00 0.00 0.27 0.00 0.00 76.16
955 20.05 0.00 0.27 5.61 0.00 0.00 0.00 0.00 0.00 74.06
956 23.98 0.00 0.26 2.81 0.00 0.00 0.00 0.00 0.00 72.96
957 24.81 0.00 0.25 3.76 0.00 0.00 0.00 0.00 0.00 71.18
958 32.99 0.00 1.55 6.96 0.00 0.26 0.26 0.00 0.00 57.99
959 82.23 0.00 2.12 12.20 0.00 0.80 0.27 0.00 0.00 2.39
960 97.96 0.00 0.77 0.26 0.00 0.77 0.00 0.00 0.00 0.26
961 97.71 0.00 1.53 0.25 0.00 0.25 0.00 0.00 0.00 0.25
962 97.11 0.00 2.10 0.26 0.00 0.26 0.00 0.00 0.00 0.26
963 79.58 0.00 1.05 19.37 0.00 0.00 0.00 0.00 0.00 0.00
964 83.60 0.00 2.12 13.76 0.00 0.26 0.00 0.00 0.00 0.26
965 80.51 0.00 2.31 11.54 0.00 0.26 0.26 0.00 0.00 5.13
966 95.43 0.00 3.05 1.27 0.00 0.00 0.00 0.00 0.00 0.25
967 93.15 0.00 3.30 2.54 0.00 0.25 0.00 0.00 0.00 0.76
968 92.19 0.00 0.76 2.27 0.00 0.00 0.00 0.00 0.00 4.79
969 32.74 0.00 0.51 1.27 0.00 0.00 0.00 0.00 0.00 65.48
970 24.62 0.00 0.25 2.51 0.00 0.00 0.00 0.00 0.00 72.61
971 17.53 0.00 0.55 1.37 0.00 0.00 0.27 0.00 0.00 80.27
972 24.18 0.00 0.50 0.50 0.00 0.00 0.00 0.00 0.00 74.81
973 24.81 0.00 0.00 0.50 0.00 0.25 0.00 0.00 0.00 74.44
974 86.51 0.00 3.56 0.51 0.00 0.25 0.00 0.00 0.00 9.16
975 94.10 0.00 1.79 3.08 0.00 0.51 0.00 0.00 0.00 0.51
976 77.12 0.00 1.29 21.34 0.00 0.00 0.00 0.00 0.00 0.26
977 67.62 0.00 1.83 28.72 0.00 0.00 0.26 0.00 0.00 1.57
978 61.52 0.00 1.27 6.84 0.00 0.00 0.00 0.00 0.00 30.38
979 28.90 0.00 0.51 5.63 0.00 0.00 0.26 0.00 0.00 64.71
980 62.53 0.00 2.53 4.56 0.00 0.51 0.00 0.00 0.00 29.87
981 64.96 0.00 1.28 7.42 0.00 0.26 0.00 0.00 0.00 26.09
982 62.44 0.00 0.78 28.50 0.00 0.00 0.00 0.00 0.00 8.29
983 77.92 0.00 0.78 17.66 0.00 0.26 0.00 0.00 0.00 3.38
984 72.01 0.00 0.76 25.95 0.00 0.25 0.00 0.00 0.00 1.02
985 92.41 0.00 2.53 0.76 0.00 0.51 0.00 0.00 0.00 3.80
986 65.91 0.00 1.26 5.30 0.00 0.25 0.00 0.00 0.00 27.27
987 25.13 0.00 0.25 2.01 0.00 0.00 0.00 0.00 0.00 72.61
988 24.94 0.00 0.25 2.52 0.00 0.00 0.00 0.00 0.00 72.29
989 25.31 0.00 0.00 2.01 0.00 0.00 0.00 0.00 0.00 72.68
990 24.62 0.00 0.50 10.55 0.00 0.00 0.25 0.00 0.00 64.07
991 31.82 0.00 1.87 29.41 0.00 0.27 0.00 0.00 0.00 36.63
992 69.87 0.00 1.32 28.48 0.00 0.00 0.33 0.00 0.00 0.00
993 85.67 0.00 1.10 12.95 0.00 0.28 0.00 0.00 0.00 0.00
994 86.99 0.00 1.02 9.95 0.00 0.51 0.00 0.00 0.00 1.53
995 85.01 0.00 3.36 11.37 0.00 0.00 0.00 0.00 0.00 0.26
996 96.34 0.00 1.31 1.57 0.00 0.26 0.00 0.00 0.00 0.52
997 95.34 0.00 2.19 1.92 0.00 0.00 0.27 0.00 0.00 0.27
998 87.47 0.00 6.14 5.88 0.00 0.00 0.00 0.00 0.00 0.51
999 83.25 0.00 1.83 14.40 0.00 0.00 0.26 0.00 0.00 0.26
1000 77.40 0.00 1.30 18.70 0.00 0.00 0.00 0.00 0.00 2.60
1001 74.49 0.00 2.30 22.45 0.00 0.26 0.00 0.00 0.00 0.51
1002 67.87 0.00 1.80 30.33 0.00 0.00 0.00 0.00 0.00 0.00
1003 67.62 0.00 1.55 30.31 0.00 0.26 0.26 0.00 0.00 0.00
1004 79.74 0.00 2.31 17.44 0.00 0.00 0.00 0.00 0.00 0.51
1005 45.43 0.00 1.02 53.05 0.00 0.25 0.00 0.00 0.00 0.25
1006 49.10 0.00 0.78 49.61 0.00 0.26 0.00 0.00 0.00 0.26
1007 20.45 0.00 1.26 78.03 0.00 0.25 0.00 0.00 0.00 0.00
1008 49.74 0.00 1.02 40.05 0.00 0.00 0.00 0.00 0.00 9.18
1009 49.37 0.00 0.76 10.83 0.00 0.00 0.00 0.00 0.00 39.04
1010 38.40 0.00 0.77 10.31 0.00 0.26 0.00 0.00 0.00 50.26
1011 60.41 0.00 0.76 20.81 0.00 0.00 0.00 0.00 0.00 18.02
1012 31.09 0.00 1.30 24.35 0.00 0.00 0.26 0.00 0.00 43.01
1013 28.79 0.00 0.51 13.62 0.00 0.00 0.00 0.00 0.00 57.07
1014 24.69 0.00 0.76 10.58 0.00 0.00 0.00 0.00 0.00 63.98
1015 25.00 0.00 0.00 1.26 0.00 0.00 0.00 0.00 0.00 73.74
1016 47.99 0.00 0.25 2.76 0.00 0.00 0.00 0.00 0.00 48.99
1017 24.87 0.00 0.25 3.02 0.00 0.00 0.00 0.00 0.00 71.86
1018 21.01 0.00 0.00 3.72 0.00 0.00 0.00 0.00 0.00 75.27
1019 16.53 0.00 0.00 17.37 0.00 0.00 0.00 0.00 0.00 66.11
1020 24.37 0.00 0.75 13.57 0.00 0.00 0.00 0.00 0.00 61.31
1021 21.41 0.00 0.76 3.78 0.00 0.00 0.00 0.00 0.00 74.06
1022 0.25 0.00 0.25 8.84 0.00 0.00 0.25 0.00 0.00 90.40
1023 0.25 0.00 0.25 2.77 0.00 0.00 0.00 0.00 0.00 96.73
1024 0.25 0.00 0.25 2.75 0.00 0.00 0.25 0.00 0.00 96.50
1025 0.25 0.00 0.25 3.51 0.00 0.00 0.00 0.00 0.00 95.99
1026 0.25 0.00 0.25 2.51 0.00 0.00 0.00 0.00 0.00 96.98
1027 0.50 0.00 0.25 2.25 0.00 0.00 0.00 0.00 0.00 97.00
1028 6.63 0.00 1.02 61.99 0.00 0.00 0.00 0.00 0.00 30.36
1029 13.49 0.00 1.27 69.97 0.00 0.25 0.00 0.00 0.00 15.01
1030 8.61 0.00 0.76 90.38 0.00 0.00 0.25 0.00 0.00 0.00
1031 10.63 0.00 1.27 87.85 0.00 0.25 0.00 0.00 0.00 0.00
1032 17.22 0.00 1.03 74.81 0.00 0.00 0.00 0.00 0.00 6.94
1033 53.20 0.00 0.77 35.81 0.00 0.51 0.00 0.00 0.00 9.72
1034 52.96 0.00 0.77 41.39 0.00 0.00 0.00 0.00 0.00 4.88
1035 57.40 0.00 0.51 19.39 0.00 0.00 0.00 0.00 0.00 22.70
1036 49.87 0.00 1.26 16.88 0.00 0.25 0.00 0.00 0.00 31.74
1037 79.75 0.00 0.51 6.08 0.00 0.51 0.00 0.00 0.00 13.16
1038 92.14 0.00 0.54 0.27 0.00 0.00 0.00 0.00 0.00 7.05
1039 86.93 0.00 0.53 0.27 0.00 0.00 0.00 0.00 0.00 12.27
1040 99.45 0.00 0.55 0.00 0.00 0.00 0.00 0.00 0.00 0.00
1041 98.75 0.00 1.00 0.00 0.00 0.00 0.25 0.00 0.00 0.00
1042 97.64 0.00 2.10 0.00 0.00 0.00 0.00 0.00 0.00 0.26
1043 49.25 0.00 0.25 6.78 0.00 0.00 0.00 0.00 0.00 43.72
1044 25.25 0.00 0.00 14.75 0.00 0.00 0.00 0.00 0.00 60.00
1045 24.94 0.00 0.25 5.04 0.00 0.00 0.00 0.00 0.00 69.77
1046 24.94 0.00 0.00 5.54 0.00 0.00 0.00 0.00 0.00 69.52
1047 25.13 0.00 0.75 4.02 0.00 0.00 0.00 0.00 0.00 70.10
1048 25.00 0.00 0.25 3.25 0.00 0.00 0.00 0.00 0.00 71.50
1049 24.94 0.00 0.25 10.58 0.00 0.00 0.00 0.00 0.00 64.23
1050 70.79 0.00 2.81 15.17 0.00 0.28 0.28 0.00 0.00 10.67
1051 75.27 0.00 2.13 13.03 0.00 0.27 0.00 0.00 0.00 9.31
1052 55.36 0.00 1.53 42.86 0.00 0.00 0.26 0.00 0.00 0.00
1053 78.57 0.00 1.53 17.86 0.00 0.77 0.00 0.00 0.00 1.28
1054 40.10 0.00 2.28 55.58 0.00 0.00 0.00 0.00 0.00 2.03
1055 24.68 0.00 1.53 73.79 0.00 0.00 0.00 0.00 0.00 0.00
1056 45.15 0.00 2.30 50.77 0.00 0.00 0.00 0.00 0.00 1.79
1057 73.45 0.00 1.55 22.42 0.00 0.00 0.26 0.00 0.00 2.32
1058 86.40 0.00 1.81 11.48 0.00 0.00 0.00 0.00 0.00 0.30
1059 92.68 0.00 1.97 5.07 0.00 0.28 0.00 0.00 0.00 0.00
1060 92.64 0.00 1.78 4.31 0.00 0.00 0.00 0.00 0.00 1.27
1061 73.78 0.00 1.15 23.63 0.00 0.29 0.00 0.00 0.00 1.15
1062 57.36 0.00 1.52 37.82 0.00 0.00 0.25 0.00 0.00 3.05
1063 18.83 0.00 1.02 79.90 0.00 0.25 0.00 0.00 0.00 0.00
1064 25.45 0.00 1.27 73.03 0.00 0.25 0.00 0.00 0.00 0.00
1065 27.95 0.00 1.79 62.31 0.00 0.00 0.26 0.00 0.00 7.69
1066 28.68 0.00 1.55 67.18 0.00 0.52 0.00 0.00 0.00 2.07
1067 70.23 0.00 1.27 26.46 0.00 0.51 0.00 0.00 0.00 1.53
1068 97.23 0.00 1.26 0.50 0.00 0.50 0.00 0.00 0.00 0.50
1069 97.04 0.00 1.62 0.00 0.00 0.54 0.00 0.00 0.00 0.81
1070 95.82 0.00 0.26 2.87 0.00 0.00 0.26 0.00 0.00 0.78
1071 98.48 0.00 1.01 0.51 0.00 0.00 0.00 0.00 0.00 0.00
1072 95.91 0.00 2.81 1.28 0.00 0.00 0.00 0.00 0.00 0.00
1073 90.05 0.00 2.04 5.87 0.00 0.00 0.00 0.00 0.00 2.04
1074 94.10 0.00 1.28 4.10 0.00 0.26 0.00 0.00 0.00 0.26
1075 95.95 0.00 1.01 3.04 0.00 0.00 0.00 0.00 0.00 0.00
1076 96.36 0.00 1.56 1.82 0.00 0.00 0.00 0.00 0.00 0.26
1077 80.00 0.00 2.54 16.62 0.00 0.85 0.00 0.00 0.00 0.00
1078 26.70 0.00 0.76 72.29 0.00 0.00 0.25 0.00 0.00 0.00
1079 47.84 0.00 1.78 49.87 0.00 0.25 0.00 0.00 0.00 0.25
1080 76.41 0.00 3.08 19.49 0.00 0.77 0.00 0.00 0.00 0.26
1081 90.81 0.00 2.62 6.30 0.00 0.00 0.00 0.00 0.00 0.26
1082 53.58 0.00 1.86 42.18 0.00 0.00 0.00 0.00 0.00 2.39
1083 46.89 0.00 1.55 49.74 0.00 0.00 0.26 0.00 0.00 1.55
1084 91.25 0.00 3.98 2.92 0.00 0.00 0.00 0.00 0.00 1.86
1085 91.62 0.00 2.03 5.58 0.00 0.25 0.00 0.00 0.00 0.51
1086 67.18 0.00 1.79 30.51 0.00 0.26 0.26 0.00 0.00 0.00
1087 55.70 0.00 1.55 42.75 0.00 0.00 0.00 0.00 0.00 0.00
1088 82.86 0.00 1.79 13.81 0.00 0.00 0.26 0.00 0.00 1.28
1089 75.96 0.00 1.79 21.23 0.00 0.77 0.00 0.00 0.00 0.26
1090 89.00 0.00 1.53 8.44 0.00 0.77 0.00 0.00 0.00 0.26
1091 88.27 0.00 1.02 7.91 0.00 0.51 0.00 0.00 0.00 2.30
1092 96.20 0.00 0.51 3.04 0.00 0.00 0.00 0.00 0.00 0.25
1093 94.04 0.00 0.26 4.15 0.00 0.00 0.00 0.00 0.00 1.55
1094 98.03 0.00 0.98 0.33 0.00 0.00 0.33 0.00 0.00 0.33
1095 27.89 0.00 0.00 4.21 0.00 0.00 0.00 0.00 0.00 67.89
1096 20.32 0.00 0.26 4.49 0.00 0.00 0.26 0.00 0.00 74.67
1097 22.42 0.00 0.00 15.11 0.00 0.00 0.00 0.00 0.00 62.47
1098 24.37 0.00 0.00 17.84 0.00 0.00 0.00 0.00 0.00 57.79
1099 24.81 0.00 0.50 17.79 0.00 0.00 0.00 0.00 0.00 56.89
1100 66.67 0.00 0.77 18.72 0.00 0.26 0.00 0.00 0.00 13.59
1101 57.76 0.00 0.51 41.48 0.00 0.00 0.00 0.00 0.00 0.25
1102 46.58 0.00 0.51 52.91 0.00 0.00 0.00 0.00 0.00 0.00
1103 47.10 0.00 0.76 52.14 0.00 0.00 0.00 0.00 0.00 0.00
1104 48.98 0.00 1.02 44.16 0.00 0.51 0.25 0.00 0.00 5.08
1105 55.15 0.00 0.77 26.55 0.00 0.26 0.00 0.00 0.00 17.27
1106 97.98 0.00 1.01 0.25 0.00 0.25 0.00 0.00 0.00 0.50
1107 97.45 0.00 1.53 0.26 0.00 0.51 0.00 0.00 0.00 0.26
1108 75.84 0.00 1.29 15.17 0.00 0.26 0.00 0.00 0.00 7.46
1109 74.37 0.00 0.76 24.11 0.00 0.25 0.00 0.00 0.00 0.51
1110 81.16 0.00 1.51 6.78 0.00 0.25 0.00 0.00 0.00 10.30
1111 88.04 0.00 1.27 9.67 0.00 0.25 0.25 0.00 0.00 0.51
1112 82.56 0.00 2.31 13.08 0.00 1.03 0.00 0.00 0.00 1.03
1113 94.66 0.00 1.78 3.56 0.00 0.00 0.00 0.00 0.00 0.00
1114 95.14 0.00 2.43 1.62 0.00 0.27 0.27 0.00 0.00 0.27
1115 86.47 0.00 2.06 10.29 0.00 0.29 0.59 0.00 0.00 0.29
1116 39.34 0.00 0.51 34.52 0.00 0.00 0.00 0.00 0.00 25.63
1117 25.19 0.00 0.25 39.80 0.00 0.00 0.00 0.00 0.00 34.76
1118 24.87 0.00 0.25 49.49 0.00 0.00 0.00 0.00 0.00 25.38
1119 25.38 0.00 0.25 49.24 0.00 0.00 0.00 0.00 0.00 25.13
1120 24.94 0.00 0.51 49.62 0.00 0.00 0.00 0.00 0.00 24.94
1121 33.16 0.00 0.77 44.99 0.00 0.00 0.26 0.00 0.00 20.82
1122 87.27 0.00 2.34 9.09 0.00 0.52 0.26 0.00 0.00 0.52
1123 93.11 0.00 2.30 3.32 0.00 0.77 0.00 0.00 0.00 0.51
1124 78.64 0.00 3.77 8.54 0.00 0.50 0.25 0.00 0.00 8.29
1125 97.45 0.00 0.51 1.53 0.00 0.26 0.00 0.00 0.00 0.26
1126 97.98 0.00 1.51 0.00 0.00 0.25 0.00 0.00 0.00 0.25
1127 97.18 0.00 2.05 0.51 0.00 0.00 0.00 0.00 0.00 0.26
1128 97.76 0.00 0.64 0.00 0.00 0.64 0.32 0.00 0.00 0.64
1129 75.79 0.00 1.05 5.26 0.00 0.53 0.00 0.00 0.00 17.37
1130 25.19 0.00 0.25 16.21 0.00 0.00 0.00 0.00 0.00 58.35
1131 24.81 0.00 0.50 17.29 0.00 0.00 0.25 0.00 0.00 57.14
1132 25.06 0.00 0.25 19.55 0.00 0.00 0.00 0.00 0.00 55.14
1133 25.19 0.00 0.00 14.61 0.00 0.00 0.00 0.00 0.00 60.20
1134 33.25 0.00 1.01 7.05 0.00 0.00 0.00 0.00 0.00 58.69
1135 95.40 0.00 2.05 1.28 0.00 0.77 0.00 0.00 0.00 0.51
1136 37.06 0.00 0.51 4.06 0.00 0.25 0.00 0.00 0.00 58.12
1137 25.13 0.00 0.00 1.76 0.00 0.00 0.00 0.00 0.00 73.12
1138 24.49 0.00 0.00 4.29 0.00 0.00 0.00 0.00 0.00 71.21
1139 24.56 0.00 0.25 3.26 0.00 0.00 0.25 0.00 0.00 71.68
1140 25.06 0.00 0.25 3.76 0.00 0.00 0.00 0.00 0.00 70.93
1141 71.20 0.00 1.57 2.88 0.00 0.00 0.00 0.00 0.00 24.35
1142 75.95 0.00 0.00 7.85 0.00 0.00 0.25 0.00 0.00 15.95
1143 71.07 0.00 0.51 0.00 0.00 0.00 0.00 0.00 0.00 28.43
1144 77.35 0.00 0.51 4.58 0.00 0.00 0.00 0.00 0.00 17.56
1145 73.48 0.00 1.26 25.00 0.00 0.00 0.25 0.00 0.00 0.00
1146 73.72 0.00 1.28 16.84 0.00 0.00 0.00 0.00 0.00 8.16
1147 76.98 0.00 2.30 1.28 0.00 0.00 0.00 0.00 0.00 19.44
1148 46.58 0.00 2.03 5.06 0.00 0.00 0.00 0.00 0.00 46.33
1149 36.87 0.00 1.77 6.31 0.00 0.00 0.00 0.00 0.00 55.05
1150 24.62 0.00 0.51 14.72 0.00 0.00 0.00 0.00 0.00 60.15
1151 8.52 0.00 0.75 16.29 0.00 0.00 0.25 0.00 0.00 74.19
1152 0.00 0.00 0.00 3.02 0.00 0.00 0.00 0.00 0.00 96.98
1153 0.25 0.00 0.25 1.51 0.00 0.00 0.00 0.00 0.00 97.99
1154 0.25 0.00 0.25 1.25 0.00 0.00 0.00 0.00 0.00 98.25
1155 0.25 0.00 0.00 1.01 0.00 0.00 0.00 0.00 0.00 98.74
1156 0.25 0.00 0.25 2.26 0.00 0.00 0.00 0.00 0.00 97.24
1157 0.25 0.00 0.00 1.26 0.00 0.00 0.00 0.00 0.00 98.49
1158 0.00 0.00 0.25 1.26 0.00 0.00 0.00 0.00 0.00 98.49
1159 0.00 0.00 0.00 1.75 0.00 0.00 0.25 0.00 0.00 98.00
1160 0.25 0.00 0.00 2.79 0.00 0.00 0.00 0.00 0.00 96.95
1161 0.50 0.00 0.25 2.25 0.00 0.00 0.00 0.00 0.00 97.00
1162 0.00 0.00 0.25 2.76 0.00 0.00 0.00 0.00 0.00 96.98
1163 0.25 0.00 0.00 1.01 0.00 0.00 0.00 0.00 0.00 98.74
1164 0.25 0.00 0.25 2.75 0.00 0.00 0.00 0.00 0.00 96.75
1165 0.00 0.00 0.00 2.02 0.00 0.00 0.00 0.00 0.00 97.98
1166 0.00 0.00 0.75 2.50 0.00 0.00 0.00 0.00 0.00 96.75
1167 1.00 0.00 0.25 16.04 0.00 0.50 0.00 0.00 0.00 82.21
1168 4.31 0.00 3.05 69.29 0.00 0.00 0.00 0.00 0.00 23.35
1169 29.67 0.00 1.02 68.29 0.00 0.51 0.26 0.00 0.00 0.26
1170 10.91 0.00 0.76 88.07 0.00 0.25 0.00 0.00 0.00 0.00
1171 9.21 0.00 0.77 85.42 0.00 0.00 0.00 0.00 0.00 4.60
1172 13.95 0.00 0.78 85.27 0.00 0.00 0.00 0.00 0.00 0.00
1173 33.16 0.00 0.78 65.54 0.00 0.26 0.26 0.00 0.00 0.00
1174 65.61 0.00 1.06 24.34 0.00 1.06 0.00 0.00 0.00 7.94
1175 30.30 0.00 0.25 68.94 0.00 0.51 0.00 0.00 0.00 0.00
1176 0.00 0.00 0.00 100.00 0.00 0.00 0.00 0.00 0.00 0.00
1177 53.91 0.00 0.81 43.94 0.00 0.27 0.00 0.00 0.00 1.08
1178 77.35 0.00 1.02 15.52 0.00 0.25 0.25 0.00 0.00 5.60
1179 69.09 0.00 0.54 17.47 0.00 0.00 0.00 0.00 0.00 12.90
1180 46.58 0.00 0.33 25.73 0.00 0.00 0.00 0.00 0.00 27.36
1181 52.15 0.00 0.51 27.34 0.00 0.00 0.25 0.00 0.00 19.75
1182 57.65 0.00 0.26 13.78 0.00 0.26 0.00 0.00 0.00 28.06
1183 89.65 0.00 0.51 5.05 0.00 0.25 0.00 0.00 0.00 4.55
1184 92.64 0.00 1.02 6.09 0.00 0.00 0.00 0.00 0.00 0.25
1185 81.23 0.00 2.31 16.20 0.00 0.00 0.26 0.00 0.00 0.00
1186 96.92 0.00 2.82 0.26 0.00 0.00 0.00 0.00 0.00 0.00
1187 45.50 0.00 0.25 54.25 0.00 0.00 0.00 0.00 0.00 0.00
1188 25.00 0.00 0.12 37.62 0.00 0.12 0.12 0.00 0.00 37.00
1189 24.94 0.00 0.25 6.80 0.00 0.00 0.00 0.00 0.00 68.01
1190 24.87 0.00 0.25 14.82 0.00 0.00 0.00 0.00 0.00 60.05
1191 24.75 0.00 0.00 7.32 0.00 0.00 0.00 0.00 0.00 67.93
1192 46.67 0.00 1.03 22.05 0.00 0.00 0.00 0.00 0.00 30.26
1193 59.38 0.00 2.08 38.02 0.00 0.26 0.26 0.00 0.00 0.00
1194 54.92 0.00 1.55 43.01 0.00 0.00 0.26 0.00 0.00 0.26
1195 60.98 0.00 1.63 37.13 0.00 0.00 0.27 0.00 0.00 0.00
1196 88.16 0.00 1.84 8.42 0.00 0.26 0.26 0.00 0.00 1.05
1197 98.72 0.00 1.02 0.00 0.00 0.26 0.00 0.00 0.00 0.00
1198 97.21 0.00 2.28 0.00 0.00 0.00 0.00 0.00 0.00 0.51
1199 79.13 0.00 1.27 19.59 0.00 0.00 0.00 0.00 0.00 0.00
1200 60.46 0.00 0.26 38.52 0.00 0.26 0.00 0.00 0.00 0.51
1201 67.19 0.00 2.08 22.66 0.00 0.26 0.78 0.00 0.00 7.03
1202 87.70 0.00 2.88 7.85 0.00 0.52 0.00 0.00 0.00 1.05
1203 95.58 0.00 2.60 1.30 0.00 0.00 0.00 0.00 0.00 0.52
1204 91.33 0.00 2.04 6.38 0.00 0.00 0.00 0.00 0.00 0.26
1205 73.77 0.00 1.30 12.99 0.00 0.00 0.00 0.00 0.00 11.95
1206 35.53 0.00 0.51 39.59 0.00 0.51 0.00 0.00 0.00 23.86
1207 58.29 0.00 1.55 30.31 0.00 0.26 0.00 0.00 0.00 9.59
1208 95.67 0.00 1.53 1.02 0.00 0.25 0.25 0.00 0.00 1.27
1209 97.46 0.00 1.27 0.25 0.00 0.00 0.00 0.00 0.00 1.02
1210 95.63 0.00 1.29 0.00 0.00 0.51 0.00 0.00 0.00 2.57
1211 98.73 0.00 1.02 0.00 0.00 0.25 0.00 0.00 0.00 0.00
1212 97.73 0.00 1.26 0.25 0.00 0.00 0.00 0.00 0.00 0.76
1213 83.04 0.00 2.53 12.91 0.00 0.76 0.25 0.00 0.00 0.51
1214 82.86 0.00 2.05 14.58 0.00 0.26 0.00 0.00 0.00 0.26
1215 38.35 0.00 0.25 9.02 0.00 0.00 0.00 0.00 0.00 52.38
1216 25.06 0.00 0.50 13.53 0.00 0.25 0.00 0.00 0.00 60.65
1217 25.06 0.00 0.25 10.53 0.00 0.00 0.00 0.00 0.00 64.16
1218 24.87 0.00 0.00 2.51 0.00 0.00 0.25 0.00 0.00 72.36
1219 24.94 0.00 0.25 2.27 0.00 0.00 0.00 0.00 0.00 72.54
1220 93.85 0.00 3.59 1.28 0.00 0.00 0.00 0.00 0.00 1.28
1221 97.72 0.00 1.77 0.00 0.00 0.25 0.00 0.00 0.00 0.25
1222 98.47 0.00 1.27 0.00 0.00 0.00 0.00 0.00 0.00 0.25
1223 94.18 0.00 2.28 2.78 0.00 0.25 0.00 0.00 0.00 0.51
1224 61.54 0.00 2.05 35.90 0.00 0.51 0.00 0.00 0.00 0.00
1225 63.27 0.00 3.32 32.65 0.00 0.26 0.26 0.00 0.00 0.26
1226 68.60 0.00 2.11 29.02 0.00 0.00 0.26 0.00 0.00 0.00
1227 96.67 0.00 1.79 1.28 0.00 0.26 0.00 0.00 0.00 0.00
1228 98.48 0.00 1.02 0.00 0.00 0.00 0.00 0.00 0.00 0.51
1229 83.72 0.00 1.53 2.04 0.00 0.25 0.00 0.00 0.00 12.47
1230 73.72 0.00 1.28 6.63 0.00 0.00 0.00 0.00 0.00 18.37
1231 97.46 0.00 2.04 0.00 0.00 0.51 0.00 0.00 0.00 0.00
1232 96.46 0.00 1.77 1.26 0.00 0.25 0.00 0.00 0.00 0.25
1233 95.23 0.00 1.26 0.25 0.00 0.25 0.00 0.00 0.00 3.02
1234 90.15 0.00 1.52 8.08 0.00 0.00 0.25 0.00 0.00 0.00
1235 74.74 0.00 2.34 22.66 0.00 0.26 0.00 0.00 0.00 0.00
1236 55.93 0.00 1.55 42.53 0.00 0.00 0.00 0.00 0.00 0.00
1237 74.49 0.00 1.53 23.98 0.00 0.00 0.00 0.00 0.00 0.00
1238 80.00 0.00 2.82 16.67 0.00 0.26 0.00 0.00 0.00 0.26
1239 82.19 0.00 1.02 16.03 0.00 0.25 0.00 0.00 0.00 0.51
1240 96.45 0.00 1.52 0.25 0.00 0.51 0.00 0.00 0.00 1.27
1241 96.69 0.00 2.21 0.55 0.00 0.28 0.00 0.00 0.00 0.28
1242 21.51 0.00 0.54 15.32 0.00 0.00 0.27 0.00 0.00 62.37
1243 25.06 0.00 0.00 4.51 0.00 0.00 0.00 0.00 0.00 70.43
1244 24.81 0.00 0.25 2.03 0.00 0.00 0.00 0.00 0.00 72.91
1245 25.13 0.00 0.00 3.27 0.00 0.00 0.00 0.00 0.00 71.61
1246 25.13 0.00 0.25 3.52 0.00 0.00 0.00 0.00 0.00 71.11
1247 91.28 0.00 1.03 0.77 0.00 0.77 0.00 0.00 0.00 6.15
1248 97.73 0.00 1.76 0.25 0.00 0.00 0.00 0.00 0.00 0.25
1249 97.71 0.00 1.78 0.00 0.00 0.25 0.00 0.00 0.00 0.25
1250 91.51 0.00 3.45 4.24 0.00 0.00 0.27 0.00 0.00 0.53
1251 69.33 0.00 2.58 27.84 0.00 0.26 0.00 0.00 0.00 0.00
1252 71.51 0.00 1.42 18.80 0.00 0.00 0.00 0.00 0.00 8.26
1253 62.85 0.00 0.51 20.36 0.00 0.00 0.00 0.00 0.00 16.28
1254 49.48 0.00 0.52 38.14 0.00 0.00 0.00 0.00 0.00 11.86
1255 48.58 0.00 1.55 36.43 0.00 0.00 0.00 0.00 0.00 13.44
1256 92.90 0.00 2.46 3.28 0.00 0.55 0.27 0.00 0.00 0.55
1257 96.73 0.00 0.98 0.33 0.00 0.33 0.00 0.00 0.00 1.63
1258 97.77 0.00 1.96 0.00 0.00 0.28 0.00 0.00 0.00 0.00
1259 95.43 0.00 2.03 2.28 0.00 0.00 0.00 0.00 0.00 0.25
1260 96.36 0.00 1.82 0.52 0.00 0.00 0.00 0.00 0.00 1.30
1261 63.17 0.00 1.61 3.23 0.00 0.00 0.00 0.00 0.00 31.99
1262 24.62 0.00 0.25 12.81 0.00 0.00 0.25 0.00 0.00 62.06
1263 25.19 0.00 0.00 15.87 0.00 0.00 0.00 0.00 0.00 58.94
1264 24.94 0.00 0.25 13.10 0.00 0.00 0.00 0.00 0.00 61.71
1265 24.87 0.00 0.00 22.86 0.00 0.00 0.00 0.00 0.00 52.26
1266 24.81 0.00 0.25 8.77 0.00 0.25 0.00 0.00 0.00 65.91
1267 45.74 0.00 1.55 11.89 0.00 0.00 0.00 0.00 0.00 40.83
1268 78.81 0.00 1.29 18.35 0.00 0.26 0.00 0.00 0.00 1.29
1269 93.85 0.00 1.28 3.85 0.00 0.51 0.00 0.00 0.00 0.51
1270 97.72 0.00 1.52 0.25 0.00 0.00 0.00 0.00 0.00 0.51
1271 98.21 0.00 1.28 0.26 0.00 0.00 0.00 0.00 0.00 0.26
1272 96.17 0.00 2.24 0.64 0.00 0.32 0.32 0.00 0.00 0.32
1273 78.11 0.00 3.25 3.85 0.00 0.00 0.30 0.00 0.00 14.50
1274 60.20 0.00 2.30 10.20 0.00 0.26 0.00 0.00 0.00 27.04
1275 48.74 0.00 1.26 0.51 0.00 0.00 0.00 0.00 0.00 49.49
1276 31.30 0.00 0.00 4.58 0.00 0.25 0.00 0.00 0.00 63.87
1277 25.00 0.00 0.76 19.19 0.00 0.00 0.00 0.00 0.00 55.05
1278 27.02 0.00 0.76 8.08 0.00 0.00 0.25 0.00 0.00 63.89
1279 43.15 0.00 1.27 10.66 0.00 0.25 0.00 0.00 0.00 44.67
1280 53.67 0.00 1.27 0.00 0.00 0.00 0.00 0.00 0.00 45.06
1281 49.75 0.00 0.76 13.38 0.00 0.00 0.00 0.00 0.00 36.11
1282 61.79 0.00 1.28 1.28 0.00 0.00 0.00 0.00 0.00 35.64
1283 36.55 0.00 0.51 2.28 0.00 0.00 0.00 0.00 0.00 60.66
1284 24.94 0.00 0.25 2.27 0.00 0.00 0.00 0.00 0.00 72.54
1285 25.13 0.00 0.50 4.27 0.00 0.00 0.00 0.00 0.00 70.10
1286 23.54 0.00 1.27 2.28 0.00 0.00 0.00 0.00 0.00 72.91
1287 12.94 0.00 1.02 2.54 0.00 0.00 0.00 0.00 0.00 83.50
1288 0.25 0.00 0.00 2.51 0.00 0.00 0.00 0.00 0.00 97.24
1289 0.00 0.00 0.00 2.27 0.00 0.00 0.00 0.00 0.00 97.73
1290 0.25 0.00 0.25 10.05 0.00 0.00 0.00 0.00 0.00 89.45
1291 0.25 0.00 0.50 27.39 0.00 0.00 0.00 0.00 0.00 71.86
1292 0.00 0.00 0.00 10.10 0.00 0.00 0.00 0.00 0.00 89.90
1293 0.00 0.00 0.00 21.61 0.00 0.00 0.00 0.00 0.00 78.39
1294 0.25 0.00 0.50 13.03 0.00 0.00 0.00 0.00 0.00 86.22
1295 0.25 0.00 0.00 3.51 0.00 0.00 0.00 0.00 0.00 96.24
1296 0.50 0.00 0.50 12.31 0.00 0.25 0.00 0.00 0.00 86.43
1297 13.04 0.00 1.53 81.84 0.00 0.00 0.26 0.00 0.00 3.32
1298 23.08 0.00 0.77 76.15 0.00 0.00 0.00 0.00 0.00 0.00
1299 5.05 0.00 1.01 93.69 0.00 0.25 0.00 0.00 0.00 0.00
1300 11.25 0.00 2.81 85.93 0.00 0.00 0.00 0.00 0.00 0.00
1301 12.79 0.00 6.14 81.07 0.00 0.00 0.00 0.00 0.00 0.00
1302 32.48 0.00 0.51 66.50 0.00 0.26 0.26 0.00 0.00 0.00
1303 78.17 0.00 1.52 18.78 0.00 0.25 0.00 0.00 0.00 1.27
1304 62.53 0.00 0.52 28.42 0.00 0.00 0.00 0.00 0.00 8.53
1305 64.74 0.00 0.53 21.05 0.00 0.53 0.00 0.00 0.00 13.16
1306 71.17 0.00 2.04 9.69 0.00 0.26 0.00 0.00 0.00 16.84
1307 95.72 0.00 0.76 0.25 0.00 0.25 0.00 0.00 0.00 3.02
1308 95.90 0.00 0.77 0.00 0.00 0.26 0.00 0.00 0.00 3.08
1309 98.22 0.00 0.76 0.51 0.00 0.00 0.00 0.00 0.00 0.51
1310 98.56 0.00 0.86 0.00 0.00 0.00 0.29 0.00 0.00 0.29
1311 97.16 0.00 2.84 0.00 0.00 0.00 0.00 0.00 0.00 0.00
1312 92.42 0.00 6.31 1.26 0.00 0.00 0.00 0.00 0.00 0.00
1313 96.43 0.00 3.06 0.51 0.00 0.00 0.00 0.00 0.00 0.00
1314 88.89 0.00 1.52 9.09 0.00 0.25 0.00 0.00 0.00 0.25
1315 64.63 0.00 1.27 33.84 0.00 0.00 0.00 0.00 0.00 0.25
1316 55.67 0.00 1.29 42.27 0.00 0.00 0.00 0.00 0.00 0.77
1317 29.08 0.00 0.77 68.11 0.00 0.00 0.00 0.00 0.00 2.04
1318 1.50 0.00 0.50 97.74 0.00 0.25 0.00 0.00 0.00 0.00
1319 3.03 0.00 0.25 96.46 0.00 0.00 0.25 0.00 0.00 0.00
1320 8.14 0.00 0.76 91.09 0.00 0.00 0.00 0.00 0.00 0.00
1321 47.61 0.00 1.06 50.80 0.00 0.00 0.27 0.00 0.00 0.27
1322 40.00 0.00 1.05 57.37 0.00 0.00 0.26 0.00 0.00 1.32
1323 24.87 0.00 1.02 55.84 0.00 0.25 0.00 0.00 0.00 18.02
1324 67.97 0.00 1.82 27.60 0.00 0.00 0.00 0.00 0.00 2.60
1325 74.16 0.00 2.13 22.49 0.00 0.00 0.00 0.00 0.00 1.22
1326 55.61 0.00 1.53 14.54 0.00 0.26 0.00 0.00 0.00 28.06
1327 24.36 0.00 1.03 32.82 0.00 0.00 0.00 0.00 0.00 41.79
1328 63.57 0.00 1.03 19.90 0.00 0.00 0.26 0.00 0.00 15.25
1329 85.71 0.00 1.02 4.85 0.00 0.26 0.00 0.00 0.00 8.16
1330 61.32 0.00 0.25 10.43 0.00 0.25 0.00 0.00 0.00 27.74
1331 45.29 0.00 0.25 36.90 0.00 0.00 0.00 0.00 0.00 17.56
1332 49.11 0.00 0.51 38.73 0.00 0.00 0.00 0.00 0.00 11.65
1333 42.20 0.00 1.79 41.69 0.00 0.26 0.00 0.00 0.00 14.07
1334 71.79 0.00 1.03 15.38 0.00 0.26 0.00 0.00 0.00 11.54
1335 87.82 0.00 1.78 7.61 0.00 0.76 0.00 0.00 0.00 2.03
1336 62.18 0.00 0.51 36.80 0.00 0.00 0.00 0.00 0.00 0.51
1337 89.31 0.00 2.04 7.89 0.00 0.51 0.00 0.00 0.00 0.25
1338 87.72 0.00 1.53 9.21 0.00 0.51 0.00 0.00 0.00 1.02
1339 99.24 0.00 0.51 0.00 0.00 0.00 0.00 0.00 0.00 0.25
1340 97.98 0.00 1.52 0.00 0.00 0.25 0.00 0.00 0.00 0.25
1341 97.72 0.00 1.77 0.00 0.00 0.00 0.00 0.00 0.00 0.51
1342 28.39 0.00 0.25 1.26 0.00 0.00 0.00 0.00 0.00 70.10
1343 24.94 0.00 0.00 1.51 0.00 0.00 0.00 0.00 0.00 73.55
1344 22.22 0.00 0.52 0.00 0.00 0.00 0.26 0.00 0.00 77.00
1345 24.69 0.00 0.00 19.14 0.00 0.00 0.00 0.00 0.00 56.17
1346 25.25 0.00 0.00 4.55 0.00 0.00 0.00 0.00 0.00 70.20
1347 24.56 0.00 0.50 5.01 0.00 0.00 0.00 0.00 0.00 69.92
1348 64.97 0.00 1.52 1.27 0.00 0.00 0.00 0.00 0.00 32.23
1349 94.66 0.00 2.54 1.53 0.00 0.25 0.00 0.00 0.00 1.02
1350 72.18 0.00 2.36 12.60 0.00 0.00 0.00 0.00 0.00 12.86
1351 60.10 0.00 4.60 16.62 0.00 0.00 0.00 0.00 0.00 18.67
1352 44.90 0.00 0.77 8.16 0.00 0.00 0.00 0.00 0.00 46.17
1353 24.87 0.00 0.50 9.05 0.00 0.00 0.00 0.00 0.00 65.58
1354 23.23 0.00 1.01 33.59 0.00 0.00 0.00 0.00 0.00 42.17
1355 31.22 0.00 1.52 40.36 0.00 0.00 0.00 0.00 0.00 26.90
1356 23.06 0.00 0.75 40.60 0.00 0.00 0.00 0.00 0.00 35.59
1357 43.30 0.00 1.55 48.20 0.00 0.00 0.26 0.00 0.00 6.70
1358 30.08 0.00 1.29 68.38 0.00 0.00 0.00 0.00 0.00 0.26
1359 32.46 0.00 1.83 62.30 0.00 0.52 0.00 0.00 0.00 2.88
1360 42.82 0.00 0.52 49.09 0.00 0.00 0.26 0.00 0.00 7.31
1361 90.77 0.00 1.28 3.85 0.00 0.51 0.00 0.00 0.00 3.59
1362 92.41 0.00 0.52 6.54 0.00 0.52 0.00 0.00 0.00 0.00
1363 89.57 0.00 1.27 2.54 0.00 0.00 0.00 0.00 0.00 6.62
1364 49.12 0.00 1.01 13.10 0.00 0.25 0.00 0.00 0.00 36.52
1365 46.23 0.00 0.25 15.83 0.00 0.00 0.00 0.00 0.00 37.69
1366 24.75 0.00 0.25 25.51 0.00 0.00 0.00 0.00 0.00 49.49
1367 24.87 0.00 0.25 24.62 0.00 0.00 0.00 0.00 0.00 50.25
1368 24.87 0.00 0.25 24.87 0.00 0.00 0.00 0.00 0.00 50.00
1369 48.22 0.00 0.76 26.14 0.00 0.00 0.00 0.00 0.00 24.87
1370 26.55 0.00 0.77 52.58 0.00 0.00 0.26 0.00 0.00 19.85
1371 6.85 0.00 0.51 71.57 0.00 0.00 0.00 0.00 0.00 21.07
1372 4.29 0.00 0.51 74.49 0.00 0.25 0.00 0.00 0.00 20.45
1373 17.39 0.00 1.28 58.31 0.00 0.00 0.00 0.00 0.00 23.02
1374 49.74 0.00 0.51 40.56 0.00 0.00 0.00 0.00 0.00 9.18
1375 34.44 0.00 0.77 23.98 0.00 0.26 0.00 0.00 0.00 40.56
1376 11.45 0.00 0.25 44.27 0.00 0.00 0.25 0.00 0.00 43.77
1377 35.03 0.00 1.02 44.92 0.00 0.25 0.00 0.00 0.00 18.78
1378 54.38 0.00 1.29 21.13 0.00 0.26 0.00 0.00 0.00 22.94
1379 85.93 0.00 1.02 11.51 0.00 0.26 0.00 0.00 0.00 1.28
1380 71.95 0.00 0.52 27.01 0.00 0.00 0.26 0.00 0.00 0.26
1381 93.25 0.00 1.04 4.16 0.00 0.52 0.00 0.00 0.00 1.04
1382 61.83 0.00 0.51 21.12 0.00 0.00 0.25 0.00 0.00 16.28
1383 49.74 0.00 0.26 28.32 0.00 0.00 0.26 0.00 0.00 21.43
1384 49.75 0.00 0.51 27.16 0.00 0.00 0.00 0.00 0.00 22.59
1385 49.24 0.00 1.52 25.13 0.00 0.00 0.00 0.00 0.00 24.11
1386 64.36 0.00 1.54 12.82 0.00 0.26 0.00 0.00 0.00 21.03
1387 84.01 0.00 1.52 13.96 0.00 0.25 0.00 0.00 0.00 0.25
1388 77.61 0.00 1.53 16.28 0.00 0.00 0.00 0.00 0.00 4.58
1389 83.12 0.00 1.02 15.09 0.00 0.26 0.00 0.00 0.00 0.51
1390 96.86 0.00 1.83 0.79 0.00 0.00 0.26 0.00 0.00 0.26
1391 84.66 0.00 2.12 12.96 0.00 0.00 0.00 0.00 0.00 0.26
1392 79.32 0.00 1.31 7.33 0.00 0.26 0.26 0.00 0.00 11.52
1393 24.75 0.00 0.25 0.00 0.00 0.00 0.00 0.00 0.00 75.00
1394 24.62 0.00 0.75 27.89 0.00 0.00 0.00 0.00 0.00 46.73
1395 24.69 0.00 0.76 27.20 0.00 0.00 0.00 0.00 0.00 47.36
1396 24.56 0.00 0.25 29.87 0.00 0.00 0.25 0.00 0.00 45.06
1397 24.55 0.00 0.51 29.67 0.00 0.00 0.00 0.00 0.00 45.27
1398 73.96 0.00 2.08 10.68 0.00 0.26 0.00 0.00 0.00 13.02
1399 95.58 0.00 2.08 2.08 0.00 0.00 0.00 0.00 0.00 0.26
1400 83.38 0.00 3.12 11.43 0.00 0.26 0.26 0.00 0.00 1.56
1401 88.16 0.00 1.84 9.74 0.00 0.00 0.00 0.00 0.00 0.26
1402 91.93 0.00 2.60 5.21 0.00 0.00 0.00 0.00 0.00 0.26
1403 89.03 0.00 2.55 8.16 0.00 0.26 0.00 0.00 0.00 0.00
1404 65.91 0.00 2.53 14.39 0.00 0.51 0.00 0.00 0.00 16.67
1405 47.31 0.00 1.28 34.27 0.00 0.00 0.00 0.00 0.00 17.14
1406 28.54 0.00 0.76 62.88 0.00 0.00 0.00 0.00 0.00 7.83
1407 35.28 0.00 0.76 58.12 0.00 0.25 0.00 0.00 0.00 5.58
1408 81.38 0.00 2.04 15.31 0.00 0.00 0.00 0.00 0.00 1.28
1409 94.16 0.00 1.78 2.54 0.00 0.00 0.00 0.00 0.00 1.52
1410 92.89 0.00 2.03 4.31 0.00 0.51 0.00 0.00 0.00 0.25
1411 94.18 0.00 1.77 2.78 0.00 0.25 0.00 0.00 0.00 1.01
1412 74.18 0.00 1.01 3.54 0.00 0.00 0.00 0.00 0.00 21.27
1413 27.02 0.00 1.26 25.51 0.00 0.00 0.00 0.00 0.00 46.21
1414 31.71 0.00 1.79 22.51 0.00 0.00 0.00 0.00 0.00 43.99
1415 44.10 0.00 0.77 25.90 0.00 0.00 0.00 0.00 0.00 29.23
1416 28.50 0.00 0.76 31.81 0.00 0.00 0.25 0.00 0.00 38.68
1417 33.76 0.00 0.51 43.40 0.00 0.00 0.00 0.00 0.00 22.34
1418 25.13 0.00 0.51 49.24 0.00 0.00 0.00 0.00 0.00 25.13
1419 24.94 0.00 0.25 49.87 0.00 0.00 0.00 0.00 0.00 24.94
1420 38.73 0.00 2.03 31.14 0.00 0.00 0.00 0.00 0.00 28.10
1421 78.80 0.00 1.83 8.90 0.00 0.00 0.00 0.00 0.00 10.47
1422 81.45 0.00 1.57 4.09 0.00 0.00 0.31 0.00 0.00 12.58
1423 68.00 0.00 0.86 4.29 0.00 0.00 0.00 0.00 0.00 26.86
1424 40.93 0.00 0.52 22.54 0.00 0.00 0.00 0.00 0.00 36.01
1425 0.00 0.00 0.25 30.56 0.00 0.00 0.00 0.00 0.00 69.19
1426 0.00 0.00 0.51 29.11 0.00 0.00 0.00 0.00 0.00 70.38
1427 0.50 0.00 0.50 27.64 0.00 0.00 0.00 0.00 0.00 71.36
1428 0.00 0.00 0.25 28.97 0.00 0.00 0.00 0.00 0.00 70.78
1429 0.25 0.00 0.75 18.30 0.00 0.00 0.00 0.00 0.00 80.70
1430 0.00 0.00 0.25 3.53 0.00 0.00 0.00 0.00 0.00 96.22
1431 0.00 0.00 0.00 2.76 0.00 0.00 0.00 0.00 0.00 97.24
1432 1.25 0.00 0.50 13.75 0.00 0.25 0.00 0.00 0.00 84.25
1433 1.01 0.00 0.51 76.96 0.00 0.00 0.00 0.00 0.00 21.52
1434 4.02 0.00 0.50 95.23 0.00 0.00 0.25 0.00 0.00 0.00
1435 6.62 0.00 1.02 92.37 0.00 0.00 0.00 0.00 0.00 0.00
1436 9.97 0.00 1.28 88.75 0.00 0.00 0.00 0.00 0.00 0.00
1437 24.37 0.00 0.25 75.38 0.00 0.00 0.00 0.00 0.00 0.00
1438 12.41 0.00 1.01 86.08 0.00 0.25 0.25 0.00 0.00 0.00
1439 9.44 0.00 1.02 89.54 0.00 0.00 0.00 0.00 0.00 0.00
1440 28.75 0.00 0.25 70.74 0.00 0.25 0.00 0.00 0.00 0.00
1441 77.49 0.00 0.77 20.72 0.00 0.00 0.26 0.00 0.00 0.77
1442 41.86 0.00 0.78 44.44 0.00 0.26 0.00 0.00 0.00 12.66
1443 18.37 0.00 0.51 49.49 0.00 0.00 0.00 0.00 0.00 31.63
1444 19.34 0.00 0.25 18.07 0.00 0.00 0.00 0.00 0.00 62.34
1445 82.78 0.00 0.51 2.28 0.00 0.25 0.00 0.00 0.00 14.18
1446 82.47 0.00 0.77 1.29 0.00 0.26 0.00 0.00 0.00 15.21
1447 93.42 0.00 0.26 0.53 0.00 0.00 0.00 0.00 0.00 5.79
1448 98.69 0.00 0.33 0.33 0.00 0.00 0.33 0.00 0.00 0.33
1449 99.07 0.00 0.93 0.00 0.00 0.00 0.00 0.00 0.00 0.00
1450 98.98 0.00 1.02 0.00 0.00 0.00 0.00 0.00 0.00 0.00
1451 96.20 0.00 2.03 1.01 0.00 0.00 0.25 0.00 0.00 0.51
1452 97.46 0.00 2.54 0.00 0.00 0.00 0.00 0.00 0.00 0.00
1453 97.98 0.00 2.02 0.00 0.00 0.00 0.00 0.00 0.00 0.00
1454 62.12 0.00 1.77 35.86 0.00 0.00 0.00 0.00 0.00 0.25
1455 20.95 0.00 0.91 78.03 0.00 0.00 0.11 0.00 0.00 0.00
1456 0.25 0.00 0.00 99.75 0.00 0.00 0.00 0.00 0.00 0.00
1457 3.27 0.00 0.50 95.97 0.00 0.00 0.25 0.00 0.00 0.00
1458 2.53 0.00 0.25 97.22 0.00 0.00 0.00 0.00 0.00 0.00
1459 17.81 0.00 0.51 81.68 0.00 0.00 0.00 0.00 0.00 0.00
1460 8.33 0.00 1.77 89.90 0.00 0.00 0.00 0.00 0.00 0.00
1461 39.90 0.00 1.53 58.57 0.00 0.00 0.00 0.00 0.00 0.00
1462 68.03 0.00 2.30 29.41 0.00 0.26 0.00 0.00 0.00 0.00
1463 86.33 0.00 2.53 10.38 0.00 0.51 0.00 0.00 0.00 0.25
1464 95.70 0.00 1.77 2.28 0.00 0.00 0.00 0.00 0.00 0.25
1465 89.41 0.00 1.81 8.53 0.00 0.00 0.00 0.00 0.00 0.26
1466 85.93 0.00 2.56 10.49 0.00 0.26 0.26 0.00 0.00 0.51
1467 54.82 0.00 1.02 44.16 0.00 0.00 0.00 0.00 0.00 0.00
1468 58.84 0.00 1.01 39.65 0.00 0.00 0.25 0.00 0.00 0.25
1469 59.74 0.00 2.31 37.69 0.00 0.26 0.00 0.00 0.00 0.00
1470 38.13 0.00 1.01 60.86 0.00 0.00 0.00 0.00 0.00 0.00
1471 61.80 0.00 2.25 35.67 0.00 0.00 0.00 0.00 0.00 0.28
1472 67.61 0.00 1.29 30.59 0.00 0.51 0.00 0.00 0.00 0.00
1473 85.68 0.00 1.30 12.50 0.00 0.52 0.00 0.00 0.00 0.00
1474 93.09 0.00 1.28 5.12 0.00 0.00 0.26 0.00 0.00 0.26
1475 80.42 0.00 2.12 15.08 0.00 0.26 0.00 0.00 0.00 2.12
1476 76.96 0.00 1.77 16.96 0.00 0.51 0.00 0.00 0.00 3.80
1477 60.71 0.00 2.27 9.32 0.00 0.25 0.00 0.00 0.00 27.46
1478 96.46 0.00 2.28 0.00 0.00 0.51 0.00 0.00 0.00 0.76
1479 93.89 0.00 2.04 1.53 0.00 0.00 0.00 0.00 0.00 2.54
1480 47.69 0.00 1.54 38.72 0.00 0.00 0.00 0.00 0.00 12.05
1481 34.02 0.00 0.26 62.37 0.00 0.00 0.00 0.00 0.00 3.35
1482 53.20 0.00 1.02 45.52 0.00 0.00 0.00 0.00 0.00 0.26
1483 49.49 0.00 1.02 48.98 0.00 0.51 0.00 0.00 0.00 0.00
1484 96.47 0.00 1.76 1.51 0.00 0.25 0.00 0.00 0.00 0.00
1485 97.88 0.00 0.80 0.27 0.00 0.27 0.00 0.00 0.00 0.80
1486 75.51 0.00 1.79 15.05 0.00 0.00 0.26 0.00 0.00 7.40
1487 88.46 0.00 2.31 0.26 0.00 0.00 0.00 0.00 0.00 8.97
1488 91.56 0.00 1.53 2.56 0.00 1.02 0.00 0.00 0.00 3.32
1489 95.14 0.00 1.28 2.56 0.00 0.51 0.00 0.00 0.00 0.51
1490 92.82 0.00 1.28 5.13 0.00 0.26 0.26 0.00 0.00 0.26
1491 95.70 0.00 1.01 3.04 0.00 0.00 0.00 0.00 0.00 0.25
1492 81.31 0.00 1.01 0.00 0.00 0.00 0.00 0.00 0.00 17.68
1493 75.06 0.00 0.51 0.00 0.00 0.26 0.00 0.00 0.00 24.16
1494 96.44 0.00 0.51 0.00 0.00 0.00 0.00 0.00 0.00 3.05
1495 84.65 0.00 1.02 14.07 0.00 0.00 0.00 0.00 0.00 0.26
1496 72.89 0.00 2.05 18.93 0.00 0.00 0.00 0.00 0.00 6.14
1497 13.10 0.00 0.00 24.69 0.00 0.00 0.00 0.00 0.00 62.22
1498 24.81 0.00 0.50 7.77 0.00 0.00 0.00 0.00 0.00 66.92
1499 22.42 0.00 0.00 33.25 0.00 0.00 0.00 0.00 0.00 44.33
1500 24.25 0.00 0.50 24.50 0.00 0.00 0.25 0.00 0.00 50.50
1501 24.81 0.00 0.25 25.82 0.00 0.00 0.00 0.00 0.00 49.11
1502 22.81 0.00 0.00 6.02 0.00 0.00 0.00 0.00 0.00 71.18
1503 39.90 0.00 2.33 5.70 0.00 0.52 0.26 0.00 0.00 51.30
1504 91.37 0.00 3.50 4.04 0.00 0.54 0.27 0.00 0.00 0.27
1505 89.61 0.00 3.26 5.04 0.00 0.30 0.30 0.00 0.00 1.48
1506 83.25 0.00 2.84 13.14 0.00 0.26 0.00 0.00 0.00 0.52
1507 92.64 0.00 3.81 2.54 0.00 0.25 0.00 0.00 0.00 0.76
1508 89.44 0.00 1.39 8.06 0.00 0.28 0.28 0.00 0.00 0.56
1509 87.72 0.00 0.51 10.74 0.00 0.26 0.26 0.00 0.00 0.51
1510 82.86 0.00 1.53 15.09 0.00 0.26 0.00 0.00 0.00 0.26
1511 86.51 0.00 1.78 10.94 0.00 0.00 0.00 0.00 0.00 0.76
1512 91.90 0.00 2.28 4.05 0.00 0.25 0.00 0.00 0.00 1.52
1513 82.65 0.00 2.81 5.87 0.00 0.00 0.00 0.00 0.00 8.67
1514 25.00 0.00 0.00 4.55 0.00 0.00 0.00 0.00 0.00 70.45
1515 24.87 0.00 0.50 8.29 0.00 0.00 0.00 0.00 0.00 66.33
1516 24.81 0.00 0.25 2.76 0.00 0.25 0.00 0.00 0.00 71.93
1517 24.87 0.00 0.25 4.02 0.00 0.00 0.25 0.00 0.00 70.60
1518 34.62 0.00 0.77 6.67 0.00 0.00 0.00 0.00 0.00 57.95
1519 95.37 0.00 1.80 2.31 0.00 0.51 0.00 0.00 0.00 0.00
1520 91.86 0.00 3.31 4.33 0.00 0.25 0.00 0.00 0.00 0.25
1521 95.35 0.00 1.55 1.29 0.00 0.00 0.00 0.00 0.00 1.81
1522 78.15 0.00 1.29 19.54 0.00 0.00 0.00 0.00 0.00 1.03
1523 60.00 0.00 1.56 33.77 0.00 0.26 0.00 0.00 0.00 4.42
1524 61.88 0.00 1.04 31.33 0.00 0.00 0.26 0.00 0.00 5.48
1525 86.29 0.00 1.27 2.79 0.00 0.51 0.00 0.00 0.00 9.14
1526 58.08 0.00 0.51 1.52 0.00 0.25 0.00 0.00 0.00 39.65
1527 24.43 0.00 0.25 4.07 0.00 0.00 0.00 0.00 0.00 71.25
1528 24.87 0.00 0.50 3.27 0.00 0.00 0.00 0.00 0.00 71.36
1529 24.62 0.00 0.00 9.64 0.00 0.00 0.00 0.00 0.00 65.74
1530 25.00 0.00 0.51 24.75 0.00 0.00 0.00 0.00 0.00 49.75
1531 52.51 0.00 0.79 7.12 0.00 0.26 0.00 0.00 0.00 39.31
1532 97.93 0.00 1.04 0.78 0.00 0.00 0.00 0.00 0.00 0.26
1533 85.64 0.00 2.31 2.31 0.00 0.00 0.00 0.00 0.00 9.74
1534 69.29 0.00 2.54 21.57 0.00 0.76 0.00 0.00 0.00 5.84
1535 51.03 0.00 2.05 23.08 0.00 0.26 0.00 0.00 0.00 23.59
1536 75.70 0.00 2.30 14.83 0.00 0.00 0.00 0.00 0.00 7.16
1537 81.91 0.00 0.78 9.30 0.00 0.00 0.26 0.00 0.00 7.75
1538 64.69 0.00 1.03 34.02 0.00 0.26 0.00 0.00 0.00 0.00
1539 62.40 0.00 0.77 36.57 0.00 0.26 0.00 0.00 0.00 0.00
1540 32.99 0.00 0.26 66.75 0.00 0.00 0.00 0.00 0.00 0.00
1541 64.89 0.00 1.27 20.36 0.00 0.25 0.00 0.00 0.00 13.23
1542 76.46 0.00 1.01 2.28 0.00 0.25 0.25 0.00 0.00 19.75
1543 25.13 0.00 0.25 6.28 0.00 0.00 0.00 0.00 0.00 68.34
1544 24.94 0.00 0.00 5.04 0.00 0.00 0.00 0.00 0.00 70.03
1545 25.13 0.00 0.25 3.52 0.00 0.00 0.00 0.00 0.00 71.11
1546 25.00 0.00 0.50 4.25 0.00 0.00 0.00 0.00 0.00 70.25
1547 45.92 0.00 0.77 1.53 0.00 0.00 0.00 0.00 0.00 51.79
1548 91.89 0.00 1.89 0.00 0.00 0.00 0.27 0.00 0.00 5.95
1549 84.47 0.00 1.58 4.74 0.00 0.26 0.00 0.00 0.00 8.95
1550 96.20 0.00 1.01 1.77 0.00 0.00 0.00 0.00 0.00 1.01
1551 87.56 0.00 0.76 0.25 0.00 0.00 0.00 0.00 0.00 11.42
1552 48.74 0.00 1.52 3.03 0.00 0.00 0.00 0.00 0.00 46.72
1553 59.03 0.00 1.02 13.23 0.00 0.00 0.00 0.00 0.00 26.72
1554 54.57 0.00 2.03 37.06 0.00 0.00 0.00 0.00 0.00 6.35
1555 39.75 0.00 1.01 25.32 0.00 0.00 0.51 0.00 0.00 33.42
1556 57.47 0.00 0.76 0.25 0.00 0.00 0.00 0.00 0.00 41.52
1557 56.46 0.00 1.01 0.76 0.00 0.00 0.00 0.00 0.00 41.77
1558 48.61 0.00 1.27 3.54 0.00 0.00 0.00 0.00 0.00 46.58
1559 48.87 0.00 1.26 1.01 0.00 0.00 0.00 0.00 0.00 48.87
1560 29.77 0.00 1.02 7.89 0.00 0.00 0.51 0.00 0.00 60.81
1561 23.87 0.00 1.51 6.03 0.00 0.00 0.00 0.00 0.00 68.59
1562 31.31 0.00 1.01 4.04 0.00 0.00 0.00 0.00 0.00 63.64
1563 7.56 0.00 0.25 4.28 0.00 0.00 0.00 0.00 0.00 87.91
1564 0.25 0.00 0.75 4.24 0.00 0.00 0.00 0.00 0.00 94.76
1565 0.25 0.00 0.00 4.02 0.00 0.00 0.00 0.00 0.00 95.73
1566 0.00 0.00 0.00 4.53 0.00 0.00 0.00 0.00 0.00 95.47
1567 0.00 0.00 0.00 6.31 0.00 0.00 0.00 0.00 0.00 93.69
1568 0.25 0.00 0.25 14.29 0.00 0.00 0.00 0.00 0.00 85.21
1569 0.25 0.00 0.00 18.80 0.00 0.00 0.00 0.00 0.00 80.95
1570 0.00 0.00 0.25 4.03 0.00 0.00 0.00 0.00 0.00 95.72
1571 0.00 0.00 0.00 3.27 0.00 0.00 0.00 0.00 0.00 96.73
1572 0.00 0.00 0.25 4.26 0.00 0.00 0.00 0.00 0.00 95.49
1573 0.25 0.00 0.25 13.85 0.00 0.00 0.00 0.00 0.00 85.64
1574 0.76 0.00 0.25 37.88 0.00 0.00 0.00 0.00 0.00 61.11
1575 0.00 0.00 0.00 72.77 0.00 0.00 0.25 0.00 0.00 26.97
1576 0.25 0.00 0.25 50.13 0.00 0.00 0.00 0.00 0.00 49.37
1577 0.50 0.00 1.00 68.42 0.00 0.00 0.00 0.00 0.00 30.08
1578 0.25 0.00 0.25 80.51 0.00 0.00 0.00 0.00 0.00 18.99
1579 1.77 0.00 0.51 46.21 0.00 0.00 0.00 0.00 0.00 51.52
1580 41.94 0.00 1.79 27.62 0.00 0.26 0.26 0.00 0.00 28.13
1581 49.36 0.00 1.29 49.10 0.00 0.00 0.00 0.00 0.00 0.26
1582 89.37 0.00 2.03 4.81 0.00 1.01 0.00 0.00 0.00 2.78
1583 99.24 0.00 0.51 0.00 0.00 0.00 0.00 0.00 0.00 0.25
1584 62.78 0.00 0.51 25.32 0.00 0.00 0.00 0.00 0.00 11.39
1585 1.01 0.00 0.51 56.06 0.00 0.00 0.00 0.00 0.00 42.42
1586 0.76 0.00 0.25 47.59 0.00 0.00 0.25 0.00 0.00 51.14
1587 0.76 0.00 0.00 37.66 0.00 0.00 0.00 0.00 0.00 61.58
1588 1.26 0.00 0.25 50.76 0.00 0.25 0.00 0.00 0.00 47.47
1589 34.97 0.00 1.30 37.05 0.00 0.00 0.00 0.00 0.00 26.68
1590 1.78 0.00 0.51 57.00 0.00 0.00 0.51 0.00 0.00 40.20
1591 1.52 0.00 0.25 58.99 0.00 0.00 0.00 0.00 0.00 39.24
1592 0.25 0.00 0.25 64.89 0.00 0.00 0.00 0.00 0.00 34.61
1593 1.02 0.00 0.76 59.54 0.00 0.00 0.00 0.00 0.00 38.68
1594 0.25 0.00 0.25 44.81 0.00 0.00 0.00 0.00 0.00 54.68
1595 0.25 0.00 0.25 42.53 0.00 0.00 0.00 0.00 0.00 56.96
1596 0.76 0.00 1.26 54.41 0.00 0.00 0.00 0.00 0.00 43.58
1597 0.50 0.00 0.50 38.19 0.00 0.00 0.25 0.00 0.00 60.55
1598 0.25 0.00 0.75 45.23 0.00 0.00 0.00 0.00 0.00 53.77
1599 0.25 0.00 1.01 36.02 0.00 0.00 0.00 0.00 0.00 62.72
1600 2.56 0.00 1.02 42.20 0.00 0.00 0.00 0.00 0.00 54.22
1601 0.50 0.00 0.50 31.83 0.00 0.00 0.00 0.00 0.00 67.17
1602 0.51 0.00 0.76 73.74 0.00 0.00 0.00 0.00 0.00 25.00
1603 0.25 0.00 0.25 52.78 0.00 0.00 0.00 0.00 0.00 46.72
1604 0.76 0.00 0.76 73.55 0.00 0.00 0.25 0.00 0.00 24.69
1605 0.00 0.00 0.25 65.82 0.00 0.00 0.00 0.00 0.00 33.92
1606 0.76 0.00 0.25 49.62 0.00 0.00 0.00 0.00 0.00 49.37
1607 0.25 0.00 0.76 35.77 0.00 0.00 0.00 0.00 0.00 63.22
1608 0.25 0.00 0.51 39.39 0.00 0.00 0.00 0.00 0.00 59.85
1609 0.25 0.00 0.25 49.62 0.00 0.00 0.00 0.00 0.00 49.87
1610 0.00 0.00 0.25 49.50 0.00 0.25 0.00 0.00 0.00 50.00
1611 0.51 0.00 0.00 54.29 0.00 0.00 0.00 0.00 0.00 45.20
1612 0.50 0.00 0.25 49.37 0.00 0.00 0.00 0.00 0.00 49.87
1613 0.25 0.00 0.50 49.50 0.00 0.00 0.00 0.00 0.00 49.75
1614 0.25 0.00 0.00 62.31 0.00 0.00 0.25 0.00 0.00 37.19
1615 0.25 0.00 0.25 49.37 0.00 0.00 0.00 0.00 0.00 50.13
1616 0.76 0.00 0.25 50.38 0.00 0.00 0.00 0.00 0.00 48.61
1617 1.02 0.00 0.76 51.27 0.00 0.25 0.00 0.00 0.00 46.70
1618 1.01 0.00 1.26 56.31 0.00 0.00 0.25 0.00 0.00 41.16
1619 1.01 0.00 1.26 34.92 0.00 0.00 0.25 0.00 0.00 62.56
1620 0.51 0.00 0.77 55.75 0.00 0.00 0.26 0.00 0.00 42.71
1621 0.50 0.00 0.25 42.07 0.00 0.00 0.00 0.00 0.00 57.18
1622 0.76 0.00 0.25 49.37 0.00 0.00 0.00 0.00 0.00 49.62
1623 0.76 0.00 0.25 47.61 0.00 0.00 0.00 0.00 0.00 51.39
1624 0.00 0.00 0.00 45.92 0.00 0.00 0.00 0.00 0.00 54.08
1625 0.25 0.00 0.00 47.59 0.00 0.00 0.00 0.00 0.00 52.15
1626 0.50 0.00 0.25 26.45 0.00 0.00 0.00 0.00 0.00 72.80
1627 3.28 0.00 2.02 46.21 0.00 0.00 0.25 0.00 0.00 48.23
1628 1.52 0.00 1.77 41.41 0.00 0.00 0.00 0.00 0.00 55.30
1629 1.02 0.00 1.53 66.67 0.00 0.25 0.00 0.00 0.00 30.53
1630 30.87 0.00 1.28 60.97 0.00 0.00 0.26 0.00 0.00 6.63
1631 42.78 0.00 1.87 41.44 0.00 0.53 0.00 0.00 0.00 13.37
1632 92.27 0.00 2.58 3.35 0.00 0.52 0.00 0.00 0.00 1.29
1633 98.98 0.00 0.51 0.00 0.00 0.00 0.00 0.00 0.00 0.51
1634 65.82 0.00 1.27 10.63 0.00 0.00 0.25 0.00 0.00 22.03
1635 1.78 0.00 1.27 26.72 0.00 0.00 0.00 0.00 0.00 70.23
1636 0.25 0.00 0.00 1.76 0.00 0.00 0.00 0.00 0.00 97.99
1637 0.00 0.00 0.00 2.52 0.00 0.00 0.00 0.00 0.00 97.48
1638 1.01 0.00 0.50 46.98 0.00 0.00 0.00 0.00 0.00 51.51
1639 0.76 0.00 1.01 41.06 0.00 0.00 0.00 0.00 0.00 57.18
1640 0.51 0.00 0.76 66.50 0.00 0.00 0.00 0.00 0.00 32.23
1641 0.25 0.00 0.76 65.82 0.00 0.00 0.00 0.00 0.00 33.16
1642 0.25 0.00 4.79 51.64 0.00 0.00 0.25 0.00 0.00 43.07
1643 0.25 0.00 0.51 35.19 0.00 0.00 0.00 0.00 0.00 64.05
1644 0.25 0.00 0.76 28.72 0.00 0.00 0.00 0.00 0.00 70.28
1645 0.50 0.00 0.50 29.32 0.00 0.00 0.00 0.00 0.00 69.67
1646 0.50 0.00 0.50 26.45 0.00 0.00 0.00 0.00 0.00 72.54
1647 0.25 0.00 0.50 8.50 0.00 0.00 0.00 0.00 0.00 90.75
1648 0.00 0.00 0.25 2.26 0.00 0.00 0.00 0.00 0.00 97.49
1649 0.25 0.00 0.25 3.52 0.00 0.00 0.00 0.00 0.00 95.98
1650 0.25 0.00 0.50 3.50 0.00 0.00 0.00 0.00 0.00 95.75
1651 0.00 0.00 0.25 2.76 0.00 0.00 0.00 0.00 0.00 96.98
1652 0.00 0.00 0.50 3.50 0.00 0.00 0.00 0.00 0.00 96.00
1653 0.25 0.00 0.25 4.00 0.00 0.00 0.00 0.00 0.00 95.50
1654 0.50 0.00 1.24 12.44 0.00 0.00 0.00 0.00 0.00 85.82
1655 0.00 0.00 0.25 4.02 0.00 0.00 0.00 0.00 0.00 95.73
1656 0.25 0.00 0.25 3.75 0.00 0.00 0.00 0.00 0.00 95.75
1657 0.25 0.00 0.00 8.27 0.00 0.00 0.00 0.00 0.00 91.48
1658 0.25 0.00 0.00 17.59 0.00 0.00 0.00 0.00 0.00 82.16
1659 0.00 0.00 0.00 17.04 0.00 0.00 0.00 0.00 0.00 82.96
1660 0.25 0.00 0.00 15.83 0.00 0.00 0.00 0.00 0.00 83.92
1661 0.00 0.00 0.00 15.04 0.00 0.00 0.00 0.00 0.00 84.96
1662 0.25 0.00 0.25 20.50 0.00 0.00 0.25 0.00 0.00 78.75
1663 0.25 0.00 0.00 17.29 0.00 0.00 0.00 0.00 0.00 82.46
1664 0.00 0.00 0.25 19.85 0.00 0.00 0.00 0.00 0.00 79.90
1665 0.00 0.00 0.00 14.57 0.00 0.00 0.00 0.00 0.00 85.43
1666 0.25 0.00 0.25 3.26 0.00 0.00 0.00 0.00 0.00 96.24
1667 0.25 0.00 0.25 3.25 0.00 0.00 0.00 0.00 0.00 96.25
1668 0.00 0.00 0.25 2.76 0.00 0.00 0.00 0.00 0.00 96.99
1669 0.00 0.00 0.50 25.19 0.00 0.00 0.00 0.00 0.00 74.31
1670 0.00 0.00 0.00 4.02 0.00 0.00 0.00 0.00 0.00 95.98
1671 0.00 0.00 0.25 3.26 0.00 0.00 0.00 0.00 0.00 96.49
1672 0.50 0.00 0.25 3.49 0.00 0.00 0.00 0.00 0.00 95.76
1673 0.00 0.00 0.00 4.27 0.00 0.00 0.00 0.00 0.00 95.73
1674 0.25 0.00 0.25 3.50 0.00 0.25 0.00 0.00 0.00 95.75
1675 0.00 0.00 0.25 2.75 0.00 0.00 0.00 0.00 0.00 97.00
1676 0.00 0.00 0.25 2.76 0.00 0.00 0.00 0.00 0.00 96.99
1677 0.00 0.00 0.00 4.01 0.00 0.00 0.00 0.00 0.00 95.99
1678 0.25 0.00 0.00 3.26 0.00 0.00 0.00 0.00 0.00 96.49
1679 0.25 0.00 0.25 3.52 0.00 0.00 0.00 0.00 0.00 95.98
1680 0.00 0.00 0.50 3.27 0.00 0.00 0.00 0.00 0.00 96.23
1681 0.00 0.00 0.25 4.00 0.00 0.00 0.00 0.00 0.00 95.75
1682 0.25 0.00 0.25 2.75 0.00 0.00 0.00 0.00 0.00 96.75
1683 0.00 0.00 0.25 2.01 0.00 0.00 0.00 0.00 0.00 97.74
1684 0.00 0.00 0.25 2.25 0.00 0.00 0.00 0.00 0.00 97.50
1685 0.00 0.00 0.00 4.52 0.00 0.00 0.00 0.00 0.00 95.48
1686 0.00 0.00 0.25 2.75 0.00 0.00 0.00 0.00 0.00 97.00
1687 0.25 0.00 0.25 4.00 0.00 0.00 0.25 0.00 0.00 95.25
1688 0.25 0.00 0.00 3.76 0.00 0.00 0.00 0.00 0.00 95.99
1689 0.50 0.00 0.50 2.99 0.00 0.00 0.00 0.00 0.00 96.02
1690 0.00 0.00 0.25 2.76 0.00 0.00 0.00 0.00 0.00 96.99
1691 0.00 0.00 0.00 2.76 0.00 0.00 0.00 0.00 0.00 97.24
1692 0.25 0.00 0.25 2.26 0.00 0.00 0.00 0.00 0.00 97.24
1693 0.25 0.00 0.00 2.75 0.00 0.00 0.00 0.00 0.00 97.00
1694 0.00 0.00 0.25 3.26 0.00 0.00 0.00 0.00 0.00 96.49
1695 0.00 0.00 0.00 2.51 0.00 0.00 0.00 0.00 0.00 97.49
1696 0.00 0.00 0.50 3.51 0.00 0.00 0.00 0.00 0.00 95.99
1697 0.25 0.00 0.25 3.51 0.00 0.00 0.00 0.00 0.00 95.99
1698 0.00 0.00 0.25 2.51 0.00 0.00 0.00 0.00 0.00 97.24
1699 0.00 0.00 0.00 2.26 0.00 0.00 0.00 0.00 0.00 97.74
1700 0.25 0.00 0.00 2.51 0.00 0.00 0.00 0.00 0.00 97.24
1701 0.00 0.00 0.25 2.75 0.00 0.00 0.00 0.00 0.00 97.00
1702 0.00 0.00 0.25 3.27 0.00 0.00 0.00 0.00 0.00 96.48
1703 0.00 0.00 0.00 3.77 0.00 0.00 0.00 0.00 0.00 96.23
1704 0.25 0.00 0.25 3.75 0.00 0.00 0.00 0.00 0.00 95.75
1705 0.00 0.00 0.00 3.02 0.00 0.00 0.00 0.00 0.00 96.98
1706 0.25 0.00 0.50 4.00 0.00 0.00 0.00 0.00 0.00 95.25
1707 0.00 0.00 0.00 8.54 0.00 0.00 0.00 0.00 0.00 91.46
1708 0.00 0.00 0.50 15.37 0.00 0.00 0.00 0.00 0.00 84.13
1709 1.77 0.00 1.52 25.32 0.00 0.25 0.25 0.00 0.00 70.89
1710 3.27 0.00 2.51 23.37 0.00 0.00 0.25 0.00 0.00 70.60
1711 0.77 0.00 1.28 23.27 0.00 0.00 0.00 0.00 0.00 74.68
1712 0.25 0.00 0.25 4.25 0.00 0.00 0.00 0.00 0.00 95.25
1713 0.25 0.00 0.00 4.77 0.00 0.00 0.00 0.00 0.00 94.97
1714 0.25 0.00 0.00 5.03 0.00 0.00 0.00 0.00 0.00 94.72
1715 0.00 0.00 0.25 5.26 0.00 0.00 0.00 0.00 0.00 94.49
1716 0.25 0.00 0.25 3.99 0.00 0.00 0.00 0.00 0.00 95.51
1717 0.00 0.00 0.00 4.80 0.00 0.00 0.00 0.00 0.00 95.20
1718 0.25 0.00 0.50 5.24 0.00 0.00 0.00 0.00 0.00 94.01
1719 0.25 0.00 0.25 4.26 0.00 0.00 0.00 0.00 0.00 95.24
1720 0.25 0.00 0.25 3.23 0.00 0.00 0.25 0.00 0.00 96.02
1721 0.25 0.00 0.50 4.01 0.00 0.00 0.00 0.00 0.00 95.24
1722 0.00 0.00 0.25 3.51 0.00 0.00 0.00 0.00 0.00 96.24
1723 0.00 0.00 0.25 3.51 0.00 0.00 0.00 0.00 0.00 96.24
1724 0.00 0.00 0.25 4.75 0.00 0.00 0.00 0.00 0.00 95.00
1725 0.25 0.00 0.25 4.00 0.00 0.00 0.00 0.00 0.00 95.50
1726 6.12 0.00 3.57 9.44 0.00 0.00 0.00 0.00 0.00 80.87
1727 0.00 0.00 0.25 3.27 0.00 0.00 0.00 0.00 0.00 96.47
