0 1.66 0.37 0.00
1 0.55 0.30 0.00
2 1.29 0.82 0.00
3 1.49 0.30 0.00
4 0.77 0.30 0.00
5 5.71 3.94 0.00
6 3.92 2.32 0.00
7 1.81 0.30 0.00
8 1.81 0.82 0.00
9 5.04 0.43 0.00
10 1.71 2.94 0.00
11 2.06 2.36 0.00
12 1.94 1.87 0.00
13 1.23 0.30 0.00
14 1.88 0.82 0.00
15 2.14 0.30 0.00
16 1.86 1.97 0.00
17 1.54 0.82 0.00
18 1.74 0.30 0.00
19 0.55 0.30 0.00
20 1.33 0.82 0.00
21 1.89 1.78 0.00
22 0.77 0.30 0.00
23 1.48 0.82 0.00
24 0.66 0.06 0.00
25 0.66 0.24 0.00
26 2.17 2.36 0.00
27 3.35 3.70 0.00
28 2.14 5.00 0.00
29 17.22 9.29 0.00
30 73418.76 162.40 0.00
31 15155.07 33.29 0.00
32 0.99 0.89 0.00
33 4.56 4.00 0.00
34 2.22 0.30 0.00
35 0.88 0.82 0.00
36 24.77 5.38 0.00
37 2.02 13.70 0.00
38 1.03 10.20 0.00
39 0.66 0.30 0.00
40 1.22 0.30 0.00
41 1.28 2.42 0.00
42 4.12 4.19 0.00
43 1.59 0.30 0.00
44 0.66 0.82 0.00
45 1.15 4.54 0.00
46 2.47 1.88 0.00
47 0.66 0.85 0.00
48 2.53 0.30 0.00
49 0.66 0.30 0.00
50 0.77 0.82 0.00
51 3.11 1.79 0.00
52 0.99 0.36 0.00
53 0.99 0.95 0.00
54 3.03 0.30 0.00
55 1.17 4.54 0.00
56 1.36 2.21 0.00
57 1.68 0.45 0.00
58 1.04 1.73 0.00
59 0.66 0.82 0.00
60 1.22 0.30 0.00
61 1.43 1.55 0.00
62 1.00 0.92 0.00
63 1.27 0.30 0.00
64 1.00 0.30 0.00
65 0.95 5.06 0.00
66 2.52 1.79 0.00
67 2.70 0.36 0.00
68 1.04 0.82 0.00
69 1.23 0.30 0.00
70 1.92 0.30 0.00
71 1.38 2.23 0.00
72 19.32 34.59 0.00
73 1.94 0.30 0.00
74 0.99 0.82 0.00
75 0.55 0.30 0.00
76 2.42 1.97 0.00
77 1.17 5.06 0.00
78 1.52 0.30 0.00
79 1.33 0.30 0.00
80 0.66 0.82 0.00
81 1.90 1.78 0.00
82 1.39 0.43 0.00
83 0.59 0.82 0.00
84 0.44 0.30 0.00
85 1.62 4.54 0.00
86 1.17 2.36 0.00
87 2.94 1.87 0.00
88 1.04 0.30 0.00
89 1.94 0.82 0.00
90 2.59 0.30 0.00
91 1.20 1.65 0.00
92 1.00 0.30 0.00
93 2.96 0.82 0.00
94 1.58 0.30 0.00
95 1.06 5.06 0.00
96 1.50 1.71 0.00
97 1.56 0.30 0.00
98 0.60 0.82 0.00
99 1.11 0.30 0.00
100 0.98 0.58 0.00
101 16.73 93.25 0.00
102 18.86 2823.77 0.00
103 23.43 5996.59 0.00
104 1768.34 8959.19 0.00
105 3964.08 8181.23 0.00
106 12688.04 11892.12 0.00
107 7822.69 5814.28 0.00
108 24.76 7216.35 0.00
109 3796.40 5822.63 0.00
110 17473.34 39.55 0.00
111 9511.62 21.50 0.00
112 8941.54 19.25 0.00
113 14714.87 30.47 0.00
114 8468.91 17.77 0.00
115 13499.44 31.24 0.00
116 8837.86 20.99 0.00
117 11779.90 25.08 0.00
118 4914.21 5102.15 0.00
119 11.31 5730.32 0.00
120 0.68 0.43 0.00
121 2.02 2.04 0.00
122 6.21 2193.97 0.00
123 0.60 0.30 0.00
124 0.97 0.43 0.00
125 3.00 5.06 0.00
126 0.78 1.78 0.00
127 2.07 0.37 0.00
128 2.16 0.82 0.00
129 1.34 0.30 0.00
130 2.49 0.45 0.00
131 2.31 6.91 0.00
132 1.58 11.90 0.00
133 2.92 5.32 0.00
134 1.18 0.82 0.00
135 18.71 15.19 0.00
136 626.23 24.49 0.00
137 13003.92 5374.42 0.00
138 6270.34 2606.07 0.00
139 11953.06 1908.25 0.00
140 9501.39 8054.04 0.00
141 8805.23 5666.82 0.00
142 10214.61 8896.17 0.00
143 13166.09 20043.80 0.00
144 2941.58 4567.22 0.00
145 2293.77 673.78 0.00
146 2032.51 6.75 0.00
147 2668.18 5.55 0.00
148 1144.43 1.85 0.00
149 1.19 1.01 0.00
150 3681.99 5046.21 0.00
151 2756.21 7843.97 0.00
152 2926.37 8888.26 0.00
153 4039.25 5459.87 0.00
154 1666.46 3187.96 0.00
155 1358.13 2583.93 0.00
156 1019.83 2853.11 0.00
157 1179.37 2609.23 0.00
158 11.12 6087.36 0.00
159 1.56 5.26 0.00
160 0.97 0.30 0.00
161 1.38 0.30 0.00
162 2.69 2.42 0.00
163 1.36 1.87 0.00
164 2.34 0.95 0.00
165 1.44 0.30 0.00
166 1.64 0.38 0.00
167 3.65 2.49 0.00
168 1.46 0.43 0.00
169 0.66 0.30 0.00
170 6.21 540.84 0.00
171 6.90 1041.80 0.00
172 2.85 279.83 0.00
173 5.32 535.19 0.00
174 7.93 1084.44 0.00
175 4.28 808.50 0.00
176 9.31 2114.08 0.00
177 10.34 2894.87 0.00
178 7.01 1471.67 0.00
179 10.04 2643.62 0.00
180 5.21 1735.52 0.00
181 7.60 2818.02 0.00
182 10.17 4583.75 0.00
183 8.93 3412.82 0.00
184 8.08 2362.05 0.00
185 11.15 3104.15 0.00
186 10.56 3866.18 0.00
187 14.99 5997.61 0.00
188 12.68 3784.19 0.00
189 3.82 1604.21 0.00
190 10.41 3154.77 0.00
191 18.71 5086.09 0.00
192 11.68 4351.83 0.00
193 12.10 3625.34 0.00
194 12.01 2385.95 0.00
195 9.89 2149.54 0.00
196 11.18 2581.40 0.00
197 14.38 3958.90 0.00
198 13.02 4642.77 0.00
199 15.97 6307.71 0.00
200 5.35 2467.81 0.00
201 4.51 1905.43 0.00
202 2.50 13.69 0.00
203 2.08 0.30 0.00
204 1.65 0.30 0.00
205 1.95 4.25 0.00
206 2.03 0.30 0.00
207 2.15 1.75 0.00
208 5851.68 1500.78 0.00
209 13141.57 3357.76 0.00
210 13482.57 8901.15 0.00
211 6882.71 1065.16 0.00
212 6138.61 8.35 0.00
213 4424.52 1620.42 0.00
214 3204.04 6529.03 0.00
215 5837.37 5781.91 0.00
216 5584.27 4250.34 0.00
217 6429.81 4893.76 0.00
218 4937.78 6333.70 0.00
219 4507.91 2861.09 0.00
220 4171.45 834.88 0.00
221 2358.99 1442.83 0.00
222 3622.33 1256.31 0.00
223 5317.01 282.38 0.00
224 3438.37 143.79 0.00
225 3042.93 915.80 0.00
226 760.33 2002.07 0.00
227 3.99 271.92 0.00
228 9.17 1349.87 0.00
229 10.66 2308.96 0.00
230 13.44 3039.72 0.00
231 10.03 1535.39 0.00
232 2.09 22.21 0.00
233 1.60 0.30 0.00
234 1.33 0.30 0.00
235 6.29 895.83 0.00
236 7.58 1077.57 0.00
237 5.98 719.14 0.00
238 6.48 789.58 0.00
239 8.66 1466.52 0.00
240 5.88 962.58 0.00
241 5.33 1396.04 0.00
242 5.26 23.38 0.00
243 1.04 0.00 0.00
244 1.52 0.13 0.00
245 3.22 3.50 0.00
246 15.72 3472.29 0.00
247 18.43 6287.73 0.00
248 15.84 7056.17 0.00
249 14.19 7228.86 0.00
250 11.68 4306.08 0.00
251 19.82 9344.15 0.00
252 24.17 14533.83 0.00
253 16.96 8073.90 0.00
254 4.90 2635.37 0.00
255 4.68 1848.77 0.00
256 6.40 3154.32 0.00
257 4.29 2710.95 0.00
258 1.41 57.33 0.00
259 1.44 0.82 0.00
260 0.96 8.78 0.00
261 1.33 4.33 0.00
262 2.40 2.36 0.00
263 0.44 0.45 0.00
264 1.89 4.33 0.00
265 1.96 2.44 0.00
266 0.77 0.30 0.00
267 2.53 3.41 0.00
268 1.37 0.82 0.00
269 0.66 0.30 0.00
270 1.11 0.30 0.00
271 1.11 0.82 0.00
272 2.26 1.84 0.00
273 15.40 3198.96 0.00
274 26.51 14018.65 0.00
275 18.12 15195.43 0.00
276 27.53 5203.53 0.00
277 330.69 3728.09 0.00
278 25270.33 8706.86 0.00
279 20154.66 432.35 0.00
280 13251.17 23.63 0.00
281 10627.38 12.87 0.00
282 1431.56 5.41 0.00
283 7909.04 16.45 0.00
284 3521.09 6.62 0.00
285 2.39 9.89 0.00
286 1.36 2.31 0.00
287 3.61 1.91 0.00
288 6.97 2134.39 0.00
289 16.11 8774.58 0.00
290 3.13 1617.92 0.00
291 13.70 5553.73 0.00
292 12.30 4806.45 0.00
293 16.13 9161.97 0.00
294 8.68 5322.93 0.00
295 1.77 0.82 0.00
296 2.27 0.14 0.00
297 2.24 3.35 0.00
298 1.71 0.88 0.00
299 1.99 0.30 0.00
300 1.56 0.30 0.00
301 7.63 3308.92 0.00
302 33804.12 9557.97 0.00
303 39072.05 53.50 0.00
304 9369.31 14.03 0.00
305 7.84 3070.36 0.00
306 4.00 771.47 0.00
307 12.89 5103.77 0.00
308 7.08 3193.80 0.00
309 1.57 135.67 0.00
310 2.35 0.82 0.00
311 2.89 491.27 0.00
312 15.42 8412.29 0.00
313 2.46 394.16 0.00
314 1.06 0.30 0.00
315 1.50 5.61 0.00
316 1.61 0.82 0.00
317 1.24 1.88 0.00
318 22.09 12167.34 0.00
319 8.88 4211.88 0.00
320 8.22 4098.78 0.00
321 5.04 2369.06 0.00
322 11.45 5551.31 0.00
323 1.16 17.66 0.00
324 1.96 6.11 0.00
325 1066.25 3212.58 0.00
326 24227.48 3176.62 0.00
327 38164.49 58.09 0.00
328 2219.38 3.72 0.00
329 625.59 3.21 0.00
330 14861.52 15.64 0.00
331 6.42 3167.20 0.00
332 1.32 1.65 0.00
333 2.35 0.30 0.00
334 2.21 0.82 0.00
335 1.80 0.38 0.00
336 3.13 0.51 0.00
337 12.14 5065.01 0.00
338 8.55 4402.53 0.00
339 6.83 2553.27 0.00
340 7.01 2348.09 0.00
341 14.87 6613.14 0.00
342 4.63 1270.05 0.00
343 1.25 0.87 0.00
344 1.39 0.30 0.00
345 3.02 104.21 0.00
346 6.29 3080.20 0.00
347 7.14 3059.97 0.00
348 1.95 102.55 0.00
349 2.01 0.88 0.00
350 2.46 0.30 0.00
351 1.44 0.30 0.00
352 5.23 2.69 0.00
353 1.90 0.32 0.00
354 25.10 6157.55 0.00
355 1.17 27.01 0.00
356 7.81 12.30 0.00
357 5.95 16.28 0.00
358 13813.82 14367.63 0.00
359 18662.92 7619.63 0.00
360 7633.90 9.80 0.00
361 9.22 1541.29 0.00
362 16.17 4691.50 0.00
363 1.34 3.33 0.00
364 3.80 0.82 0.00
365 8621.22 23.21 0.00
366 8111.11 3207.09 0.00
367 10.97 3090.98 0.00
368 3939.04 3145.30 0.00
369 1.74 0.30 0.00
370 1.36 0.82 0.00
371 2.59 1.79 0.00
372 1.95 3.45 0.00
373 2.69 6.55 0.00
374 1.91 0.32 0.00
375 0.74 0.30 0.00
376 0.95 0.82 0.00
377 1.84 1.84 0.00
378 8.55 3084.67 0.00
379 1.18 6.49 0.00
380 3.02 0.30 0.00
381 1.42 0.30 0.00
382 1.60 2.23 0.00
383 2.71 0.30 0.00
384 1.36 6.11 0.00
385 1.06 2.44 0.00
386 2.03 0.30 0.00
387 1.77 3.35 0.00
388 3.83 0.82 0.00
389 1.14 0.30 0.00
390 0.22 0.30 0.00
391 1.65 0.82 0.00
392 1.40 1.84 0.00
393 1.05 0.30 0.00
394 1.91 0.82 0.00
395 1853.22 1097.78 0.00
396 5755.15 3185.32 0.00
397 8693.28 4842.43 0.00
398 10304.37 3757.69 0.00
399 6426.10 5530.12 0.00
400 6315.99 17592.92 0.00
401 0.78 0.31 0.00
402 2.13 3.54 0.00
403 3.67 3.79 0.00
404 0.92 1.79 0.00
405 1.06 4.89 0.00
406 1.54 0.82 0.00
407 6.50 1214.72 0.00
408 1.96 125.43 0.00
409 1.07 24.88 0.00
410 2.41 0.63 0.00
411 2.77 0.43 0.00
412 3.08 2.23 0.00
413 6.30 700.45 0.00
414 9.69 2180.25 0.00
415 8.96 2482.75 0.00
416 1.96 8.15 0.00
417 8.10 724.73 0.00
418 2.63 301.50 0.00
419 1.98 148.16 0.00
420 15.24 4222.92 0.00
421 24.14 7241.85 0.00
422 21.93 6577.17 0.00
423 19.13 6729.26 0.00
424 23.33 7777.61 0.00
425 1.74 267.64 0.00
426 6.19 2533.16 0.00
427 17.00 4623.89 0.00
428 18.26 3805.18 0.00
429 8099.84 469.54 0.00
430 8992.60 1697.97 0.00
431 13512.30 186.44 0.00
432 14212.70 2312.17 0.00
433 13583.33 2335.17 0.00
434 6949.23 1980.37 0.00
435 3884.28 3684.53 0.00
436 1076.67 15388.19 0.00
437 5547.97 3944.69 0.00
438 1214.62 2.75 0.00
439 1.70 0.51 0.00
440 1.52 0.30 0.00
441 1041.32 2.37 0.00
442 2.62 2.36 0.00
443 9423.49 12434.56 0.00
444 7133.18 4566.19 0.00
445 17.68 5730.14 0.00
446 6.29 3083.42 0.00
447 5060.13 929.37 0.00
448 11.57 4369.44 0.00
449 19.22 6856.38 0.00
450 10.40 2219.00 0.00
451 0.88 15.09 0.00
452 6311.41 29.55 0.00
453 13766.05 24.33 0.00
454 1.14 0.82 0.00
455 11.76 2219.21 0.00
456 19983.43 2283.82 0.00
457 1.86 2.05 0.00
458 6.02 2650.25 0.00
459 1544.35 2214.73 0.00
460 2301.96 1372.24 0.00
461 0.66 0.30 0.00
462 762.10 9.86 0.00
463 1482.21 2.43 0.00
464 1.86 0.44 0.00
465 729.88 4.29 0.00
466 3554.87 3603.47 0.00
467 8909.94 20797.67 0.00
468 6.96 2098.59 0.00
469 1.31 149.48 0.00
470 13.27 4008.98 0.00
471 9405.89 6355.10 0.00
472 4512.86 6027.28 0.00
473 4361.15 2606.57 0.00
474 2409.12 3110.80 0.00
475 6.59 3060.11 0.00
476 26.56 6413.38 0.00
477 2318.97 2934.10 0.00
478 5307.37 10.10 0.00
479 1.55 0.30 0.00
480 16942.87 3157.91 0.00
481 26454.87 2465.75 0.00
482 14.36 6474.67 0.00
483 5.94 1074.94 0.00
484 7985.02 2816.69 0.00
485 519.20 521.41 0.00
486 1514.89 1949.17 0.00
487 3803.67 1288.95 0.00
488 15163.19 2633.39 0.00
489 10478.93 2704.98 0.00
490 318.08 2.08 0.00
491 2.42 435.90 0.00
492 2.62 3.48 0.00
493 2.38 0.89 0.00
494 2.07 0.38 0.00
495 1.38 0.37 0.00
496 1.88 0.83 0.00
497 15.52 5618.27 0.00
498 2.91 2185.93 0.00
499 7.58 3523.53 0.00
500 4706.19 307.04 0.00
501 2201.30 5.46 0.00
502 2647.28 2203.71 0.00
503 0.71 26.79 0.00
504 1.12 0.43 0.00
505 1.90 0.95 0.00
506 0.66 0.30 0.00
507 2.42 3.41 0.00
508 13.53 6468.70 0.00
509 0.66 0.30 0.00
510 1.66 0.30 0.00
511 0.72 5.55 0.00
512 1.11 1.78 0.00
513 2.53 0.30 0.00
514 1.60 9.25 0.00
515 0.72 3.60 0.00
516 2.49 0.30 0.00
517 1.15 2.23 0.00
518 1.04 0.30 0.00
519 3.48 0.30 0.00
520 0.66 0.82 0.00
521 2162.41 2933.41 0.00
522 5876.24 4531.46 0.00
523 6797.82 4507.53 0.00
524 4851.38 5643.10 0.00
525 6262.31 6129.90 0.00
526 7397.41 4075.10 0.00
527 7434.43 6468.29 0.00
528 8017.19 4461.75 0.00
529 9173.20 13420.83 0.00
530 4342.83 937.58 0.00
531 0.78 0.30 0.00
532 1.59 2.16 0.00
533 1.37 0.37 0.00
534 1.33 0.30 0.00
535 1.51 5.41 0.00
536 6.76 1433.00 0.00
537 7.25 1625.47 0.00
538 7.76 1117.56 0.00
539 5.01 1417.77 0.00
540 4.89 841.29 0.00
541 3.66 460.82 0.00
542 12.40 2276.36 0.00
543 7.11 2183.51 0.00
544 6.62 1387.60 0.00
545 3.07 71.85 0.00
546 12.85 5339.46 0.00
547 19.21 7176.77 0.00
548 14.53 8696.36 0.00
549 3.40 1837.12 0.00
550 10.80 2689.21 0.00
551 9.03 2629.09 0.00
552 3.69 727.32 0.00
553 4.56 551.65 0.00
554 10.47 1831.68 0.00
555 17.38 6758.49 0.00
556 19.61 8423.81 0.00
557 4944.81 1675.87 0.00
558 11305.12 4322.60 0.00
559 25160.25 48.69 0.00
560 8386.72 16.57 0.00
561 6413.67 5439.28 0.00
562 6171.56 2496.34 0.00
563 18.76 10495.42 0.00
564 2.69 753.49 0.00
565 2.18 24.91 0.00
566 6.54 517.70 0.00
567 16.15 3672.59 0.00
568 14.97 6802.77 0.00
569 4.01 1785.10 0.00
570 15.44 5468.57 0.00
571 20.01 8490.81 0.00
572 12.46 4953.87 0.00
573 7.86 2973.10 0.00
574 11.87 3855.11 0.00
575 13235.21 687.90 0.00
576 7681.01 4758.67 0.00
577 12.52 7661.14 0.00
578 0.72 115.80 0.00
579 10.14 4101.76 0.00
580 1365.29 5548.10 0.00
581 8587.30 35.05 0.00
582 4835.30 1487.09 0.00
583 5317.38 1929.58 0.00
584 4718.31 814.22 0.00
585 2756.45 3460.45 0.00
586 1960.52 2744.14 0.00
587 4267.49 1896.72 0.00
588 4402.95 4511.03 0.00
589 6844.60 2330.14 0.00
590 16652.06 3910.98 0.00
591 2361.60 6.63 0.00
592 7109.51 3351.88 0.00
593 9435.18 4330.96 0.00
594 11813.63 2135.80 0.00
595 10243.14 3181.62 0.00
596 11688.54 2656.78 0.00
597 5215.58 3804.60 0.00
598 3281.57 2.51 0.00
599 3.80 0.56 0.00
600 2.22 0.44 0.00
601 1.91 0.88 0.00
602 3.10 2.16 0.00
603 0.83 0.33 0.00
604 209.70 1.33 0.00
605 48.94 12721.44 0.00
606 10.11 2380.83 0.00
607 41.26 12162.90 0.00
608 11.46 4985.40 0.00
609 10.65 3592.48 0.00
610 13.24 5032.94 0.00
611 1.56 1337.06 0.00
612 17.88 6468.48 0.00
613 1.83 19.87 0.00
614 0.55 0.30 0.00
615 7769.20 5484.28 0.00
616 9570.93 377.66 0.00
617 4138.37 6.11 0.00
618 719.73 1.87 0.00
619 444.61 1.79 0.00
620 6055.73 8186.45 0.00
621 7086.02 8338.38 0.00
622 821.92 5984.45 0.00
623 4577.99 7819.87 0.00
624 812.16 3999.06 0.00
625 5.87 1963.05 0.00
626 0.66 112.54 0.00
627 7439.80 29.40 0.00
628 14406.42 28.36 0.00
629 10072.56 19.17 0.00
630 1.32 0.43 0.00
631 0.99 0.82 0.00
632 2.16 1.75 0.00
633 1.59 0.33 0.00
634 1.47 0.82 0.00
635 2.11 3.91 0.00
636 1.32 0.30 0.00
637 1.61 2.13 0.00
638 1.04 0.40 0.00
639 1.54 0.30 0.00
640 26.03 34.05 0.00
641 5857.85 3153.79 0.00
642 6796.93 4970.68 0.00
643 5546.15 3091.79 0.00
644 4238.48 6378.63 0.00
645 6215.77 3570.73 0.00
646 5043.55 955.50 0.00
647 5902.13 4180.52 0.00
648 6325.95 4423.91 0.00
649 4885.80 6623.18 0.00
650 4111.50 3883.69 0.00
651 5290.55 11879.45 0.00
652 2346.66 7.19 0.00
653 2.73 1.79 0.00
654 1.51 0.30 0.00
655 7.72 3087.62 0.00
656 1.22 0.30 0.00
657 1.52 3.41 0.00
658 7.89 1886.20 0.00
659 8.68 3087.69 0.00
660 4.03 1172.62 0.00
661 5.38 1414.00 0.00
662 6.15 2409.14 0.00
663 1.16 0.33 0.00
664 0.76 0.82 0.00
665 17.59 5939.03 0.00
666 6.32 3681.35 0.00
667 3.87 286.27 0.00
668 3.35 0.74 0.00
669 6.91 1191.65 0.00
670 11.69 1477.36 0.00
671 3352.40 2414.57 0.00
672 6499.86 3412.96 0.00
673 7180.38 997.89 0.00
674 4932.81 4521.72 0.00
675 6656.89 3908.94 0.00
676 8637.72 2075.10 0.00
677 3459.15 481.84 0.00
678 3246.08 1486.11 0.00
679 2735.11 1791.27 0.00
680 2632.11 2604.69 0.00
681 5350.70 3411.68 0.00
682 10967.00 1550.05 0.00
683 7667.30 6391.80 0.00
684 6835.68 4027.77 0.00
685 3355.43 3533.90 0.00
686 2.50 934.39 0.00
687 2.04 3.44 0.00
688 1296.26 19.49 0.00
689 9870.93 259.38 0.00
690 7554.01 1854.43 0.00
691 1356.95 1164.01 0.00
692 18030.45 54.12 0.00
693 1985.33 5.72 0.00
694 1.70 0.82 0.00
695 16.49 4389.69 0.00
696 5091.89 5675.26 0.00
697 6236.81 688.55 0.00
698 5564.51 3800.68 0.00
699 5174.34 4796.85 0.00
700 14642.16 9914.00 0.00
701 9110.74 14212.49 0.00
702 9080.10 5854.39 0.00
703 2561.65 7.36 0.00
704 0.62 0.37 0.00
705 1.10 0.30 0.00
706 1947.69 412.33 0.00
707 1849.36 1.78 0.00
708 1597.15 2777.02 0.00
709 987.66 3724.40 0.00
710 11.83 3627.86 0.00
711 8.57 3995.68 0.00
712 10.35 4748.13 0.00
713 6.56 980.01 0.00
714 3.25 770.96 0.00
715 1.41 50.96 0.00
716 1.33 0.30 0.00
717 0.45 1.87 0.00
718 1.36 2.17 0.00
719 1.56 0.30 0.00
720 0.77 0.30 0.00
721 1857.08 21.41 0.00
722 12456.37 27.86 0.00
723 14167.74 43.35 0.00
724 5673.41 27.49 0.00
725 15703.34 48.55 0.00
726 2954.48 3.08 0.00
727 1308.80 1.91 0.00
728 2.18 2.17 0.00
729 1.06 0.50 0.00
730 1474.74 2126.87 0.00
731 11956.42 17994.59 0.00
732 10463.87 9845.24 0.00
733 11139.92 3367.68 0.00
734 7672.21 20.63 0.00
735 1921.49 8.07 0.00
736 7846.43 18.63 0.00
737 7470.02 15.41 0.00
738 3518.01 406.27 0.00
739 4958.79 1866.30 0.00
740 2790.99 3906.72 0.00
741 2152.13 3253.49 0.00
742 952.69 2727.29 0.00
743 9.72 3513.67 0.00
744 4.27 1228.82 0.00
745 5.30 399.22 0.00
746 5.12 1590.01 0.00
747 1840.51 29.63 0.00
748 5956.69 15.04 0.00
749 12361.48 17.89 0.00
750 4785.84 3146.61 0.00
751 4966.76 11.03 0.00
752 12090.52 19.72 0.00
753 5432.70 477.47 0.00
754 2101.70 2.70 0.00
755 833.87 1.40 0.00
756 1.62 0.43 0.00
757 1.75 1.02 0.00
758 1.54 1.71 0.00
759 4507.40 4692.16 0.00
760 4536.93 5595.06 0.00
761 4643.36 2886.72 0.00
762 4079.10 3158.65 0.00
763 8563.58 7554.99 0.00
764 13324.62 8496.10 0.00
765 13687.72 3066.56 0.00
766 4108.14 4485.19 0.00
767 13.20 5415.91 0.00
768 7.69 2929.10 0.00
769 1.54 464.30 0.00
770 0.54 0.30 0.00
771 2.06 0.30 0.00
772 1.21 0.82 0.00
773 1.00 1.79 0.00
774 1.45 0.36 0.00
775 1.60 4.70 0.00
776 2.42 9.91 0.00
777 2.58 5.04 0.00
778 2.35 3.91 0.00
779 2.35 0.30 0.00
780 1.75 0.30 0.00
781 1.75 0.82 0.00
782 1.23 0.30 0.00
783 3.31 1.71 0.00
784 1.81 0.82 0.00
785 1.52 1.92 0.00
786 2.01 0.30 0.00
787 34.09 17.38 0.00
788 3670.87 3075.09 0.00
789 7589.01 3092.03 0.00
790 6681.63 4809.26 0.00
791 8033.06 5545.19 0.00
792 10510.74 4489.21 0.00
793 9048.58 4801.94 0.00
794 5438.09 12297.59 0.00
795 7066.90 24069.99 0.00
796 1548.40 6192.83 0.00
797 1.44 0.30 0.00
798 1.87 1.65 0.00
799 1.67 0.82 0.00
800 2.72 0.30 0.00
801 0.80 0.30 0.00
802 6.29 1720.47 0.00
803 13.72 3114.78 0.00
804 11.09 1757.37 0.00
805 1164.08 4783.47 0.00
806 6749.66 4676.44 0.00
807 4499.11 721.63 0.00
808 2371.41 1648.97 0.00
809 18.17 6184.71 0.00
810 15.80 3476.64 0.00
811 10.15 1745.83 0.00
812 13.82 5255.22 0.00
813 15.37 4440.72 0.00
814 13.47 5006.33 0.00
815 9.42 3927.85 0.00
816 15.87 8401.41 0.00
817 2597.59 6544.64 0.00
818 11571.34 4374.17 0.00
819 469.95 5567.84 0.00
820 9.62 2493.63 0.00
821 10.89 3580.68 0.00
822 875.23 2012.12 0.00
823 3647.28 249.50 0.00
824 5132.07 1580.40 0.00
825 13873.12 664.02 0.00
826 233.65 1.14 0.00
827 1.12 0.30 0.00
828 37.11 12679.51 0.00
829 10.58 4093.75 0.00
830 4665.63 2865.02 0.00
831 704.92 7574.45 0.00
832 0.54 2.54 0.00
833 6.10 1506.91 0.00
834 6.71 3064.06 0.00
835 7.29 3853.67 0.00
836 4.58 1506.24 0.00
837 9.48 2971.35 0.00
838 14.15 6022.36 0.00
839 14669.78 3257.42 0.00
840 20513.05 6399.88 0.00
841 0.78 0.82 0.00
842 11594.40 28.91 0.00
843 9616.79 2407.18 0.00
844 2260.67 8494.40 0.00
845 2668.88 8747.81 0.00
846 2423.36 9422.56 0.00
847 4409.85 6744.56 0.00
848 17106.31 1511.92 0.00
849 7437.86 3138.48 0.00
850 12599.08 4356.86 0.00
851 10798.97 7003.16 0.00
852 5314.94 3518.17 0.00
853 3226.38 6.96 0.00
854 1418.02 2.75 0.00
855 1.48 0.37 0.00
856 2.07 0.83 0.00
857 1.10 0.37 0.00
858 5.86 9.47 0.00
859 13750.42 11219.45 0.00
860 2460.08 6517.93 0.00
861 8.59 1632.59 0.00
862 18.82 3379.37 0.00
863 12.51 2349.76 0.00
864 19.02 4123.12 0.00
865 12.23 3084.25 0.00
866 2.20 1089.26 0.00
867 6.86 906.96 0.00
868 3.28 29.01 0.00
869 2.48 0.51 0.00
870 2.07 0.50 0.00
871 1.81 0.96 0.00
872 0.66 0.37 0.00
873 26.90 9370.07 0.00
874 30.30 17917.65 0.00
875 12.57 5144.66 0.00
876 12.97 6700.83 0.00
877 5.39 1821.19 0.00
878 412.83 3986.88 0.00
879 1997.45 2707.53 0.00
880 2790.20 2401.87 0.00
881 2379.68 3753.46 0.00
882 7114.37 5666.79 0.00
883 12579.83 4198.82 0.00
884 8227.16 4355.70 0.00
885 5750.27 12.69 0.00
886 1.21 0.82 0.00
887 8330.45 31.80 0.00
888 6527.94 14.18 0.00
889 5396.42 4966.28 0.00
890 9178.54 9439.80 0.00
891 243.26 2643.10 0.00
892 9.94 4772.33 0.00
893 5.71 3592.82 0.00
894 1.07 242.77 0.00
895 1.17 4.42 0.00
896 1.44 0.30 0.00
897 0.90 1.87 0.00
898 1.66 2.36 0.00
899 2.10 9.77 0.00
900 1.70 0.30 0.00
901 0.66 0.82 0.00
902 1.55 0.30 0.00
903 2.38 1.84 0.00
904 0.76 0.82 0.00
905 1.96 1.92 0.00
906 1.69 0.30 0.00
907 2.24 0.82 0.00
908 1.48 1.65 0.00
909 764.04 39.15 0.00
910 3867.93 4234.62 0.00
911 4340.08 3852.00 0.00
912 5590.41 5521.74 0.00
913 2897.17 7562.51 0.00
914 3748.28 7552.03 0.00
915 4423.57 4993.49 0.00
916 5809.61 3852.69 0.00
917 5405.85 4694.55 0.00
918 5944.89 5688.64 0.00
919 6944.83 4593.32 0.00
920 9291.60 759.86 0.00
921 4572.48 8.56 0.00
922 1.77 0.82 0.00
923 1.80 3.14 0.00
924 0.66 0.36 0.00
925 1.84 5.41 0.00
926 1.00 0.30 0.00
927 7.75 702.29 0.00
928 6.53 708.37 0.00
929 281.43 3967.07 0.00
930 2615.66 758.99 0.00
931 4713.13 5480.91 0.00
932 5414.84 5999.92 0.00
933 13243.92 1537.92 0.00
934 9548.69 591.94 0.00
935 4814.56 1668.75 0.00
936 5.63 697.19 0.00
937 4.76 712.25 0.00
938 5.70 473.23 0.00
939 9.22 2893.84 0.00
940 3115.55 3163.66 0.00
941 7591.30 3545.80 0.00
942 9366.11 1736.34 0.00
943 6814.56 4782.33 0.00
944 3336.89 7087.70 0.00
945 10205.17 6605.32 0.00
946 2772.93 2951.62 0.00
947 833.00 2431.66 0.00
948 840.79 2709.78 0.00
949 561.63 284.71 0.00
950 581.67 1.99 0.00
951 699.07 2.24 0.00
952 176.42 1.33 0.00
953 2.99 2.29 0.00
954 1.44 0.43 0.00
955 3.66 134.32 0.00
956 11753.47 27622.85 0.00
957 347.69 2326.40 0.00
958 16.08 6536.98 0.00
959 22.53 8262.88 0.00
960 3537.67 8112.40 0.00
961 1.99 371.89 0.00
962 8.94 3237.63 0.00
963 9.40 2629.67 0.00
964 11.51 1822.14 0.00
965 3634.26 3549.17 0.00
966 6120.03 1693.23 0.00
967 15982.39 26.16 0.00
968 1937.59 3516.14 0.00
969 4.97 2836.93 0.00
970 2671.89 3312.35 0.00
971 11904.11 5724.75 0.00
972 9403.13 3679.25 0.00
973 16666.77 60.28 0.00
974 11236.48 817.02 0.00
975 3964.65 2399.41 0.00
976 2629.82 2.39 0.00
977 1.24 0.43 0.00
978 4.14 2.16 0.00
979 1.77 0.82 0.00
980 707.89 234.28 0.00
981 5762.35 8959.66 0.00
982 3934.68 4801.36 0.00
983 10292.43 10538.04 0.00
984 1441.86 6315.64 0.00
985 7337.91 9112.35 0.00
986 8213.32 1953.56 0.00
987 491.72 3050.96 0.00
988 5.64 3299.71 0.00
989 1.15 330.43 0.00
990 13.50 4630.03 0.00
991 10.31 4912.37 0.00
992 8.54 3395.04 0.00
993 6.38 2956.79 0.00
994 1.35 83.44 0.00
995 10016.95 3316.66 0.00
996 18428.27 2284.27 0.00
997 19750.23 1055.08 0.00
998 8741.78 3160.55 0.00
999 1.53 0.33 0.00
1000 0.80 0.82 0.00
1001 2.01 0.56 0.00
1002 1.88 1.94 0.00
1003 963.52 6.52 0.00
1004 882.61 477.13 0.00
1005 1345.24 7217.61 0.00
1006 697.83 4357.62 0.00
1007 2632.81 4831.54 0.00
1008 5131.15 2730.93 0.00
1009 15129.78 2748.42 0.00
1010 13973.07 34.85 0.00
1011 5306.66 3366.84 0.00
1012 6805.00 4374.22 0.00
1013 249.77 5037.78 0.00
1014 5.54 584.12 0.00
1015 10.31 6323.87 0.00
1016 3.27 109.87 0.00
1017 1.21 1.87 0.00
1018 1.29 2.36 0.00
1019 2.59 0.36 0.00
1020 1.06 0.45 0.00
1021 1.07 4.89 0.00
1022 2.37 0.30 0.00
1023 1.03 1.55 0.00
1024 1.55 0.92 0.00
1025 1.77 0.30 0.00
1026 0.89 0.30 0.00
1027 2.61 4.55 0.00
1028 1.49 10.49 0.00
1029 47.94 2631.38 0.00
1030 3777.19 4382.93 0.00
1031 5437.22 3582.23 0.00
1032 5408.92 4489.59 0.00
1033 5290.84 5068.50 0.00
1034 6785.59 3115.52 0.00
1035 6558.65 4751.66 0.00
1036 5268.98 6134.84 0.00
1037 5354.78 9487.00 0.00
1038 7558.84 8932.94 0.00
1039 9962.21 4521.58 0.00
1040 473.44 0.94 0.00
1041 0.66 0.30 0.00
1042 1.44 0.82 0.00
1043 1.10 1.35 0.00
1044 1.52 0.36 0.00
1045 2.36 5.41 0.00
1046 6.01 1923.94 0.00
1047 12.38 5116.02 0.00
1048 0.90 108.62 0.00
1049 1.32 0.36 0.00
1050 1.33 0.30 0.00
1051 2.59 1.26 0.00
1052 1.31 233.18 0.00
1053 6.96 937.19 0.00
1054 15.70 5018.18 0.00
1055 3.14 5.73 0.00
1056 1.44 0.00 0.00
1057 15.93 5921.57 0.00
1058 17.36 7806.27 0.00
1059 10.42 4632.62 0.00
1060 147.66 7595.83 0.00
1061 10501.23 3591.81 0.00
1062 4380.48 1021.80 0.00
1063 3565.82 1799.00 0.00
1064 3928.35 2572.49 0.00
1065 3564.97 1666.29 0.00
1066 7867.98 3045.82 0.00
1067 8238.32 3610.46 0.00
1068 10652.92 9398.76 0.00
1069 8870.73 3788.56 0.00
1070 29.71 11840.15 0.00
1071 15.56 8266.04 0.00
1072 6.95 1993.21 0.00
1073 2.38 1.72 0.00
1074 2.75 227.50 0.00
1075 7.51 2953.32 0.00
1076 2.34 0.30 0.00
1077 19.19 7594.96 0.00
1078 3026.31 6488.83 0.00
1079 7502.81 6279.04 0.00
1080 5907.88 7347.15 0.00
1081 3683.34 3735.86 0.00
1082 1.67 0.30 0.00
1083 1.04 0.30 0.00
1084 1.28 2.36 0.00
1085 2.19 4.63 0.00
1086 14201.77 47.85 0.00
1087 9646.75 4558.96 0.00
1088 12385.28 2200.10 0.00
1089 8.65 2312.85 0.00
1090 17.63 7344.90 0.00
1091 13.67 6619.72 0.00
1092 15427.14 40.60 0.00
1093 17.93 3489.35 0.00
1094 2.11 1.84 0.00
1095 13103.64 3951.09 0.00
1096 476.29 2313.36 0.00
1097 2.03 16.17 0.00
1098 4843.77 11.77 0.00
1099 5472.06 11.42 0.00
1100 4823.42 3.46 0.00
1101 2101.58 5.82 0.00
1102 1343.58 2.75 0.00
1103 1244.28 2.11 0.00
1104 2.63 1.85 0.00
1105 2.18 1.14 0.00
1106 3686.15 4441.07 0.00
1107 3640.77 16057.46 0.00
1108 5006.46 7619.53 0.00
1109 9970.50 6507.43 0.00
1110 14366.34 5424.06 0.00
1111 11782.94 5547.22 0.00
1112 4262.77 5745.85 0.00
1113 4900.13 11939.53 0.00
1114 948.06 2.56 0.00
1115 2.76 0.71 0.00
1116 3.06 0.44 0.00
1117 0.88 0.88 0.00
1118 2.12 4.97 0.00
1119 5.59 2119.83 0.00
1120 939.20 2365.17 0.00
1121 947.33 2337.79 0.00
1122 1431.83 1999.57 0.00
1123 7554.01 7396.87 0.00
1124 2832.04 11346.98 0.00
1125 11.61 5363.24 0.00
1126 1662.21 4985.37 0.00
1127 1.67 0.30 0.00
1128 10.26 3609.01 0.00
1129 18220.95 61.52 0.00
1130 17137.13 3155.00 0.00
1131 7831.80 1668.38 0.00
1132 4224.06 3319.55 0.00
1133 4338.95 1802.09 0.00
1134 2992.78 10.22 0.00
1135 1411.61 7.29 0.00
1136 10981.27 3671.41 0.00
1137 5517.21 5.74 0.00
1138 1714.75 2.56 0.00
1139 3.78 1.91 0.00
1140 0.77 0.32 0.00
1141 1.95 0.88 0.00
1142 1.56 0.32 0.00
1143 0.81 0.30 0.00
1144 1.40 2.33 0.00
1145 1574.85 1394.12 0.00
1146 8641.80 5394.61 0.00
1147 11013.29 363.88 0.00
1148 12334.13 21.52 0.00
1149 1440.96 4.23 0.00
1150 2.04 0.87 0.00
1151 2.23 4.83 0.00
1152 1.38 3.36 0.00
1153 1.71 0.82 0.00
1154 2.12 1.78 0.00
1155 0.65 0.30 0.00
1156 0.66 0.82 0.00
1157 2.44 5.67 0.00
1158 1.85 0.30 0.00
1159 1.22 2.29 0.00
1160 1.44 0.30 0.00
1161 0.66 0.30 0.00
1162 1.17 5.55 0.00
1163 1.49 0.30 0.00
1164 1.46 1.98 0.00
1165 1.29 8.74 0.00
1166 1.55 0.30 0.00
1167 0.97 1.87 0.00
1168 26.07 22.32 0.00
1169 7153.05 5225.08 0.00
1170 4889.41 4269.53 0.00
1171 6215.52 4388.84 0.00
1172 3906.41 4620.51 0.00
1173 6338.40 1989.08 0.00
1174 5345.94 5719.15 0.00
1175 5244.80 5397.99 0.00
1176 5039.13 5837.28 0.00
1177 6184.50 4998.67 0.00
1178 5195.22 6800.62 0.00
1179 1331.78 3396.79 0.00
1180 830.03 4737.20 0.00
1181 841.45 1183.22 0.00
1182 1305.36 2.33 0.00
1183 1194.32 718.93 0.00
1184 7.16 1646.54 0.00
1185 1416.11 1227.11 0.00
1186 1247.74 250.40 0.00
1187 2076.50 250.32 0.00
1188 2092.45 978.38 0.00
1189 1107.56 1118.61 0.00
1190 2496.37 1302.29 0.00
1191 6158.65 5215.62 0.00
1192 9456.67 6429.71 0.00
1193 5296.75 4223.53 0.00
1194 3936.30 4184.28 0.00
1195 3066.50 2640.08 0.00
1196 2191.79 6519.94 0.00
1197 2685.77 6666.35 0.00
1198 3135.31 2401.48 0.00
1199 2.73 1432.29 0.00
1200 1.52 1.84 0.00
1201 2671.45 1872.28 0.00
1202 7259.04 3300.73 0.00
1203 4685.58 8346.88 0.00
1204 841.42 3953.81 0.00
1205 11.29 3277.46 0.00
1206 2.80 5.48 0.00
1207 4.53 392.43 0.00
1208 6.85 2598.79 0.00
1209 12.70 5316.52 0.00
1210 11.86 2473.47 0.00
1211 7.99 2534.20 0.00
1212 17.70 6370.47 0.00
1213 10.01 2420.83 0.00
1214 1.36 10.65 0.00
1215 14.26 5332.08 0.00
1216 11.12 3158.83 0.00
1217 5.45 2140.34 0.00
1218 2.61 0.30 0.00
1219 5.05 1195.01 0.00
1220 16.89 8213.26 0.00
1221 1.19 21.34 0.00
1222 8.56 3134.46 0.00
1223 1.01 0.30 0.00
1224 0.65 0.30 0.00
1225 10936.48 3761.30 0.00
1226 8005.14 11232.88 0.00
1227 7818.09 14493.26 0.00
1228 12116.29 5264.99 0.00
1229 13812.04 42.75 0.00
1230 2.02 1.84 0.00
1231 6.34 3754.10 0.00
1232 6.73 3069.40 0.00
1233 7705.97 3035.06 0.00
1234 6398.43 2443.10 0.00
1235 6052.48 1564.95 0.00
1236 7496.01 26.91 0.00
1237 7393.82 694.69 0.00
1238 6518.03 5041.27 0.00
1239 8451.21 4932.69 0.00
1240 7601.64 6366.72 0.00
1241 10309.41 1634.54 0.00
1242 13210.50 5452.16 0.00
1243 7633.88 6050.35 0.00
1244 1410.92 1.49 0.00
1245 1.74 1.79 0.00
1246 0.77 0.87 0.00
1247 1.78 0.30 0.00
1248 1.59 0.30 0.00
1249 22.73 8340.05 0.00
1250 2.52 16.58 0.00
1251 14.20 4995.78 0.00
1252 18.93 8023.51 0.00
1253 9.33 4380.84 0.00
1254 1.57 291.94 0.00
1255 8.06 1782.63 0.00
1256 8.68 1876.11 0.00
1257 4.46 1538.04 0.00
1258 11.18 4765.12 0.00
1259 7.72 3683.55 0.00
1260 13705.29 7757.01 0.00
1261 7157.52 1365.23 0.00
1262 6025.77 6.81 0.00
1263 1581.37 3.98 0.00
1264 1268.71 2.89 0.00
1265 5135.18 1412.78 0.00
1266 2355.72 4914.57 0.00
1267 395.83 7318.35 0.00
1268 7.49 4147.75 0.00
1269 1924.89 5172.08 0.00
1270 1806.92 13881.73 0.00
1271 2194.04 2196.57 0.00
1272 13042.99 38.25 0.00
1273 3013.18 784.94 0.00
1274 5209.58 2339.43 0.00
1275 10.21 3833.56 0.00
1276 10.73 6011.99 0.00
1277 6680.98 1403.94 0.00
1278 478.39 0.88 0.00
1279 5.57 1401.02 0.00
1280 2.89 2322.16 0.00
1281 0.77 61.93 0.00
1282 1.54 0.82 0.00
1283 8.90 3629.64 0.00
1284 1.10 110.07 0.00
1285 2.83 5.96 0.00
1286 1.05 5.04 0.00
1287 1.52 6.61 0.00
1288 2.55 0.82 0.00
1289 1.29 0.30 0.00
1290 2.00 1.78 0.00
1291 2.47 0.82 0.00
1292 0.66 0.30 0.00
1293 1.48 0.30 0.00
1294 3.49 0.82 0.00
1295 1.47 3.46 0.00
1296 1.55 0.30 0.00
1297 0.99 0.82 0.00
1298 0.49 0.00 0.00
1299 3138.93 2212.82 0.00
1300 4981.72 3044.74 0.00
1301 5196.44 3791.53 0.00
1302 5172.71 4062.50 0.00
1303 5273.39 3329.99 0.00
1304 4402.87 4261.14 0.00
1305 6782.46 6325.35 0.00
1306 5651.88 3209.23 0.00
1307 7163.87 4835.37 0.00
1308 7180.77 7812.66 0.00
1309 4878.84 10569.69 0.00
1310 3156.16 6.10 0.00
1311 1.51 3.28 0.00
1312 1.25 2.31 0.00
1313 1.49 0.30 0.00
1314 0.99 0.30 0.00
1315 1.75 7.01 0.00
1316 3.46 168.12 0.00
1317 9.22 1263.01 0.00
1318 6.61 826.23 0.00
1319 2.52 106.10 0.00
1320 1431.76 2798.96 0.00
1321 1430.65 3232.07 0.00
1322 1815.17 1486.84 0.00
1323 2968.55 2991.51 0.00
1324 5674.95 2524.92 0.00
1325 5701.91 5168.01 0.00
1326 8725.08 2142.15 0.00
1327 1823.73 3.65 0.00
1328 9.49 3583.36 0.00
1329 1567.24 2061.24 0.00
1330 2604.90 5808.47 0.00
1331 2078.54 4923.32 0.00
1332 2111.18 13.43 0.00
1333 5860.71 14.80 0.00
1334 4516.73 22.16 0.00
1335 13368.10 3601.75 0.00
1336 7200.83 4701.42 0.00
1337 7345.92 5377.06 0.00
1338 9864.26 4284.38 0.00
1339 10471.27 3285.14 0.00
1340 9224.15 4292.83 0.00
1341 2661.61 767.22 0.00
1342 1.66 0.83 0.00
1343 8882.19 29.25 0.00
1344 2010.90 3.98 0.00
1345 578.69 4.03 0.00
1346 288.46 1.08 0.00
1347 2.51 1.94 0.00
1348 1.82 0.88 0.00
1349 3643.75 7699.63 0.00
1350 789.17 5228.23 0.00
1351 24.08 8201.43 0.00
1352 11.97 5928.20 0.00
1353 13.58 4872.84 0.00
1354 2.38 242.55 0.00
1355 1.80 6.98 0.00
1356 7251.32 275.74 0.00
1357 7242.09 3124.90 0.00
1358 3989.33 941.52 0.00
1359 145.61 3145.34 0.00
1360 810.20 3289.58 0.00
1361 6533.37 5492.91 0.00
1362 6057.86 5567.87 0.00
1363 9541.42 6912.02 0.00
1364 5439.14 3868.72 0.00
1365 5269.51 21.66 0.00
1366 10607.76 3202.21 0.00
1367 2519.32 2.84 0.00
1368 1789.34 1.98 0.00
1369 2019.33 2.43 0.00
1370 2.56 2.03 0.00
1371 2.77 0.63 0.00
1372 1801.84 1346.84 0.00
1373 2412.93 4016.36 0.00
1374 1437.74 3893.42 0.00
1375 7721.83 8390.40 0.00
1376 12620.51 6244.69 0.00
1377 3126.01 5716.78 0.00
1378 733.19 5819.65 0.00
1379 2403.41 7050.50 0.00
1380 5433.08 2835.25 0.00
1381 2396.36 4914.45 0.00
1382 15097.30 1787.38 0.00
1383 3.52 444.06 0.00
1384 4.93 2830.70 0.00
1385 8.16 3179.56 0.00
1386 0.65 0.36 0.00
1387 1999.68 233.38 0.00
1388 701.07 2.45 0.00
1389 1112.49 1.99 0.00
1390 1570.65 3.90 0.00
1391 222.48 0.63 0.00
1392 1.63 1.94 0.00
1393 14.03 3388.80 0.00
1394 16.88 8602.65 0.00
1395 9016.61 10839.21 0.00
1396 3276.12 5510.68 0.00
1397 14.33 3764.80 0.00
1398 8.44 2749.87 0.00
1399 1.55 0.82 0.00
1400 3599.74 1193.31 0.00
1401 7913.30 2243.81 0.00
1402 12732.81 1468.01 0.00
1403 12453.01 2183.56 0.00
1404 2417.98 6821.45 0.00
1405 2679.06 3766.99 0.00
1406 1366.51 3197.19 0.00
1407 2133.50 3482.33 0.00
1408 2116.22 2142.58 0.00
1409 3145.33 1314.70 0.00
1410 1991.99 1926.31 0.00
1411 6999.67 2705.42 0.00
1412 2759.86 3.69 0.00
1413 3208.00 3.59 0.00
1414 324.02 1.27 0.00
1415 1.37 1.79 0.00
1416 13.61 4615.04 0.00
1417 10709.98 6549.08 0.00
1418 13568.33 2610.20 0.00
1419 14369.30 30.31 0.00
1420 1639.21 4.03 0.00
1421 1.33 0.37 0.00
1422 1.19 2.01 0.00
1423 0.89 5.41 0.00
1424 4367.58 8.08 0.00
1425 3073.79 11.96 0.00
1426 1.11 2.32 0.00
1427 1.34 0.30 0.00
1428 1.31 1.79 0.00
1429 1.03 2.31 0.00
1430 1.90 6.39 0.00
1431 1.44 0.36 0.00
1432 0.77 0.82 0.00
1433 2.35 5.04 0.00
1434 1.41 0.45 0.00
1435 1256.92 2333.97 0.00
1436 918.85 48.11 0.00
1437 3669.99 4231.82 0.00
1438 4846.51 5382.63 0.00
1439 5139.77 2739.07 0.00
1440 5108.63 3665.25 0.00
1441 6018.19 3386.41 0.00
1442 4081.21 3786.83 0.00
1443 5119.41 2382.66 0.00
1444 5840.20 2636.27 0.00
1445 6882.63 3124.00 0.00
1446 5944.64 6917.65 0.00
1447 3428.93 16058.69 0.00
1448 4775.58 422.78 0.00
1449 2.26 0.30 0.00
1450 2.93 3.94 0.00
1451 1.55 0.33 0.00
1452 4.59 766.70 0.00
1453 6.36 2299.09 0.00
1454 4.67 458.18 0.00
1455 8.38 1839.73 0.00
1456 4.55 350.97 0.00
1457 8.80 2113.58 0.00
1458 7.67 514.87 0.00
1459 1.67 0.00 0.00
1460 10.14 2684.84 0.00
1461 8.27 1814.21 0.00
1462 1.78 0.00 0.00
1463 0.49 0.00 0.00
1464 8.61 1731.56 0.00
1465 13.19 5494.38 0.00
1466 11.45 5331.15 0.00
1467 11.69 4920.23 0.00
1468 3554.57 1705.72 0.00
1469 8628.46 3873.77 0.00
1470 8775.48 4872.64 0.00
1471 3814.38 5929.27 0.00
1472 3414.50 982.90 0.00
1473 3566.83 4275.91 0.00
1474 2742.76 4353.55 0.00
1475 1336.32 7691.93 0.00
1476 6347.41 5919.21 0.00
1477 5406.10 3232.21 0.00
1478 8034.84 48.66 0.00
1479 3855.89 3101.19 0.00
1480 11636.97 49.96 0.00
1481 7241.68 13.98 0.00
1482 4285.59 3614.57 0.00
1483 12.97 3629.17 0.00
1484 8.77 4382.30 0.00
1485 11.67 3189.46 0.00
1486 4.98 3100.84 0.00
1487 948.55 5308.74 0.00
1488 7012.85 3429.66 0.00
1489 4853.47 406.81 0.00
1490 8155.25 1346.88 0.00
1491 21.19 8217.58 0.00
1492 8.44 4372.17 0.00
1493 10.93 4880.23 0.00
1494 1.67 523.33 0.00
1495 2.11 1.73 0.00
1496 9.11 0.49 0.00
1497 1.62 2.39 0.00
1498 1.83 0.38 0.00
1499 3.04 0.51 0.00
1500 1901.24 2055.67 0.00
1501 3924.94 2664.49 0.00
1502 4886.79 3677.61 0.00
1503 4190.60 3723.46 0.00
1504 9038.43 7715.74 0.00
1505 10898.19 10666.15 0.00
1506 1455.30 2.93 0.00
1507 7147.05 3612.12 0.00
1508 5922.85 8.10 0.00
1509 1824.46 6685.22 0.00
1510 13850.98 3766.95 0.00
1511 5319.54 3072.09 0.00
1512 8811.76 3178.30 0.00
1513 3587.38 3564.24 0.00
1514 1682.91 3064.57 0.00
1515 5.53 1761.15 0.00
1516 8591.98 1900.29 0.00
1517 7876.55 2599.42 0.00
1518 5207.55 4503.82 0.00
1519 1549.70 3047.71 0.00
1520 8.03 2032.46 0.00
1521 1308.62 1614.35 0.00
1522 16507.14 1097.82 0.00
1523 16088.82 3845.10 0.00
1524 5691.56 741.91 0.00
1525 173.33 0.69 0.00
1526 2.78 2.03 0.00
1527 2.17 2.90 0.00
1528 1.41 0.37 0.00
1529 4027.30 8443.60 0.00
1530 8585.43 3947.96 0.00
1531 4134.86 1964.99 0.00
1532 0.82 4.10 0.00
1533 16.71 5039.06 0.00
1534 10378.16 3939.37 0.00
1535 6416.96 523.50 0.00
1536 2108.07 4.48 0.00
1537 158.33 1.01 0.00
1538 1.10 0.44 0.00
1539 2.92 1.14 0.00
1540 7868.50 9610.80 0.00
1541 2659.52 10533.48 0.00
1542 3626.79 5061.79 0.00
1543 4699.56 6359.39 0.00
1544 4952.07 5112.55 0.00
1545 8638.95 6071.66 0.00
1546 227.99 3228.08 0.00
1547 2.71 1640.65 0.00
1548 2.61 437.31 0.00
1549 0.78 0.30 0.00
1550 0.43 0.30 0.00
1551 3.63 2.42 0.00
1552 1.90 0.43 0.00
1553 7.96 2357.45 0.00
1554 5.65 3091.81 0.00
1555 2.75 1669.46 0.00
1556 1.83 50.57 0.00
1557 6624.36 33.19 0.00
1558 8216.04 27.24 0.00
1559 461.25 5.94 0.00
1560 2.21 0.82 0.00
1561 1.75 1.97 0.00
1562 2.05 8.74 0.00
1563 2.69 0.82 0.00
1564 1.22 0.30 0.00
1565 2.33 3.63 0.00
1566 2.36 2.23 0.00
1567 1.93 0.30 0.00
1568 2.15 0.30 0.00
1569 1.43 0.82 0.00
1570 1.53 5.04 0.00
1571 2.97 1.97 0.00
1572 1.12 2.39 0.00
1573 1.05 0.00 0.00
1574 1.89 0.30 0.00
1575 1.51 2.44 0.00
1576 1.45 1.71 0.00
1577 2.55 0.37 0.00
1578 11.87 3103.27 0.00
1579 9.04 3553.74 0.00
1580 22.63 3748.63 0.00
1581 10.33 5139.13 0.00
1582 12.77 6606.08 0.00
1583 49.96 7511.28 0.00
1584 16.84 6770.62 0.00
1585 17.29 8463.93 0.00
1586 17.93 10324.17 0.00
1587 2713.98 1966.34 0.00
1588 24421.82 52.76 0.00
1589 26268.63 54.16 0.00
1590 9619.49 21.35 0.00
1591 10.62 4109.67 0.00
1592 5.42 3694.58 0.00
1593 7.87 5676.15 0.00
1594 3.52 969.44 0.00
1595 3.00 5.91 0.00
1596 12.60 4850.33 0.00
1597 7.18 4967.33 0.00
1598 7.60 4618.05 0.00
1599 4.46 1062.68 0.00
1600 5.82 2873.90 0.00
1601 11.33 3833.40 0.00
1602 9.66 6172.13 0.00
1603 8.62 2975.53 0.00
1604 3.90 1185.19 0.00
1605 13.10 3263.68 0.00
1606 8.71 3963.58 0.00
1607 14.95 7158.57 0.00
1608 19.32 9745.88 0.00
1609 14.66 6605.66 0.00
1610 17.70 7997.69 0.00
1611 1.77 40.80 0.00
1612 2433.08 1063.65 0.00
1613 3536.39 522.51 0.00
1614 2999.52 488.51 0.00
1615 3997.59 931.54 0.00
1616 4532.42 639.51 0.00
1617 3784.29 1209.99 0.00
1618 3800.70 980.16 0.00
1619 6419.02 1224.38 0.00
1620 26390.84 5081.87 0.00
1621 3752.18 7740.00 0.00
1622 8.11 3929.24 0.00
1623 14.97 5734.34 0.00
1624 15.57 6327.08 0.00
1625 11.91 4800.47 0.00
1626 13.02 5874.21 0.00
1627 20.54 6805.51 0.00
1628 16.87 6553.93 0.00
1629 8.61 4197.57 0.00
1630 13.60 3861.53 0.00
1631 14.37 6620.85 0.00
1632 12.62 4554.07 0.00
1633 20.33 6878.67 0.00
1634 18.01 8523.10 0.00
1635 18.12 10427.48 0.00
1636 13.47 5209.36 0.00
1637 9.05 3521.44 0.00
1638 2.17 10.64 0.00
1639 3.70 0.30 0.00
1640 2.33 0.30 0.00
1641 6.38 2.87 0.00
1642 3.59 0.30 0.00
1643 1.47 0.30 0.00
1644 1.88 0.82 0.00
1645 3.43 1.08 0.00
1646 2.06 1.50 0.00
1647 2.52 0.82 0.00
1648 2.33 4.61 0.00
1649 1.19 0.30 0.00
1650 1.95 0.82 0.00
1651 1.11 0.30 0.00
1652 1.25 0.30 0.00
1653 2.15 0.82 0.00
1654 2.21 0.30 0.00
1655 1.14 0.30 0.00
1656 1.73 0.82 0.00
1657 1.18 0.30 0.00
1658 1.14 0.30 0.00
1659 2.01 0.82 0.00
1660 1.98 0.30 0.00
1661 2.22 0.30 0.00
1662 1.76 2.39 0.00
1663 1.60 0.30 0.00
1664 0.89 0.30 0.00
1665 1.85 0.82 0.00
1666 0.99 0.30 0.00
1667 2.48 0.30 0.00
1668 1.45 0.82 0.00
1669 0.99 0.30 0.00
1670 2.00 0.30 0.00
1671 0.66 0.82 0.00
1672 1.13 0.38 0.00
1673 2.00 0.37 0.00
1674 1.11 0.82 0.00
1675 2.58 0.30 0.00
1676 1.99 0.30 0.00
1677 1.42 2.39 0.00
1678 2.71 0.30 0.00
1679 2.10 0.30 0.00
1680 0.99 0.82 0.00
1681 2.13 0.30 0.00
1682 1.22 0.30 0.00
1683 1.95 0.82 0.00
1684 1.18 0.30 0.00
1685 1.33 0.30 0.00
1686 1.76 0.82 0.00
1687 2.47 0.30 0.00
1688 0.93 0.30 0.00
1689 0.99 0.82 0.00
1690 2.89 0.30 0.00
1691 1.86 0.30 0.00
1692 2.01 2.39 0.00
1693 3.14 0.30 0.00
1694 1.09 0.30 0.00
1695 1.67 0.82 0.00
1696 2.10 0.30 0.00
1697 1.93 0.30 0.00
1698 1.63 0.82 0.00
1699 1.88 0.30 0.00
1700 0.98 0.30 0.00
1701 1.10 0.82 0.00
1702 1.78 0.30 0.00
1703 0.70 0.30 0.00
1704 1.10 0.82 0.00
1705 2.08 0.30 0.00
1706 0.76 0.30 0.00
1707 2.34 2.39 0.00
1708 0.93 0.30 0.00
1709 0.98 0.30 0.00
1710 1.75 0.82 0.00
1711 0.55 0.30 0.00
1712 1.09 0.30 0.00
1713 1.92 0.82 0.00
1714 2.73 0.30 0.00
1715 1.36 0.30 0.00
1716 1.74 0.82 0.00
1717 2.14 0.30 0.00
1718 0.60 0.30 0.00
1719 5.90 4.24 0.00
1720 1.59 0.30 0.00
1721 2.40 0.30 0.00
1722 6.38 416.41 0.00
1723 1.48 0.30 0.00
1724 0.66 0.00 0.00
1725 1.54 0.82 0.00
1726 1.10 0.30 0.00
1727 1.77 0.30 0.00
1728 1.03 0.82 0.00
1729 0.88 0.30 0.00
1730 5.43 3.53 0.00
1731 3.09 152.46 0.00
1732 0.66 0.30 0.00
1733 13.37 1036.38 0.00
1734 0.65 0.82 0.00
1735 1.00 0.30 0.00
