0 1.77 0.37 0.00
1 0.55 0.82 0.00
2 0.96 0.30 0.00
3 1.69 0.30 0.00
4 0.88 0.82 0.00
5 4.86 3.43 0.00
6 4.28 2.95 0.00
7 2.09 0.82 0.00
8 1.59 0.30 0.00
9 5.14 0.43 0.00
10 2.15 0.96 0.00
11 1.86 4.85 0.00
12 2.05 1.87 0.00
13 1.34 0.82 0.00
14 1.67 0.30 0.00
15 2.04 0.00 0.00
16 1.97 2.81 0.00
17 1.44 0.36 0.00
18 1.95 0.30 0.00
19 0.55 0.82 0.00
20 1.33 0.30 0.00
21 1.86 2.30 0.00
22 0.88 0.87 0.00
23 1.49 0.30 0.00
24 0.66 0.30 0.00
25 0.88 0.82 0.00
26 2.15 2.39 0.00
27 3.50 5.04 0.00
28 1.44 0.50 0.00
29 1.21 4.01 0.00
30 0.77 0.30 0.00
31 2.52 5.23 0.00
32 17.04 6.55 0.00
33 1.33 11.31 0.00
34 13740.39 17.52 0.00
35 74575.58 94.79 0.00
36 1.63 2.35 0.00
37 1.87 1.88 0.00
38 4.29 2.94 0.00
39 0.55 0.30 0.00
40 1.33 0.30 0.00
41 25.10 6.82 0.00
42 0.67 1.87 0.00
43 1.59 0.30 0.00
44 3.85 3.07 0.00
45 1.03 0.43 0.00
46 2.48 6.46 0.00
47 0.77 0.82 0.00
48 2.53 0.30 0.00
49 0.77 0.30 0.00
50 0.77 0.82 0.00
51 3.06 2.29 0.00
52 0.77 0.06 0.00
53 1.14 0.75 0.00
54 2.87 0.43 0.00
55 1.10 0.30 0.00
56 1.71 7.11 0.00
57 1.79 0.37 0.00
58 0.93 1.81 0.00
59 0.66 0.82 0.00
60 1.44 0.30 0.00
61 1.64 2.30 0.00
62 1.00 0.87 0.00
63 1.27 0.30 0.00
64 1.00 0.30 0.00
65 0.77 0.82 0.00
66 2.81 6.41 0.00
67 2.48 0.36 0.00
68 1.26 0.82 0.00
69 1.12 0.30 0.00
70 20.49 33.02 0.00
71 1.51 2.74 0.00
72 0.79 0.37 0.00
73 1.83 1.81 0.00
74 0.99 0.82 0.00
75 0.55 0.30 0.00
76 2.60 6.59 0.00
77 1.10 0.82 0.00
78 1.52 0.30 0.00
79 1.33 0.30 0.00
80 0.66 0.82 0.00
81 1.92 2.35 0.00
82 1.33 0.30 0.00
83 0.70 0.82 0.00
84 0.44 0.30 0.00
85 1.22 0.30 0.00
86 1.60 7.11 0.00
87 2.72 1.87 0.00
88 1.25 0.30 0.00
89 1.72 0.82 0.00
90 2.70 0.30 0.00
91 1.57 2.29 0.00
92 1.21 0.82 0.00
93 2.53 0.30 0.00
94 1.69 0.30 0.00
95 0.77 0.51 0.00
96 16.03 31.20 0.00
97 5.91 8.41 0.00
98 0.81 0.82 0.00
99 1.11 0.30 0.00
100 0.33 0.30 0.00
101 1.81 2.23 0.00
102 1.13 0.14 0.00
103 0.49 1.73 0.00
104 7.88 1478.60 0.00
105 7.12 3009.37 0.00
106 9.87 4315.29 0.00
107 5.66 1943.46 0.00
108 1.05 1.79 0.00
109 1.84 529.02 0.00
110 10.73 4796.83 0.00
111 7.77 3330.17 0.00
112 4.40 1766.87 0.00
113 8.08 3346.62 0.00
114 5.74 2381.68 0.00
115 10.79 5083.65 0.00
116 3.53 654.28 0.00
117 0.45 0.37 0.00
118 0.77 1.81 0.00
119 1.28 0.82 0.00
120 0.62 0.37 0.00
121 1.46 2.22 0.00
122 2.54 0.82 0.00
123 0.66 5.32 0.00
124 0.91 10.33 0.00
125 2.60 5.83 0.00
126 1.21 3.91 0.00
127 2.01 0.30 0.00
128 2.16 0.82 0.00
129 1.34 0.30 0.00
130 2.42 0.30 0.00
131 1.50 2.87 0.00
132 2.38 1.87 0.00
133 2.40 0.00 0.00
134 1.51 0.82 0.00
135 18.39 13.84 0.00
136 765.18 31.60 0.00
137 10542.76 9069.21 0.00
138 5649.62 7496.91 0.00
139 7215.46 9933.24 0.00
140 9826.78 10640.99 0.00
141 6186.50 10051.47 0.00
142 5750.35 129.14 0.00
143 9853.53 5638.21 0.00
144 6508.19 6963.51 0.00
145 1238.97 4623.27 0.00
146 1990.45 2275.63 0.00
147 3471.52 2365.72 0.00
148 2947.20 1814.07 0.00
149 2986.46 2265.72 0.00
150 3492.49 6609.32 0.00
151 3940.28 4875.81 0.00
152 5829.20 4101.32 0.00
153 2987.71 2612.78 0.00
154 2712.34 2975.49 0.00
155 2159.14 2039.36 0.00
156 2884.60 1338.39 0.00
157 1678.68 1352.26 0.00
158 429.75 1477.48 0.00
159 1213.26 1603.80 0.00
160 1090.56 272.83 0.00
161 2.20 2.90 0.00
162 2.13 0.47 0.00
163 1.23 1.73 0.00
164 2.33 0.95 0.00
165 6.04 792.08 0.00
166 3066.70 1329.95 0.00
167 2374.39 1084.72 0.00
168 2076.81 1613.82 0.00
169 1613.98 1604.13 0.00
170 3490.92 10.29 0.00
171 2376.53 1216.90 0.00
172 296.26 566.02 0.00
173 3184.25 813.03 0.00
174 3911.41 1229.63 0.00
175 4351.08 2009.14 0.00
176 6438.16 2138.85 0.00
177 4702.28 2136.74 0.00
178 6028.80 2226.35 0.00
179 6348.97 1494.80 0.00
180 8809.55 2370.83 0.00
181 6782.44 614.18 0.00
182 3944.75 268.12 0.00
183 3840.32 10.51 0.00
184 2320.75 101.91 0.00
185 2872.31 8.88 0.00
186 2934.86 269.76 0.00
187 3582.96 518.05 0.00
188 2736.04 286.64 0.00
189 3103.94 2146.33 0.00
190 3393.23 1045.07 0.00
191 2855.07 559.33 0.00
192 1825.83 4.92 0.00
193 1895.30 3.16 0.00
194 1250.52 2.51 0.00
195 519.68 362.97 0.00
196 7.32 696.79 0.00
197 4.32 504.59 0.00
198 6.90 825.18 0.00
199 7.95 1035.27 0.00
200 5.14 535.48 0.00
201 7.03 680.78 0.00
202 4.17 420.88 0.00
203 4.15 209.51 0.00
204 7.14 915.31 0.00
205 8.21 1283.86 0.00
206 8.00 843.20 0.00
207 7.99 1385.43 0.00
208 31.65 8364.97 0.00
209 44.98 10828.88 0.00
210 56.01 12984.86 0.00
211 38.28 11257.26 0.00
212 7990.71 11290.05 0.00
213 2265.97 3149.93 0.00
214 5596.41 3903.51 0.00
215 5281.14 3742.87 0.00
216 6422.52 4649.90 0.00
217 6757.54 2171.63 0.00
218 7769.99 2482.13 0.00
219 3663.22 1312.56 0.00
220 2896.85 6.62 0.00
221 3554.53 10.28 0.00
222 4886.75 1951.23 0.00
223 4034.87 4906.35 0.00
224 3768.48 1585.52 0.00
225 5493.62 1797.58 0.00
226 5196.74 568.20 0.00
227 5681.27 1311.53 0.00
228 6198.64 444.57 0.00
229 2022.61 921.81 0.00
230 2308.76 2326.37 0.00
231 1637.76 1428.41 0.00
232 1611.66 1755.43 0.00
233 1880.45 1840.02 0.00
234 2345.51 1391.42 0.00
235 1951.13 569.98 0.00
236 279.94 1141.56 0.00
237 259.45 1217.97 0.00
238 275.52 950.88 0.00
239 524.37 2026.19 0.00
240 277.30 3233.92 0.00
241 272.33 1322.79 0.00
242 1775.65 1493.27 0.00
243 3017.01 663.32 0.00
244 4581.06 524.45 0.00
245 2985.73 4.83 0.00
246 5159.77 889.59 0.00
247 3614.81 819.68 0.00
248 2422.20 659.02 0.00
249 1473.85 1463.69 0.00
250 5243.88 5872.48 0.00
251 9910.28 9309.86 0.00
252 6819.12 7228.38 0.00
253 1089.40 4143.48 0.00
254 1340.89 1135.83 0.00
255 1141.73 1524.54 0.00
256 1094.50 692.25 0.00
257 3.71 1444.35 0.00
258 8.57 2686.74 0.00
259 6.85 1881.20 0.00
260 3.18 617.76 0.00
261 7.79 2135.53 0.00
262 2.64 265.10 0.00
263 0.48 10.67 0.00
264 1.67 0.30 0.00
265 1.56 0.30 0.00
266 1.82 5.83 0.00
267 2.01 0.50 0.00
268 1.26 1.73 0.00
269 0.88 0.82 0.00
270 1.11 0.30 0.00
271 1.58 2.27 0.00
272 17.16 9.36 0.00
273 4302.52 848.70 0.00
274 12617.85 6144.89 0.00
275 27047.22 5511.22 0.00
276 11311.18 6790.09 0.00
277 13989.21 10702.05 0.00
278 3428.08 12134.55 0.00
279 34.71 18347.52 0.00
280 18.83 9068.77 0.00
281 2.56 2.86 0.00
282 1.68 1.87 0.00
283 28.63 14871.02 0.00
284 8.77 3882.14 0.00
285 1.55 0.30 0.00
286 1.66 7.72 0.00
287 2.98 0.51 0.00
288 7.57 1850.57 0.00
289 15.55 8288.25 0.00
290 6.70 3405.88 0.00
291 3627.12 6030.24 0.00
292 11228.53 6857.51 0.00
293 11042.88 3782.09 0.00
294 13400.73 3903.04 0.00
295 3865.61 8133.05 0.00
296 2971.15 1868.02 0.00
297 11203.48 7334.35 0.00
298 6116.67 12278.37 0.00
299 8968.32 2422.99 0.00
300 2.18 3.28 0.00
301 1.22 3.17 0.00
302 15.34 5750.29 0.00
303 19.73 11148.02 0.00
304 9.55 5078.40 0.00
305 22.88 5396.62 0.00
306 8.25 402.41 0.00
307 15575.78 2199.45 0.00
308 2198.25 2427.38 0.00
309 5.16 2894.73 0.00
310 6.91 2829.35 0.00
311 3.45 120.52 0.00
312 20.09 10488.05 0.00
313 11.50 5564.05 0.00
314 1.28 48.21 0.00
315 1.10 0.30 0.00
316 2.25 2.29 0.00
317 0.76 0.87 0.00
318 17.90 3747.63 0.00
319 25.14 13712.44 0.00
320 3509.84 7977.55 0.00
321 7076.53 5251.42 0.00
322 18662.79 2628.73 0.00
323 25235.49 40.76 0.00
324 1.78 0.30 0.00
325 28.46 5580.39 0.00
326 17.82 6721.85 0.00
327 25.59 16692.26 0.00
328 7.51 3745.71 0.00
329 1.10 0.82 0.00
330 2.11 0.30 0.00
331 3.04 2.53 0.00
332 15.66 11054.85 0.00
333 3.02 35.87 0.00
334 2.22 0.30 0.00
335 11036.91 30.22 0.00
336 16.00 4190.12 0.00
337 2597.14 1324.59 0.00
338 581.05 3330.36 0.00
339 2164.12 1993.10 0.00
340 1785.97 1623.00 0.00
341 12.53 4686.53 0.00
342 12.87 7236.45 0.00
343 6.67 3371.06 0.00
344 1.28 79.34 0.00
345 1.67 0.30 0.00
346 12.45 5588.50 0.00
347 7969.50 26.14 0.00
348 10.31 24.00 0.00
349 1.57 0.49 0.00
350 2.23 0.82 0.00
351 15951.67 46.37 0.00
352 12243.21 4391.15 0.00
353 5841.35 11909.41 0.00
354 1.83 99.37 0.00
355 0.89 0.30 0.00
356 3.83 2.85 0.00
357 1.79 0.46 0.00
358 4464.14 13716.89 0.00
359 8168.38 16918.29 0.00
360 2.55 1890.68 0.00
361 4689.61 35.63 0.00
362 9405.76 22.46 0.00
363 2.31 1.98 0.00
364 9396.48 20.71 0.00
365 12534.30 8466.51 0.00
366 7.25 2670.75 0.00
367 14064.67 31.05 0.00
368 3925.96 5493.47 0.00
369 1.74 9.64 0.00
370 1.14 0.30 0.00
371 3.18 2.75 0.00
372 1.62 0.50 0.00
373 2.60 1.79 0.00
374 13.22 5380.47 0.00
375 1.12 1.79 0.00
376 1.95 7.62 0.00
377 1.33 0.85 0.00
378 2.27 0.30 0.00
379 1.33 1.79 0.00
380 2.85 6.63 0.00
381 2.12 2.38 0.00
382 0.89 0.33 0.00
383 3.10 0.88 0.00
384 1.19 6.05 0.00
385 0.83 5.04 0.00
386 3.12 6.01 0.00
387 1.39 6.66 0.00
388 3.54 0.30 0.00
389 1.54 0.82 0.00
390 0.22 0.30 0.00
391 2.14 2.38 0.00
392 0.99 0.85 0.00
393 1.05 0.30 0.00
394 1.81 0.30 0.00
395 1528.24 1245.45 0.00
396 4932.48 6447.09 0.00
397 7466.54 10125.85 0.00
398 6231.94 9495.49 0.00
399 6174.09 11883.03 0.00
400 11942.83 1641.58 0.00
401 1.17 2.71 0.00
402 1.65 0.40 0.00
403 3.16 1.81 0.00
404 0.77 0.82 0.00
405 0.77 0.30 0.00
406 2.49 6.95 0.00
407 3654.46 23.92 0.00
408 3497.49 9.54 0.00
409 1521.24 4.82 0.00
410 6.77 590.23 0.00
411 6.53 2019.09 0.00
412 6.14 1149.72 0.00
413 306.20 1247.55 0.00
414 607.23 399.94 0.00
415 8.95 1895.50 0.00
416 6.24 2493.75 0.00
417 6.56 1392.91 0.00
418 7.76 2973.19 0.00
419 3.27 553.01 0.00
420 10.29 3386.48 0.00
421 25.97 6182.55 0.00
422 9239.15 5268.17 0.00
423 11110.34 5933.26 0.00
424 8025.01 9695.57 0.00
425 2.59 784.85 0.00
426 8.16 2959.61 0.00
427 17.21 6547.03 0.00
428 9.38 4790.20 0.00
429 11.52 3729.56 0.00
430 13.51 4507.62 0.00
431 15.81 5381.84 0.00
432 17.41 5109.82 0.00
433 22.70 3746.23 0.00
434 6377.73 5169.36 0.00
435 6302.62 4425.58 0.00
436 20371.89 9879.53 0.00
437 17572.80 11525.61 0.00
438 7233.39 9684.45 0.00
439 13.20 6124.64 0.00
440 1.63 0.82 0.00
441 9602.52 15.95 0.00
442 5412.59 6.50 0.00
443 4.13 1.04 0.00
444 2.96 0.75 0.00
445 1.66 0.63 0.00
446 2.14 2.87 0.00
447 3485.95 15848.45 0.00
448 13328.29 2179.45 0.00
449 8257.15 3040.64 0.00
450 1376.88 5125.33 0.00
451 4261.81 4318.66 0.00
452 1532.95 5126.01 0.00
453 5979.72 3361.64 0.00
454 1.35 8.54 0.00
455 8.38 2430.29 0.00
456 20.16 7938.31 0.00
457 1.21 0.37 0.00
458 6.33 1363.93 0.00
459 11.33 3690.94 0.00
460 10.32 1897.09 0.00
461 1.41 49.57 0.00
462 10.34 2.11 0.00
463 1.04 0.30 0.00
464 2.05 0.89 0.00
465 8490.29 7297.34 0.00
466 19901.46 14282.34 0.00
467 8528.60 16003.68 0.00
468 7.66 2967.19 0.00
469 2.64 1054.67 0.00
470 12.29 4378.57 0.00
471 4825.98 9870.10 0.00
472 6443.87 6281.97 0.00
473 4913.75 1838.09 0.00
474 3181.55 3878.33 0.00
475 9784.91 3012.05 0.00
476 4165.36 9373.99 0.00
477 14040.61 1430.20 0.00
478 7.70 2567.49 0.00
479 1.91 2.31 0.00
480 3673.83 7580.55 0.00
481 4130.51 11596.04 0.00
482 6984.11 2444.60 0.00
483 3239.45 1682.65 0.00
484 1389.06 5.15 0.00
485 1514.16 5.65 0.00
486 2060.30 7.52 0.00
487 1056.07 2.62 0.00
488 2586.26 15423.86 0.00
489 28.05 11593.43 0.00
490 2.14 126.11 0.00
491 8.44 2480.53 0.00
492 11.25 4177.27 0.00
493 13.95 6870.27 0.00
494 7.28 2436.06 0.00
495 3984.15 73.43 0.00
496 16.83 11.26 0.00
497 5606.42 20.36 0.00
498 2353.13 4.69 0.00
499 1918.72 5.86 0.00
500 2002.05 150.92 0.00
501 2547.10 1353.85 0.00
502 1391.52 1004.25 0.00
503 5827.67 16.22 0.00
504 466.66 610.11 0.00
505 20.80 4509.77 0.00
506 1.71 6.14 0.00
507 1.57 1.93 0.00
508 1984.53 4.24 0.00
509 0.66 0.82 0.00
510 1.44 0.30 0.00
511 1.42 2.32 0.00
512 0.65 0.85 0.00
513 2.65 0.30 0.00
514 1.36 0.30 0.00
515 0.61 5.55 0.00
516 3.07 3.48 0.00
517 0.66 0.36 0.00
518 0.81 0.82 0.00
519 3.81 0.30 0.00
520 0.55 0.30 0.00
521 1936.18 2482.03 0.00
522 5611.20 4450.04 0.00
523 6174.65 7598.94 0.00
524 5329.39 5245.33 0.00
525 6478.76 5717.01 0.00
526 6740.11 8599.89 0.00
527 7576.29 7487.70 0.00
528 5920.68 11669.45 0.00
529 9505.57 11329.48 0.00
530 5314.72 12.24 0.00
531 0.66 0.30 0.00
532 1.81 3.64 0.00
533 1.59 0.82 0.00
534 1.33 0.30 0.00
535 1.00 0.30 0.00
536 6.67 676.56 0.00
537 1229.75 805.39 0.00
538 3385.88 1195.97 0.00
539 2684.32 1588.07 0.00
540 2397.65 1487.94 0.00
541 3664.28 2467.26 0.00
542 2589.07 1245.56 0.00
543 1971.38 7.90 0.00
544 3832.73 259.54 0.00
545 3319.24 1621.14 0.00
546 4142.31 3924.44 0.00
547 1461.91 4840.73 0.00
548 14.32 8230.84 0.00
549 5.79 3717.60 0.00
550 3.98 0.82 0.00
551 1.99 1.08 0.00
552 2.92 2.56 0.00
553 6.44 322.58 0.00
554 2668.86 7523.95 0.00
555 9332.38 6851.53 0.00
556 2924.17 9447.97 0.00
557 16.06 7014.14 0.00
558 10473.30 8171.39 0.00
559 989.44 7839.25 0.00
560 2206.73 4623.81 0.00
561 1714.36 6472.48 0.00
562 17.92 7041.74 0.00
563 15370.39 7521.99 0.00
564 2603.48 4516.79 0.00
565 2.96 1678.52 0.00
566 3709.15 807.70 0.00
567 5485.95 4282.80 0.00
568 8791.61 3642.97 0.00
569 6289.76 882.47 0.00
570 7453.28 2438.60 0.00
571 6049.51 3587.92 0.00
572 2928.02 2764.59 0.00
573 2769.66 2109.87 0.00
574 10807.98 4207.26 0.00
575 8988.20 11574.90 0.00
576 9679.73 10988.93 0.00
577 16499.38 5347.01 0.00
578 5844.65 743.07 0.00
579 2.29 0.51 0.00
580 2.39 0.50 0.00
581 2.02 1.14 0.00
582 4056.92 5490.39 0.00
583 6421.30 4919.14 0.00
584 5435.52 4653.04 0.00
585 3129.00 5921.33 0.00
586 1350.53 4965.05 0.00
587 371.87 5330.18 0.00
588 12.40 5447.38 0.00
589 3702.83 8101.92 0.00
590 4087.96 12476.87 0.00
591 0.82 12.14 0.00
592 1.79 2.61 0.00
593 3.82 1.08 0.00
594 2.21 0.38 0.00
595 138.67 275.67 0.00
596 9547.46 17339.67 0.00
597 419.93 20696.61 0.00
598 10.81 7354.55 0.00
599 1.54 177.00 0.00
600 21872.45 58.11 0.00
601 2633.66 135.14 0.00
602 3938.86 3302.31 0.00
603 1413.49 3727.57 0.00
604 2.61 518.08 0.00
605 9636.52 1193.37 0.00
606 3388.35 1089.01 0.00
607 12466.02 7419.36 0.00
608 23975.57 2275.71 0.00
609 6374.33 4571.45 0.00
610 14071.43 3564.43 0.00
611 1.20 433.14 0.00
612 3.43 3.88 0.00
613 1.70 0.30 0.00
614 0.77 0.82 0.00
615 513.68 9853.38 0.00
616 29.04 16977.43 0.00
617 10227.77 14503.88 0.00
618 1534.48 6760.73 0.00
619 1.11 0.30 0.00
620 1909.65 1401.48 0.00
621 1429.85 3798.13 0.00
622 13.93 5660.76 0.00
623 16.67 7609.17 0.00
624 15.29 7701.09 0.00
625 5.07 2094.53 0.00
626 3.07 1075.83 0.00
627 9.88 2380.34 0.00
628 8.00 4113.03 0.00
629 4.38 1798.00 0.00
630 1.32 0.30 0.00
631 0.77 0.30 0.00
632 2.48 2.67 0.00
633 1.49 0.30 0.00
634 1.25 0.30 0.00
635 2.21 2.44 0.00
636 1.44 0.30 0.00
637 1.58 2.29 0.00
638 1.25 0.82 0.00
639 1.55 0.30 0.00
640 24.83 17.39 0.00
641 4878.00 6279.17 0.00
642 6056.31 4349.96 0.00
643 5216.07 5547.25 0.00
644 4207.76 4068.13 0.00
645 5299.14 4750.59 0.00
646 4289.15 5945.05 0.00
647 5642.92 5754.30 0.00
648 6070.57 6636.81 0.00
649 4368.35 12344.35 0.00
650 3880.94 5337.18 0.00
651 7709.11 15.81 0.00
652 3987.73 10.79 0.00
653 2.69 0.82 0.00
654 1.23 0.30 0.00
655 3.07 319.49 0.00
656 1.44 63.99 0.00
657 1.42 2.36 0.00
658 1.83 1.92 0.00
659 2.13 1.01 0.00
660 1.11 0.30 0.00
661 1.00 0.30 0.00
662 2.33 2.67 0.00
663 8.47 2333.24 0.00
664 24.38 13323.32 0.00
665 15.73 4818.26 0.00
666 14.09 5302.96 0.00
667 4.36 709.26 0.00
668 754.35 65.21 0.00
669 5359.01 608.56 0.00
670 4147.83 825.89 0.00
671 4897.51 3327.12 0.00
672 500.29 6241.93 0.00
673 16.06 4329.13 0.00
674 17.14 4633.45 0.00
675 13.46 4942.54 0.00
676 12.12 4528.03 0.00
677 8.48 887.70 0.00
678 9.48 1286.20 0.00
679 14.61 2974.37 0.00
680 13.03 1948.19 0.00
681 9.28 1741.93 0.00
682 904.69 10639.83 0.00
683 8127.73 5919.43 0.00
684 7980.96 7066.23 0.00
685 15802.00 1577.65 0.00
686 13167.28 26.71 0.00
687 1.80 2.30 0.00
688 3.54 386.14 0.00
689 7.67 2927.75 0.00
690 11.85 3177.62 0.00
691 5.59 2604.06 0.00
692 13.40 3858.22 0.00
693 6.67 1485.50 0.00
694 1.59 11.50 0.00
695 5819.76 2139.47 0.00
696 8564.24 3514.83 0.00
697 4794.83 3689.19 0.00
698 5103.17 3235.61 0.00
699 4431.26 4061.14 0.00
700 13232.99 10832.62 0.00
701 11233.13 13630.20 0.00
702 4531.15 16235.51 0.00
703 2930.25 7988.85 0.00
704 10.74 8390.72 0.00
705 1.89 172.95 0.00
706 3171.10 3031.16 0.00
707 2370.53 807.94 0.00
708 5670.50 2339.41 0.00
709 4853.88 1937.96 0.00
710 5035.23 2558.66 0.00
711 4579.35 2461.17 0.00
712 5982.19 4250.71 0.00
713 5014.91 2192.28 0.00
714 2720.94 1417.11 0.00
715 1.12 53.33 0.00
716 1.44 0.30 0.00
717 1.22 3.92 0.00
718 0.81 0.82 0.00
719 1.34 0.00 0.00
720 1.00 0.30 0.00
721 3.63 395.45 0.00
722 14.27 5132.31 0.00
723 13.31 5372.30 0.00
724 5079.05 1061.01 0.00
725 4934.75 3969.78 0.00
726 8839.88 7707.11 0.00
727 7382.66 11537.36 0.00
728 16.92 4051.62 0.00
729 9.03 4215.31 0.00
730 241.44 27.78 0.00
731 3216.17 6.49 0.00
732 916.94 5.67 0.00
733 1364.25 2.56 0.00
734 1124.34 1.59 0.00
735 1.00 0.30 0.00
736 1.92 0.95 0.00
737 16.32 7170.36 0.00
738 9.59 4130.68 0.00
739 17.45 8177.25 0.00
740 8029.44 4638.26 0.00
741 7147.54 5071.24 0.00
742 3648.25 2735.31 0.00
743 5052.05 3336.06 0.00
744 3159.10 2442.11 0.00
745 2875.27 2008.82 0.00
746 5498.54 13.98 0.00
747 2228.50 9.31 0.00
748 1780.93 3.07 0.00
749 1766.58 3.22 0.00
750 320.22 1.14 0.00
751 2299.94 6140.28 0.00
752 2834.51 15607.16 0.00
753 10591.07 40.26 0.00
754 3191.58 5567.76 0.00
755 8428.97 6527.41 0.00
756 4971.56 5409.96 0.00
757 1158.08 1375.31 0.00
758 2003.37 3.72 0.00
759 3446.30 1938.78 0.00
760 2613.38 2709.19 0.00
761 2698.28 3310.21 0.00
762 4677.68 1730.18 0.00
763 7760.28 4257.85 0.00
764 8003.94 5871.66 0.00
765 6222.36 4591.07 0.00
766 7486.34 1653.05 0.00
767 13655.84 5616.68 0.00
768 7.49 2618.24 0.00
769 3.11 1636.50 0.00
770 0.66 0.30 0.00
771 1.94 0.82 0.00
772 1.67 2.13 0.00
773 0.49 0.33 0.00
774 1.54 0.82 0.00
775 1.30 5.95 0.00
776 2.15 1.79 0.00
777 3.16 4.12 0.00
778 1.26 4.90 0.00
779 2.24 0.30 0.00
780 1.93 0.96 0.00
781 1.53 4.90 0.00
782 1.64 2.35 0.00
783 3.14 5.49 0.00
784 1.59 0.30 0.00
785 1.63 3.63 0.00
786 1.78 0.82 0.00
787 32.69 274.35 0.00
788 4510.81 4108.36 0.00
789 6370.18 6090.77 0.00
790 7419.57 5672.89 0.00
791 8162.62 4761.66 0.00
792 8231.97 7633.30 0.00
793 7428.41 9321.28 0.00
794 4022.38 19060.18 0.00
795 10827.83 4272.28 0.00
796 3874.52 6.04 0.00
797 1.91 3.52 0.00
798 1.99 0.82 0.00
799 1.45 0.30 0.00
800 2.72 0.30 0.00
801 1.41 0.82 0.00
802 5.92 788.12 0.00
803 250.51 2940.10 0.00
804 1882.71 1527.58 0.00
805 2926.19 2315.63 0.00
806 6431.59 4695.08 0.00
807 5405.83 5840.45 0.00
808 6144.36 2666.40 0.00
809 7041.06 1295.10 0.00
810 10.71 4462.38 0.00
811 1314.69 1947.16 0.00
812 13612.31 1751.94 0.00
813 11536.44 1450.01 0.00
814 4301.78 4943.99 0.00
815 249.88 4910.02 0.00
816 17.44 5635.56 0.00
817 13.94 3243.60 0.00
818 18.68 9684.70 0.00
819 13.75 1886.67 0.00
820 4813.73 1945.55 0.00
821 4434.23 3208.65 0.00
822 4035.89 2012.23 0.00
823 1584.60 2038.11 0.00
824 2356.62 5053.68 0.00
825 797.41 5247.83 0.00
826 4.86 1183.56 0.00
827 1.71 151.17 0.00
828 13079.06 3216.94 0.00
829 10737.02 2399.27 0.00
830 8641.38 4174.48 0.00
831 11658.18 3409.80 0.00
832 8015.77 7031.17 0.00
833 802.80 1333.59 0.00
834 1994.34 2611.97 0.00
835 671.72 2744.82 0.00
836 1200.96 2002.32 0.00
837 2056.20 773.04 0.00
838 2487.35 2.06 0.00
839 8.44 0.78 0.00
840 1.74 1.01 0.00
841 0.89 0.30 0.00
842 9043.11 24117.39 0.00
843 9629.16 23018.90 0.00
844 10255.25 8111.92 0.00
845 11740.29 4747.89 0.00
846 9390.29 5434.13 0.00
847 4530.16 10249.32 0.00
848 972.85 6480.43 0.00
849 12.38 5810.25 0.00
850 18.01 7555.11 0.00
851 12022.66 6685.91 0.00
852 1254.15 3925.51 0.00
853 5.67 3350.80 0.00
854 3841.73 3099.44 0.00
855 3302.90 1336.62 0.00
856 1957.66 1.66 0.00
857 238.38 2.42 0.00
858 2.66 1.01 0.00
859 2.26 0.47 0.00
860 8573.12 8627.38 0.00
861 9950.12 5959.83 0.00
862 6859.06 1404.76 0.00
863 7.17 4064.41 0.00
864 7.15 1753.20 0.00
865 8042.29 1988.03 0.00
866 5964.63 13.07 0.00
867 10.29 3260.44 0.00
868 1178.52 2342.19 0.00
869 2579.44 3143.57 0.00
870 18.11 7789.98 0.00
871 17148.33 10386.56 0.00
872 12996.81 973.91 0.00
873 2059.47 5.46 0.00
874 4280.34 8.30 0.00
875 18093.97 2787.76 0.00
876 9.66 4662.27 0.00
877 2349.77 310.99 0.00
878 3299.42 3.98 0.00
879 689.81 2.49 0.00
880 1016.54 2.25 0.00
881 664.27 1.21 0.00
882 2.75 4.69 0.00
883 6641.25 7449.32 0.00
884 16220.37 13225.95 0.00
885 130.22 12517.02 0.00
886 1.38 741.80 0.00
887 4.48 122.05 0.00
888 0.92 0.88 0.00
889 7092.94 6802.02 0.00
890 8250.84 10458.82 0.00
891 13.83 8331.22 0.00
892 13.41 5759.24 0.00
893 1.27 0.32 0.00
894 1.10 0.82 0.00
895 0.66 0.30 0.00
896 1.44 0.30 0.00
897 9.02 3844.61 0.00
898 0.93 21.77 0.00
899 1.90 1.79 0.00
900 2.15 0.82 0.00
901 0.22 0.30 0.00
902 2.48 7.16 0.00
903 1.97 5.41 0.00
904 0.83 5.04 0.00
905 1.84 1.92 0.00
906 1.92 0.82 0.00
907 2.65 2.22 0.00
908 1.04 0.30 0.00
909 763.23 770.65 0.00
910 4559.25 2866.78 0.00
911 4547.66 3611.62 0.00
912 5498.29 5699.27 0.00
913 4035.58 4723.66 0.00
914 4106.77 3678.94 0.00
915 5293.12 3572.74 0.00
916 4382.02 5941.84 0.00
917 5853.59 4690.58 0.00
918 4844.10 6423.62 0.00
919 6127.82 8125.64 0.00
920 5218.85 12563.78 0.00
921 5585.34 2169.92 0.00
922 1.92 1.96 0.00
923 1.26 0.30 0.00
924 0.66 0.82 0.00
925 1.73 4.89 0.00
926 1.11 0.30 0.00
927 6.10 473.46 0.00
928 680.02 1437.14 0.00
929 2645.77 1909.02 0.00
930 4555.39 4276.14 0.00
931 5974.14 6698.50 0.00
932 6732.57 6315.98 0.00
933 6049.37 6019.38 0.00
934 3387.21 1376.28 0.00
935 10.98 2592.01 0.00
936 5.17 708.12 0.00
937 5.60 466.63 0.00
938 10.74 2406.16 0.00
939 11.48 3201.10 0.00
940 146.69 3246.36 0.00
941 7236.49 6719.83 0.00
942 5666.73 7489.39 0.00
943 8114.76 4632.74 0.00
944 7503.50 4743.23 0.00
945 1668.93 9047.29 0.00
946 14.87 3716.39 0.00
947 13.03 3373.94 0.00
948 14.61 3961.04 0.00
949 20.25 4122.31 0.00
950 4269.86 8129.78 0.00
951 9395.86 4605.05 0.00
952 15383.39 6938.92 0.00
953 3155.18 3305.81 0.00
954 18294.73 4605.87 0.00
955 602.52 240.03 0.00
956 11371.35 3998.18 0.00
957 1388.48 5.57 0.00
958 7114.30 1745.95 0.00
959 16360.81 5599.70 0.00
960 7316.47 10442.53 0.00
961 9588.38 16.80 0.00
962 7830.24 26.82 0.00
963 7070.18 2154.63 0.00
964 2635.54 3011.48 0.00
965 3136.75 3808.09 0.00
966 1568.18 2.30 0.00
967 2.45 2.35 0.00
968 2.71 0.50 0.00
969 0.99 0.83 0.00
970 2808.44 7717.84 0.00
971 5452.78 14004.62 0.00
972 38.21 18451.40 0.00
973 18.68 6148.08 0.00
974 11.70 4388.34 0.00
975 3599.09 10988.57 0.00
976 10729.77 2042.09 0.00
977 17.33 7420.57 0.00
978 3.73 0.71 0.00
979 1.50 0.37 0.00
980 0.99 0.30 0.00
981 2.61 0.95 0.00
982 4256.51 8117.38 0.00
983 9067.82 9146.76 0.00
984 8110.45 9063.55 0.00
985 9681.62 9837.66 0.00
986 5807.36 7791.38 0.00
987 496.22 6930.01 0.00
988 1.80 1574.90 0.00
989 0.77 65.11 0.00
990 13504.56 51.46 0.00
991 13044.19 35.47 0.00
992 3584.27 2552.34 0.00
993 1950.25 934.83 0.00
994 2972.85 4214.90 0.00
995 7547.71 6735.92 0.00
996 11433.08 6297.79 0.00
997 7577.84 5065.92 0.00
998 13620.37 3161.73 0.00
999 1293.53 2.75 0.00
1000 164.34 0.69 0.00
1001 2.72 0.37 0.00
1002 198.24 7.45 0.00
1003 4141.72 3567.89 0.00
1004 4992.19 2516.58 0.00
1005 5710.13 3512.08 0.00
1006 2904.65 3224.22 0.00
1007 532.57 4.17 0.00
1008 150.29 1.33 0.00
1009 1.05 0.43 0.00
1010 2.32 0.30 0.00
1011 3417.57 15182.51 0.00
1012 13877.60 21763.01 0.00
1013 1950.40 6460.63 0.00
1014 9.53 3749.30 0.00
1015 9.07 4910.55 0.00
1016 3.16 0.30 0.00
1017 1.75 4.20 0.00
1018 0.71 0.30 0.00
1019 2.59 0.30 0.00
1020 1.11 0.82 0.00
1021 0.97 0.00 0.00
1022 2.79 11.17 0.00
1023 0.93 5.49 0.00
1024 1.45 0.30 0.00
1025 1.95 1.92 0.00
1026 1.10 0.82 0.00
1027 2.79 2.30 0.00
1028 1.04 0.36 0.00
1029 2152.86 1551.34 0.00
1030 3036.42 4005.79 0.00
1031 5592.98 6541.90 0.00
1032 4391.01 4909.72 0.00
1033 6221.30 5412.97 0.00
1034 4849.20 7521.86 0.00
1035 6935.80 7520.18 0.00
1036 4867.16 10046.92 0.00
1037 5460.84 9476.51 0.00
1038 8256.09 7509.09 0.00
1039 8308.04 14.81 0.00
1040 1233.72 2.56 0.00
1041 0.99 0.82 0.00
1042 1.86 2.35 0.00
1043 0.82 0.30 0.00
1044 1.63 0.82 0.00
1045 1.96 0.30 0.00
1046 5830.14 32.71 0.00
1047 16179.16 45.74 0.00
1048 1061.34 2.56 0.00
1049 1.43 0.30 0.00
1050 1.33 0.82 0.00
1051 1926.21 6.82 0.00
1052 976.08 1206.68 0.00
1053 962.17 2218.18 0.00
1054 2148.47 6503.11 0.00
1055 6862.07 2365.53 0.00
1056 5686.31 5669.20 0.00
1057 6146.79 6441.50 0.00
1058 6156.30 5987.37 0.00
1059 4991.70 2174.16 0.00
1060 1200.16 5090.57 0.00
1061 14.17 3282.33 0.00
1062 9.62 2678.61 0.00
1063 2.67 24.27 0.00
1064 11.15 1477.94 0.00
1065 16.33 3357.38 0.00
1066 20.56 8523.00 0.00
1067 17.08 7738.16 0.00
1068 17.78 8514.54 0.00
1069 26.61 13452.30 0.00
1070 19713.48 3660.37 0.00
1071 15628.02 3609.25 0.00
1072 17702.98 5584.44 0.00
1073 15161.48 3950.38 0.00
1074 4913.88 10.62 0.00
1075 14.25 2390.24 0.00
1076 10.30 1452.54 0.00
1077 12819.58 2240.04 0.00
1078 13540.69 3171.24 0.00
1079 8537.50 8871.31 0.00
1080 7098.98 6429.58 0.00
1081 10200.06 4483.12 0.00
1082 913.58 202.00 0.00
1083 1174.61 2.43 0.00
1084 851.77 1.33 0.00
1085 1.72 0.30 0.00
1086 3429.67 8632.94 0.00
1087 2448.62 7082.51 0.00
1088 18.46 8087.64 0.00
1089 9.17 2166.26 0.00
1090 19.47 6837.08 0.00
1091 20.62 12312.99 0.00
1092 18.16 7060.79 0.00
1093 5.36 743.86 0.00
1094 1.70 8.26 0.00
1095 3.19 0.96 0.00
1096 1.67 0.30 0.00
1097 2.79 2.35 0.00
1098 4.29 7.19 0.00
1099 1935.03 6306.97 0.00
1100 7572.67 6341.60 0.00
1101 2486.94 9809.43 0.00
1102 2201.61 4317.08 0.00
1103 1014.79 1864.85 0.00
1104 13.91 3576.16 0.00
1105 23.98 7026.34 0.00
1106 1018.81 13622.15 0.00
1107 2220.75 10761.96 0.00
1108 11166.85 2918.86 0.00
1109 10872.33 8397.45 0.00
1110 3489.11 10510.62 0.00
1111 15549.78 6792.47 0.00
1112 7963.21 5784.20 0.00
1113 16691.78 7532.53 0.00
1114 3145.61 4553.72 0.00
1115 8193.69 3182.01 0.00
1116 4207.52 5795.49 0.00
1117 3269.86 3629.96 0.00
1118 2.54 1285.16 0.00
1119 1.78 0.88 0.00
1120 1.69 0.37 0.00
1121 1.21 0.32 0.00
1122 2.77 3.20 0.00
1123 5740.33 3959.44 0.00
1124 16336.51 7108.47 0.00
1125 3085.33 6559.42 0.00
1126 3602.57 5560.58 0.00
1127 2.27 3.71 0.00
1128 12.89 3989.29 0.00
1129 13.88 5452.92 0.00
1130 16.52 5748.28 0.00
1131 11.34 5988.08 0.00
1132 4115.52 6188.37 0.00
1133 5219.85 3029.39 0.00
1134 73.18 1.14 0.00
1135 1.06 3.84 0.00
1136 4708.02 5335.09 0.00
1137 4.13 2948.57 0.00
1138 3906.61 29.89 0.00
1139 5233.05 14.80 0.00
1140 2599.36 4.70 0.00
1141 10.49 4049.01 0.00
1142 3551.93 11.14 0.00
1143 1.47 0.82 0.00
1144 0.78 0.30 0.00
1145 711.64 5.68 0.00
1146 2631.27 1949.73 0.00
1147 238.19 1917.47 0.00
1148 9.13 3223.52 0.00
1149 2.84 1091.14 0.00
1150 1.60 0.30 0.00
1151 1.79 0.30 0.00
1152 1.57 4.24 0.00
1153 1.67 5.04 0.00
1154 1.78 0.30 0.00
1155 1.05 2.44 0.00
1156 0.55 0.30 0.00
1157 2.53 2.35 0.00
1158 1.68 0.82 0.00
1159 0.77 0.30 0.00
1160 1.33 0.30 0.00
1161 0.77 0.82 0.00
1162 1.51 2.22 0.00
1163 1.49 0.30 0.00
1164 1.10 0.82 0.00
1165 1.17 1.92 0.00
1166 1.45 0.30 0.00
1167 1.70 4.31 0.00
1168 24.26 15.74 0.00
1169 6385.18 3410.34 0.00
1170 4286.91 5612.69 0.00
1171 6473.53 5337.90 0.00
1172 3961.41 6409.04 0.00
1173 3818.26 5428.19 0.00
1174 5362.30 6801.95 0.00
1175 4822.61 4275.79 0.00
1176 5999.79 6564.37 0.00
1177 4164.52 7774.78 0.00
1178 7021.71 9793.62 0.00
1179 2196.56 3350.38 0.00
1180 1698.97 6.62 0.00
1181 1206.33 5.29 0.00
1182 1238.70 10.71 0.00
1183 1481.89 7.01 0.00
1184 966.29 3.91 0.00
1185 7.22 978.30 0.00
1186 7.87 493.60 0.00
1187 1603.87 1269.29 0.00
1188 1323.03 2785.66 0.00
1189 2277.35 498.14 0.00
1190 2408.66 2882.72 0.00
1191 5628.20 7022.58 0.00
1192 5459.89 7548.42 0.00
1193 2633.26 4384.27 0.00
1194 3318.82 6143.97 0.00
1195 3374.48 704.46 0.00
1196 1214.76 6439.13 0.00
1197 2486.58 6434.30 0.00
1198 12180.51 3189.01 0.00
1199 4447.52 6.94 0.00
1200 1.11 0.82 0.00
1201 6320.38 990.17 0.00
1202 6659.08 4966.48 0.00
1203 10299.89 7204.78 0.00
1204 5225.89 3001.78 0.00
1205 1152.33 2.11 0.00
1206 2.57 0.82 0.00
1207 3.54 2.29 0.00
1208 1.97 0.50 0.00
1209 11.03 2116.40 0.00
1210 21.16 10500.76 0.00
1211 29.74 9121.02 0.00
1212 20.84 8145.81 0.00
1213 11.00 4458.54 0.00
1214 1.08 0.30 0.00
1215 17.76 5156.39 0.00
1216 4280.01 4307.15 0.00
1217 4735.20 16.75 0.00
1218 479.96 3.94 0.00
1219 2932.61 807.66 0.00
1220 18854.69 4813.89 0.00
1221 7294.56 14.76 0.00
1222 13002.04 5518.54 0.00
1223 140.03 0.43 0.00
1224 0.76 0.82 0.00
1225 29.41 6492.41 0.00
1226 7934.91 8020.99 0.00
1227 8580.37 8434.64 0.00
1228 12380.65 11567.69 0.00
1229 7651.08 5760.83 0.00
1230 1342.39 2.17 0.00
1231 1.04 0.37 0.00
1232 2.45 2.37 0.00
1233 1605.80 718.14 0.00
1234 2441.64 11454.78 0.00
1235 1720.21 10169.50 0.00
1236 3152.58 6073.34 0.00
1237 1725.58 4938.98 0.00
1238 5610.09 3821.93 0.00
1239 9598.41 5160.58 0.00
1240 8532.50 6067.21 0.00
1241 5510.83 9581.93 0.00
1242 4055.25 14831.80 0.00
1243 946.83 4455.22 0.00
1244 1.01 0.37 0.00
1245 1.33 0.82 0.00
1246 0.77 0.30 0.00
1247 2.18 2.22 0.00
1248 11.81 2519.76 0.00
1249 23.17 13029.12 0.00
1250 1.85 0.30 0.00
1251 10165.36 36.17 0.00
1252 11283.27 3424.79 0.00
1253 1556.73 4321.44 0.00
1254 1.83 481.44 0.00
1255 2436.37 2201.46 0.00
1256 4209.64 2250.08 0.00
1257 3737.23 2672.42 0.00
1258 8390.85 5562.25 0.00
1259 8286.54 5916.77 0.00
1260 6288.49 4762.28 0.00
1261 15005.52 7789.78 0.00
1262 15264.17 5285.24 0.00
1263 4398.85 68.60 0.00
1264 11.84 3965.85 0.00
1265 718.40 3971.91 0.00
1266 2596.65 3915.55 0.00
1267 3726.22 1876.35 0.00
1268 886.51 5528.28 0.00
1269 6977.90 3043.70 0.00
1270 4085.20 7649.38 0.00
1271 19.79 8094.52 0.00
1272 5.21 890.71 0.00
1273 2.37 0.53 0.00
1274 0.76 0.32 0.00
1275 1.83 0.95 0.00
1276 2.43 0.50 0.00
1277 3798.46 14270.86 0.00
1278 366.74 5037.58 0.00
1279 9.03 2757.72 0.00
1280 7.60 1969.45 0.00
1281 12.09 4002.85 0.00
1282 10.46 4721.93 0.00
1283 11.67 3992.51 0.00
1284 1.31 18.53 0.00
1285 2.21 3.63 0.00
1286 0.94 5.04 0.00
1287 2.19 4.31 0.00
1288 2.72 0.30 0.00
1289 1.29 0.30 0.00
1290 1.54 0.82 0.00
1291 2.48 0.30 0.00
1292 1.11 2.16 0.00
1293 1.58 0.82 0.00
1294 3.27 0.30 0.00
1295 0.85 1.62 0.00
1296 1.66 0.82 0.00
1297 1.40 2.17 0.00
1298 0.71 0.36 0.00
1299 3952.29 3840.49 0.00
1300 4900.13 6111.92 0.00
1301 5590.19 6875.78 0.00
1302 4146.35 4816.39 0.00
1303 4397.34 6673.93 0.00
1304 5325.21 5275.33 0.00
1305 5566.87 4580.35 0.00
1306 5090.14 4072.59 0.00
1307 6299.79 8430.02 0.00
1308 6555.87 10205.11 0.00
1309 7006.01 57.56 0.00
1310 3399.78 7.98 0.00
1311 0.77 0.00 0.00
1312 1.40 2.17 0.00
1313 1.59 0.87 0.00
1314 0.99 0.30 0.00
1315 0.77 0.30 0.00
1316 2.02 0.88 0.00
1317 4.09 4.11 0.00
1318 2.13 0.37 0.00
1319 2.58 1.01 0.00
1320 1.90 0.50 0.00
1321 1.09 0.00 0.00
1322 2.41 2.88 0.00
1323 0.93 0.36 0.00
1324 0.66 0.30 0.00
1325 2.33 0.95 0.00
1326 2.90 0.30 0.00
1327 2.67 2.30 0.00
1328 10.26 249.14 0.00
1329 29.27 10652.75 0.00
1330 25.04 10972.87 0.00
1331 26.76 8632.32 0.00
1332 13.25 4679.97 0.00
1333 10.87 1644.08 0.00
1334 9.30 1628.18 0.00
1335 9491.98 11334.32 0.00
1336 7163.24 7572.46 0.00
1337 9394.48 12224.52 0.00
1338 6563.63 10132.07 0.00
1339 791.71 6429.27 0.00
1340 19.76 8816.92 0.00
1341 18.96 7642.42 0.00
1342 2.13 53.61 0.00
1343 14.20 2483.27 0.00
1344 6476.08 4379.08 0.00
1345 5386.37 569.34 0.00
1346 2.16 339.62 0.00
1347 1796.31 9.33 0.00
1348 10680.66 15.06 0.00
1349 6211.91 14.38 0.00
1350 10087.41 17.21 0.00
1351 7220.50 3615.68 0.00
1352 5479.37 7063.06 0.00
1353 20034.53 4035.06 0.00
1354 4619.91 7502.29 0.00
1355 1.39 77.31 0.00
1356 13.23 2191.13 0.00
1357 8.96 3992.94 0.00
1358 2.20 1.01 0.00
1359 2.82 0.52 0.00
1360 2.03 0.63 0.00
1361 1.76 0.88 0.00
1362 2.69 3.87 0.00
1363 13.00 2965.58 0.00
1364 28.00 12360.43 0.00
1365 33.12 16962.73 0.00
1366 13202.84 8606.53 0.00
1367 4008.32 11483.95 0.00
1368 1219.61 13308.86 0.00
1369 4.72 2603.16 0.00
1370 398.97 978.06 0.00
1371 2727.24 3119.18 0.00
1372 3640.35 4009.34 0.00
1373 3490.13 2983.16 0.00
1374 3173.51 3500.87 0.00
1375 7337.52 6168.32 0.00
1376 11572.69 6682.12 0.00
1377 6153.81 1214.39 0.00
1378 12019.84 4805.84 0.00
1379 15845.70 4632.62 0.00
1380 10525.95 3345.49 0.00
1381 5731.69 3141.81 0.00
1382 1747.97 7809.58 0.00
1383 1.40 8.92 0.00
1384 1.00 0.37 0.00
1385 1.89 0.88 0.00
1386 0.65 0.37 0.00
1387 7284.23 8364.33 0.00
1388 4002.27 6363.32 0.00
1389 2727.82 5144.15 0.00
1390 5490.28 2164.01 0.00
1391 108.69 804.43 0.00
1392 14.40 1466.61 0.00
1393 2961.87 2507.10 0.00
1394 6992.20 1671.46 0.00
1395 10917.90 6325.91 0.00
1396 12470.74 6299.96 0.00
1397 6120.44 5787.55 0.00
1398 11.48 5435.03 0.00
1399 1.54 36.81 0.00
1400 1220.96 2.63 0.00
1401 1516.83 1.40 0.00
1402 2.45 2.41 0.00
1403 1.76 0.88 0.00
1404 831.50 5661.50 0.00
1405 3990.11 10322.96 0.00
1406 5613.33 5325.50 0.00
1407 5971.49 4304.05 0.00
1408 5522.93 4146.03 0.00
1409 5048.19 4428.48 0.00
1410 6279.91 3398.00 0.00
1411 14034.00 5818.96 0.00
1412 5565.38 9845.14 0.00
1413 9.18 4794.42 0.00
1414 2.11 439.51 0.00
1415 1.08 0.82 0.00
1416 389.09 10.81 0.00
1417 1494.60 1233.49 0.00
1418 13465.37 4928.90 0.00
1419 12.00 5219.53 0.00
1420 0.22 117.10 0.00
1421 1.43 0.82 0.00
1422 1.58 3.71 0.00
1423 0.79 0.32 0.00
1424 0.88 0.82 0.00
1425 1.11 0.30 0.00
1426 0.74 0.30 0.00
1427 1.83 2.51 0.00
1428 1.05 0.40 0.00
1429 0.96 4.19 0.00
1430 1.39 0.82 0.00
1431 1.50 0.45 0.00
1432 1.29 11.47 0.00
1433 2.28 0.85 0.00
1434 1.52 0.45 0.00
1435 980.34 3117.65 0.00
1436 240.60 952.04 0.00
1437 3376.37 4984.21 0.00
1438 6093.38 3082.43 0.00
1439 3350.05 7028.91 0.00
1440 4751.11 4779.91 0.00
1441 6089.64 5101.17 0.00
1442 3955.33 4323.92 0.00
1443 4982.13 5408.32 0.00
1444 5031.99 6784.05 0.00
1445 6261.96 8031.83 0.00
1446 3225.38 7246.42 0.00
1447 7899.71 15.95 0.00
1448 5215.76 8.82 0.00
1449 2.52 1.79 0.00
1450 1.92 0.30 0.00
1451 1.65 0.82 0.00
1452 1358.01 23.04 0.00
1453 15066.98 28.43 0.00
1454 1331.58 682.62 0.00
1455 2158.93 1533.62 0.00
1456 2338.00 1223.08 0.00
1457 3192.77 1675.16 0.00
1458 3921.22 1157.54 0.00
1459 1386.97 2104.08 0.00
1460 2500.63 1799.03 0.00
1461 2998.82 1762.52 0.00
1462 1805.94 1501.11 0.00
1463 1511.82 1300.45 0.00
1464 5558.46 2412.42 0.00
1465 8923.14 69.82 0.00
1466 8740.44 1844.55 0.00
1467 3045.23 3655.30 0.00
1468 7599.65 1515.09 0.00
1469 8006.57 6703.63 0.00
1470 9147.26 4468.01 0.00
1471 4602.20 2624.28 0.00
1472 721.72 2731.92 0.00
1473 4672.40 5716.91 0.00
1474 4006.98 4164.31 0.00
1475 3402.05 6.17 0.00
1476 2907.47 4.88 0.00
1477 1019.30 3.91 0.00
1478 1.40 0.94 0.00
1479 1.78 0.50 0.00
1480 1.48 0.43 0.00
1481 51.45 24622.00 0.00
1482 25.19 13233.70 0.00
1483 3374.31 3074.51 0.00
1484 7681.35 1010.26 0.00
1485 2487.38 2951.06 0.00
1486 11.75 5338.59 0.00
1487 3114.91 5430.71 0.00
1488 6296.83 5821.61 0.00
1489 4540.67 2946.52 0.00
1490 9415.36 1234.26 0.00
1491 27997.53 5689.05 0.00
1492 1217.53 9340.38 0.00
1493 9.09 3190.79 0.00
1494 3.68 2100.73 0.00
1495 6093.34 19.65 0.00
1496 1391.43 1.98 0.00
1497 2531.57 6.17 0.00
1498 1500.32 1.27 0.00
1499 723.08 2542.61 0.00
1500 2127.78 6738.59 0.00
1501 3080.55 3445.63 0.00
1502 4352.58 4143.64 0.00
1503 3655.80 4376.69 0.00
1504 9684.66 8646.05 0.00
1505 7692.79 12376.58 0.00
1506 16.01 9695.72 0.00
1507 7321.16 13.16 0.00
1508 2.97 1.23 0.00
1509 20.08 8854.91 0.00
1510 424.68 4134.56 0.00
1511 15171.34 30.30 0.00
1512 3082.24 5712.53 0.00
1513 9.44 2814.64 0.00
1514 1.54 13.31 0.00
1515 2.20 0.38 0.00
1516 2.34 0.43 0.00
1517 2.94 2.58 0.00
1518 32.17 15124.80 0.00
1519 11999.48 7810.46 0.00
1520 1166.36 2475.81 0.00
1521 4.96 2029.48 0.00
1522 3919.44 8580.89 0.00
1523 14961.87 5567.00 0.00
1524 11360.72 3575.11 0.00
1525 4207.32 1585.89 0.00
1526 3556.86 1804.24 0.00
1527 4611.77 1640.44 0.00
1528 6149.82 1298.49 0.00
1529 4064.90 4.36 0.00
1530 1.68 0.43 0.00
1531 1.40 0.37 0.00
1532 1.12 2.77 0.00
1533 6811.35 9401.23 0.00
1534 6227.25 12945.16 0.00
1535 11466.83 14526.74 0.00
1536 3770.07 8041.11 0.00
1537 19.36 9494.36 0.00
1538 11.91 6720.11 0.00
1539 9.60 4612.74 0.00
1540 3438.77 4029.05 0.00
1541 2975.85 1472.81 0.00
1542 5971.70 4835.42 0.00
1543 4812.94 3212.19 0.00
1544 2844.61 3497.94 0.00
1545 1674.96 3798.57 0.00
1546 5.55 797.41 0.00
1547 2.82 954.26 0.00
1548 4.31 1114.94 0.00
1549 2.13 1074.04 0.00
1550 0.54 5.41 0.00
1551 2.51 0.30 0.00
1552 5.96 1306.84 0.00
1553 6.71 2504.43 0.00
1554 2.15 0.30 0.00
1555 1.30 6.66 0.00
1556 1.42 0.82 0.00
1557 14.00 2107.43 0.00
1558 8.78 1635.45 0.00
1559 2.90 7.79 0.00
1560 2.10 0.30 0.00
1561 0.94 0.30 0.00
1562 2.03 0.82 0.00
1563 3.17 2.29 0.00
1564 1.22 0.30 0.00
1565 2.43 2.44 0.00
1566 1.76 0.30 0.00
1567 1.93 0.30 0.00
1568 2.54 2.67 0.00
1569 1.27 0.30 0.00
1570 1.47 0.30 0.00
1571 2.32 0.82 0.00
1572 1.01 0.14 0.00
1573 1.74 3.71 0.00
1574 1.88 0.82 0.00
1575 1.51 1.92 0.00
1576 1.00 0.30 0.00
1577 43.56 15.59 0.00
1578 19.02 3730.80 0.00
1579 24.41 6756.57 0.00
1580 19.58 6832.23 0.00
1581 20.05 7397.93 0.00
1582 15.92 6359.98 0.00
1583 12.03 2153.25 0.00
1584 11526.48 5647.77 0.00
1585 22102.90 4219.69 0.00
1586 24800.42 5453.25 0.00
1587 2328.94 1071.55 0.00
1588 11.93 5612.16 0.00
1589 16.89 6177.27 0.00
1590 10.46 3498.19 0.00
1591 15.08 4859.32 0.00
1592 11.00 5276.58 0.00
1593 14.72 5152.95 0.00
1594 3.34 1080.48 0.00
1595 1.67 5.60 0.00
1596 17.71 5819.15 0.00
1597 18.78 6778.97 0.00
1598 11.92 3874.06 0.00
1599 7.59 1437.49 0.00
1600 8.85 3099.40 0.00
1601 16.16 5268.73 0.00
1602 15.45 6393.58 0.00
1603 8.09 2461.99 0.00
1604 6.32 1650.76 0.00
1605 17.84 4204.14 0.00
1606 13.06 6762.64 0.00
1607 20.77 8085.51 0.00
1608 7131.18 7644.71 0.00
1609 18299.62 1448.94 0.00
1610 33840.27 62.18 0.00
1611 1.55 0.82 0.00
1612 15.94 1197.07 0.00
1613 11.78 1944.10 0.00
1614 7.95 1825.66 0.00
1615 9.52 2349.68 0.00
1616 10.29 2893.69 0.00
1617 8.24 1972.59 0.00
1618 12.75 3192.35 0.00
1619 7.85 3555.44 0.00
1620 22.55 11792.65 0.00
1621 16.40 5918.89 0.00
1622 15.58 6367.96 0.00
1623 19.98 7322.32 0.00
1624 13650.93 1727.93 0.00
1625 29114.06 69.39 0.00
1626 16119.60 3349.66 0.00
1627 1716.62 5991.61 0.00
1628 6141.55 5091.70 0.00
1629 9145.56 1659.15 0.00
1630 19920.61 71.14 0.00
1631 24791.07 59.64 0.00
1632 15.65 5027.50 0.00
1633 14529.87 4137.62 0.00
1634 747.08 7977.97 0.00
1635 23.85 11113.81 0.00
1636 21.09 7902.59 0.00
1637 14877.80 53.12 0.00
1638 3.45 9.63 0.00
1639 3.81 0.30 0.00
1640 3.24 3.01 0.00
1641 6.36 7.06 0.00
1642 3.59 0.30 0.00
1643 2.11 2.27 0.00
1644 1.77 0.30 0.00
1645 3.16 1.27 0.00
1646 1.80 3.62 0.00
1647 2.54 0.37 0.00
1648 2.01 1.81 0.00
1649 1.29 0.82 0.00
1650 1.85 0.30 0.00
1651 1.11 0.30 0.00
1652 1.52 0.82 0.00
1653 2.21 0.30 0.00
1654 2.21 0.30 0.00
1655 1.41 0.82 0.00
1656 1.63 0.30 0.00
1657 1.18 0.30 0.00
1658 1.25 0.82 0.00
1659 2.08 0.30 0.00
1660 1.98 0.30 0.00
1661 1.99 0.82 0.00
1662 1.66 0.45 0.00
1663 1.60 1.73 0.00
1664 1.00 0.82 0.00
1665 1.75 0.30 0.00
1666 0.98 0.30 0.00
1667 2.76 0.82 0.00
1668 1.23 0.30 0.00
1669 0.99 0.30 0.00
1670 2.10 0.82 0.00
1671 0.66 0.30 0.00
1672 1.13 0.38 0.00
1673 2.10 0.88 0.00
1674 1.00 0.30 0.00
1675 2.58 0.30 0.00
1676 2.10 0.82 0.00
1677 1.32 0.45 0.00
1678 2.71 1.73 0.00
1679 2.21 0.82 0.00
1680 0.88 0.30 0.00
1681 2.13 0.30 0.00
1682 1.33 0.82 0.00
1683 2.01 0.30 0.00
1684 1.08 0.30 0.00
1685 1.54 0.82 0.00
1686 1.65 0.30 0.00
1687 2.47 0.30 0.00
1688 1.03 0.82 0.00
1689 0.88 0.30 0.00
1690 2.89 0.30 0.00
1691 1.97 0.82 0.00
1692 1.90 1.87 0.00
1693 2.80 0.30 0.00
1694 1.20 0.82 0.00
1695 1.56 0.30 0.00
1696 2.10 0.30 0.00
1697 1.93 0.82 0.00
1698 1.63 0.30 0.00
1699 1.88 0.30 0.00
1700 0.98 0.82 0.00
1701 1.11 0.30 0.00
1702 1.78 0.30 0.00
1703 0.81 0.82 0.00
1704 1.00 0.30 0.00
1705 2.08 0.30 0.00
1706 0.87 0.82 0.00
1707 2.23 1.87 0.00
1708 0.93 0.30 0.00
1709 1.09 0.82 0.00
1710 1.64 0.30 0.00
1711 0.55 0.30 0.00
1712 1.20 0.82 0.00
1713 1.81 0.30 0.00
1714 2.73 0.30 0.00
1715 1.63 0.82 0.00
1716 1.63 0.30 0.00
1717 2.14 0.30 0.00
1718 0.71 0.82 0.00
1719 1.69 0.30 0.00
1720 1.59 0.30 0.00
1721 2.51 0.82 0.00
1722 5.67 5.10 0.00
1723 1.48 0.30 0.00
1724 0.88 0.82 0.00
1725 1.87 0.68 0.00
1726 3.83 416.57 0.00
1727 1.87 0.82 0.00
1728 0.82 0.00 0.00
1729 0.88 0.30 0.00
1730 1.44 0.82 0.00
1731 5.75 18.24 0.00
1732 1.67 138.76 0.00
1733 5.69 4.04 0.00
1734 6.41 1034.61 0.00
1735 1.11 0.30 0.00
1736 1.54 0.82 0.00
