0 1.66 0.49 0.00
1 0.55 0.42 0.00
2 1.07 0.93 0.00
3 1.71 0.42 0.00
4 0.77 0.42 0.00
5 4.97 4.05 0.00
6 4.03 2.67 0.00
7 1.81 0.42 0.00
8 1.70 0.93 0.00
9 5.14 0.54 0.00
10 1.71 0.48 0.00
11 2.22 5.22 0.00
12 2.05 0.56 0.00
13 1.23 1.84 0.00
14 1.88 0.93 0.00
15 2.03 0.42 0.00
16 1.67 2.14 0.00
17 1.54 0.93 0.00
18 1.84 0.42 0.00
19 0.55 0.42 0.00
20 1.33 0.93 0.00
21 1.95 2.20 0.00
22 0.77 0.42 0.00
23 1.48 0.93 0.00
24 0.77 0.42 0.00
25 0.66 0.42 0.00
26 3.63 5.98 0.00
27 1.89 1.98 0.00
28 2.14 3.61 0.00
29 46115.64 108.66 0.00
30 43326.46 110.76 0.00
31 1.70 1.46 0.00
32 0.89 0.58 0.00
33 0.96 0.42 0.00
34 5.67 4.12 0.00
35 1.61 1.51 0.00
36 1.40 4.52 0.00
37 26.16 20.23 0.00
38 1.03 10.31 0.00
39 0.66 0.42 0.00
40 1.28 0.54 0.00
41 1.97 25.27 0.00
42 3.41 3.29 0.00
43 2.14 1.33 0.00
44 0.66 0.93 0.00
45 0.86 0.42 0.00
46 2.69 6.43 0.00
47 0.66 0.93 0.00
48 2.53 0.42 0.00
49 0.55 0.06 0.00
50 0.77 0.87 0.00
51 3.11 2.13 0.00
52 0.88 0.48 0.00
53 1.10 1.06 0.00
54 3.03 0.42 0.00
55 1.17 4.65 0.00
56 1.39 2.71 0.00
57 1.79 0.48 0.00
58 1.04 1.92 0.00
59 0.55 0.93 0.00
60 1.33 0.42 0.00
61 1.56 2.14 0.00
62 1.00 0.93 0.00
63 1.27 0.42 0.00
64 1.00 0.42 0.00
65 0.95 5.16 0.00
66 2.46 2.14 0.00
67 2.70 0.42 0.00
68 19.74 33.65 0.00
69 1.23 0.42 0.00
70 1.92 0.42 0.00
71 1.34 2.23 0.00
72 0.68 0.56 0.00
73 1.94 1.84 0.00
74 0.99 0.93 0.00
75 0.84 4.65 0.00
76 2.23 2.08 0.00
77 0.88 0.98 0.00
78 1.58 0.54 0.00
79 1.33 0.42 0.00
80 0.66 0.93 0.00
81 2.03 2.27 0.00
82 1.22 0.42 0.00
83 0.70 0.93 0.00
84 0.44 0.42 0.00
85 1.62 4.65 0.00
86 1.04 2.59 0.00
87 2.83 1.98 0.00
88 1.04 0.42 0.00
89 1.94 0.93 0.00
90 2.70 0.42 0.00
91 1.15 2.07 0.00
92 1.21 0.93 0.00
93 2.75 0.42 0.00
94 6.46 8.82 0.00
95 0.95 4.75 0.00
96 14.96 26.13 0.00
97 1.45 0.42 0.00
98 0.71 0.93 0.00
99 1.11 0.42 0.00
100 0.33 0.42 0.00
101 1.66 2.65 0.00
102 1.24 0.56 0.00
103 0.49 1.84 0.00
104 0.65 0.92 0.00
105 1.29 4.65 0.00
106 1.02 2.33 0.00
107 1.66 0.93 0.00
108 0.94 0.42 0.00
109 0.55 0.42 0.00
110 1.34 0.51 0.00
111 0.94 2.02 0.00
112 0.66 0.47 0.00
113 1.37 0.93 0.00
114 0.89 0.42 0.00
115 0.84 4.65 0.00
116 1.62 2.71 0.00
117 0.52 2.13 0.00
118 0.94 5.29 0.00
119 1.49 5.88 0.00
120 0.68 5.57 0.00
121 1.71 6.94 0.00
122 2.32 0.93 0.00
123 0.60 0.42 0.00
124 0.78 0.42 0.00
125 3.00 2.55 0.00
126 0.66 2.01 0.00
127 2.01 0.42 0.00
128 2.16 0.93 0.00
129 1.34 0.42 0.00
130 2.42 0.42 0.00
131 1.29 2.52 0.00
132 2.49 1.98 0.00
133 2.68 0.00 0.00
134 1.29 0.93 0.00
135 16.28 13.44 0.00
136 37.53 2147.73 0.00
137 11333.79 10739.50 0.00
138 7114.38 2991.92 0.00
139 6474.00 11341.23 0.00
140 8743.63 6468.58 0.00
141 10844.10 2105.14 0.00
142 8531.18 8690.75 0.00
143 13836.93 18075.49 0.00
144 4333.09 5005.89 0.00
145 2472.33 303.91 0.00
146 1323.28 3.78 0.00
147 400.25 3.53 0.00
148 2.35 2.33 0.00
149 1.08 0.71 0.00
150 1264.70 3.73 0.00
151 879.29 1.77 0.00
152 1163.87 2.54 0.00
153 272.31 2.91 0.00
154 4979.75 3773.65 0.00
155 3742.59 3312.88 0.00
156 2398.65 5284.21 0.00
157 3116.40 4367.64 0.00
158 3566.53 1950.59 0.00
159 3039.35 4154.42 0.00
160 3236.84 5075.47 0.00
161 84.95 2922.00 0.00
162 8.06 3342.08 0.00
163 3.38 953.12 0.00
164 2.34 1.02 0.00
165 1.44 0.42 0.00
166 1.31 0.54 0.00
167 2.89 0.93 0.00
168 2.14 2.36 0.00
169 0.95 3.88 0.00
170 5.47 257.14 0.00
171 7.69 1297.80 0.00
172 2.29 253.74 0.00
173 5.79 543.97 0.00
174 7.78 980.18 0.00
175 9.20 1981.55 0.00
176 9.93 3314.58 0.00
177 10.34 2528.52 0.00
178 9.94 1618.29 0.00
179 9.58 1591.57 0.00
180 4.72 1589.25 0.00
181 10.40 4513.46 0.00
182 13.24 4703.77 0.00
183 3.67 966.67 0.00
184 10.04 3418.48 0.00
185 8.50 1873.93 0.00
186 10.63 3470.52 0.00
187 10.43 1992.33 0.00
188 10.13 2837.80 0.00
189 13.05 4547.03 0.00
190 12.51 3068.33 0.00
191 11.17 2942.37 0.00
192 15.10 3469.91 0.00
193 13.44 3764.55 0.00
194 8.88 3678.01 0.00
195 10.10 4274.60 0.00
196 9.74 3101.55 0.00
197 9.49 2862.71 0.00
198 10.53 4185.89 0.00
199 10.07 3627.98 0.00
200 8.88 3740.23 0.00
201 10.28 3581.44 0.00
202 7.51 2880.53 0.00
203 4.51 395.53 0.00
204 1.43 0.00 0.00
205 1.84 3.53 0.00
206 2.03 0.51 0.00
207 1.44 0.00 0.00
208 3041.80 2178.15 0.00
209 11927.02 3262.74 0.00
210 13575.02 9618.51 0.00
211 10093.56 3868.00 0.00
212 7516.88 497.27 0.00
213 3662.96 8.82 0.00
214 6055.04 2214.21 0.00
215 6266.18 4848.46 0.00
216 5883.14 4179.10 0.00
217 5020.66 3215.78 0.00
218 7356.59 3247.39 0.00
219 3615.99 2453.71 0.00
220 3442.21 2399.66 0.00
221 2466.06 583.42 0.00
222 3444.78 1783.82 0.00
223 5514.48 812.74 0.00
224 2425.10 214.68 0.00
225 1602.80 7.96 0.00
226 11.93 1849.08 0.00
227 11.49 2319.35 0.00
228 12.60 1812.93 0.00
229 11.51 2162.37 0.00
230 12.23 2678.46 0.00
231 13.79 3198.78 0.00
232 12.03 4419.75 0.00
233 13.13 4827.12 0.00
234 12.22 4949.91 0.00
235 10.81 6016.83 0.00
236 6.53 2270.42 0.00
237 4.47 1801.28 0.00
238 5.30 1712.04 0.00
239 7.57 2462.69 0.00
240 2.75 1447.64 0.00
241 3.80 792.43 0.00
242 9.63 2189.96 0.00
243 12.74 4611.14 0.00
244 12.18 4905.75 0.00
245 11.14 3575.64 0.00
246 1513.56 2132.48 0.00
247 2838.93 825.50 0.00
248 5093.72 1054.81 0.00
249 4937.79 1833.36 0.00
250 4777.86 3687.92 0.00
251 6613.22 6179.29 0.00
252 8471.74 1239.92 0.00
253 7245.96 18.02 0.00
254 1683.26 5.62 0.00
255 2649.41 659.42 0.00
256 3440.54 2144.88 0.00
257 1624.19 2679.98 0.00
258 617.40 961.29 0.00
259 1.22 0.00 0.00
260 0.66 0.57 0.00
261 1.18 0.14 0.00
262 1.89 0.00 0.00
263 0.95 10.46 0.00
264 1.67 0.00 0.00
265 1.74 1.65 0.00
266 0.89 0.51 0.00
267 1.80 0.06 0.00
268 1.54 3.09 0.00
269 0.77 0.58 0.00
270 1.00 0.00 0.00
271 0.89 0.00 0.00
272 1.81 0.58 0.00
273 13.58 1577.72 0.00
274 23.00 9971.40 0.00
275 34.73 24062.11 0.00
276 27.20 5341.36 0.00
277 10774.32 6257.18 0.00
278 19570.44 9765.42 0.00
279 14724.20 6027.93 0.00
280 17351.73 25.54 0.00
281 9644.65 12.75 0.00
282 1.68 0.06 0.00
283 7494.87 18.57 0.00
284 2.07 2.43 0.00
285 1.70 1.90 0.00
286 1.06 5.73 0.00
287 3.22 0.92 0.00
288 7.38 2497.20 0.00
289 16.98 9395.95 0.00
290 5.82 3745.98 0.00
291 8.96 3347.70 0.00
292 3.49 902.20 0.00
293 2.50 2.81 0.00
294 0.89 0.00 0.00
295 1.55 0.45 0.00
296 1832.55 6550.77 0.00
297 17492.17 20358.79 0.00
298 26944.47 57.44 0.00
299 20054.11 40.53 0.00
300 1427.00 3.64 0.00
301 3051.25 6.55 0.00
302 9713.19 5234.79 0.00
303 12.30 10487.19 0.00
304 1.92 1.93 0.00
305 8.70 3846.16 0.00
306 4.00 332.65 0.00
307 10.10 6693.70 0.00
308 7.74 3883.52 0.00
309 1.50 574.22 0.00
310 2.25 0.42 0.00
311 2.58 100.55 0.00
312 15.06 8760.75 0.00
313 5.19 2730.43 0.00
314 1.17 1.00 0.00
315 1.50 5.73 0.00
316 1.50 0.42 0.00
317 0.65 0.93 0.00
318 28146.60 1882.21 0.00
319 16239.42 2324.50 0.00
320 3203.98 1888.04 0.00
321 5441.30 3763.88 0.00
322 8740.28 5231.36 0.00
323 10393.30 4792.81 0.00
324 7606.88 17.51 0.00
325 4.40 0.56 0.00
326 2.45 1.07 0.00
327 1.91 0.57 0.00
328 2.09 3.70 0.00
329 4.50 525.82 0.00
330 17.71 14963.51 0.00
331 5974.59 3997.37 0.00
332 17982.47 26.07 0.00
333 2.35 0.48 0.00
334 12856.25 3916.82 0.00
335 1.58 13.68 0.00
336 3.35 0.62 0.00
337 1.05 0.54 0.00
338 1.81 0.99 0.00
339 2579.83 3698.82 0.00
340 608.60 4382.99 0.00
341 10.82 5073.70 0.00
342 11.26 7192.97 0.00
343 1.21 0.48 0.00
344 2.53 5.83 0.00
345 8.06 3524.87 0.00
346 9.28 3964.26 0.00
347 2.11 1.01 0.00
348 1.77 0.67 0.00
349 2.48 2.26 0.00
350 2.46 0.51 0.00
351 37.84 11764.08 0.00
352 5611.31 1543.27 0.00
353 10365.99 2498.77 0.00
354 6179.44 25.48 0.00
355 0.89 0.42 0.00
356 3.81 0.99 0.00
357 1.17 0.61 0.00
358 1185.00 3.70 0.00
359 2.61 2.79 0.00
360 12.08 7514.18 0.00
361 10.33 3605.51 0.00
362 8.52 4277.16 0.00
363 1831.37 1635.34 0.00
364 7625.41 10153.26 0.00
365 328.79 2.77 0.00
366 347.17 2.03 0.00
367 399.96 2.10 0.00
368 15981.08 12617.21 0.00
369 4548.36 1438.21 0.00
370 2.99 1676.83 0.00
371 2.69 13.76 0.00
372 1.44 0.55 0.00
373 4219.41 3850.28 0.00
374 140.02 2.78 0.00
375 1.29 6.91 0.00
376 0.84 0.42 0.00
377 1.50 6.74 0.00
378 2.17 6.23 0.00
379 1.72 2.33 0.00
380 3.12 0.93 0.00
381 1.42 0.42 0.00
382 1.17 6.23 0.00
383 2.81 0.93 0.00
384 1.68 2.07 0.00
385 0.95 2.03 0.00
386 2.14 0.93 0.00
387 1.32 1.98 0.00
388 3.54 0.42 0.00
389 1.94 2.71 0.00
390 0.22 0.42 0.00
391 1.54 0.42 0.00
392 0.99 0.93 0.00
393 1.05 0.42 0.00
394 2.32 2.20 0.00
395 823.06 1990.36 0.00
396 4150.96 4820.57 0.00
397 6254.00 2681.47 0.00
398 8108.49 3917.06 0.00
399 12085.92 7577.55 0.00
400 8591.95 15151.55 0.00
401 0.88 56.41 0.00
402 1.48 1.98 0.00
403 3.82 5.07 0.00
404 1.35 2.78 0.00
405 1.06 5.07 0.00
406 1.44 0.42 0.00
407 5.13 912.84 0.00
408 5.57 1069.73 0.00
409 2.37 286.78 0.00
410 4.98 415.61 0.00
411 6.29 1590.86 0.00
412 5.74 622.21 0.00
413 3.64 573.57 0.00
414 8.47 1452.75 0.00
415 6.20 971.67 0.00
416 9.36 1581.77 0.00
417 8.49 1351.49 0.00
418 7.18 1483.32 0.00
419 9.82 2915.01 0.00
420 5.30 771.68 0.00
421 22.04 7245.61 0.00
422 16.61 6492.69 0.00
423 9216.59 4021.62 0.00
424 9179.14 7277.50 0.00
425 1470.57 9.16 0.00
426 13032.90 40.72 0.00
427 14999.23 2364.92 0.00
428 19744.67 36.14 0.00
429 2670.62 1191.08 0.00
430 6131.72 1954.82 0.00
431 3213.85 2584.81 0.00
432 9921.88 3034.02 0.00
433 2696.02 2555.45 0.00
434 5641.55 2868.51 0.00
435 1719.37 684.75 0.00
436 1.80 0.62 0.00
437 1.69 0.57 0.00
438 2.39 0.67 0.00
439 2.28 2.26 0.00
440 1.62 1.00 0.00
441 62.65 26134.42 0.00
442 27.62 15891.45 0.00
443 23.98 8298.68 0.00
444 21.39 8368.60 0.00
445 14.40 5661.38 0.00
446 7766.83 76.29 0.00
447 4617.35 1390.45 0.00
448 848.39 3932.42 0.00
449 3.70 782.95 0.00
450 1.44 0.48 0.00
451 0.77 0.42 0.00
452 236.46 5.57 0.00
453 6023.02 10755.87 0.00
454 1.42 2.07 0.00
455 9529.12 237.14 0.00
456 10.93 5868.83 0.00
457 1.43 0.42 0.00
458 12857.31 49.11 0.00
459 6268.56 900.41 0.00
460 2232.03 1331.67 0.00
461 0.77 0.93 0.00
462 4.66 708.11 0.00
463 2.87 1494.17 0.00
464 5525.50 5597.40 0.00
465 10794.05 4657.66 0.00
466 20006.81 10281.35 0.00
467 10945.18 3261.79 0.00
468 5774.64 98.89 0.00
469 4021.72 10.59 0.00
470 17967.19 1583.58 0.00
471 10911.63 6153.49 0.00
472 627.22 4950.99 0.00
473 10.78 4477.86 0.00
474 8.69 2086.97 0.00
475 1.33 0.49 0.00
476 2.87 1.20 0.00
477 2.89 2.11 0.00
478 0.60 0.43 0.00
479 2.00 2.23 0.00
480 31.96 15011.62 0.00
481 9750.94 17023.84 0.00
482 13.63 6438.17 0.00
483 780.48 239.74 0.00
484 6977.20 3673.56 0.00
485 5.64 916.57 0.00
486 8.14 2048.59 0.00
487 8.73 3724.87 0.00
488 10758.22 4888.18 0.00
489 916.49 3568.72 0.00
490 3.63 14.67 0.00
491 5433.29 17.20 0.00
492 9772.60 35.71 0.00
493 14132.82 22.96 0.00
494 6.29 2202.85 0.00
495 11.20 3961.28 0.00
496 1.78 13.94 0.00
497 3955.81 10.52 0.00
498 4930.70 11.71 0.00
499 2208.20 4.33 0.00
500 2.14 1.20 0.00
501 0.79 0.13 0.00
502 3498.58 2816.81 0.00
503 3926.74 1554.44 0.00
504 4262.58 171.93 0.00
505 12552.11 42.52 0.00
506 0.77 0.93 0.00
507 1.91 0.56 0.00
508 4493.15 10.00 0.00
509 1.54 4.28 0.00
510 1.66 5.01 0.00
511 0.81 1.90 0.00
512 0.77 0.93 0.00
513 2.53 0.42 0.00
514 1.81 2.13 0.00
515 0.83 4.54 0.00
516 2.62 5.21 0.00
517 0.66 5.09 0.00
518 1.14 0.93 0.00
519 3.99 2.20 0.00
520 0.55 0.42 0.00
521 1972.25 291.22 0.00
522 5750.25 4539.67 0.00
523 6719.46 7771.33 0.00
524 4940.22 2475.45 0.00
525 7243.62 5210.95 0.00
526 6991.19 4987.45 0.00
527 7637.44 5221.75 0.00
528 9262.29 5403.97 0.00
529 8981.49 9386.44 0.00
530 1710.39 15645.23 0.00
531 0.78 43.56 0.00
532 1.62 3.39 0.00
533 1.47 0.93 0.00
534 1.78 2.13 0.00
535 1.40 5.00 0.00
536 8.51 1345.71 0.00
537 8.68 1430.05 0.00
538 6.88 1020.67 0.00
539 9.89 1682.42 0.00
540 8.15 2184.75 0.00
541 14.11 4512.02 0.00
542 1.11 0.00 0.00
543 3.07 391.29 0.00
544 6.96 1121.08 0.00
545 1189.00 2034.16 0.00
546 9469.70 2732.61 0.00
547 10498.06 3605.18 0.00
548 8460.63 4739.17 0.00
549 5049.38 8062.34 0.00
550 5782.66 670.78 0.00
551 2865.35 900.14 0.00
552 2556.87 1243.19 0.00
553 1276.64 2723.78 0.00
554 4901.48 2273.93 0.00
555 7052.23 4262.17 0.00
556 11614.44 4627.67 0.00
557 8577.90 2110.49 0.00
558 3215.44 7406.59 0.00
559 16.09 8462.47 0.00
560 1690.49 3374.46 0.00
561 9438.35 2734.82 0.00
562 8052.99 2404.96 0.00
563 13380.43 6490.16 0.00
564 816.50 3873.40 0.00
565 2.07 64.01 0.00
566 12.07 803.93 0.00
567 6724.41 2106.44 0.00
568 7828.58 2644.56 0.00
569 764.75 4.54 0.00
570 2.47 0.80 0.00
571 2.00 0.80 0.00
572 1.45 1.06 0.00
573 1.70 0.42 0.00
574 27.81 5247.98 0.00
575 8489.15 17826.45 0.00
576 11574.61 14096.76 0.00
577 16.47 9209.36 0.00
578 2.56 3000.17 0.00
579 4522.11 34.10 0.00
580 5127.26 1362.30 0.00
581 14.27 8878.12 0.00
582 5512.26 4576.19 0.00
583 5713.38 5443.71 0.00
584 8844.33 3516.21 0.00
585 5396.66 2458.95 0.00
586 2496.36 2695.75 0.00
587 5708.24 2061.35 0.00
588 4050.30 5.07 0.00
589 446.08 2.91 0.00
590 2.84 1.06 0.00
591 1412.30 480.38 0.00
592 12078.81 12470.56 0.00
593 18990.58 2381.30 0.00
594 11465.75 1054.90 0.00
595 386.03 6229.12 0.00
596 8283.51 10151.39 0.00
597 5062.30 5558.05 0.00
598 11809.20 33.64 0.00
599 105.91 2.84 0.00
600 20.77 7720.51 0.00
601 1.88 0.49 0.00
602 2.97 1.08 0.00
603 0.72 0.00 0.00
604 1.39 2.01 0.00
605 3.12 1.06 0.00
606 2.71 0.54 0.00
607 15039.48 9805.79 0.00
608 8093.54 12297.44 0.00
609 12.81 5623.20 0.00
610 16.86 6495.14 0.00
611 2.31 700.34 0.00
612 5625.13 3188.14 0.00
613 1801.25 991.26 0.00
614 1.11 2.65 0.00
615 13520.43 3621.34 0.00
616 14559.82 8160.40 0.00
617 13571.69 9254.70 0.00
618 2828.51 3955.02 0.00
619 1.86 7.00 0.00
620 2251.48 1799.98 0.00
621 1389.92 634.32 0.00
622 17367.60 38.49 0.00
623 10462.31 4542.03 0.00
624 1736.74 3.75 0.00
625 1379.98 1.71 0.00
626 0.66 0.51 0.00
627 3.07 0.74 0.00
628 2.02 1.92 0.00
629 33.96 18375.78 0.00
630 1.50 1.69 0.00
631 1.04 1.90 0.00
632 2.07 2.42 0.00
633 1.65 5.15 0.00
634 1.82 2.13 0.00
635 2.21 4.54 0.00
636 1.32 0.42 0.00
637 1.18 5.15 0.00
638 1.32 5.66 0.00
639 1.82 2.07 0.00
640 22.18 13.84 0.00
641 20.71 1655.76 0.00
642 504.98 2504.39 0.00
643 5564.40 1067.83 0.00
644 5361.92 1670.74 0.00
645 5832.95 4039.95 0.00
646 4305.87 4995.74 0.00
647 6437.00 2620.88 0.00
648 8275.70 2802.86 0.00
649 9265.69 2717.71 0.00
650 10279.74 8820.85 0.00
651 4805.35 18567.37 0.00
652 28.29 13232.49 0.00
653 2.58 48.25 0.00
654 2.15 3.56 0.00
655 8.83 3847.49 0.00
656 1.33 0.93 0.00
657 1.01 0.48 0.00
658 6.68 716.72 0.00
659 10.34 3345.42 0.00
660 5.94 1908.67 0.00
661 7.37 1678.63 0.00
662 7.70 2024.32 0.00
663 5.67 2515.30 0.00
664 1.17 2.20 0.00
665 6329.56 3633.66 0.00
666 8836.70 1973.45 0.00
667 5.49 1323.80 0.00
668 6.24 930.60 0.00
669 4.76 966.79 0.00
670 5.08 1276.70 0.00
671 5103.00 3078.75 0.00
672 6074.55 3299.08 0.00
673 6078.71 2924.29 0.00
674 9159.69 4074.29 0.00
675 7446.89 4385.63 0.00
676 10141.16 2734.05 0.00
677 2404.72 1773.29 0.00
678 1561.38 1980.71 0.00
679 1035.39 1143.27 0.00
680 1479.58 2401.02 0.00
681 4186.08 3139.98 0.00
682 8428.98 6377.33 0.00
683 7374.29 6082.06 0.00
684 8142.82 3339.15 0.00
685 1175.17 4415.25 0.00
686 6.73 3394.71 0.00
687 1.46 1.98 0.00
688 3.10 204.59 0.00
689 5.95 2472.08 0.00
690 10.00 3209.83 0.00
691 3.84 1894.02 0.00
692 10.25 3216.70 0.00
693 3.18 606.06 0.00
694 2.04 7.31 0.00
695 14.49 2838.48 0.00
696 19.33 6492.63 0.00
697 16.43 4898.88 0.00
698 17.62 5646.92 0.00
699 16.48 4800.85 0.00
700 5455.54 14978.27 0.00
701 13281.45 14573.30 0.00
702 12490.95 4974.19 0.00
703 6861.57 701.10 0.00
704 6687.49 10.45 0.00
705 1.46 3.92 0.00
706 1573.31 3767.13 0.00
707 410.47 2509.74 0.00
708 1186.19 3138.04 0.00
709 2557.26 2360.26 0.00
710 3464.02 3064.87 0.00
711 3644.41 1951.77 0.00
712 4727.15 3203.99 0.00
713 2505.43 3140.72 0.00
714 4753.64 550.04 0.00
715 3532.66 10.05 0.00
716 470.95 2.18 0.00
717 0.45 1.98 0.00
718 0.93 0.42 0.00
719 2.18 2.71 0.00
720 0.77 0.42 0.00
721 4.06 605.30 0.00
722 6.75 3345.34 0.00
723 7.37 3866.75 0.00
724 5411.37 1098.38 0.00
725 8031.43 2863.58 0.00
726 10196.93 492.79 0.00
727 2665.80 3.57 0.00
728 511.94 2.73 0.00
729 773.62 3.88 0.00
730 871.19 1.90 0.00
731 3403.28 3858.69 0.00
732 11800.09 18132.16 0.00
733 15004.19 13110.24 0.00
734 5.63 2771.25 0.00
735 0.89 15.95 0.00
736 2.25 0.48 0.00
737 1.22 1.20 0.00
738 2.91 0.48 0.00
739 2687.79 2306.55 0.00
740 2098.94 6944.39 0.00
741 2339.94 7455.66 0.00
742 741.16 3573.96 0.00
743 5.91 2507.96 0.00
744 9.13 1585.47 0.00
745 2.25 6.11 0.00
746 1.10 0.93 0.00
747 2.50 2.18 0.00
748 4.27 5.93 0.00
749 14.58 8799.97 0.00
750 3141.33 4411.27 0.00
751 2146.35 1208.62 0.00
752 3397.17 2799.55 0.00
753 4747.87 3968.96 0.00
754 17.53 6536.25 0.00
755 24.48 10892.06 0.00
756 16.43 6537.17 0.00
757 1435.39 27.90 0.00
758 1571.24 10.95 0.00
759 1590.03 1690.91 0.00
760 2889.34 2179.33 0.00
761 3501.58 1675.21 0.00
762 3379.73 1928.11 0.00
763 7737.23 4105.58 0.00
764 11021.43 3864.26 0.00
765 6945.18 4802.86 0.00
766 590.55 3817.13 0.00
767 17.58 8391.10 0.00
768 11518.25 47.17 0.00
769 1640.38 4.13 0.00
770 0.65 0.93 0.00
771 2.06 0.42 0.00
772 1.11 0.42 0.00
773 0.59 0.93 0.00
774 1641.37 6.07 0.00
775 1.55 8.42 0.00
776 2.33 0.93 0.00
777 2.58 1.98 0.00
778 1.60 0.42 0.00
779 2.91 2.65 0.00
780 1.75 0.42 0.00
781 1.71 5.15 0.00
782 1.33 0.93 0.00
783 2.92 0.42 0.00
784 2.09 2.07 0.00
785 1.63 2.55 0.00
786 2.01 0.42 0.00
787 506.10 34.07 0.00
788 6207.11 2284.92 0.00
789 6805.02 2783.63 0.00
790 5347.89 4291.33 0.00
791 7827.90 4423.35 0.00
792 9544.96 2916.56 0.00
793 8885.08 4219.23 0.00
794 8052.81 6535.07 0.00
795 6767.54 22221.20 0.00
796 2170.25 7724.45 0.00
797 1.80 2.42 0.00
798 1.55 0.42 0.00
799 1.95 2.07 0.00
800 2.82 0.93 0.00
801 0.69 0.00 0.00
802 6.18 995.30 0.00
803 10.40 2022.14 0.00
804 5.92 1351.86 0.00
805 6.05 796.79 0.00
806 18.54 4902.79 0.00
807 17.27 7012.52 0.00
808 14.73 6529.59 0.00
809 12.80 3613.60 0.00
810 9.10 2816.27 0.00
811 8.95 1140.55 0.00
812 11.61 4754.58 0.00
813 14.49 4535.56 0.00
814 11.59 3984.41 0.00
815 404.16 4340.87 0.00
816 19917.27 1885.58 0.00
817 14732.13 1887.48 0.00
818 12397.75 4814.33 0.00
819 12417.93 490.91 0.00
820 2023.34 2279.73 0.00
821 3800.47 2361.28 0.00
822 3697.58 3273.16 0.00
823 2466.67 866.46 0.00
824 3724.97 627.59 0.00
825 4164.68 5.96 0.00
826 2386.42 3.64 0.00
827 40.03 1.12 0.00
828 2.21 0.93 0.00
829 3.02 2.17 0.00
830 40.09 14407.37 0.00
831 22.57 11800.95 0.00
832 21.07 9774.50 0.00
833 4360.68 48.86 0.00
834 8425.67 19.28 0.00
835 2750.95 2116.94 0.00
836 5.96 1578.58 0.00
837 6.85 2694.83 0.00
838 14.81 8431.16 0.00
839 6541.21 6236.37 0.00
840 16214.62 9615.43 0.00
841 1309.39 2.93 0.00
842 5712.05 12.10 0.00
843 11185.75 4281.87 0.00
844 1230.19 7638.11 0.00
845 2823.59 8119.43 0.00
846 3038.16 7524.10 0.00
847 17039.58 1441.76 0.00
848 15197.12 2903.61 0.00
849 17395.05 787.94 0.00
850 15127.95 3001.74 0.00
851 5570.59 7096.80 0.00
852 1212.12 4574.03 0.00
853 1.79 195.39 0.00
854 1.89 3.04 0.00
855 1.56 0.49 0.00
856 1.96 0.42 0.00
857 1.25 1.06 0.00
858 3785.03 2968.78 0.00
859 13388.58 8165.03 0.00
860 6122.21 6739.69 0.00
861 116.81 1572.03 0.00
862 3.35 46.37 0.00
863 0.70 0.94 0.00
864 2.09 2.30 0.00
865 15.29 4183.00 0.00
866 15.46 9400.68 0.00
867 8.87 2887.46 0.00
868 8.47 1973.74 0.00
869 11.82 3554.68 0.00
870 22.22 7657.41 0.00
871 24.43 11229.88 0.00
872 5.15 3036.03 0.00
873 1.81 0.42 0.00
874 1.83 6.36 0.00
875 23.90 6206.67 0.00
876 11.57 4954.00 0.00
877 5.04 675.71 0.00
878 1434.90 1082.03 0.00
879 2716.10 2701.51 0.00
880 3301.93 3057.57 0.00
881 3018.19 3664.96 0.00
882 8851.54 3287.69 0.00
883 14289.89 4679.12 0.00
884 15295.02 3687.15 0.00
885 18334.67 27.42 0.00
886 3713.55 2.35 0.00
887 3.36 1.25 0.00
888 0.81 0.42 0.00
889 8226.49 6322.58 0.00
890 16856.74 8028.85 0.00
891 13275.96 18.93 0.00
892 17123.13 41.33 0.00
893 8718.81 14.53 0.00
894 2432.54 7.10 0.00
895 483.90 5.86 0.00
896 1.54 0.93 0.00
897 3898.37 9.08 0.00
898 1.30 1.90 0.00
899 2.47 3.81 0.00
900 1.70 0.42 0.00
901 0.62 5.15 0.00
902 1.72 5.66 0.00
903 1.86 0.42 0.00
904 1.17 6.87 0.00
905 1.96 3.84 0.00
906 1.70 0.42 0.00
907 2.13 0.42 0.00
908 1.26 0.93 0.00
909 598.19 1730.69 0.00
910 4790.83 2979.33 0.00
911 4005.95 4286.11 0.00
912 6167.88 3384.95 0.00
913 4105.08 374.07 0.00
914 5045.48 2790.23 0.00
915 5264.28 3170.37 0.00
916 5711.57 4312.12 0.00
917 5730.50 3378.09 0.00
918 6038.97 5071.57 0.00
919 6785.71 3972.07 0.00
920 6328.64 9824.09 0.00
921 705.07 19724.74 0.00
922 1.93 56.22 0.00
923 1.25 0.92 0.00
924 1.18 2.20 0.00
925 1.73 5.00 0.00
926 1.00 0.51 0.00
927 6.25 464.05 0.00
928 19.87 2340.03 0.00
929 664.94 1187.91 0.00
930 1481.07 4705.12 0.00
931 5378.34 2553.74 0.00
932 4994.38 5640.94 0.00
933 3244.65 6934.85 0.00
934 4450.58 4036.89 0.00
935 8.32 2106.35 0.00
936 4.06 513.69 0.00
937 3.78 306.94 0.00
938 3903.23 421.74 0.00
939 6420.62 1447.58 0.00
940 4001.68 2779.58 0.00
941 976.56 4544.15 0.00
942 16.41 6047.55 0.00
943 13.72 5634.87 0.00
944 2243.25 9542.94 0.00
945 11182.30 4554.85 0.00
946 5257.36 1366.48 0.00
947 4748.38 1765.18 0.00
948 3877.62 2415.89 0.00
949 3353.34 2444.14 0.00
950 6168.60 7404.35 0.00
951 4016.18 10700.83 0.00
952 722.25 8483.35 0.00
953 19.71 5446.35 0.00
954 6702.47 8066.80 0.00
955 1565.46 1380.08 0.00
956 4885.00 4929.16 0.00
957 2289.71 5.34 0.00
958 15.45 6698.35 0.00
959 26.07 12684.44 0.00
960 3603.08 1060.72 0.00
961 1.17 0.56 0.00
962 5.94 1707.23 0.00
963 5969.97 2321.57 0.00
964 5131.18 1252.63 0.00
965 2160.71 5386.46 0.00
966 3655.14 4386.86 0.00
967 2612.80 5010.50 0.00
968 2227.25 3875.24 0.00
969 8589.73 16.70 0.00
970 2850.00 4059.07 0.00
971 12996.32 2764.59 0.00
972 31562.56 1226.69 0.00
973 1403.45 4746.36 0.00
974 10.48 4195.14 0.00
975 7185.37 3383.95 0.00
976 6973.75 2766.09 0.00
977 1.21 0.94 0.00
978 3.66 0.61 0.00
979 2.12 2.14 0.00
980 0.88 0.98 0.00
981 2.34 0.42 0.00
982 17.80 5146.61 0.00
983 14817.72 13831.24 0.00
984 12146.29 6553.25 0.00
985 10423.29 9733.82 0.00
986 5738.12 9360.65 0.00
987 1787.55 5851.38 0.00
988 3.02 2298.35 0.00
989 1.32 2.52 0.00
990 13.86 3860.53 0.00
991 1.73 0.61 0.00
992 1.67 1.12 0.00
993 1.38 0.00 0.00
994 1.37 0.57 0.00
995 2.52 2.62 0.00
996 40.19 12879.68 0.00
997 33.24 16769.73 0.00
998 11.67 5105.90 0.00
999 3.72 845.06 0.00
1000 1.01 166.62 0.00
1001 3383.19 20.90 0.00
1002 2712.61 202.77 0.00
1003 4404.23 2733.25 0.00
1004 5372.01 2590.50 0.00
1005 7069.75 4135.21 0.00
1006 4228.35 3540.13 0.00
1007 2677.80 3550.88 0.00
1008 1607.92 5316.74 0.00
1009 4823.54 9679.74 0.00
1010 8.86 4375.55 0.00
1011 15719.29 28.02 0.00
1012 7948.37 4073.06 0.00
1013 10199.20 3972.66 0.00
1014 10.23 2772.58 0.00
1015 7.29 3329.39 0.00
1016 3.37 0.93 0.00
1017 1.21 1.98 0.00
1018 0.60 0.42 0.00
1019 5.50 1717.14 0.00
1020 1.13 181.19 0.00
1021 0.97 0.42 0.00
1022 2.48 0.93 0.00
1023 0.60 0.00 0.00
1024 1.90 2.08 0.00
1025 2.23 9.05 0.00
1026 0.89 0.42 0.00
1027 2.21 0.56 0.00
1028 1.14 5.52 0.00
1029 2228.34 519.94 0.00
1030 4822.48 849.21 0.00
1031 5354.84 3400.47 0.00
1032 5842.60 1022.72 0.00
1033 6141.94 3511.09 0.00
1034 5223.56 2714.96 0.00
1035 7248.80 3329.28 0.00
1036 7059.86 3274.36 0.00
1037 7381.55 4429.94 0.00
1038 6729.29 7973.97 0.00
1039 4087.16 22774.89 0.00
1040 7.08 3529.25 0.00
1041 0.66 0.42 0.00
1042 1.85 3.39 0.00
1043 0.92 0.93 0.00
1044 2.04 2.17 0.00
1045 2.26 5.03 0.00
1046 8.38 1897.22 0.00
1047 13.35 5230.17 0.00
1048 0.60 46.55 0.00
1049 1.94 2.71 0.00
1050 1.33 0.42 0.00
1051 4.66 382.85 0.00
1052 7.94 1546.66 0.00
1053 9.87 2582.72 0.00
1054 1062.11 1467.47 0.00
1055 4709.12 4652.06 0.00
1056 4596.64 5064.89 0.00
1057 6459.04 1201.06 0.00
1058 3378.16 1447.26 0.00
1059 14.77 6928.92 0.00
1060 15330.20 4014.64 0.00
1061 10415.78 2512.76 0.00
1062 4603.68 488.96 0.00
1063 3287.19 1537.72 0.00
1064 3964.38 2379.62 0.00
1065 3135.84 1895.25 0.00
1066 8083.39 2254.48 0.00
1067 10846.37 3723.97 0.00
1068 12678.95 6979.66 0.00
1069 10901.57 6795.15 0.00
1070 15.83 4777.67 0.00
1071 14.87 6702.67 0.00
1072 20.14 9348.78 0.00
1073 14.05 6795.38 0.00
1074 3.45 399.81 0.00
1075 8.39 3570.11 0.00
1076 2.45 0.93 0.00
1077 14.98 5213.55 0.00
1078 22.14 8376.04 0.00
1079 7738.60 8382.63 0.00
1080 8153.59 4831.86 0.00
1081 8574.47 2447.93 0.00
1082 4743.57 20.27 0.00
1083 1.03 0.41 0.00
1084 1.10 2.10 0.00
1085 2.00 0.96 0.00
1086 1781.53 2.80 0.00
1087 5754.05 10539.36 0.00
1088 2375.97 4384.33 0.00
1089 10.43 3319.28 0.00
1090 15187.46 4440.38 0.00
1091 15506.28 1933.83 0.00
1092 9.78 5435.22 0.00
1093 7.90 2602.16 0.00
1094 2.67 951.52 0.00
1095 7505.73 7300.85 0.00
1096 2330.19 476.24 0.00
1097 2.14 0.93 0.00
1098 2781.62 9.67 0.00
1099 5364.34 1332.91 0.00
1100 4451.65 2654.53 0.00
1101 7560.85 4289.37 0.00
1102 4173.85 2832.38 0.00
1103 3067.72 3379.02 0.00
1104 2755.40 3364.39 0.00
1105 5428.49 4052.83 0.00
1106 10096.60 3794.65 0.00
1107 6297.39 6.75 0.00
1108 3556.84 4.24 0.00
1109 646.06 4.07 0.00
1110 2.50 0.80 0.00
1111 11345.69 5201.09 0.00
1112 20435.72 18001.49 0.00
1113 9345.67 19354.77 0.00
1114 5.71 3338.28 0.00
1115 8747.60 3316.10 0.00
1116 13091.77 3012.37 0.00
1117 793.00 4719.14 0.00
1118 1.57 0.99 0.00
1119 2120.27 5.13 0.00
1120 2358.49 933.75 0.00
1121 2437.84 950.65 0.00
1122 3708.83 6.38 0.00
1123 121.65 0.75 0.00
1124 2.73 2.80 0.00
1125 2.24 0.54 0.00
1126 1843.17 16298.48 0.00
1127 7.45 4005.99 0.00
1128 6.46 2290.65 0.00
1129 10.02 4481.78 0.00
1130 13366.83 6273.65 0.00
1131 2924.87 3434.16 0.00
1132 1028.09 1.69 0.00
1133 3.96 0.93 0.00
1134 1.82 2.04 0.00
1135 0.77 0.45 0.00
1136 2381.18 3.66 0.00
1137 1.12 0.48 0.00
1138 15.32 6519.44 0.00
1139 9.42 3117.49 0.00
1140 1.48 488.13 0.00
1141 8385.25 29.21 0.00
1142 3599.52 3670.40 0.00
1143 0.81 0.42 0.00
1144 1.23 2.08 0.00
1145 478.21 1574.90 0.00
1146 2853.48 2552.12 0.00
1147 237.36 2420.96 0.00
1148 6.72 4314.37 0.00
1149 1.55 2.10 0.00
1150 1.93 0.45 0.00
1151 1.55 0.93 0.00
1152 1.12 1.98 0.00
1153 1.60 0.42 0.00
1154 2.48 7.58 0.00
1155 0.95 2.03 0.00
1156 0.55 0.42 0.00
1157 1.99 0.93 0.00
1158 1.85 0.42 0.00
1159 1.11 2.13 0.00
1160 1.54 0.93 0.00
1161 0.66 0.42 0.00
1162 1.00 0.42 0.00
1163 1.59 0.93 0.00
1164 1.01 1.81 0.00
1165 1.18 2.03 0.00
1166 1.65 0.93 0.00
1167 0.97 1.98 0.00
1168 24.30 14.27 0.00
1169 7123.36 2643.00 0.00
1170 3769.14 2650.03 0.00
1171 5096.78 4097.17 0.00
1172 5504.51 2507.47 0.00
1173 4130.22 2072.09 0.00
1174 7551.98 2610.18 0.00
1175 4307.56 3403.84 0.00
1176 6115.43 4255.90 0.00
1177 7050.21 3770.46 0.00
1178 7160.08 7104.05 0.00
1179 2908.30 4127.50 0.00
1180 975.67 3236.58 0.00
1181 257.54 3485.22 0.00
1182 19.42 4872.04 0.00
1183 262.98 5295.28 0.00
1184 240.74 1326.62 0.00
1185 8.93 1164.36 0.00
1186 3.51 512.82 0.00
1187 1.97 1.06 0.00
1188 1.58 0.48 0.00
1189 1.00 2.10 0.00
1190 1.89 1.22 0.00
1191 2.58 0.54 0.00
1192 10.17 3153.89 0.00
1193 10893.81 9502.44 0.00
1194 13260.12 9472.42 0.00
1195 7513.74 5419.21 0.00
1196 5815.79 5869.11 0.00
1197 6615.87 4878.69 0.00
1198 3237.78 4105.15 0.00
1199 1.29 73.62 0.00
1200 1.26 1.90 0.00
1201 7.25 1600.43 0.00
1202 1888.11 6106.97 0.00
1203 11427.09 6202.71 0.00
1204 5676.30 4413.99 0.00
1205 9.93 3935.48 0.00
1206 2.80 0.42 0.00
1207 4.89 393.98 0.00
1208 5.97 2219.31 0.00
1209 401.51 6383.74 0.00
1210 9.16 2165.99 0.00
1211 11292.05 36.76 0.00
1212 12746.82 3563.69 0.00
1213 6647.94 90.26 0.00
1214 1.85 7.83 0.00
1215 10.91 4190.53 0.00
1216 11.62 4662.72 0.00
1217 5.37 2115.71 0.00
1218 2.61 19.47 0.00
1219 5.99 1386.71 0.00
1220 19.45 9537.66 0.00
1221 2.28 973.18 0.00
1222 10.08 3922.46 0.00
1223 1.12 5.60 0.00
1224 1.17 2.14 0.00
1225 15426.21 2619.09 0.00
1226 10225.19 9680.46 0.00
1227 11013.72 10723.76 0.00
1228 10297.21 8894.69 0.00
1229 8522.65 7909.55 0.00
1230 2.73 1328.66 0.00
1231 7344.71 37.28 0.00
1232 9.56 3922.86 0.00
1233 4701.11 1170.98 0.00
1234 6022.71 2487.84 0.00
1235 4739.00 4.09 0.00
1236 1821.08 2.17 0.00
1237 3.14 0.69 0.00
1238 2.60 0.87 0.00
1239 2.11 2.37 0.00
1240 1494.45 462.10 0.00
1241 12609.31 8902.77 0.00
1242 14050.35 12702.28 0.00
1243 13663.00 11977.86 0.00
1244 7686.25 9930.62 0.00
1245 239.92 1099.60 0.00
1246 0.66 0.42 0.00
1247 2.40 3.92 0.00
1248 1560.71 7.21 0.00
1249 9188.82 25.29 0.00
1250 2.07 0.98 0.00
1251 2.03 0.67 0.00
1252 3.12 0.80 0.00
1253 1.59 0.93 0.00
1254 1.49 2.01 0.00
1255 14.44 4686.19 0.00
1256 13.82 5544.21 0.00
1257 11.69 4898.06 0.00
1258 19.33 11492.25 0.00
1259 10.92 6721.05 0.00
1260 18001.89 2699.05 0.00
1261 18343.31 7770.11 0.00
1262 3002.14 7747.42 0.00
1263 2.74 3.49 0.00
1264 2.49 2.19 0.00
1265 8.50 388.95 0.00
1266 2.65 0.42 0.00
1267 2991.86 1798.72 0.00
1268 7831.17 3264.84 0.00
1269 5187.35 4939.40 0.00
1270 17453.73 5496.26 0.00
1271 9127.92 2384.61 0.00
1272 4741.67 7149.82 0.00
1273 4420.78 1618.82 0.00
1274 11543.94 3297.15 0.00
1275 14317.08 32.74 0.00
1276 9896.46 13.28 0.00
1277 2443.47 3.96 0.00
1278 1886.15 2.03 0.00
1279 1199.99 3.08 0.00
1280 1180.33 694.31 0.00
1281 2975.32 2818.67 0.00
1282 3970.85 12.07 0.00
1283 3.60 232.26 0.00
1284 1.61 2.17 0.00
1285 1.91 0.45 0.00
1286 1.10 0.93 0.00
1287 1.46 1.98 0.00
1288 12.13 6801.16 0.00
1289 1.85 2.62 0.00
1290 1.55 0.45 0.00
1291 2.36 0.42 0.00
1292 0.77 0.93 0.00
1293 1.61 5.15 0.00
1294 3.90 11.44 0.00
1295 1.06 4.42 0.00
1296 1.44 0.42 0.00
1297 1.00 0.42 0.00
1298 0.71 0.93 0.00
1299 2688.64 3363.25 0.00
1300 4922.83 5700.66 0.00
1301 5110.29 4701.10 0.00
1302 4054.05 3371.92 0.00
1303 5071.28 2347.26 0.00
1304 4724.12 6345.59 0.00
1305 4773.91 6342.53 0.00
1306 5427.83 2855.40 0.00
1307 9021.06 4536.73 0.00
1308 10033.74 287.99 0.00
1309 4319.19 13314.72 0.00
1310 28.38 11894.77 0.00
1311 1.25 1.90 0.00
1312 0.88 0.42 0.00
1313 1.59 0.93 0.00
1314 1.38 2.04 0.00
1315 1.06 5.03 0.00
1316 4.58 463.32 0.00
1317 8.30 1680.96 0.00
1318 949.06 309.74 0.00
1319 718.74 1131.35 0.00
1320 3025.69 131.15 0.00
1321 2169.01 240.27 0.00
1322 1953.12 973.49 0.00
1323 3469.81 3173.02 0.00
1324 5575.54 4063.73 0.00
1325 4455.59 5341.87 0.00
1326 15.87 6121.50 0.00
1327 7.90 3964.70 0.00
1328 11834.79 270.95 0.00
1329 4070.25 3983.17 0.00
1330 10516.70 2582.18 0.00
1331 4983.51 4231.35 0.00
1332 1690.61 1164.74 0.00
1333 489.83 1632.55 0.00
1334 720.67 1190.99 0.00
1335 2828.68 7414.33 0.00
1336 484.96 5976.20 0.00
1337 5321.11 5434.26 0.00
1338 8634.54 6868.12 0.00
1339 5684.00 7044.39 0.00
1340 156.28 7248.75 0.00
1341 2.55 1177.46 0.00
1342 1.55 33.98 0.00
1343 7.13 2659.37 0.00
1344 3844.52 7931.20 0.00
1345 11.87 5349.27 0.00
1346 1.32 0.93 0.00
1347 1158.15 6.54 0.00
1348 3154.29 7.65 0.00
1349 3325.66 12.93 0.00
1350 3590.54 6.65 0.00
1351 16849.04 2153.68 0.00
1352 21894.52 3404.60 0.00
1353 13008.52 3951.00 0.00
1354 8234.85 2515.92 0.00
1355 1.39 4.96 0.00
1356 6.77 793.53 0.00
1357 12.16 5376.69 0.00
1358 4398.04 1721.50 0.00
1359 5592.47 2243.82 0.00
1360 5520.81 1481.21 0.00
1361 9126.33 5479.84 0.00
1362 6669.59 3593.68 0.00
1363 2463.27 3.25 0.00
1364 679.60 3.35 0.00
1365 2.98 0.48 0.00
1366 1.67 0.62 0.00
1367 1492.74 6265.45 0.00
1368 8222.45 11455.87 0.00
1369 2067.04 4812.80 0.00
1370 1370.51 430.71 0.00
1371 3194.91 2455.58 0.00
1372 3669.07 3994.36 0.00
1373 1830.90 2637.18 0.00
1374 1742.69 9.32 0.00
1375 1494.50 3.97 0.00
1376 58.95 1.19 0.00
1377 1.51 2.05 0.00
1378 1191.00 3566.85 0.00
1379 5116.02 11007.32 0.00
1380 35.79 19772.23 0.00
1381 4552.26 16762.76 0.00
1382 10208.48 4903.77 0.00
1383 1.83 0.48 0.00
1384 1.56 2.13 0.00
1385 1.71 1.07 0.00
1386 0.65 0.42 0.00
1387 242.45 1.78 0.00
1388 20.64 10236.36 0.00
1389 10.78 6456.18 0.00
1390 12.33 7407.93 0.00
1391 4.18 1502.66 0.00
1392 3936.06 38.36 0.00
1393 5344.25 1626.40 0.00
1394 7279.38 3234.07 0.00
1395 12032.22 8558.78 0.00
1396 11253.34 3931.32 0.00
1397 4923.95 1212.17 0.00
1398 2117.72 1.71 0.00
1399 2.16 2.34 0.00
1400 1122.68 2.92 0.00
1401 2422.99 2.07 0.00
1402 6582.83 7122.98 0.00
1403 2274.00 11377.26 0.00
1404 12164.26 4391.31 0.00
1405 10587.12 33.64 0.00
1406 7692.99 3587.56 0.00
1407 4302.38 2347.78 0.00
1408 3783.04 1746.88 0.00
1409 4317.54 2258.09 0.00
1410 4893.50 2181.99 0.00
1411 6802.87 7877.97 0.00
1412 12595.18 4658.56 0.00
1413 7912.86 3513.23 0.00
1414 972.96 1.67 0.00
1415 1.65 7.88 0.00
1416 1679.83 3.73 0.00
1417 1704.13 3086.02 0.00
1418 12.45 5927.40 0.00
1419 10.93 5463.01 0.00
1420 2.43 1640.32 0.00
1421 1.50 5.66 0.00
1422 1.19 6.72 0.00
1423 0.79 5.01 0.00
1424 0.88 0.93 0.00
1425 1.79 5.40 0.00
1426 0.74 0.42 0.00
1427 1.44 0.93 0.00
1428 1.11 0.48 0.00
1429 0.66 5.09 0.00
1430 2.01 2.65 0.00
1431 1.44 0.42 0.00
1432 0.66 0.42 0.00
1433 2.28 0.93 0.00
1434 1.46 0.42 0.00
1435 1685.38 777.09 0.00
1436 475.87 500.90 0.00
1437 4716.70 2394.79 0.00
1438 5439.49 2651.69 0.00
1439 5093.16 3419.05 0.00
1440 4736.05 3080.36 0.00
1441 5190.87 3316.82 0.00
1442 5081.57 2168.23 0.00
1443 5903.32 1683.11 0.00
1444 6704.88 2288.02 0.00
1445 7273.03 2279.28 0.00
1446 3020.47 6169.65 0.00
1447 4428.94 14800.97 0.00
1448 38.74 19424.41 0.00
1449 2.52 44.80 0.00
1450 2.31 2.01 0.00
1451 1.65 0.98 0.00
1452 2.80 2.68 0.00
1453 8.06 3836.24 0.00
1454 5.24 491.01 0.00
1455 10.75 2138.60 0.00
1456 8.33 1903.20 0.00
1457 5.50 999.42 0.00
1458 13.73 2207.77 0.00
1459 10.93 1860.21 0.00
1460 1.04 0.23 0.00
1461 9.08 1173.64 0.00
1462 8.33 2015.22 0.00
1463 5.13 1032.95 0.00
1464 13.83 5063.48 0.00
1465 10.00 3525.98 0.00
1466 5386.79 4738.21 0.00
1467 13574.27 952.91 0.00
1468 809.72 4319.70 0.00
1469 13.12 4683.92 0.00
1470 1803.29 6523.22 0.00
1471 5975.87 1703.99 0.00
1472 4125.11 1834.16 0.00
1473 5142.13 3395.64 0.00
1474 6164.63 6386.84 0.00
1475 8808.83 4764.10 0.00
1476 9295.16 7869.82 0.00
1477 8622.77 2812.15 0.00
1478 5.59 2169.36 0.00
1479 13.10 5016.61 0.00
1480 20.21 4804.27 0.00
1481 6258.64 12.71 0.00
1482 4229.37 4080.67 0.00
1483 16.36 5648.02 0.00
1484 3.10 992.52 0.00
1485 2.78 56.95 0.00
1486 1.31 2.31 0.00
1487 4.23 0.77 0.00
1488 1.14 0.94 0.00
1489 0.66 0.42 0.00
1490 46.91 20727.77 0.00
1491 35.78 18189.42 0.00
1492 9240.68 1810.86 0.00
1493 4189.92 2391.60 0.00
1494 2.24 1565.46 0.00
1495 5.82 2521.30 0.00
1496 3.05 1464.73 0.00
1497 6308.83 17.20 0.00
1498 4.00 566.35 0.00
1499 4828.22 3844.61 0.00
1500 5048.76 3557.46 0.00
1501 2627.35 3623.70 0.00
1502 4177.03 3913.47 0.00
1503 5939.61 4087.27 0.00
1504 8584.52 7835.31 0.00
1505 9369.83 8165.95 0.00
1506 7072.37 913.28 0.00
1507 8788.10 18.78 0.00
1508 6000.14 12.71 0.00
1509 10773.38 5169.04 0.00
1510 3609.70 2826.03 0.00
1511 8960.99 3206.56 0.00
1512 1768.13 2933.05 0.00
1513 1062.43 3.71 0.00
1514 1.44 0.42 0.00
1515 1.93 1.06 0.00
1516 9.75 1809.08 0.00
1517 9621.10 14452.28 0.00
1518 10531.36 1366.25 0.00
1519 3542.25 3830.88 0.00
1520 7.27 1884.98 0.00
1521 5.96 2649.89 0.00
1522 5389.41 9362.74 0.00
1523 836.40 9045.74 0.00
1524 11.24 6480.41 0.00
1525 18.13 6239.43 0.00
1526 13.18 4250.44 0.00
1527 10.95 4059.42 0.00
1528 15.45 7774.22 0.00
1529 6.73 2354.80 0.00
1530 4.43 1543.12 0.00
1531 1.85 6.81 0.00
1532 0.43 0.47 0.00
1533 9214.53 50.24 0.00
1534 9418.04 4061.99 0.00
1535 12686.08 5487.54 0.00
1536 14847.84 4897.51 0.00
1537 17902.42 2043.40 0.00
1538 5522.67 6980.53 0.00
1539 1291.25 3162.91 0.00
1540 9455.84 1705.15 0.00
1541 6827.74 19.12 0.00
1542 6723.96 4332.69 0.00
1543 5766.00 3449.99 0.00
1544 4736.33 3635.34 0.00
1545 8057.18 547.44 0.00
1546 4690.78 14.94 0.00
1547 3603.26 5.25 0.00
1548 2675.61 4.60 0.00
1549 2135.27 2.99 0.00
1550 2.00 0.61 0.00
1551 6048.17 18.20 0.00
1552 4470.50 7.18 0.00
1553 272.35 1.64 0.00
1554 1672.06 2.54 0.00
1555 1651.47 1.77 0.00
1556 1.77 2.14 0.00
1557 13.41 3755.99 0.00
1558 7.43 3325.61 0.00
1559 5.07 942.60 0.00
1560 2.21 0.93 0.00
1561 1.56 2.13 0.00
1562 1.92 0.42 0.00
1563 2.69 0.93 0.00
1564 1.22 0.42 0.00
1565 2.03 0.42 0.00
1566 2.85 6.94 0.00
1567 1.93 0.42 0.00
1568 2.15 0.42 0.00
1569 1.43 0.93 0.00
1570 1.53 5.15 0.00
1571 2.67 1.66 0.00
1572 1.24 10.59 0.00
1573 1.16 1.84 0.00
1574 1.89 0.42 0.00
1575 1.51 4.26 0.00
1576 1.51 2.20 0.00
1577 44.52 42.15 0.00
1578 14147.82 58.38 0.00
1579 16023.00 760.74 0.00
1580 13411.32 2203.81 0.00
1581 11579.10 2401.29 0.00
1582 5900.42 3551.28 0.00
1583 196.29 7408.64 0.00
1584 22.20 10231.34 0.00
1585 28.74 13385.01 0.00
1586 11.10 5794.86 0.00
1587 8.40 877.37 0.00
1588 11.12 6782.00 0.00
1589 12.47 7662.97 0.00
1590 20.46 92.37 0.00
1591 18060.31 49.13 0.00
1592 19031.76 30.39 0.00
1593 22811.83 38.44 0.00
1594 2126.29 5.02 0.00
1595 2.42 6.23 0.00
1596 22505.04 99.58 0.00
1597 25609.01 44.89 0.00
1598 14447.45 24.91 0.00
1599 6036.22 31.20 0.00
1600 11066.45 36.58 0.00
1601 19111.14 62.07 0.00
1602 25170.71 48.62 0.00
1603 9677.64 35.54 0.00
1604 6091.44 13.72 0.00
1605 6584.13 2598.53 0.00
1606 8401.66 4436.28 0.00
1607 11090.62 5716.19 0.00
1608 16182.49 4396.90 0.00
1609 3105.45 5267.93 0.00
1610 15.18 7722.75 0.00
1611 2.71 48.93 0.00
1612 4121.33 744.02 0.00
1613 3378.85 715.13 0.00
1614 2987.70 718.17 0.00
1615 3869.14 961.19 0.00
1616 4585.30 952.13 0.00
1617 4225.64 1393.34 0.00
1618 5153.37 713.11 0.00
1619 6551.38 1176.86 0.00
1620 22361.29 7807.69 0.00
1621 23338.73 73.59 0.00
1622 23844.29 64.33 0.00
1623 16590.07 2160.89 0.00
1624 585.36 4099.27 0.00
1625 21.96 8586.69 0.00
1626 14.12 6752.65 0.00
1627 17.31 6721.15 0.00
1628 17.93 7492.87 0.00
1629 6.04 2110.40 0.00
1630 13.17 4148.25 0.00
1631 16.35 7092.94 0.00
1632 13.40 4513.62 0.00
1633 21.99 8100.79 0.00
1634 17.19 6883.52 0.00
1635 18.59 10119.44 0.00
1636 19.25 8112.79 0.00
1637 9.15 3747.94 0.00
1638 2.17 0.93 0.00
1639 3.70 0.42 0.00
1640 2.33 0.42 0.00
1641 6.25 3.17 0.00
1642 3.49 0.00 0.00
1643 1.47 0.42 0.00
1644 1.88 0.93 0.00
1645 3.30 1.32 0.00
1646 2.25 3.87 0.00
1647 2.65 1.01 0.00
1648 2.01 1.92 0.00
1649 1.25 0.48 0.00
1650 1.95 0.93 0.00
1651 1.11 0.42 0.00
1652 1.25 0.42 0.00
1653 2.15 0.93 0.00
1654 2.21 0.42 0.00
1655 1.14 0.42 0.00
1656 1.73 0.93 0.00
1657 1.18 0.42 0.00
1658 1.14 0.42 0.00
1659 2.01 0.93 0.00
1660 1.98 0.42 0.00
1661 2.22 0.42 0.00
1662 1.76 1.07 0.00
1663 1.60 1.84 0.00
1664 0.89 0.42 0.00
1665 1.85 0.93 0.00
1666 0.99 0.42 0.00
1667 2.48 0.42 0.00
1668 1.34 0.93 0.00
1669 1.10 0.42 0.00
1670 1.89 0.42 0.00
1671 0.77 0.93 0.00
1672 1.13 0.49 0.00
1673 2.00 0.48 0.00
1674 1.11 0.93 0.00
1675 2.58 0.42 0.00
1676 1.99 0.42 0.00
1677 1.42 2.50 0.00
1678 2.71 0.42 0.00
1679 2.10 0.42 0.00
1680 0.99 0.93 0.00
1681 2.13 0.42 0.00
1682 1.22 0.42 0.00
1683 1.95 0.93 0.00
1684 1.18 0.42 0.00
1685 1.33 0.42 0.00
1686 1.76 0.93 0.00
1687 2.47 0.42 0.00
1688 0.93 0.42 0.00
1689 0.99 0.93 0.00
1690 2.89 0.42 0.00
1691 1.86 0.42 0.00
1692 2.01 2.50 0.00
1693 3.14 0.42 0.00
1694 1.09 0.42 0.00
1695 1.56 0.51 0.00
1696 2.10 0.42 0.00
1697 1.93 0.42 0.00
1698 1.63 0.93 0.00
1699 1.88 0.42 0.00
1700 0.98 0.42 0.00
1701 1.09 0.92 0.00
1702 1.78 0.42 0.00
1703 0.70 0.42 0.00
1704 1.10 0.93 0.00
1705 2.08 0.42 0.00
1706 0.76 0.42 0.00
1707 2.34 0.99 0.00
1708 0.93 1.92 0.00
1709 0.98 0.42 0.00
1710 1.75 0.93 0.00
1711 0.55 0.42 0.00
1712 1.09 0.42 0.00
1713 1.92 0.93 0.00
1714 2.73 0.42 0.00
1715 1.36 0.42 0.00
1716 1.74 0.93 0.00
1717 2.14 0.42 0.00
1718 0.60 0.42 0.00
1719 1.80 0.93 0.00
1720 1.59 0.42 0.00
1721 2.40 0.42 0.00
1722 1.67 0.99 0.00
1723 1.48 1.92 0.00
1724 0.77 0.42 0.00
1725 1.54 0.93 0.00
1726 5.20 3.83 0.00
1727 1.77 0.42 0.00
1728 1.03 0.93 0.00
1729 4.84 417.19 0.00
1730 1.33 0.42 0.00
1731 1.21 0.93 0.00
1732 6.78 156.56 0.00
1733 1.49 0.42 0.00
1734 4.75 4.15 0.00
1735 9.13 1033.91 0.00
1736 1.44 0.42 0.00
1737 1.44 2.50 0.00
