0 1.88 0.37 0.00
1 0.66 0.82 0.00
2 0.85 0.30 0.00
3 1.82 0.30 0.00
4 0.99 0.82 0.00
5 3.31 2.35 0.00
6 5.58 3.77 0.00
7 2.20 0.82 0.00
8 1.49 0.30 0.00
9 5.25 0.43 0.00
10 1.81 0.96 0.00
11 1.35 4.32 0.00
12 2.16 1.87 0.00
13 1.23 0.82 0.00
14 1.67 0.30 0.00
15 2.25 0.30 0.00
16 1.43 2.54 0.00
17 1.55 0.30 0.00
18 1.84 0.30 0.00
19 0.55 0.51 0.00
20 1.33 0.30 0.00
21 1.73 2.19 0.00
22 0.88 0.85 0.00
23 1.59 0.30 0.00
24 0.55 0.30 0.00
25 0.77 0.82 0.00
26 1.87 1.95 0.00
27 3.52 3.84 0.00
28 1.59 2.25 0.00
29 1.10 3.50 0.00
30 1.18 3.31 0.00
31 18.76 17.05 0.00
32 81693.93 157.48 0.00
33 7803.62 14.42 0.00
34 2.21 0.82 0.00
35 1.58 2.17 0.00
36 4.29 4.11 0.00
37 1.55 0.82 0.00
38 24.99 4.27 0.00
39 0.43 2.62 0.00
40 2.03 1.08 0.00
41 1.50 24.52 0.00
42 0.86 3.51 0.00
43 5.09 4.64 0.00
44 0.55 0.30 0.00
45 0.86 0.30 0.00
46 2.21 2.54 0.00
47 0.66 0.30 0.00
48 2.56 0.30 0.00
49 0.74 0.82 0.00
50 0.66 0.30 0.00
51 3.06 2.22 0.00
52 1.28 5.11 0.00
53 1.21 0.43 0.00
54 2.81 0.30 0.00
55 1.10 0.82 0.00
56 1.05 2.09 0.00
57 2.00 0.37 0.00
58 0.81 2.32 0.00
59 0.66 0.30 0.00
60 1.44 0.30 0.00
61 1.62 2.73 0.00
62 1.29 4.54 0.00
63 1.19 0.30 0.00
64 1.18 0.82 0.00
65 0.44 0.30 0.00
66 2.01 1.78 0.00
67 2.70 0.89 0.00
68 1.48 0.30 0.00
69 0.89 0.30 0.00
70 20.94 33.54 0.00
71 1.17 2.08 0.00
72 0.97 4.61 0.00
73 1.71 2.32 0.00
74 1.11 0.30 0.00
75 0.66 0.30 0.00
76 2.35 2.79 0.00
77 0.88 0.30 0.00
78 1.52 0.30 0.00
79 1.44 0.82 0.00
80 0.55 0.30 0.00
81 1.34 2.21 0.00
82 2.29 5.06 0.00
83 0.59 0.30 0.00
84 0.55 0.30 0.00
85 1.22 0.82 0.00
86 1.05 2.09 0.00
87 2.61 1.87 0.00
88 1.25 0.82 0.00
89 1.72 0.30 0.00
90 2.70 0.30 0.00
91 1.24 2.47 0.00
92 1.40 4.54 0.00
93 2.64 0.30 0.00
94 1.69 0.51 0.00
95 5.55 8.71 0.00
96 6.51 15.46 0.00
97 1.00 5.77 0.00
98 1.26 0.30 0.00
99 1.11 0.30 0.00
100 9.67 7.65 0.00
101 67.85 3.05 0.00
102 2810.57 18.91 0.00
103 5333.24 21.01 0.00
104 9599.59 28.21 0.00
105 7047.39 17.25 0.00
106 12145.77 29.80 0.00
107 6232.33 13.71 0.00
108 7282.11 15.58 0.00
109 6495.38 14.29 0.00
110 1.53 0.56 0.00
111 0.98 2.29 0.00
112 1.34 5.18 0.00
113 1.33 0.37 0.00
114 0.77 0.30 0.00
115 0.78 0.82 0.00
116 1.45 2.15 0.00
117 0.45 0.45 0.00
118 4313.64 9.72 0.00
119 6541.66 21.67 0.00
120 0.61 0.37 0.00
121 1.34 2.67 0.00
122 2207.16 8.09 0.00
123 0.60 0.31 0.00
124 0.95 0.95 0.00
125 2.60 0.30 0.00
126 0.53 1.89 0.00
127 2.18 0.88 0.00
128 0.91 0.30 0.00
129 2.15 0.30 0.00
130 2.87 0.82 0.00
131 1.07 2.02 0.00
132 2.45 5.73 0.00
133 2.78 0.82 0.00
134 1.54 5.08 0.00
135 15.25 13.91 0.00
136 15.96 11.96 0.00
137 109.53 15166.23 0.00
138 695.32 7686.04 0.00
139 5107.10 10202.37 0.00
140 8652.35 13145.06 0.00
141 6289.81 13926.87 0.00
142 7361.20 13036.40 0.00
143 6373.30 4425.50 0.00
144 2847.63 2.69 0.00
145 2795.45 2412.43 0.00
146 1875.60 4468.29 0.00
147 2413.76 6101.58 0.00
148 2331.66 4882.62 0.00
149 3124.13 1631.74 0.00
150 5655.16 1744.32 0.00
151 5192.99 23.69 0.00
152 5831.67 21.53 0.00
153 6328.97 13.59 0.00
154 3756.67 1256.03 0.00
155 4220.10 1303.80 0.00
156 5594.47 982.42 0.00
157 3630.88 408.01 0.00
158 3894.13 7.39 0.00
159 1229.37 3.20 0.00
160 1077.65 2.56 0.00
161 2667.37 7.82 0.00
162 2597.17 9.84 0.00
163 1686.46 3.59 0.00
164 3.94 247.91 0.00
165 2.20 287.37 0.00
166 2.38 2.80 0.00
167 2.79 0.30 0.00
168 12.36 2064.10 0.00
169 5.65 1983.47 0.00
170 9.41 3220.60 0.00
171 11.92 3413.66 0.00
172 8.38 2297.27 0.00
173 12.41 5021.81 0.00
174 11.39 5772.54 0.00
175 12.63 5056.51 0.00
176 11.45 4356.18 0.00
177 8.17 2311.97 0.00
178 7.91 3391.61 0.00
179 9.96 3352.08 0.00
180 10.22 5309.55 0.00
181 7.45 3005.15 0.00
182 1.51 13.04 0.00
183 0.71 0.30 0.00
184 0.44 0.82 0.00
185 327.71 14.08 0.00
186 1736.37 7.89 0.00
187 2678.69 16.30 0.00
188 2148.14 7.47 0.00
189 2945.36 6.68 0.00
190 2887.91 8.06 0.00
191 3748.94 21.97 0.00
192 3402.77 23.28 0.00
193 4169.65 15.25 0.00
194 4417.37 925.45 0.00
195 5229.58 3091.81 0.00
196 4433.89 2421.43 0.00
197 6350.31 20.88 0.00
198 6342.36 909.75 0.00
199 6464.10 2456.38 0.00
200 4562.43 3073.39 0.00
201 4102.93 13.19 0.00
202 2546.85 10.39 0.00
203 1247.44 3.85 0.00
204 1403.50 3.53 0.00
205 1446.63 3.78 0.00
206 558.40 5.98 0.00
207 805.83 6.58 0.00
208 4777.78 203.66 0.00
209 7623.74 4235.67 0.00
210 6384.91 5846.64 0.00
211 6606.09 4962.11 0.00
212 3586.38 9260.23 0.00
213 13.79 5445.81 0.00
214 4.17 825.27 0.00
215 7.54 1203.72 0.00
216 7.93 1735.38 0.00
217 18.28 3067.48 0.00
218 16.25 2457.87 0.00
219 11.08 2410.88 0.00
220 16.34 4746.84 0.00
221 12.59 4354.27 0.00
222 17.92 5717.38 0.00
223 17.48 6863.78 0.00
224 880.70 7359.53 0.00
225 2604.76 7616.39 0.00
226 2694.99 5029.17 0.00
227 3380.03 5311.28 0.00
228 2439.58 6034.61 0.00
229 1437.12 1613.33 0.00
230 2757.58 10.94 0.00
231 2365.97 12.61 0.00
232 2148.72 21.49 0.00
233 1474.17 3.01 0.00
234 1017.13 6.15 0.00
235 4987.69 15.71 0.00
236 5173.83 14.35 0.00
237 3008.77 10.23 0.00
238 2186.80 15.60 0.00
239 5986.33 22.01 0.00
240 5300.66 13.01 0.00
241 3398.76 10.62 0.00
242 5165.56 942.79 0.00
243 3867.38 2048.16 0.00
244 5050.47 3083.44 0.00
245 2624.33 1626.94 0.00
246 3346.88 3961.26 0.00
247 2157.62 3386.86 0.00
248 2299.49 3234.59 0.00
249 2389.51 934.73 0.00
250 3312.29 6361.41 0.00
251 5672.04 2913.88 0.00
252 10304.92 3205.59 0.00
253 3536.84 946.71 0.00
254 8.19 1961.20 0.00
255 9.03 1364.58 0.00
256 5.16 740.59 0.00
257 11.62 2871.99 0.00
258 9.93 3006.70 0.00
259 5.54 2310.89 0.00
260 0.33 15.45 0.00
261 1.29 4.47 0.00
262 3.19 5.81 0.00
263 0.70 0.30 0.00
264 1.56 0.30 0.00
265 1.55 0.82 0.00
266 0.78 0.00 0.00
267 2.66 2.41 0.00
268 1.26 2.32 0.00
269 0.83 0.45 0.00
270 1.22 4.33 0.00
271 0.95 0.96 0.00
272 11.85 7.79 0.00
273 26.28 1800.24 0.00
274 15098.57 6581.56 0.00
275 8454.74 284.04 0.00
276 16675.36 2497.83 0.00
277 18418.09 23042.29 0.00
278 8911.46 18247.04 0.00
279 7300.49 11458.04 0.00
280 1189.03 11807.88 0.00
281 1.70 0.67 0.00
282 2.90 10.19 0.00
283 1.33 3.79 0.00
284 1.70 0.30 0.00
285 1.33 0.30 0.00
286 0.77 0.82 0.00
287 3.77 2.21 0.00
288 13.83 1983.47 0.00
289 23.91 8447.93 0.00
290 10.10 3506.38 0.00
291 9347.89 5508.73 0.00
292 11035.93 4738.36 0.00
293 13632.33 3597.57 0.00
294 7402.99 5660.08 0.00
295 7333.82 4225.21 0.00
296 4633.89 663.01 0.00
297 10779.17 8693.00 0.00
298 8748.61 9862.23 0.00
299 1845.61 3.46 0.00
300 2.08 3.28 0.00
301 0.88 0.82 0.00
302 20.03 9237.29 0.00
303 14.62 9506.56 0.00
304 1.44 65.69 0.00
305 13.65 4574.37 0.00
306 908.13 71.82 0.00
307 10751.42 4141.95 0.00
308 14371.23 522.02 0.00
309 8008.93 13.87 0.00
310 2961.90 5.28 0.00
311 0.99 0.30 0.00
312 3.76 2.48 0.00
313 1.76 2.32 0.00
314 1.18 0.30 0.00
315 6.49 2004.95 0.00
316 20.37 11906.29 0.00
317 1.61 4.94 0.00
318 2162.11 13960.28 0.00
319 10678.86 5037.50 0.00
320 9377.23 2002.13 0.00
321 3780.86 1593.81 0.00
322 4285.23 4551.51 0.00
323 8150.79 6071.82 0.00
324 1.83 1.80 0.00
325 15194.60 61.20 0.00
326 19.32 8697.36 0.00
327 25.98 14579.66 0.00
328 1.55 0.51 0.00
329 0.88 0.30 0.00
330 2.39 0.43 0.00
331 2.17 0.96 0.00
332 4017.58 9527.94 0.00
333 2.46 0.36 0.00
334 2.70 2.31 0.00
335 9.11 4601.30 0.00
336 9982.50 146.21 0.00
337 6957.91 17.43 0.00
338 10832.69 19.22 0.00
339 3422.14 7.04 0.00
340 2403.01 2.96 0.00
341 1088.19 1.40 0.00
342 1.63 2.28 0.00
343 2.31 2.39 0.00
344 0.94 0.30 0.00
345 3551.18 7355.46 0.00
346 19242.96 7075.47 0.00
347 1.75 2.17 0.00
348 2.64 0.62 0.00
349 2.01 0.82 0.00
350 1.68 0.30 0.00
351 8.01 3220.29 0.00
352 21.35 10908.33 0.00
353 2.09 0.43 0.00
354 2.09 0.30 0.00
355 1.11 0.82 0.00
356 3.41 0.38 0.00
357 2.26 3.78 0.00
358 30265.53 16190.18 0.00
359 10989.58 2445.43 0.00
360 3505.25 3.28 0.00
361 3.66 0.96 0.00
362 1.05 2.09 0.00
363 792.26 659.51 0.00
364 11331.19 17974.74 0.00
365 12034.79 2449.45 0.00
366 3222.66 2313.00 0.00
367 11.44 4680.12 0.00
368 863.77 390.71 0.00
369 1466.53 1.92 0.00
370 1677.02 2.37 0.00
371 2.50 0.30 0.00
372 2.01 2.15 0.00
373 10.03 3682.42 0.00
374 9309.01 654.30 0.00
375 1.12 1.79 0.00
376 6192.30 14.69 0.00
377 1.50 2.03 0.00
378 3105.10 6.39 0.00
379 1.51 0.82 0.00
380 2.91 0.30 0.00
381 1.42 0.30 0.00
382 1.49 2.54 0.00
383 2.82 0.36 0.00
384 1.52 5.29 0.00
385 1.36 2.31 0.00
386 2.20 0.30 0.00
387 1.82 3.60 0.00
388 3.47 0.87 0.00
389 1.61 0.30 0.00
390 0.22 0.30 0.00
391 1.38 5.03 0.00
392 1.69 10.07 0.00
393 1.11 0.55 0.00
394 1.92 5.41 0.00
395 339.40 39.68 0.00
396 4127.77 5975.41 0.00
397 4218.88 10988.14 0.00
398 6489.32 14393.90 0.00
399 8348.70 7008.76 0.00
400 14982.17 35.48 0.00
401 156.12 0.75 0.00
402 1.99 8.06 0.00
403 3.49 0.87 0.00
404 0.55 0.30 0.00
405 0.77 0.30 0.00
406 1.76 0.82 0.00
407 4.78 1051.81 0.00
408 4.62 905.88 0.00
409 2.43 461.90 0.00
410 2255.50 40.76 0.00
411 5853.66 22.95 0.00
412 2549.75 15.06 0.00
413 3789.29 11.85 0.00
414 5259.18 14.49 0.00
415 4935.17 1064.88 0.00
416 3960.92 310.43 0.00
417 3629.46 12.42 0.00
418 2089.13 5.94 0.00
419 2919.90 11.82 0.00
420 2931.72 1437.94 0.00
421 20701.73 4976.35 0.00
422 13872.73 4347.04 0.00
423 8207.10 4487.46 0.00
424 19519.74 4263.43 0.00
425 4064.70 799.36 0.00
426 6.62 2449.76 0.00
427 9473.57 4849.11 0.00
428 411.78 4663.91 0.00
429 7.02 1964.46 0.00
430 15.00 3818.85 0.00
431 14.39 5138.42 0.00
432 15.88 5947.85 0.00
433 11.07 3012.83 0.00
434 24.15 5033.59 0.00
435 16.55 4449.54 0.00
436 357.39 12920.74 0.00
437 14329.70 15275.67 0.00
438 11901.25 5835.33 0.00
439 11823.94 219.42 0.00
440 1.64 0.30 0.00
441 9368.26 35.27 0.00
442 2369.06 13.06 0.00
443 10648.51 3434.59 0.00
444 7423.81 6080.32 0.00
445 8758.57 2391.54 0.00
446 13.89 4664.68 0.00
447 6171.00 1071.45 0.00
448 1459.04 5008.27 0.00
449 4929.43 5959.58 0.00
450 9009.04 22.38 0.00
451 1800.68 3.33 0.00
452 6.90 1929.05 0.00
453 3980.48 2697.64 0.00
454 1.14 0.82 0.00
455 7.22 2063.85 0.00
456 9597.09 4859.43 0.00
457 1.88 7.57 0.00
458 12.35 3839.06 0.00
459 2.29 2.21 0.00
460 0.66 0.83 0.00
461 0.44 0.30 0.00
462 9.81 3.78 0.00
463 1.03 0.89 0.00
464 4673.90 5493.46 0.00
465 11206.91 3968.88 0.00
466 13787.53 16921.56 0.00
467 8869.08 9863.95 0.00
468 3.67 455.02 0.00
469 5.54 1940.64 0.00
470 2629.99 3243.78 0.00
471 9442.68 8608.82 0.00
472 4228.80 8462.28 0.00
473 2044.52 1177.43 0.00
474 10820.89 37.33 0.00
475 6781.39 3953.34 0.00
476 19.45 9760.40 0.00
477 11.63 4769.61 0.00
478 7.53 2414.39 0.00
479 1.44 0.30 0.00
480 12876.76 3976.73 0.00
481 8583.58 7770.48 0.00
482 9518.84 2444.53 0.00
483 16.06 2676.37 0.00
484 23.14 9812.69 0.00
485 3.52 612.18 0.00
486 2156.44 1795.04 0.00
487 2288.01 1898.34 0.00
488 5358.65 4576.43 0.00
489 6.52 4389.81 0.00
490 2.24 0.82 0.00
491 1.98 0.38 0.00
492 2.25 3.98 0.00
493 2.27 0.87 0.00
494 2.32 0.38 0.00
495 1.53 0.38 0.00
496 2.22 0.82 0.00
497 12.67 3668.91 0.00
498 15.36 5095.06 0.00
499 7.30 3070.94 0.00
500 6.01 2470.51 0.00
501 0.86 9.53 0.00
502 9.00 1736.21 0.00
503 18.19 6020.38 0.00
504 6.67 2391.93 0.00
505 10.25 4212.42 0.00
506 0.66 0.30 0.00
507 1.91 3.79 0.00
508 1.71 5.41 0.00
509 0.55 0.30 0.00
510 1.32 0.30 0.00
511 0.99 0.82 0.00
512 1.22 3.65 0.00
513 2.65 0.36 0.00
514 1.47 0.82 0.00
515 0.43 0.30 0.00
516 2.37 0.30 0.00
517 1.35 2.74 0.00
518 0.71 0.36 0.00
519 3.81 0.30 0.00
520 0.77 0.82 0.00
521 1758.17 910.38 0.00
522 4896.22 7407.54 0.00
523 6607.89 10495.22 0.00
524 4787.62 5590.86 0.00
525 7030.75 6462.90 0.00
526 6210.53 11011.18 0.00
527 6938.92 12505.86 0.00
528 7841.10 6295.76 0.00
529 10481.77 17.78 0.00
530 5547.76 14.21 0.00
531 1.03 1.79 0.00
532 1.97 7.31 0.00
533 1.49 0.37 0.00
534 1.33 0.30 0.00
535 1.21 0.82 0.00
536 6.71 1029.59 0.00
537 8.38 1502.04 0.00
538 669.33 2374.69 0.00
539 269.05 3041.57 0.00
540 1307.68 786.03 0.00
541 3382.11 1925.82 0.00
542 1316.65 2106.34 0.00
543 2089.04 702.43 0.00
544 2619.33 1266.35 0.00
545 2603.85 994.80 0.00
546 6033.63 3725.25 0.00
547 12580.11 2746.98 0.00
548 9475.71 5467.93 0.00
549 16492.07 232.86 0.00
550 3147.11 2252.67 0.00
551 973.75 1818.76 0.00
552 2622.13 2151.30 0.00
553 3299.46 2888.34 0.00
554 5592.02 4210.98 0.00
555 7010.92 5597.38 0.00
556 5998.01 1385.04 0.00
557 4865.52 8.34 0.00
558 3644.45 5.60 0.00
559 51.79 1.21 0.00
560 2621.44 5121.45 0.00
561 15067.93 12377.33 0.00
562 4564.78 8757.48 0.00
563 39.72 11165.04 0.00
564 21.91 5924.56 0.00
565 2.80 517.50 0.00
566 9.97 2872.95 0.00
567 15.51 5780.31 0.00
568 14.97 4990.06 0.00
569 9.03 3618.26 0.00
570 1218.09 3898.67 0.00
571 5707.28 2383.01 0.00
572 5954.30 1276.43 0.00
573 3573.67 1712.87 0.00
574 9782.72 8112.99 0.00
575 10242.74 7163.06 0.00
576 10602.31 8523.43 0.00
577 7235.28 5855.48 0.00
578 5.09 3766.92 0.00
579 2.42 454.12 0.00
580 2.77 1.08 0.00
581 1.83 0.51 0.00
582 293.50 6.05 0.00
583 356.36 2.43 0.00
584 2171.62 4716.35 0.00
585 5127.57 4812.10 0.00
586 4643.64 3878.97 0.00
587 6981.12 3677.41 0.00
588 6602.17 5064.26 0.00
589 5498.96 5704.17 0.00
590 8348.77 12475.48 0.00
591 6.46 2840.79 0.00
592 11793.49 6831.24 0.00
593 11950.78 6435.77 0.00
594 3131.84 5447.09 0.00
595 15.01 5785.53 0.00
596 794.96 5549.37 0.00
597 14598.76 3490.28 0.00
598 480.68 3770.37 0.00
599 1.11 16.72 0.00
600 15.94 7888.19 0.00
601 4.64 987.69 0.00
602 2267.87 4584.64 0.00
603 3328.61 3610.81 0.00
604 1.00 60.66 0.00
605 3179.21 7.30 0.00
606 1598.78 7.79 0.00
607 7330.37 4302.75 0.00
608 1434.52 9501.68 0.00
609 19.99 7033.07 0.00
610 10011.40 4459.38 0.00
611 4199.96 4.30 0.00
612 236.70 2.52 0.00
613 1.70 2.19 0.00
614 0.66 0.30 0.00
615 1078.09 10139.23 0.00
616 10494.25 9529.57 0.00
617 16323.70 10210.44 0.00
618 17067.37 699.99 0.00
619 2.23 514.68 0.00
620 2306.85 1402.05 0.00
621 7122.75 3415.22 0.00
622 15.23 5302.04 0.00
623 13199.97 6118.21 0.00
624 15343.38 162.61 0.00
625 6445.13 13.41 0.00
626 3732.58 6.75 0.00
627 477.30 2044.52 0.00
628 9.62 4265.98 0.00
629 9509.34 1454.52 0.00
630 1.80 3.34 0.00
631 1.25 6.98 0.00
632 2.41 5.70 0.00
633 1.38 0.37 0.00
634 1.47 0.82 0.00
635 1.81 0.30 0.00
636 1.44 0.30 0.00
637 1.56 7.30 0.00
638 1.07 0.33 0.00
639 1.65 4.80 0.00
640 23.62 19.66 0.00
641 4908.12 5256.70 0.00
642 6328.84 7552.14 0.00
643 4064.20 7758.78 0.00
644 3615.55 6498.12 0.00
645 5414.88 7961.08 0.00
646 4576.95 5311.67 0.00
647 5016.49 10243.21 0.00
648 5144.23 7051.33 0.00
649 8111.25 3261.13 0.00
650 3950.29 9.26 0.00
651 6296.76 9.71 0.00
652 4139.60 15.29 0.00
653 3.21 2.21 0.00
654 1.29 0.30 0.00
655 9.95 4633.16 0.00
656 1.44 0.74 0.00
657 0.90 0.45 0.00
658 9.75 934.34 0.00
659 4720.56 1015.42 0.00
660 3503.29 1438.71 0.00
661 3153.28 481.84 0.00
662 6992.74 22.28 0.00
663 5651.32 16.21 0.00
664 6344.80 14.43 0.00
665 491.40 2988.77 0.00
666 17.11 6975.83 0.00
667 4.58 488.85 0.00
668 10.41 1415.71 0.00
669 5.06 1684.54 0.00
670 3.27 268.41 0.00
671 11.51 1612.99 0.00
672 15.05 4095.19 0.00
673 24.78 8190.29 0.00
674 16.95 5325.63 0.00
675 7.64 1817.65 0.00
676 16.24 4767.41 0.00
677 1272.13 2322.81 0.00
678 4428.45 1992.62 0.00
679 5576.57 1227.20 0.00
680 3928.70 13.27 0.00
681 3946.44 2898.68 0.00
682 7308.42 5449.61 0.00
683 3068.45 6453.73 0.00
684 716.34 5857.00 0.00
685 27.69 8872.53 0.00
686 9.23 4121.16 0.00
687 1.52 5.69 0.00
688 4.74 359.46 0.00
689 9.01 1831.63 0.00
690 11.04 4869.61 0.00
691 3.53 1296.64 0.00
692 11.49 4316.93 0.00
693 2.80 283.92 0.00
694 1.54 0.37 0.00
695 4126.78 2502.99 0.00
696 7428.46 6333.43 0.00
697 3996.43 5143.72 0.00
698 5660.91 5112.29 0.00
699 4514.35 5551.00 0.00
700 10655.83 11756.77 0.00
701 6324.11 985.17 0.00
702 4551.10 7.48 0.00
703 2816.65 6.92 0.00
704 1028.29 1.98 0.00
705 114.43 0.75 0.00
706 5481.89 5168.98 0.00
707 1972.02 3653.99 0.00
708 5082.73 5341.62 0.00
709 5084.71 5337.60 0.00
710 5251.62 4598.95 0.00
711 3481.30 2927.87 0.00
712 5287.60 3896.08 0.00
713 3198.78 4266.35 0.00
714 2206.50 6335.58 0.00
715 6.99 3752.64 0.00
716 3.14 699.32 0.00
717 0.57 1.37 0.00
718 1.03 3.52 0.00
719 1.55 0.82 0.00
720 1.00 0.30 0.00
721 3.44 233.69 0.00
722 13.92 4438.93 0.00
723 15.42 4766.67 0.00
724 2913.66 3818.26 0.00
725 6263.22 5662.95 0.00
726 6657.06 6414.41 0.00
727 8480.84 4588.22 0.00
728 9699.79 6596.55 0.00
729 835.67 4598.66 0.00
730 4.16 951.20 0.00
731 7571.55 3789.70 0.00
732 7106.15 3753.30 0.00
733 25.34 7712.07 0.00
734 6.67 2038.96 0.00
735 4.67 1902.82 0.00
736 8.34 3784.92 0.00
737 1.33 0.30 0.00
738 1212.95 30.52 0.00
739 7236.07 15.04 0.00
740 7114.65 2322.27 0.00
741 6088.97 2085.48 0.00
742 3187.32 2361.10 0.00
743 3633.20 3116.97 0.00
744 2635.85 1083.23 0.00
745 3071.37 2215.61 0.00
746 1567.22 1693.85 0.00
747 1040.94 1922.59 0.00
748 532.45 463.68 0.00
749 804.52 1.79 0.00
750 2.28 0.50 0.00
751 2.56 0.83 0.00
752 2.43 4.46 0.00
753 45.65 16672.19 0.00
754 10658.26 3964.92 0.00
755 13658.97 5587.43 0.00
756 9310.91 2133.50 0.00
757 2675.95 10.10 0.00
758 1888.35 7.69 0.00
759 2847.80 4765.28 0.00
760 2623.01 3330.97 0.00
761 1949.50 2646.08 0.00
762 1954.17 3301.57 0.00
763 4631.09 6664.15 0.00
764 6009.59 8952.67 0.00
765 7425.11 2121.14 0.00
766 15111.45 521.94 0.00
767 18788.86 3372.26 0.00
768 734.03 2125.00 0.00
769 0.77 0.30 0.00
770 0.66 0.30 0.00
771 1.94 0.82 0.00
772 1.11 0.30 0.00
773 0.88 2.08 0.00
774 5.88 1628.64 0.00
775 0.81 0.37 0.00
776 2.23 4.97 0.00
777 3.24 2.39 0.00
778 1.61 2.15 0.00
779 2.69 0.30 0.00
780 1.86 0.82 0.00
781 1.53 0.30 0.00
782 1.29 4.11 0.00
783 3.82 7.33 0.00
784 1.83 8.74 0.00
785 1.23 0.30 0.00
786 1.78 0.82 0.00
787 25.87 13.84 0.00
788 3363.42 4502.22 0.00
789 6096.87 7446.88 0.00
790 7248.36 8913.33 0.00
791 6412.38 13967.08 0.00
792 8684.62 14236.66 0.00
793 5312.24 12084.46 0.00
794 10726.74 22.04 0.00
795 13700.14 25.57 0.00
796 1.19 0.30 0.00
797 1.48 1.79 0.00
798 2.56 2.73 0.00
799 1.50 0.30 0.00
800 2.72 0.30 0.00
801 1.41 0.82 0.00
802 259.39 1179.29 0.00
803 4491.43 1182.91 0.00
804 2423.86 10.05 0.00
805 2903.29 502.70 0.00
806 7043.33 3051.28 0.00
807 6840.49 2671.36 0.00
808 3194.67 6136.07 0.00
809 4113.42 6299.21 0.00
810 7416.93 2800.87 0.00
811 4496.00 501.76 0.00
812 6615.74 3660.51 0.00
813 15.57 6863.37 0.00
814 10.41 2356.97 0.00
815 11711.18 1936.08 0.00
816 3436.14 3540.46 0.00
817 3480.68 4121.87 0.00
818 10561.16 7715.62 0.00
819 1325.53 4507.21 0.00
820 8.66 2238.04 0.00
821 9.82 2633.48 0.00
822 13.77 3504.37 0.00
823 16.99 3249.22 0.00
824 2.70 312.48 0.00
825 19.17 7718.18 0.00
826 4.93 925.51 0.00
827 1.00 0.30 0.00
828 2.99 3.24 0.00
829 2.94 0.43 0.00
830 2.84 0.32 0.00
831 0.77 0.88 0.00
832 0.55 0.30 0.00
833 12.16 1288.63 0.00
834 631.09 6638.19 0.00
835 11246.19 2895.44 0.00
836 7130.84 2053.68 0.00
837 9656.72 6219.09 0.00
838 11648.10 8802.67 0.00
839 3180.55 17509.47 0.00
840 42.35 20617.35 0.00
841 4.82 1955.44 0.00
842 7679.36 8946.91 0.00
843 2598.28 3881.50 0.00
844 12578.54 4578.64 0.00
845 10458.48 5751.09 0.00
846 11057.07 4756.28 0.00
847 10877.48 2980.08 0.00
848 3113.60 5615.88 0.00
849 8.30 4110.08 0.00
850 3.16 0.51 0.00
851 2.61 0.63 0.00
852 1.82 2.53 0.00
853 2.22 2.16 0.00
854 2551.92 4800.10 0.00
855 1337.02 5435.61 0.00
856 4.54 3002.38 0.00
857 5.74 354.18 0.00
858 2885.93 3586.40 0.00
859 15654.10 14582.74 0.00
860 8156.48 9088.00 0.00
861 3325.20 2954.86 0.00
862 14.06 3526.50 0.00
863 4.66 1569.07 0.00
864 1.86 0.89 0.00
865 3.35 0.37 0.00
866 0.77 0.32 0.00
867 2.35 2.52 0.00
868 4351.38 2221.47 0.00
869 7593.76 5513.19 0.00
870 19012.62 6664.90 0.00
871 11619.01 11351.57 0.00
872 11.89 4678.49 0.00
873 3040.92 30.42 0.00
874 7505.72 9.91 0.00
875 7611.44 4698.72 0.00
876 7245.03 6.70 0.00
877 538.09 0.90 0.00
878 3.30 2.41 0.00
879 1.22 0.37 0.00
880 203.56 1578.88 0.00
881 4424.96 3135.55 0.00
882 5785.69 7973.88 0.00
883 3615.02 14509.64 0.00
884 1603.27 13258.46 0.00
885 9.32 4279.10 0.00
886 0.88 0.30 0.00
887 10.72 3044.51 0.00
888 9.80 4562.81 0.00
889 16.46 6198.63 0.00
890 15.07 7569.51 0.00
891 3.33 1485.45 0.00
892 11.35 4094.67 0.00
893 6.53 3291.21 0.00
894 1.48 345.44 0.00
895 0.55 0.30 0.00
896 1.44 0.30 0.00
897 1.12 2.39 0.00
898 1.38 2.09 0.00
899 1.64 0.36 0.00
900 2.15 0.82 0.00
901 0.33 0.30 0.00
902 1.95 1.92 0.00
903 2.35 2.60 0.00
904 0.77 0.30 0.00
905 1.55 0.30 0.00
906 1.92 0.82 0.00
907 2.14 0.30 0.00
908 1.49 2.15 0.00
909 1071.62 37.09 0.00
910 4337.16 3376.65 0.00
911 4705.54 3429.30 0.00
912 5526.72 5452.33 0.00
913 3386.29 4250.33 0.00
914 4496.82 4243.19 0.00
915 4153.45 5258.25 0.00
916 4498.15 5596.10 0.00
917 4096.22 8226.60 0.00
918 5096.03 6539.07 0.00
919 6630.82 6738.54 0.00
920 7762.98 4264.37 0.00
921 6404.26 17.71 0.00
922 2.56 6.38 0.00
923 2.10 3.77 0.00
924 0.66 0.82 0.00
925 1.44 0.30 0.00
926 1.11 0.30 0.00
927 6.34 1133.96 0.00
928 2863.07 821.92 0.00
929 2980.18 1868.14 0.00
930 4346.53 4554.28 0.00
931 5334.76 6166.34 0.00
932 8396.96 3290.69 0.00
933 5033.15 6737.90 0.00
934 1946.49 201.10 0.00
935 9.03 2588.05 0.00
936 3.56 715.09 0.00
937 5.15 1157.12 0.00
938 7.96 2195.19 0.00
939 13.27 2886.80 0.00
940 15.23 5539.98 0.00
941 7.67 2464.34 0.00
942 4420.97 4341.91 0.00
943 11112.44 5179.26 0.00
944 8485.25 6189.31 0.00
945 10898.70 6270.13 0.00
946 5176.30 2120.73 0.00
947 5564.22 1818.51 0.00
948 4356.72 1783.78 0.00
949 3000.10 2611.34 0.00
950 6421.50 2954.90 0.00
951 4437.11 6666.50 0.00
952 3538.99 8867.80 0.00
953 12245.65 3938.50 0.00
954 1744.24 3.78 0.00
955 1284.60 1.92 0.00
956 2672.96 3.86 0.00
957 1.22 2.39 0.00
958 3.58 2.61 0.00
959 1.63 0.50 0.00
960 13000.88 19878.72 0.00
961 1681.09 15701.14 0.00
962 13.03 2789.36 0.00
963 19.85 5949.94 0.00
964 1238.54 3140.79 0.00
965 5390.46 1448.44 0.00
966 5580.06 2810.39 0.00
967 3384.48 3832.55 0.00
968 13234.71 618.03 0.00
969 7.04 3056.93 0.00
970 648.07 1.86 0.00
971 1923.22 2.25 0.00
972 572.80 2.90 0.00
973 3.00 2.08 0.00
974 1.19 0.50 0.00
975 5486.00 18441.12 0.00
976 953.66 17086.03 0.00
977 7043.44 2857.35 0.00
978 8.64 17.17 0.00
979 1.67 0.30 0.00
980 1.05 0.37 0.00
981 8912.88 6414.76 0.00
982 10933.18 1191.61 0.00
983 14901.84 10378.90 0.00
984 7554.20 7840.80 0.00
985 6630.64 6648.45 0.00
986 5194.26 6632.86 0.00
987 9961.86 3151.06 0.00
988 6729.83 7.88 0.00
989 556.52 0.95 0.00
990 2.42 1.08 0.00
991 1.39 0.43 0.00
992 5.26 133.43 0.00
993 3111.24 5129.25 0.00
994 950.67 7167.81 0.00
995 7753.31 14860.01 0.00
996 6856.22 9758.18 0.00
997 708.06 3134.12 0.00
998 10.34 5072.51 0.00
999 1.78 414.76 0.00
1000 0.44 0.82 0.00
1001 10.03 3291.96 0.00
1002 6.13 2374.75 0.00
1003 9.29 3417.89 0.00
1004 14.34 5278.76 0.00
1005 5.93 2180.00 0.00
1006 714.70 1143.17 0.00
1007 4464.85 3065.80 0.00
1008 4473.66 1892.28 0.00
1009 3584.21 10240.58 0.00
1010 13.98 3928.16 0.00
1011 3474.45 3578.48 0.00
1012 1943.67 3315.73 0.00
1013 12286.89 3844.35 0.00
1014 2915.40 2125.26 0.00
1015 8.57 4810.56 0.00
1016 3.16 90.22 0.00
1017 1.31 2.39 0.00
1018 1.09 2.06 0.00
1019 2.59 0.33 0.00
1020 1.00 0.30 0.00
1021 1.18 0.82 0.00
1022 2.44 3.63 0.00
1023 1.33 7.40 0.00
1024 1.56 0.30 0.00
1025 1.66 0.30 0.00
1026 1.10 0.82 0.00
1027 2.15 0.30 0.00
1028 1.62 2.25 0.00
1029 1982.16 1233.09 0.00
1030 3107.34 5631.41 0.00
1031 4408.23 7708.46 0.00
1032 3862.81 6730.14 0.00
1033 5024.05 8962.43 0.00
1034 4724.69 8634.80 0.00
1035 5180.06 12192.38 0.00
1036 5753.24 5767.05 0.00
1037 8399.23 18.11 0.00
1038 9498.71 24.97 0.00
1039 8253.86 19.25 0.00
1040 1414.73 6.24 0.00
1041 0.99 0.82 0.00
1042 1.51 4.89 0.00
1043 1.09 2.08 0.00
1044 1.74 0.82 0.00
1045 1.96 0.30 0.00
1046 1.45 0.43 0.00
1047 2.66 2.52 0.00
1048 1.22 2.21 0.00
1049 1.43 0.30 0.00
1050 1.33 0.82 0.00
1051 398.73 1925.85 0.00
1052 650.10 1671.87 0.00
1053 2950.90 1248.32 0.00
1054 8531.39 3122.70 0.00
1055 5116.59 6386.17 0.00
1056 5005.26 5073.48 0.00
1057 6626.89 3952.39 0.00
1058 6579.99 6528.37 0.00
1059 1824.87 3120.87 0.00
1060 10.45 2649.53 0.00
1061 22.88 6359.61 0.00
1062 7.01 1898.44 0.00
1063 1885.09 1571.44 0.00
1064 3192.78 2491.03 0.00
1065 2818.75 2386.77 0.00
1066 6915.83 4199.79 0.00
1067 8033.70 7133.39 0.00
1068 15086.64 4644.23 0.00
1069 22449.12 48.60 0.00
1070 1786.90 8129.79 0.00
1071 19.62 9749.79 0.00
1072 19.44 11289.86 0.00
1073 11.60 3959.83 0.00
1074 2.54 45.66 0.00
1075 12.17 4703.18 0.00
1076 2.34 45.56 0.00
1077 19.63 4196.04 0.00
1078 29.13 8559.98 0.00
1079 10.97 3104.38 0.00
1080 12.22 2847.77 0.00
1081 30.15 12353.35 0.00
1082 23.04 5959.25 0.00
1083 3.14 1168.44 0.00
1084 1.79 913.04 0.00
1085 1.89 0.30 0.00
1086 11.57 4616.81 0.00
1087 13576.53 4634.14 0.00
1088 5034.52 2604.16 0.00
1089 9299.78 48.17 0.00
1090 19130.59 4199.53 0.00
1091 18056.26 2884.83 0.00
1092 9284.16 3542.29 0.00
1093 6582.40 29.63 0.00
1094 1182.05 1.21 0.00
1095 21.04 9309.75 0.00
1096 1.67 0.30 0.00
1097 2.14 0.30 0.00
1098 1.93 2.79 0.00
1099 1398.23 2.82 0.00
1100 1895.84 1.92 0.00
1101 2984.71 5063.97 0.00
1102 3653.49 6396.59 0.00
1103 3714.19 6192.49 0.00
1104 4771.78 2910.65 0.00
1105 7305.02 4627.84 0.00
1106 10068.49 7019.84 0.00
1107 14116.98 1652.38 0.00
1108 2617.99 7557.57 0.00
1109 32.61 12830.77 0.00
1110 27.53 9487.82 0.00
1111 959.18 10396.34 0.00
1112 3880.61 5985.41 0.00
1113 12489.34 7994.23 0.00
1114 2191.76 2041.72 0.00
1115 17.55 6027.93 0.00
1116 7550.73 5175.76 0.00
1117 4818.17 375.41 0.00
1118 1189.39 3.18 0.00
1119 1.78 0.88 0.00
1120 1.62 0.37 0.00
1121 1.32 0.32 0.00
1122 1481.41 7.58 0.00
1123 4142.95 8639.70 0.00
1124 7923.13 4531.04 0.00
1125 18322.73 49.48 0.00
1126 5872.08 4766.73 0.00
1127 2355.84 3.78 0.00
1128 12460.73 39.03 0.00
1129 3327.45 5164.85 0.00
1130 17.48 5286.89 0.00
1131 2.02 205.77 0.00
1132 1.52 0.38 0.00
1133 4.29 1.62 0.00
1134 1.32 0.92 0.00
1135 0.87 0.30 0.00
1136 12375.95 18850.25 0.00
1137 2.70 1550.08 0.00
1138 1.39 2.22 0.00
1139 2.76 0.42 0.00
1140 1.54 0.83 0.00
1141 1.95 0.37 0.00
1142 3697.60 7085.57 0.00
1143 1.91 23.60 0.00
1144 0.93 1.79 0.00
1145 1.03 1.79 0.00
1146 9.51 2631.74 0.00
1147 8.30 4170.06 0.00
1148 2.79 350.26 0.00
1149 1.34 5.58 0.00
1150 1.89 0.45 0.00
1151 1.45 4.90 0.00
1152 1.47 10.45 0.00
1153 2.10 2.09 0.00
1154 1.78 0.30 0.00
1155 0.76 0.82 0.00
1156 0.55 0.30 0.00
1157 1.89 0.30 0.00
1158 2.13 2.60 0.00
1159 0.88 0.30 0.00
1160 1.33 0.30 0.00
1161 0.77 0.82 0.00
1162 1.29 1.92 0.00
1163 1.83 2.15 0.00
1164 1.21 0.82 0.00
1165 0.89 0.30 0.00
1166 1.44 0.30 0.00
1167 1.19 2.39 0.00
1168 20.09 15.16 0.00
1169 42.27 11364.54 0.00
1170 4072.07 5206.28 0.00
1171 5678.94 7655.56 0.00
1172 5855.94 6052.59 0.00
1173 3361.96 5872.97 0.00
1174 5698.35 6983.17 0.00
1175 3851.33 7715.34 0.00
1176 5396.46 2263.34 0.00
1177 4986.51 247.47 0.00
1178 7331.04 2708.57 0.00
1179 5466.33 976.85 0.00
1180 3351.29 10.94 0.00
1181 2404.71 10.94 0.00
1182 695.02 11.29 0.00
1183 1895.56 10.42 0.00
1184 1747.44 5.65 0.00
1185 14.10 1909.93 0.00
1186 8.82 774.29 0.00
1187 7.81 1285.21 0.00
1188 7.46 747.52 0.00
1189 5.71 612.42 0.00
1190 1.68 0.19 0.00
1191 2.68 1.01 0.00
1192 1.23 0.30 0.00
1193 3.57 2.48 0.00
1194 1985.65 3508.67 0.00
1195 5723.74 9836.55 0.00
1196 10837.45 3384.65 0.00
1197 12802.92 9674.18 0.00
1198 3760.78 14309.15 0.00
1199 3.12 1709.74 0.00
1200 1.11 0.82 0.00
1201 8.17 2092.15 0.00
1202 15.52 3324.52 0.00
1203 505.87 5509.02 0.00
1204 10260.09 8700.35 0.00
1205 2457.25 5056.91 0.00
1206 2.91 2.54 0.00
1207 1059.33 16.80 0.00
1208 7369.46 26.07 0.00
1209 13433.32 3140.54 0.00
1210 10013.77 514.56 0.00
1211 3072.31 2502.65 0.00
1212 2145.18 2828.65 0.00
1213 16.54 5234.92 0.00
1214 1.19 0.30 0.00
1215 14344.02 50.79 0.00
1216 9536.35 1418.65 0.00
1217 2.23 473.99 0.00
1218 3.62 3.05 0.00
1219 2.19 0.43 0.00
1220 2.55 0.38 0.00
1221 1.08 0.51 0.00
1222 3896.48 20040.15 0.00
1223 6432.33 652.17 0.00
1224 0.76 0.82 0.00
1225 733.16 6204.83 0.00
1226 9194.02 6326.98 0.00
1227 9838.38 7495.25 0.00
1228 6840.46 16629.41 0.00
1229 37.90 16450.52 0.00
1230 1.52 6.07 0.00
1231 10.53 3519.65 0.00
1232 7106.25 50.01 0.00
1233 5510.57 4596.77 0.00
1234 8249.54 2083.16 0.00
1235 1453.63 2692.45 0.00
1236 672.14 2393.17 0.00
1237 2423.99 2173.43 0.00
1238 5672.86 3697.60 0.00
1239 7037.31 6301.75 0.00
1240 11968.01 3466.33 0.00
1241 5832.58 5043.34 0.00
1242 8543.82 2354.28 0.00
1243 9321.90 9660.06 0.00
1244 2645.14 1.99 0.00
1245 695.63 1.27 0.00
1246 0.77 0.30 0.00
1247 1.67 0.30 0.00
1248 1.98 2.60 0.00
1249 23.59 8221.82 0.00
1250 3.23 1540.58 0.00
1251 11.80 5372.02 0.00
1252 6439.57 5895.42 0.00
1253 8577.92 1589.15 0.00
1254 970.83 2.43 0.00
1255 5817.36 25.59 0.00
1256 7820.50 831.50 0.00
1257 5421.03 2499.13 0.00
1258 9177.93 6714.80 0.00
1259 5968.90 1637.84 0.00
1260 43.64 10603.55 0.00
1261 20.93 8225.60 0.00
1262 10.62 3537.55 0.00
1263 718.94 4331.86 0.00
1264 1311.11 178.43 0.00
1265 1850.83 2.24 0.00
1266 171.36 1.08 0.00
1267 3.28 0.50 0.00
1268 1.72 2.11 0.00
1269 726.78 2562.91 0.00
1270 15428.16 12552.67 0.00
1271 7503.55 5251.81 0.00
1272 19.06 10363.23 0.00
1273 396.03 1802.00 0.00
1274 5784.88 7839.47 0.00
1275 15.72 6729.90 0.00
1276 7697.35 3439.30 0.00
1277 3961.08 79.59 0.00
1278 2.67 2.73 0.00
1279 7.30 2095.31 0.00
1280 695.33 1413.56 0.00
1281 2816.56 4.36 0.00
1282 1.73 3.91 0.00
1283 8.51 3514.21 0.00
1284 1.31 2.16 0.00
1285 1.98 5.04 0.00
1286 0.88 0.30 0.00
1287 1.67 2.39 0.00
1288 3.24 2.21 0.00
1289 1.31 5.04 0.00
1290 1.65 0.82 0.00
1291 2.26 0.30 0.00
1292 1.06 1.92 0.00
1293 1.91 2.54 0.00
1294 3.05 0.30 0.00
1295 1.00 0.30 0.00
1296 1.66 0.82 0.00
1297 0.89 0.30 0.00
1298 1.12 1.88 0.00
1299 3851.35 4077.36 0.00
1300 4262.38 5353.61 0.00
1301 5782.52 4101.59 0.00
1302 5097.94 3854.74 0.00
1303 5310.27 5195.62 0.00
1304 5805.39 4276.95 0.00
1305 5232.27 6288.88 0.00
1306 4284.40 7370.98 0.00
1307 7799.45 8765.70 0.00
1308 6785.84 7625.66 0.00
1309 6238.55 122.13 0.00
1310 2407.46 6.64 0.00
1311 1.14 1.79 0.00
1312 1.28 4.96 0.00
1313 1.94 2.16 0.00
1314 1.02 0.56 0.00
1315 0.88 0.31 0.00
1316 1032.37 17.20 0.00
1317 4752.57 27.69 0.00
1318 1993.59 1524.55 0.00
1319 673.18 1504.23 0.00
1320 2214.63 478.22 0.00
1321 2419.32 737.75 0.00
1322 1803.00 1625.30 0.00
1323 2365.93 4941.17 0.00
1324 3724.70 6410.00 0.00
1325 3574.47 2131.94 0.00
1326 658.91 8156.28 0.00
1327 6.49 1706.62 0.00
1328 252.32 3367.65 0.00
1329 11129.13 1882.09 0.00
1330 9559.89 5360.65 0.00
1331 8858.66 17.98 0.00
1332 1975.45 430.81 0.00
1333 398.87 1675.78 0.00
1334 375.95 1347.12 0.00
1335 8492.07 8444.73 0.00
1336 8561.58 2898.64 0.00
1337 3768.54 5872.13 0.00
1338 1900.60 3261.30 0.00
1339 4974.83 7001.44 0.00
1340 10050.38 6787.25 0.00
1341 280.10 1386.55 0.00
1342 1.84 5.39 0.00
1343 9.42 3575.16 0.00
1344 3.40 53.33 0.00
1345 1.43 0.37 0.00
1346 1.33 0.30 0.00
1347 2.35 2.39 0.00
1348 2.10 2.03 0.00
1349 1.00 0.36 0.00
1350 18.22 7899.86 0.00
1351 26.59 14119.06 0.00
1352 23.58 12991.07 0.00
1353 11.73 6121.09 0.00
1354 1.83 7.69 0.00
1355 0.99 4.97 0.00
1356 11.83 3011.45 0.00
1357 8.31 4111.17 0.00
1358 11.32 2622.49 0.00
1359 2509.76 3018.57 0.00
1360 3058.99 4085.42 0.00
1361 7068.80 8438.60 0.00
1362 10264.27 3284.41 0.00
1363 11815.03 4358.29 0.00
1364 10225.19 4507.15 0.00
1365 10907.15 806.10 0.00
1366 4768.99 8341.77 0.00
1367 6393.76 1223.73 0.00
1368 1227.75 3.46 0.00
1369 0.55 0.00 0.00
1370 2.60 0.19 0.00
1371 651.51 1411.00 0.00
1372 3949.09 4441.30 0.00
1373 4012.52 3486.04 0.00
1374 3620.89 2631.98 0.00
1375 6770.96 7439.20 0.00
1376 4645.52 14412.81 0.00
1377 2529.43 1751.50 0.00
1378 796.97 8156.51 0.00
1379 4511.06 8053.01 0.00
1380 14662.22 28.24 0.00
1381 16169.32 1748.01 0.00
1382 4544.40 6431.05 0.00
1383 3.32 289.63 0.00
1384 5.73 3225.60 0.00
1385 10.09 3870.77 0.00
1386 2.33 1036.95 0.00
1387 8.55 3449.49 0.00
1388 2948.15 3437.40 0.00
1389 3675.14 1859.24 0.00
1390 4430.41 3108.48 0.00
1391 2021.72 13.60 0.00
1392 7.90 2168.35 0.00
1393 1067.39 2070.04 0.00
1394 2157.73 3399.22 0.00
1395 2475.02 66.45 0.00
1396 1715.26 1.10 0.00
1397 1.94 0.27 0.00
1398 2.32 2.55 0.00
1399 1.34 0.00 0.00
1400 2290.57 7444.68 0.00
1401 27.90 15554.51 0.00
1402 4393.46 12097.00 0.00
1403 4165.97 5786.88 0.00
1404 8869.75 7274.21 0.00
1405 5212.96 8301.74 0.00
1406 2396.39 5001.37 0.00
1407 711.29 2789.40 0.00
1408 1710.14 1207.26 0.00
1409 2317.40 726.88 0.00
1410 3216.92 1668.51 0.00
1411 2088.53 3183.21 0.00
1412 2038.25 8030.34 0.00
1413 10305.46 605.36 0.00
1414 1.74 0.14 0.00
1415 1.04 4.66 0.00
1416 1429.20 9.18 0.00
1417 1945.01 3474.25 0.00
1418 26.89 6687.74 0.00
1419 12.91 4081.00 0.00
1420 0.11 0.00 0.00
1421 1.22 0.00 0.00
1422 1.42 29.32 0.00
1423 1.33 1.98 0.00
1424 0.74 0.20 0.00
1425 1.11 5.11 0.00
1426 0.63 0.00 0.00
1427 1.23 0.00 0.00
1428 1.70 2.69 0.00
1429 0.62 0.06 0.00
1430 1.34 0.00 0.00
1431 1.61 0.92 0.00
1432 0.95 1.92 0.00
1433 2.56 2.08 0.00
1434 1.46 0.82 0.00
1435 1965.46 37.94 0.00
1436 504.70 953.83 0.00
1437 4120.79 3794.26 0.00
1438 4602.33 5689.11 0.00
1439 4788.57 4680.74 0.00
1440 3894.18 5679.32 0.00
1441 5340.35 5992.00 0.00
1442 4761.06 3814.16 0.00
1443 3389.48 8306.35 0.00
1444 5343.41 7622.17 0.00
1445 5891.34 9123.65 0.00
1446 5251.40 1534.82 0.00
1447 7849.13 12.23 0.00
1448 4712.18 13.52 0.00
1449 2.52 2.31 0.00
1450 1.92 0.30 0.00
1451 1.66 0.30 0.00
1452 2.17 7.04 0.00
1453 11.50 4608.24 0.00
1454 4.17 483.71 0.00
1455 6.75 1491.69 0.00
1456 2.12 23.31 0.00
1457 2.85 419.45 0.00
1458 516.11 1936.94 0.00
1459 2018.04 714.12 0.00
1460 2654.91 304.14 0.00
1461 3123.13 308.04 0.00
1462 3158.98 832.10 0.00
1463 1691.70 724.35 0.00
1464 7326.78 2987.02 0.00
1465 5763.36 5631.74 0.00
1466 4592.71 5236.02 0.00
1467 743.71 3702.10 0.00
1468 19.34 4809.30 0.00
1469 19.05 7364.80 0.00
1470 19.00 7002.50 0.00
1471 10.98 3533.92 0.00
1472 258.52 2745.66 0.00
1473 5225.85 1227.06 0.00
1474 6848.57 2062.06 0.00
1475 3970.49 7456.70 0.00
1476 9058.20 6818.67 0.00
1477 2320.65 4715.99 0.00
1478 8.00 2960.51 0.00
1479 11.07 3597.42 0.00
1480 15.11 5110.33 0.00
1481 5626.84 124.08 0.00
1482 756.30 3599.51 0.00
1483 13553.43 545.95 0.00
1484 5695.42 3118.36 0.00
1485 4874.55 871.62 0.00
1486 5733.11 2674.58 0.00
1487 6271.00 3365.25 0.00
1488 3320.29 5263.45 0.00
1489 1422.93 4442.28 0.00
1490 5127.67 1201.87 0.00
1491 9731.06 10604.99 0.00
1492 6327.59 5094.53 0.00
1493 6557.68 2201.44 0.00
1494 4662.40 714.54 0.00
1495 8.86 3951.86 0.00
1496 1.44 0.30 0.00
1497 9901.65 22.26 0.00
1498 5.59 763.48 0.00
1499 3864.60 3965.40 0.00
1500 4941.88 871.83 0.00
1501 3000.01 4.50 0.00
1502 253.89 1.09 0.00
1503 3.21 3.05 0.00
1504 1.51 0.30 0.00
1505 2.44 0.30 0.00
1506 1.60 0.51 0.00
1507 3663.47 23888.96 0.00
1508 27.29 12952.35 0.00
1509 12409.72 4075.15 0.00
1510 6018.22 9290.81 0.00
1511 810.54 5143.87 0.00
1512 9551.29 4153.17 0.00
1513 3980.58 2756.90 0.00
1514 1201.99 1424.19 0.00
1515 3092.50 3132.05 0.00
1516 5479.97 5525.71 0.00
1517 1999.06 944.90 0.00
1518 1187.47 4.42 0.00
1519 407.79 0.82 0.00
1520 2.88 0.38 0.00
1521 1.34 0.88 0.00
1522 6082.44 12995.56 0.00
1523 1960.56 14542.12 0.00
1524 11.35 6198.47 0.00
1525 4946.11 1915.98 0.00
1526 4829.58 2330.93 0.00
1527 6183.48 4306.95 0.00
1528 10657.05 5346.17 0.00
1529 7444.16 3692.83 0.00
1530 5269.64 4.11 0.00
1531 2601.71 2.43 0.00
1532 0.52 0.50 0.00
1533 1456.45 5.05 0.00
1534 2193.00 2.07 0.00
1535 5806.17 11224.79 0.00
1536 15.19 7476.74 0.00
1537 13.80 7535.75 0.00
1538 10446.29 5134.89 0.00
1539 7121.95 205.24 0.00
1540 2791.73 7390.17 0.00
1541 4475.20 4586.95 0.00
1542 4865.95 7135.36 0.00
1543 5553.32 3324.73 0.00
1544 4658.76 2375.03 0.00
1545 4501.04 1170.40 0.00
1546 3829.26 2.43 0.00
1547 388.57 0.69 0.00
1548 2.63 2.74 0.00
1549 0.84 0.42 0.00
1550 0.61 0.37 0.00
1551 4179.24 1870.26 0.00
1552 2664.44 1655.54 0.00
1553 7177.53 17.74 0.00
1554 1683.22 2.88 0.00
1555 1.17 5.04 0.00
1556 1.32 0.30 0.00
1557 2176.78 1617.73 0.00
1558 1434.56 1900.36 0.00
1559 481.10 1.01 0.00
1560 1.98 0.82 0.00
1561 1.33 0.30 0.00
1562 2.22 3.89 0.00
1563 3.40 7.54 0.00
1564 1.11 0.36 0.00
1565 2.03 0.30 0.00
1566 1.93 5.03 0.00
1567 1.93 0.30 0.00
1568 2.78 2.21 0.00
1569 1.54 0.82 0.00
1570 1.25 0.00 0.00
1571 2.32 0.30 0.00
1572 1.52 4.00 0.00
1573 1.61 2.09 0.00
1574 1.78 0.36 0.00
1575 1.32 0.82 0.00
1576 0.89 0.30 0.00
1577 43.78 15.13 0.00
1578 16.27 3854.64 0.00
1579 17.42 5352.22 0.00
1580 17.10 8362.74 0.00
1581 16.72 6407.06 0.00
1582 15.09 6337.31 0.00
1583 3827.68 69.15 0.00
1584 20277.16 2115.72 0.00
1585 20315.40 5481.37 0.00
1586 16911.88 7766.67 0.00
1587 5.87 181.01 0.00
1588 20.63 7002.47 0.00
1589 15.09 6714.15 0.00
1590 5.62 1598.35 0.00
1591 15.34 4589.64 0.00
1592 10.89 5308.88 0.00
1593 15.66 5502.15 0.00
1594 1.53 0.42 0.00
1595 1.06 0.30 0.00
1596 17.47 5576.99 0.00
1597 12.08 7084.93 0.00
1598 7.02 2850.60 0.00
1599 6.46 1675.04 0.00
1600 5.70 2380.05 0.00
1601 13.09 5047.25 0.00
1602 14.76 6238.76 0.00
1603 8.48 2882.38 0.00
1604 3.77 927.22 0.00
1605 14.46 4216.07 0.00
1606 13.27 6555.91 0.00
1607 15.64 7826.44 0.00
1608 26.71 8996.28 0.00
1609 8.94 4920.02 0.00
1610 16.42 8824.87 0.00
1611 1.51 0.19 0.00
1612 15.65 1968.89 0.00
1613 7.58 1929.95 0.00
1614 7.18 2921.05 0.00
1615 9.89 2340.36 0.00
1616 12.09 1960.65 0.00
1617 9.85 1872.17 0.00
1618 10.73 1845.96 0.00
1619 11.68 3834.61 0.00
1620 27.58 11664.60 0.00
1621 14.33 4785.32 0.00
1622 15.00 5797.29 0.00
1623 16.67 6432.95 0.00
1624 23.49 5535.00 0.00
1625 18.70 5998.87 0.00
1626 22.56 8996.22 0.00
1627 20.35 7387.44 0.00
1628 16.25 5551.82 0.00
1629 7.74 2441.66 0.00
1630 15.39 4078.84 0.00
1631 18.51 7210.65 0.00
1632 16.71 4742.06 0.00
1633 2878.55 8277.96 0.00
1634 15656.34 4672.09 0.00
1635 29399.21 1547.41 0.00
1636 12313.39 3830.62 0.00
1637 10.69 3779.14 0.00
1638 4.78 11.77 0.00
1639 6.13 20.63 0.00
1640 2.44 0.82 0.00
1641 5.70 0.82 0.00
1642 3.49 0.30 0.00
1643 2.08 0.88 0.00
1644 1.50 0.44 0.00
1645 3.51 0.82 0.00
1646 2.10 1.78 0.00
1647 2.41 0.30 0.00
1648 2.01 0.30 0.00
1649 1.29 0.82 0.00
1650 2.10 4.55 0.00
1651 1.11 0.30 0.00
1652 1.52 0.82 0.00
1653 2.21 0.30 0.00
1654 2.21 0.30 0.00
1655 1.41 0.82 0.00
1656 1.63 0.30 0.00
1657 1.18 0.30 0.00
1658 1.25 0.82 0.00
1659 2.08 0.30 0.00
1660 1.75 0.30 0.00
1661 2.56 0.82 0.00
1662 1.66 1.87 0.00
1663 1.60 0.30 0.00
1664 0.89 0.51 0.00
1665 1.85 0.30 0.00
1666 0.88 0.30 0.00
1667 2.76 0.82 0.00
1668 1.23 0.30 0.00
1669 0.99 0.30 0.00
1670 2.10 0.82 0.00
1671 0.66 0.30 0.00
1672 1.02 0.37 0.00
1673 2.10 0.89 0.00
1674 1.11 0.30 0.00
1675 2.58 0.30 0.00
1676 1.99 0.82 0.00
1677 1.42 0.45 0.00
1678 2.60 1.73 0.00
1679 2.32 0.82 0.00
1680 0.88 0.30 0.00
1681 2.13 0.30 0.00
1682 1.33 0.82 0.00
1683 2.01 0.30 0.00
1684 1.08 0.30 0.00
1685 1.54 0.82 0.00
1686 1.76 0.30 0.00
1687 2.47 0.30 0.00
1688 1.03 0.82 0.00
1689 0.77 0.30 0.00
1690 2.89 0.30 0.00
1691 2.08 0.82 0.00
1692 1.45 0.45 0.00
1693 3.59 1.73 0.00
1694 1.09 0.82 0.00
1695 1.65 0.30 0.00
1696 2.10 0.30 0.00
1697 1.82 0.82 0.00
1698 1.63 0.30 0.00
1699 1.99 0.30 0.00
1700 0.87 0.82 0.00
1701 1.11 0.30 0.00
1702 1.78 0.30 0.00
1703 0.92 0.82 0.00
1704 0.89 0.30 0.00
1705 2.19 0.30 0.00
1706 0.76 0.82 0.00
1707 2.23 1.87 0.00
1708 1.04 0.30 0.00
1709 0.98 0.82 0.00
1710 1.64 0.30 0.00
1711 0.90 0.44 0.00
1712 4.94 4.03 0.00
1713 1.81 0.30 0.00
1714 2.73 0.30 0.00
1715 5.52 413.55 0.00
1716 1.74 0.30 0.00
1717 2.14 0.30 0.00
1718 0.71 0.82 0.00
1719 1.69 0.30 0.00
1720 1.59 0.30 0.00
1721 2.40 0.82 0.00
1722 1.57 0.14 0.00
1723 1.48 1.73 0.00
1724 0.88 0.82 0.00
1725 1.44 0.30 0.00
1726 0.99 0.30 0.00
1727 1.87 0.82 0.00
1728 0.92 0.30 0.00
1729 5.10 3.53 0.00
1730 3.71 153.64 0.00
1731 0.87 0.30 0.00
1732 13.34 1036.44 0.00
1733 1.48 0.82 0.00
