0 6 0 550072 1058600 84940 600524 1 1 51 1 0 1 0 98 1 0
1 0 0 550072 1059668 84940 600536 0 0 0 726 1633 2 1 98 0 0
2 0 1 550072 1059476 84944 600544 0 0 84 797 1866 1 1 99 0 0
3 3 0 550060 998064 84976 600616 32 0 24 2279 4701 32 6 61 2 0
4 0 0 550060 955060 84976 600624 0 0 4 1687 2973 43 3 54 0 0
5 3 0 550060 1006404 84976 600632 0 0 40 2143 4474 29 3 67 0 0
6 0 0 550060 957396 84976 600632 0 0 68 1794 3255 40 3 56 0 0
7 1 0 550060 1001820 84980 600664 0 0 1884 2207 3813 20 4 71 5 0
8 2 0 550060 924368 84980 600644 0 0 0 1256 2087 38 3 59 0 0
9 2 0 550060 833076 84980 600648 0 0 0 1806 3858 36 4 60 0 0
10 2 0 550060 646636 84980 688844 8 0 0 1566 2717 33 11 56 0 0
11 2 0 550060 609552 84980 688848 0 0 280 1379 2361 37 3 59 1 0
12 1 0 550060 560548 84984 689112 4 0 192 1617 2901 29 3 66 3 0
13 0 0 550052 540136 84984 689188 20 0 4 1395 2714 27 2 69 2 0
14 0 0 550052 539884 84984 689272 0 0 0 796 1865 0 1 99 0 0
15 0 0 550052 539916 84984 689280 0 0 0 930 2120 1 0 99 0 0
16 0 0 550052 539964 84984 689280 0 0 0 766 1891 1 0 99 0 0
17 0 1 550052 539964 84988 689280 0 0 668 920 2243 1 1 97 2 0
18 1 0 550052 539900 84992 689284 0 0 1156 995 2254 1 0 96 3 0
19 1 0 550052 539932 84992 689304 0 0 0 864 2000 1 1 98 0 0
20 1 0 550052 540028 84992 689304 0 0 0 1604 4720 2 1 97 0 0
21 3 0 550052 537388 84992 689328 0 0 56 993 2244 1 1 98 0 0
22 2 0 550052 531556 84992 689328 0 0 0 923 2089 4 1 95 0 0
23 0 0 550052 531512 84992 689328 0 0 0 761 1792 0 1 99 0 0
24 0 0 550052 531352 84992 689328 0 0 0 759 1831 1 0 99 0 0
25 3 0 550052 531432 84992 689332 0 0 140 767 1977 1 1 98 0 0
26 0 0 550052 463248 84992 689340 0 0 4528 1539 2768 8 2 89 1 0
27 2 0 550052 413784 84996 689352 0 0 1728 1306 2961 2 2 93 4 0
28 2 0 550052 413784 84996 689356 0 0 0 863 2014 1 1 98 0 0
29 0 0 550052 413352 84996 689360 0 0 0 1075 2399 5 1 94 0 0
30 0 0 550052 412976 84996 689364 0 0 0 3507 2328 3 3 94 0 0
31 0 0 550052 413200 85004 689392 0 0 84184 4080 2889 4 3 90 3 0
32 0 0 550052 411992 85004 689404 0 0 0 1529 2414 4 1 95 0 0
33 3 0 550052 412424 85004 689408 0 0 0 4032 4844 6 2 91 0 0
34 1 0 550052 377560 85004 689668 0 0 336 3740 8593 7 3 90 0 0
35 0 0 550052 378388 85004 689672 0 0 0 3640 2566 3 2 94 1 0
36 0 0 550052 378276 85004 689680 0 0 0 925 2000 1 1 98 0 0
37 0 0 550052 378276 85004 689672 0 0 1680 1008 2342 1 1 94 4 0
38 0 0 550052 378340 85004 689672 0 0 0 845 2039 0 1 99 0 0
39 0 0 550052 378116 85012 689624 0 0 4872 1500 4044 2 1 86 10 0
40 0 0 550052 378276 85016 689640 0 0 68 1012 2193 1 1 98 0 0
41 0 0 550052 377900 85016 689652 0 0 0 932 2147 2 1 98 0 0
42 0 0 550048 377996 85016 689652 8 0 0 938 2024 1 0 98 0 0
43 0 0 550036 377776 85016 689656 12 0 0 816 1824 1 1 98 0 0
44 0 0 550036 377840 85016 689660 0 0 0 944 2125 1 0 98 0 1
45 0 0 550036 377776 85020 689668 0 0 52 853 1929 1 0 98 0 0
46 1 0 550036 377744 85020 689664 0 0 1680 1173 2695 1 1 93 4 1
47 0 0 550036 377744 85020 689664 0 0 0 1693 4636 2 1 97 0 0
48 0 0 550036 377840 85020 689672 0 0 0 880 2037 1 0 99 0 0
49 0 0 550036 377840 85020 689672 0 0 0 799 1917 1 0 99 0 0
50 0 0 550036 377792 85028 689688 0 0 60 912 2015 1 0 98 0 0
51 0 0 550036 377608 85028 689692 0 0 0 973 2301 1 1 98 0 0
52 0 0 550036 377640 85028 689692 0 0 0 832 1955 0 0 99 0 1
53 0 0 550036 377512 85028 689696 0 0 0 770 1743 1 0 99 0 0
54 0 0 550036 377576 85028 689696 0 0 0 871 1954 0 0 99 0 1
55 0 0 550036 377512 85032 689704 0 0 1908 1150 2539 1 0 94 5 1
56 1 0 550036 377576 85032 689704 0 0 0 699 1670 1 1 98 0 0
57 0 0 550036 377112 85032 689704 0 0 0 1240 3470 1 1 98 0 0
58 0 0 550036 377144 85032 689708 0 0 0 745 1766 1 0 99 0 0
59 0 0 550036 376984 85032 689708 0 0 0 829 2000 1 1 98 0 0
60 0 0 550036 377236 85036 689732 0 0 0 798 2016 0 0 99 0 0
61 0 0 550036 377108 85036 689736 0 0 0 875 2877 1 0 98 0 1
62 0 0 550036 377140 85036 689736 0 0 0 1017 2226 0 0 98 1 1
63 0 0 550036 377172 85036 689736 0 0 0 788 1790 0 0 98 0 1
64 0 1 550036 377268 85036 689752 0 0 684 1055 2372 1 1 97 1 1
65 0 0 550036 377140 85036 689752 0 0 1068 1088 2324 0 0 96 3 0
66 0 0 550036 376768 85036 689748 0 0 0 890 1992 4 1 96 0 0
67 0 0 550036 376832 85036 689748 0 0 0 1726 4885 2 1 97 0 1
68 2 0 550036 376768 85036 689756 0 0 0 771 1785 2 0 98 0 0
69 0 0 550036 376736 85044 689764 0 0 68 1043 2267 3 0 97 0 0
70 3 0 550036 376688 85044 689772 0 0 0 988 2104 2 0 97 0 1
71 0 0 550036 376848 85044 689776 0 0 0 935 2003 2 1 97 0 0
72 0 0 550036 376880 85044 689776 0 0 0 724 1690 0 0 99 0 0
73 0 0 550036 376672 85044 689776 0 0 0 755 1753 0 0 100 0 0
74 0 0 550036 376800 85048 689788 0 0 320 912 2075 1 1 97 1 1
75 0 0 550036 376800 85048 689784 0 0 1680 1002 2265 1 1 96 3 0
76 0 0 550036 376640 85048 689784 0 0 0 740 1764 0 1 99 0 0
77 0 0 550036 376704 85048 689784 0 0 0 751 1790 0 0 99 0 0
78 1 0 550036 376736 85048 689788 0 0 0 773 1845 1 0 99 0 0
79 0 0 550036 376640 85052 689812 0 0 60 913 2079 1 1 98 0 0
80 0 0 550036 376736 85052 689816 0 0 0 766 1829 0 1 99 0 0
81 0 0 550036 376768 85052 689820 0 0 0 720 1734 0 0 99 0 0
82 0 0 550036 376816 85052 689820 0 0 0 750 1787 0 1 99 0 0
83 0 0 550036 376752 85056 689828 0 0 264 1186 2441 1 1 96 1 1
84 2 0 550036 376628 85060 689828 0 0 1720 1093 2521 1 1 94 4 1
85 0 0 550036 376500 85060 689832 0 0 0 796 1785 1 0 99 0 1
86 0 0 550036 376564 85060 689832 0 0 0 871 1913 0 1 98 0 1
87 0 0 550036 376596 85060 689836 0 0 0 791 1769 1 0 99 0 0
88 0 0 550036 376500 85060 689856 0 0 56 898 1972 1 1 99 0 0
89 0 0 550036 376564 85060 689856 0 0 0 978 2154 1 1 99 0 0
90 3 0 550036 376596 85060 689856 0 0 0 1419 3245 3 1 96 0 0
91 0 0 550036 376012 85064 690116 0 0 324 2409 15216 9 1 87 2 2
92 0 0 550036 375916 85064 690124 0 0 0 971 1995 3 1 96 0 0
93 0 0 550036 375916 85068 690132 0 0 232 1049 2016 5 1 93 1 1
94 0 0 550036 375696 85076 690152 0 0 1776 1419 2786 4 1 91 4 1
95 0 0 550036 375728 85076 690144 0 0 0 739 1734 0 0 99 0 0
96 0 1 550036 375728 85076 690240 0 0 532 1446 3961 3 1 89 5 1
97 0 1 550032 375356 85084 689988 8 0 4224 1057 2330 1 1 82 16 1
98 0 1 550028 375260 85088 690016 16 0 72 961 2077 1 0 83 15 0
99 0 0 550028 374644 85088 690020 0 0 0 936 2011 4 0 95 1 1
100 0 0 550028 374516 85088 690024 0 0 0 790 1899 1 1 99 0 0
101 0 0 550028 374548 85088 690024 0 0 0 946 2182 1 0 99 0 0
102 0 0 550028 374644 85092 690032 0 0 48 2667 6705 2 1 96 0 0
103 0 0 550028 374516 85096 690036 0 0 1732 1204 2731 1 0 94 4 0
104 0 0 550028 374548 85096 690044 0 0 0 878 2096 1 0 99 0 0
105 0 0 550028 374580 85096 690044 0 0 0 813 1975 0 0 99 0 1
106 0 0 550028 374612 85096 690044 0 0 0 901 2233 1 0 99 0 0
107 0 0 550028 374484 85096 690056 0 0 56 1072 2466 1 0 99 0 1
108 0 0 550028 374580 85096 690064 0 0 0 830 1879 0 0 99 0 0
109 0 0 550028 374580 85096 690064 0 0 0 851 1868 0 0 99 0 1
110 0 0 550028 374612 85096 690064 0 0 0 1402 4437 1 0 99 0 0
111 0 0 550028 374644 85096 690072 0 0 0 892 2036 0 1 99 0 0
112 0 0 550028 374580 85104 690084 0 0 400 888 1950 1 0 97 2 0
113 0 0 550028 374612 85112 690076 0 0 1728 1147 2487 1 1 94 5 1
114 0 0 550028 374612 85112 690088 0 0 0 872 2059 1 1 98 0 0
115 0 0 550028 374484 85112 690088 0 0 0 763 1819 1 1 98 0 1
116 0 0 550028 374548 85112 690088 0 0 0 915 2163 1 0 98 0 0
117 0 0 550028 374612 85116 690108 0 0 64 958 2192 0 0 99 0 0
118 0 0 550028 374516 85116 690116 0 0 0 859 1965 0 0 99 0 0
119 0 0 550028 374424 85116 690116 0 0 0 800 1894 0 0 99 0 0
120 0 0 550028 374112 85116 690120 0 0 0 932 2092 1 1 97 1 0
121 0 0 550028 374192 85120 690128 0 0 288 990 2258 1 1 98 1 0
122 0 0 550028 374288 85120 690128 0 0 1724 1086 2726 1 1 94 4 0
123 4 0 550028 374320 85120 690128 0 0 0 801 1883 0 1 99 0 0
124 0 0 550028 374160 85120 690132 0 0 0 826 1928 0 1 99 0 0
125 0 0 550028 374192 85120 690136 0 0 0 782 1866 0 0 99 0 0
126 0 0 550028 374288 85124 690148 0 0 64 1027 2325 1 1 98 0 0
127 0 0 550028 374128 85124 690156 0 0 0 951 2190 1 1 98 0 0
128 1 0 550028 374224 85124 690160 0 0 0 862 2007 1 1 99 0 0
129 0 0 550028 374160 85124 690160 0 0 0 721 1725 1 0 99 0 0
130 0 0 550028 374176 85124 690168 0 0 0 1707 4937 2 1 97 0 0
131 0 0 550028 343164 85128 690252 0 0 2112 1560 3020 9 2 84 5 0
132 0 0 550028 342980 85128 690252 0 0 0 734 1726 0 0 99 0 0
133 0 0 550028 342888 85128 690256 0 0 0 784 1855 1 0 99 0 0
134 0 0 550028 342952 85128 690260 0 0 0 846 1984 0 0 99 0 1
135 0 0 550028 342792 85128 690260 0 0 0 746 1793 1 1 99 0 0
136 0 0 550028 342888 85128 690276 0 0 56 880 1956 1 1 97 2 0
137 0 0 550028 342436 85128 690288 0 0 0 973 2212 2 1 98 0 0
138 0 0 550028 342420 85128 690288 0 0 0 781 1855 1 0 99 0 0
139 0 0 550028 342484 85128 690288 0 0 0 725 1782 0 0 99 0 0
140 9 2 550028 342420 85132 690288 0 0 292 5295 13428 2 1 64 33 0
141 1 1 550028 342548 85132 690308 0 0 1788 1097 2241 1 0 60 39 0
142 4 0 550028 342580 85136 690308 0 0 80 1059 2359 1 0 92 6 1
143 1 0 550028 342452 85136 690312 0 0 0 823 1914 1 0 99 0 0
144 0 0 550028 342516 85140 690328 0 0 60 1035 2290 1 1 97 1 0
145 0 0 550028 342420 85140 690332 0 0 0 900 2103 1 1 98 0 0
146 1 0 550028 342144 85144 690552 0 0 324 2314 9956 9 2 89 0 1
147 3 0 550028 341772 85144 690592 0 0 0 923 2161 1 0 98 1 0
148 0 0 550028 341804 85144 690592 0 0 0 1595 4125 2 1 97 0 0
149 0 0 550028 341708 85144 690616 0 0 1732 1283 2515 1 1 88 11 1
150 2 0 550028 341804 85144 690616 0 0 0 816 1901 0 0 99 0 0
151 0 0 550028 341836 85144 690616 0 0 0 901 2014 1 0 99 0 0
152 0 1 550028 341728 85144 690756 0 0 1972 1149 2406 1 1 80 18 1
153 0 0 550028 341568 85144 690504 0 0 2860 1107 2320 1 1 91 8 0
154 0 0 550028 341632 85144 690512 0 0 64 1080 2436 2 0 97 0 0
155 0 0 550028 341728 85144 690516 0 0 0 1012 2262 1 1 98 0 0
156 0 0 550028 341600 85144 690524 0 0 0 734 1719 0 0 100 0 0
157 0 0 550028 341632 85144 690528 0 0 0 908 2045 1 1 98 0 0
158 0 0 550028 341696 85144 690528 0 0 0 846 1974 1 1 99 0 0
159 0 1 550028 341412 85144 690528 0 0 644 888 2075 1 1 92 7 0
160 0 0 550028 341356 85148 690624 0 0 0 808 1916 1 1 98 0 0
161 1 0 550028 340608 85148 690624 0 0 0 2245 6037 2 1 97 0 0
162 0 0 550028 340452 85148 690632 0 0 0 810 1946 0 1 99 0 0
163 0 0 550028 340548 85152 690644 0 0 60 960 2181 1 1 97 1 0
164 0 0 550028 340452 85152 690648 0 0 0 894 1991 1 1 99 0 0
165 0 0 550028 340516 85152 690648 0 0 0 818 1987 1 1 98 0 0
166 0 0 550028 340580 85152 690652 0 0 0 705 1778 1 1 99 0 0
167 0 0 550028 340452 85152 690652 0 0 0 718 1777 1 1 99 0 0
168 0 1 550028 340484 85152 690660 0 0 660 2294 6055 4 1 77 18 0
169 1 6 550028 340548 85156 690676 0 0 1320 3489 8589 1 0 34 65 0
170 1 0 550028 340580 85156 690676 0 0 152 1082 2475 1 1 81 18 0
171 0 0 550028 340452 85160 690684 0 0 100 952 2171 1 0 98 1 0
172 0 0 550028 340392 85160 690692 0 0 0 889 2182 1 1 98 0 0
173 0 0 550028 340424 85160 690692 0 0 0 936 2170 1 1 99 0 0
174 3 0 550028 340132 85160 690696 0 0 0 1002 2240 0 0 97 1 2
175 0 0 550028 341700 85160 690696 0 0 0 932 2029 0 1 98 0 1
176 0 1 550028 341708 85160 690704 0 0 592 1018 2334 1 1 87 11 1
177 1 0 550028 341524 85160 690732 0 0 1212 5289 11960 1 0 62 37 0
178 0 0 550028 340932 85160 690736 0 0 0 890 1942 1 1 99 0 0
179 3 0 550028 340872 85160 690736 0 0 0 875 1987 1 1 99 0 0
180 0 0 550028 340776 85160 690748 0 0 8 873 1860 1 0 99 0 0
181 0 0 550028 340888 85168 690744 0 0 56 940 2080 0 0 99 1 0
182 0 1 550028 340952 85168 690756 0 0 1700 873 2068 1 1 77 22 0
183 0 0 550028 340856 85172 690776 0 0 40 1183 2551 1 1 85 13 0
184 0 0 550028 340920 85172 690780 0 0 0 816 1821 0 1 99 0 0
185 0 0 550028 340952 85172 690780 0 0 0 822 1945 0 1 99 0 0
186 0 0 550028 340700 85172 690792 0 0 56 995 2214 1 1 95 3 0
187 0 0 550028 340548 85172 690800 0 0 0 975 2220 1 1 98 0 0
188 0 0 550028 340612 85172 690800 0 0 0 1908 4813 2 1 97 0 0
189 0 0 550028 340484 85172 690804 0 0 0 816 1939 0 1 99 0 0
190 0 0 550028 340516 85172 690808 0 0 0 745 1766 1 0 99 0 0
191 0 1 550028 340564 85172 690880 0 0 592 942 2235 0 1 88 11 0
192 0 4 550028 340468 85172 690888 0 0 1212 1076 2475 1 0 55 43 0
193 0 0 550028 340032 85172 690896 0 0 8 1099 2391 6 0 89 5 0
194 0 0 550028 339880 85172 690892 0 0 128 717 1587 0 0 99 0 0
195 0 0 550028 339912 85180 690884 0 0 84 839 1840 1 0 98 1 0
196 0 0 550028 339600 85180 690904 0 0 0 1025 2233 1 1 98 0 0
197 0 0 550028 339664 85180 690912 0 0 0 814 1899 1 0 99 0 0
198 0 0 550028 339168 85188 691124 0 0 336 2102 19377 11 1 84 3 1
199 0 1 550028 338980 85188 691176 0 0 120 836 1974 1 1 92 7 0
200 0 1 550028 339012 85188 691196 0 0 1692 1106 2464 1 0 78 22 0
201 0 0 550028 338980 85192 691196 0 0 84 1018 2213 1 0 92 6 0
202 0 0 550028 339012 85192 691196 0 0 0 899 2108 1 1 99 0 0
203 0 1 550028 339012 85192 691284 0 0 1124 1139 6841 3 1 73 22 1
204 0 2 550028 339044 85192 691284 0 0 1680 850 1978 1 0 72 27 0
205 0 2 550028 338948 85192 691292 0 0 1908 944 2128 1 1 49 49 0
206 0 0 550028 338888 85192 691080 0 0 96 1079 2475 0 0 48 51 1
207 0 0 550028 339016 85192 691048 0 0 0 2146 5892 2 1 97 0 0
208 0 0 550028 338952 85192 691052 0 0 0 835 1871 1 0 99 0 1
209 0 0 550028 338920 85192 691060 0 0 0 872 2076 1 0 99 0 0
210 0 1 550028 338984 85192 691064 0 0 580 879 2166 1 1 92 6 0
211 0 3 550028 339448 85196 691068 0 0 1164 878 1933 1 1 74 25 0
212 0 0 550028 339508 85200 691068 0 0 8 1137 2474 1 1 88 11 0
213 0 0 550028 339572 85200 691072 0 0 0 821 1855 0 0 100 0 0
214 0 0 550028 339604 85204 691072 0 0 72 1031 2373 1 1 97 1 1
215 0 0 550028 339508 85204 691084 0 0 0 2001 4940 2 1 97 0 0
216 0 0 550028 339572 85204 691092 0 0 0 1020 3079 1 0 98 0 0
217 0 0 550028 339636 85204 691092 0 0 0 773 1789 0 1 99 0 0
218 0 0 550028 339508 85204 691096 0 0 0 793 1995 0 0 99 0 0
219 0 0 550028 339540 85204 691096 0 0 0 890 2192 0 1 99 0 0
220 0 1 550028 339508 85208 691160 0 0 1144 904 1969 1 1 74 25 0
221 0 0 550028 339540 85208 691164 0 0 40 1052 2239 2 0 80 18 0
222 0 0 550028 339636 85208 691168 0 0 0 807 1767 1 0 99 0 0
223 0 1 550028 339700 85208 691164 0 0 76 917 2090 1 1 96 3 0
224 0 0 550028 339540 85208 691172 0 0 64 1379 3319 2 0 91 7 0
225 0 0 550028 339636 85208 691176 0 0 0 807 1879 1 0 99 0 0
226 1 0 550028 339416 85208 691184 0 0 0 967 2146 1 1 98 1 1
227 0 0 550028 339168 85208 691188 0 0 0 845 1913 0 0 98 1 1
228 0 0 550028 339232 85208 691188 0 0 44 820 1841 1 0 99 0 0
229 0 1 550028 339296 85212 691192 0 0 644 1075 2343 1 1 86 13 0
230 0 1 550028 339200 85212 691308 0 0 880 930 2023 1 0 75 24 0
231 0 0 550028 339264 85216 691304 0 0 356 1003 2361 1 0 77 22 0
232 0 0 550028 339296 85216 691304 0 0 0 873 2056 1 1 99 0 0
233 0 0 550028 339168 85216 691308 0 0 300 1098 2359 1 1 98 0 0
234 2 0 550028 339200 85216 691320 0 0 0 1318 2957 2 1 97 0 0
235 0 0 550028 339280 85216 691324 0 0 0 1545 3984 1 1 98 0 1
236 0 0 550028 339168 85216 691328 0 0 0 829 1851 0 0 99 0 0
237 0 0 550028 339232 85216 691332 0 0 0 827 1902 1 0 99 0 0
238 0 1 550028 339328 85216 691332 0 0 580 1134 2531 1 1 96 2 0
239 0 0 550028 339280 85220 691340 0 0 1152 1853 3900 1 0 87 12 0
240 0 0 550028 339152 85220 691344 0 0 0 780 1734 0 0 100 0 0
241 0 0 550028 339184 85220 691348 0 0 0 951 2070 1 1 99 0 0
242 0 0 550028 339280 85228 691360 0 0 60 971 2156 1 0 98 0 1
243 0 0 550028 338996 85228 691364 0 0 0 933 2134 1 0 99 0 0
244 0 0 550028 339060 85228 691368 0 0 0 817 1833 1 1 99 0 0
245 0 0 550028 339124 85228 691380 0 0 0 1594 4238 1 1 98 0 0
246 0 0 550028 339188 85228 691380 0 0 8 886 2005 1 0 99 0 0
247 0 0 550028 339044 85232 691376 0 0 52 802 1761 2 1 98 0 0
248 0 0 550028 339140 85236 691388 0 0 1724 1097 2305 1 1 94 4 0
249 0 0 550028 339204 85236 691388 0 0 0 947 2097 1 1 99 0 0
250 0 0 550028 339076 85236 691392 0 0 0 767 1728 1 1 99 0 0
251 0 0 550028 339108 85236 691396 0 0 76 802 1775 1 1 99 0 0
252 0 0 550028 339140 85240 691400 0 0 76 852 1847 1 1 99 0 0
253 0 0 550028 206932 85240 691412 0 0 0 1299 2531 12 5 83 0 0
254 1 0 550028 205912 85248 691704 0 0 364 3305 18730 11 1 87 0 1
255 0 0 550028 205448 85248 691760 0 0 0 1018 2143 0 1 98 1 0
256 1 0 550028 205072 85248 691760 0 0 40 834 1879 1 1 98 0 0
257 0 0 550028 205264 85256 691784 0 0 1752 1361 2828 1 1 92 4 1
258 0 0 550028 205168 85256 691796 0 0 0 885 1922 0 1 98 0 1
259 0 0 550028 205232 85256 691800 0 0 0 827 1899 0 1 99 0 0
260 0 0 550028 204984 85260 691712 0 0 0 782 1855 0 0 99 0 0
261 0 0 550028 204824 85260 691724 0 0 72 969 2166 1 0 99 0 0
262 0 0 550028 204812 85260 691736 0 0 0 837 1960 2 0 98 0 0
263 0 0 550028 204700 85260 691736 0 0 0 853 1899 1 1 98 0 1
264 0 0 550028 204764 85260 691752 0 0 0 908 2062 1 0 99 0 1
265 0 0 550028 204828 85260 691752 0 0 240 894 2066 1 0 98 1 0
266 0 0 550028 204700 85264 691748 0 0 1772 1258 2691 1 1 94 4 0
267 0 0 550028 204860 85264 691752 0 0 0 1219 10936 3 1 96 0 1
268 0 0 550028 204764 85264 691752 0 0 0 935 1958 2 1 97 0 0
269 1 0 550028 204860 85264 691756 0 0 0 832 1887 0 0 99 0 0
270 2 0 550028 204892 85264 691760 0 0 8 776 1826 1 0 99 0 0
271 3 0 550028 204796 85268 691776 0 0 68 1107 2412 1 0 97 0 1
272 0 0 550028 204672 85268 691784 0 0 0 987 2187 2 1 98 0 0
273 0 0 550028 204736 85268 691788 0 0 0 761 1818 1 0 99 0 0
274 1 0 550028 204800 85268 691788 0 0 0 755 1844 1 0 99 0 0
275 0 0 550028 204672 85268 691792 0 0 0 834 1947 0 1 99 0 0
276 0 0 550028 204672 85276 691784 0 0 1760 1821 4720 3 1 92 5 0
277 0 0 550028 204576 85276 691792 0 0 0 990 2145 1 1 98 0 1
278 0 0 550028 204640 85276 691804 0 0 0 813 1846 2 0 98 0 0
279 0 0 550028 204576 85276 691804 0 0 0 889 1919 1 0 99 0 1
280 0 0 550028 204672 85280 691812 0 0 84 880 1892 1 0 98 0 1
281 2 0 550028 204484 85280 691824 0 0 0 1067 3155 2 1 97 0 0
282 0 0 550028 204580 85280 691828 0 0 0 796 1874 0 0 99 0 1
283 0 0 550028 204312 85280 691836 0 0 0 958 2119 0 0 98 1 1
284 0 0 550028 204160 85280 691840 0 0 120 1052 2604 1 0 98 0 1
285 0 1 550028 204208 85284 691836 0 0 660 948 2424 1 0 96 3 0
286 2 0 550028 204208 85284 691840 0 0 1080 1340 10347 3 1 94 2 0
287 0 0 550028 204272 85284 691844 0 0 0 813 1907 0 0 100 0 0
288 0 0 550028 204144 85284 691848 0 0 0 840 1961 0 1 99 0 1
289 0 0 550028 204176 85284 691848 0 0 4 869 2067 1 1 99 0 0
290 1 0 550028 204240 85292 691860 0 0 60 935 2073 1 1 98 0 0
291 0 0 550028 204144 85292 691868 0 0 0 1048 2289 2 0 98 0 1
292 0 0 550028 204240 85292 691872 0 0 0 760 1788 0 0 99 0 0
293 0 0 550028 205756 85292 691872 0 0 0 842 1903 0 1 99 0 0
294 0 0 550028 205412 85292 691872 0 0 4 840 2007 1 0 99 0 0
295 0 0 550028 205460 85300 691868 0 0 44 859 1984 1 0 99 0 0
296 0 0 550028 205116 85300 691884 0 0 1720 1121 2448 1 1 95 4 0
297 0 0 550028 205212 85300 691888 0 0 0 1214 8248 3 1 96 0 1
298 0 0 550028 205116 85300 691896 0 0 0 750 1764 0 1 99 0 0
299 0 0 550028 205180 85300 691896 0 0 192 919 2058 1 1 98 1 0
300 1 0 550028 204932 85308 691912 0 0 0 941 2190 1 1 98 0 0
301 0 0 550028 204868 85308 691916 0 0 0 726 1650 1 1 98 0 0
302 0 0 550028 204932 85308 691920 0 0 0 898 2095 1 1 98 0 1
303 0 0 550028 204836 85308 691924 0 0 0 791 1892 1 0 98 0 1
304 1 0 550028 204916 85308 691924 0 0 1728 1266 2716 2 1 91 6 0
305 0 0 550028 204852 85308 691928 0 0 0 881 2011 1 0 99 0 0
306 0 0 550028 204948 85308 691932 0 0 0 802 1837 1 0 99 0 0
307 0 0 550028 204852 85308 691940 0 0 0 840 1900 1 0 99 0 0
308 0 0 550028 204884 85308 691940 0 0 80 741 1682 1 0 99 0 0
309 0 0 550028 204948 85308 691952 0 0 76 1061 2374 1 1 98 0 0
310 0 0 550028 204480 85308 691960 0 0 0 1382 10293 3 1 97 0 0
311 2 0 550028 204464 85308 691964 0 0 0 2697 7523 9 1 90 0 1
312 0 0 550028 204316 85316 692228 0 0 336 1278 2970 1 1 95 1 1
313 0 0 550028 204064 85316 692228 0 0 16 859 1962 1 1 98 0 0
314 2 0 550028 204160 85316 692236 0 0 1728 1383 2774 1 1 93 4 1
315 3 0 550028 204128 85316 692232 0 0 0 952 2146 1 0 99 0 1
316 0 0 550028 204192 85316 692236 0 0 0 939 2055 0 1 99 0 0
317 0 1 550028 204096 85316 692244 0 0 2056 1357 3119 3 1 88 8 1
318 0 0 550028 204160 85316 692092 0 0 2788 1944 5001 2 1 92 4 1
319 0 0 550028 204064 85320 692104 0 0 72 971 2179 1 1 97 1 0
320 0 0 550028 204224 85320 692116 0 0 0 802 1928 0 1 99 0 0
321 1 0 550028 204128 85320 692116 0 0 0 925 2144 1 1 98 0 0
322 0 0 550028 204160 85320 692120 0 0 0 801 1916 1 1 98 0 1
323 0 0 550028 204096 85328 692112 0 0 1760 1155 2508 3 1 92 4 0
324 0 0 550028 204128 85328 692128 0 0 0 1651 4559 2 1 97 0 1
325 0 0 550028 204224 85328 692128 0 0 0 761 1754 1 0 99 0 0
326 0 0 550028 204096 85328 692132 0 0 0 911 2115 0 0 100 0 0
327 0 0 550028 204128 85328 692136 0 0 0 761 1818 0 1 99 0 0
328 0 0 550028 204160 85332 692144 0 0 60 921 2137 1 0 99 0 0
329 2 0 550028 204176 85332 692152 0 0 0 1295 3009 1 1 97 0 1
330 0 0 550028 204192 85332 692152 0 0 0 964 2198 0 1 98 0 1
331 0 0 550028 204256 85332 692160 0 0 0 848 2053 0 0 99 0 0
332 0 0 550028 204128 85332 692160 0 0 204 772 1763 1 0 99 1 0
333 0 1 550028 204160 85332 692160 0 0 1756 2298 5648 3 1 94 3 0
334 0 0 550028 204004 85336 692172 0 0 40 1013 2236 0 0 98 1 0
335 0 0 550028 204036 85336 692180 0 0 0 854 2101 1 1 98 0 0
336 0 0 550028 204004 85336 692180 0 0 0 1007 2320 1 1 98 0 1
337 0 0 550028 204004 85336 692180 0 0 76 1047 2544 1 1 98 0 0
338 0 0 550028 204036 85340 692192 0 0 76 1034 2320 1 1 98 0 0
339 0 0 550028 203972 85340 692196 0 0 0 1026 2298 1 0 99 0 0
340 3 0 550028 203972 85340 692204 0 0 0 921 2063 1 1 97 1 1
341 1 0 550028 204036 85340 692208 0 0 4 984 2252 1 1 98 0 1
342 0 0 550028 204100 85348 692208 0 0 48 803 1837 1 1 99 0 0
343 1 0 550028 203940 85348 692216 0 0 1720 1477 6474 2 1 93 4 1
344 0 0 550028 204004 85348 692216 0 0 0 975 2138 0 0 99 0 1
345 3 0 550028 203908 85348 692220 0 0 0 868 1909 0 0 99 0 0
346 3 0 550028 203940 85348 692224 0 0 20 775 1806 1 1 99 0 0
347 3 0 550028 204036 85348 692236 0 0 68 1064 2295 1 1 98 0 0
348 3 0 550028 203660 85348 692244 0 0 0 920 2045 1 0 99 0 0
349 3 0 550028 203756 85348 692248 0 0 0 857 1961 1 1 99 0 0
350 5 0 550028 203660 85348 692256 0 0 0 906 2052 1 1 99 0 0
351 0 0 550028 203692 85348 692256 0 0 44 1015 2191 1 0 99 0 0
352 0 0 550028 203740 85352 692256 0 0 1764 1191 2549 1 1 93 5 0
353 3 0 550028 208116 85352 692260 0 0 0 899 2123 1 1 99 0 0
354 0 0 550028 208172 85352 692364 0 0 0 844 1946 1 1 98 0 0
355 0 0 550028 208268 85352 692368 0 0 0 1175 7871 2 1 98 0 0
356 0 0 550028 208172 85352 692368 0 0 0 825 1915 1 1 99 0 0
357 0 0 550028 208172 85356 692380 0 0 60 1022 2278 1 1 98 0 0
358 0 0 550028 208268 85356 692384 0 0 0 1076 2336 2 1 97 0 0
359 0 0 550028 208172 85356 692388 0 0 0 844 1876 1 0 99 0 0
360 0 0 550028 208140 85356 692400 0 0 0 966 2191 1 1 99 0 0
361 0 0 550028 208124 85364 692404 0 0 1756 1071 2436 1 1 94 4 0
362 0 0 550028 208128 85364 692404 0 0 0 849 1937 0 1 99 0 0
363 0 0 550028 208032 85364 692412 0 0 0 834 2034 0 1 99 0 0
364 0 0 550028 208096 85364 692416 0 0 0 879 2179 0 0 100 0 0
365 0 0 550028 208160 85364 692416 0 0 260 822 2018 1 0 99 0 0
366 0 0 550028 208032 85364 692428 0 0 104 931 2035 1 0 98 0 0
367 0 0 550028 208032 85364 692440 0 0 0 2155 5596 2 1 98 0 0
368 2 0 550028 208112 85364 692444 0 0 0 1860 5180 8 1 91 0 0
369 0 0 550028 207876 85372 692700 0 0 332 1096 9045 3 0 96 1 0
370 0 0 550028 207908 85372 692704 0 0 0 1242 2645 5 1 94 0 0
371 0 1 550028 208004 85372 692752 0 0 580 1009 2246 1 0 90 9 0
372 0 1 550028 207844 85372 692760 0 0 0 860 1965 0 0 75 25 0
373 0 1 550028 207908 85372 692764 0 0 0 816 1930 1 1 74 25 0
374 0 1 550028 207940 85372 692772 0 0 0 2685 7092 4 1 71 24 0
375 0 0 550028 207848 85372 692668 0 0 6008 1771 3402 0 1 64 34 0
376 0 0 550028 207784 85372 692632 0 0 0 898 2030 1 1 99 0 0
377 0 0 550028 207768 85372 692640 0 0 0 992 2118 2 1 97 0 0
378 0 0 550028 207628 85372 692644 0 0 0 880 1969 1 0 99 0 0
379 0 0 550028 207692 85372 692648 0 0 0 851 1858 0 0 99 0 1
380 0 0 550028 207628 85376 692656 0 0 1768 1143 2459 1 0 95 4 0
381 0 0 550028 207660 85376 692656 0 0 0 1605 4105 1 2 97 0 0
382 0 0 550028 207724 85376 692656 0 0 0 761 1727 1 0 99 0 0
383 0 0 550028 207628 85376 692664 0 0 0 832 1904 0 1 99 0 0
384 0 0 550028 207660 85384 692656 0 0 256 950 2046 1 0 98 0 0
385 0 0 550028 207204 85384 692672 0 0 0 1004 2207 0 1 99 0 0
386 0 0 550028 207504 85384 692684 0 0 0 1002 2321 1 0 99 0 0
387 0 0 550028 207600 85384 692688 0 0 0 781 1782 0 0 100 0 0
388 0 0 550028 207472 85384 692688 0 0 0 803 1838 0 1 99 0 0
389 0 0 550028 207536 85384 692692 0 0 4 1003 2154 1 1 98 0 1
390 0 1 550028 207440 85388 692696 0 0 624 1086 2407 0 0 88 11 0
391 0 1 550028 207472 85388 692704 0 0 0 1080 2865 2 1 73 25 0
392 0 1 550028 207536 85388 692708 0 0 0 879 2033 0 0 75 25 0
393 0 1 550028 207440 85388 692720 0 0 0 806 1885 1 0 74 25 0
394 0 4 550028 207472 85388 692720 0 0 1196 984 2284 1 0 67 32 0
395 2 0 550028 207632 85388 692720 0 0 264 1423 3115 1 1 88 10 0
396 0 0 550028 207536 85388 692732 0 0 0 1074 2398 1 0 99 0 0
397 0 0 550028 207368 85388 692740 0 0 0 1111 2541 1 1 97 1 0
398 0 0 550028 207540 85388 692740 0 0 0 847 2098 1 1 98 0 1
399 0 0 550028 207380 85392 692744 0 0 96 918 2119 1 1 98 0 0
400 0 0 550028 207380 85392 692748 0 0 0 937 2053 1 1 99 0 0
401 0 0 550028 207412 85392 692748 0 0 0 2041 5032 2 1 97 0 1
402 0 0 550028 207508 85392 692756 0 0 0 940 2110 1 1 98 0 0
403 0 0 550028 207412 85392 692764 0 0 76 967 2070 1 1 98 1 0
404 0 0 550028 207508 85392 692768 0 0 8 1036 2207 1 1 98 0 0
405 0 0 550028 207412 85392 692780 0 0 0 867 2088 1 1 98 0 0
406 0 0 550028 207348 85392 692784 0 0 0 864 1902 1 0 99 0 0
407 0 0 550028 207412 85392 692784 0 0 0 963 2112 1 0 98 0 0
408 0 0 550028 207444 85396 692780 0 0 44 923 2164 1 0 99 0 0
409 1 0 550028 207300 85400 692788 0 0 1724 1266 2500 1 0 95 4 0
410 0 0 550028 207396 85400 692792 0 0 0 974 2160 1 0 99 0 0
411 0 0 550028 207300 85400 692796 0 0 0 913 1990 0 1 99 0 1
412 0 0 550028 207300 85400 692804 0 0 0 802 1874 1 0 99 0 0
413 0 0 550028 207332 85404 692816 0 0 56 1736 4648 1 1 97 0 0
414 0 0 550028 207428 85404 692820 0 0 52 972 2140 1 1 98 0 0
415 0 0 550028 207300 85404 692828 0 0 0 937 1999 2 1 98 0 0
416 0 0 550028 207396 85404 692832 0 0 0 835 1832 1 0 99 0 0
417 0 0 550028 207236 85404 692832 0 0 0 750 1709 1 1 99 0 0
418 0 0 550028 207316 85408 692828 0 0 52 807 1818 1 0 99 0 0
419 0 0 550028 207412 85412 692840 0 0 1720 1275 2685 1 1 94 4 0
420 0 0 550028 207428 85412 692848 0 0 0 896 1919 1 1 98 0 0
421 0 0 550028 207460 85412 692848 0 0 0 828 1932 0 1 99 0 1
422 0 0 550028 207332 85416 692860 0 0 60 938 2112 1 1 98 0 0
423 1 0 550028 207396 85416 692860 0 0 52 982 2118 4 1 96 0 0
424 0 0 550028 207332 85416 692864 0 0 0 974 2130 1 1 98 0 0
425 0 0 550028 201228 85420 693132 0 0 328 3739 11870 9 1 87 1 1
426 0 0 550028 201292 85420 693136 0 0 0 870 1943 2 1 98 0 1
427 0 0 550028 201196 85428 693136 0 0 1728 1425 2866 0 1 94 4 1
428 0 0 550028 201260 85428 693144 0 0 148 839 1861 0 0 99 0 1
429 0 0 550012 200392 85428 693144 20 0 0 1180 2711 1 2 96 1 1
430 0 0 550012 200528 85428 693152 0 0 0 896 1969 1 1 99 0 0
431 0 1 550012 199652 85428 694184 0 0 2808 1095 2153 2 1 89 8 0
432 0 0 550012 199684 85432 693940 0 0 3048 1150 2303 1 0 95 3 1
433 1 0 550012 199556 85432 693944 0 0 68 887 2024 1 0 99 0 0
434 0 0 550012 199652 85432 693952 0 0 0 793 1756 1 0 99 0 0
435 0 0 550012 199716 85432 693952 0 0 0 932 2122 1 1 98 0 0
436 0 0 550012 199620 85432 693952 0 0 0 808 1908 1 1 99 0 0
437 0 3 550012 199596 85436 693968 0 0 1760 2083 14847 5 1 91 3 0
438 0 0 550012 199540 85440 693972 0 0 8 1117 2463 0 0 95 4 0
439 0 0 550012 199604 85440 693980 0 0 0 923 2107 0 0 99 0 1
440 0 0 550012 199508 85440 693992 0 0 0 754 1733 1 0 99 0 1
441 0 0 550012 199604 85440 694000 0 0 56 1011 2247 1 1 98 0 0
442 0 0 550012 199476 85440 694008 0 0 8 1151 2499 1 1 99 0 0
443 0 0 550012 199572 85440 694016 0 0 0 725 1590 1 0 99 0 0
444 0 0 550012 199476 85440 694020 0 0 0 930 2030 1 1 98 0 0
445 1 0 550012 199508 85440 694024 0 0 0 843 1896 1 1 99 0 0
446 0 0 550012 199604 85444 694020 0 0 56 1003 9690 2 1 97 0 1
447 0 0 550012 199572 85448 694076 0 0 1848 1365 2885 1 1 93 5 1
448 0 0 550012 199668 85448 694080 0 0 0 821 1809 1 0 99 0 1
449 0 0 550012 199540 85448 694084 0 0 0 860 1876 1 0 99 0 0
450 0 0 550012 199636 85448 694088 0 0 0 771 1743 1 1 99 0 0
451 0 0 550012 199668 85452 694100 0 0 56 984 2203 1 1 98 0 0
452 0 0 550012 199572 85452 694108 0 0 36 890 1991 1 0 99 0 0
453 0 0 550012 199668 85452 694112 0 0 0 821 1834 1 0 98 0 1
454 0 0 550012 199324 85452 694116 0 0 0 962 2076 1 1 97 1 0
455 0 0 550012 199388 85452 694116 0 0 0 783 1790 1 0 99 0 0
456 0 0 550012 199420 85460 694124 0 0 44 1570 4779 2 1 97 0 0
457 0 0 550012 199260 85464 694176 0 0 1816 1174 2657 1 1 94 4 0
458 0 0 550012 199324 85464 694180 0 0 0 800 1788 1 0 98 0 0
459 0 0 550012 199388 85464 694184 0 0 0 890 1960 1 0 99 0 0
460 0 0 550012 199324 85468 694196 0 0 56 903 2062 0 0 99 0 0
461 0 0 550012 199260 85468 694204 0 0 216 992 2089 1 1 97 0 1
462 0 0 550012 199324 85468 694212 0 0 0 938 2138 0 1 99 0 0
463 0 0 550012 199388 85468 694212 0 0 0 922 2084 1 1 98 0 1
464 0 0 550004 199420 85468 694216 4 0 0 880 1952 1 0 99 0 0
465 0 0 550004 199308 85468 694216 0 0 76 956 2121 0 0 98 0 1
466 0 0 550004 199372 85468 694220 0 0 2028 2478 5861 3 2 90 5 1
467 0 0 550004 199276 85468 694240 0 0 0 766 1782 1 1 98 0 1
468 2 0 550004 199340 85468 694244 0 0 0 859 2044 0 1 99 0 0
469 0 0 550004 199404 85468 694256 0 0 0 827 1992 1 0 99 0 0
470 0 0 550004 199276 85468 694264 0 0 64 939 2166 1 0 98 0 0
471 0 0 550004 199372 85468 694272 0 0 0 934 2187 1 1 98 0 0
472 1 0 550004 199436 85468 694276 0 0 0 862 2015 1 0 99 0 0
473 0 0 550004 199308 85468 694276 0 0 0 764 1772 0 1 99 0 0
474 0 0 550004 199340 85468 694276 0 0 0 705 1691 0 0 99 0 0
475 0 0 550004 199372 85468 694280 0 0 1752 1304 7509 3 1 90 6 0
476 0 0 550004 199212 85468 694284 0 0 0 847 1985 0 1 99 0 0
477 0 0 550004 199356 85468 694292 0 0 0 732 1738 1 0 99 0 0
478 0 0 550004 199388 85468 694296 0 0 0 1693 4494 2 1 97 0 0
479 0 0 550004 199260 85468 694296 0 0 0 876 2079 1 1 99 0 0
480 1 0 550004 199760 85472 694404 0 0 0 843 1902 1 0 99 0 0
481 0 0 550004 199648 85472 694416 0 0 0 831 1889 2 0 97 0 0
482 0 0 550004 199416 85488 694684 0 0 356 1483 9479 8 1 90 0 0
483 0 0 550004 199340 85488 694684 0 0 0 1015 2245 1 0 98 1 0
484 1 1 550004 199296 85488 694688 0 0 1676 1524 3809 3 1 93 4 0
485 0 0 550004 199232 85492 694688 0 0 48 1115 2360 1 1 98 1 0
486 0 0 550004 199264 85492 694692 0 0 0 870 2035 0 1 99 0 0
487 0 0 550004 199360 85492 694696 0 0 0 1013 2319 1 0 99 0 0
488 0 0 550004 199292 85492 694624 0 0 4880 1026 2268 2 1 87 10 0
489 0 0 550004 199184 85496 694664 0 0 68 1324 3002 4 1 95 0 0
490 0 0 550004 199452 85496 694672 0 0 0 938 2087 1 1 98 0 0
491 0 0 550004 199292 85496 694680 0 0 0 1004 2218 3 1 97 0 0
492 0 0 550004 199356 85496 694684 0 0 0 792 1836 0 0 99 0 0
493 0 0 550004 199512 85496 694684 0 0 0 848 1997 0 0 99 0 0
494 0 0 550004 199384 85500 694680 0 0 84 790 1878 0 0 97 2 0
495 0 2 550004 199336 85500 694704 0 0 600 1050 2397 1 0 52 47 0
496 0 2 550004 199400 85500 694708 0 0 0 839 1904 1 1 49 49 0
497 0 2 550004 199432 85500 694708 0 0 0 2526 6239 2 1 48 49 1
498 0 0 550004 199432 85500 694704 0 0 1552 1229 2466 1 1 67 31 1
499 0 0 550004 199432 85500 694712 0 0 72 982 2186 1 1 98 0 1
500 0 0 550004 199400 85500 694720 0 0 0 965 2145 1 1 99 0 0
501 0 0 550004 199432 85500 694732 0 0 0 724 1658 0 0 100 0 0
502 0 0 550004 199496 85500 694732 0 0 0 857 2029 1 0 98 0 0
503 0 1 550004 199464 85504 694744 0 0 1724 990 2176 1 1 91 8 0
504 0 0 550004 199464 85504 694744 0 0 48 1081 2294 1 0 96 2 1
505 0 0 550004 199400 85504 694744 0 0 0 919 2003 2 1 98 0 0
506 0 0 550004 199496 85504 694748 0 0 0 1603 4227 2 0 98 0 0
507 0 0 550004 199528 85504 694752 0 0 0 822 1901 0 0 99 0 1
508 0 0 550004 199560 85512 694768 0 0 60 875 1999 1 1 96 3 0
509 0 0 550004 199400 85512 694772 0 0 0 806 1849 1 0 99 0 0
510 0 0 550004 199416 85512 694776 0 0 0 957 2242 1 0 99 0 0
511 0 1 550004 199216 85512 694780 0 0 0 786 1772 1 0 98 0 0
512 0 0 550004 199188 85512 694780 0 0 132 881 2006 1 0 98 1 0
513 0 0 550004 198936 85516 694776 0 0 52 725 1666 0 0 98 1 0
514 1 0 550004 198968 85520 694800 0 0 1728 1476 2969 2 1 84 13 1
515 0 0 550004 198872 85520 694804 0 0 0 892 1989 1 1 98 0 1
516 0 0 550004 198936 85520 694808 0 0 0 876 1946 1 0 99 0 0
517 0 0 550004 199000 85520 694808 0 0 4 1586 4121 2 1 97 0 0
518 0 0 550004 198872 85520 694820 0 0 60 969 2219 1 0 96 2 0
519 0 0 550004 198968 85520 694820 0 0 0 862 1986 1 0 98 0 0
520 0 0 550004 198904 85520 694836 0 0 0 811 1916 1 1 99 0 0
521 0 0 550000 198968 85520 694840 0 0 0 856 1896 2 1 97 0 0
522 0 1 550000 199000 85520 694856 0 0 580 2711 7478 2 1 88 8 1
523 0 0 550000 198952 85520 694852 0 0 1184 1465 3157 1 0 90 8 0
524 0 0 550000 198952 85520 694864 0 0 0 871 2019 1 0 98 0 0
525 0 0 550000 198920 85520 694864 0 0 0 784 1863 1 0 99 0 0
526 0 0 550000 198984 85520 694864 0 0 184 856 1935 0 0 98 1 0
527 1 0 550000 199048 85520 694884 0 0 88 1087 2354 1 1 98 0 1
528 0 0 550000 198952 85520 694892 0 0 0 1467 3757 2 1 97 0 1
529 0 0 550000 198796 85520 694896 0 0 0 906 1993 1 1 98 0 1
530 0 0 550000 198828 85520 694900 0 0 0 887 2003 0 1 99 0 0
531 0 0 550000 198860 85520 694904 0 0 160 809 1818 1 1 99 0 0
532 0 0 550000 198812 85528 694908 0 0 88 846 1898 1 1 98 0 0
533 0 0 550000 198908 85528 694976 0 0 1792 1065 2477 1 1 92 6 1
534 0 0 550000 198812 85528 694984 0 0 0 776 1807 1 1 99 0 0
535 0 0 550000 198876 85528 694988 0 0 0 852 1945 0 0 99 0 0
536 2 0 550000 198940 85528 694988 0 0 0 798 1800 1 0 99 0 0
537 0 0 550000 198812 85528 694996 0 0 60 1082 2354 1 1 98 0 0
538 0 0 550000 198940 85528 695008 0 0 0 952 2166 1 1 98 0 0
539 1 0 550000 198844 85528 695012 0 0 0 817 1928 1 1 99 0 0
540 0 0 550000 198600 85536 695284 0 0 0 843 1908 1 1 99 0 0
541 0 0 550000 198472 85540 695296 0 0 1732 1342 2685 1 1 80 18 1
542 0 0 550000 198536 85540 695296 0 0 0 952 2138 1 1 98 0 0
543 0 0 550000 198600 85540 695300 0 0 0 777 1775 1 1 99 0 0
544 0 0 550000 198504 85540 695304 0 0 0 894 2043 1 0 99 0 0
545 0 0 550000 198472 85548 695144 0 0 4768 1380 2544 2 1 85 12 0
546 0 0 550000 198632 85556 695124 0 0 72 1125 2416 1 1 98 0 0
547 0 0 550000 198536 85556 695132 0 0 0 1042 2273 1 1 98 0 0
548 0 0 550000 198632 85556 695136 0 0 0 813 1845 0 0 99 0 0
549 0 0 550000 198664 85556 695140 0 0 0 840 1911 0 0 99 0 1
550 0 0 550000 198536 85556 695140 0 0 0 1770 4671 2 1 96 0 1
551 0 1 550000 198600 85560 695140 0 0 636 1051 2406 1 1 90 8 0
552 0 1 550000 198536 85560 695160 0 0 0 815 1880 1 1 74 24 0
553 0 0 550000 198568 85564 695164 0 0 1132 1074 2252 1 0 88 11 1
554 0 0 550000 198540 85564 695164 0 0 0 877 2026 1 0 99 0 1
555 0 0 550000 198444 85564 695168 0 0 72 804 1853 0 1 99 0 0
556 0 0 550000 198444 85568 695180 0 0 76 842 1943 1 1 98 0 0
557 0 0 550000 198508 85568 695184 0 0 0 1085 2549 1 1 98 0 0
558 0 0 550000 198412 85568 695192 0 0 0 706 1686 1 0 98 0 0
559 0 0 550000 198476 85568 695196 0 0 0 1924 5237 3 0 97 0 0
560 0 0 550000 198476 85576 695192 0 0 1760 1222 2602 1 1 94 4 0
561 0 0 550000 198572 85576 695200 0 0 0 900 2035 1 0 99 0 0
562 0 0 550000 198476 85576 695204 0 0 0 814 1843 0 0 99 0 1
563 0 0 550000 198540 85576 695212 0 0 0 849 2133 0 1 99 0 1
564 0 0 550000 198604 85576 695212 0 0 160 841 2207 0 1 99 0 0
565 0 0 550000 198476 85580 695224 0 0 96 875 2090 1 0 99 0 0
566 0 0 550000 198572 85580 695228 0 0 0 923 2118 1 0 99 0 1
567 0 0 550000 198636 85580 695236 0 0 0 841 2032 0 1 99 0 0
568 0 0 550000 198680 85580 695240 0 0 0 876 1980 0 1 98 1 1
569 0 0 550000 198664 85580 695240 0 0 200 852 1877 0 0 98 1 1
570 0 0 550000 198632 85580 695244 0 0 1804 2425 14044 4 1 91 4 1
571 0 0 550000 198632 85580 695244 0 0 0 918 1950 1 0 98 0 1
572 0 0 550000 198568 85580 695260 0 0 0 816 1809 1 0 99 0 0
573 0 0 550000 198600 85580 695264 0 0 0 776 1795 1 0 99 0 1
574 0 0 550000 198664 85580 695264 0 0 0 877 2020 0 1 99 0 1
575 0 0 550000 198696 85584 695272 0 0 64 858 2030 1 0 98 0 0
576 0 0 550000 198632 85584 695280 0 0 0 905 2102 1 1 99 0 0
577 0 0 550000 198696 85584 695284 0 0 0 911 2111 1 0 99 0 0
578 0 0 550000 198568 85584 695288 0 0 0 821 1847 1 1 99 0 0
579 0 0 550000 198508 85584 695292 0 0 196 908 1960 2 0 97 1 0
580 0 0 550000 198552 85584 695300 0 0 1136 1450 11386 3 1 94 2 0
581 0 0 550000 198584 85584 695300 0 0 0 840 2010 0 1 99 0 0
582 0 0 550000 198616 85584 695304 0 0 0 983 2224 1 0 99 0 1
583 0 0 550000 198648 85584 695308 0 0 0 799 1947 0 0 99 0 0
584 0 0 550000 198680 85592 695320 0 0 64 998 2240 1 0 98 0 0
585 0 0 550000 198584 85592 695324 0 0 0 986 2236 1 1 98 0 0
586 0 0 550000 198648 85592 695332 0 0 0 866 2140 1 0 99 0 0
587 0 0 550000 198584 85592 695332 0 0 0 846 2137 1 1 99 0 0
588 0 0 550000 198584 85592 695336 0 0 0 852 2067 1 1 99 0 0
589 0 0 550000 198536 85596 695336 0 0 1752 1068 2444 1 1 90 9 0
590 0 0 550000 198568 85596 695336 0 0 0 909 2029 1 1 99 0 0
591 0 0 550000 198632 85596 695344 0 0 0 826 1915 1 1 99 0 0
592 0 0 550000 198568 85596 695348 0 0 0 1401 4492 2 1 97 0 0
593 0 0 550000 198568 85596 695348 0 0 0 776 1801 0 0 99 0 0
594 0 0 550000 198664 85600 695360 0 0 44 951 2076 1 0 99 0 0
595 0 0 550000 198600 85600 695360 0 0 0 876 1969 1 1 99 0 0
596 0 0 550000 198632 85600 695364 0 0 0 807 1774 1 0 99 0 0
597 1 0 550000 198572 85608 695624 0 0 320 2400 6796 8 1 89 1 0
598 0 0 550000 198444 85608 695628 0 0 0 705 1634 0 0 99 0 0
599 0 0 550000 198476 85608 695628 0 0 1680 2687 6893 1 1 94 4 0
600 0 0 550000 198288 85608 695732 0 0 0 832 1921 0 1 99 0 0
601 0 1 550000 198320 85608 695732 0 0 1708 1094 2223 2 1 92 5 0
602 0 0 550000 198348 85612 695556 0 0 3048 1496 2801 3 1 87 10 0
603 0 0 550000 198380 85612 695596 0 0 108 1115 2376 1 0 98 1 0
604 1 0 550000 198444 85612 695608 0 0 0 1007 2105 3 1 97 0 0
605 1 0 550000 198368 85612 695616 0 0 0 802 1794 1 0 99 0 0
606 0 0 550000 198132 85612 695620 0 0 0 1782 4453 2 1 97 0 0
607 0 0 550000 198196 85612 695620 0 0 116 839 1957 1 0 99 0 0
608 0 6 550000 198228 85616 695620 0 0 484 1104 10489 2 1 73 24 0
609 2 0 550000 198228 85624 695628 0 0 1648 3943 8586 1 1 38 61 0
610 0 0 550000 198164 85624 695640 0 0 0 967 2022 1 1 98 0 0
611 0 0 550000 198384 85624 695644 0 0 0 2131 5060 3 1 97 0 0
612 0 0 550000 198288 85624 695648 0 0 0 802 1748 1 0 99 0 1
613 0 0 550000 198320 85624 695648 0 0 0 952 2133 1 1 98 0 1
614 0 2 550000 198384 85628 695648 0 0 44 812 1786 1 1 98 0 0
615 1 0 550000 198288 85632 695648 0 0 1736 1313 2574 1 1 94 4 0
616 0 0 550000 198288 85632 695668 0 0 0 876 1948 0 1 99 0 0
617 0 0 550000 198384 85632 695680 0 0 0 806 1864 1 0 99 0 0
618 0 0 550000 198256 85632 695680 0 0 0 835 1965 1 1 99 0 0
619 0 1 550000 198320 85636 695680 0 0 60 784 1833 1 0 95 4 0
620 0 0 550000 199156 85636 695704 0 0 0 921 2967 1 1 98 0 0
621 0 0 550000 199188 85636 695708 0 0 0 927 2087 0 1 99 0 0
622 0 0 550000 199128 85636 695716 0 0 0 817 1935 1 0 98 1 0
623 0 3 550000 199000 85636 695720 0 0 292 877 2001 1 0 89 9 0
624 0 0 550000 199096 85644 695808 0 0 1896 1901 3591 1 0 67 31 0
625 0 0 550000 199160 85644 695812 0 0 0 832 1897 1 0 99 0 0
626 0 0 550000 199000 85644 695812 0 0 0 884 1938 1 1 98 0 0
627 0 0 550000 199000 85644 695816 0 0 0 958 2120 0 0 100 0 0
628 0 0 550000 199128 85652 695816 0 0 128 1033 2370 1 1 97 1 0
629 0 0 550000 199000 85652 695836 0 0 0 909 2004 1 0 98 0 1
630 0 0 550000 198972 85652 695840 0 0 0 918 2139 1 1 99 0 0
631 0 0 550000 198844 85652 695840 0 0 0 1650 4159 2 1 97 0 0
632 0 0 550000 198940 85652 695840 0 0 0 836 1931 1 0 99 0 0
633 2 0 550000 198924 85660 695844 0 0 84 900 1999 1 0 94 5 0
634 0 1 550000 198828 85660 695848 0 0 584 1042 2336 1 0 89 10 0
635 0 1 550000 198892 85660 695864 0 0 0 775 1933 1 1 75 25 0
636 1 1 550000 198956 85660 695872 0 0 0 936 2212 0 0 75 25 0
637 0 1 550000 198828 85660 695872 0 0 0 839 2078 1 0 74 25 0
638 0 2 550000 198736 85660 695880 0 0 8 823 1824 1 1 64 35 0
639 0 0 550000 198704 85660 695880 0 0 1172 1660 3310 1 0 67 32 0
640 0 0 550000 198896 85660 695888 0 0 0 871 1874 0 0 99 0 0
641 0 0 550000 198736 85660 695888 0 0 0 897 1992 1 1 99 0 0
642 0 0 550000 198752 85660 695896 0 0 1680 1787 4560 2 0 93 4 0
643 0 0 550000 198816 85664 695892 0 0 304 795 1778 1 0 98 0 0
644 0 0 550000 198720 85664 695900 0 0 0 835 1976 1 0 99 0 0
645 0 0 550000 198816 85664 695900 0 0 0 988 2255 0 1 99 0 0
646 0 0 550000 198688 85664 695900 0 0 0 820 1870 0 1 98 0 1
647 0 0 550000 198720 85664 695908 0 0 104 818 1813 1 1 99 0 0
648 0 0 550000 198816 85664 695908 0 0 0 935 2022 1 1 98 0 0
649 0 1 550000 198688 85664 695924 0 0 0 1008 2176 1 1 97 1 1
650 0 0 550000 198380 85668 696144 0 0 332 2814 13475 12 1 85 1 1
651 0 0 550000 198348 85668 696196 0 0 0 1063 2288 1 0 99 0 0
652 0 1 550000 198444 85668 696196 0 0 584 1189 2592 1 0 89 10 0
653 0 1 550000 198348 85668 696200 0 0 0 883 1993 1 0 74 25 0
654 0 1 550000 198412 85668 696204 0 0 0 814 1796 1 1 74 25 0
655 0 1 550000 198476 85668 696212 0 0 0 772 1754 1 1 74 25 0
656 0 2 550000 198256 85672 696344 0 0 2352 2770 5841 2 1 37 60 0
657 0 0 550000 198320 85676 696120 0 0 3576 1159 2245 0 1 85 14 1
658 0 0 550000 198256 85676 696092 0 0 0 924 2109 1 1 99 0 0
659 1 0 550000 198320 85676 696092 0 0 0 775 1766 1 0 99 0 0
660 0 1 550000 197512 85676 696840 0 0 1680 1540 3321 1 1 79 20 0
661 0 2 549996 197356 85676 697008 8 0 104 1132 2373 1 1 55 44 0
662 0 3 549984 196088 85684 698532 8 0 0 1814 3679 0 1 49 49 1
663 2 2 549984 194844 85712 699636 0 0 0 3575 8094 2 1 33 64 0
664 1 1 549976 194132 85712 700260 12 0 0 1344 2938 1 0 74 25 0
665 0 1 549972 193824 85720 700628 0 0 96 1172 2454 0 1 70 29 0
666 0 1 549972 193324 85720 700820 0 0 8 1127 2392 1 1 87 11 1
667 0 1 549968 193048 85720 701348 0 0 0 1309 2715 1 0 80 17 1
668 0 0 549968 192956 85720 701372 0 0 0 1117 2961 1 1 92 6 0
669 0 1 549968 192828 85720 701596 0 0 0 1158 2489 1 1 92 7 0
670 0 1 549964 191620 85728 702624 4 0 1736 1341 2665 1 0 70 29 0
671 0 1 549964 190724 85728 703528 4 0 232 898 1981 1 1 73 26 0
672 0 0 549952 190664 85728 703788 8 0 0 784 1783 1 1 98 1 0
673 0 0 549952 190132 85728 704308 0 0 0 1001 2146 1 1 88 11 0
674 0 1 549952 189328 85732 704980 0 0 68 2010 5355 2 1 91 6 0
675 0 0 549952 189268 85732 705092 0 0 4 812 1846 1 1 99 0 0
676 0 0 549952 189172 85732 705092 0 0 172 781 1812 1 0 99 0 0
677 0 1 549952 189016 85732 705096 0 0 0 962 2132 1 1 98 0 0
678 0 0 549952 188896 85732 705104 0 0 0 955 2146 0 0 98 1 0
679 0 0 549952 188768 85732 705104 0 0 0 916 2095 1 0 98 0 0
680 0 0 549952 188800 85740 705108 0 0 4 855 1836 1 1 99 0 0
681 0 0 549952 188864 85740 705112 0 0 0 1019 2233 1 1 99 0 0
682 0 0 549952 188928 85740 705116 0 0 0 786 1839 1 0 99 0 1
683 0 2 549952 188800 85748 705112 0 0 60 1967 5196 2 1 97 0 0
684 0 0 549952 188864 85752 705132 0 0 24 823 1944 1 0 99 0 0
685 0 0 549952 188896 85752 705136 0 0 0 807 1890 1 0 99 0 0
686 0 0 549952 188708 85752 705140 0 0 0 992 2194 1 0 99 0 0
687 0 0 549952 188804 85752 705152 0 0 0 741 1679 1 1 99 0 0
688 0 0 549952 188692 85752 705152 0 0 0 827 1894 1 1 99 0 0
689 4 0 549952 188692 85756 705152 0 0 44 907 2090 1 1 98 0 0
690 0 0 549952 188756 85764 705156 0 0 1732 1190 2484 1 0 92 7 0
691 0 0 549952 188660 85764 705160 0 0 0 833 1856 1 0 99 0 0
692 0 0 549952 188692 85764 705168 0 0 0 944 2128 0 0 99 0 0
693 0 0 549952 188788 85768 705164 0 0 56 785 1832 1 0 98 0 0
694 0 0 549952 188692 85768 705180 0 0 0 1571 4531 2 0 98 0 0
695 0 0 549952 188756 85768 705184 0 0 16 717 1682 1 0 99 0 0
696 0 0 549952 188660 85768 705188 0 0 0 847 1935 1 0 99 0 0
697 0 0 549952 188692 85768 705188 0 0 0 829 1968 0 0 99 0 0
698 0 0 549952 188756 85768 705200 0 0 0 704 1707 1 0 99 0 0
699 0 1 549952 188772 85772 705208 0 0 1736 1035 2332 1 1 79 19 0
700 0 0 549952 188804 85772 705208 0 0 0 952 2291 1 0 99 0 0
701 0 0 549952 188708 85772 705208 0 0 0 842 2024 1 1 99 0 0
702 0 0 549952 188740 85772 705220 0 0 72 974 2404 1 1 98 0 0
703 0 0 549952 188804 85772 705228 0 0 0 798 1863 0 1 99 0 0
704 0 0 549952 188708 85772 705232 0 0 212 949 2121 1 0 98 1 1
705 0 0 549952 188740 85772 705236 0 0 0 965 2036 1 1 98 0 1
706 0 0 549952 187824 85780 705456 0 0 340 4558 12847 13 1 84 1 1
707 1 0 549952 187808 85780 705508 0 0 0 790 1850 1 0 98 0 0
708 0 0 549952 187872 85788 705500 0 0 1728 1076 2532 1 1 94 5 0
709 0 0 549952 187840 85788 705512 0 0 76 848 1934 1 0 99 0 0
710 0 0 549952 187904 85788 705520 0 0 0 846 1950 0 0 99 0 0
711 0 0 549952 187952 85788 705520 0 0 0 788 1778 1 0 99 0 0
712 0 2 549952 187872 85788 705528 0 0 568 1479 3396 3 1 83 13 0
713 1 2 549952 187904 85788 705644 0 0 0 2331 5985 2 1 48 49 0
714 0 2 549952 187968 85788 705648 0 0 0 720 1721 0 0 50 50 0
715 1 0 549952 188060 85788 705408 0 0 4264 3800 7946 1 0 68 30 0
716 2 0 549952 188092 85792 705404 0 0 1780 1351 2970 1 1 93 4 1
717 2 0 549952 188156 85792 705408 0 0 0 887 2018 1 0 99 0 0
718 0 0 549952 188060 85792 705420 0 0 0 1728 4347 2 0 97 0 1
719 0 0 549952 188092 85792 705424 0 0 0 744 1832 0 0 99 0 0
720 0 0 549952 188220 85792 705436 0 0 8 798 1891 0 1 99 0 0
721 0 0 549952 188060 85792 705444 0 0 0 835 1888 1 0 99 0 0
722 0 0 549952 188124 85792 705444 0 0 0 797 1887 1 1 99 0 0
723 0 0 549952 188220 85792 705444 0 0 0 838 2020 1 1 98 0 0
724 0 0 549952 187936 85792 705444 0 0 148 1231 2707 2 1 96 0 0
725 0 0 549952 188000 85796 705448 0 0 1784 1110 2443 1 0 94 4 1
726 0 0 549952 187904 85796 705452 0 0 0 829 1884 1 1 99 0 0
727 0 0 549952 187936 85796 705456 0 0 0 1678 4443 2 1 98 0 0
728 0 0 549952 188032 85796 705460 0 0 0 810 1829 1 0 99 0 0
729 0 0 549952 187872 85800 705468 0 0 72 879 2056 1 0 98 0 0
730 0 0 549952 187936 85800 705568 0 0 80 904 2053 1 1 98 0 0
731 0 0 549952 188032 85800 705576 0 0 0 825 1891 0 0 99 0 0
732 0 0 549952 187888 85800 705584 0 0 0 901 2008 0 0 99 0 1
733 0 0 549952 187812 85800 705584 0 0 0 1086 2320 0 1 97 1 2
734 0 0 549952 187844 85804 705576 0 0 1784 1293 2668 4 1 91 4 1
735 0 0 549952 187748 85804 705580 0 0 160 961 2067 0 0 100 0 0
736 0 0 549952 187812 85804 705616 0 0 0 1160 2299 2 1 97 0 0
737 0 0 549952 187876 85804 705616 0 0 0 810 1794 1 0 99 0 0
738 0 0 549952 187748 85804 705628 0 0 0 1661 4525 2 1 97 0 0
739 0 0 549952 187780 85808 705636 0 0 80 936 2176 1 1 90 9 0
740 0 0 549952 187748 85808 705648 0 0 0 812 1878 1 0 99 0 0
741 0 0 549952 187748 85808 705648 0 0 0 877 1994 1 0 99 0 0
742 0 0 549952 187812 85808 705648 0 0 0 958 2140 0 0 99 0 0
743 0 0 549952 187796 85812 705648 0 0 1772 1218 2752 5 1 88 6 1
744 0 0 549952 187732 85812 705656 0 0 0 718 1753 0 1 99 0 1
745 0 0 549952 187796 85812 705664 0 0 0 923 2124 1 1 99 0 0
746 2 0 549952 187860 85812 705668 0 0 0 799 1873 1 0 99 0 1
747 0 0 549952 187732 85812 705680 0 0 0 960 2111 1 0 99 0 0
748 0 0 549952 187796 85812 705688 0 0 60 997 2186 1 0 98 0 1
749 0 0 549952 187860 85812 705688 0 0 8 1896 5007 3 1 96 0 0
750 0 0 549952 187764 85812 705692 0 0 0 839 1876 1 0 99 0 0
751 0 0 549952 187828 85812 705704 0 0 0 882 1983 1 1 99 0 0
752 0 0 549952 187700 85812 705704 0 0 0 809 1975 1 1 98 0 0
753 0 2 549952 187812 85812 705704 0 0 628 1278 14002 3 2 92 4 0
754 0 2 549952 187812 85812 705716 0 0 8 927 2135 1 1 64 35 0
755 0 2 549952 187652 85812 705716 0 0 0 769 1842 1 0 50 49 0
756 0 0 549952 187780 85816 705708 0 0 1212 1131 2356 0 0 69 30 0
757 0 0 549952 187876 85816 705712 0 0 0 990 2171 1 0 98 0 1
758 0 0 549952 187748 85816 705728 0 0 64 855 1970 1 0 95 4 0
759 0 0 549952 187936 85816 705732 0 0 0 863 2036 1 1 98 0 0
760 0 1 549952 187748 85820 705956 0 0 532 2063 5781 9 1 88 1 1
761 0 0 549952 187968 85820 706004 0 0 0 1006 2243 0 0 98 1 1
762 0 0 549952 187872 85828 706004 0 0 1752 1526 3233 2 1 92 4 1
763 0 0 549952 188000 85828 706016 0 0 0 897 2056 1 1 98 0 0
764 0 0 549952 187872 85828 706024 0 0 0 843 1920 1 1 98 0 1
765 0 0 549952 187936 85828 706024 0 0 4 814 1785 0 0 99 0 1
766 0 1 549952 187876 85828 706104 0 0 536 1007 2219 1 1 77 21 0
767 0 2 549952 187716 85828 706116 0 0 8 963 2134 1 0 58 42 0
768 0 0 549952 188092 85836 705868 0 0 4468 6200 14600 1 0 76 22 0
769 0 0 549952 187836 85844 705872 0 0 1764 1247 2557 1 1 95 4 0
770 0 0 549952 187836 85844 705872 0 0 0 915 2120 1 1 99 0 0
771 0 0 549952 187900 85844 705876 0 0 0 878 2008 1 0 99 0 0
772 0 0 549952 187804 85844 705884 0 0 0 821 1949 1 1 98 0 0
773 0 0 549952 187932 85852 705880 0 0 88 829 2023 1 0 98 0 0
774 0 0 549952 187820 85852 705892 0 0 0 831 1904 1 1 99 0 0
775 2 0 549952 187852 85852 705900 0 0 0 1551 4196 1 0 99 0 0
776 0 0 549952 187884 85852 705904 0 0 0 844 1875 1 1 98 0 0
777 0 0 549952 187820 85852 705908 0 0 0 824 1914 1 0 99 0 0
778 0 2 549952 187852 85856 705916 0 0 52 917 2073 1 1 98 0 0
779 0 0 549952 187948 85860 705920 0 0 1736 1291 3513 1 1 89 9 0
780 0 0 549952 187856 85860 705940 0 0 0 850 1952 1 1 99 0 0
781 0 0 549952 187792 85860 705940 0 0 0 1035 2149 1 0 99 0 0
782 0 0 549952 187888 85868 705936 0 0 156 1024 2215 1 0 99 0 0
783 1 0 549952 187920 85868 705956 0 0 0 750 1769 0 0 99 0 0
784 0 0 549952 187760 85868 705964 0 0 0 829 1891 1 0 99 0 0
785 0 0 549952 187824 85868 705964 0 0 0 2062 5064 2 1 96 1 1
786 0 0 549952 187636 85868 705968 0 0 0 934 2037 0 1 99 0 0
787 0 4 549952 187700 85872 705976 0 0 144 846 1952 1 1 98 1 0
788 0 1 549952 187716 85876 705980 0 0 596 1023 2341 0 0 88 11 0
789 0 0 549952 187764 85876 706000 0 0 1172 1076 2209 1 0 97 2 1
790 0 0 549952 187796 85876 706004 0 0 0 898 2006 1 0 99 0 0
791 0 0 549952 187860 85876 706012 0 0 0 794 1822 0 0 99 0 0
792 0 0 549952 187764 85880 706012 0 0 68 952 2126 2 0 98 0 0
793 0 0 549952 187828 85880 706024 0 0 0 780 1823 1 1 99 0 0
794 0 0 549952 187732 85880 706032 0 0 0 795 1899 1 0 99 0 0
795 0 0 549952 187796 85880 706036 0 0 0 811 1907 1 0 99 0 0
796 0 0 549952 187732 85880 706044 0 0 0 933 2105 0 1 99 0 0
797 1 0 549952 187732 85888 706036 0 0 368 1737 4838 3 1 95 1 1
798 0 0 549952 187748 85896 706052 0 0 1748 1389 2808 1 1 94 4 0
799 0 0 549952 187684 85896 706056 0 0 0 907 2035 1 0 99 0 0
800 0 0 549952 187780 85896 706064 0 0 0 823 1934 1 0 99 0 0
801 0 0 549952 187684 85900 706064 0 0 64 891 2063 1 1 99 0 0
802 0 0 549952 187748 85900 706080 0 0 0 880 1966 1 0 99 0 0
803 0 0 549952 187684 85900 706080 0 0 0 913 2073 1 1 98 0 0
804 0 0 549952 187716 85900 706084 0 0 0 696 1631 0 0 99 0 0
805 0 0 549952 187780 85900 706088 0 0 0 802 1829 0 0 99 0 1
806 0 0 549952 187684 85904 706088 0 0 300 849 1917 1 0 96 2 0
807 0 0 549952 187732 85904 706096 0 0 1680 1602 13517 3 1 91 4 1
808 0 0 549952 187828 85904 706088 0 0 0 1063 9012 2 1 97 0 0
809 0 0 549952 187732 85904 706096 0 0 0 789 2044 0 1 99 0 0
810 0 0 549952 187796 85904 706104 0 0 0 899 2164 1 0 99 0 0
811 0 0 549952 187764 85908 706104 0 0 84 853 2096 1 0 98 0 0
812 0 0 549952 187796 85908 706108 0 0 0 792 1816 1 1 99 0 0
813 0 0 549952 187860 85908 706124 0 0 0 990 2185 1 1 98 0 1
814 0 0 549952 187764 85908 706128 0 0 0 872 1966 0 1 98 0 1
815 0 0 549952 187672 85912 706348 0 0 292 1862 7292 10 1 87 1 1
816 0 0 549952 187360 85912 706388 0 0 0 954 2079 1 0 98 0 1
817 0 0 549952 187392 85916 706388 0 0 1792 1292 2629 2 1 93 5 0
818 0 0 549952 187488 85916 706440 0 0 0 829 1853 1 0 99 0 0
819 0 0 549952 187392 85916 706440 0 0 0 769 1703 1 1 99 0 0
820 0 2 549952 187392 85916 706592 0 0 2052 1059 2175 2 1 75 22 0
821 0 0 549952 187280 85920 706380 0 0 2792 952 2206 1 1 76 23 0
822 0 0 549952 187344 85920 706352 0 0 0 849 1950 1 1 99 0 0
823 0 0 549952 187248 85920 706360 0 0 0 986 2210 1 1 99 0 0
824 0 0 549952 187312 85920 706360 0 0 0 918 2082 1 1 98 0 0
825 0 1 549952 187408 85920 706364 0 0 592 1057 2477 1 0 98 1 0
826 0 0 549952 187220 85924 706472 0 0 1284 1369 2791 1 1 95 3 0
827 0 0 549952 187284 85924 706480 0 0 0 994 2189 2 1 98 0 0
828 0 0 549952 187348 85924 706488 0 0 0 837 12127 3 1 97 0 0
829 0 0 549952 187220 85924 706488 0 0 0 914 2019 1 0 99 0 0
830 0 0 549952 187284 85928 706492 0 0 60 996 2224 1 0 99 0 0
831 1 0 549952 187224 85928 706504 0 0 0 873 1933 1 1 98 0 1
832 0 0 549952 186972 85928 706508 0 0 0 988 2479 1 1 99 0 0
833 0 0 549952 187036 85928 706508 0 0 0 784 1913 0 1 99 0 0
834 0 0 549952 187100 85928 706516 0 0 0 842 2139 1 1 99 0 0
835 0 0 549952 186848 85928 706524 0 0 104 704 1817 0 0 100 0 0
836 0 0 549952 186648 85936 706520 0 0 1744 1242 2810 0 1 95 4 0
837 0 0 549952 186232 85936 706528 0 0 0 1049 9595 1 1 98 0 0
838 0 0 549952 186072 85936 706532 0 0 0 805 1809 0 0 99 0 0
839 0 0 549952 186136 85936 706532 0 0 0 985 2134 1 0 99 0 0
840 0 0 549952 186072 85944 706552 0 0 0 765 1802 1 0 99 0 1
841 1 0 549952 186136 85944 706556 0 0 0 952 2145 0 1 98 0 1
842 0 0 549952 186028 85944 706656 0 0 0 939 2074 1 0 99 0 0
843 0 0 549952 185732 85944 706660 0 0 0 964 2137 1 1 97 1 0
844 0 0 549952 185796 85948 706660 0 0 20 841 1918 1 0 99 0 0
845 0 0 549952 185688 85952 706660 0 0 1748 1351 11024 5 1 89 4 0
846 1 0 549952 185640 85952 706668 0 0 0 921 2149 1 1 99 0 0
847 0 0 549952 185704 85952 706672 0 0 0 1320 3909 1 1 98 0 0
848 0 0 549952 185516 85952 706672 0 0 0 1046 2231 2 1 96 0 0
849 0 3 549952 185548 85956 706708 0 0 116 1010 2286 1 1 92 6 0
850 0 0 549952 185516 85960 706716 0 0 4 756 1750 1 0 94 5 0
851 1 0 549952 184820 85960 706728 0 0 0 1142 2335 5 1 95 0 0
852 0 0 549952 184584 85960 706728 0 0 0 820 1828 1 0 99 0 0
853 0 0 549952 184664 85960 706732 0 0 0 880 1874 1 1 98 0 0
854 0 4 549952 184568 85960 706744 0 0 16 989 2211 1 1 95 3 0
855 0 1 549952 184556 85964 706744 0 0 584 1281 2693 5 0 75 19 0
856 0 1 549952 184336 85964 706792 0 0 0 1030 2213 1 1 74 25 0
857 0 1 549952 184272 85964 706804 0 0 0 874 1888 1 1 74 25 0
858 0 1 549952 184368 85964 706808 0 0 0 808 1848 0 0 74 25 0
859 4 4 549952 184432 85968 706808 0 0 1284 1507 3887 2 1 52 45 0
860 0 0 549952 184400 85972 706820 0 0 0 921 2007 0 1 99 0 1
861 0 0 549952 184464 85972 706824 0 0 0 890 1935 1 1 98 0 1
862 0 0 549952 184368 85972 706824 0 0 0 872 1957 0 1 99 0 0
863 0 0 549952 184368 85972 706832 0 0 0 831 1931 1 1 99 0 0
864 0 0 549952 184260 85980 706908 0 0 2364 1419 2935 2 1 87 10 1
865 0 0 549952 184040 85980 706904 0 0 0 881 2007 1 0 99 0 0
866 0 0 549952 184104 85980 706912 0 0 0 871 1899 1 1 98 0 0
867 0 0 549952 184168 85980 706916 0 0 0 929 1995 1 1 99 0 0
868 0 0 549952 184136 85980 706924 0 0 88 900 2051 1 1 92 7 0
869 0 0 549952 184168 85980 706932 0 0 0 784 1763 0 0 99 0 0
870 0 0 549952 184072 85980 706936 0 0 0 873 1986 1 0 99 0 0
871 4 1 549952 184104 85980 706940 0 0 0 1018 2199 1 1 98 0 0
872 0 0 549952 183860 85984 707156 0 0 296 3389 13584 8 1 89 1 0
873 0 0 549952 183700 85984 707208 0 0 0 868 1917 1 1 99 0 0
874 0 1 549952 183732 85984 707212 0 0 572 1075 2342 1 0 80 18 0
875 0 1 549952 183796 85984 707232 0 0 0 916 2035 1 1 74 25 0
876 0 1 549952 183700 85984 707236 0 0 0 838 1835 0 1 74 25 0
877 0 1 549952 183700 85984 707240 0 0 0 1069 2398 2 0 73 25 0
878 2 7 549952 182864 85988 708148 0 0 1236 3805 8463 1 1 61 36 0
879 2 7 549952 182864 85988 708152 0 0 0 957 2115 1 1 49 49 0
880 3 6 549952 182832 85992 708168 0 0 5008 6127 15193 1 0 73 26 0
881 0 0 549952 182692 86000 707964 0 0 152 1499 3168 1 0 94 3 1
882 0 0 549952 182864 86000 707932 0 0 0 763 1716 0 0 99 0 0
883 0 0 549952 182960 86000 707940 0 0 0 1052 2381 1 0 99 0 0
884 0 0 549952 182864 86000 707940 0 0 0 995 2221 1 1 98 0 1
885 1 0 549952 182960 86000 707944 0 0 0 796 1873 1 1 99 0 0
886 0 0 549952 182864 86000 707952 0 0 92 1037 2415 1 1 98 0 0
887 2 0 549952 182928 86000 707948 0 0 1736 2653 6028 4 1 91 4 0
888 0 0 549952 182992 86000 707948 0 0 0 880 1984 0 1 99 0 0
889 2 0 549952 182896 86000 707956 0 0 0 2032 4909 2 1 97 0 0
890 1 0 549952 182928 86000 707960 0 0 0 742 1676 1 0 99 0 0
891 0 0 549952 182868 86004 707968 0 0 364 1073 2356 1 1 98 1 0
892 0 0 549952 182740 86004 707980 0 0 0 894 2038 1 0 99 0 0
893 0 0 549952 182680 86004 707984 0 0 0 806 1864 1 0 99 0 0
894 0 0 549952 182496 86004 707988 0 0 0 950 2109 1 1 97 1 0
895 0 0 549952 182464 86004 707992 0 0 0 1040 2273 1 0 99 0 0
896 0 0 549952 182528 86012 707992 0 0 1760 1058 2307 1 0 94 4 0
897 0 0 549952 182400 86012 707992 0 0 0 780 1801 0 1 99 0 0
898 0 0 549952 182464 86012 707996 0 0 0 763 1766 1 1 99 0 0
899 0 0 549952 182528 86012 708000 0 0 0 720 1645 0 1 99 0 0
900 0 0 549952 182464 86012 708016 0 0 84 1988 4902 2 1 96 0 1
901 0 0 549952 182400 86012 708020 0 0 0 874 1953 0 0 99 0 0
902 0 0 549952 182432 86012 708024 0 0 0 935 2084 0 1 99 0 1
903 1 0 549952 182528 86012 708028 0 0 0 892 1954 1 1 98 0 1
904 0 0 549952 182400 86012 708032 0 0 0 979 2111 1 1 98 0 0
905 0 0 549952 182448 86016 708036 0 0 1708 1115 2388 2 1 92 6 0
906 0 0 549952 182796 86016 708040 0 0 0 949 2122 1 0 98 0 1
907 0 0 549952 182944 86016 708040 0 0 0 964 2191 1 0 98 0 1
908 0 0 549952 183056 86016 708044 0 0 0 773 1790 0 0 100 0 0
909 0 0 549952 182928 86016 708052 0 0 0 883 2089 1 1 99 0 0
910 0 0 549952 183116 86020 708060 0 0 120 1065 2352 1 1 98 0 0
911 0 0 549952 183148 86020 708060 0 0 0 814 1885 0 0 99 0 0
912 3 0 549952 183084 86020 708064 0 0 0 1954 5293 2 1 97 0 1
913 1 0 549952 183020 86020 708072 0 0 0 3631 14306 7 1 91 0 0
914 0 0 549952 183116 86020 708076 0 0 0 821 1867 1 1 99 0 0
915 0 1 549952 183196 86020 708076 0 0 588 1001 2321 0 1 91 8 0
916 0 0 549952 183036 86020 708080 0 0 1212 1106 2296 1 0 92 7 0
917 0 0 549952 183100 86020 708080 0 0 0 884 1998 1 0 99 0 0
918 0 0 549952 183164 86020 708080 0 0 0 834 1945 1 0 98 0 0
919 0 0 549952 183004 86020 708088 0 0 0 876 1979 1 0 99 0 0
920 0 0 549952 183036 86024 708108 0 0 52 932 2063 1 1 99 0 0
921 0 0 549952 183036 86024 708112 0 0 0 884 1917 1 0 99 0 0
922 0 0 549952 182288 86028 708340 0 0 312 3224 8661 12 1 85 1 1
923 0 0 549952 182384 86028 708348 0 0 0 931 2016 1 0 99 0 0
924 0 0 549952 182448 86028 708388 0 0 0 917 2035 1 0 98 0 0
925 2 0 549952 182576 86032 708384 0 0 1916 1366 2684 2 1 93 5 0
926 0 0 549952 182384 86032 708392 0 0 0 936 2085 1 0 99 0 0
927 3 0 549952 182512 86032 708392 0 0 0 877 2067 1 1 99 0 0
928 0 0 549952 182356 86040 708340 0 0 4896 1475 3390 3 1 85 10 0
929 0 0 549952 182228 86040 708352 0 0 84 988 2170 1 1 98 0 0
930 0 0 549952 182292 86040 708352 0 0 0 2474 6339 2 1 97 0 0
931 0 0 549952 182356 86040 708360 0 0 0 928 2100 1 1 98 0 0
932 0 0 549952 182196 86040 708360 0 0 0 790 1789 0 0 99 0 0
933 0 0 549952 182324 86040 708368 0 0 0 874 1921 1 0 99 0 1
934 0 1 549952 182196 86040 708380 0 0 588 965 2184 1 1 82 17 0
935 2 2 549952 182264 86044 708392 0 0 1132 1779 4051 1 1 74 25 0
936 3 0 549952 182168 86044 708388 0 0 8 1110 2422 2 0 89 9 0
937 1 0 549952 182200 86044 708392 0 0 0 1584 4297 1 1 98 0 0
938 2 0 549952 182264 86048 708412 0 0 80 1044 2283 1 1 98 0 0
939 0 0 549952 182136 86048 708412 0 0 44 1020 2304 1 0 98 0 1
940 0 0 549952 182104 86048 708416 0 0 0 884 1903 0 1 98 0 1
941 1 0 549952 182232 86048 708424 0 0 0 856 1967 1 0 99 0 0
942 0 0 549952 182264 86056 708476 0 0 1788 1127 2490 0 0 95 4 0
943 0 0 549952 182136 86056 708480 0 0 72 907 2045 0 1 99 0 0
944 0 0 549952 182232 86056 708488 0 0 0 851 1967 0 0 99 0 1
945 0 0 549952 182264 86056 708488 0 0 0 824 1859 0 1 99 0 0
946 0 0 549952 182104 86056 708492 0 0 0 1430 4353 1 1 98 0 1
947 0 0 549952 182044 86064 708500 0 0 104 1211 2633 1 1 98 0 0
948 0 0 549952 182076 86064 708504 0 0 0 808 1943 0 0 100 0 0
949 0 0 549952 181948 86064 708508 0 0 0 823 1914 1 0 99 0 0
950 0 0 549952 182028 86064 708516 0 0 0 1026 2242 0 1 98 1 0
951 0 0 549952 182108 86064 708520 0 0 0 848 1981 1 0 99 0 0
952 0 0 549952 182012 86068 708516 0 0 1772 1088 2364 1 1 93 6 0
953 0 0 549952 181980 86068 708568 0 0 60 874 2008 0 1 99 0 0
954 0 0 549952 182076 86068 708668 0 0 0 890 2031 1 0 99 0 0
955 0 0 549952 181948 86068 708704 0 0 0 1221 2603 2 1 97 0 0
956 0 0 549952 182076 86068 708712 0 0 0 819 1825 1 1 99 0 0
957 0 0 549952 181916 86072 708724 0 0 144 1965 4443 5 1 82 12 0
958 0 2 549952 181980 86072 708728 0 0 180 916 2118 1 1 68 31 0
959 0 2 549952 182044 86072 708728 0 0 0 794 1751 1 0 50 49 0
960 0 0 549952 181980 86072 708728 0 0 72 1083 2374 1 1 63 35 0
961 0 2 549952 181996 86080 708732 0 0 604 1112 2464 2 1 86 12 0
962 0 2 549952 182028 86080 708744 0 0 0 789 1861 1 1 49 50 0
963 0 2 549952 181932 86080 708752 0 0 0 808 1861 0 1 50 49 0
964 0 0 549952 181932 86080 708756 0 0 1108 909 2092 0 0 68 32 0
965 0 0 549952 182092 86080 708752 0 0 0 887 2030 0 1 99 0 0
966 0 0 549952 182156 86080 708756 0 0 60 1093 2375 1 1 98 0 0
967 0 0 549952 182028 86080 708764 0 0 0 1010 2151 0 1 99 0 1
968 0 0 549952 182060 86080 708772 0 0 0 947 6771 2 0 96 0 1
969 0 0 549952 182124 86080 708784 0 0 0 808 1871 1 1 99 0 0
970 0 0 549952 181996 86080 708788 0 0 44 961 2161 0 0 99 0 1
971 0 0 549952 182108 86084 708788 0 0 1732 1237 2577 1 1 93 5 0
972 0 0 549952 181948 86084 708784 0 0 0 897 2005 1 0 98 0 1
973 0 0 549952 182012 86084 708788 0 0 0 909 2043 0 0 99 0 1
974 0 0 549952 181920 86084 708788 0 0 0 3056 12004 5 1 93 0 2
975 0 0 549952 181824 86084 708796 0 0 76 913 1993 1 0 99 0 1
976 0 0 549952 181856 86092 708808 0 0 80 990 2222 1 1 98 0 0
977 0 0 549952 181952 86092 708808 0 0 0 911 2078 1 0 99 0 0
978 0 0 549952 181792 86092 708816 0 0 0 898 2034 1 0 99 0 0
979 0 0 549952 181676 86100 709028 0 0 324 3857 13083 13 1 82 3 1
980 0 1 549952 181516 86100 709084 0 0 576 945 2256 1 0 96 3 0
981 0 1 549952 181548 86100 709088 0 0 0 793 1832 0 0 75 25 0
982 0 2 549948 181204 86100 709096 4 0 0 1087 2429 1 2 63 34 0
983 0 0 549940 181316 86100 709100 16 0 1176 1031 2261 0 0 68 32 0
984 0 1 549940 181412 86100 709100 0 0 1260 1523 3544 3 1 86 10 1
985 0 1 549940 181324 86100 709220 0 0 1284 1211 2394 1 1 70 28 0
986 0 1 549940 181384 86108 708976 0 0 3172 7860 18421 1 0 74 25 0
987 0 0 549940 181352 86112 708984 0 0 1168 1037 2249 1 1 87 11 0
988 0 0 549940 181416 86120 708984 0 0 64 976 2181 2 1 97 0 0
989 0 0 549940 181512 86120 709004 0 0 0 888 1995 1 1 99 0 0
990 0 0 549940 181416 86120 709004 0 0 0 804 1906 1 1 98 0 0
991 0 0 549940 181448 86120 709008 0 0 148 892 2007 1 0 98 0 1
992 0 0 549940 181512 86120 709016 0 0 0 899 2058 1 1 99 0 0
993 0 0 549940 181416 86120 709020 0 0 0 925 2135 0 1 99 0 1
994 1 0 549940 181480 86124 709016 0 0 1768 1448 9118 2 1 92 4 1
995 0 0 549940 181452 86124 709036 0 0 0 919 2201 0 0 99 0 0
996 2 0 549940 181356 86124 709036 0 0 44 1005 2208 1 1 98 0 0
997 2 0 549940 181324 86124 709044 0 0 0 867 1962 1 1 99 0 0
998 1 0 549940 181356 86128 709044 0 0 72 1089 2582 0 0 97 2 0
999 1 0 549940 181420 86128 709060 0 0 0 820 2006 1 0 99 0 0
1000 1 0 549940 181324 86128 709068 0 0 72 866 2069 1 0 99 0 0
1001 0 0 549940 180968 86128 709076 0 0 0 1035 2289 0 0 97 1 1
1002 0 3 549940 181080 86128 709080 0 0 60 867 2011 1 0 99 0 0
1003 3 0 549940 180984 86132 709076 0 0 1728 1308 2694 1 1 93 5 1
1004 0 0 549940 180984 86132 709080 0 0 0 1853 4959 2 1 97 0 0
1005 0 0 549940 180920 86132 709088 0 0 4 911 2084 1 0 99 0 0
1006 0 0 549940 180952 86132 709088 0 0 0 952 2119 1 0 99 0 0
1007 1 0 549940 180952 86136 709092 0 0 60 1001 2385 1 1 98 0 0
1008 0 0 549940 181000 86136 709112 0 0 0 790 1821 1 1 99 0 0
1009 0 0 549940 180920 86136 709112 0 0 0 718 1715 0 0 99 0 1
1010 0 0 549940 180952 86136 709112 0 0 52 878 2049 1 1 98 0 0
1011 0 0 549940 180984 86136 709116 0 0 0 769 1850 1 1 99 0 0
1012 0 0 549940 180920 86140 709128 0 0 68 953 2123 1 1 99 0 0
1013 0 0 549940 180968 86140 709132 0 0 1680 1126 2530 1 0 94 4 0
1014 0 0 549940 180968 86140 709124 0 0 0 880 2023 1 1 99 0 0
1015 0 0 549940 180904 86140 709136 0 0 76 1656 4947 3 0 97 0 1
1016 0 0 549940 180904 86140 709136 0 0 0 1059 2525 2 0 98 0 0
1017 0 0 549940 181000 86144 709140 0 0 72 1044 2698 1 0 99 0 0
1018 0 0 549940 180888 86144 709156 0 0 0 1015 2226 1 0 98 0 1
1019 0 0 549940 180968 86144 709160 0 0 0 805 1869 1 0 99 0 0
1020 0 0 549940 180872 86144 709164 0 0 0 861 1980 1 1 98 0 1
1021 0 4 549940 180968 86144 709172 0 0 560 1075 2536 1 0 97 1 0
1022 0 0 549940 180920 86144 709164 0 0 1164 1602 3365 1 0 62 36 0
1023 0 0 549940 181016 86144 709172 0 0 128 826 1918 1 0 98 0 1
1024 0 0 549940 180952 86144 709172 0 0 0 1006 2355 1 1 99 0 0
1025 0 0 549940 180984 86144 709184 0 0 0 883 1991 1 1 99 0 0
1026 0 0 549940 181048 86148 709188 0 0 72 1037 2306 1 1 98 0 1
1027 0 0 549940 181044 86148 709200 0 0 0 1067 6031 2 0 97 0 1
1028 0 0 549940 181172 86148 709200 0 0 32 927 1998 1 1 98 0 0
1029 3 0 549940 180952 86148 709204 0 0 0 2250 5309 8 1 89 1 2
1030 0 0 549940 180860 86156 709464 0 0 356 1289 2989 1 1 98 0 0
1031 0 0 549940 180796 86156 709472 0 0 1680 1209 2566 1 1 94 4 0
1032 0 0 549940 180732 86156 709468 0 0 0 1931 5653 1 1 98 0 1
1033 0 0 549940 180796 86156 709476 0 0 44 910 2021 0 1 99 0 0
1034 0 0 549940 180860 86156 709480 0 0 0 820 1834 1 0 98 0 0
1035 1 2 549940 180700 86156 709484 0 0 1240 1162 2447 1 1 95 3 0
1036 0 0 549940 180764 86164 709280 0 0 3596 1230 2495 0 1 88 11 0
1037 0 0 549940 180828 86164 709284 0 0 0 833 1858 1 1 99 0 0
1038 0 0 549940 180700 86164 709288 0 0 0 960 2162 1 0 99 0 0
1039 0 0 549940 180764 86164 709288 0 0 0 803 1944 0 1 99 0 0
1040 0 0 549940 180732 86172 709312 0 0 1764 1951 13067 3 1 91 4 0
1041 0 0 549940 185480 86172 709308 0 0 0 958 2192 1 1 98 0 0
1042 0 0 549940 185320 86172 709308 0 0 64 926 2129 0 1 99 0 0
1043 0 0 549940 185448 86172 709316 0 0 0 840 1916 1 1 98 0 0
1044 0 0 549940 185352 86172 709320 0 0 0 792 2003 1 1 99 0 0
1045 0 0 549940 185384 86172 709332 0 0 88 989 2383 1 0 99 0 0
1046 0 0 549940 185448 86172 709332 0 0 0 1028 3185 1 1 98 0 0
1047 0 0 549940 185320 86172 709336 0 0 68 870 1861 1 0 98 0 1
1048 0 0 549940 185448 86172 709344 0 0 0 1849 4773 2 1 97 0 0
1049 0 0 549940 185320 86172 709348 0 0 0 791 1776 1 0 99 0 0
1050 3 1 549940 185384 86176 709352 0 0 1736 1009 2363 1 1 95 4 0
1051 0 0 549940 185512 86180 709352 0 0 40 1078 2306 1 1 99 0 0
1052 0 0 549940 185384 86180 709360 0 0 52 883 1946 1 1 98 0 0
1053 0 0 549940 185448 86180 709360 0 0 0 918 2085 1 0 99 0 0
1054 0 0 549940 185544 86180 709372 0 0 0 864 1924 1 1 99 0 0
1055 0 0 549940 185416 86184 709380 0 0 80 1081 2286 1 1 98 0 0
1056 0 0 549940 185448 86184 709384 0 0 0 870 1905 0 1 99 0 0
1057 0 0 549940 185512 86184 709388 0 0 144 886 2021 1 1 98 0 0
1058 0 0 549940 185460 86184 709392 0 0 0 1603 4424 1 1 97 1 0
1059 0 0 549940 185572 86184 709400 0 0 0 966 2033 1 1 98 0 0
1060 0 0 549940 185516 86192 709404 0 0 1720 1186 2565 1 1 94 4 0
1061 0 0 549940 185580 86192 709408 0 0 40 816 1877 0 1 99 0 0
1062 0 0 549940 185612 86192 709408 0 0 0 859 1892 1 1 99 0 0
1063 0 0 549940 185516 86192 709420 0 0 0 833 1875 0 0 99 0 0
1064 0 0 549940 185580 86200 709428 0 0 72 880 1952 1 0 99 0 0
1065 0 0 549940 185644 86200 709432 0 0 0 857 1937 1 0 99 0 0
1066 0 0 549940 185516 86200 709536 0 0 0 846 1873 1 1 99 0 0
1067 2 0 549940 185612 86200 709536 0 0 0 764 1713 1 0 99 0 0
1068 0 0 549940 185676 86200 709540 0 0 0 868 1920 1 0 99 0 0
1069 0 0 549940 185500 86204 709540 0 0 48 1537 4355 2 0 98 0 0
1070 1 0 549940 185468 86204 709536 0 0 1680 1096 2422 0 0 95 4 0
1071 0 0 549940 185532 86204 709544 0 0 0 911 2009 0 0 99 0 0
1072 0 0 549940 185404 86204 709544 0 0 0 773 1797 0 1 99 0 0
1073 0 0 549940 185468 86204 709556 0 0 0 910 2085 1 0 99 0 0
1074 0 0 549940 185408 86208 709564 0 0 56 1040 2148 5 1 94 0 0
1075 0 0 549940 185280 86208 709564 0 0 0 762 1683 1 1 99 0 0
1076 0 0 549940 185312 86208 709564 0 0 52 989 2145 1 0 99 0 0
1077 0 0 549940 185344 86208 709568 0 0 0 749 1702 1 0 99 0 0
1078 0 0 549940 185472 86208 709580 0 0 0 857 1980 1 0 99 0 0
1079 0 0 549940 185336 86212 709584 0 0 1784 1245 2742 1 1 94 4 0
1080 0 0 549940 185496 86212 709596 0 0 112 1710 4692 2 1 98 0 0
1081 0 0 549940 185368 86212 709628 0 0 0 1055 2354 3 1 96 0 0
1082 0 0 549940 185464 86212 709632 0 0 0 794 1829 0 0 99 0 0
1083 0 0 549940 185464 86216 709644 0 0 116 1064 2270 5 1 84 9 0
1084 0 0 549940 185368 86216 709648 0 0 0 793 1768 1 0 99 0 0
1085 0 0 549940 185432 86216 709648 0 0 32 800 1794 1 0 99 0 0
1086 0 1 549940 185532 86216 709876 0 0 256 2381 6068 8 1 90 1 0
1087 0 0 549940 185152 86216 709916 0 0 84 886 2037 0 0 87 12 0
1088 0 1 549940 185184 86216 709916 0 0 576 2572 6786 3 1 90 6 0
1089 0 1 549940 185248 86216 710012 0 0 0 783 1781 0 1 74 25 0
1090 0 2 549940 185120 86216 710020 0 0 4 830 1883 0 0 73 26 0
1091 0 2 549940 185152 86216 710024 0 0 0 861 2187 1 1 49 49 1
1092 1 2 549940 185216 86216 710028 0 0 0 819 2089 2 0 49 49 0
1093 1 0 549940 184936 86224 709884 0 0 6376 4488 9793 1 1 49 49 0
1094 1 0 549940 184844 86224 709864 0 0 0 1809 4782 3 1 96 0 1
1095 1 0 549940 184940 86224 709864 0 0 0 812 1823 1 0 99 0 0
1096 1 0 549940 184844 86224 709864 0 0 0 973 2174 1 1 98 0 0
1097 1 1 549940 184876 86224 709872 0 0 584 1142 2472 1 0 96 2 1
1098 1 1 549940 184844 86224 709900 0 0 0 881 2036 0 0 74 24 1
1099 1 0 549940 184876 86228 709908 0 0 1232 3291 7264 1 0 79 20 0
1100 1 0 549940 184812 86228 709916 0 0 0 1933 5167 1 1 98 0 0
1101 1 0 549940 184780 86228 709924 0 0 0 910 2071 1 1 99 0 0
1102 1 0 549940 184844 86228 709924 0 0 0 982 2378 1 1 99 0 0
1103 2 1 549940 184876 86228 709924 0 0 1772 1027 2229 1 0 81 17 0
1104 5 0 549940 184876 86232 709940 0 0 136 1158 2464 1 0 97 1 1
1105 2 0 549940 184780 86232 709940 0 0 0 879 2015 0 1 99 0 0
1106 3 0 549940 184812 86240 709940 0 0 96 1047 2254 1 0 98 0 1
1107 1 0 549940 184876 86240 709956 0 0 0 884 1969 1 1 99 0 0
1108 1 0 549940 184780 86240 709960 0 0 0 978 2156 1 0 99 0 0
1109 1 0 549940 184876 86240 709960 0 0 92 970 2081 1 1 98 0 0
1110 1 0 549940 184624 86240 709964 0 0 0 1103 5041 1 0 97 1 1
1111 1 2 549940 184720 86240 709976 0 0 60 934 2079 1 0 99 0 0
1112 0 0 549940 184848 86248 709996 0 0 1740 1137 2397 1 1 94 4 0
1113 0 0 549940 184688 86248 709996 0 0 0 909 2061 1 1 99 0 0
1114 0 0 549940 184784 86248 709996 0 0 4 908 2035 0 1 99 0 0
1115 0 0 549940 184688 86248 710004 0 0 0 899 2004 2 0 97 0 0
1116 0 0 549940 184752 86256 710000 0 0 64 1073 2333 1 0 97 1 1
1117 0 0 549940 184784 86256 710016 0 0 0 995 2164 1 0 99 0 0
1118 0 0 549940 184720 86256 710024 0 0 0 980 2095 1 0 98 0 1
1119 0 0 549940 184752 86256 710028 0 0 48 1096 2333 1 1 98 0 0
1120 0 0 549940 184752 86260 710036 0 0 56 1089 2327 1 1 98 0 1
1121 0 0 549940 184672 86264 710044 0 0 1716 1418 2909 1 1 94 4 1
1122 0 0 549940 184704 86264 710040 0 0 0 1556 4823 2 0 98 0 0
1123 0 0 549940 184800 86264 710044 0 0 120 861 1946 1 1 99 0 0
1124 0 0 549940 184704 86264 710052 0 0 0 831 1896 1 0 99 0 0
1125 0 0 549940 184768 86272 710048 0 0 64 994 2249 2 1 97 0 0
1126 0 0 549940 184832 86272 710064 0 0 0 758 1762 0 0 99 0 0
1127 0 0 549940 184736 86272 710064 0 0 0 882 2039 0 0 99 0 1
1128 0 0 549940 184768 86272 710072 0 0 0 963 2244 1 1 99 0 0
1129 0 0 549940 184832 86272 710076 0 0 0 682 1617 0 0 99 0 0
1130 0 3 549940 184800 86272 710084 0 0 36 1071 2330 1 0 98 1 1
1131 0 1 549940 184688 86272 710088 0 0 592 1182 12663 3 1 81 14 0
1132 0 0 549940 184784 86276 710096 0 0 1132 1031 2185 1 1 77 21 0
1133 0 0 549940 184848 86276 710096 0 0 48 864 1961 1 1 99 0 0
1134 2 0 549940 184720 86276 710096 0 0 0 908 2046 0 1 99 0 1
1135 1 0 549940 184784 86276 710108 0 0 72 1968 4959 3 1 96 0 0
1136 0 0 549940 184816 86276 710116 0 0 0 833 1889 1 0 99 0 0
1137 0 0 549940 184720 86276 710124 0 0 0 955 2168 1 1 99 0 0
1138 0 1 549940 184752 86276 710124 0 0 88 1053 2260 1 1 98 0 0
1139 0 0 549940 184880 86276 710344 0 0 348 2329 5674 8 1 86 5 0
1140 0 1 549940 184536 86276 710384 0 0 572 1001 6341 2 1 95 2 0
1141 0 0 549940 184568 86276 710384 0 0 1152 1123 2266 1 0 97 2 0
1142 0 0 549940 184472 86276 710388 0 0 68 869 2019 0 1 99 0 0
1143 0 0 549940 184568 86276 710396 0 0 0 770 1783 1 0 99 0 0
1144 0 2 549940 184348 86276 710408 0 0 2008 1182 2531 2 1 87 11 0
1145 0 0 549940 184464 86276 710288 0 0 2764 975 2091 0 0 79 20 1
1146 0 0 549940 184468 86276 710256 0 0 0 879 2054 1 1 99 0 0
1147 0 0 549940 184532 86276 710268 0 0 0 1034 2410 1 0 98 0 1
1148 0 0 549940 184596 86276 710268 0 0 0 1426 4238 1 1 99 0 0
1149 0 0 549940 184500 86276 710276 0 0 0 876 2027 0 0 99 0 0
1150 0 1 549940 184532 86284 710268 0 0 1752 994 2290 1 0 95 4 0
1151 0 0 549940 184564 86288 710276 0 0 32 1110 2442 1 1 98 1 0
1152 0 0 549940 184628 86288 710280 0 0 52 856 1919 1 0 99 0 0
1153 0 0 549940 184500 86288 710280 0 0 0 980 2167 1 1 98 0 0
1154 0 0 549940 184596 86288 710292 0 0 76 1117 2492 1 0 98 0 1
1155 0 0 549940 184532 86288 710292 0 0 0 887 2089 1 1 99 0 0
1156 0 0 549940 184564 86288 710304 0 0 0 2008 5220 3 0 97 0 0
1157 0 0 549940 184472 86288 710304 0 0 116 990 2233 1 1 98 0 0
1158 0 0 549940 184408 86288 710312 0 0 0 821 1904 0 1 99 0 0
1159 0 0 549940 184472 86296 710308 0 0 40 898 2158 0 1 99 0 0
1160 0 0 549940 184468 86296 710316 0 0 0 853 2002 1 0 99 0 0
1161 0 0 549940 184404 86296 710316 0 0 44 758 1747 0 0 99 0 0
1162 0 0 549940 184404 86296 710324 0 0 0 999 2228 0 1 98 0 1
1163 0 0 549940 184404 86300 710324 0 0 72 985 2122 1 1 98 0 0
1164 0 0 549940 184436 86300 710340 0 0 0 900 2016 1 0 99 0 1
1165 0 0 549940 184872 86300 710340 0 0 0 1563 4496 2 1 98 0 0
1166 1 0 549940 184776 86300 710348 0 0 32 1009 2169 1 1 98 0 1
1167 0 0 549940 184668 86300 710352 0 0 0 964 2195 0 0 97 1 2
1168 0 0 549940 184652 86304 710356 0 0 64 846 1957 1 1 98 0 1
1169 0 0 549940 184684 86304 710364 0 0 1680 1024 2382 0 0 95 4 0
1170 0 0 549940 184812 86304 710356 0 0 0 796 1884 1 1 99 0 0
1171 0 0 549940 184748 86304 710360 0 0 52 840 1944 1 1 99 0 0
1172 0 0 549940 184780 86304 710364 0 0 0 795 1840 0 1 99 0 0
1173 0 0 549940 184748 86308 710364 0 0 88 912 2091 1 0 98 0 1
1174 0 0 549940 184748 86308 710380 0 0 0 926 2120 0 1 99 0 1
1175 0 0 549940 184780 86308 710384 0 0 0 867 1984 1 0 99 0 0
1176 0 0 549940 184748 86308 710388 0 0 264 1986 5101 2 0 96 1 1
1177 0 0 549940 184748 86308 710392 0 0 0 862 2063 1 1 99 0 0
1178 2 0 549940 184716 86312 710396 0 0 84 955 2189 1 1 98 0 0
1179 0 0 549940 184732 86312 710400 0 0 1728 1257 2585 1 1 94 5 0
1180 0 0 549940 184796 86312 710412 0 0 0 892 2059 1 1 99 0 0
1181 0 0 549940 184668 86312 710416 0 0 0 864 2047 1 1 98 0 1
1182 0 0 549940 184764 86320 710416 0 0 64 2830 7467 3 1 96 0 1
1183 0 0 549940 184796 86320 710436 0 0 0 821 1969 1 1 98 0 1
1184 0 0 549940 184668 86320 710440 0 0 0 857 2014 0 0 99 0 1
1185 0 0 549940 184764 86320 710440 0 0 0 958 2159 1 1 98 0 0
1186 0 0 549940 184668 86320 710448 0 0 0 714 1747 0 0 100 0 0
1187 0 0 549940 184700 86324 710452 0 0 44 1769 4851 2 0 98 0 0
1188 0 0 549940 184812 86328 710456 0 0 1756 1079 2427 1 1 94 5 0
1189 1 0 549940 184556 86328 710492 0 0 0 780 1844 1 0 99 0 0
1190 0 0 549940 184652 86328 710496 0 0 0 846 2074 0 0 99 0 0
1191 0 0 549940 184556 86328 710500 0 0 0 758 1801 0 0 99 0 0
1192 0 0 549940 184620 86328 710508 0 0 60 861 2026 1 0 99 0 0
1193 0 0 549940 184652 86328 710516 0 0 0 809 1935 0 0 99 0 0
1194 0 0 549940 184716 86328 710520 0 0 0 699 1678 0 0 99 0 0
1195 0 0 549940 184292 86328 710528 0 0 0 1028 2294 1 0 99 0 0
1196 0 0 549940 183968 86332 710840 0 0 328 2443 6529 11 1 87 0 0
1197 0 0 549940 183936 86332 710888 0 0 0 932 2176 1 0 98 0 0
1198 0 0 549940 183968 86336 710884 0 0 1772 1081 2450 1 0 95 4 0
1199 0 0 549940 184064 86336 710936 0 0 0 855 1973 1 1 99 0 0
1200 0 1 549940 183908 86336 710976 0 0 540 1087 2355 2 1 94 3 0
1201 0 2 549940 183848 86336 711116 0 0 8 940 2273 1 1 70 29 0
1202 0 2 549940 183880 86336 711124 0 0 0 880 2093 1 1 49 49 0
1203 0 2 549940 183752 86336 711128 0 0 0 762 1870 0 0 50 50 0
1204 4 0 549940 184068 86344 710904 4 0 6408 9702 22611 1 0 57 42 0
1205 2 0 549940 183940 86344 710912 0 0 60 1061 2339 1 1 98 0 1
1206 1 0 549940 184036 86344 710912 0 0 0 927 2076 1 1 98 0 0
1207 3 0 549940 184068 86344 710924 0 0 0 841 1906 0 0 100 0 0
1208 0 0 549940 183940 86344 710928 0 0 0 760 1777 1 0 99 0 0
1209 0 0 549940 184036 86344 710932 0 0 0 896 2059 1 1 99 0 0
1210 0 0 549940 184100 86348 710936 0 0 1736 1152 2598 1 1 94 4 0
1211 0 0 549940 183972 86348 710936 0 0 0 1732 4527 2 0 98 0 0
1212 0 0 549940 183972 86348 710940 0 0 0 930 2080 1 1 98 0 0
1213 0 0 549940 184036 86348 710940 0 0 0 712 1629 0 0 99 0 0
1214 1 0 549940 184100 86348 710952 0 0 0 985 2150 1 0 98 0 0
1215 0 0 549940 184004 86352 710964 0 0 84 836 1866 0 0 94 6 0
1216 0 0 549940 184036 86352 710964 0 0 0 827 1817 1 1 99 0 0
1217 0 0 549940 184100 86352 710968 0 0 0 748 1717 1 0 99 0 0
1218 0 0 549940 183536 86352 710972 0 0 0 957 2167 1 1 98 1 0
1219 0 0 549940 183664 86352 710976 0 0 124 989 2117 1 1 98 0 1
1220 0 0 549940 183632 86360 710980 0 0 8 1073 2371 0 0 97 2 0
1221 0 0 549940 183728 86360 710980 0 0 0 892 1986 1 1 98 0 0
1222 0 0 549940 183664 86360 710988 0 0 0 1912 5299 2 0 98 0 0
1223 0 0 549940 182884 86360 710996 0 0 4 1409 2689 8 1 90 0 1
1224 0 0 549940 183060 86364 711008 0 0 76 1065 2368 1 1 97 1 1
1225 0 0 549940 182964 86364 711008 0 0 0 866 1933 0 0 99 0 0
1226 0 0 549940 182996 86364 711020 0 0 0 834 1923 0 1 99 0 0
1227 0 0 549940 183060 86364 711020 0 0 0 764 1836 0 1 99 0 0
1228 0 0 549940 182744 86364 711024 0 0 0 1008 2437 1 0 98 0 0
1229 0 0 549940 182920 86372 711024 0 0 28 909 2096 1 1 96 2 1
1230 0 1 549940 182824 86372 711044 0 0 580 999 2377 1 0 74 25 0
1231 1 1 549940 182856 86372 711048 0 0 1104 948 2017 1 1 74 25 0
1232 0 1 549940 182952 86372 711052 0 0 32 908 2006 0 0 74 25 0
1233 1 0 549940 182840 86372 711064 0 0 352 1159 2505 0 1 64 34 1
1234 0 0 549940 182888 86372 711064 0 0 124 1767 5084 3 1 94 3 0
1235 0 0 549940 182952 86372 711064 0 0 0 857 1948 1 0 99 0 0
1236 0 0 549940 182824 86372 711064 0 0 0 804 1819 0 0 99 0 0
1237 0 0 549940 182888 86372 711072 0 0 0 853 1954 1 0 98 0 0
1238 0 0 549940 182824 86372 711076 0 0 88 897 2145 1 1 99 0 0
1239 0 0 549940 182904 86380 711068 0 0 1764 1188 2522 1 1 94 5 0
1240 1 0 549940 182872 86380 711088 0 0 0 855 1912 1 0 99 0 0
1241 0 0 549940 182904 86380 711088 0 0 0 942 2036 1 1 98 0 0
1242 0 0 549940 182968 86380 711092 0 0 0 930 2075 1 1 98 0 0
1243 0 0 549940 182904 86388 711108 0 0 80 1220 2581 1 1 98 0 1
1244 0 0 549940 182968 86388 711112 0 0 0 916 1953 1 0 99 0 0
1245 0 0 549940 182840 86388 711116 0 0 0 889 2028 1 0 99 0 0
1246 0 0 549940 182564 86392 711340 0 0 296 3957 10691 11 1 87 1 1
1247 0 0 549940 182344 86392 711380 0 0 0 837 1898 0 0 99 0 0
1248 0 0 549940 182408 86392 711384 0 0 1680 1126 2530 1 1 95 4 0
1249 0 0 549940 182504 86392 711376 0 0 0 957 2154 1 0 99 0 0
1250 0 0 549940 182376 86392 711380 0 0 0 818 1841 0 0 100 0 0
1251 1 2 549940 182472 86396 711380 0 0 48 2192 6065 2 1 96 1 0
1252 0 2 549940 182208 86400 711544 0 0 556 1074 2336 6 1 45 49 0
1253 3 1 549940 182036 86400 711560 0 0 836 1082 2248 1 0 50 49 0
1254 0 1 549940 182100 86400 711560 0 0 1964 893 1985 1 0 54 45 0
1255 0 0 549940 182068 86404 711308 0 0 1520 1112 2393 0 0 93 6 0
1256 0 0 549940 182100 86404 711312 0 0 0 889 2048 1 0 99 0 0
1257 0 0 549940 182004 86404 711320 0 0 0 860 1945 1 0 99 0 0
1258 0 0 549940 182100 86404 711316 0 0 1680 1875 4687 2 1 93 4 1
1259 0 0 549940 182196 86404 711324 4 0 0 1770 4373 2 1 97 0 0
1260 0 0 549940 182100 86412 711328 0 0 0 1001 2309 1 1 99 0 0
1261 0 0 549940 182164 86416 711328 0 0 344 1198 2484 1 1 96 2 0
1262 0 0 549940 182100 86416 711344 0 0 0 859 1985 1 1 99 0 0
1263 0 0 549940 182100 86416 711348 0 0 0 870 2204 1 1 98 0 0
1264 0 0 549940 182164 86416 711348 0 0 0 739 1862 0 0 100 0 0
1265 0 0 549940 182228 86416 711356 0 0 0 832 2012 1 0 99 0 0
1266 0 0 549940 182100 86416 711364 0 0 84 1935 5298 3 0 94 3 0
1267 0 0 549940 182196 86420 711356 0 0 1792 1137 2554 1 1 90 9 0
1268 0 0 549940 182100 86420 711360 0 0 0 777 1828 1 0 99 0 1
1269 0 0 549940 182164 86420 711368 0 0 0 805 1823 0 0 99 0 0
1270 0 0 549940 182100 86420 711368 0 0 0 812 1856 1 1 99 0 0
1271 0 0 549940 182164 86428 711368 0 0 196 1033 2187 1 1 98 0 0
1272 0 0 549940 182104 86428 711388 0 0 0 921 2129 2 0 98 0 0
1273 0 0 549940 181884 86428 711392 0 0 0 854 1929 1 1 99 0 0
1274 0 0 549940 181916 86428 711396 0 0 0 819 1854 0 1 99 0 0
1275 3 0 549940 181964 86428 711400 0 0 0 970 2168 1 0 98 1 0
1276 0 0 549940 181884 86428 711412 0 0 264 1350 3802 1 0 96 2 1
1277 0 0 549940 181884 86432 711412 0 0 1788 1035 2384 0 0 95 5 0
1278 0 0 549940 181948 86432 711420 0 0 0 879 2057 1 1 99 0 0
1279 0 0 549940 181852 86432 711420 0 0 0 903 2043 1 0 99 0 0
1280 0 0 549940 181980 86436 711428 0 0 80 1176 2519 1 0 98 0 0
1281 0 0 549940 181900 86436 711440 0 0 0 776 1782 1 0 99 0 0
1282 0 0 549940 181996 86436 711444 0 0 0 1021 2232 1 1 98 0 0
1283 0 0 549940 182060 86436 711448 0 0 0 836 1891 1 0 99 0 0
1284 0 0 549940 181964 86436 711448 0 0 0 810 1812 0 0 99 0 0
1285 0 0 549940 182060 86436 711456 0 0 0 1039 2365 1 1 99 0 0
1286 0 1 549940 181916 86440 711460 0 0 1696 1643 5671 2 1 92 4 1
1287 0 0 549940 181948 86440 711460 0 0 4 1846 4355 2 1 96 1 0
1288 0 0 549940 182012 86440 711464 0 0 0 971 2182 0 1 99 0 1
1289 0 0 549940 181916 86440 711468 0 0 0 737 1721 0 0 99 0 0
1290 0 0 549940 181916 86440 711472 0 0 80 1090 2435 1 1 98 0 0
1291 0 0 549940 181884 86440 711492 0 0 0 708 1592 1 1 99 0 0
1292 0 0 549940 181884 86440 711492 0 0 0 803 1886 1 0 99 0 0
1293 0 0 549940 181916 86440 711496 0 0 0 794 1949 0 0 99 0 0
1294 0 0 549940 181980 86440 711500 0 0 0 761 1872 1 0 98 0 1
1295 0 0 549940 181884 86440 711500 0 0 272 1028 2370 1 0 96 2 1
1296 0 0 549940 181964 86440 711500 0 0 1764 1257 2772 1 0 94 4 1
1297 0 0 549940 182104 86440 711504 0 0 0 801 1832 0 1 99 0 0
1298 0 0 549940 181992 86440 711508 0 0 0 841 1954 1 0 99 0 0
1299 0 0 549940 182056 86440 711508 0 0 0 743 1734 1 0 99 0 0
1300 0 0 549940 181992 86440 711524 0 0 0 717 1678 0 0 100 0 0
1301 0 0 549940 182796 86440 711524 0 0 0 806 1850 0 1 98 0 0
1302 0 0 549940 182864 86440 711532 0 0 0 726 1646 1 0 99 0 0
1303 0 0 549940 182616 86444 711756 0 0 304 2211 5906 9 1 88 1 1
1304 2 0 549940 182428 86444 711800 0 0 0 866 1932 1 0 98 0 1
1305 0 0 549940 182364 86444 711804 0 0 1680 1350 2704 1 1 95 3 0
1306 0 0 549940 182428 86444 711800 0 0 0 1798 4433 2 0 98 0 0
1307 0 0 549940 182492 86444 711800 0 0 0 762 1765 0 1 99 0 0
1308 0 0 549940 182556 86448 711804 0 0 52 883 2106 0 0 99 0 0
1309 0 0 549940 181528 86456 712460 0 0 5648 1512 3049 2 1 85 12 1
1310 0 0 549940 181560 86456 712460 0 0 0 796 1799 0 0 99 0 0
1311 0 0 549940 181656 86456 712460 0 0 0 849 1900 1 0 99 0 1
1312 0 0 549940 181560 86456 712464 0 0 0 876 2105 0 0 99 0 0
1313 0 0 549940 181468 86456 712468 0 0 0 740 1854 1 0 99 0 0
1314 0 0 549940 181532 86456 712468 0 0 0 973 2251 1 0 99 0 0
1315 0 0 549940 181596 86464 712468 0 0 1740 1842 4947 2 1 93 5 0
1316 0 0 549940 181436 86464 712472 0 0 0 932 2184 1 1 99 0 0
1317 0 0 549940 181468 86464 712480 0 0 0 792 1863 1 1 98 0 0
1318 0 0 549940 181564 86464 712480 0 0 0 784 1875 0 1 99 0 0
1319 0 0 549940 181404 86472 712576 0 0 88 1043 2221 5 1 93 0 0
1320 0 0 549940 181532 86472 712604 0 0 0 774 1849 1 0 99 0 0
1321 0 0 549940 181436 86472 712604 0 0 0 828 1916 0 0 99 0 0
1322 0 0 549940 181376 86472 712612 0 0 0 1035 2288 2 0 98 0 0
1323 0 4 549940 181344 86472 712648 0 0 300 1538 4051 2 1 51 46 0
1324 0 4 549940 181408 86472 712652 0 0 0 893 2249 1 0 0 99 0
1325 0 9 549940 181188 86476 712668 0 0 588 4059 9302 1 0 10 89 0
1326 2 9 549940 181220 86476 712668 0 0 0 878 1995 1 1 49 50 0
1327 1 9 549940 181188 86476 712668 0 0 0 889 1979 0 1 49 49 0
1328 4 9 549940 180968 86476 712672 0 0 0 796 1782 0 1 50 50 0
1329 2 9 549940 180936 86476 712676 0 0 0 1003 2182 0 0 49 50 1
1330 2 0 549940 180904 86488 712664 0 0 1608 2383 5335 6 2 47 45 0
1331 2 1 549940 181064 86488 712684 0 0 584 1165 6961 3 1 97 0 0
1332 0 0 549940 181064 86488 712692 0 0 1096 1061 4078 1 1 94 4 0
1333 1 0 549940 181192 86488 712688 0 0 0 802 1812 1 0 99 0 0
1334 0 0 549940 181064 86496 712684 0 0 60 848 1929 1 0 99 0 0
1335 0 0 549940 181160 86496 712708 0 0 4 762 1978 1 0 99 0 0
1336 0 0 549940 181064 86496 712712 0 0 0 895 2260 1 0 99 0 0
1337 0 0 549940 181128 86496 712716 0 0 0 850 2241 1 0 99 0 0
1338 1 0 549940 181160 86496 712720 0 0 0 679 1740 0 0 99 0 0
1339 0 3 549940 181064 86496 712724 0 0 16 966 2361 1 1 98 0 0
1340 0 1 549940 181016 86500 712728 0 0 0 783 1983 0 1 74 25 0
1341 0 1 549940 180888 86500 712732 0 0 1096 1450 4879 2 1 73 24 0
1342 0 1 549940 181016 86500 712740 0 0 0 863 2210 0 1 74 25 0
1343 0 4 549940 181080 86500 712740 0 0 76 817 1903 0 1 65 34 0
1344 1 0 549940 181128 86500 712760 0 0 60 4664 10492 1 0 20 79 0
1345 1 0 549940 181096 86500 712768 0 0 1744 1500 3056 1 1 76 21 1
1346 1 0 549940 181096 86500 712764 0 0 0 871 1938 2 1 98 0 0
1347 1 0 549940 181000 86500 712768 0 0 0 903 2099 1 0 99 0 0
1348 1 0 549940 181032 86500 712772 0 0 0 798 1828 1 1 98 0 1
1349 1 0 549940 181000 86500 712784 0 0 72 985 2160 1 0 97 1 0
1350 2 0 549940 181064 86500 712796 0 0 0 1974 5099 3 1 96 0 0
1351 0 0 549940 181192 86500 712796 0 0 0 829 1963 1 0 99 0 0
1352 0 0 549940 181032 86500 712800 0 0 0 892 1997 0 0 97 1 1
1353 0 0 549940 181004 86500 713060 0 0 304 1586 8316 8 1 88 2 1
1354 0 1 549940 180908 86500 713064 0 0 580 1128 2580 1 0 97 2 0
1355 12 0 549940 180784 86500 713064 0 0 1428 1145 2589 1 1 81 17 0
1356 0 0 549940 180848 86500 713068 0 0 0 2482 6136 2 0 97 0 0
1357 0 0 549940 180720 86500 713072 0 0 0 908 2111 1 0 99 0 0
1358 0 0 549940 180784 86500 713072 0 0 0 804 1924 1 0 98 0 0
1359 0 0 549940 180848 86508 713040 0 0 4956 1701 3904 3 1 82 14 0
1360 0 0 549940 180848 86508 713052 0 0 0 850 1991 0 1 99 0 0
1361 0 0 549940 180720 86508 713060 0 0 0 832 1962 1 1 98 0 0
1362 0 0 549940 180784 86508 713060 0 0 0 805 1884 0 0 99 0 1
1363 0 4 549940 180880 86508 713076 0 0 552 845 1996 1 1 86 12 0
1364 0 0 549940 180596 86516 713072 0 0 1256 1310 9806 1 1 87 11 0
1365 0 0 549940 180724 86516 713072 0 0 0 762 1767 1 0 99 0 0
1366 0 0 549940 180756 86516 713084 0 0 0 789 1881 0 1 99 0 0
1367 0 0 549940 180628 86516 713084 0 0 0 734 1729 1 0 99 0 0
1368 2 0 549940 180756 86520 713100 0 0 92 1017 2244 1 0 98 0 1
1369 0 0 549940 180660 86520 713100 0 0 0 941 2090 1 0 98 0 1
1370 0 0 549940 180724 86520 713108 0 0 0 699 1655 0 1 99 0 0
1371 0 0 549940 180628 86520 713108 0 0 0 858 2156 0 1 98 0 1
1372 0 0 549940 180660 86520 713108 0 0 0 1651 4801 2 0 98 0 1
1373 0 0 549940 180724 86528 713120 0 0 16 876 2215 1 0 99 0 0
1374 0 0 549940 180628 86536 713120 0 0 1720 1434 2964 1 0 95 5 0
1375 1 0 549940 180692 86536 713124 0 0 0 778 1840 0 0 99 0 0
1376 0 0 549940 180788 86536 713124 0 0 0 847 1899 1 0 99 0 0
1377 0 0 549940 180628 86536 713128 0 0 0 969 2162 1 1 98 0 1
1378 0 0 549940 180756 86540 713140 0 0 80 1043 2190 1 0 93 6 0
1379 0 0 549940 180660 86540 713144 0 0 4 856 1911 0 1 99 0 0
1380 0 0 549940 180660 86540 713156 0 0 0 756 1808 0 1 99 0 1
1381 0 0 549940 180756 86540 713156 0 0 0 1989 5319 2 1 95 1 1
1382 0 0 549940 180596 86552 713164 0 0 1728 1073 2374 1 0 94 4 1
1383 0 0 549940 180724 86552 713164 0 0 68 1059 2317 1 1 98 0 1
1384 1 0 549940 180788 86552 713168 0 0 0 796 1885 1 0 99 0 0
1385 0 0 549940 180692 86552 713168 0 0 0 838 1968 1 0 99 0 0
1386 0 0 549940 180724 86552 713172 0 0 0 695 1688 1 0 99 0 0
1387 0 0 549940 180660 86556 713184 0 0 96 910 2063 1 0 99 0 0
1388 0 0 549940 180724 86556 713188 0 0 204 837 1948 1 0 99 0 0
1389 4 0 549940 180820 86556 713192 0 0 0 852 1958 1 0 99 0 0
1390 0 0 549940 180660 86556 713196 0 0 0 802 1856 1 1 98 0 0
1391 0 0 549940 180756 86556 713200 0 0 0 864 2009 1 0 99 0 0
1392 0 1 549940 180580 86556 713204 0 0 1684 1040 2234 1 1 96 3 0
1393 0 0 549940 180612 86560 713212 0 0 172 1195 3148 2 1 96 2 0
1394 0 0 549940 180676 86560 713216 0 0 0 826 1948 1 0 99 0 0
1395 0 0 549940 180580 86560 713220 0 0 0 822 1916 1 0 99 0 0
1396 0 0 549940 180612 86560 713224 0 0 0 797 1901 1 0 99 0 0
1397 0 0 549940 180676 86568 713236 0 0 120 893 2027 1 0 99 0 0
1398 0 0 549940 180580 86568 713240 0 0 0 920 2043 1 1 98 0 0
1399 2 0 549940 180676 86568 713244 0 0 0 804 1852 1 1 98 0 0
1400 0 0 549940 180644 86568 713252 0 0 0 803 1794 1 0 99 0 0
1401 2 0 549940 180596 86568 713256 0 0 16 912 2133 0 1 98 0 0
1402 0 0 549940 180692 86572 713296 0 0 1764 1303 2797 1 1 92 5 1
1403 2 0 549940 180788 86572 713300 0 0 0 842 1880 0 1 99 0 0
1404 0 0 549940 180628 86572 713304 0 0 0 892 1992 1 0 99 0 0
1405 0 0 549940 180692 86572 713304 0 0 0 1783 5017 2 1 97 0 0
1406 0 0 549940 180596 86576 713328 0 0 76 884 2025 1 1 98 0 0
1407 0 0 549940 180628 86576 713332 0 0 0 781 2081 0 0 99 0 0
1408 0 0 549940 180724 86576 713332 0 0 0 849 2135 1 1 98 0 1
1409 0 0 549940 180504 86576 713340 0 0 0 824 2002 1 0 99 0 1
1410 0 0 549940 180444 86576 713596 0 0 304 5125 14368 11 1 86 1 1
1411 0 0 549940 180348 86576 713600 0 0 0 897 2018 0 1 99 0 1
1412 0 0 549940 180320 86580 713732 0 0 1932 1223 2688 1 1 93 4 0
1413 0 0 549940 180352 86580 713740 0 0 0 743 1712 1 0 99 0 0
1414 0 0 549940 180416 86580 713748 0 0 0 858 2065 1 1 98 0 0
1415 0 1 549940 180320 86580 713748 0 0 1316 1494 3873 3 1 91 5 0
1416 0 0 549940 180508 86592 713548 0 0 3520 1331 2844 2 0 91 7 1
1417 0 0 549940 180412 86592 713548 0 0 0 878 2038 1 1 99 0 0
1418 0 0 549940 180508 86592 713552 0 0 0 848 1926 1 0 99 0 0
1419 0 0 549940 180572 86592 713552 0 0 0 1836 4884 2 1 97 0 1
1420 0 0 549940 180444 86596 713620 0 0 1792 1249 2556 2 0 94 5 0
1421 0 0 549940 180348 86596 713624 0 0 140 1047 2222 1 1 98 0 0
1422 0 0 549940 180412 86596 713628 0 0 0 755 1812 1 0 99 0 0
1423 0 0 549940 180444 86596 713632 0 0 0 880 2074 1 0 99 0 0
1424 0 0 549940 180508 86596 713632 0 0 0 767 1860 1 1 99 0 0
1425 0 0 549940 180380 86600 713648 0 0 92 805 1827 0 0 99 0 0
1426 0 0 549940 180476 86600 713652 0 0 104 914 2042 1 1 99 0 0
1427 0 0 549940 180380 86600 713652 0 0 0 1470 3930 2 0 98 0 0
1428 0 0 549940 180412 86600 713656 0 0 0 738 1757 0 0 99 0 0
1429 0 0 549940 180476 86600 713660 0 0 0 866 1914 1 1 99 0 0
1430 0 0 549940 180316 86608 713728 0 0 1828 1235 2510 2 1 93 4 0
1431 0 0 549940 180288 86608 713724 0 0 0 1016 2228 1 1 98 0 0
1432 0 0 549940 180384 86608 713732 0 0 0 828 1923 0 0 99 0 0
1433 0 0 549940 180288 86608 713736 0 0 0 769 1878 0 1 99 0 0
1434 0 0 549940 180352 86608 713736 0 0 0 845 2222 1 0 99 0 0
1435 0 0 549940 180192 86612 713748 0 0 76 947 2261 1 0 98 0 0
1436 0 0 549940 180412 86612 713756 0 0 0 840 1995 1 1 99 0 0
1437 0 0 549940 180444 86612 713756 0 0 0 839 1924 1 1 99 0 0
1438 0 0 549940 180208 86612 713756 0 0 0 1672 4933 1 1 98 0 0
1439 0 0 549940 180164 86612 713764 0 0 0 933 2088 1 0 98 1 0
1440 0 0 549940 180260 86616 713796 0 0 116 1255 2573 1 1 97 2 0
1441 0 0 549940 180324 86616 713796 0 0 0 736 1745 1 0 99 0 0
1442 0 0 549940 180164 86616 713804 0 0 0 812 1910 0 1 99 0 0
1443 0 0 549940 180164 86616 713900 0 0 0 850 2031 1 1 99 0 0
1444 0 0 549940 180136 86616 713912 0 0 100 920 2097 1 0 99 0 0
1445 0 0 549940 180040 86616 713920 0 0 4 897 1948 1 1 99 0 0
1446 0 0 549940 180104 86616 713924 0 0 0 828 1885 1 1 99 0 0
1447 0 0 549940 180168 86616 713928 0 0 0 880 1988 0 0 100 0 0
1448 0 0 549940 180008 86616 713928 0 0 0 762 1771 1 1 99 0 0
1449 0 0 549940 180088 86620 713936 0 0 20 1137 8875 2 1 97 0 0
1450 0 0 549940 179960 86620 713960 0 0 1680 1530 3073 10 1 85 4 0
1451 0 0 549940 181948 86620 713968 0 0 0 894 2009 1 0 99 0 0
1452 0 0 549940 181820 86620 713972 0 0 0 906 2052 0 0 100 0 0
1453 0 0 549940 181884 86620 713976 0 0 0 844 1927 1 1 99 0 0
1454 0 0 549940 181820 86624 713988 0 0 124 948 2115 1 0 95 4 0
1455 0 0 549940 181852 86624 713988 0 0 208 824 1900 1 1 99 0 0
1456 0 0 549940 181916 86624 713996 0 0 0 1006 2237 1 0 98 0 0
1457 0 0 549940 181820 86624 713996 0 0 0 974 2200 1 1 99 0 0
1458 0 0 549940 181884 86624 714000 0 0 12 925 2059 1 1 97 1 0
1459 0 0 549940 181996 86628 714008 0 0 40 962 2271 1 1 98 1 0
1460 3 0 549940 181936 86632 714016 0 0 0 1911 4920 2 1 97 0 0
1461 0 0 549940 181808 86632 714024 0 0 8 868 1959 1 1 98 0 0
1462 0 0 549940 181872 86632 714028 0 0 0 870 1962 0 1 99 0 0
1463 0 0 549940 181872 86636 714044 0 0 156 1014 2181 1 1 98 0 0
1464 0 0 549940 181904 86636 714048 0 0 0 818 1805 0 1 99 0 0
1465 0 0 549940 181808 86636 714056 0 0 12 882 2001 0 0 99 0 0
1466 0 0 549940 181716 86636 714056 0 0 8 978 2094 0 1 98 1 0
1467 0 0 549888 181528 86636 714316 80 0 364 2384 21291 13 2 82 2 0
1468 0 0 549888 181528 86636 714320 0 0 1768 1388 3018 1 1 89 9 0
1469 0 0 549888 181436 86636 714324 0 0 88 910 2110 1 1 99 0 0
1470 0 0 549888 181500 86636 714328 0 0 0 848 1913 1 1 99 0 0
1471 0 0 549888 181564 86636 714332 0 0 12 817 1882 1 0 99 0 0
1472 0 0 549888 181436 86636 714336 0 0 32 739 1707 1 0 98 2 0
1473 0 1 549888 181500 86636 714424 0 0 3380 1540 3815 4 1 64 32 0
1474 2 0 549884 181468 86636 714176 0 0 1596 1068 2394 1 0 96 2 0
1475 0 0 549884 181468 86636 714184 0 0 40 943 2035 1 0 98 1 0
1476 0 0 549884 181532 86636 714188 0 0 8 860 1985 1 0 99 0 0
1477 0 0 549884 181372 86636 714196 0 0 44 1031 2216 1 1 96 3 0
1478 1 0 549884 181436 86636 714200 0 0 8 848 1939 1 1 98 1 0
1479 0 0 549884 181468 86644 714212 4 0 1844 1424 2945 2 2 84 12 0
1480 0 0 549884 181372 86644 714224 0 0 32 994 2124 1 1 91 8 0
1481 0 0 549884 181468 86644 714228 0 0 36 1023 2237 1 1 97 1 1
1482 0 0 549884 181372 86652 714240 0 0 100 1013 2198 1 1 98 0 0
1483 1 0 549880 181372 86652 714252 8 0 40 983 2063 1 1 90 8 0
1484 0 0 549880 181404 86652 714256 0 0 4 902 2069 0 1 96 4 0
1485 0 0 549880 181436 86652 714260 0 0 0 868 2066 1 1 99 0 0
1486 1 0 549880 181500 86652 714260 0 0 0 860 1963 0 0 99 0 0
1487 0 1 549880 181372 86652 714272 0 0 596 984 2359 1 1 84 15 0
1488 3 0 549880 181356 86664 714276 0 0 1596 5013 11612 1 0 78 21 0
1489 0 0 549880 181248 86664 714296 0 0 16 865 1905 1 0 98 1 0
1490 0 0 549880 181216 86664 714300 0 0 48 960 2033 1 1 97 1 0
1491 0 0 549880 181220 86664 714312 0 0 40 1070 2197 1 1 94 4 0
1492 0 0 549880 181220 86664 714320 0 0 40 1119 2335 1 1 97 1 1
1493 0 0 549880 181188 86668 714328 0 0 68 1080 2293 1 0 97 2 0
1494 0 0 549880 181252 86672 714328 8 0 1776 1654 3052 2 1 62 35 0
1495 0 0 549880 181188 86672 714348 0 0 24 1949 4897 3 1 97 0 0
1496 0 0 549880 181284 86672 714348 0 0 24 951 2089 1 0 98 1 0
1497 0 0 549880 181124 86672 714352 0 0 0 849 1980 1 0 99 0 0
1498 0 0 549880 181188 86680 714368 0 0 244 1059 2210 1 1 97 1 1
1499 0 0 549880 181252 86680 714376 0 0 36 1028 2259 1 1 97 1 0
1500 0 0 549880 181284 86680 714388 0 0 36 919 2041 1 0 95 4 0
1501 0 0 549880 181156 86680 714388 0 0 8 878 2003 1 1 98 1 0
1502 0 0 549880 181236 86696 714396 0 0 1756 1368 2656 1 1 94 4 0
1503 0 0 549880 181204 86696 714412 0 0 68 1082 2281 1 1 97 1 1
1504 0 0 549880 181172 86696 714420 0 0 52 1079 2332 1 1 98 1 0
1505 0 0 549880 181172 86696 714428 0 0 48 1061 2394 1 1 98 0 0
1506 0 0 549880 181268 86696 714428 0 0 28 1847 4692 2 1 97 0 0
1507 0 1 549880 181016 86704 714544 0 0 304 2307 5720 4 1 93 2 0
1508 0 1 545680 1022088 86704 626260 4360 0 156 3188 6052 12 4 70 14 0
1509 0 1 540024 1019500 86704 626260 3532 0 0 1575 2407 1 1 75 24 0
1510 0 0 536628 1016340 86704 626196 2292 0 0 1485 2320 6 1 76 16 0
1511 0 0 536628 1016212 86704 626276 0 0 0 738 1826 1 0 99 0 0
1512 2 1 536628 1017536 86712 626316 0 0 2384 833 2074 1 0 95 4 0
1513 1 0 536628 1009636 86720 626308 0 0 40 999 2020 11 1 87 1 0
1514 0 0 536628 1022156 86720 627076 0 0 768 791 1684 10 1 89 0 0
1515 0 0 536628 1022236 86720 627080 0 0 0 666 1590 0 0 99 0 0
1516 0 0 536628 1022300 86720 627084 0 0 0 720 1690 0 1 99 0 0
1517 0 0 536628 1022016 86724 627092 0 0 104 984 2189 7 1 92 0 0
1518 0 0 536628 1022048 86724 627096 0 0 0 575 1393 0 1 99 0 0
1519 0 0 536628 1022112 86724 627096 0 0 0 1557 4175 2 1 97 0 0
1520 0 0 536628 1022392 86728 627356 0 0 296 3091 9728 7 1 92 0 0
1521 0 0 536628 1022264 86728 627356 0 0 0 712 1643 1 1 99 0 0
1522 0 0 536628 1022336 86736 627348 0 0 1776 1014 2197 1 1 94 4 0
1523 0 0 536628 1022400 86736 627416 0 0 0 724 1750 1 1 99 0 0
1524 0 0 536616 1022424 86736 627420 20 0 0 959 2210 1 2 97 1 0
1525 1 0 536616 1022264 86736 627428 0 0 0 1019 2469 2 1 98 0 0
1526 0 0 536616 1022280 86744 627320 0 0 4896 2716 6086 4 1 81 14 0
1527 0 0 536616 1022236 86744 627324 0 0 0 680 1603 1 1 99 0 0
1528 0 0 536616 1022268 86744 627328 0 0 0 603 1503 1 1 99 0 0
1529 0 0 536616 1022108 86744 627328 0 0 0 620 1551 1 0 99 0 0
1530 0 0 536616 1022140 86744 627328 0 0 0 652 1648 1 0 99 0 0
1531 0 0 536616 1022172 86744 627332 0 0 56 554 1416 1 1 99 0 0
1532 0 0 536616 1022172 86748 627340 0 0 1724 944 2347 1 1 94 5 0
1533 0 0 536616 1022076 86748 627336 0 0 0 1257 3727 1 1 98 0 0
1534 0 0 536616 1022140 86748 627340 0 0 0 626 1599 1 1 99 0 0
1535 0 0 536616 1022188 86748 627344 0 0 0 545 1400 0 1 99 0 0
1536 0 0 536616 1022252 86756 627344 0 0 72 800 1919 1 1 98 0 0
